"As Of Date","CUSIP","Security Type","Security Description","Term","Maturity Date","Issuer","Spread (%)","Coupon (%)","Current Face Value","Par Value","Inflation Compensation","Percent Outstanding","Change From Prior Week","Change From Prior Year","is Aggregated"
"2021-04-21","'3132DWAW3'","MBS","UMBS MORTPASS 2% 01/51","30yr",,,,,"36345929391.02",,,,,,""
"2021-04-21","'3140J8GV9'","MBS","UMBS MORTPASS 3% 07/47","30yr",,,,,"34819585746.84",,,,,,"Y"
"2021-04-21","'31418DV74'","MBS","UMBS MORTPASS 2% 01/51","30yr",,,,,"32984143155.86",,,,,,""
"2021-04-21","'3132DWAN3'","MBS","UMBS MORTPASS 2% 12/50","30yr",,,,,"29381282123.04",,,,,,""
"2021-04-21","'31418DWR9'","MBS","UMBS MORTPASS 2% 02/51","30yr",,,,,"27544825875.23",,,,,,""
"2021-04-21","'3132DWA52'","MBS","UMBS MORTPASS 2% 02/51","30yr",,,,,"25972891085.58",,,,,,""
"2021-04-21","'3132DWBB8'","MBS","UMBS MORTPASS 2% 03/51","30yr",,,,,"25865048074.5",,,,,,""
"2021-04-21","'31418DQH8'","MBS","UMBS MORTPASS 2.5% 06/50","30yr",,,,,"25648767044.1",,,,,,""
"2021-04-21","'3132DWBP7'","MBS","UMBS MORTPASS 2% 05/51","30yr",,,,,"24429616037",,,,,,""
"2021-04-21","'3132DWAF0'","MBS","UMBS MORTPASS 2% 11/50","30yr",,,,,"23360644906.68",,,,,,""
"2021-04-21","'31335BPS9'","MBS","FHLMCGLD 3% 02/47","30yr",,,,,"23305571232.67",,,,,,"Y"
"2021-04-21","'36179VTW0'","MBS","GNMA II 2.5% 09/50","30yr",,,,,"22079311598.05",,,,,,""
"2021-04-21","'3132DV7K5'","MBS","UMBS MORTPASS 2% 10/50","30yr",,,,,"21613841958.27",,,,,,""
"2021-04-21","'31418DVA7'","MBS","UMBS MORTPASS 2% 12/50","30yr",,,,,"21248608351.51",,,,,,""
"2021-04-21","'31418DTQ5'","MBS","UMBS MORTPASS 2% 10/50","30yr",,,,,"20977411426.85",,,,,,""
"2021-04-21","'3132DWBH5'","MBS","UMBS MORTPASS 2% 04/51","30yr",,,,,"20563790245.65",,,,,,""
"2021-04-21","'3138EQK35'","MBS","UMBS MORTPASS 3% 08/43","30yr",,,,,"20216376417.9",,,,,,"Y"
"2021-04-21","'36179VSG6'","MBS","GNMA II 2.5% 08/50","30yr",,,,,"20129265547.45",,,,,,""
"2021-04-21","'3138EQKR2'","MBS","UMBS MORTPASS 3% 07/43","30yr",,,,,"19635324839",,,,,,"Y"
"2021-04-21","'31418DQ88'","MBS","UMBS MORTPASS 2.5% 07/50","30yr",,,,,"19205610673.12",,,,,,""
"2021-04-21","'31418DPD8'","MBS","UMBS MORTPASS 2.5% 05/50","30yr",,,,,"18480276360.3",,,,,,""
"2021-04-21","'36179V7D6'","MBS","GNMA II MORTPASS 2% 02/51","30yr",,,,,"18165396557.57",,,,,,""
"2021-04-21","'3132DV6U4'","MBS","UMBS MORTPASS 2.5% 08/50","30yr",,,,,"17880173286.82",,,,,,""
"2021-04-21","'3138ETKF2'","MBS","UMBS MORTPASS 3% 02/44","30yr",,,,,"17686525989.04",,,,,,"Y"
"2021-04-21","'3132DV5W1'","MBS","UMBS MORTPASS 2.5% 05/50","30yr",,,,,"17622890210.08",,,,,,""
"2021-04-21","'3132DV7A7'","MBS","UMBS MORTPASS 2.5% 07/50","30yr",,,,,"17345172853.55",,,,,,""
"2021-04-21","'36179VMC1'","MBS","GNMA II 2.5% 05/50","30yr",,,,,"16443907028.7",,,,,,""
"2021-04-21","'36179VZQ6'","MBS","GNMA II MORTPASS 2% 12/50","30yr",,,,,"16213404586.87",,,,,,""
"2021-04-21","'36179V4U1'","MBS","GNMA II MORTPASS 2% 01/51","30yr",,,,,"15976438285.6",,,,,,""
"2021-04-21","'31418DYB2'","MBS","UMBS MORTPASS 2% 04/51","30yr",,,,,"14812225927.51",,,,,,""
"2021-04-21","'36179WBX5'","MBS","GNMA II MORTPASS 2% 03/51","30yr",,,,,"14758615103.87",,,,,,""
"2021-04-21","'31418DSJ2'","MBS","UMBS MORTPASS 2.5% 09/50","30yr",,,,,"14592344659.64",,,,,,""
"2021-04-21","'3132DV6C4'","MBS","UMBS MORTPASS 2.5% 06/50","30yr",,,,,"14094571070.82",,,,,,""
"2021-04-21","'31418DXK3'","MBS","UMBS MORTPASS 2% 03/51","30yr",,,,,"13741086814.16",,,,,,""
"2021-04-21","'36179VQS2'","MBS","GNMA II 2.5% 07/50","30yr",,,,,"13646032758.61",,,,,,""
"2021-04-21","'31335BKR6'","MBS","FHLMCGLD 3.5% 06/46","30yr",,,,,"13606513245.59",,,,,,"Y"
"2021-04-21","'36179VN22'","MBS","GNMA II 2.5% 06/50","30yr",,,,,"12854150553.07",,,,,,""
"2021-04-21","'36179VXX3'","MBS","GNMA II MORTPASS 2% 11/50","30yr",,,,,"12802840265.87",,,,,,""
"2021-04-21","'3140J8GW7'","MBS","UMBS MORTPASS 3.5% 10/47","30yr",,,,,"12138921532.58",,,,,,"Y"
"2021-04-21","'31335ASW9'","MBS","FHLMCGLD 3% 10/44","30yr",,,,,"12012029350.93",,,,,,"Y"
"2021-04-21","'31335AST6'","MBS","FHLMCGLD 3% 03/43","30yr",,,,,"11601830745.99",,,,,,"Y"
"2021-04-21","'31418DYX4'","MBS","UMBS MORTPASS 2% 05/51","30yr",,,,,"11402246182",,,,,,""
"2021-04-21","'3132DWBA0'","MBS","UMBS MORTPASS 1.5% 03/51","30yr",,,,,"10772891332.57",,,,,,""
"2021-04-21","'36179VZR4'","MBS","GNMA II 2.5% 12/50","30yr",,,,,"10627596285.33",,,,,,""
"2021-04-21","'3132DWBG7'","MBS","UMBS MORTPASS 1.5% 04/51","30yr",,,,,"10540068970.46",,,,,,""
"2021-04-21","'3132DV7C3'","MBS","UMBS MORTPASS 2.5% 09/50","30yr",,,,,"10532835900.57",,,,,,""
"2021-04-21","'36179WDQ8'","MBS","GNMA II MORTPASS 2% 04/51","30yr",,,,,"10527516680",,,,,,""
"2021-04-21","'31335BQW9'","MBS","FHLMCGLD 3.5% 09/47","30yr",,,,,"10360505413.84",,,,,,"Y"
"2021-04-21","'36179VKL3'","MBS","GNMA II MORTPASS 3% 04/50","30yr",,,,,"10272139744.84",,,,,,""
"2021-04-21","'36179VVY3'","MBS","GNMA II 2.5% 10/50","30yr",,,,,"10270967240.3",,,,,,""
"2021-04-21","'3140J8BU6'","MBS","UMBS MORTPASS 3.5% 12/46","30yr",,,,,"9698078399.81",,,,,,"Y"
"2021-04-21","'31418DSH6'","MBS","UMBS MORTPASS 2% 09/50","30yr",,,,,"9592286226.3",,,,,,""
"2021-04-21","'36179VXY1'","MBS","GNMA II 2.5% 11/50","30yr",,,,,"9332295804.05",,,,,,""
"2021-04-21","'31418DUG5'","MBS","UMBS MORTPASS 2% 11/50","30yr",,,,,"9219569533.99",,,,,,""
"2021-04-21","'3132DV7B5'","MBS","UMBS MORTPASS 2% 09/50","30yr",,,,,"9218227452.25",,,,,,""
"2021-04-21","'3138ETKG0'","MBS","UMBS MORTPASS 3% 01/43","30yr",,,,,"9092915156.85",,,,,,"Y"
"2021-04-21","'36179VKK5'","MBS","GNMA II 2.5% 04/50","30yr",,,,,"9068853962.89",,,,,,""
"2021-04-21","'31335CJN5'","MBS","FHLMCGLD 3.5% 01/48","30yr",,,,,"8970161132.01",,,,,,"Y"
"2021-04-21","'31335ASX7'","MBS","FHLMCGLD 3% 08/43","30yr",,,,,"8655469522.19",,,,,,"Y"
"2021-04-21","'31335BBK1'","MBS","FHLMCGLD 3% 02/46","30yr",,,,,"8648468530.83",,,,,,"Y"
"2021-04-21","'3138ETKK1'","MBS","UMBS MORTPASS 3.5% 01/44","30yr",,,,,"8343980645.31",,,,,,"Y"
"2021-04-21","'3140X5R70'","MBS","UMBS MORTPASS 3.5% 03/49","30yr",,,,,"8209408997.36",,,,,,"Y"
"2021-04-21","'36179VMD9'","MBS","GNMA II MORTPASS 3% 05/50","30yr",,,,,"7876227438.71",,,,,,""
"2021-04-21","'3138ETE44'","MBS","UMBS MORTPASS 3.5% 05/43","30yr",,,,,"7679131200.97",,,,,,"Y"
"2021-04-21","'3132DV7L3'","MBS","UMBS MORTPASS 2.5% 10/50","30yr",,,,,"7429001014.67",,,,,,""
"2021-04-21","'31418DRS3'","MBS","UMBS MORTPASS 2.5% 08/50","30yr",,,,,"7291745245.09",,,,,,""
"2021-04-21","'3138ETP75'","MBS","UMBS MORTPASS 3.5% 12/45","30yr",,,,,"7142028210.5",,,,,,"Y"
"2021-04-21","'3132DV7J8'","MBS","UMBS MORTPASS 2% 08/50","30yr",,,,,"6822284867.71",,,,,,""
"2021-04-21","'3140X5EA7'","MBS","UMBS MORTPASS 4% 02/48","30yr",,,,,"6688360545.18",,,,,,"Y"
"2021-04-21","'31418DSM5'","MBS","UMBS MORTPASS 2% 09/35","15yr",,,,,"6563907283.98",,,,,,""
"2021-04-21","'31418DTR3'","MBS","UMBS MORTPASS 2.5% 10/50","30yr",,,,,"6431065166.95",,,,,,""
"2021-04-21","'31418DPE6'","MBS","UMBS MORTPASS 3% 05/50","30yr",,,,,"6412397085.83",,,,,,""
"2021-04-21","'3140J8BW2'","MBS","UMBS MORTPASS 2.5% 02/32","15yr",,,,,"6174535415.84",,,,,,"Y"
"2021-04-21","'31335CJP0'","MBS","FHLMCGLD 4% 02/48","30yr",,,,,"5811957245.43",,,,,,"Y"
"2021-04-21","'3138ETP26'","MBS","UMBS MORTPASS 3.5% 09/45","30yr",,,,,"5701231148.31",,,,,,"Y"
"2021-04-21","'3132DWAV5'","MBS","UMBS MORTPASS 1.5% 01/51","30yr",,,,,"5685497934.24",,,,,,""
"2021-04-21","'36179VFP0'","MBS","GNMA II MORTPASS 3% 02/50","30yr",,,,,"5595104742.79",,,,,,""
"2021-04-21","'36179VVX5'","MBS","GNMA II MORTPASS 2% 10/50","30yr",,,,,"5509965644.75",,,,,,""
"2021-04-21","'36179VHS2'","MBS","GNMA II MORTPASS 3% 03/50","30yr",,,,,"5494823407.4",,,,,,""
"2021-04-21","'31418DVC3'","MBS","UMBS MORTPASS 2.5% 12/50","30yr",,,,,"5476533865.95",,,,,,""
"2021-04-21","'3132DWBN2'","MBS","UMBS MORTPASS 1.5% 05/51","30yr",,,,,"5408049522",,,,,,""
"2021-04-21","'3132D55W8'","MBS","UMBS MORTPASS 2% 09/35","15yr",,,,,"5223900635.87",,,,,,""
"2021-04-21","'3138ETKL9'","MBS","UMBS MORTPASS 4% 03/44","30yr",,,,,"5221674858.23",,,,,,"Y"
"2021-04-21","'36179V4V9'","MBS","GNMA II 2.5% 01/51","30yr",,,,,"5203614490.68",,,,,,""
"2021-04-21","'3138ETE51'","MBS","UMBS MORTPASS 3.5% 06/43","30yr",,,,,"5110227353.3",,,,,,"Y"
"2021-04-21","'3132D56U1'","MBS","UMBS MORTPASS 1.5% 01/36","15yr",,,,,"5095012909",,,,,,""
"2021-04-21","'31418DTM4'","MBS","UMBS MORTPASS 2% 10/35","15yr",,,,,"5091678563.19",,,,,,""
"2021-04-21","'36179SLR6'","MBS","GNMA II MORTPASS 3% 09/46","30yr",,,,,"5083194846.05",,,,,,""
"2021-04-21","'3132DWAM5'","MBS","UMBS MORTPASS 1.5% 12/50","30yr",,,,,"5058985288.38",,,,,,""
"2021-04-21","'31418DQ70'","MBS","UMBS MORTPASS 2% 07/50","30yr",,,,,"4999883583.61",,,,,,""
"2021-04-21","'3138ETKH8'","MBS","UMBS MORTPASS 3.5% 01/43","30yr",,,,,"4984200262.84",,,,,,"Y"
"2021-04-21","'31418DNH1'","MBS","UMBS MORTPASS 3% 04/50","30yr",,,,,"4928050682.9",,,,,,""
"2021-04-21","'3132DV5D3'","MBS","UMBS MORTPASS 3% 02/50","30yr",,,,,"4895735846.51",,,,,,""
"2021-04-21","'31418DUH3'","MBS","UMBS MORTPASS 2.5% 11/50","30yr",,,,,"4779519742.28",,,,,,""
"2021-04-21","'3132D56P2'","MBS","UMBS MORTPASS 1.5% 12/35","15yr",,,,,"4773441066.72",,,,,,""
"2021-04-21","'3140X5KQ5'","MBS","UMBS MORTPASS 3% 06/33","15yr",,,,,"4669631573.55",,,,,,"Y"
"2021-04-21","'31418DUD2'","MBS","UMBS MORTPASS 2% 11/35","15yr",,,,,"4635832214.77",,,,,,""
"2021-04-21","'31418DXJ6'","MBS","UMBS MORTPASS 1.5% 03/51","30yr",,,,,"4566239342.68",,,,,,""
"2021-04-21","'31418DVB5'","MBS","UMBS MORTPASS 1.5% 12/50","30yr",,,,,"4480088904.19",,,,,,""
"2021-04-21","'3132D56E7'","MBS","UMBS MORTPASS 2% 10/35","15yr",,,,,"4479064475.18",,,,,,""
"2021-04-21","'3138ETP34'","MBS","UMBS MORTPASS 3.5% 07/45","30yr",,,,,"4444790710.51",,,,,,"Y"
"2021-04-21","'31418DYA4'","MBS","UMBS MORTPASS 1.5% 04/51","30yr",,,,,"4390041918.33",,,,,,""
"2021-04-21","'31335ASY5'","MBS","FHLMCGLD 3.5% 12/43","30yr",,,,,"4377216020.45",,,,,,"Y"
"2021-04-21","'31335AT65'","MBS","FHLMCGLD 3% 01/43","30yr",,,,,"4347754451.99",,,,,,"Y"
"2021-04-21","'3138ETP83'","MBS","UMBS MORTPASS 3% 01/46","30yr",,,,,"4253498701.36",,,,,,"Y"
"2021-04-21","'3138ETK54'","MBS","UMBS MORTPASS 4% 06/44","30yr",,,,,"4238630672.26",,,,,,"Y"
"2021-04-21","'3138ETK39'","MBS","UMBS MORTPASS 3.5% 05/45","30yr",,,,,"4237299194.19",,,,,,"Y"
"2021-04-21","'31418DMJ8'","MBS","UMBS MORTPASS 3% 03/50","30yr",,,,,"4221996248.21",,,,,,""
"2021-04-21","'3138ETKM7'","MBS","UMBS MORTPASS 4% 09/44","30yr",,,,,"4177113829",,,,,,"Y"
"2021-04-21","'3138ETK88'","MBS","UMBS MORTPASS 4% 04/44","30yr",,,,,"4118520304.3",,,,,,"Y"
"2021-04-21","'3622AAEY6'","MBS","GNMA I MORTPASS 3% 08/43","30yr",,,,,"4112290646.75",,,,,,"Y"
"2021-04-21","'31418DNG3'","MBS","UMBS MORTPASS 2.5% 04/50","30yr",,,,,"4088282825.43",,,,,,""
"2021-04-21","'3132DWA45'","MBS","UMBS MORTPASS 1.5% 02/51","30yr",,,,,"4027962752.15",,,,,,""
"2021-04-21","'3138EQWB4'","MBS","UMBS MORTPASS 4% 06/42","30yr",,,,,"4027399060.86",,,,,,"Y"
"2021-04-21","'3132D55S7'","MBS","UMBS MORTPASS 2% 08/35","15yr",,,,,"4014775799.96",,,,,,""
"2021-04-21","'3132DV5X9'","MBS","UMBS MORTPASS 3% 05/50","30yr",,,,,"4005514030.93",,,,,,""
"2021-04-21","'31418DP48'","MBS","UMBS MORTPASS 2% 06/35","15yr",,,,,"3994117740.49",,,,,,""
"2021-04-21","'31418DJR4'","MBS","UMBS MORTPASS 3% 12/49","30yr",,,,,"3959788030.86",,,,,,""
"2021-04-21","'3132DV6Q3'","MBS","UMBS MORTPASS 2% 07/50","30yr",,,,,"3927004849.62",,,,,,""
"2021-04-21","'3138ETQA7'","MBS","UMBS MORTPASS 3% 05/45","30yr",,,,,"3889763909.86",,,,,,"Y"
"2021-04-21","'3132DWAD5'","MBS","UMBS MORTPASS 1.5% 11/50","30yr",,,,,"3863534057.85",,,,,,""
"2021-04-21","'36179U4B5'","MBS","GNMA II MORTPASS 3% 10/49","30yr",,,,,"3820489784.8",,,,,,""
"2021-04-21","'3132DWAP8'","MBS","UMBS MORTPASS 2.5% 12/50","30yr",,,,,"3816660456.17",,,,,,""
"2021-04-21","'31418DRR5'","MBS","UMBS MORTPASS 2% 08/35","15yr",,,,,"3768641455.67",,,,,,""
"2021-04-21","'31335AVP0'","MBS","FHLMCGLD 3.5% 09/45","30yr",,,,,"3739472021.08",,,,,,"Y"
"2021-04-21","'3132D55M0'","MBS","UMBS MORTPASS 2% 07/35","15yr",,,,,"3722395223.94",,,,,,""
"2021-04-21","'31335ARV2'","MBS","FHLMCGLD 3.5% 01/44","30yr",,,,,"3710887904.55",,,,,,"Y"
"2021-04-21","'3128MF2M9'","MBS","FHLMCGLD 3% 01/33","15yr",,,,,"3697527674.6",,,,,,"Y"
"2021-04-21","'31418DKT8'","MBS","UMBS MORTPASS 3% 01/50","30yr",,,,,"3696664964.84",,,,,,""
"2021-04-21","'36179M2P4'","MBS","GNMA II MORTPASS 3% 02/43","30yr",,,,,"3693111136.17",,,,,,""
"2021-04-21","'31418DY22'","MBS","UMBS MORTPASS 1.5% 05/36","15yr",,,,,"3677455035",,,,,,""
"2021-04-21","'3132DV4P7'","MBS","UMBS MORTPASS 3% 12/49","30yr",,,,,"3633933012.1",,,,,,""
"2021-04-21","'31418DU75'","MBS","UMBS MORTPASS 1.5% 12/35","15yr",,,,,"3632735666.94",,,,,,""
"2021-04-21","'3132D6AB6'","MBS","UMBS MORTPASS 1.5% 05/36","15yr",,,,,"3630639762",,,,,,""
"2021-04-21","'3140J57J2'","MBS","UMBS MORTPASS 4% 02/47","30yr",,,,,"3599830474.69",,,,,,"Y"
"2021-04-21","'3128MFMB1'","MBS","FHLMCGLD 2.5% 02/32","15yr",,,,,"3572494502.49",,,,,,"Y"
"2021-04-21","'3138EQE65'","MBS","UMBS MORTPASS 4.5% 08/40","30yr",,,,,"3558430723.2",,,,,,"Y"
"2021-04-21","'3132D56J6'","MBS","UMBS MORTPASS 1.5% 11/35","15yr",,,,,"3547813239.16",,,,,,""
"2021-04-21","'36179SJS7'","MBS","GNMA II MORTPASS 3% 08/46","30yr",,,,,"3535627595.7",,,,,,""
"2021-04-21","'3138ETKJ4'","MBS","UMBS MORTPASS 3.5% 04/45","30yr",,,,,"3522756506.28",,,,,,"Y"
"2021-04-21","'31418DLT7'","MBS","UMBS MORTPASS 3% 02/50","30yr",,,,,"3473214700.07",,,,,,""
"2021-04-21","'3138EQ7C0'","MBS","UMBS MORTPASS 3.5% 05/43","30yr",,,,,"3451571637.95",,,,,,"Y"
"2021-04-21","'31418DQ47'","MBS","UMBS MORTPASS 2% 07/35","15yr",,,,,"3433325687.59",,,,,,""
"2021-04-21","'3138EQGA4'","MBS","UMBS MORTPASS 4.5% 09/42","30yr",,,,,"3425641333.65",,,,,,"Y"
"2021-04-21","'3132DWAG8'","MBS","UMBS MORTPASS 2.5% 11/50","30yr",,,,,"3422685339.09",,,,,,""
"2021-04-21","'3132D56K3'","MBS","UMBS MORTPASS 2% 11/35","15yr",,,,,"3369592217.49",,,,,,""
"2021-04-21","'36179SSP3'","MBS","GNMA II MORTPASS 3% 12/46","30yr",,,,,"3369191834.27",,,,,,""
"2021-04-21","'3132DV5K7'","MBS","UMBS MORTPASS 3% 03/50","30yr",,,,,"3351133195.11",,,,,,""
"2021-04-21","'36179VTV2'","MBS","GNMA II MORTPASS 2% 09/50","30yr",,,,,"3310008576.47",,,,,,""
"2021-04-21","'3138ETK21'","MBS","UMBS MORTPASS 4% 02/45","30yr",,,,,"3309883814.13",,,,,,"Y"
"2021-04-21","'3138ETK47'","MBS","UMBS MORTPASS 2.5% 03/29","15yr",,,,,"3278578339.36",,,,,,"Y"
"2021-04-21","'36179UXS6'","MBS","GNMA II MORTPASS 3% 08/49","30yr",,,,,"3263534347.74",,,,,,""
"2021-04-21","'36179VBF6'","MBS","GNMA II MORTPASS 3% 12/49","30yr",,,,,"3223334611.16",,,,,,""
"2021-04-21","'36179UZT2'","MBS","GNMA II 3.5% 09/49","30yr",,,,,"3201605467.56",,,,,,""
"2021-04-21","'3138ETKZ8'","MBS","UMBS MORTPASS 2.5% 02/28","15yr",,,,,"3190878653.25",,,,,,"Y"
"2021-04-21","'31418DV82'","MBS","UMBS MORTPASS 2.5% 01/51","30yr",,,,,"3180824707.37",,,,,,""
"2021-04-21","'36179TCX1'","MBS","GNMA II 3.5% 07/47","30yr",,,,,"3165276770.61",,,,,,""
"2021-04-21","'3138EQE57'","MBS","UMBS MORTPASS 4% 06/42","30yr",,,,,"3164574329.83",,,,,,"Y"
"2021-04-21","'3140X6Y39'","MBS","UMBS MORTPASS 2.5% 06/50","30yr",,,,,"3161339454.97",,,,,,""
"2021-04-21","'31335AT57'","MBS","FHLMCGLD 4% 05/45","30yr",,,,,"3139380981.55",,,,,,"Y"
"2021-04-21","'31418DU83'","MBS","UMBS MORTPASS 2% 12/35","15yr",,,,,"3121770474.63",,,,,,""
"2021-04-21","'3140X5D91'","MBS","UMBS MORTPASS 4% 06/47","30yr",,,,,"3104636204.64",,,,,,"Y"
"2021-04-21","'3140X5D83'","MBS","UMBS MORTPASS 3.5% 04/44","30yr",,,,,"3091299343.95",,,,,,"Y"
"2021-04-21","'3132DV5R2'","MBS","UMBS MORTPASS 3% 04/50","30yr",,,,,"3028362394.91",,,,,,""
"2021-04-21","'31335AT40'","MBS","FHLMCGLD 4% 05/44","30yr",,,,,"2986020880.93",,,,,,"Y"
"2021-04-21","'3132D55H1'","MBS","UMBS MORTPASS 2% 06/35","15yr",,,,,"2943431497.54",,,,,,""
"2021-04-21","'31418DKQ4'","MBS","UMBS MORTPASS 2.5% 01/50","30yr",,,,,"2931898809.7",,,,,,""
"2021-04-21","'3140J52N8'","MBS","UMBS MORTPASS 3% 09/31","15yr",,,,,"2924838401.39",,,,,,"Y"
"2021-04-21","'3138ETP42'","MBS","UMBS MORTPASS 3.5% 09/43","30yr",,,,,"2907388384.42",,,,,,"Y"
"2021-04-21","'3140J5G29'","MBS","UMBS MORTPASS 3% 03/46","30yr",,,,,"2892556622.08",,,,,,"Y"
"2021-04-21","'3132DV3Z6'","MBS","UMBS MORTPASS 3% 10/49","30yr",,,,,"2850770101.18",,,,,,""
"2021-04-21","'3132D56V9'","MBS","UMBS MORTPASS 2% 01/36","15yr",,,,,"2813840032.78",,,,,,""
"2021-04-21","'31418DFQ0'","MBS","UMBS MORTPASS 3% 09/49","30yr",,,,,"2811146282.64",,,,,,""
"2021-04-21","'31335AVQ8'","MBS","FHLMCGLD 4% 12/44","30yr",,,,,"2805730469.97",,,,,,"Y"
"2021-04-21","'3132D56Q0'","MBS","UMBS MORTPASS 2% 12/35","15yr",,,,,"2801260742.54",,,,,,""
"2021-04-21","'36179VN30'","MBS","GNMA II MORTPASS 3% 06/50","30yr",,,,,"2797185354.48",,,,,,""
"2021-04-21","'31418DRW4'","MBS","UMBS MORTPASS 2% 08/50","30yr",,,,,"2793882154.52",,,,,,""
"2021-04-21","'36179U4C3'","MBS","GNMA II 3.5% 10/49","30yr",,,,,"2787389208.15",,,,,,""
"2021-04-21","'31418DN65'","MBS","UMBS MORTPASS 2% 05/35","15yr",,,,,"2770391352.34",,,,,,""
"2021-04-21","'3132DWAX1'","MBS","UMBS MORTPASS 2.5% 01/51","30yr",,,,,"2756744844.43",,,,,,""
"2021-04-21","'36179VDN7'","MBS","GNMA II MORTPASS 3% 01/50","30yr",,,,,"2745944379.07",,,,,,""
"2021-04-21","'3138ETK62'","MBS","UMBS MORTPASS 2.5% 01/28","15yr",,,,,"2736337146.32",,,,,,"Y"
"2021-04-21","'31418DGL0'","MBS","UMBS MORTPASS 3% 10/49","30yr",,,,,"2714876093.71",,,,,,""
"2021-04-21","'36179NF60'","MBS","GNMA II MORTPASS 3% 06/43","30yr",,,,,"2713824895.39",,,,,,""
"2021-04-21","'31335AVT2'","MBS","FHLMCGLD 3.5% 02/45","30yr",,,,,"2707499782.92",,,,,,"Y"
"2021-04-21","'36179MX39'","MBS","GNMA II MORTPASS 3% 01/43","30yr",,,,,"2704749832.3",,,,,,""
"2021-04-21","'31418DVW9'","MBS","UMBS MORTPASS 1.5% 01/36","15yr",,,,,"2699112024.97",,,,,,""
"2021-04-21","'31418DVX7'","MBS","UMBS MORTPASS 2% 01/36","15yr",,,,,"2681684529.45",,,,,,""
"2021-04-21","'3132D56Z0'","MBS","UMBS MORTPASS 1.5% 02/36","15yr",,,,,"2665638154.49",,,,,,""
"2021-04-21","'3132D55D0'","MBS","UMBS MORTPASS 2% 05/35","15yr",,,,,"2650525262.52",,,,,,""
"2021-04-21","'3140X6C58'","MBS","UMBS MORTPASS 2.5% 04/50","30yr",,,,,"2632397236.53",,,,,,""
"2021-04-21","'36179M5L0'","MBS","GNMA II MORTPASS 3% 03/43","30yr",,,,,"2631369505.07",,,,,,""
"2021-04-21","'3622AADG6'","MBS","GNMA I 3.5% 10/43","30yr",,,,,"2624767879.84",,,,,,"Y"
"2021-04-21","'36179SEG8'","MBS","GNMA II MORTPASS 3% 06/46","30yr",,,,,"2613691839.22",,,,,,""
"2021-04-21","'31335ASU3'","MBS","FHLMCGLD 3.5% 10/43","30yr",,,,,"2612118149.03",,,,,,"Y"
"2021-04-21","'3132D57D8'","MBS","UMBS MORTPASS 1.5% 03/36","15yr",,,,,"2605702353.87",,,,,,""
"2021-04-21","'3138ETRH1'","MBS","UMBS MORTPASS 2.5% 10/28","15yr",,,,,"2596829327.53",,,,,,"Y"
"2021-04-21","'31335ASZ2'","MBS","FHLMCGLD 4% 04/44","30yr",,,,,"2533963918.04",,,,,,"Y"
"2021-04-21","'3138ETRD0'","MBS","UMBS MORTPASS 3% 10/44","30yr",,,,,"2531567398.97",,,,,,"Y"
"2021-04-21","'31418DX80'","MBS","UMBS MORTPASS 1.5% 04/36","15yr",,,,,"2522744590.44",,,,,,""
"2021-04-21","'36179UXT4'","MBS","GNMA II 3.5% 08/49","30yr",,,,,"2516427940.94",,,,,,""
"2021-04-21","'36179SGK7'","MBS","GNMA II MORTPASS 3% 07/46","30yr",,,,,"2498155399.46",,,,,,""
"2021-04-21","'36179U6V9'","MBS","GNMA II 3.5% 11/49","30yr",,,,,"2478387325.64",,,,,,""
"2021-04-21","'31335APU6'","MBS","FHLMCGLD 3.5% 08/43","30yr",,,,,"2476781303.11",,,,,,"Y"
"2021-04-21","'3140X5SA2'","MBS","UMBS MORTPASS 4% 01/49","30yr",,,,,"2440565738.95",,,,,,"Y"
"2021-04-21","'36179UZS4'","MBS","GNMA II MORTPASS 3% 09/49","30yr",,,,,"2434622418.78",,,,,,""
"2021-04-21","'36179VHR4'","MBS","GNMA II 2.5% 03/50","30yr",,,,,"2398825642.23",,,,,,""
"2021-04-21","'36179MVR8'","MBS","GNMA II MORTPASS 3% 12/42","30yr",,,,,"2386784310.95",,,,,,""
"2021-04-21","'3128MFDA3'","MBS","FHLMCGLD 2.5% 02/31","15yr",,,,,"2367461852.39",,,,,,"Y"
"2021-04-21","'31335CJY1'","MBS","FHLMCGLD 4% 02/49","30yr",,,,,"2362999186.58",,,,,,"Y"
"2021-04-21","'31335BKE5'","MBS","FHLMCGLD 4% 08/46","30yr",,,,,"2354950913.94",,,,,,"Y"
"2021-04-21","'3138ETAD8'","MBS","UMBS MORTPASS 4% 02/43","30yr",,,,,"2342885693.63",,,,,,"Y"
"2021-04-21","'3132D57J5'","MBS","UMBS MORTPASS 1.5% 04/36","15yr",,,,,"2320837780.47",,,,,,""
"2021-04-21","'3132D57K2'","MBS","UMBS MORTPASS 2% 04/36","15yr",,,,,"2312716241.43",,,,,,""
"2021-04-21","'36179VDM9'","MBS","GNMA II 2.5% 01/50","30yr",,,,,"2300517060.91",,,,,,""
"2021-04-21","'31418DHK1'","MBS","UMBS MORTPASS 2.5% 11/49","30yr",,,,,"2267381900.94",,,,,,""
"2021-04-21","'36179RLP2'","MBS","GNMA II 3.5% 08/45","30yr",,,,,"2265437678.82",,,,,,""
"2021-04-21","'3128MFGD4'","MBS","FHLMCGLD 3% 05/31","15yr",,,,,"2247807031.98",,,,,,"Y"
"2021-04-21","'3128MEVK4'","MBS","FHLMCGLD 2.5% 07/29","15yr",,,,,"2242055236.83",,,,,,"Y"
"2021-04-21","'3138EQRP9'","MBS","UMBS MORTPASS 4% 06/43","30yr",,,,,"2240944622.3",,,,,,"Y"
"2021-04-21","'3132D57A4'","MBS","UMBS MORTPASS 2% 02/36","15yr",,,,,"2229508941.04",,,,,,""
"2021-04-21","'36179SB71'","MBS","GNMA II MORTPASS 3% 05/46","30yr",,,,,"2207243179.2",,,,,,""
"2021-04-21","'3132DV4V4'","MBS","UMBS MORTPASS 3% 01/50","30yr",,,,,"2184503149.34",,,,,,""
"2021-04-21","'3132DV4G7'","MBS","UMBS MORTPASS 2.5% 11/49","30yr",,,,,"2142054500.71",,,,,,""
"2021-04-21","'36179U6U1'","MBS","GNMA II MORTPASS 3% 11/49","30yr",,,,,"2131876737.16",,,,,,""
"2021-04-21","'3128MEVJ7'","MBS","FHLMCGLD 2.5% 11/28","15yr",,,,,"2128728487.37",,,,,,"Y"
"2021-04-21","'3622AAD92'","MBS","GNMA I 4.5% 01/40","30yr",,,,,"2120303415.25",,,,,,"Y"
"2021-04-21","'31335BSB3'","MBS","FHLMCGLD 4% 02/47","30yr",,,,,"2082481605.52",,,,,,"Y"
"2021-04-21","'31335AL89'","MBS","FHLMCGLD 3.5% 10/42","30yr",,,,,"2062574667.24",,,,,,"Y"
"2021-04-21","'31335ASV1'","MBS","FHLMCGLD 4% 12/43","30yr",,,,,"2057999630.59",,,,,,"Y"
"2021-04-21","'36179SNU7'","MBS","GNMA II MORTPASS 3% 10/46","30yr",,,,,"2055225231.4",,,,,,""
"2021-04-21","'3140J6GK7'","MBS","UMBS MORTPASS 3.5% 12/46","30yr",,,,,"2054757054.84",,,,,,""
"2021-04-21","'3138ETP59'","MBS","UMBS MORTPASS 4% 03/45","30yr",,,,,"1999290246.26",,,,,,"Y"
"2021-04-21","'3140X7B73'","MBS","UMBS MORTPASS 2.5% 07/50","30yr",,,,,"1967055638.68",,,,,,""
"2021-04-21","'36179UXU1'","MBS","GNMA II MORTPASS 4% 08/49","30yr",,,,,"1956159425.86",,,,,,""
"2021-04-21","'36179MSW1'","MBS","GNMA II MORTPASS 3% 11/42","30yr",,,,,"1948399965.42",,,,,,""
"2021-04-21","'3138ETRJ7'","MBS","UMBS MORTPASS 2.5% 03/29","15yr",,,,,"1943274529.25",,,,,,"Y"
"2021-04-21","'31418DXG2'","MBS","UMBS MORTPASS 1.5% 03/36","15yr",,,,,"1912922374.48",,,,,,""
"2021-04-21","'36179S5L7'","MBS","GNMA II 3.5% 05/47","30yr",,,,,"1911646736.8",,,,,,""
"2021-04-21","'31418DQF2'","MBS","UMBS MORTPASS 2.5% 06/35","15yr",,,,,"1900226944.72",,,,,,""
"2021-04-21","'3132D56D9'","MBS","UMBS MORTPASS 1.5% 10/35","15yr",,,,,"1894050366.95",,,,,,""
"2021-04-21","'36179TEZ4'","MBS","GNMA II 3.5% 08/47","30yr",,,,,"1893322101",,,,,,""
"2021-04-21","'36179SLS4'","MBS","GNMA II 3.5% 09/46","30yr",,,,,"1887282280.51",,,,,,""
"2021-04-21","'3128MEY39'","MBS","FHLMCGLD 2.5% 11/28","15yr",,,,,"1879600745.95",,,,,,"Y"
"2021-04-21","'36179RF87'","MBS","GNMA II MORTPASS 3% 06/45","30yr",,,,,"1859843461.47",,,,,,""
"2021-04-21","'3138EQ2N1'","MBS","UMBS MORTPASS 2.5% 03/43","30yr",,,,,"1859572223.85",,,,,,"Y"
"2021-04-21","'36179NDQ8'","MBS","GNMA II MORTPASS 3% 05/43","30yr",,,,,"1858031232.07",,,,,,""
"2021-04-21","'36179VFN5'","MBS","GNMA II 2.5% 02/50","30yr",,,,,"1854321730.43",,,,,,""
"2021-04-21","'3138EQF98'","MBS","UMBS MORTPASS 4% 01/41","30yr",,,,,"1835707868.62",,,,,,"Y"
"2021-04-21","'36179TAK1'","MBS","GNMA II 3.5% 06/47","30yr",,,,,"1829998838.54",,,,,,""
"2021-04-21","'36179SGL5'","MBS","GNMA II 3.5% 07/46","30yr",,,,,"1818788598.68",,,,,,""
"2021-04-21","'31418DET5'","MBS","UMBS MORTPASS 3.5% 08/49","30yr",,,,,"1815268534.68",,,,,,""
"2021-04-21","'36179RNW5'","MBS","GNMA II 3.5% 09/45","30yr",,,,,"1806158861.29",,,,,,""
"2021-04-21","'3138EQGC0'","MBS","UMBS MORTPASS 4.5% 01/41","30yr",,,,,"1800684309.7",,,,,,"Y"
"2021-04-21","'36179VSF8'","MBS","GNMA II MORTPASS 2% 08/50","30yr",,,,,"1793959875.01",,,,,,""
"2021-04-21","'3132DV5Q4'","MBS","UMBS MORTPASS 2.5% 04/50","30yr",,,,,"1793059905.84",,,,,,""
"2021-04-21","'36179UV90'","MBS","GNMA II MORTPASS 4% 07/49","30yr",,,,,"1787984967.49",,,,,,""
"2021-04-21","'31418DWX6'","MBS","UMBS MORTPASS 2% 02/36","15yr",,,,,"1762780768.03",,,,,,""
"2021-04-21","'31418DFR8'","MBS","UMBS MORTPASS 3.5% 09/49","30yr",,,,,"1759162675.31",,,,,,""
"2021-04-21","'36179NBA5'","MBS","GNMA II MORTPASS 3% 04/43","30yr",,,,,"1752939618.73",,,,,,""
"2021-04-21","'3132DV3T0'","MBS","UMBS MORTPASS 3% 09/49","30yr",,,,,"1747639176.72",,,,,,""
"2021-04-21","'3138ETRF5'","MBS","UMBS MORTPASS 3.5% 10/45","30yr",,,,,"1740576203.38",,,,,,"Y"
"2021-04-21","'36179VBE9'","MBS","GNMA II 2.5% 12/49","30yr",,,,,"1730397495.12",,,,,,""
"2021-04-21","'36179RJE0'","MBS","GNMA II 3.5% 07/45","30yr",,,,,"1727321383.87",,,,,,""
"2021-04-21","'3140X4LU8'","MBS","UMBS MORTPASS 4% 03/49","30yr",,,,,"1726554747.92",,,,,,""
"2021-04-21","'3138ETK70'","MBS","UMBS MORTPASS 3.5% 08/44","30yr",,,,,"1721619809.47",,,,,,"Y"
"2021-04-21","'36179RBX6'","MBS","GNMA II 3.5% 04/45","30yr",,,,,"1711198965.22",,,,,,""
"2021-04-21","'31418DV66'","MBS","UMBS MORTPASS 1.5% 01/51","30yr",,,,,"1706266059.36",,,,,,""
"2021-04-21","'3138EQV90'","MBS","UMBS MORTPASS 4% 09/42","30yr",,,,,"1698021614.68",,,,,,"Y"
"2021-04-21","'36179SNV5'","MBS","GNMA II 3.5% 10/46","30yr",,,,,"1692553285.24",,,,,,""
"2021-04-21","'36179RXD6'","MBS","GNMA II 3.5% 01/46","30yr",,,,,"1691818143.04",,,,,,""
"2021-04-21","'31335AT24'","MBS","FHLMCGLD 3.5% 10/43","30yr",,,,,"1685850612.92",,,,,,"Y"
"2021-04-21","'3140X6NU1'","MBS","UMBS MORTPASS 4% 09/49","30yr",,,,,"1682037712.36",,,,,,""
"2021-04-21","'31418DP97'","MBS","UMBS MORTPASS 2% 06/50","30yr",,,,,"1677353073.35",,,,,,""
"2021-04-21","'3138ETRL2'","MBS","UMBS MORTPASS 3% 07/29","15yr",,,,,"1668120262.64",,,,,,"Y"
"2021-04-21","'3138EQQ62'","MBS","UMBS MORTPASS 4.5% 01/42","30yr",,,,,"1660994364.49",,,,,,"Y"
"2021-04-21","'36179RZT9'","MBS","GNMA II 3.5% 02/46","30yr",,,,,"1659055057.1",,,,,,""
"2021-04-21","'3140X5R88'","MBS","UMBS MORTPASS 3% 01/48","30yr",,,,,"1654581575.85",,,,,,"Y"
"2021-04-21","'36179SUU9'","MBS","GNMA II MORTPASS 3% 01/47","30yr",,,,,"1649176157.65",,,,,,""
"2021-04-21","'36179S2P1'","MBS","GNMA II 3.5% 04/47","30yr",,,,,"1634443559.92",,,,,,""
"2021-04-21","'36179Q6P1'","MBS","GNMA II 3.5% 03/45","30yr",,,,,"1611938112.45",,,,,,""
"2021-04-21","'3138EQE40'","MBS","UMBS MORTPASS 4.5% 11/42","30yr",,,,,"1554531518.36",,,,,,"Y"
"2021-04-21","'3132DV6D2'","MBS","UMBS MORTPASS 3% 06/50","30yr",,,,,"1551647136.08",,,,,,""
"2021-04-21","'3138EQ7B2'","MBS","UMBS MORTPASS 4% 04/43","30yr",,,,,"1547643136.32",,,,,,"Y"
"2021-04-21","'31418DHL9'","MBS","UMBS MORTPASS 3% 11/49","30yr",,,,,"1547386731.33",,,,,,""
"2021-04-21","'36179QT43'","MBS","GNMA II 3.5% 11/44","30yr",,,,,"1528308322.21",,,,,,""
"2021-04-21","'36179MAX8'","MBS","GNMA II 3.5% 04/42","30yr",,,,,"1526428280.82",,,,,,""
"2021-04-21","'3132DV5C5'","MBS","UMBS MORTPASS 2.5% 02/50","30yr",,,,,"1511009043.14",,,,,,""
"2021-04-21","'36179RF95'","MBS","GNMA II 3.5% 06/45","30yr",,,,,"1495699288.45",,,,,,""
"2021-04-21","'3140QDGX6'","MBS","UMBS MORTPASS 3% 04/50","30yr",,,,,"1495374788.71",,,,,,""
"2021-04-21","'36179RD71'","MBS","GNMA II 3.5% 05/45","30yr",,,,,"1495313147.34",,,,,,""
"2021-04-21","'3128M8WR1'","MBS","FHLMCGLD 4.5% 11/39","30yr",,,,,"1486231928.66",,,,,,"Y"
"2021-04-21","'36179NLD8'","MBS","GNMA II 3.5% 08/43","30yr",,,,,"1485607296.37",,,,,,""
"2021-04-21","'36179U4A7'","MBS","GNMA II 2.5% 10/49","30yr",,,,,"1465233657.36",,,,,,""
"2021-04-21","'31418DLS9'","MBS","UMBS MORTPASS 2.5% 02/50","30yr",,,,,"1461285054.35",,,,,,""
"2021-04-21","'36179RJD2'","MBS","GNMA II MORTPASS 3% 07/45","30yr",,,,,"1460173305.54",,,,,,""
"2021-04-21","'36179UZU9'","MBS","GNMA II MORTPASS 4% 09/49","30yr",,,,,"1449588499.22",,,,,,""
"2021-04-21","'3138EQWA6'","MBS","UMBS MORTPASS 3.5% 10/41","30yr",,,,,"1446239273.05",,,,,,"Y"
"2021-04-21","'36179SQW0'","MBS","GNMA II 3.5% 11/46","30yr",,,,,"1446120484.27",,,,,,""
"2021-04-21","'3132D57E6'","MBS","UMBS MORTPASS 2% 03/36","15yr",,,,,"1443823880.67",,,,,,""
"2021-04-21","'3132DV4N2'","MBS","UMBS MORTPASS 2.5% 12/49","30yr",,,,,"1422898131.21",,,,,,""
"2021-04-21","'3138ETRM0'","MBS","UMBS MORTPASS 2.5% 09/30","15yr",,,,,"1422725045.26",,,,,,"Y"
"2021-04-21","'36179NH92'","MBS","GNMA II MORTPASS 3% 07/43","30yr",,,,,"1422464087.61",,,,,,""
"2021-04-21","'3140X47A8'","MBS","UMBS MORTPASS 4% 09/49","30yr",,,,,"1405477661.64",,,,,,""
"2021-04-21","'3138ETUY0'","MBS","UMBS MORTPASS 3% 01/43","30yr",,,,,"1394364006.62",,,,,,"Y"
"2021-04-21","'3138ETRK4'","MBS","UMBS MORTPASS 2.5% 09/27","15yr",,,,,"1392401640.79",,,,,,"Y"
"2021-04-21","'31335CJU9'","MBS","FHLMCGLD 3.5% 01/44","30yr",,,,,"1385701706.51",,,,,,"Y"
"2021-04-21","'3138ETRE8'","MBS","UMBS MORTPASS 3.5% 10/43","30yr",,,,,"1385180540.9",,,,,,"Y"
"2021-04-21","'36179SQV2'","MBS","GNMA II MORTPASS 3% 11/46","30yr",,,,,"1382831469.42",,,,,,""
"2021-04-21","'3132DV4W2'","MBS","UMBS MORTPASS 2.5% 01/50","30yr",,,,,"1377402397.55",,,,,,""
"2021-04-21","'36179QYS4'","MBS","GNMA II 3.5% 01/45","30yr",,,,,"1366967680.14",,,,,,""
"2021-04-21","'3138ETU38'","MBS","UMBS MORTPASS 3% 10/29","15yr",,,,,"1364457983.82",,,,,,"Y"
"2021-04-21","'31418DUC4'","MBS","UMBS MORTPASS 1.5% 11/35","15yr",,,,,"1364175833.45",,,,,,""
"2021-04-21","'31418DQ54'","MBS","UMBS MORTPASS 2.5% 07/35","15yr",,,,,"1343149035.5",,,,,,""
"2021-04-21","'3140X5JR5'","MBS","UMBS MORTPASS 3.5% 03/44","30yr",,,,,"1331851872.72",,,,,,"Y"
"2021-04-21","'31418DWW8'","MBS","UMBS MORTPASS 1.5% 02/36","15yr",,,,,"1326841159.63",,,,,,""
"2021-04-21","'36179MQN3'","MBS","GNMA II MORTPASS 3% 10/42","30yr",,,,,"1320471732.34",,,,,,""
"2021-04-21","'31418DJQ6'","MBS","UMBS MORTPASS 2.5% 12/49","30yr",,,,,"1313763354.27",,,,,,""
"2021-04-21","'36179MCZ1'","MBS","GNMA II 3.5% 05/42","30yr",,,,,"1290304221.09",,,,,,""
"2021-04-21","'3128M8RL0'","MBS","FHLMCGLD 5% 02/40","30yr",,,,,"1278881866.57",,,,,,"Y"
"2021-04-21","'3132DV3J2'","MBS","UMBS MORTPASS 3.5% 07/49","30yr",,,,,"1276663406.04",,,,,,""
"2021-04-21","'3128M8WB6'","MBS","FHLMCGLD 5% 03/40","30yr",,,,,"1267645108.17",,,,,,"Y"
"2021-04-21","'31418DXH0'","MBS","UMBS MORTPASS 2% 03/36","15yr",,,,,"1257701566.77",,,,,,""
"2021-04-21","'36179SUV7'","MBS","GNMA II 3.5% 01/47","30yr",,,,,"1257390836.79",,,,,,""
"2021-04-21","'36179QRY9'","MBS","GNMA II 3.5% 10/44","30yr",,,,,"1254592354.45",,,,,,""
"2021-04-21","'3138ETE36'","MBS","UMBS MORTPASS 4% 12/42","30yr",,,,,"1253848304.28",,,,,,"Y"
"2021-04-21","'3128MEWD9'","MBS","FHLMCGLD 2.5% 11/28","15yr",,,,,"1251031751.28",,,,,,"Y"
"2021-04-21","'36179UV74'","MBS","GNMA II MORTPASS 3% 07/49","30yr",,,,,"1243752164.79",,,,,,""
"2021-04-21","'36179UV82'","MBS","GNMA II 3.5% 07/49","30yr",,,,,"1241772260.89",,,,,,""
"2021-04-21","'3138ETUZ7'","MBS","UMBS MORTPASS 3% 12/28","15yr",,,,,"1239547985.94",,,,,,"Y"
"2021-04-21","'3138EQE32'","MBS","UMBS MORTPASS 4% 06/40","30yr",,,,,"1230329680.49",,,,,,"Y"
"2021-04-21","'3132DV4H5'","MBS","UMBS MORTPASS 3% 11/49","30yr",,,,,"1224434154.58",,,,,,""
"2021-04-21","'3138ETVN3'","MBS","UMBS MORTPASS 2% 07/28","15yr",,,,,"1221181636.56",,,,,,"Y"
"2021-04-21","'31418DX98'","MBS","UMBS MORTPASS 2% 04/36","15yr",,,,,"1215830943.6",,,,,,""
"2021-04-21","'36179SJT5'","MBS","GNMA II 3.5% 08/46","30yr",,,,,"1214302903.24",,,,,,""
"2021-04-21","'31335AVW5'","MBS","FHLMCGLD 3.5% 04/45","30yr",,,,,"1208822823.27",,,,,,"Y"
"2021-04-21","'31418DN73'","MBS","UMBS MORTPASS 2.5% 05/35","15yr",,,,,"1204118207.05",,,,,,""
"2021-04-21","'3138ETRG3'","MBS","UMBS MORTPASS 3.5% 09/44","30yr",,,,,"1191395210.94",,,,,,"Y"
"2021-04-21","'3140J8CC5'","MBS","UMBS MORTPASS 3% 01/32","15yr",,,,,"1183733350.15",,,,,,"Y"
"2021-04-21","'3622AADF8'","MBS","GNMA I MORTPASS 5% 04/40","30yr",,,,,"1168564752.56",,,,,,"Y"
"2021-04-21","'31418DUF7'","MBS","UMBS MORTPASS 1.5% 11/50","30yr",,,,,"1167499956.21",,,,,,""
"2021-04-21","'36179QWE7'","MBS","GNMA II 3.5% 12/44","30yr",,,,,"1165266205.8",,,,,,""
"2021-04-21","'36179WBY3'","MBS","GNMA II 2.5% 03/51","30yr",,,,,"1164271650.81",,,,,,""
"2021-04-21","'31418DC67'","MBS","UMBS MORTPASS 3.5% 07/49","30yr",,,,,"1159544277.87",,,,,,""
"2021-04-21","'36179Q6N6'","MBS","GNMA II MORTPASS 3% 03/45","30yr",,,,,"1153290684.67",,,,,,""
"2021-04-21","'36179RQ28'","MBS","GNMA II 3.5% 10/45","30yr",,,,,"1145786624.8",,,,,,""
"2021-04-21","'3138EQQ70'","MBS","UMBS MORTPASS 4.5% 09/41","30yr",,,,,"1144600463.88",,,,,,"Y"
"2021-04-21","'36179QBG5'","MBS","GNMA II MORTPASS 4% 04/44","30yr",,,,,"1130727891.91",,,,,,""
"2021-04-21","'36179U6T4'","MBS","GNMA II 2.5% 11/49","30yr",,,,,"1130575090.22",,,,,,""
"2021-04-21","'31335AVX3'","MBS","FHLMCGLD 3.5% 08/45","30yr",,,,,"1129213686.54",,,,,,"Y"
"2021-04-21","'36179V7E4'","MBS","GNMA II 2.5% 02/51","30yr",,,,,"1125966033.63",,,,,,""
"2021-04-21","'3138ETE28'","MBS","UMBS MORTPASS 4% 04/43","30yr",,,,,"1117746692.65",,,,,,"Y"
"2021-04-21","'3132DV3N3'","MBS","UMBS MORTPASS 3.5% 08/49","30yr",,,,,"1111564471.59",,,,,,""
"2021-04-21","'3140X5JQ7'","MBS","UMBS MORTPASS 3% 09/43","30yr",,,,,"1110229671.81",,,,,,"Y"
"2021-04-21","'31418DPA4'","MBS","UMBS MORTPASS 2.5% 05/40","Other",,,,,"1109520629.24",,,,,,""
"2021-04-21","'36179NJA7'","MBS","GNMA II 3.5% 07/43","30yr",,,,,"1104994687.75",,,,,,""
"2021-04-21","'3138EQ2P6'","MBS","UMBS MORTPASS 2.5% 05/43","30yr",,,,,"1099412128.72",,,,,,"Y"
"2021-04-21","'36179SEH6'","MBS","GNMA II 3.5% 06/46","30yr",,,,,"1094421407.92",,,,,,""
"2021-04-21","'3138EGPC2'","MBS","UMBS MORTPASS 5% 04/40","30yr",,,,,"1092370809.05",,,,,,"Y"
"2021-04-21","'31335ALU0'","MBS","FHLMCGLD 4% 06/42","30yr",,,,,"1091839547.25",,,,,,"Y"
"2021-04-21","'31418DWQ1'","MBS","UMBS MORTPASS 1.5% 02/51","30yr",,,,,"1089264474.94",,,,,,""
"2021-04-21","'3128MJVR8'","MBS","FHLMCGLD 3.5% 01/45","30yr",,,,,"1082424517.72",,,,,,""
"2021-04-21","'31335AVU9'","MBS","FHLMCGLD 4% 03/45","30yr",,,,,"1078820535.84",,,,,,"Y"
"2021-04-21","'36179SYS0'","MBS","GNMA II 3.5% 03/47","30yr",,,,,"1077251760.51",,,,,,""
"2021-04-21","'31335AVY1'","MBS","FHLMCGLD 3% 02/44","30yr",,,,,"1073007132.67",,,,,,"Y"
"2021-04-21","'3140X5KR3'","MBS","UMBS MORTPASS 2.5% 02/33","15yr",,,,,"1071999765.88",,,,,,"Y"
"2021-04-21","'3132AEJ72'","MBS","UMBS MORTPASS 3.5% 06/49","30yr",,,,,"1071371038.74",,,,,,""
"2021-04-21","'3132D55J7'","MBS","UMBS MORTPASS 2.5% 06/35","15yr",,,,,"1067070017.19",,,,,,""
"2021-04-21","'31418DLL4'","MBS","UMBS MORTPASS 2.5% 02/35","15yr",,,,,"1066552815.38",,,,,,""
"2021-04-21","'36179SB89'","MBS","GNMA II 3.5% 05/46","30yr",,,,,"1058111806.84",,,,,,""
"2021-04-21","'3138EGF33'","MBS","UMBS MORTPASS 5% 06/40","30yr",,,,,"1055714850.09",,,,,,"Y"
"2021-04-21","'36179QPG0'","MBS","GNMA II 3.5% 09/44","30yr",,,,,"1051229950.95",,,,,,""
"2021-04-21","'31418DKJ0'","MBS","UMBS MORTPASS 2.5% 01/35","15yr",,,,,"1049238740.78",,,,,,""
"2021-04-21","'3132D55N8'","MBS","UMBS MORTPASS 2.5% 07/35","15yr",,,,,"1048204979.57",,,,,,""
"2021-04-21","'31335AHN1'","MBS","FHLMCGLD 4.5% 06/42","30yr",,,,,"1032956319.72",,,,,,"Y"
"2021-04-21","'3128M8XK5'","MBS","FHLMCGLD 4.5% 11/39","30yr",,,,,"1024384542.61",,,,,,"Y"
"2021-04-21","'31418C4W1'","MBS","UMBS MORTPASS 4% 12/48","30yr",,,,,"1020685207.03",,,,,,""
"2021-04-21","'31418DES7'","MBS","UMBS MORTPASS 3% 08/49","30yr",,,,,"1016370143.51",,,,,,""
"2021-04-21","'3133KGXT0'","MBS","UMBS MORTPASS 3% 11/49","30yr",,,,,"1006980621.14",,,,,,""
"2021-04-21","'36179RLN7'","MBS","GNMA II MORTPASS 3% 08/45","30yr",,,,,"1003847395.51",,,,,,""
"2021-04-21","'3140J5NJ4'","MBS","UMBS MORTPASS 2.5% 10/31","15yr",,,,,"996018351.53",,,,,,"Y"
"2021-04-21","'3138ETUX2'","MBS","UMBS MORTPASS 3.5% 01/45","30yr",,,,,"995861581.74",,,,,,"Y"
"2021-04-21","'3140QG4X2'","MBS","UMBS MORTPASS 2% 02/51","30yr",,,,,"995369326.22",,,,,,""
"2021-04-21","'36179RD63'","MBS","GNMA II MORTPASS 3% 05/45","30yr",,,,,"994495113.74",,,,,,""
"2021-04-21","'3140QG4Y0'","MBS","UMBS MORTPASS 2% 02/51","30yr",,,,,"993587503.04",,,,,,""
"2021-04-21","'3140X6NA5'","MBS","UMBS MORTPASS 4% 03/49","30yr",,,,,"984726268.17",,,,,,""
"2021-04-21","'36179N2K3'","MBS","GNMA II MORTPASS 4% 02/44","30yr",,,,,"977916960.4",,,,,,""
"2021-04-21","'3140QFDN6'","MBS","UMBS MORTPASS 2% 10/50","30yr",,,,,"972855017.94",,,,,,""
"2021-04-21","'3138ETU46'","MBS","UMBS MORTPASS 3% 05/30","15yr",,,,,"962818256.74",,,,,,"Y"
"2021-04-21","'36179RBW8'","MBS","GNMA II MORTPASS 3% 04/45","30yr",,,,,"954216429.14",,,,,,""
"2021-04-21","'31418DQA3'","MBS","UMBS MORTPASS 3% 06/50","30yr",,,,,"949533665.09",,,,,,""
"2021-04-21","'3140X5EB5'","MBS","UMBS MORTPASS 4.5% 07/48","30yr",,,,,"947526126.56",,,,,,"Y"
"2021-04-21","'36179QL58'","MBS","GNMA II 3.5% 08/44","30yr",,,,,"936045383.87",,,,,,""
"2021-04-21","'36179NTE8'","MBS","GNMA II MORTPASS 4% 11/43","30yr",,,,,"934414841.56",,,,,,""
"2021-04-21","'3138ETVU7'","MBS","UMBS MORTPASS 2.5% 09/30","15yr",,,,,"932166711.71",,,,,,"Y"
"2021-04-21","'3132DV3U7'","MBS","UMBS MORTPASS 3.5% 09/49","30yr",,,,,"924637839.95",,,,,,""
"2021-04-21","'3128METQ4'","MBS","FHLMCGLD 2.5% 11/27","15yr",,,,,"916899055",,,,,,"Y"
"2021-04-21","'3140QHH24'","MBS","UMBS MORTPASS 2% 02/51","30yr",,,,,"916804595.55",,,,,,""
"2021-04-21","'36179NVN5'","MBS","GNMA II 3.5% 12/43","30yr",,,,,"901381088.83",,,,,,""
"2021-04-21","'3128MFAS7'","MBS","FHLMCGLD 2% 11/28","15yr",,,,,"900465675.39",,,,,,"Y"
"2021-04-21","'3140QEMH2'","MBS","UMBS MORTPASS 2.5% 08/50","30yr",,,,,"896972473.26",,,,,,""
"2021-04-21","'3140J6GQ4'","MBS","UMBS MORTPASS 4% 01/48","30yr",,,,,"893773234.19",,,,,,""
"2021-04-21","'36179QJS1'","MBS","GNMA II 3.5% 07/44","30yr",,,,,"891951904.55",,,,,,""
"2021-04-21","'31418DGK2'","MBS","UMBS MORTPASS 2.5% 10/49","30yr",,,,,"885282242.62",,,,,,""
"2021-04-21","'31418DYY2'","MBS","UMBS MORTPASS 2.5% 05/51","30yr",,,,,"881350954",,,,,,""
"2021-04-21","'36179NQ43'","MBS","GNMA II 3.5% 10/43","30yr",,,,,"874836326.76",,,,,,""
"2021-04-21","'36179R4E6'","MBS","GNMA II 3.5% 03/46","30yr",,,,,"873075025",,,,,,""
"2021-04-21","'36179U4D1'","MBS","GNMA II MORTPASS 4% 10/49","30yr",,,,,"872988601.77",,,,,,""
"2021-04-21","'3138EGWB6'","MBS","UMBS MORTPASS 5% 07/40","30yr",,,,,"871390266.28",,,,,,"Y"
"2021-04-21","'3128MFMC9'","MBS","FHLMCGLD 3% 03/32","15yr",,,,,"868068279.71",,,,,,"Y"
"2021-04-21","'3140X5D75'","MBS","UMBS MORTPASS 4% 10/44","30yr",,,,,"867261243.43",,,,,,"Y"
"2021-04-21","'31418DKU5'","MBS","UMBS MORTPASS 3.5% 01/50","30yr",,,,,"855443847.71",,,,,,""
"2021-04-21","'36179NNB0'","MBS","GNMA II MORTPASS 4% 09/43","30yr",,,,,"855413980.19",,,,,,""
"2021-04-21","'3138ETU20'","MBS","UMBS MORTPASS 3% 02/28","15yr",,,,,"853867326.87",,,,,,"Y"
"2021-04-21","'3138ETAE6'","MBS","UMBS MORTPASS 3% 08/28","15yr",,,,,"852464289.79",,,,,,"Y"
"2021-04-21","'3133KYTD1'","MBS","UMBS MORTPASS 2.5% 05/40","Other",,,,,"846451380.64",,,,,,""
"2021-04-21","'31418DJJ2'","MBS","UMBS MORTPASS 2.5% 12/34","15yr",,,,,"846391310.41",,,,,,""
"2021-04-21","'3622AADE1'","MBS","GNMA I MORTPASS 4% 10/41","30yr",,,,,"842752955.1",,,,,,"Y"
"2021-04-21","'3138ETVQ6'","MBS","UMBS MORTPASS 2% 05/28","15yr",,,,,"841054665.35",,,,,,"Y"
"2021-04-21","'3128MEWE7'","MBS","FHLMCGLD 3% 01/29","15yr",,,,,"832515008.54",,,,,,"Y"
"2021-04-21","'36179SWX1'","MBS","GNMA II 3.5% 02/47","30yr",,,,,"832063970.91",,,,,,""
"2021-04-21","'31418DNA6'","MBS","UMBS MORTPASS 2.5% 04/35","15yr",,,,,"828223455.61",,,,,,""
"2021-04-21","'36179UQ47'","MBS","GNMA II 3.5% 04/49","30yr",,,,,"820064561.01",,,,,,""
"2021-04-21","'3140QDWH3'","MBS","UMBS MORTPASS 2.5% 06/50","30yr",,,,,"816176116.51",,,,,,""
"2021-04-21","'3128M8QT4'","MBS","FHLMCGLD 4.5% 07/40","30yr",,,,,"809384980.43",,,,,,"Y"
"2021-04-21","'3138ETVP8'","MBS","UMBS MORTPASS 3% 03/30","15yr",,,,,"806522538",,,,,,"Y"
"2021-04-21","'31418C3D4'","MBS","UMBS MORTPASS 4% 10/48","30yr",,,,,"804384703.47",,,,,,""
"2021-04-21","'3132D54K5'","MBS","UMBS MORTPASS 2.5% 01/35","15yr",,,,,"800856018.11",,,,,,""
"2021-04-21","'36179QDZ1'","MBS","GNMA II MORTPASS 4% 05/44","30yr",,,,,"799193900.41",,,,,,""
"2021-04-21","'3133KJSG8'","MBS","UMBS MORTPASS 2.5% 08/50","30yr",,,,,"797239986.46",,,,,,""
"2021-04-21","'3140X5DZ3'","MBS","UMBS MORTPASS 3% 09/43","30yr",,,,,"794187730.86",,,,,,"Y"
"2021-04-21","'36179NQ50'","MBS","GNMA II MORTPASS 4% 10/43","30yr",,,,,"792502355.94",,,,,,""
"2021-04-21","'36179NX52'","MBS","GNMA II 3.5% 01/44","30yr",,,,,"788739561.24",,,,,,""
"2021-04-21","'3140X5WF6'","MBS","UMBS MORTPASS 3% 02/50","30yr",,,,,"788253076.02",,,,,,""
"2021-04-21","'36179QGC9'","MBS","GNMA II 3.5% 06/44","30yr",,,,,"787547820.78",,,,,,""
"2021-04-21","'36179SWY9'","MBS","GNMA II MORTPASS 4% 02/47","30yr",,,,,"783887704.5",,,,,,""
"2021-04-21","'3140X5X32'","MBS","UMBS MORTPASS 4.5% 01/49","30yr",,,,,"783000420.43",,,,,,""
"2021-04-21","'36179RS91'","MBS","GNMA II 3.5% 11/45","30yr",,,,,"780847107.5",,,,,,""
"2021-04-21","'31335AT81'","MBS","FHLMCGLD 3.5% 05/43","30yr",,,,,"778764641.29",,,,,,"Y"
"2021-04-21","'3138ERQH6'","MBS","UMBS MORTPASS 3.5% 03/36","Other",,,,,"778117621.21",,,,,,"Y"
"2021-04-21","'36179N5W4'","MBS","GNMA II MORTPASS 4% 03/44","30yr",,,,,"777223501.13",,,,,,""
"2021-04-21","'3132AEEY8'","MBS","UMBS MORTPASS 3.5% 05/49","30yr",,,,,"776389970.39",,,,,,""
"2021-04-21","'3128M8QZ0'","MBS","FHLMCGLD 5% 05/40","30yr",,,,,"774337719.53",,,,,,"Y"
"2021-04-21","'36202F4Q6'","MBS","GNMA II 3.5% 03/42","30yr",,,,,"774046986.13",,,,,,""
"2021-04-21","'3128M8V27'","MBS","FHLMCGLD 4.5% 03/40","30yr",,,,,"772930475.72",,,,,,"Y"
"2021-04-21","'31418CZ98'","MBS","UMBS MORTPASS 4% 09/48","30yr",,,,,"764874985.03",,,,,,""
"2021-04-21","'36179RVB2'","MBS","GNMA II 3.5% 12/45","30yr",,,,,"762883187.64",,,,,,""
"2021-04-21","'3132DV6R1'","MBS","UMBS MORTPASS 2% 06/50","30yr",,,,,"761010643.74",,,,,,""
"2021-04-21","'31418DMD1'","MBS","UMBS MORTPASS 2.5% 03/35","15yr",,,,,"758520756.52",,,,,,""
"2021-04-21","'3128M8X82'","MBS","FHLMCGLD 4.5% 09/39","30yr",,,,,"755440668.55",,,,,,"Y"
"2021-04-21","'3133KJLG5'","MBS","UMBS MORTPASS 2.5% 06/50","30yr",,,,,"754479800.59",,,,,,""
"2021-04-21","'36179SUW5'","MBS","GNMA II MORTPASS 4% 01/47","30yr",,,,,"752306760.9",,,,,,""
"2021-04-21","'31418DPC0'","MBS","UMBS MORTPASS 2% 05/50","30yr",,,,,"744225405.94",,,,,,""
"2021-04-21","'31418DJS2'","MBS","UMBS MORTPASS 3.5% 12/49","30yr",,,,,"741205234.87",,,,,,""
"2021-04-21","'3140JQQQ9'","MBS","UMBS MORTPASS 3.5% 07/49","30yr",,,,,"736609376.09",,,,,,""
"2021-04-21","'3132D55E8'","MBS","UMBS MORTPASS 2.5% 05/35","15yr",,,,,"734375903.39",,,,,,""
"2021-04-21","'31335CJ62'","MBS","FHLMCGLD 3.5% 02/49","30yr",,,,,"730576985.11",,,,,,""
"2021-04-21","'36179TCY9'","MBS","GNMA II MORTPASS 4% 07/47","30yr",,,,,"727136596.74",,,,,,""
"2021-04-21","'3138ETVR4'","MBS","UMBS MORTPASS 3% 05/30","15yr",,,,,"726938953.59",,,,,,"Y"
"2021-04-21","'3128M8X58'","MBS","FHLMCGLD 4.5% 06/39","30yr",,,,,"725347825.88",,,,,,"Y"
"2021-04-21","'3133KYTQ2'","MBS","UMBS MORTPASS 2.5% 07/40","Other",,,,,"725292330.79",,,,,,""
"2021-04-21","'31335AWZ7'","MBS","FHLMCGLD 3.5% 05/44","30yr",,,,,"724577640.09",,,,,,"Y"
"2021-04-21","'36179Q3J8'","MBS","GNMA II 3.5% 02/45","30yr",,,,,"719252441.71",,,,,,""
"2021-04-21","'3128MEWF4'","MBS","FHLMCGLD 3% 04/29","15yr",,,,,"712444858.3",,,,,,"Y"
"2021-04-21","'36179T7K5'","MBS","GNMA II MORTPASS 4% 08/48","30yr",,,,,"712047733.21",,,,,,""
"2021-04-21","'3132D54D1'","MBS","UMBS MORTPASS 2.5% 12/34","15yr",,,,,"710964301.31",,,,,,""
"2021-04-21","'36179QDY4'","MBS","GNMA II 3.5% 05/44","30yr",,,,,"701129348.92",,,,,,""
"2021-04-21","'36179MNG1'","MBS","GNMA II MORTPASS 3% 09/42","30yr",,,,,"699731680.67",,,,,,""
"2021-04-21","'3140QGXJ1'","MBS","UMBS MORTPASS 2% 01/51","30yr",,,,,"692210191.72",,,,,,""
"2021-04-21","'36179SSQ1'","MBS","GNMA II 3.5% 12/46","30yr",,,,,"688793736.04",,,,,,""
"2021-04-21","'3128MEWG2'","MBS","FHLMCGLD 3% 08/29","15yr",,,,,"686570296.52",,,,,,"Y"
"2021-04-21","'36179UUK6'","MBS","GNMA II MORTPASS 4% 06/49","30yr",,,,,"682101200.7",,,,,,""
"2021-04-21","'31418DCY6'","MBS","UMBS MORTPASS 3.5% 06/49","30yr",,,,,"681950444.75",,,,,,""
"2021-04-21","'31418DC59'","MBS","UMBS MORTPASS 3% 07/49","30yr",,,,,"678827111.19",,,,,,""
"2021-04-21","'3128MEWK3'","MBS","FHLMCGLD 3% 10/29","15yr",,,,,"673064869.92",,,,,,"Y"
"2021-04-21","'3128MFC97'","MBS","FHLMCGLD 3% 12/31","15yr",,,,,"672721562.88",,,,,,"Y"
"2021-04-21","'3128M8WL4'","MBS","FHLMCGLD 4.5% 10/39","30yr",,,,,"670493283.6",,,,,,"Y"
"2021-04-21","'36179RNV7'","MBS","GNMA II MORTPASS 3% 09/45","30yr",,,,,"668334562.43",,,,,,""
"2021-04-21","'3128MEWC1'","MBS","FHLMCGLD 3% 11/28","15yr",,,,,"665134120.09",,,,,,"Y"
"2021-04-21","'36179UUJ9'","MBS","GNMA II 3.5% 06/49","30yr",,,,,"663803315.08",,,,,,""
"2021-04-21","'3140QEMJ8'","MBS","UMBS MORTPASS 2.5% 08/50","30yr",,,,,"663326065.55",,,,,,""
"2021-04-21","'3132DMJ97'","MBS","UMBS MORTPASS 3.5% 04/50","30yr",,,,,"660429121.57",,,,,,""
"2021-04-21","'36179QGD7'","MBS","GNMA II MORTPASS 4% 06/44","30yr",,,,,"658299336.66",,,,,,""
"2021-04-21","'31335AL55'","MBS","FHLMCGLD 4% 09/41","30yr",,,,,"648600213.19",,,,,,"Y"
"2021-04-21","'36179NX60'","MBS","GNMA II MORTPASS 4% 01/44","30yr",,,,,"646266170.42",,,,,,""
"2021-04-21","'3132D53Y6'","MBS","UMBS MORTPASS 2.5% 11/34","15yr",,,,,"646184669.65",,,,,,""
"2021-04-21","'36179VQR4'","MBS","GNMA II MORTPASS 2% 07/50","30yr",,,,,"645462874.29",,,,,,""
"2021-04-21","'3132ACYH7'","MBS","UMBS MORTPASS 4% 10/48","30yr",,,,,"642238632.78",,,,,,""
"2021-04-21","'36179NF78'","MBS","GNMA II 3.5% 06/43","30yr",,,,,"641769406.79",,,,,,""
"2021-04-21","'3132D54Z2'","MBS","UMBS MORTPASS 2.5% 04/35","15yr",,,,,"634610348.55",,,,,,""
"2021-04-21","'36179NVP0'","MBS","GNMA II MORTPASS 4% 12/43","30yr",,,,,"633661287.19",,,,,,""
"2021-04-21","'36179TG41'","MBS","GNMA II 3.5% 09/47","30yr",,,,,"633392066.63",,,,,,""
"2021-04-21","'3140K9EC9'","MBS","UMBS MORTPASS 2.5% 04/50","30yr",,,,,"630242618.94",,,,,,""
"2021-04-21","'31418DWS7'","MBS","UMBS MORTPASS 2.5% 02/51","30yr",,,,,"629654548.06",,,,,,""
"2021-04-21","'3140K9EH8'","MBS","UMBS MORTPASS 2.5% 04/50","30yr",,,,,"627335543.17",,,,,,""
"2021-04-21","'31418DTL6'","MBS","UMBS MORTPASS 1.5% 10/35","15yr",,,,,"626145276.75",,,,,,""
"2021-04-21","'36179NDR6'","MBS","GNMA II 3.5% 05/43","30yr",,,,,"625977879.84",,,,,,""
"2021-04-21","'36179NNA2'","MBS","GNMA II 3.5% 09/43","30yr",,,,,"622592466.55",,,,,,""
"2021-04-21","'3128M8RK2'","MBS","FHLMCGLD 4.5% 06/40","30yr",,,,,"619876671.1",,,,,,"Y"
"2021-04-21","'3140X4EA0'","MBS","UMBS MORTPASS 3.5% 06/49","30yr",,,,,"617223589.83",,,,,,""
"2021-04-21","'31335AL71'","MBS","FHLMCGLD 4% 07/42","30yr",,,,,"613758954.29",,,,,,"Y"
"2021-04-21","'3132DV3M5'","MBS","UMBS MORTPASS 3% 08/49","30yr",,,,,"613353387.13",,,,,,""
"2021-04-21","'36179MG53'","MBS","GNMA II 3.5% 07/42","30yr",,,,,"613222638.28",,,,,,""
"2021-04-21","'36179R7H6'","MBS","GNMA II MORTPASS 3% 04/46","30yr",,,,,"612670576.38",,,,,,""
"2021-04-21","'3140X6KU4'","MBS","UMBS MORTPASS 3.5% 04/50","30yr",,,,,"610761946.41",,,,,,""
"2021-04-21","'36202E7G8'","MBS","GNMA II 4.5% 07/39","30yr",,,,,"610334438.12",,,,,,""
"2021-04-21","'31418DHD7'","MBS","UMBS MORTPASS 2.5% 11/34","15yr",,,,,"609284689.12",,,,,,""
"2021-04-21","'36179Q3H2'","MBS","GNMA II MORTPASS 3% 02/45","30yr",,,,,"607757455.97",,,,,,""
"2021-04-21","'3140X5CC5'","MBS","UMBS MORTPASS 4% 12/48","30yr",,,,,"602181785.51",,,,,,""
"2021-04-21","'36179SYT8'","MBS","GNMA II MORTPASS 4% 03/47","30yr",,,,,"599799924.31",,,,,,""
"2021-04-21","'3128M8V76'","MBS","FHLMCGLD 4% 08/39","30yr",,,,,"597269776.31",,,,,,"Y"
"2021-04-21","'36179S5M5'","MBS","GNMA II MORTPASS 4% 05/47","30yr",,,,,"597172942.95",,,,,,""
"2021-04-21","'31418DGM8'","MBS","UMBS MORTPASS 3.5% 10/49","30yr",,,,,"593725318.41",,,,,,""
"2021-04-21","'31418C4F8'","MBS","UMBS MORTPASS 4% 11/48","30yr",,,,,"593591329.96",,,,,,""
"2021-04-21","'36179MK74'","MBS","GNMA II 3.5% 08/42","30yr",,,,,"592799202.32",,,,,,""
"2021-04-21","'3132DV4Q5'","MBS","UMBS MORTPASS 3.5% 12/49","30yr",,,,,"591818435.8",,,,,,""
"2021-04-21","'31335CJM7'","MBS","FHLMCGLD 4.5% 01/48","30yr",,,,,"591231352.25",,,,,,"Y"
"2021-04-21","'3138EQRN4'","MBS","UMBS MORTPASS 3.5% 01/43","30yr",,,,,"589288804.51",,,,,,"Y"
"2021-04-21","'36179ME30'","MBS","GNMA II 3.5% 06/42","30yr",,,,,"581672650.68",,,,,,""
"2021-04-21","'31418DQG0'","MBS","UMBS MORTPASS 2.5% 06/40","Other",,,,,"581486247.12",,,,,,""
"2021-04-21","'3133KHZ74'","MBS","UMBS MORTPASS 2.5% 04/50","30yr",,,,,"577606211.42",,,,,,""
"2021-04-21","'3128M8WU4'","MBS","FHLMCGLD 4% 05/39","30yr",,,,,"577240331.72",,,,,,"Y"
"2021-04-21","'3132AEKB1'","MBS","UMBS MORTPASS 3% 06/49","30yr",,,,,"575305338.79",,,,,,""
"2021-04-21","'36179MNH9'","MBS","GNMA II 3.5% 09/42","30yr",,,,,"574890347.06",,,,,,""
"2021-04-21","'3132DV3H6'","MBS","UMBS MORTPASS 3% 07/49","30yr",,,,,"574068648.89",,,,,,""
"2021-04-21","'31335AL48'","MBS","FHLMCGLD 3.5% 06/42","30yr",,,,,"571165704.84",,,,,,"Y"
"2021-04-21","'36179TG58'","MBS","GNMA II MORTPASS 4% 09/47","30yr",,,,,"567491189.68",,,,,,""
"2021-04-21","'36179RVA4'","MBS","GNMA II MORTPASS 3% 12/45","30yr",,,,,"566915210.94",,,,,,""
"2021-04-21","'36202F2L9'","MBS","GNMA II 3.5% 01/42","30yr",,,,,"563201671.99",,,,,,""
"2021-04-21","'3132DV6K6'","MBS","UMBS MORTPASS 3% 07/50","30yr",,,,,"558589803.62",,,,,,""
"2021-04-21","'3132DV5J0'","MBS","UMBS MORTPASS 2.5% 03/50","30yr",,,,,"556633687.5",,,,,,""
"2021-04-21","'3140X7WP0'","MBS","UMBS MORTPASS 2% 09/50","30yr",,,,,"554961681.29",,,,,,""
"2021-04-21","'3140X54A8'","MBS","UMBS MORTPASS 2.5% 11/49","30yr",,,,,"552800350.17",,,,,,""
"2021-04-21","'31418DQ96'","MBS","UMBS MORTPASS 3% 07/50","30yr",,,,,"550939349.2",,,,,,""
"2021-04-21","'3140QD2V5'","MBS","UMBS MORTPASS 2.5% 06/50","30yr",,,,,"548157390.12",,,,,,""
"2021-04-21","'3140QCWC6'","MBS","UMBS MORTPASS 2.5% 11/49","30yr",,,,,"546266479.4",,,,,,""
"2021-04-21","'3140X7WQ8'","MBS","UMBS MORTPASS 2% 09/50","30yr",,,,,"541454200.47",,,,,,""
"2021-04-21","'3140QEHJ4'","MBS","UMBS MORTPASS 2.5% 08/50","30yr",,,,,"540051047.08",,,,,,""
"2021-04-21","'36179QBF7'","MBS","GNMA II 3.5% 04/44","30yr",,,,,"538812658.92",,,,,,""
"2021-04-21","'3140X5KS1'","MBS","UMBS MORTPASS 2.5% 02/29","15yr",,,,,"537377677.11",,,,,,"Y"
"2021-04-21","'36179UZR6'","MBS","GNMA II 2.5% 09/49","30yr",,,,,"536310922.11",,,,,,""
"2021-04-21","'3138EQRD6'","MBS","UMBS MORTPASS 3% 05/28","15yr",,,,,"533134733.89",,,,,,"Y"
"2021-04-21","'31335CJ70'","MBS","FHLMCGLD 4.5% 12/48","30yr",,,,,"533041227.57",,,,,,""
"2021-04-21","'3133A7FY0'","MBS","UMBS MORTPASS 2.5% 07/50","30yr",,,,,"531743970.44",,,,,,""
"2021-04-21","'36179MSX9'","MBS","GNMA II 3.5% 11/42","30yr",,,,,"531328176.83",,,,,,""
"2021-04-21","'3140GSPG1'","MBS","UMBS MORTPASS 3.5% 09/47","30yr",,,,,"531158035.07",,,,,,""
"2021-04-21","'3132DWBQ5'","MBS","UMBS MORTPASS 2.5% 05/51","30yr",,,,,"530307228",,,,,,""
"2021-04-21","'3140X7WR6'","MBS","UMBS MORTPASS 2% 09/50","30yr",,,,,"528399538.97",,,,,,""
"2021-04-21","'31418DGF3'","MBS","UMBS MORTPASS 2.5% 10/34","15yr",,,,,"521100437.47",,,,,,""
"2021-04-21","'3140QEHP0'","MBS","UMBS MORTPASS 2% 08/35","15yr",,,,,"520685272.95",,,,,,""
"2021-04-21","'3140X4QZ2'","MBS","UMBS MORTPASS 2.5% 10/49","30yr",,,,,"517266629.93",,,,,,""
"2021-04-21","'36179SWW3'","MBS","GNMA II MORTPASS 3% 02/47","30yr",,,,,"517015160.06",,,,,,""
"2021-04-21","'36202F3M6'","MBS","GNMA II 3.5% 02/42","30yr",,,,,"515455016.11",,,,,,""
"2021-04-21","'31418DHM7'","MBS","UMBS MORTPASS 3.5% 11/49","30yr",,,,,"515258982.29",,,,,,""
"2021-04-21","'3132DV4A0'","MBS","UMBS MORTPASS 3.5% 10/49","30yr",,,,,"512126293.73",,,,,,""
"2021-04-21","'36179NTD0'","MBS","GNMA II 3.5% 11/43","30yr",,,,,"510435345.68",,,,,,""
"2021-04-21","'3128M8QR8'","MBS","FHLMCGLD 5% 07/40","30yr",,,,,"510304154.92",,,,,,"Y"
"2021-04-21","'3140X4RL2'","MBS","UMBS MORTPASS 4% 06/49","30yr",,,,,"509512549.83",,,,,,""
"2021-04-21","'3138EQLU4'","MBS","UMBS MORTPASS 3% 04/42","30yr",,,,,"508032439.32",,,,,,"Y"
"2021-04-21","'3140QCWR3'","MBS","UMBS MORTPASS 3% 11/49","30yr",,,,,"507221249.27",,,,,,""
"2021-04-21","'31335ALT3'","MBS","FHLMCGLD 4% 11/42","30yr",,,,,"506844243.45",,,,,,"Y"
"2021-04-21","'36179SEJ2'","MBS","GNMA II MORTPASS 4% 06/46","30yr",,,,,"503125031.12",,,,,,""
"2021-04-21","'36179QT50'","MBS","GNMA II MORTPASS 4% 11/44","30yr",,,,,"497944783.96",,,,,,""
"2021-04-21","'31335CJX3'","MBS","FHLMCGLD 3% 01/44","30yr",,,,,"492617996.01",,,,,,"Y"
"2021-04-21","'36179QJT9'","MBS","GNMA II MORTPASS 4% 07/44","30yr",,,,,"490366705.1",,,,,,""
"2021-04-21","'3140K9EG0'","MBS","UMBS MORTPASS 2.5% 04/50","30yr",,,,,"489094358.58",,,,,,""
"2021-04-21","'31418DFF4'","MBS","UMBS MORTPASS 2.5% 09/49","30yr",,,,,"488908283.07",,,,,,""
"2021-04-21","'3128M8WE0'","MBS","FHLMCGLD 4% 06/39","30yr",,,,,"482004017.71",,,,,,"Y"
"2021-04-21","'3138EQLW0'","MBS","UMBS MORTPASS 3% 10/28","15yr",,,,,"478974709.9",,,,,,"Y"
"2021-04-21","'36179RS83'","MBS","GNMA II MORTPASS 3% 11/45","30yr",,,,,"478970719.96",,,,,,""
"2021-04-21","'36179QWF4'","MBS","GNMA II MORTPASS 4% 12/44","30yr",,,,,"476438000.56",,,,,,""
"2021-04-21","'31335ALW6'","MBS","FHLMCGLD 3.5% 05/43","30yr",,,,,"475298904.16",,,,,,"Y"
"2021-04-21","'3140J6GR2'","MBS","UMBS MORTPASS 4% 09/48","30yr",,,,,"472537995.21",,,,,,""
"2021-04-21","'3128M8WA8'","MBS","FHLMCGLD 4% 07/39","30yr",,,,,"471573290.37",,,,,,"Y"
"2021-04-21","'3140KEJS8'","MBS","UMBS MORTPASS 2.5% 08/50","30yr",,,,,"469092836.55",,,,,,""
"2021-04-21","'36179QYR6'","MBS","GNMA II MORTPASS 3% 01/45","30yr",,,,,"468072629.51",,,,,,""
"2021-04-21","'3128M8RJ5'","MBS","FHLMCGLD 4% 02/40","30yr",,,,,"466536073.48",,,,,,"Y"
"2021-04-21","'36179NBB3'","MBS","GNMA II 3.5% 04/43","30yr",,,,,"463839969.34",,,,,,""
"2021-04-21","'3140X7MB2'","MBS","UMBS MORTPASS 2% 09/50","30yr",,,,,"463522215.69",,,,,,""
"2021-04-21","'31335AT73'","MBS","FHLMCGLD 3.5% 07/44","30yr",,,,,"462329599.89",,,,,,"Y"
"2021-04-21","'36179MQP8'","MBS","GNMA II 3.5% 10/42","30yr",,,,,"460551064.37",,,,,,""
"2021-04-21","'3140XAJ86'","MBS","UMBS MORTPASS 1.5% 05/36","15yr",,,,,"459250000",,,,,,""
"2021-04-21","'31335A2M9'","MBS","FHLMCGLD 3% 01/43","30yr",,,,,"457064243.99",,,,,,"Y"
"2021-04-21","'3133KYTX7'","MBS","UMBS MORTPASS 2.5% 08/40","Other",,,,,"456751540.95",,,,,,""
"2021-04-21","'3622AAD84'","MBS","GNMA I MORTPASS 4% 11/43","30yr",,,,,"455701901.34",,,,,,"Y"
"2021-04-21","'3140QHBY0'","MBS","UMBS MORTPASS 2% 12/35","15yr",,,,,"453661395.89",,,,,,""
"2021-04-21","'3140J6GP6'","MBS","UMBS MORTPASS 4% 12/47","30yr",,,,,"453399843.34",,,,,,""
"2021-04-21","'3140QB5B0'","MBS","UMBS MORTPASS 3% 10/49","30yr",,,,,"451952388.5",,,,,,""
"2021-04-21","'3138EGFQ2'","MBS","UMBS MORTPASS 5% 07/40","30yr",,,,,"451580974.93",,,,,,"Y"
"2021-04-21","'36179S2Q9'","MBS","GNMA II MORTPASS 4% 04/47","30yr",,,,,"450052609.63",,,,,,""
"2021-04-21","'36179TE27'","MBS","GNMA II MORTPASS 4% 08/47","30yr",,,,,"449209069.73",,,,,,""
"2021-04-21","'3128MEQQ7'","MBS","FHLMCGLD 3% 03/29","15yr",,,,,"448001266.58",,,,,,"Y"
"2021-04-21","'3140KYBN3'","MBS","UMBS MORTPASS 2% 04/51","30yr",,,,,"446386986",,,,,,""
"2021-04-21","'36179UUH3'","MBS","GNMA II MORTPASS 3% 06/49","30yr",,,,,"444354620.39",,,,,,""
"2021-04-21","'3133KHZ33'","MBS","UMBS 2.5%","30yr",,,,,"442715309.79",,,,,,""
"2021-04-21","'3140QGLP0'","MBS","UMBS MORTPASS 2% 12/50","30yr",,,,,"441920034.66",,,,,,""
"2021-04-21","'3140QBXY9'","MBS","UMBS MORTPASS 3% 10/49","30yr",,,,,"439987437.09",,,,,,""
"2021-04-21","'3140QBXZ6'","MBS","UMBS MORTPASS 3% 09/49","30yr",,,,,"437241565.25",,,,,,""
"2021-04-21","'3140JSCH0'","MBS","UMBS MORTPASS 2% 03/51","30yr",,,,,"435159226",,,,,,""
"2021-04-21","'36179SGM3'","MBS","GNMA II MORTPASS 4% 07/46","30yr",,,,,"434704061.13",,,,,,""
"2021-04-21","'36179SB97'","MBS","GNMA II MORTPASS 4% 05/46","30yr",,,,,"431003343.47",,,,,,""
"2021-04-21","'3128M8X33'","MBS","FHLMCGLD 4.5% 03/40","30yr",,,,,"429007143.51",,,,,,"Y"
"2021-04-21","'36179M2Q2'","MBS","GNMA II 3.5% 02/43","30yr",,,,,"428465574.63",,,,,,""
"2021-04-21","'3133AKDP2'","MBS","UMBS MORTPASS 2% 04/51","30yr",,,,,"426696773",,,,,,""
"2021-04-21","'3132D54Q2'","MBS","UMBS MORTPASS 2.5% 02/35","15yr",,,,,"426528370.47",,,,,,""
"2021-04-21","'3133A7RW1'","MBS","UMBS MORTPASS 2.5% 07/50","30yr",,,,,"425858639.3",,,,,,""
"2021-04-21","'36179N2J6'","MBS","GNMA II 3.5% 02/44","30yr",,,,,"424732192.63",,,,,,""
"2021-04-21","'36179QRZ6'","MBS","GNMA II MORTPASS 4% 10/44","30yr",,,,,"422600814.59",,,,,,""
"2021-04-21","'36179TUA1'","MBS","GNMA II 3.5% 03/48","30yr",,,,,"420972954.32",,,,,,""
"2021-04-21","'36179S2N6'","MBS","GNMA II MORTPASS 3% 04/47","30yr",,,,,"420877236.01",,,,,,""
"2021-04-21","'36179QL66'","MBS","GNMA II MORTPASS 4% 08/44","30yr",,,,,"420870779.41",,,,,,""
"2021-04-21","'31335CJQ8'","MBS","FHLMCGLD 3% 08/43","30yr",,,,,"420040182.57",,,,,,"Y"
"2021-04-21","'3140QFUZ0'","MBS","UMBS MORTPASS 2% 11/50","30yr",,,,,"418186760.15",,,,,,""
"2021-04-21","'3140X5KT9'","MBS","UMBS MORTPASS 3% 10/30","15yr",,,,,"418161460.89",,,,,,"Y"
"2021-04-21","'3132DV3Y9'","MBS","UMBS MORTPASS 2.5% 10/49","30yr",,,,,"414353808.06",,,,,,""
"2021-04-21","'3132D54U3'","MBS","UMBS MORTPASS 2.5% 03/35","15yr",,,,,"411681326.42",,,,,,""
"2021-04-21","'36179R7J2'","MBS","GNMA II 3.5% 04/46","30yr",,,,,"410407871.51",,,,,,""
"2021-04-21","'3138ETUV6'","MBS","UMBS MORTPASS 3% 02/45","30yr",,,,,"409065208.21",,,,,,"Y"
"2021-04-21","'3133KJT28'","MBS","UMBS MORTPASS 2% 08/50","30yr",,,,,"401419292.41",,,,,,""
"2021-04-21","'3140J6GM3'","MBS","UMBS MORTPASS 4% 10/47","30yr",,,,,"400858321.66",,,,,,""
"2021-04-21","'3140QDWG5'","MBS","UMBS MORTPASS 2.5% 06/50","30yr",,,,,"400657851.83",,,,,,""
"2021-04-21","'3128MEQP9'","MBS","FHLMCGLD 3% 11/27","15yr",,,,,"400434491.05",,,,,,"Y"
"2021-04-21","'36179UN99'","MBS","GNMA II 3.5% 03/49","30yr",,,,,"399965714.28",,,,,,""
"2021-04-21","'3140K9EE5'","MBS","UMBS MORTPASS 3% 04/50","30yr",,,,,"396364670.83",,,,,,""
"2021-04-21","'3133KYUB3'","MBS","UMBS MORTPASS 2.5% 10/40","Other",,,,,"396319798.8",,,,,,""
"2021-04-21","'3140QDWF7'","MBS","UMBS MORTPASS 2.5% 06/50","30yr",,,,,"395695427.4",,,,,,""
"2021-04-21","'3133KJZN5'","MBS","UMBS MORTPASS 2% 09/50","30yr",,,,,"393362334.4",,,,,,""
"2021-04-21","'3132D56C1'","MBS","UMBS MORTPASS 1.5% 09/35","15yr",,,,,"387962997.11",,,,,,""
"2021-04-21","'31418DFE7'","MBS","UMBS MORTPASS 2.5% 09/34","15yr",,,,,"384337274.6",,,,,,""
"2021-04-21","'31418DAS1'","MBS","UMBS MORTPASS 4.5% 03/49","30yr",,,,,"383145993.06",,,,,,""
"2021-04-21","'3138EGW59'","MBS","UMBS MORTPASS 5.5% 06/39","30yr",,,,,"379509883.52",,,,,,"Y"
"2021-04-21","'3133KHYC4'","MBS","UMBS MORTPASS 2.5% 05/50","30yr",,,,,"379212731.01",,,,,,""
"2021-04-21","'3138EQWC2'","MBS","UMBS MORTPASS 4% 06/43","30yr",,,,,"378596072.07",,,,,,"Y"
"2021-04-21","'3140HMZ98'","MBS","UMBS MORTPASS 4% 11/48","30yr",,,,,"378571601.99",,,,,,""
"2021-04-21","'3132AEB88'","MBS","UMBS MORTPASS 3.5% 04/49","30yr",,,,,"378379950.27",,,,,,""
"2021-04-21","'3128M8XJ8'","MBS","FHLMCGLD 5% 05/39","30yr",,,,,"376148034.69",,,,,,"Y"
"2021-04-21","'3140J8BV4'","MBS","UMBS MORTPASS 2% 01/32","15yr",,,,,"373781747.93",,,,,,"Y"
"2021-04-21","'3133AKDU1'","MBS","UMBS MORTPASS 2% 04/51","30yr",,,,,"371676699",,,,,,""
"2021-04-21","'36179QPH8'","MBS","GNMA II MORTPASS 4% 09/44","30yr",,,,,"371011334.4",,,,,,""
"2021-04-21","'3140QHDZ5'","MBS","UMBS MORTPASS 2% 01/51","30yr",,,,,"370798817.04",,,,,,""
"2021-04-21","'3140X8GK7'","MBS","UMBS MORTPASS 1.5% 12/35","15yr",,,,,"369325809.8",,,,,,""
"2021-04-21","'31335ALS5'","MBS","FHLMCGLD 3.5% 06/42","30yr",,,,,"365812628.49",,,,,,"Y"
"2021-04-21","'3138EQBY7'","MBS","UMBS MORTPASS 6% 10/39","30yr",,,,,"365089041.27",,,,,,"Y"
"2021-04-21","'3140KULW0'","MBS","UMBS MORTPASS 1.5% 12/35","15yr",,,,,"362879976.69",,,,,,""
"2021-04-21","'36202FAU0'","MBS","GNMA II 4.5% 08/39","30yr",,,,,"362427990.88",,,,,,""
"2021-04-21","'3133KJTA0'","MBS","UMBS MORTPASS 2% 08/50","30yr",,,,,"362226396.55",,,,,,""
"2021-04-21","'36179TV69'","MBS","GNMA II MORTPASS 4% 04/48","30yr",,,,,"361332841.48",,,,,,""
"2021-04-21","'31335CJC9'","MBS","FHLMCGLD 3% 07/45","30yr",,,,,"360068147.28",,,,,,"Y"
"2021-04-21","'3133KJUD2'","MBS","UMBS MORTPASS 2.5% 08/50","30yr",,,,,"359082889.34",,,,,,""
"2021-04-21","'3138ETZP4'","MBS","UMBS MORTPASS 2% 09/28","15yr",,,,,"359027653.47",,,,,,"Y"
"2021-04-21","'36179TLS2'","MBS","GNMA II 3.5% 11/47","30yr",,,,,"358933538.83",,,,,,""
"2021-04-21","'3133KYTK5'","MBS","UMBS MORTPASS 2.5% 06/40","Other",,,,,"358602471.76",,,,,,""
"2021-04-21","'31334WLU3'","MBS","UMBS MORTPASS 3.5% 06/49","30yr",,,,,"357740662.71",,,,,,""
"2021-04-21","'36179NLC0'","MBS","GNMA II MORTPASS 3% 08/43","30yr",,,,,"356128497.03",,,,,,""
"2021-04-21","'36179TXV2'","MBS","GNMA II MORTPASS 4% 05/48","30yr",,,,,"355980813.85",,,,,,""
"2021-04-21","'3132DWA60'","MBS","UMBS MORTPASS 2.5% 02/51","30yr",,,,,"353579613.69",,,,,,""
"2021-04-21","'3140X5JB0'","MBS","UMBS MORTPASS 2.5% 12/34","15yr",,,,,"353469319.46",,,,,,""
"2021-04-21","'31335AL30'","MBS","FHLMCGLD 4% 06/41","30yr",,,,,"353448640.73",,,,,,"Y"
"2021-04-21","'3140K0GS1'","MBS","UMBS MORTPASS 3% 11/49","30yr",,,,,"351002944.2",,,,,,""
"2021-04-21","'36179MVS6'","MBS","GNMA II 3.5% 12/42","30yr",,,,,"348928726.92",,,,,,""
"2021-04-21","'31418DM90'","MBS","UMBS MORTPASS 2% 04/35","15yr",,,,,"348453238.88",,,,,,""
"2021-04-21","'3140JQRY1'","MBS","UMBS MORTPASS 3.5% 08/49","30yr",,,,,"347603569.01",,,,,,""
"2021-04-21","'3138ESAH1'","MBS","UMBS MORTPASS 2.5% 12/26","Other",,,,,"347567630.76",,,,,,"Y"
"2021-04-21","'3138EQZZ8'","MBS","UMBS MORTPASS 3.5% 05/29","15yr",,,,,"347496015.69",,,,,,"Y"
"2021-04-21","'36202FZX7'","MBS","GNMA II 3.5% 12/41","30yr",,,,,"347493726.7",,,,,,""
"2021-04-21","'31418CU77'","MBS","UMBS MORTPASS 3.5% 03/48","30yr",,,,,"345635525.37",,,,,,""
"2021-04-21","'3133KHX84'","MBS","UMBS MORTPASS 3% 05/50","30yr",,,,,"345480813.32",,,,,,""
"2021-04-21","'36179QWD9'","MBS","GNMA II MORTPASS 3% 12/44","30yr",,,,,"345061403.24",,,,,,""
"2021-04-21","'36179TJW6'","MBS","GNMA II MORTPASS 3% 10/47","30yr",,,,,"344532355.81",,,,,,""
"2021-04-21","'3128MESY8'","MBS","FHLMCGLD 3% 08/29","15yr",,,,,"344143942.23",,,,,,"Y"
"2021-04-21","'31418DMN9'","MBS","UMBS MORTPASS 2.5% 03/50","30yr",,,,,"339132976.29",,,,,,""
"2021-04-21","'3140QDGU2'","MBS","UMBS MORTPASS 3% 04/50","30yr",,,,,"338642754.98",,,,,,""
"2021-04-21","'3140KTT47'","MBS","UMBS MORTPASS 2% 03/51","30yr",,,,,"338405095",,,,,,""
"2021-04-21","'3140KEFQ6'","MBS","UMBS MORTPASS 2.5% 07/50","30yr",,,,,"338003787.71",,,,,,""
"2021-04-21","'36179SJU2'","MBS","GNMA II MORTPASS 4% 08/46","30yr",,,,,"337791535.86",,,,,,""
"2021-04-21","'3133KHVX1'","MBS","UMBS MORTPASS 3% 04/50","30yr",,,,,"337217088.29",,,,,,""
"2021-04-21","'3132ADPD4'","MBS","UMBS MORTPASS 4% 11/48","30yr",,,,,"337109231.66",,,,,,""
"2021-04-21","'3140QBTE8'","MBS","UMBS MORTPASS 3% 09/49","30yr",,,,,"336137609.41",,,,,,""
"2021-04-21","'36179TJY2'","MBS","GNMA II MORTPASS 4% 10/47","30yr",,,,,"334051313.96",,,,,,""
"2021-04-21","'3140X7PZ6'","MBS","UMBS MORTPASS 2% 10/35","15yr",,,,,"333703010.24",,,,,,""
"2021-04-21","'3132DV4J1'","MBS","UMBS MORTPASS 3.5% 11/49","30yr",,,,,"332609996.92",,,,,,""
"2021-04-21","'3140K8UU3'","MBS","UMBS MORTPASS 2.5% 04/50","30yr",,,,,"331385361.02",,,,,,""
"2021-04-21","'36179MK66'","MBS","GNMA II MORTPASS 3% 08/42","30yr",,,,,"330015888.21",,,,,,""
"2021-04-21","'3138EHBV3'","MBS","UMBS MORTPASS 5% 07/39","30yr",,,,,"329594301.16",,,,,,"Y"
"2021-04-21","'3138ETVS2'","MBS","UMBS MORTPASS 2.5% 03/30","15yr",,,,,"328929377.08",,,,,,"Y"
"2021-04-21","'3128MMVZ3'","MBS","FHLMCGLD 2.5% 02/32","15yr",,,,,"328357165.95",,,,,,""
"2021-04-21","'36179SLT2'","MBS","GNMA II MORTPASS 4% 09/46","30yr",,,,,"327843763.33",,,,,,""
"2021-04-21","'36179TNS0'","MBS","GNMA II MORTPASS 4% 12/47","30yr",,,,,"326152814.86",,,,,,""
"2021-04-21","'31418DZH8'","MBS","UMBS MORTPASS 1.5% 05/51","30yr",,,,,"326128664",,,,,,""
"2021-04-21","'36179MX47'","MBS","GNMA II 3.5% 01/43","30yr",,,,,"325089441.81",,,,,,""
"2021-04-21","'3133A8X69'","MBS","UMBS MORTPASS 2.5% 08/50","30yr",,,,,"324929288.68",,,,,,""
"2021-04-21","'3140K9EF2'","MBS","UMBS MORTPASS 3% 04/50","30yr",,,,,"324541982.87",,,,,,""
"2021-04-21","'3140KVJ27'","MBS","UMBS MORTPASS 1.5% 12/35","15yr",,,,,"324359106.71",,,,,,""
"2021-04-21","'3140JPM44'","MBS","UMBS MORTPASS 3% 06/49","30yr",,,,,"323538428.23",,,,,,""
"2021-04-21","'3128MESX0'","MBS","FHLMCGLD 2.5% 08/27","15yr",,,,,"323415052.72",,,,,,"Y"
"2021-04-21","'3132D53T7'","MBS","UMBS MORTPASS 2.5% 10/34","15yr",,,,,"322984412.12",,,,,,""
"2021-04-21","'3140X72A6'","MBS","UMBS MORTPASS 1.5% 11/35","15yr",,,,,"322914633.51",,,,,,""
"2021-04-21","'3128MFC89'","MBS","FHLMCGLD 2.5% 04/30","15yr",,,,,"322315119.19",,,,,,"Y"
"2021-04-21","'36179TZ57'","MBS","GNMA II MORTPASS 4% 06/48","30yr",,,,,"321203493.87",,,,,,""
"2021-04-21","'36179TNQ4'","MBS","GNMA II MORTPASS 3% 12/47","30yr",,,,,"320394479.1",,,,,,""
"2021-04-21","'36179RQZ5'","MBS","GNMA II MORTPASS 3% 10/45","30yr",,,,,"319973284.66",,,,,,""
"2021-04-21","'3140QCMQ6'","MBS","UMBS MORTPASS 3% 12/49","30yr",,,,,"319789821.02",,,,,,""
"2021-04-21","'3133KHYD2'","MBS","UMBS MORTPASS 3% 04/50","30yr",,,,,"318583177.71",,,,,,""
"2021-04-21","'3132DV6T7'","MBS","UMBS MORTPASS 1.5% 10/50","30yr",,,,,"318552167.28",,,,,,""
"2021-04-21","'31418DAR3'","MBS","UMBS MORTPASS 4% 03/49","30yr",,,,,"318286284.84",,,,,,""
"2021-04-21","'3128M8YC2'","MBS","FHLMCGLD 4.5% 05/39","30yr",,,,,"317339255.24",,,,,,"Y"
"2021-04-21","'3132DV4E2'","MBS","UMBS MORTPASS 2.5% 09/49","30yr",,,,,"316586858.59",,,,,,""
"2021-04-21","'36179RXC8'","MBS","GNMA II MORTPASS 3% 01/46","30yr",,,,,"316507659.24",,,,,,""
"2021-04-21","'3140K0GU6'","MBS","UMBS MORTPASS 3% 11/49","30yr",,,,,"316129915.35",,,,,,""
"2021-04-21","'3140QGVD6'","MBS","UMBS MORTPASS 2% 01/36","15yr",,,,,"315576524.07",,,,,,""
"2021-04-21","'3132DV3L7'","MBS","UMBS MORTPASS 4% 07/49","30yr",,,,,"315248504.29",,,,,,""
"2021-04-21","'3140KTTX3'","MBS","UMBS MORTPASS 2% 03/51","30yr",,,,,"312054943",,,,,,""
"2021-04-21","'3140QCQ82'","MBS","UMBS MORTPASS 3% 01/50","30yr",,,,,"311508464.87",,,,,,""
"2021-04-21","'3133A3YM4'","MBS","UMBS MORTPASS 2.5% 04/50","30yr",,,,,"307488500.89",,,,,,""
"2021-04-21","'36179U6W7'","MBS","GNMA II MORTPASS 4% 11/49","30yr",,,,,"307308031.14",,,,,,""
"2021-04-21","'31334XEQ8'","MBS","UMBS MORTPASS 3.5% 07/49","30yr",,,,,"307280454.41",,,,,,""
"2021-04-21","'36179TSG1'","MBS","GNMA II 3.5% 02/48","30yr",,,,,"306700440.05",,,,,,""
"2021-04-21","'31418DLV2'","MBS","UMBS MORTPASS 3.5% 02/50","30yr",,,,,"306330977.34",,,,,,""
"2021-04-21","'3140X5R96'","MBS","UMBS MORTPASS 4% 10/44","30yr",,,,,"304310616.02",,,,,,"Y"
"2021-04-21","'31335AL97'","MBS","FHLMCGLD 4% 12/42","30yr",,,,,"303229231.6",,,,,,"Y"
"2021-04-21","'3140QDBC7'","MBS","UMBS MORTPASS 3% 03/50","30yr",,,,,"301738881.05",,,,,,""
"2021-04-21","'3138EGWH3'","MBS","UMBS MORTPASS 5.5% 09/39","30yr",,,,,"299675064.71",,,,,,"Y"
"2021-04-21","'3140QE6Z0'","MBS","UMBS MORTPASS 2.5% 07/50","30yr",,,,,"298861100.01",,,,,,""
"2021-04-21","'3140K3BG6'","MBS","UMBS MORTPASS 3% 01/50","30yr",,,,,"298275301.74",,,,,,""
"2021-04-21","'31335CJT2'","MBS","FHLMCGLD 3.5% 01/44","30yr",,,,,"297703003.03",,,,,,"Y"
"2021-04-21","'3132A5J63'","MBS","UMBS MORTPASS 4% 08/48","30yr",,,,,"296694394.29",,,,,,""
"2021-04-21","'3140X7E54'","MBS","UMBS MORTPASS 2% 09/35","15yr",,,,,"296570168.82",,,,,,""
"2021-04-21","'3133KHTA4'","MBS","UMBS MORTPASS 3% 03/50","30yr",,,,,"296405118.53",,,,,,""
"2021-04-21","'3133KHGE0'","MBS","UMBS MORTPASS 3% 01/50","30yr",,,,,"296303947.88",,,,,,""
"2021-04-21","'3140QF2B4'","MBS","UMBS MORTPASS 2% 11/50","30yr",,,,,"295613831.38",,,,,,""
"2021-04-21","'3140X57L1'","MBS","UMBS MORTPASS 2.5% 01/50","30yr",,,,,"294487625.12",,,,,,""
"2021-04-21","'3138ERKR0'","MBS","UMBS MORTPASS 3.5% 03/43","30yr",,,,,"294384962.45",,,,,,"Y"
"2021-04-21","'3140X57C1'","MBS","UMBS MORTPASS 2.5% 01/50","30yr",,,,,"292774553.27",,,,,,""
"2021-04-21","'31418C6A7'","MBS","UMBS MORTPASS 4.5% 01/49","30yr",,,,,"291879132.17",,,,,,""
"2021-04-21","'3140QCSF4'","MBS","UMBS MORTPASS 3% 01/50","30yr",,,,,"291572121.59",,,,,,""
"2021-04-21","'3138EHBS0'","MBS","UMBS MORTPASS 5% 08/39","30yr",,,,,"291076513.62",,,,,,"Y"
"2021-04-21","'3138EQZY1'","MBS","UMBS MORTPASS 3.5% 01/29","15yr",,,,,"290903466.93",,,,,,"Y"
"2021-04-21","'3140KCHC9'","MBS","UMBS MORTPASS 2.5% 05/50","30yr",,,,,"290411377.95",,,,,,""
"2021-04-21","'3128MJZQ6'","MBS","FHLMCGLD 3% 03/47","30yr",,,,,"289282963.64",,,,,,""
"2021-04-21","'3138ERDY3'","MBS","UMBS MORTPASS 3% 01/44","30yr",,,,,"288125553.48",,,,,,"Y"
"2021-04-21","'31335CJF2'","MBS","FHLMCGLD 4% 07/44","30yr",,,,,"287904696.92",,,,,,"Y"
"2021-04-21","'3138EQRR5'","MBS","UMBS MORTPASS 4.5% 01/43","30yr",,,,,"286826171.59",,,,,,"Y"
"2021-04-21","'3133KYS83'","MBS","UMBS MORTPASS 2.5% 04/40","Other",,,,,"286380113",,,,,,""
"2021-04-21","'3132AEE44'","MBS","UMBS MORTPASS 3% 05/49","30yr",,,,,"283293207.24",,,,,,""
"2021-04-21","'3140JPM93'","MBS","UMBS MORTPASS 3.5% 06/49","30yr",,,,,"283096579.38",,,,,,""
"2021-04-21","'3132D54L3'","MBS","UMBS MORTPASS 3% 01/35","15yr",,,,,"282909772.59",,,,,,""
"2021-04-21","'31335CJD7'","MBS","FHLMCGLD 2.5% 03/43","30yr",,,,,"282800376.61",,,,,,"Y"
"2021-04-21","'3138EGXR0'","MBS","UMBS MORTPASS 5.5% 07/39","30yr",,,,,"282603233.58",,,,,,"Y"
"2021-04-21","'36179TQR9'","MBS","GNMA II 4.5% 01/48","30yr",,,,,"282530491.88",,,,,,""
"2021-04-21","'3140X72B4'","MBS","UMBS MORTPASS 2% 11/35","15yr",,,,,"282058216.5",,,,,,""
"2021-04-21","'3138EQQ88'","MBS","UMBS MORTPASS 4.5% 09/43","30yr",,,,,"281628724.82",,,,,,"Y"
"2021-04-21","'31418DB92'","MBS","UMBS MORTPASS 3.5% 05/49","30yr",,,,,"281471063.5",,,,,,""
"2021-04-21","'3140QD6D1'","MBS","UMBS MORTPASS 2% 07/35","15yr",,,,,"281282234.75",,,,,,""
"2021-04-21","'36179QYT2'","MBS","GNMA II MORTPASS 4% 01/45","30yr",,,,,"281149563.31",,,,,,""
"2021-04-21","'31418DJT0'","MBS","UMBS MORTPASS 4% 12/49","30yr",,,,,"279896104.61",,,,,,""
"2021-04-21","'3133KHS98'","MBS","UMBS MORTPASS 3% 03/50","30yr",,,,,"279469326.24",,,,,,""
"2021-04-21","'36179Q3K5'","MBS","GNMA II MORTPASS 4% 02/45","30yr",,,,,"276786755.17",,,,,,""
"2021-04-21","'36179UXR8'","MBS","GNMA II 2.5% 08/49","30yr",,,,,"276750792.87",,,,,,""
"2021-04-21","'3133KKX79'","MBS","UMBS MORTPASS 2% 09/50","30yr",,,,,"275130374.75",,,,,,""
"2021-04-21","'3138EQGB2'","MBS","UMBS MORTPASS 4% 09/41","30yr",,,,,"274912729.62",,,,,,"Y"
"2021-04-21","'3128M8QY3'","MBS","FHLMCGLD 4.5% 04/40","30yr",,,,,"274533358.95",,,,,,"Y"
"2021-04-21","'3132AEB96'","MBS","UMBS MORTPASS 4% 04/49","30yr",,,,,"274505447.51",,,,,,""
"2021-04-21","'3140QDTR5'","MBS","UMBS MORTPASS 2% 06/35","15yr",,,,,"274076080.45",,,,,,""
"2021-04-21","'3140HMRV8'","MBS","UMBS MORTPASS 4% 10/48","30yr",,,,,"273626966.1",,,,,,""
"2021-04-21","'3138EQKC5'","MBS","UMBS MORTPASS 4% 09/41","30yr",,,,,"272246100.31",,,,,,"Y"
"2021-04-21","'3132D53W0'","MBS","UMBS MORTPASS 2.5% 09/34","15yr",,,,,"271308074.9",,,,,,""
"2021-04-21","'3140QDTM6'","MBS","UMBS MORTPASS 2.5% 03/50","30yr",,,,,"270542899.76",,,,,,""
"2021-04-21","'3140X57M9'","MBS","UMBS MORTPASS 3% 03/50","30yr",,,,,"270434869.63",,,,,,""
"2021-04-21","'3132DV4X0'","MBS","UMBS MORTPASS 3.5% 01/50","30yr",,,,,"269401689",,,,,,""
"2021-04-21","'3133A3YP7'","MBS","UMBS MORTPASS 2.5% 04/50","30yr",,,,,"267077451.03",,,,,,""
"2021-04-21","'36202E6D6'","MBS","GNMA II 4.5% 06/39","30yr",,,,,"266005557.02",,,,,,""
"2021-04-21","'3138EQQ54'","MBS","UMBS MORTPASS 4% 06/43","30yr",,,,,"264786514.72",,,,,,"Y"
"2021-04-21","'3133A4CE4'","MBS","UMBS MORTPASS 2.5% 04/50","30yr",,,,,"264378989",,,,,,""
"2021-04-21","'3138ERVF4'","MBS","UMBS MORTPASS 4% 02/43","30yr",,,,,"264170307.85",,,,,,"Y"
"2021-04-21","'3138ETP91'","MBS","UMBS MORTPASS 4% 07/43","30yr",,,,,"263000573.48",,,,,,"Y"
"2021-04-21","'31335AHS0'","MBS","FHLMCGLD 3.5% 02/43","30yr",,,,,"262676509.59",,,,,,"Y"
"2021-04-21","'3140KAAV8'","MBS","UMBS MORTPASS 2.5% 04/50","30yr",,,,,"261670780.33",,,,,,""
"2021-04-21","'3140JHZH9'","MBS","UMBS MORTPASS 4% 11/48","30yr",,,,,"260966305.42",,,,,,""
"2021-04-21","'36179SNW3'","MBS","GNMA II MORTPASS 4% 10/46","30yr",,,,,"260909712.5",,,,,,""
"2021-04-21","'3133AKKG4'","MBS","UMBS MORTPASS 2% 04/51","30yr",,,,,"260886315",,,,,,""
"2021-04-21","'3128MF2E7'","MBS","FHLMCGLD 2.5% 11/28","15yr",,,,,"260234056.04",,,,,,"Y"
"2021-04-21","'3140X4RK4'","MBS","UMBS MORTPASS 4.5% 06/49","30yr",,,,,"260108225.88",,,,,,""
"2021-04-21","'36179RLQ0'","MBS","GNMA II MORTPASS 4% 08/45","30yr",,,,,"259815338.73",,,,,,""
"2021-04-21","'31418DQ21'","MBS","UMBS MORTPASS 2.5% 07/40","Other",,,,,"259814869.52",,,,,,""
"2021-04-21","'3140QCYQ3'","MBS","UMBS MORTPASS 3% 02/50","30yr",,,,,"259727375.97",,,,,,""
"2021-04-21","'3138EQLT7'","MBS","UMBS MORTPASS 2.5% 08/27","15yr",,,,,"258149669.37",,,,,,"Y"
"2021-04-21","'3140K9ED7'","MBS","UMBS MORTPASS 3% 04/50","30yr",,,,,"257943504.83",,,,,,""
"2021-04-21","'31418DND0'","MBS","UMBS MORTPASS 2.5% 04/40","Other",,,,,"257751660.26",,,,,,""
"2021-04-21","'3140HMXN9'","MBS","UMBS MORTPASS 4% 10/48","30yr",,,,,"257257343.22",,,,,,""
"2021-04-21","'3133AKB74'","MBS","UMBS MORTPASS 1.5% 04/51","30yr",,,,,"255380424",,,,,,""
"2021-04-21","'3140GYJX8'","MBS","UMBS MORTPASS 3.5% 02/48","30yr",,,,,"255214938.4",,,,,,""
"2021-04-21","'3140QCVN3'","MBS","UMBS MORTPASS 3% 02/50","30yr",,,,,"255096685.81",,,,,,""
"2021-04-21","'3138ETVT0'","MBS","UMBS MORTPASS 2.5% 11/29","15yr",,,,,"254732613.48",,,,,,"Y"
"2021-04-21","'3128ME2P5'","MBS","FHLMCGLD 2.5% 09/30","15yr",,,,,"254684866.53",,,,,,"Y"
"2021-04-21","'3138ETUU8'","MBS","UMBS MORTPASS 4% 01/44","30yr",,,,,"253537835.89",,,,,,"Y"
"2021-04-21","'3138EHA77'","MBS","UMBS MORTPASS 5.5% 01/40","30yr",,,,,"252429683.94",,,,,,"Y"
"2021-04-21","'31418DMP4'","MBS","UMBS MORTPASS 2.5% 03/40","Other",,,,,"252089984.2",,,,,,""
"2021-04-21","'3140QEUQ3'","MBS","UMBS MORTPASS 2.5% 08/50","30yr",,,,,"251039476.53",,,,,,""
"2021-04-21","'3138EHBT8'","MBS","UMBS MORTPASS 5.5% 01/40","30yr",,,,,"250902295.5",,,,,,"Y"
"2021-04-21","'3133AJCZ4'","MBS","UMBS MORTPASS 2% 03/51","30yr",,,,,"249175188",,,,,,""
"2021-04-21","'3133AG7G8'","MBS","UMBS MORTPASS 2% 03/51","30yr",,,,,"248411609",,,,,,""
"2021-04-21","'3140QFLD9'","MBS","UMBS MORTPASS 2% 08/50","30yr",,,,,"247784254.76",,,,,,""
"2021-04-21","'3140X6V99'","MBS","UMBS MORTPASS 2.5% 05/50","30yr",,,,,"247492676.14",,,,,,""
"2021-04-21","'3140QGVC8'","MBS","UMBS MORTPASS 1.5% 01/36","15yr",,,,,"247187056.82",,,,,,""
"2021-04-21","'3140X46D3'","MBS","UMBS MORTPASS 3.5% 02/33","15yr",,,,,"244434489.94",,,,,,"Y"
"2021-04-21","'3133A8X77'","MBS","UMBS MORTPASS 2.5% 08/50","30yr",,,,,"244312982.58",,,,,,""
"2021-04-21","'3140JSEK1'","MBS","UMBS MORTPASS 1.5% 04/51","30yr",,,,,"244296733.76",,,,,,""
"2021-04-21","'31418DGN6'","MBS","UMBS MORTPASS 4% 10/49","30yr",,,,,"243997362.5",,,,,,""
"2021-04-21","'36179M5M8'","MBS","GNMA II 3.5% 03/43","30yr",,,,,"243766348.4",,,,,,""
"2021-04-21","'3138ETUW4'","MBS","UMBS MORTPASS 2% 02/28","15yr",,,,,"243473029.89",,,,,,"Y"
"2021-04-21","'3133ACDK1'","MBS","UMBS MORTPASS 2% 11/50","30yr",,,,,"243266558.13",,,,,,""
"2021-04-21","'3140X7XM6'","MBS","UMBS MORTPASS 2% 09/35","15yr",,,,,"243188923.83",,,,,,""
"2021-04-21","'3140QBZU5'","MBS","UMBS MORTPASS 3.5% 10/49","30yr",,,,,"242049820.58",,,,,,""
"2021-04-21","'3140KR7F0'","MBS","UMBS MORTPASS 1.5% 11/35","15yr",,,,,"241943042.04",,,,,,""
"2021-04-21","'3140QHNZ4'","MBS","UMBS MORTPASS 2% 03/51","30yr",,,,,"239721550",,,,,,""
"2021-04-21","'36179TJX4'","MBS","GNMA II 3.5% 10/47","30yr",,,,,"239480160.45",,,,,,""
"2021-04-21","'3140K8UK5'","MBS","UMBS MORTPASS 2.5% 04/50","30yr",,,,,"237661028.54",,,,,,""
"2021-04-21","'36179TG33'","MBS","GNMA II MORTPASS 3% 09/47","30yr",,,,,"236271259.45",,,,,,""
"2021-04-21","'3140J6GJ0'","MBS","UMBS MORTPASS 3.5% 05/47","30yr",,,,,"235945511.83",,,,,,""
"2021-04-21","'3133KHT30'","MBS","UMBS MORTPASS 3% 12/49","30yr",,,,,"235779466.88",,,,,,""
"2021-04-21","'31418DYC0'","MBS","UMBS MORTPASS 2.5% 04/51","30yr",,,,,"235388267.34",,,,,,""
"2021-04-21","'31334YGF8'","MBS","UMBS MORTPASS 3.5% 08/49","30yr",,,,,"235062760.17",,,,,,""
"2021-04-21","'3128MF2N7'","MBS","FHLMCGLD 3% 01/29","15yr",,,,,"234025336.57",,,,,,"Y"
"2021-04-21","'3133A3X94'","MBS","UMBS MORTPASS 3% 04/50","30yr",,,,,"233583665.47",,,,,,""
"2021-04-21","'3133AFTZ4'","MBS","UMBS MORTPASS 1.5% 02/51","30yr",,,,,"232839514.17",,,,,,""
"2021-04-21","'3132A5KB0'","MBS","UMBS MORTPASS 4% 09/48","30yr",,,,,"231566804",,,,,,""
"2021-04-21","'3140QHCC7'","MBS","UMBS MORTPASS 2.5% 12/50","30yr",,,,,"231534435.67",,,,,,""
"2021-04-21","'3133KHJE7'","MBS","UMBS MORTPASS 3% 01/50","30yr",,,,,"230810601.19",,,,,,""
"2021-04-21","'3140K5JP3'","MBS","UMBS MORTPASS 3% 02/50","30yr",,,,,"230065127.85",,,,,,""
"2021-04-21","'3140JPKH7'","MBS","UMBS MORTPASS 3.5% 05/49","30yr",,,,,"229574661.39",,,,,,""
"2021-04-21","'3140QBJM1'","MBS","UMBS MORTPASS 3.5% 07/49","30yr",,,,,"229296732.75",,,,,,""
"2021-04-21","'3140J6GL5'","MBS","UMBS MORTPASS 4% 10/47","30yr",,,,,"229258304.16",,,,,,""
"2021-04-21","'3140QGTZ0'","MBS","UMBS MORTPASS 2% 10/50","30yr",,,,,"229216439.56",,,,,,""
"2021-04-21","'3133ACHK7'","MBS","UMBS MORTPASS 2% 11/50","30yr",,,,,"228912532.09",,,,,,""
"2021-04-21","'3133A7LB3'","MBS","UMBS MORTPASS 2.5% 07/50","30yr",,,,,"228707914.28",,,,,,""
"2021-04-21","'3140JQRB1'","MBS","UMBS MORTPASS 3% 08/49","30yr",,,,,"228213785.45",,,,,,""
"2021-04-21","'3133KJAF9'","MBS","UMBS MORTPASS 2.5% 05/50","30yr",,,,,"227960630.21",,,,,,""
"2021-04-21","'31418DRQ7'","MBS","UMBS MORTPASS 2.5% 08/40","Other",,,,,"227113455.98",,,,,,""
"2021-04-21","'3132DMKA2'","MBS","UMBS MORTPASS 4% 09/49","30yr",,,,,"226911593.27",,,,,,""
"2021-04-21","'3133AGK73'","MBS","UMBS MORTPASS 1.5% 03/51","30yr",,,,,"226838133.42",,,,,,""
"2021-04-21","'3132AEEZ5'","MBS","UMBS MORTPASS 4% 05/49","30yr",,,,,"226505271.77",,,,,,""
"2021-04-21","'3133AG6K0'","MBS","UMBS MORTPASS 1.5% 03/51","30yr",,,,,"226254665",,,,,,""
"2021-04-21","'3133A1B27'","MBS","UMBS MORTPASS 3% 01/50","30yr",,,,,"225990650.59",,,,,,""
"2021-04-21","'3138ERVJ6'","MBS","UMBS MORTPASS 4% 09/45","30yr",,,,,"225880613.12",,,,,,"Y"
"2021-04-21","'31335BAS5'","MBS","FHLMCGLD 4% 09/45","30yr",,,,,"225857571.88",,,,,,"Y"
"2021-04-21","'3140X3AX6'","MBS","UMBS MORTPASS 4% 03/49","30yr",,,,,"224850322.33",,,,,,""
"2021-04-21","'31418DCX8'","MBS","UMBS MORTPASS 3% 06/49","30yr",,,,,"224237502.76",,,,,,""
"2021-04-21","'31346YFY4'","MBS","UMBS MORTPASS 3% 11/49","30yr",,,,,"223872231.61",,,,,,""
"2021-04-21","'31334YCC9'","MBS","UMBS MORTPASS 3% 08/49","30yr",,,,,"221908513.75",,,,,,""
"2021-04-21","'3140K5LN5'","MBS","UMBS MORTPASS 3% 03/50","30yr",,,,,"221332005.21",,,,,,""
"2021-04-21","'3140X5CD3'","MBS","UMBS MORTPASS 3% 11/49","30yr",,,,,"221152714.18",,,,,,""
"2021-04-21","'36179SQX8'","MBS","GNMA II MORTPASS 4% 11/46","30yr",,,,,"221100073.33",,,,,,""
"2021-04-21","'3132A5JW6'","MBS","UMBS MORTPASS 3.5% 07/48","30yr",,,,,"220667832.69",,,,,,""
"2021-04-21","'3132DWBC6'","MBS","UMBS MORTPASS 2.5% 03/51","30yr",,,,,"218741341.52",,,,,,""
"2021-04-21","'3140KGX73'","MBS","UMBS MORTPASS 2% 07/35","15yr",,,,,"218589673.41",,,,,,""
"2021-04-21","'3140KNP36'","MBS","UMBS MORTPASS 1.5% 10/35","15yr",,,,,"218374633.18",,,,,,""
"2021-04-21","'3140QDZK3'","MBS","UMBS MORTPASS 2.5% 06/50","30yr",,,,,"218306990.38",,,,,,""
"2021-04-21","'31335A3L0'","MBS","FHLMCGLD 3.5% 06/44","30yr",,,,,"218199903.58",,,,,,"Y"
"2021-04-21","'31418DSL7'","MBS","UMBS MORTPASS 1.5% 09/35","15yr",,,,,"217819529.15",,,,,,""
"2021-04-21","'36179RZS1'","MBS","GNMA II MORTPASS 3% 02/46","30yr",,,,,"217751498.09",,,,,,""
"2021-04-21","'3140X6QM6'","MBS","UMBS MORTPASS 2% 07/35","15yr",,,,,"216739008.44",,,,,,""
"2021-04-21","'31418DTP7'","MBS","UMBS MORTPASS 1.5% 10/50","30yr",,,,,"216427899.21",,,,,,""
"2021-04-21","'3138ERDZ0'","MBS","UMBS MORTPASS 3.5% 11/42","30yr",,,,,"215921845.76",,,,,,"Y"
"2021-04-21","'31418CZH0'","MBS","UMBS MORTPASS 4% 08/48","30yr",,,,,"215363550.99",,,,,,""
"2021-04-21","'3140K5JQ1'","MBS","UMBS MORTPASS 3% 02/50","30yr",,,,,"214878999.01",,,,,,""
"2021-04-21","'3138EQRM6'","MBS","UMBS MORTPASS 4.5% 08/42","30yr",,,,,"214771300.73",,,,,,"Y"
"2021-04-21","'3138ERDX5'","MBS","UMBS MORTPASS 4% 06/43","30yr",,,,,"214538194.95",,,,,,"Y"
"2021-04-21","'31335APV4'","MBS","FHLMCGLD 4% 11/43","30yr",,,,,"214186451.13",,,,,,"Y"
"2021-04-21","'3133GCXB3'","MBS","UMBS MORTPASS 1.5% 04/36","15yr",,,,,"213971665",,,,,,""
"2021-04-21","'3140K3BE1'","MBS","UMBS MORTPASS 3% 01/50","30yr",,,,,"213816628.8",,,,,,""
"2021-04-21","'3140J5D63'","MBS","UMBS MORTPASS 4% 06/45","30yr",,,,,"213593509.15",,,,,,"Y"
"2021-04-21","'3132DV3P8'","MBS","UMBS MORTPASS 4% 08/49","30yr",,,,,"212685844.39",,,,,,""
"2021-04-21","'36179TNR2'","MBS","GNMA II 3.5% 12/47","30yr",,,,,"211590885.63",,,,,,""
"2021-04-21","'36179TQP3'","MBS","GNMA II 3.5% 01/48","30yr",,,,,"211539317.08",,,,,,""
"2021-04-21","'3140J8X57'","MBS","UMBS MORTPASS 3% 03/30","15yr",,,,,"211371585.92",,,,,,""
"2021-04-21","'3140QC4P8'","MBS","UMBS MORTPASS 2.5% 12/49","30yr",,,,,"208498911.75",,,,,,""
"2021-04-21","'3140QDZL1'","MBS","UMBS MORTPASS 2.5% 06/50","30yr",,,,,"208457372.47",,,,,,""
"2021-04-21","'3131YC5V4'","MBS","UMBS MORTPASS 3.5% 05/49","30yr",,,,,"207215346.53",,,,,,""
"2021-04-21","'3140QDDW1'","MBS","UMBS MORTPASS 2.5% 04/50","30yr",,,,,"206358005.14",,,,,,""
"2021-04-21","'3140KGXZ1'","MBS","UMBS MORTPASS 2.5% 07/50","30yr",,,,,"206265951.49",,,,,,""
"2021-04-21","'3140QDUN2'","MBS","UMBS MORTPASS 2.5% 06/50","30yr",,,,,"206075619.97",,,,,,""
"2021-04-21","'3140QC5B8'","MBS","UMBS MORTPASS 3% 12/49","30yr",,,,,"206020890.26",,,,,,""
"2021-04-21","'36179TCW3'","MBS","GNMA II MORTPASS 3% 07/47","30yr",,,,,"205732512.58",,,,,,""
"2021-04-21","'3132ADWE4'","MBS","UMBS MORTPASS 4% 12/48","30yr",,,,,"205557051.23",,,,,,""
"2021-04-21","'3140QEUP5'","MBS","UMBS MORTPASS 2% 08/50","30yr",,,,,"204848932.12",,,,,,""
"2021-04-21","'3140QDAT1'","MBS","UMBS MORTPASS 2.5% 03/50","30yr",,,,,"204822420.41",,,,,,""
"2021-04-21","'3140X6CD1'","MBS","UMBS MORTPASS 2.5% 08/31","15yr",,,,,"204732397.16",,,,,,""
"2021-04-21","'3140X46C5'","MBS","UMBS MORTPASS 2.5% 08/31","15yr",,,,,"204151104.18",,,,,,"Y"
"2021-04-21","'36179T4P7'","MBS","GNMA II MORTPASS 4% 07/48","30yr",,,,,"204124339.08",,,,,,""
"2021-04-21","'3138EQZ21'","MBS","UMBS MORTPASS 3.5% 07/29","15yr",,,,,"203918714.33",,,,,,"Y"
"2021-04-21","'3128MER94'","MBS","FHLMCGLD 3.5% 05/29","15yr",,,,,"202610727.38",,,,,,"Y"
"2021-04-21","'36179TEY7'","MBS","GNMA II MORTPASS 3% 08/47","30yr",,,,,"202487629.5",,,,,,""
"2021-04-21","'3132D54V1'","MBS","UMBS MORTPASS 3% 03/35","15yr",,,,,"202417730.7",,,,,,""
"2021-04-21","'3140HF3Q0'","MBS","UMBS MORTPASS 2.5% 06/50","30yr",,,,,"202306638.35",,,,,,""
"2021-04-21","'3138ERVH0'","MBS","UMBS MORTPASS 3% 02/45","30yr",,,,,"200812797.2",,,,,,"Y"
"2021-04-21","'3140QKAA6'","MBS","UMBS MORTPASS 2% 01/36","15yr",,,,,"200729385.3",,,,,,""
"2021-04-21","'3140K8US8'","MBS","UMBS MORTPASS 3% 04/50","30yr",,,,,"200710562.51",,,,,,""
"2021-04-21","'31418CUA0'","MBS","UMBS MORTPASS 3.5% 02/48","30yr",,,,,"200684660.27",,,,,,""
"2021-04-21","'31335AYS1'","MBS","FHLMCGLD 3.5% 07/43","30yr",,,,,"200217644.72",,,,,,"Y"
"2021-04-21","'36179N5V6'","MBS","GNMA II 3.5% 03/44","30yr",,,,,"200154197.54",,,,,,""
"2021-04-21","'31418DXL1'","MBS","UMBS MORTPASS 2.5% 03/51","30yr",,,,,"199949855.38",,,,,,""
"2021-04-21","'31335AJK5'","MBS","FHLMCGLD 4.5% 10/41","30yr",,,,,"198282875.81",,,,,,"Y"
"2021-04-21","'3140X42J4'","MBS","UMBS MORTPASS 3% 10/49","30yr",,,,,"198207907.54",,,,,,""
"2021-04-21","'3140JWNQ9'","MBS","UMBS MORTPASS 3% 09/49","30yr",,,,,"198006746.74",,,,,,""
"2021-04-21","'3133KYS26'","MBS","UMBS MORTPASS 2.5% 03/40","Other",,,,,"197837158.02",,,,,,""
"2021-04-21","'3128M8WM2'","MBS","FHLMCGLD 5% 09/39","30yr",,,,,"197700986.34",,,,,,"Y"
"2021-04-21","'3128MFGC6'","MBS","FHLMCGLD 3.5% 10/30","15yr",,,,,"197354058.33",,,,,,"Y"
"2021-04-21","'31418DAQ5'","MBS","UMBS MORTPASS 3.5% 03/49","30yr",,,,,"197352507.5",,,,,,""
"2021-04-21","'3140KTTZ8'","MBS","UMBS MORTPASS 1.5% 03/51","30yr",,,,,"196837410",,,,,,""
"2021-04-21","'3140QKMN5'","MBS","UMBS MORTPASS 2% 02/36","15yr",,,,,"196812052",,,,,,""
"2021-04-21","'36202FLN4'","MBS","GNMA II MORTPASS 4% 10/40","30yr",,,,,"196415558.32",,,,,,""
"2021-04-21","'31418DCZ3'","MBS","UMBS MORTPASS 4% 06/49","30yr",,,,,"196370361.07",,,,,,""
"2021-04-21","'3140KEFR4'","MBS","UMBS MORTPASS 2.5% 07/50","30yr",,,,,"195468240.47",,,,,,""
"2021-04-21","'3133KHVP8'","MBS","UMBS MORTPASS 3% 04/50","30yr",,,,,"194870971.57",,,,,,""
"2021-04-21","'36179SSR9'","MBS","GNMA II MORTPASS 4% 12/46","30yr",,,,,"194407713.52",,,,,,""
"2021-04-21","'3140QHMY8'","MBS","UMBS MORTPASS 1.5% 03/51","30yr",,,,,"194382619",,,,,,""
"2021-04-21","'3138EGWQ3'","MBS","UMBS MORTPASS 4% 07/39","30yr",,,,,"193994226.42",,,,,,"Y"
"2021-04-21","'3128M8QQ0'","MBS","FHLMCGLD 4% 03/40","30yr",,,,,"193618640.99",,,,,,"Y"
"2021-04-21","'3140K7WQ2'","MBS","UMBS MORTPASS 3% 03/50","30yr",,,,,"192357897.06",,,,,,""
"2021-04-21","'3133A3CU0'","MBS","UMBS MORTPASS 3% 03/50","30yr",,,,,"191865417.42",,,,,,""
"2021-04-21","'3140KGW74'","MBS","UMBS MORTPASS 2% 07/35","15yr",,,,,"191153868.56",,,,,,""
"2021-04-21","'31335AYR3'","MBS","FHLMCGLD 3% 04/43","30yr",,,,,"191054427.75",,,,,,"Y"
"2021-04-21","'3138EHBU5'","MBS","UMBS MORTPASS 4.5% 07/39","30yr",,,,,"190768089.07",,,,,,"Y"
"2021-04-21","'3138EHBK7'","MBS","UMBS MORTPASS 5.5% 04/40","30yr",,,,,"190046764.75",,,,,,"Y"
"2021-04-21","'36179R4D8'","MBS","GNMA II MORTPASS 3% 03/46","30yr",,,,,"189789477.26",,,,,,""
"2021-04-21","'3140QCY26'","MBS","UMBS MORTPASS 3% 02/50","30yr",,,,,"189347489.15",,,,,,""
"2021-04-21","'3132CWLZ5'","MBS","UMBS MORTPASS 2% 07/35","15yr",,,,,"189173993.15",,,,,,""
"2021-04-21","'3138EHFK3'","MBS","UMBS MORTPASS 5% 03/39","30yr",,,,,"188843882.18",,,,,,"Y"
"2021-04-21","'3138EQQ96'","MBS","UMBS MORTPASS 3.5% 09/28","15yr",,,,,"188035469.55",,,,,,"Y"
"2021-04-21","'3140HAW71'","MBS","UMBS MORTPASS 3% 08/49","30yr",,,,,"187756630.44",,,,,,""
"2021-04-21","'3138EQBZ4'","MBS","UMBS MORTPASS 4.5% 05/41","30yr",,,,,"187728489.73",,,,,,"Y"
"2021-04-21","'3138ERDW7'","MBS","UMBS MORTPASS 3.5% 10/42","30yr",,,,,"187597978.36",,,,,,"Y"
"2021-04-21","'31335A2K3'","MBS","FHLMCGLD 4% 08/43","30yr",,,,,"187378164.94",,,,,,"Y"
"2021-04-21","'3140QE7C0'","MBS","UMBS MORTPASS 2% 07/35","15yr",,,,,"187294155.79",,,,,,""
"2021-04-21","'3138ERDV9'","MBS","UMBS MORTPASS 3% 01/43","30yr",,,,,"186782680.92",,,,,,"Y"
"2021-04-21","'3138ERKV1'","MBS","UMBS MORTPASS 3.5% 07/43","30yr",,,,,"185901102.5",,,,,,"Y"
"2021-04-21","'36202FEJ1'","MBS","GNMA II MORTPASS 5% 02/40","30yr",,,,,"185537792.51",,,,,,""
"2021-04-21","'3140JWNR7'","MBS","UMBS MORTPASS 3% 09/49","30yr",,,,,"184898547.91",,,,,,""
"2021-04-21","'3140X6BM2'","MBS","UMBS MORTPASS 3% 02/34","15yr",,,,,"183491031.2",,,,,,""
"2021-04-21","'36179TUC7'","MBS","GNMA II 4.5% 03/48","30yr",,,,,"183248981.02",,,,,,""
"2021-04-21","'31418CVE1'","MBS","UMBS MORTPASS 3% 03/33","15yr",,,,,"183196290.84",,,,,,""
"2021-04-21","'3133AG5E5'","MBS","UMBS MORTPASS 1.5% 03/51","30yr",,,,,"182761549",,,,,,""
"2021-04-21","'3133G9MJ5'","MBS","UMBS MORTPASS 2% 08/35","15yr",,,,,"182327832.15",,,,,,""
"2021-04-21","'3140KTTY1'","MBS","UMBS MORTPASS 2% 03/51","30yr",,,,,"182138111",,,,,,""
"2021-04-21","'36179S5K9'","MBS","GNMA II MORTPASS 3% 05/47","30yr",,,,,"181905791.45",,,,,,""
"2021-04-21","'3140K3LL4'","MBS","UMBS MORTPASS 3% 01/50","30yr",,,,,"181520106.8",,,,,,""
"2021-04-21","'3132AD6M5'","MBS","UMBS MORTPASS 3.5% 03/49","30yr",,,,,"181430318.4",,,,,,""
"2021-04-21","'3140HMR22'","MBS","UMBS MORTPASS 4.5% 10/48","30yr",,,,,"180997662",,,,,,""
"2021-04-21","'3140K3DZ2'","MBS","UMBS MORTPASS 3% 02/50","30yr",,,,,"180781489.52",,,,,,""
"2021-04-21","'31418DLQ3'","MBS","UMBS MORTPASS 3% 02/40","Other",,,,,"180087545.54",,,,,,""
"2021-04-21","'3133KYSV2'","MBS","UMBS MORTPASS 2.5% 02/40","Other",,,,,"179999329.85",,,,,,""
"2021-04-21","'3140K3DY5'","MBS","UMBS MORTPASS 3% 02/50","30yr",,,,,"179839469.44",,,,,,""
"2021-04-21","'3140X4HY5'","MBS","UMBS MORTPASS 3% 08/49","30yr",,,,,"179447074.44",,,,,,""
"2021-04-21","'3138EQRB0'","MBS","UMBS MORTPASS 4.5% 06/42","30yr",,,,,"179372784.11",,,,,,"Y"
"2021-04-21","'3140KHTT8'","MBS","UMBS MORTPASS 2% 08/35","15yr",,,,,"179117790.5",,,,,,""
"2021-04-21","'3128M8X41'","MBS","FHLMCGLD 5% 06/40","30yr",,,,,"178670242.66",,,,,,"Y"
"2021-04-21","'3622A2SC7'","MBS","GNMA II MORTPASS 3% 02/46","30yr",,,,,"177863667.86",,,,,,""
"2021-04-21","'3138EQKF8'","MBS","UMBS MORTPASS 3.5% 09/28","15yr",,,,,"176983234.9",,,,,,"Y"
"2021-04-21","'3140JXTC2'","MBS","UMBS MORTPASS 3.5% 11/49","30yr",,,,,"176940535.96",,,,,,""
"2021-04-21","'3133KJ3U4'","MBS","UMBS MORTPASS 2.5% 09/50","30yr",,,,,"175761496.08",,,,,,""
"2021-04-21","'3132D54R0'","MBS","UMBS MORTPASS 3% 02/35","15yr",,,,,"174874215.33",,,,,,""
"2021-04-21","'31418DJN3'","MBS","UMBS MORTPASS 3% 12/39","Other",,,,,"174816565.43",,,,,,""
"2021-04-21","'31346YXJ7'","MBS","UMBS MORTPASS 3% 12/49","30yr",,,,,"174685482.3",,,,,,""
"2021-04-21","'3133G9PP8'","MBS","UMBS MORTPASS 2% 08/35","15yr",,,,,"173874480.37",,,,,,""
"2021-04-21","'3140KHT92'","MBS","UMBS MORTPASS 2% 08/35","15yr",,,,,"173844374.86",,,,,,""
"2021-04-21","'31418DKC5'","MBS","UMBS MORTPASS 3% 01/40","Other",,,,,"173819013.7",,,,,,""
"2021-04-21","'3133KHT97'","MBS","UMBS MORTPASS 2.5% 03/50","30yr",,,,,"173172532.16",,,,,,""
"2021-04-21","'3140KEM96'","MBS","UMBS MORTPASS 2.5% 09/50","30yr",,,,,"172965281.68",,,,,,""
"2021-04-21","'36179TNT8'","MBS","GNMA II 4.5% 12/47","30yr",,,,,"172831370.05",,,,,,""
"2021-04-21","'3133A8MD6'","MBS","UMBS MORTPASS 2.5% 08/50","30yr",,,,,"172537398.33",,,,,,""
"2021-04-21","'3133GAJK3'","MBS","UMBS MORTPASS 2% 10/35","15yr",,,,,"172007827.45",,,,,,""
"2021-04-21","'3133KK5H8'","MBS","UMBS MORTPASS 2% 01/51","30yr",,,,,"171600700.44",,,,,,""
"2021-04-21","'3132A7WG2'","MBS","UMBS MORTPASS 2.5% 03/28","15yr",,,,,"171249236.57",,,,,,""
"2021-04-21","'3140QGLQ8'","MBS","UMBS MORTPASS 2.5% 11/50","30yr",,,,,"170772851.2",,,,,,""
"2021-04-21","'3128MER60'","MBS","FHLMCGLD 3.5% 02/29","15yr",,,,,"170571386.96",,,,,,"Y"
"2021-04-21","'31346YXE8'","MBS","UMBS MORTPASS 3% 12/49","30yr",,,,,"170411157.58",,,,,,""
"2021-04-21","'3138ERDS6'","MBS","UMBS MORTPASS 4% 09/42","30yr",,,,,"169850827.37",,,,,,"Y"
"2021-04-21","'3138EGQC1'","MBS","UMBS MORTPASS 5.5% 10/39","30yr",,,,,"169785463.25",,,,,,"Y"
"2021-04-21","'3133KHZX7'","MBS","UMBS 3.0%","30yr",,,,,"169522735.48",,,,,,""
"2021-04-21","'3140KHUN9'","MBS","UMBS MORTPASS 2% 08/35","15yr",,,,,"169077493.04",,,,,,""
"2021-04-21","'3133KHWZ5'","MBS","UMBS MORTPASS 2.5% 04/50","30yr",,,,,"169004577.54",,,,,,""
"2021-04-21","'3132ACYG9'","MBS","UMBS MORTPASS 3.5% 10/48","30yr",,,,,"168717461.76",,,,,,""
"2021-04-21","'3140FPFQ7'","MBS","UMBS MORTPASS 4% 07/47","30yr",,,,,"168405270.35",,,,,,""
"2021-04-21","'36179TLR4'","MBS","GNMA II MORTPASS 3% 11/47","30yr",,,,,"168279012.06",,,,,,""
"2021-04-21","'31418DEU2'","MBS","UMBS MORTPASS 4% 08/49","30yr",,,,,"168243454.65",,,,,,""
"2021-04-21","'3140QGTR8'","MBS","UMBS MORTPASS 2% 09/35","15yr",,,,,"167998023.74",,,,,,""
"2021-04-21","'36202FY67'","MBS","GNMA II MORTPASS 4% 11/41","30yr",,,,,"167276691.8",,,,,,""
"2021-04-21","'3140X6VF5'","MBS","UMBS MORTPASS 2% 08/35","15yr",,,,,"166745555.66",,,,,,""
"2021-04-21","'3140K5LM7'","MBS","UMBS MORTPASS 3% 03/50","30yr",,,,,"166200352.55",,,,,,""
"2021-04-21","'3138EQK68'","MBS","UMBS MORTPASS 3.5% 01/28","15yr",,,,,"165866041.54",,,,,,"Y"
"2021-04-21","'3140X7E70'","MBS","UMBS MORTPASS 2.5% 08/50","30yr",,,,,"164994794.4",,,,,,""
"2021-04-21","'3132A9SB4'","MBS","UMBS MORTPASS 2.5% 06/31","15yr",,,,,"164741431.42",,,,,,""
"2021-04-21","'3140KGWN9'","MBS","UMBS MORTPASS 2% 07/35","15yr",,,,,"164506198.42",,,,,,""
"2021-04-21","'31335A3K2'","MBS","FHLMCGLD 4% 01/44","30yr",,,,,"163675594.37",,,,,,"Y"
"2021-04-21","'36179TSH9'","MBS","GNMA II MORTPASS 4% 02/48","30yr",,,,,"161477381.39",,,,,,""
"2021-04-21","'31418DFS6'","MBS","UMBS MORTPASS 4% 09/49","30yr",,,,,"161314705.01",,,,,,""
"2021-04-21","'3622AAS70'","MBS","GNMA II MORTPASS 2% 09/50","30yr",,,,,"161032406.43",,,,,,""
"2021-04-21","'3128MFAV0'","MBS","FHLMCGLD 3.5% 01/29","15yr",,,,,"161014114.31",,,,,,"Y"
"2021-04-21","'31418DEL2'","MBS","UMBS MORTPASS 3% 08/34","15yr",,,,,"160806227.05",,,,,,""
"2021-04-21","'31418CYL2'","MBS","UMBS MORTPASS 3.5% 07/48","30yr",,,,,"160747767.27",,,,,,""
"2021-04-21","'3133KLW86'","MBS","UMBS MORTPASS 2% 01/51","30yr",,,,,"160467861",,,,,,""
"2021-04-21","'36179T4Q5'","MBS","GNMA II 4.5% 07/48","30yr",,,,,"160384406.36",,,,,,""
"2021-04-21","'3132ADWD6'","MBS","UMBS MORTPASS 3.5% 12/48","30yr",,,,,"160333734.36",,,,,,""
"2021-04-21","'31418C7F5'","MBS","UMBS MORTPASS 4.5% 02/49","30yr",,,,,"159656082.23",,,,,,""
"2021-04-21","'3133KHB21'","MBS","UMBS MORTPASS 3% 12/49","30yr",,,,,"159390205.3",,,,,,""
"2021-04-21","'3140KABZ8'","MBS","UMBS MORTPASS 2.5% 04/50","30yr",,,,,"158988765.75",,,,,,""
"2021-04-21","'3140QEJG8'","MBS","UMBS MORTPASS 2% 08/35","15yr",,,,,"158477913.9",,,,,,""
"2021-04-21","'3133KHG83'","MBS","UMBS 3.0%","30yr",,,,,"158287102.18",,,,,,""
"2021-04-21","'3140K0GR3'","MBS","UMBS MORTPASS 3% 11/49","30yr",,,,,"158223197.48",,,,,,""
"2021-04-21","'3140KRM71'","MBS","UMBS MORTPASS 1.5% 11/35","15yr",,,,,"158217476.48",,,,,,""
"2021-04-21","'3133A6QM6'","MBS","UMBS MORTPASS 2.5% 07/50","30yr",,,,,"157572786.82",,,,,,""
"2021-04-21","'3140KFMY8'","MBS","UMBS MORTPASS 2% 11/35","15yr",,,,,"157287949.02",,,,,,""
"2021-04-21","'31335A2G2'","MBS","FHLMCGLD 4% 03/42","30yr",,,,,"157215436.55",,,,,,"Y"
"2021-04-21","'3133AHAU1'","MBS","UMBS MORTPASS 2% 03/51","30yr",,,,,"157076218",,,,,,""
"2021-04-21","'3133KHG75'","MBS","UMBS 3.0%","30yr",,,,,"156728162.63",,,,,,""
"2021-04-21","'3140KEJ82'","MBS","UMBS MORTPASS 2% 08/35","15yr",,,,,"156722299.75",,,,,,""
"2021-04-21","'3138ERDT4'","MBS","UMBS MORTPASS 3% 06/28","15yr",,,,,"155230748.16",,,,,,"Y"
"2021-04-21","'3133KJLF7'","MBS","UMBS MORTPASS 3% 07/50","30yr",,,,,"154963242.14",,,,,,""
"2021-04-21","'3133A1BZ4'","MBS","UMBS MORTPASS 3% 01/50","30yr",,,,,"154738455.52",,,,,,""
"2021-04-21","'3133G9P29'","MBS","UMBS MORTPASS 2% 08/35","15yr",,,,,"154708001.04",,,,,,""
"2021-04-21","'3133G9C56'","MBS","UMBS MORTPASS 2% 07/35","15yr",,,,,"153608290.3",,,,,,""
"2021-04-21","'3132DWBJ1'","MBS","UMBS MORTPASS 2.5% 04/51","30yr",,,,,"153565579.69",,,,,,""
"2021-04-21","'3132DV4R3'","MBS","UMBS MORTPASS 4% 12/49","30yr",,,,,"153495796.14",,,,,,""
"2021-04-21","'3140QHPA7'","MBS","UMBS MORTPASS 2.5% 01/51","30yr",,,,,"153080955",,,,,,""
"2021-04-21","'3140KGXL2'","MBS","UMBS MORTPASS 2% 07/35","15yr",,,,,"152873060.95",,,,,,""
"2021-04-21","'3140QDJ88'","MBS","UMBS MORTPASS 2.5% 05/40","Other",,,,,"152697752.57",,,,,,""
"2021-04-21","'3138ERQF0'","MBS","UMBS MORTPASS 3% 07/26","Other",,,,,"152664190.92",,,,,,"Y"
"2021-04-21","'3140QDDD3'","MBS","UMBS MORTPASS 2% 04/35","15yr",,,,,"152510314.67",,,,,,""
"2021-04-21","'3140XADQ2'","MBS","UMBS MORTPASS 2% 03/51","30yr",,,,,"151620970",,,,,,""
"2021-04-21","'3133KHCA2'","MBS","UMBS MORTPASS 3% 12/49","30yr",,,,,"151277972.08",,,,,,""
"2021-04-21","'3140KRLU1'","MBS","UMBS MORTPASS 1.5% 10/35","15yr",,,,,"151264093.28",,,,,,""
"2021-04-21","'36202FV86'","MBS","GNMA II MORTPASS 4% 08/41","30yr",,,,,"151225352.5",,,,,,""
"2021-04-21","'3133AGZ51'","MBS","UMBS MORTPASS 1.5% 03/51","30yr",,,,,"151184526",,,,,,""
"2021-04-21","'3140QDBX1'","MBS","UMBS MORTPASS 2.5% 03/50","30yr",,,,,"151070227.43",,,,,,""
"2021-04-21","'36179TQQ1'","MBS","GNMA II MORTPASS 4% 01/48","30yr",,,,,"150829696.64",,,,,,""
"2021-04-21","'36179MG46'","MBS","GNMA II MORTPASS 3% 07/42","30yr",,,,,"150279051.61",,,,,,""
"2021-04-21","'3140K8UV1'","MBS","UMBS MORTPASS 2.5% 04/50","30yr",,,,,"150220607.96",,,,,,""
"2021-04-21","'31418DHH8'","MBS","UMBS MORTPASS 3% 11/39","Other",,,,,"150056382.39",,,,,,""
"2021-04-21","'3133KH2C9'","MBS","UMBS MORTPASS 3% 01/50","30yr",,,,,"149961421.7",,,,,,""
"2021-04-21","'3140QCMP8'","MBS","UMBS MORTPASS 3% 12/49","30yr",,,,,"149519379.14",,,,,,""
"2021-04-21","'31418DEK4'","MBS","UMBS MORTPASS 2.5% 08/34","15yr",,,,,"149382252.27",,,,,,""
"2021-04-21","'3128M8X25'","MBS","FHLMCGLD 5% 01/39","30yr",,,,,"149370448.8",,,,,,"Y"
"2021-04-21","'31418DFM9'","MBS","UMBS MORTPASS 3% 09/39","Other",,,,,"149180161.34",,,,,,""
"2021-04-21","'3140JWNV8'","MBS","UMBS MORTPASS 3.5% 09/49","30yr",,,,,"148799156.82",,,,,,""
"2021-04-21","'3133AGQK8'","MBS","UMBS MORTPASS 1.5% 03/51","30yr",,,,,"148773176.81",,,,,,""
"2021-04-21","'3140QDTN4'","MBS","UMBS MORTPASS 3% 05/50","30yr",,,,,"148743251.34",,,,,,""
"2021-04-21","'3140KUKG6'","MBS","UMBS MORTPASS 2% 01/51","30yr",,,,,"148479511.76",,,,,,""
"2021-04-21","'3133AEH31'","MBS","UMBS MORTPASS 2% 01/51","30yr",,,,,"147813977.11",,,,,,""
"2021-04-21","'3133KYS34'","MBS","UMBS MORTPASS 3% 03/40","Other",,,,,"146847113.72",,,,,,""
"2021-04-21","'3140KEDQ8'","MBS","UMBS MORTPASS 2.5% 06/50","30yr",,,,,"146832889.68",,,,,,""
"2021-04-21","'3138ERVG2'","MBS","UMBS MORTPASS 2.5% 08/43","30yr",,,,,"145884148.75",,,,,,"Y"
"2021-04-21","'31418DST0'","MBS","UMBS MORTPASS 2.5% 09/40","Other",,,,,"145586728.3",,,,,,""
"2021-04-21","'3140QEWN8'","MBS","UMBS MORTPASS 2.5% 09/50","30yr",,,,,"145054243.46",,,,,,""
"2021-04-21","'3138ERKU3'","MBS","UMBS MORTPASS 3% 09/29","15yr",,,,,"145022560.41",,,,,,"Y"
"2021-04-21","'3128M8WC4'","MBS","FHLMCGLD 4.5% 10/39","30yr",,,,,"144948730.94",,,,,,"Y"
"2021-04-21","'36202FE77'","MBS","GNMA II MORTPASS 5% 03/40","30yr",,,,,"144767490.52",,,,,,""
"2021-04-21","'3140XADT6'","MBS","UMBS MORTPASS 2% 03/51","30yr",,,,,"144692503",,,,,,""
"2021-04-21","'36179UCB6'","MBS","GNMA II MORTPASS 4% 09/48","30yr",,,,,"144676019.33",,,,,,""
"2021-04-21","'3140KXZJ8'","MBS","UMBS MORTPASS 1.5% 01/36","15yr",,,,,"144268911.74",,,,,,""
"2021-04-21","'3140HGBX4'","MBS","UMBS MORTPASS 2.5% 07/50","30yr",,,,,"144252579.39",,,,,,""
"2021-04-21","'3133L8BX2'","MBS","UMBS MORTPASS 1.5% 02/36","15yr",,,,,"144218573.94",,,,,,""
"2021-04-21","'3140K0SF6'","MBS","UMBS MORTPASS 3.5% 12/49","30yr",,,,,"144165936.15",,,,,,""
"2021-04-21","'3140K8UL3'","MBS","UMBS MORTPASS 3% 04/50","30yr",,,,,"143771805.05",,,,,,""
"2021-04-21","'3140X6AY7'","MBS","UMBS MORTPASS 4% 11/49","30yr",,,,,"143260131.64",,,,,,""
"2021-04-21","'36179TSF3'","MBS","GNMA II MORTPASS 3% 02/48","30yr",,,,,"143062959.17",,,,,,""
"2021-04-21","'3140L7ZH8'","MBS","UMBS MORTPASS 2% 04/51","30yr",,,,,"142966888",,,,,,""
"2021-04-21","'3140KXX84'","MBS","UMBS MORTPASS 1.5% 01/36","15yr",,,,,"142953085.66",,,,,,""
"2021-04-21","'3140QA3N8'","MBS","UMBS MORTPASS 4% 05/49","30yr",,,,,"142898090.36",,,,,,""
"2021-04-21","'3140QDBD5'","MBS","UMBS MORTPASS 3% 03/50","30yr",,,,,"142216298",,,,,,""
"2021-04-21","'36179TLU7'","MBS","GNMA II 4.5% 11/47","30yr",,,,,"142112198.72",,,,,,""
"2021-04-21","'3140X7WX3'","MBS","UMBS MORTPASS 2.5% 09/50","30yr",,,,,"141753545.72",,,,,,""
"2021-04-21","'3140K8UE9'","MBS","UMBS MORTPASS 3% 04/50","30yr",,,,,"141484057.01",,,,,,""
"2021-04-21","'3133A6UH2'","MBS","UMBS MORTPASS 2.5% 06/50","30yr",,,,,"140761627.83",,,,,,""
"2021-04-21","'3132J4JF7'","MBS","FHLMCGLD 3.5% 02/36","Other",,,,,"140693487.71",,,,,,"Y"
"2021-04-21","'3140X53V3'","MBS","UMBS MORTPASS 2.5% 06/29","15yr",,,,,"139626902.59",,,,,,""
"2021-04-21","'31418DBH4'","MBS","UMBS MORTPASS 4.5% 04/49","30yr",,,,,"139517321.16",,,,,,""
"2021-04-21","'3132A5H73'","MBS","UMBS MORTPASS 3% 02/48","30yr",,,,,"138939737.62",,,,,,""
"2021-04-21","'3140JXRN0'","MBS","UMBS MORTPASS 3% 10/49","30yr",,,,,"138842932.35",,,,,,""
"2021-04-21","'3140KDMN7'","MBS","UMBS MORTPASS 2.5% 05/50","30yr",,,,,"138617133.64",,,,,,""
"2021-04-21","'3133AAXB3'","MBS","UMBS MORTPASS 2% 10/50","30yr",,,,,"138403009.74",,,,,,""
"2021-04-21","'3133A3N79'","MBS","UMBS MORTPASS 3% 04/50","30yr",,,,,"138254262.01",,,,,,""
"2021-04-21","'3140KY2D5'","MBS","UMBS MORTPASS 1.5% 03/51","30yr",,,,,"137798488.25",,,,,,""
"2021-04-21","'3138EGQL1'","MBS","UMBS MORTPASS 5.5% 01/40","30yr",,,,,"137641523.4",,,,,,"Y"
"2021-04-21","'3128MJZW3'","MBS","FHLMCGLD 3% 04/47","30yr",,,,,"137495780.59",,,,,,""
"2021-04-21","'3140K8UD1'","MBS","UMBS MORTPASS 2.5% 04/50","30yr",,,,,"137246685.98",,,,,,""
"2021-04-21","'3140X4E77'","MBS","UMBS MORTPASS 3.5% 06/49","30yr",,,,,"137230893.3",,,,,,""
"2021-04-21","'3132AD6N3'","MBS","UMBS MORTPASS 4% 03/49","30yr",,,,,"136850328.72",,,,,,""
"2021-04-21","'3133KHW51'","MBS","UMBS MORTPASS 3% 04/50","30yr",,,,,"135698238.27",,,,,,""
"2021-04-21","'3140KCJR4'","MBS","UMBS MORTPASS 2.5% 05/50","30yr",,,,,"135656743.63",,,,,,""
"2021-04-21","'3133A6AU5'","MBS","UMBS MORTPASS 2.5% 06/50","30yr",,,,,"135639804.26",,,,,,""
"2021-04-21","'3128M8WS9'","MBS","FHLMCGLD 5% 05/39","30yr",,,,,"135178754.71",,,,,,"Y"
"2021-04-21","'3140X54M2'","MBS","UMBS MORTPASS 2% 04/35","15yr",,,,,"135090420.3",,,,,,""
"2021-04-21","'3140QDKH6'","MBS","UMBS MORTPASS 3% 05/50","30yr",,,,,"135055639.15",,,,,,""
"2021-04-21","'3140KFHW8'","MBS","UMBS MORTPASS 2.5% 10/50","30yr",,,,,"134679962.66",,,,,,""
"2021-04-21","'3132DV5E1'","MBS","UMBS MORTPASS 3.5% 02/50","30yr",,,,,"133965666.63",,,,,,""
"2021-04-21","'3140HMN26'","MBS","UMBS MORTPASS 4% 09/48","30yr",,,,,"133808512.68",,,,,,""
"2021-04-21","'36179NM96'","MBS","GNMA II MORTPASS 3% 09/43","30yr",,,,,"133721360.05",,,,,,""
"2021-04-21","'31418C7E8'","MBS","UMBS MORTPASS 4% 02/49","30yr",,,,,"133587178.36",,,,,,""
"2021-04-21","'3140K0EW4'","MBS","UMBS MORTPASS 3% 11/49","30yr",,,,,"133289750.32",,,,,,""
"2021-04-21","'31418DMK5'","MBS","UMBS MORTPASS 3.5% 03/50","30yr",,,,,"133272822.05",,,,,,""
"2021-04-21","'3133A3UC0'","MBS","UMBS 2.5%","30yr",,,,,"133220699.72",,,,,,""
"2021-04-21","'3140K8UN9'","MBS","UMBS MORTPASS 3% 04/50","30yr",,,,,"133199283.58",,,,,,""
"2021-04-21","'3133KGQG6'","MBS","UMBS MORTPASS 3% 09/49","30yr",,,,,"132747141.63",,,,,,""
"2021-04-21","'3133A6RS2'","MBS","UMBS MORTPASS 2.5% 06/50","30yr",,,,,"132382557.78",,,,,,""
"2021-04-21","'3133KHSE7'","MBS","UMBS MORTPASS 3% 03/50","30yr",,,,,"132290771.19",,,,,,""
"2021-04-21","'3132CWH49'","MBS","UMBS MORTPASS 3.5% 01/29","15yr",,,,,"131896598.28",,,,,,"Y"
"2021-04-21","'31418DBG6'","MBS","UMBS MORTPASS 4% 04/49","30yr",,,,,"131456506.89",,,,,,""
"2021-04-21","'3140JACX4'","MBS","UMBS MORTPASS 3.5% 02/49","30yr",,,,,"130952337.29",,,,,,""
"2021-04-21","'36179VNZ9'","MBS","GNMA II MORTPASS 2% 06/50","30yr",,,,,"130791557.21",,,,,,""
"2021-04-21","'3140KQKM2'","MBS","UMBS MORTPASS 1.5% 10/35","15yr",,,,,"130641017.52",,,,,,""
"2021-04-21","'3133KKC80'","MBS","UMBS MORTPASS 2.5% 09/50","30yr",,,,,"130529675.34",,,,,,""
"2021-04-21","'36179TAJ4'","MBS","GNMA II MORTPASS 3% 06/47","30yr",,,,,"130347772.19",,,,,,""
"2021-04-21","'3133ABBV1'","MBS","UMBS MORTPASS 2% 10/50","30yr",,,,,"130217149.57",,,,,,""
"2021-04-21","'3140KEDW5'","MBS","UMBS MORTPASS 2.5% 06/50","30yr",,,,,"130120864.6",,,,,,""
"2021-04-21","'3140QKKX5'","MBS","UMBS MORTPASS 1.5% 04/36","15yr",,,,,"130038951",,,,,,""
"2021-04-21","'36179UD90'","MBS","GNMA II MORTPASS 4% 10/48","30yr",,,,,"129803158.65",,,,,,""
"2021-04-21","'31335A2N7'","MBS","FHLMCGLD 4% 06/43","30yr",,,,,"129553542.73",,,,,,"Y"
"2021-04-21","'3138EGW42'","MBS","UMBS MORTPASS 5% 03/40","30yr",,,,,"129488010.4",,,,,,"Y"
"2021-04-21","'3140QBMD7'","MBS","UMBS MORTPASS 3.5% 08/49","30yr",,,,,"129424994.51",,,,,,""
"2021-04-21","'3132DMTB1'","MBS","UMBS MORTPASS 2.5% 02/51","30yr",,,,,"128844347.88",,,,,,""
"2021-04-21","'3131YBQT8'","MBS","UMBS MORTPASS 3.5% 04/49","30yr",,,,,"128776538.12",,,,,,""
"2021-04-21","'3138ERQC7'","MBS","UMBS MORTPASS 4% 02/41","30yr",,,,,"128691555.73",,,,,,"Y"
"2021-04-21","'3138EHA28'","MBS","UMBS MORTPASS 5% 05/40","30yr",,,,,"128329501.95",,,,,,"Y"
"2021-04-21","'36202FBH8'","MBS","GNMA II 4.5% 09/39","30yr",,,,,"128119933.12",,,,,,""
"2021-04-21","'3140JWNT3'","MBS","UMBS MORTPASS 3% 09/49","30yr",,,,,"127621534.41",,,,,,""
"2021-04-21","'3132AEG42'","MBS","UMBS MORTPASS 3% 05/34","15yr",,,,,"127500853.81",,,,,,""
"2021-04-21","'31334YS24'","MBS","UMBS MORTPASS 3% 08/49","30yr",,,,,"126724943.03",,,,,,""
"2021-04-21","'3128M8WV2'","MBS","FHLMCGLD 5% 10/39","30yr",,,,,"126724856.13",,,,,,"Y"
"2021-04-21","'3140KCGS5'","MBS","UMBS MORTPASS 2.5% 05/50","30yr",,,,,"126182326.27",,,,,,""
"2021-04-21","'31334YSZ1'","MBS","UMBS MORTPASS 3% 09/49","30yr",,,,,"125741745.66",,,,,,""
"2021-04-21","'31418DGJ5'","MBS","UMBS MORTPASS 3% 10/39","Other",,,,,"125555754.75",,,,,,""
"2021-04-21","'3140KQN31'","MBS","UMBS MORTPASS 2% 09/50","30yr",,,,,"125522503.56",,,,,,""
"2021-04-21","'3140K13S3'","MBS","UMBS MORTPASS 2.5% 12/49","30yr",,,,,"125062669.9",,,,,,""
"2021-04-21","'3140KDHK9'","MBS","UMBS MORTPASS 2.5% 06/50","30yr",,,,,"124346381.18",,,,,,""
"2021-04-21","'31418DBF8'","MBS","UMBS MORTPASS 3.5% 04/49","30yr",,,,,"124249546.81",,,,,,""
"2021-04-21","'3132D53H3'","MBS","UMBS MORTPASS 3% 07/34","15yr",,,,,"123335969.28",,,,,,""
"2021-04-21","'3133A2ML1'","MBS","UMBS MORTPASS 3% 03/50","30yr",,,,,"122306405.51",,,,,,""
"2021-04-21","'3140J7YL3'","MBS","UMBS MORTPASS 4% 02/47","30yr",,,,,"122140357.49",,,,,,"Y"
"2021-04-21","'3140KCN24'","MBS","UMBS MORTPASS 2.5% 04/50","30yr",,,,,"121931967.33",,,,,,""
"2021-04-21","'3128MF2B3'","MBS","FHLMCGLD 2.5% 07/29","15yr",,,,,"121898896.7",,,,,,"Y"
"2021-04-21","'36179TQN8'","MBS","GNMA II MORTPASS 3% 01/48","30yr",,,,,"121676392.89",,,,,,""
"2021-04-21","'3133A3NU8'","MBS","UMBS MORTPASS 3% 04/50","30yr",,,,,"120801186.55",,,,,,""
"2021-04-21","'3140QBX52'","MBS","UMBS MORTPASS 3% 09/49","30yr",,,,,"120598938.25",,,,,,""
"2021-04-21","'3133GCS78'","MBS","UMBS MORTPASS 1.5% 04/36","15yr",,,,,"120297579",,,,,,""
"2021-04-21","'3140KYZ98'","MBS","UMBS MORTPASS 1.5% 03/51","30yr",,,,,"120273269.01",,,,,,""
"2021-04-21","'31418DHN5'","MBS","UMBS MORTPASS 4% 11/49","30yr",,,,,"120215802.82",,,,,,""
"2021-04-21","'3140J9SN2'","MBS","UMBS MORTPASS 3% 11/48","30yr",,,,,"120172907.18",,,,,,""
"2021-04-21","'31418DC26'","MBS","UMBS MORTPASS 4.5% 06/49","30yr",,,,,"119994027.17",,,,,,""
"2021-04-21","'3132A7V65'","MBS","UMBS MORTPASS 2% 11/28","15yr",,,,,"119509498.91",,,,,,""
"2021-04-21","'3140QES94'","MBS","UMBS MORTPASS 2% 06/35","15yr",,,,,"119365475.36",,,,,,""
"2021-04-21","'3128MMXF5'","MBS","FHLMCGLD 3% 02/33","15yr",,,,,"119196360.26",,,,,,""
"2021-04-21","'3132D53K6'","MBS","UMBS MORTPASS 3% 08/34","15yr",,,,,"118874675.94",,,,,,""
"2021-04-21","'3140K5LP0'","MBS","UMBS MORTPASS 2.5% 03/50","30yr",,,,,"118188309.48",,,,,,""
"2021-04-21","'3140JSC31'","MBS","UMBS MORTPASS 1.5% 03/36","15yr",,,,,"117639951",,,,,,""
"2021-04-21","'3140QE3S9'","MBS","UMBS MORTPASS 2.5% 09/50","30yr",,,,,"117501609.37",,,,,,""
"2021-04-21","'3133KHSJ6'","MBS","UMBS MORTPASS 3% 03/50","30yr",,,,,"117433676.75",,,,,,""
"2021-04-21","'3133A2B58'","MBS","UMBS MORTPASS 2.5% 02/50","30yr",,,,,"117421578.21",,,,,,""
"2021-04-21","'36179NQ68'","MBS","GNMA II 4.5% 10/43","30yr",,,,,"117210357.12",,,,,,""
"2021-04-21","'3132CWJR6'","MBS","UMBS MORTPASS 2.5% 09/31","15yr",,,,,"116661446.82",,,,,,""
"2021-04-21","'3133GBX41'","MBS","UMBS MORTPASS 1.5% 02/36","15yr",,,,,"116607069.39",,,,,,""
"2021-04-21","'3133KJR79'","MBS","UMBS MORTPASS 3% 07/50","30yr",,,,,"116443391.96",,,,,,""
"2021-04-21","'3140KDPY0'","MBS","UMBS MORTPASS 2.5% 05/50","30yr",,,,,"116310395.26",,,,,,""
"2021-04-21","'3140QD6E9'","MBS","UMBS MORTPASS 2.5% 04/35","15yr",,,,,"116140586.02",,,,,,""
"2021-04-21","'3132AECC8'","MBS","UMBS MORTPASS 3% 04/49","30yr",,,,,"116095946.86",,,,,,""
"2021-04-21","'3138EQRC8'","MBS","UMBS MORTPASS 3.5% 02/27","15yr",,,,,"116060940.22",,,,,,"Y"
"2021-04-21","'3132AECA2'","MBS","UMBS MORTPASS 4.5% 04/49","30yr",,,,,"116040887.72",,,,,,""
"2021-04-21","'3132DMH81'","MBS","UMBS MORTPASS 3% 07/43","30yr",,,,,"116012949.08",,,,,,"Y"
"2021-04-21","'3140KUQK1'","MBS","UMBS MORTPASS 2% 12/50","30yr",,,,,"115781060.34",,,,,,""
"2021-04-21","'36179NTF5'","MBS","GNMA II 4.5% 11/43","30yr",,,,,"115683864.09",,,,,,""
"2021-04-21","'3133G96J3'","MBS","UMBS MORTPASS 2% 09/35","15yr",,,,,"115594347.65",,,,,,""
"2021-04-21","'31418CUH5'","MBS","UMBS MORTPASS 3% 02/33","15yr",,,,,"115213911.23",,,,,,""
"2021-04-21","'3132ADPC6'","MBS","UMBS MORTPASS 3.5% 11/48","30yr",,,,,"114995643.72",,,,,,""
"2021-04-21","'3133KHVD5'","MBS","UMBS MORTPASS 2.5% 04/50","30yr",,,,,"114957830.65",,,,,,""
"2021-04-21","'3140QEGC0'","MBS","UMBS MORTPASS 3% 07/50","30yr",,,,,"114792427.93",,,,,,""
"2021-04-21","'3133USGT2'","MBS","UMBS MORTPASS 2% 03/51","30yr",,,,,"114285776.12",,,,,,""
"2021-04-21","'3138WHVL3'","MBS","UMBS MORTPASS 2.5% 08/31","15yr",,,,,"113808383.94",,,,,,""
"2021-04-21","'3140QBQ35'","MBS","UMBS MORTPASS 3% 09/49","30yr",,,,,"113691558.66",,,,,,""
"2021-04-21","'3133L73E5'","MBS","UMBS MORTPASS 1.5% 01/36","15yr",,,,,"113616688.75",,,,,,""
"2021-04-21","'3132A5J55'","MBS","UMBS MORTPASS 3.5% 08/48","30yr",,,,,"113419424.89",,,,,,""
"2021-04-21","'3128MMXW8'","MBS","FHLMCGLD 3.5% 06/33","15yr",,,,,"113412971.06",,,,,,""
"2021-04-21","'3138EQZ39'","MBS","UMBS MORTPASS 3.5% 09/29","15yr",,,,,"113315742.59",,,,,,"Y"
"2021-04-21","'3128MMXT5'","MBS","FHLMCGLD 3.5% 05/33","15yr",,,,,"113234654.61",,,,,,""
"2021-04-21","'3128MFAT5'","MBS","FHLMCGLD 2.5% 01/29","15yr",,,,,"113201627.14",,,,,,"Y"
"2021-04-21","'31418CZG2'","MBS","UMBS MORTPASS 3.5% 08/48","30yr",,,,,"113201427.73",,,,,,""
"2021-04-21","'3133A3NT1'","MBS","UMBS MORTPASS 2.5% 04/50","30yr",,,,,"113034476.08",,,,,,""
"2021-04-21","'3140L8YT1'","MBS","UMBS MORTPASS 1.5% 04/36","15yr",,,,,"113006887",,,,,,""
"2021-04-21","'31335AYF9'","MBS","FHLMCGLD 4% 03/42","30yr",,,,,"112787610",,,,,,"Y"
"2021-04-21","'36179USU7'","MBS","GNMA II MORTPASS 4% 05/49","30yr",,,,,"112686389.77",,,,,,""
"2021-04-21","'3140QDK60'","MBS","UMBS MORTPASS 2.5% 05/50","30yr",,,,,"112321698.58",,,,,,""
"2021-04-21","'3133A3Z76'","MBS","UMBS MORTPASS 3% 04/50","30yr",,,,,"111904235.16",,,,,,""
"2021-04-21","'31418DTK8'","MBS","UMBS MORTPASS 2.5% 10/40","Other",,,,,"111875939.06",,,,,,""
"2021-04-21","'36179TZ65'","MBS","GNMA II 4.5% 06/48","30yr",,,,,"111311671.82",,,,,,""
"2021-04-21","'3140QEFV9'","MBS","UMBS MORTPASS 2.5% 07/50","30yr",,,,,"111084335.65",,,,,,""
"2021-04-21","'3140QDJA3'","MBS","UMBS MORTPASS 2.5% 05/35","15yr",,,,,"110990866.73",,,,,,""
"2021-04-21","'3138EHC26'","MBS","UMBS MORTPASS 5% 02/40","30yr",,,,,"110897042.44",,,,,,"Y"
"2021-04-21","'36179TXW0'","MBS","GNMA II 4.5% 05/48","30yr",,,,,"110850042.36",,,,,,""
"2021-04-21","'3133A7YA1'","MBS","UMBS MORTPASS 2.5% 08/50","30yr",,,,,"110755795.25",,,,,,""
"2021-04-21","'3133AJEM1'","MBS","UMBS MORTPASS 2% 03/51","30yr",,,,,"110739638",,,,,,""
"2021-04-21","'3133KHVA1'","MBS","UMBS MORTPASS 2.5% 04/50","30yr",,,,,"110459177.86",,,,,,""
"2021-04-21","'3132WK6J2'","MBS","FHLMCGLD 3% 02/47","30yr",,,,,"110454982.82",,,,,,""
"2021-04-21","'31418DKK7'","MBS","UMBS MORTPASS 3% 01/35","15yr",,,,,"110393899.57",,,,,,""
"2021-04-21","'3140L5S98'","MBS","UMBS MORTPASS 2% 03/51","30yr",,,,,"110299139",,,,,,""
"2021-04-21","'3138WHRZ7'","MBS","UMBS MORTPASS 2.5% 08/31","15yr",,,,,"110085947.66",,,,,,""
"2021-04-21","'3140QHHS7'","MBS","UMBS MORTPASS 2% 02/51","30yr",,,,,"109821632.5",,,,,,""
"2021-04-21","'3132D53R1'","MBS","UMBS MORTPASS 2.5% 08/34","15yr",,,,,"109759730.87",,,,,,""
"2021-04-21","'3138ERKT6'","MBS","UMBS MORTPASS 3.5% 04/43","30yr",,,,,"109463231.57",,,,,,"Y"
"2021-04-21","'3140XAWU2'","MBS","UMBS MORTPASS 1.5% 04/36","15yr",,,,,"109424229",,,,,,""
"2021-04-21","'3133KYSK6'","MBS","UMBS MORTPASS 3% 11/39","Other",,,,,"109170347.3",,,,,,""
"2021-04-21","'3140QBXX1'","MBS","UMBS MORTPASS 3% 09/49","30yr",,,,,"109105069.71",,,,,,""
"2021-04-21","'31418DMG4'","MBS","UMBS MORTPASS 3% 03/40","Other",,,,,"108848945.39",,,,,,""
"2021-04-21","'3132A5J71'","MBS","UMBS MORTPASS 4.5% 08/48","30yr",,,,,"108794930.21",,,,,,""
"2021-04-21","'3140KYYL2'","MBS","UMBS MORTPASS 1.5% 02/51","30yr",,,,,"108492813.72",,,,,,""
"2021-04-21","'3140JANK0'","MBS","UMBS MORTPASS 3% 04/49","30yr",,,,,"108293084.11",,,,,,""
"2021-04-21","'3133KJAG7'","MBS","UMBS MORTPASS 3% 03/50","30yr",,,,,"108225385.06",,,,,,""
"2021-04-21","'3140K3KD3'","MBS","UMBS MORTPASS 3% 01/50","30yr",,,,,"108112558.75",,,,,,""
"2021-04-21","'36202F2M7'","MBS","GNMA II MORTPASS 4% 01/42","30yr",,,,,"107976871.63",,,,,,""
"2021-04-21","'3131Y2FU7'","MBS","UMBS MORTPASS 4.5% 07/48","30yr",,,,,"107963420.45",,,,,,""
"2021-04-21","'3133KYSZ3'","MBS","UMBS MORTPASS 2.5% 01/40","Other",,,,,"107897903.98",,,,,,""
"2021-04-21","'31346Y2Y8'","MBS","UMBS MORTPASS 2.5% 12/49","30yr",,,,,"107828278.62",,,,,,""
"2021-04-21","'3140KLS86'","MBS","UMBS MORTPASS 2% 08/35","15yr",,,,,"107822667.48",,,,,,""
"2021-04-21","'31335ARW0'","MBS","FHLMCGLD 4% 07/43","30yr",,,,,"107801242.23",,,,,,"Y"
"2021-04-21","'3140KFYQ2'","MBS","UMBS MORTPASS 2.5% 06/50","30yr",,,,,"107600512",,,,,,""
"2021-04-21","'31335AWB0'","MBS","FHLMCGLD 4% 09/43","30yr",,,,,"107489144.01",,,,,,"Y"
"2021-04-21","'3132ADXW3'","MBS","UMBS MORTPASS 3.5% 01/49","30yr",,,,,"107487367.36",,,,,,""
"2021-04-21","'3140JWNS5'","MBS","UMBS MORTPASS 3.5% 09/49","30yr",,,,,"107473102.85",,,,,,""
"2021-04-21","'36179SYR2'","MBS","GNMA II MORTPASS 3% 03/47","30yr",,,,,"106770423.92",,,,,,""
"2021-04-21","'3138EQ2R2'","MBS","UMBS MORTPASS 4.5% 02/44","30yr",,,,,"106704520.38",,,,,,"Y"
"2021-04-21","'3140K0E61'","MBS","UMBS MORTPASS 2.5% 11/49","30yr",,,,,"106682320.74",,,,,,""
"2021-04-21","'3133KYSC4'","MBS","UMBS MORTPASS 3% 09/39","Other",,,,,"106617112.7",,,,,,""
"2021-04-21","'3128MF2H0'","MBS","FHLMCGLD 2.5% 10/28","15yr",,,,,"106535811.81",,,,,,"Y"
"2021-04-21","'3140X62A8'","MBS","UMBS MORTPASS 2% 06/50","30yr",,,,,"106488325.58",,,,,,""
"2021-04-21","'3138EQK43'","MBS","UMBS MORTPASS 4.5% 01/42","30yr",,,,,"106339879.5",,,,,,"Y"
"2021-04-21","'31418DKW1'","MBS","UMBS MORTPASS 4.5% 01/50","30yr",,,,,"106322030.2",,,,,,""
"2021-04-21","'3138EQZX3'","MBS","UMBS MORTPASS 3.5% 09/27","15yr",,,,,"106240281.9",,,,,,"Y"
"2021-04-21","'31335A2H0'","MBS","FHLMCGLD 4.5% 03/42","30yr",,,,,"106197544.28",,,,,,"Y"
"2021-04-21","'31418C4X9'","MBS","UMBS MORTPASS 4.5% 12/48","30yr",,,,,"105544582.83",,,,,,""
"2021-04-21","'36179RNX3'","MBS","GNMA II MORTPASS 4% 09/45","30yr",,,,,"105511708.42",,,,,,""
"2021-04-21","'3132A9UC9'","MBS","UMBS MORTPASS 3% 12/32","15yr",,,,,"105444718.9",,,,,,""
"2021-04-21","'3138WHQU9'","MBS","UMBS MORTPASS 2.5% 08/31","15yr",,,,,"105297331.98",,,,,,""
"2021-04-21","'36179TXU4'","MBS","GNMA II 3.5% 05/48","30yr",,,,,"105246598.26",,,,,,""
"2021-04-21","'3133A8E29'","MBS","UMBS MORTPASS 2.5% 08/50","30yr",,,,,"105218558.39",,,,,,""
"2021-04-21","'3138EHA36'","MBS","UMBS MORTPASS 5.5% 08/39","30yr",,,,,"105071879.94",,,,,,"Y"
"2021-04-21","'3140JMZF2'","MBS","UMBS MORTPASS 4.5% 02/49","30yr",,,,,"105021838.06",,,,,,""
"2021-04-21","'3132AEKC9'","MBS","UMBS MORTPASS 3% 06/34","15yr",,,,,"105001003.76",,,,,,""
"2021-04-21","'3132AEAU0'","MBS","UMBS MORTPASS 4.5% 01/49","30yr",,,,,"104995593.84",,,,,,""
"2021-04-21","'3131Y0ZS4'","MBS","UMBS MORTPASS 4% 04/48","30yr",,,,,"104877458.26",,,,,,""
"2021-04-21","'3131XBNC9'","MBS","UMBS MORTPASS 2.5% 11/28","15yr",,,,,"104801674.06",,,,,,""
"2021-04-21","'3140KFN92'","MBS","UMBS MORTPASS 2.5% 11/50","30yr",,,,,"104758458.34",,,,,,""
"2021-04-21","'36202FFU5'","MBS","GNMA II MORTPASS 5% 04/40","30yr",,,,,"103838842.88",,,,,,""
"2021-04-21","'3140X52H5'","MBS","UMBS MORTPASS 3% 10/34","15yr",,,,,"103620880.89",,,,,,""
"2021-04-21","'3128ME2M2'","MBS","FHLMCGLD 3% 08/29","15yr",,,,,"103479045.58",,,,,,"Y"
"2021-04-21","'3128M8QS6'","MBS","FHLMCGLD 5.5% 01/40","30yr",,,,,"103406455.74",,,,,,"Y"
"2021-04-21","'3133A5BG7'","MBS","UMBS MORTPASS 2.5% 06/50","30yr",,,,,"103029751.08",,,,,,""
"2021-04-21","'3133A4EP7'","MBS","UMBS MORTPASS 2.5% 05/50","30yr",,,,,"102898990.95",,,,,,""
"2021-04-21","'3133AGRZ4'","MBS","UMBS MORTPASS 2% 03/51","30yr",,,,,"102709866",,,,,,""
"2021-04-21","'3140L5A97'","MBS","UMBS MORTPASS 1.5% 04/36","15yr",,,,,"102692790",,,,,,""
"2021-04-21","'31418CXM1'","MBS","UMBS MORTPASS 3.5% 06/48","30yr",,,,,"102439426.19",,,,,,""
"2021-04-21","'3140K0E79'","MBS","UMBS MORTPASS 2.5% 11/49","30yr",,,,,"102168770.23",,,,,,""
"2021-04-21","'3140KBR30'","MBS","UMBS MORTPASS 2.5% 07/50","30yr",,,,,"102147763.1",,,,,,""
"2021-04-21","'3132DMKB0'","MBS","UMBS MORTPASS 4% 04/50","30yr",,,,,"102103908.02",,,,,,""
"2021-04-21","'3133KGQD3'","MBS","UMBS MORTPASS 3% 09/49","30yr",,,,,"101430966.52",,,,,,""
"2021-04-21","'3133A7FU8'","MBS","UMBS MORTPASS 2.5% 07/50","30yr",,,,,"101262526.4",,,,,,""
"2021-04-21","'3622AAP40'","MBS","GNMA II MORTPASS 3% 04/49","30yr",,,,,"101240856.37",,,,,,""
"2021-04-21","'3132A5JB2'","MBS","UMBS MORTPASS 3% 03/48","30yr",,,,,"101221301.19",,,,,,""
"2021-04-21","'3140Q9HQ9'","MBS","UMBS MORTPASS 4% 07/48","30yr",,,,,"100959075.41",,,,,,""
"2021-04-21","'3140KGW33'","MBS","UMBS MORTPASS 3% 07/50","30yr",,,,,"100704219.71",,,,,,""
"2021-04-21","'3133GCE24'","MBS","UMBS MORTPASS 1.5% 03/36","15yr",,,,,"100630320.03",,,,,,""
"2021-04-21","'3138EGFZ2'","MBS","UMBS MORTPASS 4% 05/25","15yr",,,,,"100071822.4",,,,,,"Y"
"2021-04-21","'3140QF2D0'","MBS","UMBS MORTPASS 2.5% 09/50","30yr",,,,,"100069362.27",,,,,,""
"2021-04-21","'3140KDK74'","MBS","UMBS MORTPASS 2.5% 06/50","30yr",,,,,"99875799.35",,,,,,""
"2021-04-21","'3140HGC70'","MBS","UMBS MORTPASS 2.5% 07/50","30yr",,,,,"99768473.05",,,,,,""
"2021-04-21","'3133KYR84'","MBS","UMBS MORTPASS 3% 10/39","Other",,,,,"99720943.52",,,,,,""
"2021-04-21","'31334YGL5'","MBS","UMBS MORTPASS 3% 08/49","30yr",,,,,"99544150.25",,,,,,""
"2021-04-21","'31418DLM2'","MBS","UMBS MORTPASS 3% 02/35","15yr",,,,,"99255939.21",,,,,,""
"2021-04-21","'3140X5BL6'","MBS","UMBS MORTPASS 3.5% 06/34","15yr",,,,,"99117647.84",,,,,,""
"2021-04-21","'3140KBRL0'","MBS","UMBS MORTPASS 2.5% 06/50","30yr",,,,,"99084471.42",,,,,,""
"2021-04-21","'36202FDB9'","MBS","GNMA II 4.5% 12/39","30yr",,,,,"99024511.13",,,,,,""
"2021-04-21","'3140KEGE2'","MBS","UMBS MORTPASS 2% 07/35","15yr",,,,,"98856053.54",,,,,,""
"2021-04-21","'3138ETZQ2'","MBS","UMBS MORTPASS 2.5% 03/29","15yr",,,,,"98639540.99",,,,,,"Y"
"2021-04-21","'3138ERHA1'","MBS","UMBS MORTPASS 3% 09/31","15yr",,,,,"98466563.29",,,,,,""
"2021-04-21","'3140L3N31'","MBS","UMBS MORTPASS 2% 04/51","30yr",,,,,"98458457",,,,,,""
"2021-04-21","'3133GCK50'","MBS","UMBS MORTPASS 1.5% 03/36","15yr",,,,,"98237208",,,,,,""
"2021-04-21","'3133KHS23'","MBS","UMBS MORTPASS 3% 03/50","30yr",,,,,"97992207.42",,,,,,""
"2021-04-21","'3133AKH94'","MBS","UMBS MORTPASS 1.5% 04/51","30yr",,,,,"97853269",,,,,,""
"2021-04-21","'3138EHCY6'","MBS","UMBS MORTPASS 5% 05/40","30yr",,,,,"97736038.75",,,,,,"Y"
"2021-04-21","'3140QBPB8'","MBS","UMBS MORTPASS 3% 08/49","30yr",,,,,"97526336.88",,,,,,""
"2021-04-21","'3140L8YS3'","MBS","UMBS MORTPASS 1.5% 04/36","15yr",,,,,"97513476",,,,,,""
"2021-04-21","'3140KXFP6'","MBS","UMBS MORTPASS 2% 12/50","30yr",,,,,"97380156.99",,,,,,""
"2021-04-21","'36202FY59'","MBS","GNMA II 3.5% 11/41","30yr",,,,,"97189580.95",,,,,,""
"2021-04-21","'31418CV27'","MBS","UMBS MORTPASS 3.5% 04/48","30yr",,,,,"97150546.42",,,,,,""
"2021-04-21","'3140Q93N1'","MBS","UMBS MORTPASS 4% 11/48","30yr",,,,,"97095852.44",,,,,,""
"2021-04-21","'3133KGQF8'","MBS","UMBS MORTPASS 3% 09/49","30yr",,,,,"96987843.17",,,,,,""
"2021-04-21","'3132CWH56'","MBS","UMBS MORTPASS 3.5% 10/32","15yr",,,,,"96674490.08",,,,,,"Y"
"2021-04-21","'36179TUB9'","MBS","GNMA II MORTPASS 4% 03/48","30yr",,,,,"96549087.33",,,,,,""
"2021-04-21","'31418CXW9'","MBS","UMBS MORTPASS 3.5% 06/33","15yr",,,,,"96504312.69",,,,,,""
"2021-04-21","'3133KKRV3'","MBS","UMBS MORTPASS 2% 11/50","30yr",,,,,"96110836.64",,,,,,""
"2021-04-21","'3131XX7G0'","MBS","UMBS MORTPASS 4% 10/47","30yr",,,,,"96082939.74",,,,,,""
"2021-04-21","'3140QGT31'","MBS","UMBS MORTPASS 2.5% 10/50","30yr",,,,,"96036168.07",,,,,,""
"2021-04-21","'3132A8JW0'","MBS","UMBS MORTPASS 2% 06/29","15yr",,,,,"95869128",,,,,,""
"2021-04-21","'3140KKF90'","MBS","UMBS MORTPASS 2% 08/35","15yr",,,,,"95778928.7",,,,,,""
"2021-04-21","'3133A4L79'","MBS","UMBS MORTPASS 2.5% 05/50","30yr",,,,,"95574968.41",,,,,,""
"2021-04-21","'3132D56B3'","MBS","UMBS MORTPASS 1.5% 08/35","15yr",,,,,"95501834.63",,,,,,""
"2021-04-21","'31418DFJ6'","MBS","UMBS MORTPASS 3% 09/34","15yr",,,,,"95023961.61",,,,,,""
"2021-04-21","'31418CYM0'","MBS","UMBS MORTPASS 4% 07/48","30yr",,,,,"94991242.9",,,,,,""
"2021-04-21","'3128ME2N0'","MBS","FHLMCGLD 2.5% 07/29","15yr",,,,,"94983470.14",,,,,,"Y"
"2021-04-21","'3140KMZS2'","MBS","UMBS MORTPASS 2% 09/50","30yr",,,,,"94748655.49",,,,,,""
"2021-04-21","'36202FP67'","MBS","GNMA II MORTPASS 4% 02/41","30yr",,,,,"94721975.82",,,,,,""
"2021-04-21","'3140QC4A1'","MBS","UMBS MORTPASS 3% 03/50","30yr",,,,,"94639161.94",,,,,,""
"2021-04-21","'3133AJ4W0'","MBS","UMBS MORTPASS 1.5% 04/51","30yr",,,,,"94419358",,,,,,""
"2021-04-21","'3133AJEN9'","MBS","UMBS MORTPASS 1.5% 03/51","30yr",,,,,"94371716",,,,,,""
"2021-04-21","'3133A7FW4'","MBS","UMBS MORTPASS 2.5% 07/50","30yr",,,,,"94116698.65",,,,,,""
"2021-04-21","'31339UH60'","MBS","UMBS MORTPASS 2.5% 10/49","30yr",,,,,"93946972.43",,,,,,""
"2021-04-21","'3132AD6A1'","MBS","UMBS MORTPASS 4% 06/48","30yr",,,,,"93808448.62",,,,,,""
"2021-04-21","'3140X9X67'","MBS","UMBS MORTPASS 1.5% 04/36","15yr",,,,,"93778850.78",,,,,,""
"2021-04-21","'3140HNK35'","MBS","UMBS MORTPASS 1.5% 01/36","15yr",,,,,"93751596.97",,,,,,""
"2021-04-21","'3138ERQB9'","MBS","UMBS MORTPASS 3.5% 06/40","30yr",,,,,"93627096.85",,,,,,"Y"
"2021-04-21","'3138EGHD9'","MBS","UMBS MORTPASS 4% 03/25","15yr",,,,,"93364148.57",,,,,,"Y"
"2021-04-21","'3132A5KA2'","MBS","UMBS MORTPASS 3.5% 09/48","30yr",,,,,"93327903.49",,,,,,""
"2021-04-21","'3140X5N82'","MBS","UMBS MORTPASS 4.5% 04/49","30yr",,,,,"93106066.17",,,,,,""
"2021-04-21","'3133KHVF0'","MBS","UMBS 3.0%","30yr",,,,,"92772513.27",,,,,,""
"2021-04-21","'3140QBSS8'","MBS","UMBS MORTPASS 3% 09/49","30yr",,,,,"92511645.64",,,,,,""
"2021-04-21","'3140L4EP0'","MBS","UMBS 2.0%","30yr",,,,,"92504666",,,,,,""
"2021-04-21","'3140K8Y39'","MBS","UMBS MORTPASS 3% 02/50","30yr",,,,,"92269822.25",,,,,,""
"2021-04-21","'3133ABBU3'","MBS","UMBS MORTPASS 2% 10/50","30yr",,,,,"92170628.69",,,,,,""
"2021-04-21","'31418DCG5'","MBS","UMBS MORTPASS 3% 05/49","30yr",,,,,"92163595.78",,,,,,""
"2021-04-21","'3140K9H93'","MBS","UMBS MORTPASS 3% 03/50","30yr",,,,,"91892786.75",,,,,,""
"2021-04-21","'3140KDKX7'","MBS","UMBS MORTPASS 2.5% 05/50","30yr",,,,,"91723434.85",,,,,,""
"2021-04-21","'3133AADV1'","MBS","UMBS MORTPASS 2% 09/50","30yr",,,,,"91541944.38",,,,,,""
"2021-04-21","'3133A7CR8'","MBS","UMBS MORTPASS 2.5% 07/50","30yr",,,,,"91539530.64",,,,,,""
"2021-04-21","'3140GNGX5'","MBS","UMBS MORTPASS 3.5% 04/47","30yr",,,,,"90858656.63",,,,,,""
"2021-04-21","'3133A3AW8'","MBS","UMBS MORTPASS 3% 03/50","30yr",,,,,"90855336.7",,,,,,""
"2021-04-21","'3140J8B28'","MBS","UMBS MORTPASS 3% 10/27","Other",,,,,"90709914.93",,,,,,"Y"
"2021-04-21","'31418DS45'","MBS","UMBS MORTPASS 1.5% 09/50","30yr",,,,,"90675137.04",,,,,,""
"2021-04-21","'3140K2MP6'","MBS","UMBS MORTPASS 1.5% 04/36","15yr",,,,,"90671844",,,,,,""
"2021-04-21","'36179ME48'","MBS","GNMA II MORTPASS 4% 06/42","30yr",,,,,"90459462.5",,,,,,""
"2021-04-21","'31334YR41'","MBS","UMBS MORTPASS 3% 09/49","30yr",,,,,"90371128.27",,,,,,""
"2021-04-21","'3133KJSF0'","MBS","UMBS MORTPASS 2.5% 08/50","30yr",,,,,"90134031.89",,,,,,""
"2021-04-21","'3140KELG1'","MBS","UMBS MORTPASS 2% 08/50","30yr",,,,,"89549611.37",,,,,,""
"2021-04-21","'31346YFW8'","MBS","UMBS MORTPASS 2.5% 11/49","30yr",,,,,"89175652.36",,,,,,""
"2021-04-21","'3133KLMB0'","MBS","UMBS MORTPASS 2% 12/50","30yr",,,,,"89026751",,,,,,""
"2021-04-21","'3132A5H81'","MBS","UMBS MORTPASS 3.5% 02/48","30yr",,,,,"88904965.42",,,,,,""
"2021-04-21","'3133A3UV8'","MBS","UMBS MORTPASS 3% 04/50","30yr",,,,,"88735410.06",,,,,,""
"2021-04-21","'3140QD4U5'","MBS","UMBS MORTPASS 2% 07/50","30yr",,,,,"88428759.59",,,,,,""
"2021-04-21","'3140QBQ27'","MBS","UMBS MORTPASS 3% 09/49","30yr",,,,,"88193165.02",,,,,,""
"2021-04-21","'3140JPM36'","MBS","UMBS MORTPASS 4% 06/49","30yr",,,,,"88150880.68",,,,,,""
"2021-04-21","'36202FX84'","MBS","GNMA II MORTPASS 4% 10/41","30yr",,,,,"88116369.04",,,,,,""
"2021-04-21","'3138EHBF8'","MBS","UMBS MORTPASS 5% 04/39","30yr",,,,,"88062174.52",,,,,,"Y"
"2021-04-21","'3140K8QP9'","MBS","UMBS MORTPASS 3% 03/50","30yr",,,,,"88049834.72",,,,,,""
"2021-04-21","'3140X5LN1'","MBS","UMBS MORTPASS 3% 01/50","30yr",,,,,"87989420.52",,,,,,""
"2021-04-21","'3140KTLH6'","MBS","UMBS MORTPASS 2% 11/35","15yr",,,,,"87916546.43",,,,,,""
"2021-04-21","'3133ABQC7'","MBS","UMBS MORTPASS 2% 11/50","30yr",,,,,"87753035.37",,,,,,""
"2021-04-21","'3622AAPV0'","MBS","GNMA II MORTPASS 3% 04/48","30yr",,,,,"87584218.44",,,,,,""
"2021-04-21","'36179TLT0'","MBS","GNMA II MORTPASS 4% 11/47","30yr",,,,,"87529499.86",,,,,,""
"2021-04-21","'3132DMH99'","MBS","UMBS MORTPASS 4.5% 02/45","30yr",,,,,"87413182.43",,,,,,"Y"
"2021-04-21","'3132D54E9'","MBS","UMBS MORTPASS 3% 12/34","15yr",,,,,"87299883.76",,,,,,""
"2021-04-21","'3140J5D71'","MBS","UMBS MORTPASS 2.5% 05/31","15yr",,,,,"87240150.01",,,,,,"Y"
"2021-04-21","'3133A3NP9'","MBS","UMBS MORTPASS 3% 04/50","30yr",,,,,"87141139.88",,,,,,""
"2021-04-21","'3132AD3S5'","MBS","UMBS MORTPASS 3.5% 02/49","30yr",,,,,"87120043.81",,,,,,""
"2021-04-21","'3132AEE28'","MBS","UMBS MORTPASS 4.5% 05/49","30yr",,,,,"87106544.33",,,,,,""
"2021-04-21","'3138EGPL2'","MBS","UMBS MORTPASS 4% 12/24","15yr",,,,,"87021567.34",,,,,,"Y"
"2021-04-21","'3140KDDL1'","MBS","UMBS MORTPASS 3% 06/50","30yr",,,,,"86998303.64",,,,,,""
"2021-04-21","'3140QD4V3'","MBS","UMBS MORTPASS 3% 06/50","30yr",,,,,"86915394.88",,,,,,""
"2021-04-21","'31418DFT4'","MBS","UMBS MORTPASS 4.5% 09/49","30yr",,,,,"86887044.48",,,,,,""
"2021-04-21","'3128MF2P2'","MBS","FHLMCGLD 3.5% 12/29","15yr",,,,,"86670657.79",,,,,,"Y"
"2021-04-21","'3128MJ2Z2'","MBS","FHLMCGLD 3% 12/47","30yr",,,,,"86562055.39",,,,,,""
"2021-04-21","'3133KYSW0'","MBS","UMBS MORTPASS 3% 02/40","Other",,,,,"86548660.8",,,,,,""
"2021-04-21","'36179MX21'","MBS","GNMA II 2.5% 01/43","30yr",,,,,"86535666.12",,,,,,""
"2021-04-21","'3140X4VY9'","MBS","UMBS MORTPASS 3.5% 05/49","30yr",,,,,"86495892.93",,,,,,""
"2021-04-21","'3138EGDL5'","MBS","UMBS MORTPASS 5.5% 10/38","30yr",,,,,"86367057.02",,,,,,"Y"
"2021-04-21","'3140K8U90'","MBS","UMBS MORTPASS 3% 02/50","30yr",,,,,"86325365.44",,,,,,""
"2021-04-21","'3138EQKE1'","MBS","UMBS MORTPASS 3.5% 10/41","30yr",,,,,"86105719.27",,,,,,"Y"
"2021-04-21","'3138ETZT6'","MBS","UMBS MORTPASS 3% 07/30","15yr",,,,,"85798121.17",,,,,,""
"2021-04-21","'36179NLE6'","MBS","GNMA II MORTPASS 4% 08/43","30yr",,,,,"85730384.23",,,,,,""
"2021-04-21","'3140KANR3'","MBS","UMBS MORTPASS 3% 03/50","30yr",,,,,"85679872.07",,,,,,""
"2021-04-21","'3133KKYG8'","MBS","UMBS MORTPASS 2.5% 09/50","30yr",,,,,"85506203.78",,,,,,""
"2021-04-21","'3132DMHJ7'","MBS","UMBS MORTPASS 3% 01/50","30yr",,,,,"85504866.95",,,,,,""
"2021-04-21","'3140Q7WP8'","MBS","UMBS MORTPASS 3.5% 11/47","30yr",,,,,"85363733.38",,,,,,""
"2021-04-21","'3133KGGP7'","MBS","UMBS MORTPASS 3.5% 07/49","30yr",,,,,"85298751.12",,,,,,""
"2021-04-21","'3140HD6T6'","MBS","UMBS MORTPASS 4% 07/48","30yr",,,,,"85185924.4",,,,,,""
"2021-04-21","'3133A2MS6'","MBS","UMBS MORTPASS 2.5% 03/50","30yr",,,,,"85069834.76",,,,,,""
"2021-04-21","'3140Q7VT1'","MBS","UMBS MORTPASS 3.5% 11/47","30yr",,,,,"85022388.21",,,,,,""
"2021-04-21","'3140L5ER3'","MBS","UMBS MORTPASS 2% 03/51","30yr",,,,,"84901907",,,,,,""
"2021-04-21","'3138EHCR1'","MBS","UMBS MORTPASS 4.5% 07/39","30yr",,,,,"84805899.7",,,,,,"Y"
"2021-04-21","'3128M8WW0'","MBS","FHLMCGLD 5.5% 11/38","30yr",,,,,"84801134.03",,,,,,"Y"
"2021-04-21","'36202FX76'","MBS","GNMA II 3.5% 10/41","30yr",,,,,"84702387.9",,,,,,""
"2021-04-21","'31418DB35'","MBS","UMBS MORTPASS 3% 05/34","15yr",,,,,"84562648.56",,,,,,""
"2021-04-21","'36179T7J8'","MBS","GNMA II 3.5% 08/48","30yr",,,,,"84502090.96",,,,,,""
"2021-04-21","'3140L1VR3'","MBS","UMBS MORTPASS 2% 03/51","30yr",,,,,"84375146.56",,,,,,""
"2021-04-21","'3140KHRW3'","MBS","UMBS MORTPASS 2.5% 08/50","30yr",,,,,"84361927.19",,,,,,""
"2021-04-21","'3140Q92G7'","MBS","UMBS MORTPASS 4.5% 11/48","30yr",,,,,"83947621.26",,,,,,""
"2021-04-21","'3140X5D34'","MBS","UMBS MORTPASS 4% 08/49","30yr",,,,,"83912278.13",,,,,,""
"2021-04-21","'3140J7ST3'","MBS","UMBS MORTPASS 3.5% 04/44","30yr",,,,,"83549126.6",,,,,,"Y"
"2021-04-21","'3133KHCF1'","MBS","UMBS MORTPASS 3% 12/49","30yr",,,,,"83245396.36",,,,,,""
"2021-04-21","'3140JXRB6'","MBS","UMBS MORTPASS 2.5% 10/49","30yr",,,,,"83084610.15",,,,,,""
"2021-04-21","'31335BHB5'","MBS","FHLMCGLD 4% 05/45","30yr",,,,,"83024064.73",,,,,,"Y"
"2021-04-21","'3133KHZ25'","MBS","UMBS 2.5%","30yr",,,,,"82899454.51",,,,,,""
"2021-04-21","'3140QDXA7'","MBS","UMBS MORTPASS 2.5% 06/50","30yr",,,,,"82846891.83",,,,,,""
"2021-04-21","'3133AGD30'","MBS","UMBS MORTPASS 2% 02/51","30yr",,,,,"82843972.41",,,,,,""
"2021-04-21","'3140HJJJ1'","MBS","UMBS MORTPASS 4% 08/48","30yr",,,,,"82766769.24",,,,,,""
"2021-04-21","'3133GCK76'","MBS","UMBS MORTPASS 2% 03/36","15yr",,,,,"82275049.48",,,,,,""
"2021-04-21","'3140QAR77'","MBS","UMBS MORTPASS 4% 03/49","30yr",,,,,"82253243",,,,,,""
"2021-04-21","'3140QDUZ5'","MBS","UMBS MORTPASS 3% 06/50","30yr",,,,,"82233223.44",,,,,,""
"2021-04-21","'31418CZ80'","MBS","UMBS MORTPASS 3.5% 09/48","30yr",,,,,"82192686.6",,,,,,""
"2021-04-21","'3140QDLS1'","MBS","UMBS MORTPASS 3% 02/50","30yr",,,,,"82181038.68",,,,,,""
"2021-04-21","'31335CJW5'","MBS","FHLMCGLD 4% 07/44","30yr",,,,,"82130681.94",,,,,,"Y"
"2021-04-21","'3140Q9SY0'","MBS","UMBS MORTPASS 4% 09/48","30yr",,,,,"82057055.63",,,,,,""
"2021-04-21","'3140QGYE1'","MBS","UMBS MORTPASS 2.5% 01/51","30yr",,,,,"82045268.56",,,,,,""
"2021-04-21","'3138EGWM2'","MBS","UMBS MORTPASS 4% 09/24","15yr",,,,,"81910522.43",,,,,,"Y"
"2021-04-21","'36202FUE4'","MBS","GNMA II MORTPASS 4% 06/41","30yr",,,,,"81797849.75",,,,,,""
"2021-04-21","'36179TAL9'","MBS","GNMA II MORTPASS 4% 06/47","30yr",,,,,"81778282.07",,,,,,""
"2021-04-21","'3140QAP61'","MBS","UMBS MORTPASS 4% 03/49","30yr",,,,,"81707952.37",,,,,,""
"2021-04-21","'3138EQK50'","MBS","UMBS MORTPASS 3% 03/27","15yr",,,,,"81616065.41",,,,,,"Y"
"2021-04-21","'36179UST0'","MBS","GNMA II 3.5% 05/49","30yr",,,,,"81548771.75",,,,,,""
"2021-04-21","'3133G9MV8'","MBS","UMBS MORTPASS 1.5% 08/35","15yr",,,,,"81066860.66",,,,,,""
"2021-04-21","'3140KKXM1'","MBS","UMBS MORTPASS 2% 09/50","30yr",,,,,"81057824.08",,,,,,""
"2021-04-21","'3140X5WX7'","MBS","UMBS MORTPASS 3.5% 03/50","30yr",,,,,"81032963.92",,,,,,""
"2021-04-21","'3140KAMB9'","MBS","UMBS MORTPASS 3% 03/50","30yr",,,,,"80899772.03",,,,,,""
"2021-04-21","'31418DLP5'","MBS","UMBS MORTPASS 2.5% 02/40","Other",,,,,"80871099.34",,,,,,""
"2021-04-21","'3128MEY47'","MBS","FHLMCGLD 3% 08/28","15yr",,,,,"80703034.64",,,,,,"Y"
"2021-04-21","'31418CXN9'","MBS","UMBS MORTPASS 4% 06/48","30yr",,,,,"80248370.32",,,,,,""
"2021-04-21","'3132AEKP0'","MBS","UMBS MORTPASS 3% 12/48","30yr",,,,,"80216495.67",,,,,,""
"2021-04-21","'3140KLRH7'","MBS","UMBS MORTPASS 2.5% 08/50","30yr",,,,,"80141639.74",,,,,,""
"2021-04-21","'3128M8QC1'","MBS","FHLMCGLD 5% 08/40","30yr",,,,,"79939107",,,,,,"Y"
"2021-04-21","'3140J5RR2'","MBS","UMBS MORTPASS 4% 02/45","30yr",,,,,"79908335.79",,,,,,"Y"
"2021-04-21","'3140KMSH4'","MBS","UMBS MORTPASS 2.5% 08/50","30yr",,,,,"79735382.39",,,,,,""
"2021-04-21","'31418C4G6'","MBS","UMBS MORTPASS 4.5% 11/48","30yr",,,,,"79678240.51",,,,,,""
"2021-04-21","'3132D53U4'","MBS","UMBS MORTPASS 3% 10/34","15yr",,,,,"79632902.43",,,,,,""
"2021-04-21","'3140L3P88'","MBS","UMBS MORTPASS 1.5% 04/36","15yr",,,,,"79158239",,,,,,""
"2021-04-21","'3133KJDV1'","MBS","UMBS MORTPASS 2% 06/50","30yr",,,,,"79123522.12",,,,,,""
"2021-04-21","'31346YZN6'","MBS","UMBS MORTPASS 3% 12/49","30yr",,,,,"79101324.37",,,,,,""
"2021-04-21","'3133AKBT6'","MBS","UMBS MORTPASS 1.5% 04/51","30yr",,,,,"79064135",,,,,,""
"2021-04-21","'3133AAH88'","MBS","UMBS MORTPASS 2.5% 09/50","30yr",,,,,"78802915.48",,,,,,""
"2021-04-21","'3140X8JM0'","MBS","UMBS MORTPASS 2% 11/50","30yr",,,,,"78756861.5",,,,,,""
"2021-04-21","'3140KTT39'","MBS","UMBS MORTPASS 1.5% 03/51","30yr",,,,,"78654948.48",,,,,,""
"2021-04-21","'3133AJC27'","MBS","UMBS MORTPASS 1.5% 03/51","30yr",,,,,"78640591",,,,,,""
"2021-04-21","'31418DH54'","MBS","UMBS MORTPASS 4.5% 11/49","30yr",,,,,"78635396.77",,,,,,""
"2021-04-21","'3140QFAX7'","MBS","UMBS MORTPASS 2% 10/50","30yr",,,,,"78469865.75",,,,,,""
"2021-04-21","'3133A7TP4'","MBS","UMBS MORTPASS 2.5% 07/50","30yr",,,,,"78323622.3",,,,,,""
"2021-04-21","'3138EHC42'","MBS","UMBS MORTPASS 5% 07/40","30yr",,,,,"78169794.63",,,,,,"Y"
"2021-04-21","'3133KLXD4'","MBS","UMBS MORTPASS 1.5% 02/51","30yr",,,,,"78163324",,,,,,""
"2021-04-21","'31418DCA8'","MBS","UMBS MORTPASS 4% 05/49","30yr",,,,,"78086328.57",,,,,,""
"2021-04-21","'36179UQ54'","MBS","GNMA II MORTPASS 4% 04/49","30yr",,,,,"77901755.73",,,,,,""
"2021-04-21","'3140QHQ81'","MBS","UMBS MORTPASS 1.5% 03/36","15yr",,,,,"77815863",,,,,,""
"2021-04-21","'3128MFGE2'","MBS","FHLMCGLD 3.5% 03/32","15yr",,,,,"77665172.79",,,,,,"Y"
"2021-04-21","'36179UMK5'","MBS","GNMA II 3.5% 02/49","30yr",,,,,"77561750.25",,,,,,""
"2021-04-21","'36179TSJ5'","MBS","GNMA II 4.5% 02/48","30yr",,,,,"77535734.04",,,,,,""
"2021-04-21","'3132DMJS5'","MBS","UMBS MORTPASS 3.5% 02/44","30yr",,,,,"77415264.58",,,,,,""
"2021-04-21","'3133A36C7'","MBS","UMBS MORTPASS 3% 04/50","30yr",,,,,"77156335.47",,,,,,""
"2021-04-21","'3140X8TF4'","MBS","UMBS MORTPASS 2.5% 12/50","30yr",,,,,"77047134.27",,,,,,""
"2021-04-21","'3140X6XY2'","MBS","UMBS MORTPASS 3% 05/50","30yr",,,,,"76955931.85",,,,,,""
"2021-04-21","'31418CWS9'","MBS","UMBS MORTPASS 3.5% 05/48","30yr",,,,,"76901044.94",,,,,,""
"2021-04-21","'3128MF2D9'","MBS","FHLMCGLD 3% 11/31","15yr",,,,,"76817662.97",,,,,,"Y"
"2021-04-21","'3140KGV67'","MBS","UMBS MORTPASS 3% 07/50","30yr",,,,,"76477826.87",,,,,,""
"2021-04-21","'3132DV4K8'","MBS","UMBS MORTPASS 4% 11/49","30yr",,,,,"76467250.12",,,,,,""
"2021-04-21","'3133AC4H8'","MBS","UMBS MORTPASS 2% 12/50","30yr",,,,,"76338698.12",,,,,,""
"2021-04-21","'3140QHPJ8'","MBS","UMBS MORTPASS 1.5% 03/36","15yr",,,,,"76330610",,,,,,""
"2021-04-21","'3140L5S80'","MBS","UMBS MORTPASS 2% 03/51","30yr",,,,,"76326993",,,,,,""
"2021-04-21","'3140KBRJ5'","MBS","UMBS MORTPASS 2.5% 06/50","30yr",,,,,"76277976.58",,,,,,""
"2021-04-21","'3128MF2G2'","MBS","FHLMCGLD 3% 01/29","15yr",,,,,"76043665.64",,,,,,"Y"
"2021-04-21","'3140K7WY5'","MBS","UMBS MORTPASS 2% 03/35","15yr",,,,,"76016960.64",,,,,,""
"2021-04-21","'3133A7FV6'","MBS","UMBS MORTPASS 2.5% 07/50","30yr",,,,,"76016379.85",,,,,,""
"2021-04-21","'3140QAPN4'","MBS","UMBS MORTPASS 4% 02/49","30yr",,,,,"75833781.35",,,,,,""
"2021-04-21","'3140KGWH2'","MBS","UMBS MORTPASS 3% 07/50","30yr",,,,,"75790085.99",,,,,,""
"2021-04-21","'3138EGHA5'","MBS","UMBS MORTPASS 5.5% 12/39","30yr",,,,,"75757617.96",,,,,,"Y"
"2021-04-21","'3132CWPP3'","MBS","UMBS MORTPASS 2% 10/35","15yr",,,,,"75740193.94",,,,,,""
"2021-04-21","'31335AHR2'","MBS","FHLMCGLD 3.5% 02/43","30yr",,,,,"75695533.77",,,,,,"Y"
"2021-04-21","'3133A43L8'","MBS","UMBS MORTPASS 2.5% 05/50","30yr",,,,,"75630075.74",,,,,,""
"2021-04-21","'3138ERKS8'","MBS","UMBS MORTPASS 2.5% 06/29","15yr",,,,,"75507753.3",,,,,,"Y"
"2021-04-21","'3133AJE33'","MBS","UMBS MORTPASS 2% 03/51","30yr",,,,,"75439838.53",,,,,,""
"2021-04-21","'3140Q7B55'","MBS","UMBS MORTPASS 4% 07/47","30yr",,,,,"75399017.29",,,,,,""
"2021-04-21","'3138EQ2Q4'","MBS","UMBS MORTPASS 4.5% 10/43","30yr",,,,,"75355072.19",,,,,,"Y"
"2021-04-21","'3133GCN73'","MBS","UMBS MORTPASS 1.5% 04/36","15yr",,,,,"75000857.51",,,,,,""
"2021-04-21","'36202FXB7'","MBS","GNMA II MORTPASS 4% 09/41","30yr",,,,,"74837847.33",,,,,,""
"2021-04-21","'3138ERKQ2'","MBS","UMBS MORTPASS 2.5% 08/29","15yr",,,,,"74422353.57",,,,,,"Y"
"2021-04-21","'3140Q9W82'","MBS","UMBS MORTPASS 4% 10/48","30yr",,,,,"74202706.05",,,,,,""
"2021-04-21","'3140QFLL1'","MBS","UMBS MORTPASS 2.5% 08/50","30yr",,,,,"74190413.92",,,,,,""
"2021-04-21","'3133KH5E2'","MBS","UMBS MORTPASS 2.5% 06/50","30yr",,,,,"73967706.41",,,,,,""
"2021-04-21","'3133KK3V9'","MBS","UMBS MORTPASS 2.5% 01/51","30yr",,,,,"73920189.92",,,,,,""
"2021-04-21","'36202F3N4'","MBS","GNMA II MORTPASS 4% 02/42","30yr",,,,,"73583836.58",,,,,,""
"2021-04-21","'3133A6BQ3'","MBS","UMBS MORTPASS 2.5% 06/50","30yr",,,,,"73539144.78",,,,,,""
"2021-04-21","'31418DC75'","MBS","UMBS MORTPASS 4% 07/49","30yr",,,,,"73471138.92",,,,,,""
"2021-04-21","'3140K14D5'","MBS","UMBS MORTPASS 3% 12/49","30yr",,,,,"73435157.56",,,,,,""
"2021-04-21","'3140K5L39'","MBS","UMBS MORTPASS 2.5% 03/50","30yr",,,,,"73366168.4",,,,,,""
"2021-04-21","'31417EZF1'","MBS","UMBS MORTPASS 3% 02/43","30yr",,,,,"73258697.35",,,,,,""
"2021-04-21","'3140HDSY1'","MBS","UMBS MORTPASS 3% 01/50","30yr",,,,,"73236202.37",,,,,,""
"2021-04-21","'3140X4SD9'","MBS","UMBS MORTPASS 4% 12/48","30yr",,,,,"73151049.76",,,,,,""
"2021-04-21","'3140QHDX0'","MBS","UMBS MORTPASS 1.5% 02/51","30yr",,,,,"73015913.93",,,,,,""
"2021-04-21","'31418CT95'","MBS","UMBS MORTPASS 3% 02/48","30yr",,,,,"72819295.52",,,,,,""
"2021-04-21","'3128MMWM1'","MBS","FHLMCGLD 2.5% 07/32","15yr",,,,,"72776540.71",,,,,,""
"2021-04-21","'3140KAQA7'","MBS","UMBS MORTPASS 2.5% 04/50","30yr",,,,,"72768857.01",,,,,,""
"2021-04-21","'3140KDPB0'","MBS","UMBS MORTPASS 2.5% 05/50","30yr",,,,,"72496648.07",,,,,,""
"2021-04-21","'3140KQRW3'","MBS","UMBS MORTPASS 2% 11/50","30yr",,,,,"72176981.75",,,,,,""
"2021-04-21","'3140KCQE5'","MBS","UMBS MORTPASS 2.5% 05/50","30yr",,,,,"72169937.75",,,,,,""
"2021-04-21","'3140KQDZ1'","MBS","UMBS MORTPASS 2% 11/50","30yr",,,,,"71946251.21",,,,,,""
"2021-04-21","'3128MMW74'","MBS","FHLMCGLD 2.5% 12/32","15yr",,,,,"71823237.06",,,,,,""
"2021-04-21","'3132D53P5'","MBS","UMBS MORTPASS 3% 09/34","15yr",,,,,"71781732.48",,,,,,""
"2021-04-21","'3140L6MK7'","MBS","UMBS MORTPASS 1.5% 03/51","30yr",,,,,"71686435.36",,,,,,""
"2021-04-21","'3140KP5J8'","MBS","UMBS MORTPASS 1.5% 01/36","15yr",,,,,"71669169.11",,,,,,""
"2021-04-21","'3132DMFZ3'","MBS","UMBS MORTPASS 2.5% 12/49","30yr",,,,,"71646602.04",,,,,,""
"2021-04-21","'3128MMV59'","MBS","FHLMCGLD 2.5% 03/32","15yr",,,,,"71617963.68",,,,,,""
"2021-04-21","'3140HBVF2'","MBS","UMBS MORTPASS 3% 10/49","30yr",,,,,"71545688.08",,,,,,""
"2021-04-21","'3140KHWW7'","MBS","UMBS MORTPASS 2.5% 07/50","30yr",,,,,"71529028.31",,,,,,""
"2021-04-21","'3138EQBX9'","MBS","UMBS MORTPASS 4% 03/40","30yr",,,,,"71479104.67",,,,,,"Y"
"2021-04-21","'3140KBW91'","MBS","UMBS MORTPASS 2.5% 05/50","30yr",,,,,"71421955.47",,,,,,""
"2021-04-21","'3138ESAJ7'","MBS","UMBS MORTPASS 3.5% 12/28","15yr",,,,,"71329253.57",,,,,,"Y"
"2021-04-21","'31368HNN9'","MBS","UMBS MORTPASS 5% 09/39","30yr",,,,,"71278863.04",,,,,,""
"2021-04-21","'3140JWKX7'","MBS","UMBS MORTPASS 3% 08/49","30yr",,,,,"71158755.45",,,,,,""
"2021-04-21","'3140KHWV9'","MBS","UMBS MORTPASS 2.5% 07/50","30yr",,,,,"70925350.15",,,,,,""
"2021-04-21","'3140JM4T6'","MBS","UMBS MORTPASS 4% 03/49","30yr",,,,,"70905822.64",,,,,,""
"2021-04-21","'3140L1YP4'","MBS","UMBS MORTPASS 1.5% 02/36","15yr",,,,,"70828687.3",,,,,,""
"2021-04-21","'31418C4E1'","MBS","UMBS MORTPASS 3.5% 11/48","30yr",,,,,"70793000.76",,,,,,""
"2021-04-21","'36179M2N9'","MBS","GNMA II 2.5% 02/43","30yr",,,,,"70782835.8",,,,,,""
"2021-04-21","'3133KGLD8'","MBS","UMBS MORTPASS 3% 08/49","30yr",,,,,"70738830.02",,,,,,""
"2021-04-21","'3140Q7WQ6'","MBS","UMBS MORTPASS 3.5% 11/47","30yr",,,,,"70608056.12",,,,,,""
"2021-04-21","'3138EGPN8'","MBS","UMBS MORTPASS 5% 02/40","30yr",,,,,"70481178.83",,,,,,"Y"
"2021-04-21","'3132AEKF2'","MBS","UMBS MORTPASS 2.5% 06/34","15yr",,,,,"70473780.41",,,,,,""
"2021-04-21","'3133KHZW9'","MBS","UMBS 3.0%","30yr",,,,,"70252249.44",,,,,,""
"2021-04-21","'3128MMXN8'","MBS","FHLMCGLD 3% 04/33","15yr",,,,,"70067343.5",,,,,,""
"2021-04-21","'36179NQ35'","MBS","GNMA II MORTPASS 3% 10/43","30yr",,,,,"70052744.64",,,,,,""
"2021-04-21","'3133ABNT3'","MBS","UMBS MORTPASS 2% 11/50","30yr",,,,,"70034268.85",,,,,,""
"2021-04-21","'3131Y7CS4'","MBS","UMBS MORTPASS 4.5% 10/48","30yr",,,,,"69690212.71",,,,,,""
"2021-04-21","'3133AJKT9'","MBS","UMBS MORTPASS 2% 04/51","30yr",,,,,"69588801.99",,,,,,""
"2021-04-21","'31418DKB7'","MBS","UMBS MORTPASS 2.5% 01/40","Other",,,,,"69533394.39",,,,,,""
"2021-04-21","'3140L5S72'","MBS","UMBS MORTPASS 1.5% 03/51","30yr",,,,,"69492904",,,,,,""
"2021-04-21","'3138EQK76'","MBS","UMBS MORTPASS 4.5% 11/43","30yr",,,,,"69452094.35",,,,,,"Y"
"2021-04-21","'3133A42Z8'","MBS","UMBS MORTPASS 2.5% 06/50","30yr",,,,,"69436504.32",,,,,,""
"2021-04-21","'3138EQWD0'","MBS","UMBS MORTPASS 3.5% 10/42","30yr",,,,,"69372572.32",,,,,,"Y"
"2021-04-21","'36202F4R4'","MBS","GNMA II MORTPASS 4% 03/42","30yr",,,,,"69360127.23",,,,,,""
"2021-04-21","'3133ADSV9'","MBS","UMBS MORTPASS 2% 12/50","30yr",,,,,"69358100.91",,,,,,""
"2021-04-21","'3128MMW33'","MBS","FHLMCGLD 2.5% 11/32","15yr",,,,,"69191721.63",,,,,,""
"2021-04-21","'31418DDP4'","MBS","UMBS MORTPASS 2.5% 06/34","15yr",,,,,"69152060.44",,,,,,""
"2021-04-21","'3140X5H48'","MBS","UMBS MORTPASS 3% 12/49","30yr",,,,,"69149675.96",,,,,,""
"2021-04-21","'3140KSAU1'","MBS","UMBS MORTPASS 1.5% 11/35","15yr",,,,,"68825907.55",,,,,,""
"2021-04-21","'36179MG61'","MBS","GNMA II MORTPASS 4% 07/42","30yr",,,,,"68784278.32",,,,,,""
"2021-04-21","'3133A06G4'","MBS","UMBS MORTPASS 3% 01/50","30yr",,,,,"68746912.29",,,,,,""
"2021-04-21","'3140J5D89'","MBS","UMBS MORTPASS 2.5% 08/30","15yr",,,,,"68625623.76",,,,,,"Y"
"2021-04-21","'31334YEX1'","MBS","UMBS MORTPASS 3% 08/49","30yr",,,,,"68514803.38",,,,,,""
"2021-04-21","'3128MJ3H1'","MBS","FHLMCGLD 3% 02/48","30yr",,,,,"68503031.91",,,,,,""
"2021-04-21","'31334YK97'","MBS","UMBS MORTPASS 3% 08/49","30yr",,,,,"68346797.93",,,,,,""
"2021-04-21","'3140KMZY9'","MBS","UMBS MORTPASS 2% 09/50","30yr",,,,,"68331732.85",,,,,,""
"2021-04-21","'36179NLF3'","MBS","GNMA II 4.5% 08/43","30yr",,,,,"68257271.5",,,,,,""
"2021-04-21","'3138EGFN9'","MBS","UMBS MORTPASS 4% 07/25","15yr",,,,,"68129417.38",,,,,,"Y"
"2021-04-21","'3128M8MM3'","MBS","FHLMCGLD 5% 03/38","30yr",,,,,"67979936.23",,,,,,"Y"
"2021-04-21","'3140KAB96'","MBS","UMBS MORTPASS 2.5% 04/50","30yr",,,,,"67961006.17",,,,,,""
"2021-04-21","'31418DJM5'","MBS","UMBS MORTPASS 2.5% 12/39","Other",,,,,"67805435.58",,,,,,""
"2021-04-21","'3140X46N1'","MBS","UMBS MORTPASS 3% 10/34","15yr",,,,,"67705412.06",,,,,,""
"2021-04-21","'3140KGXG3'","MBS","UMBS MORTPASS 3% 07/50","30yr",,,,,"67678833.21",,,,,,""
"2021-04-21","'3140H1WL0'","MBS","UMBS MORTPASS 3.5% 03/48","30yr",,,,,"67673486.78",,,,,,""
"2021-04-21","'3128MJ3D0'","MBS","FHLMCGLD 3% 01/48","30yr",,,,,"67666099.46",,,,,,""
"2021-04-21","'3138ESAK4'","MBS","UMBS MORTPASS 2.5% 05/29","15yr",,,,,"67644660.92",,,,,,"Y"
"2021-04-21","'3132ACSK7'","MBS","UMBS MORTPASS 4.5% 09/48","30yr",,,,,"67641052.68",,,,,,""
"2021-04-21","'31329QHR5'","MBS","UMBS MORTPASS 4% 03/49","30yr",,,,,"67577389.85",,,,,,""
"2021-04-21","'3140L6ML5'","MBS","UMBS MORTPASS 1.5% 03/51","30yr",,,,,"67572333.92",,,,,,""
"2021-04-21","'3140X72N8'","MBS","UMBS MORTPASS 2% 10/35","15yr",,,,,"67477183.25",,,,,,""
"2021-04-21","'3140KPB93'","MBS","UMBS MORTPASS 2% 09/50","30yr",,,,,"67467720.59",,,,,,""
"2021-04-21","'3133KYSE0'","MBS","UMBS MORTPASS 3% 11/39","Other",,,,,"67333355.49",,,,,,""
"2021-04-21","'3140QFZ85'","MBS","UMBS MORTPASS 1.5% 11/50","30yr",,,,,"67185886.19",,,,,,""
"2021-04-21","'3133A3HG6'","MBS","UMBS MORTPASS 2.5% 03/50","30yr",,,,,"67166700.27",,,,,,""
"2021-04-21","'3133GCF23'","MBS","UMBS MORTPASS 1.5% 04/36","15yr",,,,,"67071739.25",,,,,,""
"2021-04-21","'3133AGNK1'","MBS","UMBS MORTPASS 2% 03/51","30yr",,,,,"66929126.47",,,,,,""
"2021-04-21","'3140KBML5'","MBS","UMBS MORTPASS 2.5% 04/50","30yr",,,,,"66915212.37",,,,,,""
"2021-04-21","'3138EGWC4'","MBS","UMBS MORTPASS 4.5% 02/25","15yr",,,,,"66891515.94",,,,,,"Y"
"2021-04-21","'3140X86D4'","MBS","UMBS MORTPASS 1.5% 02/36","15yr",,,,,"66846134.09",,,,,,""
"2021-04-21","'3133AALF7'","MBS","UMBS MORTPASS 2% 10/50","30yr",,,,,"66760777.39",,,,,,""
"2021-04-21","'36179VQT0'","MBS","GNMA II MORTPASS 3% 07/50","30yr",,,,,"66672628.51",,,,,,""
"2021-04-21","'3140Q8KV6'","MBS","UMBS MORTPASS 4% 11/47","30yr",,,,,"66581902.53",,,,,,""
"2021-04-21","'3128MEQN4'","MBS","FHLMCGLD 3.5% 01/27","15yr",,,,,"66547608.72",,,,,,"Y"
"2021-04-21","'3140QHRA5'","MBS","UMBS MORTPASS 1.5% 03/36","15yr",,,,,"66525628",,,,,,""
"2021-04-21","'3132ADXY9'","MBS","UMBS MORTPASS 4.5% 01/49","30yr",,,,,"66458321.26",,,,,,""
"2021-04-21","'3132DMJR7'","MBS","UMBS MORTPASS 4% 03/45","30yr",,,,,"66405000.39",,,,,,""
"2021-04-21","'3140QDBS2'","MBS","UMBS MORTPASS 3% 12/49","30yr",,,,,"66366088.31",,,,,,""
"2021-04-21","'3138EGXP4'","MBS","UMBS MORTPASS 4.5% 02/25","15yr",,,,,"66104180.96",,,,,,"Y"
"2021-04-21","'31329QNK3'","MBS","UMBS MORTPASS 4% 04/49","30yr",,,,,"65987532.27",,,,,,""
"2021-04-21","'3133G9D71'","MBS","UMBS MORTPASS 2% 07/35","15yr",,,,,"65957565.28",,,,,,""
"2021-04-21","'31418DC83'","MBS","UMBS MORTPASS 4.5% 07/49","30yr",,,,,"65943479.64",,,,,,""
"2021-04-21","'3132DV3K9'","MBS","UMBS MORTPASS 4.5% 07/49","30yr",,,,,"65857888.54",,,,,,""
"2021-04-21","'3140L3NC1'","MBS","UMBS MORTPASS 1.5% 04/36","15yr",,,,,"65797288",,,,,,""
"2021-04-21","'31334YEQ6'","MBS","UMBS MORTPASS 3% 08/49","30yr",,,,,"65779572.44",,,,,,""
"2021-04-21","'3133ABP87'","MBS","UMBS MORTPASS 2.5% 11/50","30yr",,,,,"65774530.65",,,,,,""
"2021-04-21","'3133KLGY7'","MBS","UMBS MORTPASS 2% 02/51","30yr",,,,,"65763219.15",,,,,,""
"2021-04-21","'3140QCTV8'","MBS","UMBS MORTPASS 3% 01/35","15yr",,,,,"65700921.99",,,,,,""
"2021-04-21","'3133KYSQ3'","MBS","UMBS MORTPASS 3% 01/40","Other",,,,,"65609724.86",,,,,,""
"2021-04-21","'3133KJ6K3'","MBS","UMBS MORTPASS 2% 10/50","30yr",,,,,"65283862.52",,,,,,""
"2021-04-21","'3140QCZ58'","MBS","UMBS MORTPASS 3% 02/50","30yr",,,,,"65240089.93",,,,,,""
"2021-04-21","'3140L2RN5'","MBS","UMBS MORTPASS 1.5% 01/51","30yr",,,,,"65094197.48",,,,,,""
"2021-04-21","'3140X56E8'","MBS","UMBS MORTPASS 4% 11/48","30yr",,,,,"64927487.02",,,,,,""
"2021-04-21","'3140XAQU9'","MBS","UMBS MORTPASS 1.5% 04/36","15yr",,,,,"64857813.11",,,,,,""
"2021-04-21","'3140QDL77'","MBS","UMBS MORTPASS 3.5% 02/50","30yr",,,,,"64826370.59",,,,,,""
"2021-04-21","'3140QHJD8'","MBS","UMBS MORTPASS 1.5% 02/51","30yr",,,,,"64823979.6",,,,,,""
"2021-04-21","'3132DV3Q6'","MBS","UMBS MORTPASS 4.5% 08/49","30yr",,,,,"64802039.71",,,,,,""
"2021-04-21","'3140QDH98'","MBS","UMBS MORTPASS 2.5% 02/35","15yr",,,,,"64689328.31",,,,,,""
"2021-04-21","'3140EU6A2'","MBS","UMBS MORTPASS 2.5% 04/31","15yr",,,,,"64604408.01",,,,,,""
"2021-04-21","'3133KGP93'","MBS","UMBS MORTPASS 3% 09/49","30yr",,,,,"64601340.48",,,,,,""
"2021-04-21","'3133GBRS5'","MBS","UMBS MORTPASS 2% 01/36","15yr",,,,,"64581062.67",,,,,,""
"2021-04-21","'3131YBQB7'","MBS","UMBS MORTPASS 4% 04/49","30yr",,,,,"64453655.44",,,,,,""
"2021-04-21","'3133A4YH3'","MBS","UMBS MORTPASS 2.5% 05/50","30yr",,,,,"64436760.59",,,,,,""
"2021-04-21","'3140QBWJ3'","MBS","UMBS MORTPASS 3% 09/49","30yr",,,,,"64402395.68",,,,,,""
"2021-04-21","'31329QNW7'","MBS","UMBS MORTPASS 3.5% 04/49","30yr",,,,,"64399050.07",,,,,,""
"2021-04-21","'3138ETZR0'","MBS","UMBS MORTPASS 2.5% 09/29","15yr",,,,,"64202405.85",,,,,,"Y"
"2021-04-21","'36179ME22'","MBS","GNMA II MORTPASS 3% 06/42","30yr",,,,,"64188633.95",,,,,,""
"2021-04-21","'31418CZJ6'","MBS","UMBS MORTPASS 4.5% 08/48","30yr",,,,,"64164990.76",,,,,,""
"2021-04-21","'3133KYSP5'","MBS","UMBS MORTPASS 2.5% 11/39","Other",,,,,"64153607.79",,,,,,""
"2021-04-21","'3138ERQD5'","MBS","UMBS MORTPASS 3% 12/28","15yr",,,,,"64086155.39",,,,,,"Y"
"2021-04-21","'3140X5Y98'","MBS","UMBS MORTPASS 3% 12/34","15yr",,,,,"63977893.97",,,,,,""
"2021-04-21","'3140K0SN9'","MBS","UMBS MORTPASS 3% 12/49","30yr",,,,,"63777507.1",,,,,,""
"2021-04-21","'3133KHB54'","MBS","UMBS MORTPASS 3% 12/49","30yr",,,,,"63729540.06",,,,,,""
"2021-04-21","'31418CW26'","MBS","UMBS MORTPASS 3.5% 05/33","15yr",,,,,"63728854.88",,,,,,""
"2021-04-21","'31418DRP9'","MBS","UMBS MORTPASS 2% 08/40","Other",,,,,"63675327.86",,,,,,""
"2021-04-21","'31334YGE1'","MBS","UMBS MORTPASS 3% 08/49","30yr",,,,,"63668569.41",,,,,,""
"2021-04-21","'3133A6GU9'","MBS","UMBS MORTPASS 2.5% 06/50","30yr",,,,,"63575990.84",,,,,,""
"2021-04-21","'3133A7TN9'","MBS","UMBS MORTPASS 2.5% 07/50","30yr",,,,,"63502197.26",,,,,,""
"2021-04-21","'3132DV3V5'","MBS","UMBS MORTPASS 4% 09/49","30yr",,,,,"63479192.44",,,,,,""
"2021-04-21","'3140L4WJ4'","MBS","UMBS MORTPASS 1.5% 03/51","30yr",,,,,"63305756",,,,,,""
"2021-04-21","'3128M8QA5'","MBS","FHLMCGLD 4% 04/40","30yr",,,,,"63289299.31",,,,,,"Y"
"2021-04-21","'3128MFAU2'","MBS","FHLMCGLD 3% 11/31","15yr",,,,,"63259915.72",,,,,,"Y"
"2021-04-21","'3140QDKY9'","MBS","UMBS MORTPASS 2.5% 05/50","30yr",,,,,"63168711.06",,,,,,""
"2021-04-21","'3133GB6H2'","MBS","UMBS MORTPASS 1.5% 02/36","15yr",,,,,"63153244.83",,,,,,""
"2021-04-21","'31418DGZ9'","MBS","UMBS MORTPASS 4.5% 10/49","30yr",,,,,"63029411.79",,,,,,""
"2021-04-21","'3140L4WF2'","MBS","UMBS MORTPASS 2% 03/51","30yr",,,,,"62840765",,,,,,""
"2021-04-21","'3140QGUM7'","MBS","UMBS MORTPASS 2% 01/51","30yr",,,,,"62829570.14",,,,,,""
"2021-04-21","'3132AECG9'","MBS","UMBS MORTPASS 3% 04/34","15yr",,,,,"62781387.88",,,,,,""
"2021-04-21","'3140X5NG4'","MBS","UMBS MORTPASS 3.5% 02/49","30yr",,,,,"62777003.77",,,,,,""
"2021-04-21","'3132CWLL6'","MBS","UMBS MORTPASS 2.5% 05/35","15yr",,,,,"62685514.7",,,,,,""
"2021-04-21","'36202FPF7'","MBS","GNMA II MORTPASS 4% 01/41","30yr",,,,,"62667600.56",,,,,,""
"2021-04-21","'3132DV5L5'","MBS","UMBS MORTPASS 3.5% 03/50","30yr",,,,,"62659070.36",,,,,,""
"2021-04-21","'31418CZC1'","MBS","UMBS MORTPASS 3.5% 08/33","15yr",,,,,"62657322.7",,,,,,""
"2021-04-21","'3140X4W93'","MBS","UMBS MORTPASS 4% 12/48","30yr",,,,,"62630840.37",,,,,,""
"2021-04-21","'3131XCCP0'","MBS","UMBS MORTPASS 2.5% 07/31","15yr",,,,,"62581132.81",,,,,,""
"2021-04-21","'3140QGZS9'","MBS","UMBS MORTPASS 2% 02/51","30yr",,,,,"62492375.09",,,,,,""
"2021-04-21","'3140L2RP0'","MBS","UMBS MORTPASS 1.5% 01/51","30yr",,,,,"62406770.54",,,,,,""
"2021-04-21","'3133A7SG5'","MBS","UMBS MORTPASS 2.5% 07/50","30yr",,,,,"62346685.04",,,,,,""
"2021-04-21","'3138WG2W3'","MBS","UMBS MORTPASS 2.5% 05/31","15yr",,,,,"62319429.93",,,,,,""
"2021-04-21","'3133KJL59'","MBS","UMBS MORTPASS 2% 07/50","30yr",,,,,"62292607.61",,,,,,""
"2021-04-21","'3138ERVK3'","MBS","UMBS MORTPASS 3.5% 09/45","30yr",,,,,"62257277.51",,,,,,"Y"
"2021-04-21","'3132A5JQ9'","MBS","UMBS MORTPASS 3.5% 06/48","30yr",,,,,"62061541.32",,,,,,""
"2021-04-21","'3133A86T9'","MBS","UMBS MORTPASS 2.5% 08/50","30yr",,,,,"61945261.71",,,,,,""
"2021-04-21","'3133GAUT1'","MBS","UMBS MORTPASS 2% 11/35","15yr",,,,,"61735456.37",,,,,,""
"2021-04-21","'3140QHJA4'","MBS","UMBS MORTPASS 1.5% 02/51","30yr",,,,,"61723694.4",,,,,,""
"2021-04-21","'3133GAUC8'","MBS","UMBS MORTPASS 1.5% 11/35","15yr",,,,,"61708299.89",,,,,,""
"2021-04-21","'3138EQRQ7'","MBS","UMBS MORTPASS 3.5% 05/28","15yr",,,,,"61684074.03",,,,,,"Y"
"2021-04-21","'31419A4Y0'","MBS","UMBS MORTPASS 5.5% 04/37","30yr",,,,,"61590931.53",,,,,,"Y"
"2021-04-21","'3140JM5B4'","MBS","UMBS MORTPASS 4.5% 03/49","30yr",,,,,"61498174.01",,,,,,""
"2021-04-21","'31335AF37'","MBS","FHLMCGLD 4.5% 03/42","30yr",,,,,"61476686.06",,,,,,"Y"
"2021-04-21","'3138EHC59'","MBS","UMBS MORTPASS 4.5% 05/39","30yr",,,,,"61471739.93",,,,,,"Y"
"2021-04-21","'3133A4Z58'","MBS","UMBS MORTPASS 2.5% 05/50","30yr",,,,,"61352085.37",,,,,,""
"2021-04-21","'3132DV3W3'","MBS","UMBS MORTPASS 4.5% 09/49","30yr",,,,,"61285353.12",,,,,,""
"2021-04-21","'3140X6R86'","MBS","UMBS MORTPASS 3.5% 09/49","30yr",,,,,"61174654.09",,,,,,""
"2021-04-21","'3140X4YC4'","MBS","UMBS MORTPASS 3% 09/49","30yr",,,,,"61134645.2",,,,,,""
"2021-04-21","'3140KEDE5'","MBS","UMBS MORTPASS 2% 06/50","30yr",,,,,"61019090.69",,,,,,""
"2021-04-21","'3133A9DG7'","MBS","UMBS MORTPASS 2% 08/50","30yr",,,,,"60899371.91",,,,,,""
"2021-04-21","'36202FM78'","MBS","GNMA II MORTPASS 4% 12/40","30yr",,,,,"60705520.62",,,,,,""
"2021-04-21","'31329PTD5'","MBS","UMBS MORTPASS 4.5% 11/48","30yr",,,,,"60636605.67",,,,,,""
"2021-04-21","'31418DDB5'","MBS","UMBS MORTPASS 3% 07/39","Other",,,,,"60580636.2",,,,,,""
"2021-04-21","'36202FAV8'","MBS","GNMA II MORTPASS 5% 08/39","30yr",,,,,"60530491.11",,,,,,""
"2021-04-21","'3140KBMN1'","MBS","UMBS MORTPASS 3% 04/50","30yr",,,,,"60273890.99",,,,,,""
"2021-04-21","'3140KCH39'","MBS","UMBS MORTPASS 2.5% 05/50","30yr",,,,,"60253764.4",,,,,,""
"2021-04-21","'3133A72Y4'","MBS","UMBS MORTPASS 2% 07/50","30yr",,,,,"60216629.06",,,,,,""
"2021-04-21","'3132A9TW7'","MBS","UMBS MORTPASS 3% 08/32","15yr",,,,,"60084275.26",,,,,,""
"2021-04-21","'3133G96T1'","MBS","UMBS MORTPASS 2% 09/35","15yr",,,,,"60045310.4",,,,,,""
"2021-04-21","'3138ER2A7'","MBS","UMBS MORTPASS 3.5% 01/43","30yr",,,,,"60042428.74",,,,,,"Y"
"2021-04-21","'31418DC91'","MBS","UMBS MORTPASS 3% 07/34","15yr",,,,,"60018889.48",,,,,,""
"2021-04-21","'36179TXT7'","MBS","GNMA II MORTPASS 3% 05/48","30yr",,,,,"59975976.2",,,,,,""
"2021-04-21","'3138YVFV6'","MBS","UMBS MORTPASS 3% 04/30","15yr",,,,,"59863511.44",,,,,,""
"2021-04-21","'3131YC5L6'","MBS","UMBS MORTPASS 3.5% 05/49","30yr",,,,,"59804148.59",,,,,,""
"2021-04-21","'3140QCCC8'","MBS","UMBS MORTPASS 3.5% 08/49","30yr",,,,,"59758265.91",,,,,,""
"2021-04-21","'3138X02X5'","MBS","UMBS MORTPASS 3.5% 08/43","30yr",,,,,"59756451.79",,,,,,""
"2021-04-21","'3140X6D24'","MBS","UMBS MORTPASS 3% 02/30","15yr",,,,,"59755000.8",,,,,,""
"2021-04-21","'3140KKLL6'","MBS","UMBS MORTPASS 2.5% 07/50","30yr",,,,,"59740828.29",,,,,,""
"2021-04-21","'36179UCA8'","MBS","GNMA II 3.5% 09/48","30yr",,,,,"59563552.8",,,,,,""
"2021-04-21","'36179M5K2'","MBS","GNMA II 2.5% 03/43","30yr",,,,,"59526347.51",,,,,,""
"2021-04-21","'3138EGGN8'","MBS","UMBS MORTPASS 5.5% 03/40","30yr",,,,,"59524857.19",,,,,,"Y"
"2021-04-21","'3133KLBG1'","MBS","UMBS MORTPASS 1.5% 02/51","30yr",,,,,"59497260.77",,,,,,""
"2021-04-21","'3133AGCK3'","MBS","UMBS MORTPASS 1.5% 02/51","30yr",,,,,"59470259.67",,,,,,""
"2021-04-21","'3138ERDU1'","MBS","UMBS MORTPASS 3% 08/29","15yr",,,,,"59335175.05",,,,,,"Y"
"2021-04-21","'3140L4QT9'","MBS","UMBS MORTPASS 2% 02/51","30yr",,,,,"59170678.93",,,,,,""
"2021-04-21","'3133KLF93'","MBS","UMBS MORTPASS 2.5% 01/51","30yr",,,,,"59015069.37",,,,,,""
"2021-04-21","'3140QBF45'","MBS","UMBS MORTPASS 3% 07/49","30yr",,,,,"58914501.55",,,,,,""
"2021-04-21","'3133KG3N6'","MBS","UMBS MORTPASS 3% 11/49","30yr",,,,,"58816548.46",,,,,,""
"2021-04-21","'3132DMJ22'","MBS","UMBS MORTPASS 3% 03/50","30yr",,,,,"58721003.95",,,,,,""
"2021-04-21","'31418CV92'","MBS","UMBS MORTPASS 3% 04/33","15yr",,,,,"58674114.92",,,,,,""
"2021-04-21","'36179RXE4'","MBS","GNMA II MORTPASS 4% 01/46","30yr",,,,,"58531401.09",,,,,,""
"2021-04-21","'3128M8YD0'","MBS","FHLMCGLD 4.5% 03/39","30yr",,,,,"58498126.13",,,,,,"Y"
"2021-04-21","'3140K46C9'","MBS","UMBS MORTPASS 3% 01/50","30yr",,,,,"58495499.64",,,,,,""
"2021-04-21","'3140QDAV6'","MBS","UMBS MORTPASS 2.5% 03/50","30yr",,,,,"58302072.61",,,,,,""
"2021-04-21","'3140X4H82'","MBS","UMBS MORTPASS 2.5% 06/29","15yr",,,,,"58269042.77",,,,,,""
"2021-04-21","'31418CZ49'","MBS","UMBS MORTPASS 3.5% 09/33","15yr",,,,,"58073109.13",,,,,,""
"2021-04-21","'3140K14K9'","MBS","UMBS MORTPASS 3% 12/49","30yr",,,,,"58030442.09",,,,,,""
"2021-04-21","'36179USS2'","MBS","GNMA II MORTPASS 3% 05/49","30yr",,,,,"57647835.52",,,,,,""
"2021-04-21","'3133A3TD0'","MBS","UMBS MORTPASS 2.5% 04/50","30yr",,,,,"57569310.47",,,,,,""
"2021-04-21","'3140Q9SE4'","MBS","UMBS MORTPASS 4% 07/48","30yr",,,,,"57531764.71",,,,,,""
"2021-04-21","'3140QAXX3'","MBS","UMBS MORTPASS 4.5% 04/49","30yr",,,,,"57465775",,,,,,""
"2021-04-21","'3140JPPA7'","MBS","UMBS MORTPASS 4.5% 06/49","30yr",,,,,"57415396.46",,,,,,""
"2021-04-21","'3140HNEP3'","MBS","UMBS MORTPASS 2.5% 12/50","30yr",,,,,"57020159.6",,,,,,""
"2021-04-21","'31339SPM1'","MBS","UMBS MORTPASS 2.5% 10/49","30yr",,,,,"56991127.82",,,,,,""
"2021-04-21","'3140X3B72'","MBS","UMBS MORTPASS 2.5% 02/50","30yr",,,,,"56985261.62",,,,,,""
"2021-04-21","'3140JXRK6'","MBS","UMBS MORTPASS 3% 10/49","30yr",,,,,"56976083.48",,,,,,""
"2021-04-21","'3132DV5S0'","MBS","UMBS MORTPASS 3.5% 04/50","30yr",,,,,"56906455.16",,,,,,""
"2021-04-21","'3140QAXT2'","MBS","UMBS MORTPASS 4% 04/49","30yr",,,,,"56878148.66",,,,,,""
"2021-04-21","'3132DMJQ9'","MBS","UMBS MORTPASS 3.5% 01/45","30yr",,,,,"56744556.22",,,,,,""
"2021-04-21","'3140L7ZJ4'","MBS","UMBS MORTPASS 1.5% 04/51","30yr",,,,,"56743144",,,,,,""
"2021-04-21","'3131Y2FK9'","MBS","UMBS MORTPASS 4% 07/48","30yr",,,,,"56686801.95",,,,,,""
"2021-04-21","'3140KGK69'","MBS","UMBS MORTPASS 2.5% 08/50","30yr",,,,,"56660210.33",,,,,,""
"2021-04-21","'3140QBZY7'","MBS","UMBS MORTPASS 3.5% 07/49","30yr",,,,,"56459910.57",,,,,,""
"2021-04-21","'3140X7VD8'","MBS","UMBS MORTPASS 1.5% 10/35","15yr",,,,,"56436983.21",,,,,,""
"2021-04-21","'3140X9Y33'","MBS","UMBS MORTPASS 1.5% 02/51","30yr",,,,,"56413005.8",,,,,,""
"2021-04-21","'31334YFA0'","MBS","UMBS MORTPASS 3.5% 08/49","30yr",,,,,"56276369.89",,,,,,""
"2021-04-21","'31339SAJ4'","MBS","UMBS MORTPASS 3% 09/49","30yr",,,,,"56269557.52",,,,,,""
"2021-04-21","'3131Y2SL3'","MBS","UMBS MORTPASS 4% 08/48","30yr",,,,,"56199791.82",,,,,,""
"2021-04-21","'3140KG6T5'","MBS","UMBS MORTPASS 2.5% 08/50","30yr",,,,,"56167716.1",,,,,,""
"2021-04-21","'31417EFS5'","MBS","UMBS MORTPASS 2.5% 12/27","15yr",,,,,"56160576.26",,,,,,""
"2021-04-21","'3140K0W79'","MBS","UMBS MORTPASS 3% 11/49","30yr",,,,,"56080729.15",,,,,,""
"2021-04-21","'3140KDA67'","MBS","UMBS MORTPASS 3% 06/50","30yr",,,,,"56013282.76",,,,,,""
"2021-04-21","'3140QE3R1'","MBS","UMBS MORTPASS 2% 09/50","30yr",,,,,"55951965.8",,,,,,""
"2021-04-21","'3133KYT58'","MBS","UMBS MORTPASS 2.5% 09/40","Other",,,,,"55753515.47",,,,,,""
"2021-04-21","'3140QELU4'","MBS","UMBS MORTPASS 2.5% 08/50","30yr",,,,,"55711259.96",,,,,,""
"2021-04-21","'3140KLRD6'","MBS","UMBS MORTPASS 2.5% 07/50","30yr",,,,,"55695271.63",,,,,,""
"2021-04-21","'3140KBQK3'","MBS","UMBS MORTPASS 2.5% 05/50","30yr",,,,,"55610655.16",,,,,,""
"2021-04-21","'31334Y4S3'","MBS","UMBS MORTPASS 3% 09/49","30yr",,,,,"55289681.01",,,,,,""
"2021-04-21","'3140HF2W8'","MBS","UMBS MORTPASS 2.5% 05/50","30yr",,,,,"55276350.28",,,,,,""
"2021-04-21","'3140QDDH4'","MBS","UMBS MORTPASS 2.5% 04/50","30yr",,,,,"55256339.42",,,,,,""
"2021-04-21","'3133A6FJ5'","MBS","UMBS MORTPASS 2.5% 06/50","30yr",,,,,"55121928.78",,,,,,""
"2021-04-21","'3140KAFG6'","MBS","UMBS MORTPASS 3% 03/50","30yr",,,,,"55088541.2",,,,,,""
"2021-04-21","'3140KANQ5'","MBS","UMBS MORTPASS 3% 03/50","30yr",,,,,"55069826.76",,,,,,""
"2021-04-21","'3140QATN0'","MBS","UMBS MORTPASS 3.5% 03/49","30yr",,,,,"54963148.16",,,,,,""
"2021-04-21","'36202FBJ4'","MBS","GNMA II MORTPASS 5% 09/39","30yr",,,,,"54679195.72",,,,,,""
"2021-04-21","'3140X6ZG9'","MBS","UMBS MORTPASS 3% 06/50","30yr",,,,,"54621941.27",,,,,,""
"2021-04-21","'3140X9BL8'","MBS","UMBS MORTPASS 1.5% 01/51","30yr",,,,,"54559628.22",,,,,,""
"2021-04-21","'3140QDXD1'","MBS","UMBS MORTPASS 2.5% 06/50","30yr",,,,,"54518510.13",,,,,,""
"2021-04-21","'3140JPKP9'","MBS","UMBS MORTPASS 4.5% 05/49","30yr",,,,,"54495591.92",,,,,,""
"2021-04-21","'3131Y0US9'","MBS","UMBS MORTPASS 3.5% 04/48","30yr",,,,,"54460839.09",,,,,,""
"2021-04-21","'3140KBMM3'","MBS","UMBS MORTPASS 2.5% 04/50","30yr",,,,,"54446278.5",,,,,,""
"2021-04-21","'3140L1WZ4'","MBS","UMBS MORTPASS 1.5% 02/51","30yr",,,,,"54391718.03",,,,,,""
"2021-04-21","'3140KACG9'","MBS","UMBS MORTPASS 2.5% 05/50","30yr",,,,,"54182987.23",,,,,,""
"2021-04-21","'3140JABQ0'","MBS","UMBS MORTPASS 3.5% 02/49","30yr",,,,,"54097955.64",,,,,,""
"2021-04-21","'31335AYQ5'","MBS","FHLMCGLD 4% 05/44","30yr",,,,,"54090923.2",,,,,,"Y"
"2021-04-21","'3140QAHX1'","MBS","UMBS MORTPASS 4% 01/49","30yr",,,,,"54027237",,,,,,""
"2021-04-21","'3138EGDJ0'","MBS","UMBS MORTPASS 5% 10/37","30yr",,,,,"53934370.29",,,,,,"Y"
"2021-04-21","'3133KKBV0'","MBS","UMBS MORTPASS 2% 10/50","30yr",,,,,"53930678.16",,,,,,""
"2021-04-21","'3128M8WP5'","MBS","FHLMCGLD 4% 07/39","30yr",,,,,"53770078.4",,,,,,"Y"
"2021-04-21","'31329PTB9'","MBS","UMBS MORTPASS 4.5% 11/48","30yr",,,,,"53758060.59",,,,,,""
"2021-04-21","'3140KLSE3'","MBS","UMBS MORTPASS 2% 08/50","30yr",,,,,"53735268.6",,,,,,""
"2021-04-21","'3140X5XL2'","MBS","UMBS MORTPASS 3% 02/50","30yr",,,,,"53711998.92",,,,,,""
"2021-04-21","'36179MK82'","MBS","GNMA II MORTPASS 4% 08/42","30yr",,,,,"53638194.95",,,,,,""
"2021-04-21","'3138EQLV2'","MBS","UMBS MORTPASS 3.5% 07/29","15yr",,,,,"53613116.58",,,,,,"Y"
"2021-04-21","'3131XXLS8'","MBS","UMBS MORTPASS 3.5% 08/47","30yr",,,,,"53418550.88",,,,,,""
"2021-04-21","'3128MMXK4'","MBS","FHLMCGLD 3% 03/33","15yr",,,,,"53343161.69",,,,,,""
"2021-04-21","'3128METP6'","MBS","FHLMCGLD 3% 02/28","15yr",,,,,"53209849.54",,,,,,"Y"
"2021-04-21","'31418DHE5'","MBS","UMBS MORTPASS 3% 11/34","15yr",,,,,"53201105.39",,,,,,""
"2021-04-21","'3140KCRX2'","MBS","UMBS MORTPASS 2.5% 05/50","30yr",,,,,"53190369.24",,,,,,""
"2021-04-21","'3132A9VC8'","MBS","UMBS MORTPASS 3.5% 08/33","15yr",,,,,"53066508.89",,,,,,""
"2021-04-21","'3133A0DX9'","MBS","UMBS MORTPASS 3% 12/49","30yr",,,,,"52965984.53",,,,,,""
"2021-04-21","'3140KEGF9'","MBS","UMBS MORTPASS 2.5% 07/50","30yr",,,,,"52941967.25",,,,,,""
"2021-04-21","'3140KCDC3'","MBS","UMBS MORTPASS 3% 04/50","30yr",,,,,"52919739.36",,,,,,""
"2021-04-21","'3133KJEY4'","MBS","UMBS MORTPASS 2% 06/50","30yr",,,,,"52855871.15",,,,,,""
"2021-04-21","'3140X7ZN2'","MBS","UMBS MORTPASS 2% 09/50","30yr",,,,,"52851797.3",,,,,,""
"2021-04-21","'3140KGSG9'","MBS","UMBS MORTPASS 2.5% 06/50","30yr",,,,,"52827735.83",,,,,,""
"2021-04-21","'3140KEJ58'","MBS","UMBS MORTPASS 2.5% 08/50","30yr",,,,,"52801834.7",,,,,,""
"2021-04-21","'3622AAEX8'","MBS","GNMA I 5.5% 12/39","30yr",,,,,"52800180.72",,,,,,"Y"
"2021-04-21","'3132A5H32'","MBS","UMBS MORTPASS 3% 01/48","30yr",,,,,"52719524.17",,,,,,""
"2021-04-21","'3132DMJP1'","MBS","UMBS MORTPASS 3.5% 01/45","30yr",,,,,"52684619.37",,,,,,""
"2021-04-21","'3140Q85S0'","MBS","UMBS MORTPASS 3% 12/47","30yr",,,,,"52673462.24",,,,,,""
"2021-04-21","'3140X6PW5'","MBS","UMBS MORTPASS 3% 04/50","30yr",,,,,"52667886.7",,,,,,""
"2021-04-21","'3140QCW44'","MBS","UMBS MORTPASS 3.5% 11/49","30yr",,,,,"52457942.74",,,,,,""
"2021-04-21","'3131YDJ96'","MBS","UMBS MORTPASS 3.5% 03/49","30yr",,,,,"52414883.27",,,,,,""
"2021-04-21","'3128MJ2R0'","MBS","FHLMCGLD 3% 10/47","30yr",,,,,"52358585.12",,,,,,""
"2021-04-21","'3140KTTW5'","MBS","UMBS MORTPASS 1.5% 03/51","30yr",,,,,"52302616",,,,,,""
"2021-04-21","'36202FQ66'","MBS","GNMA II MORTPASS 4% 03/41","30yr",,,,,"52241104.64",,,,,,""
"2021-04-21","'31417DRK1'","MBS","UMBS MORTPASS 2.5% 11/27","15yr",,,,,"52226971.88",,,,,,""
"2021-04-21","'3131XYYC7'","MBS","UMBS MORTPASS 3.5% 12/47","30yr",,,,,"52210736.42",,,,,,""
"2021-04-21","'36202E5F2'","MBS","GNMA II 4.5% 05/39","30yr",,,,,"52145473.98",,,,,,""
"2021-04-21","'3133AGUW7'","MBS","UMBS MORTPASS 2% 03/51","30yr",,,,,"52119482",,,,,,""
"2021-04-21","'36179MAY6'","MBS","GNMA II MORTPASS 4% 04/42","30yr",,,,,"52068837.65",,,,,,""
"2021-04-21","'31418DSS2'","MBS","UMBS MORTPASS 2% 09/40","Other",,,,,"52002407.92",,,,,,""
"2021-04-21","'3133A06H2'","MBS","UMBS MORTPASS 3% 01/50","30yr",,,,,"51964405",,,,,,""
"2021-04-21","'3140L5F84'","MBS","UMBS MORTPASS 2% 03/51","30yr",,,,,"51942951",,,,,,""
"2021-04-21","'3132DMJX4'","MBS","UMBS MORTPASS 4% 01/45","30yr",,,,,"51877877.07",,,,,,""
"2021-04-21","'3140K0YK8'","MBS","UMBS MORTPASS 3% 01/50","30yr",,,,,"51849627.98",,,,,,""
"2021-04-21","'3140X4XK7'","MBS","UMBS MORTPASS 2.5% 02/26","Other",,,,,"51812012.15",,,,,,""
"2021-04-21","'31335A2L1'","MBS","FHLMCGLD 4% 06/42","30yr",,,,,"51781713.82",,,,,,"Y"
"2021-04-21","'31335ALR7'","MBS","FHLMCGLD 4.5% 03/42","30yr",,,,,"51769538.26",,,,,,"Y"
"2021-04-21","'3140L2SR5'","MBS","UMBS MORTPASS 1.5% 02/51","30yr",,,,,"51440306.63",,,,,,""
"2021-04-21","'3132DV4Z5'","MBS","UMBS MORTPASS 4.5% 01/50","30yr",,,,,"51409083.93",,,,,,""
"2021-04-21","'31418C3C6'","MBS","UMBS MORTPASS 3.5% 10/48","30yr",,,,,"51402325.44",,,,,,""
"2021-04-21","'3140L6LL6'","MBS","UMBS MORTPASS 1.5% 03/36","15yr",,,,,"51400175",,,,,,""
"2021-04-21","'3140QDBY9'","MBS","UMBS MORTPASS 2.5% 12/49","30yr",,,,,"51311117.79",,,,,,""
"2021-04-21","'3138EQKD3'","MBS","UMBS MORTPASS 3.5% 02/27","15yr",,,,,"51083345.13",,,,,,"Y"
"2021-04-21","'3133A4EA0'","MBS","UMBS MORTPASS 2.5% 04/50","30yr",,,,,"51057091.11",,,,,,""
"2021-04-21","'36179MC24'","MBS","GNMA II MORTPASS 4% 05/42","30yr",,,,,"51005742.57",,,,,,""
"2021-04-21","'3140QCPG5'","MBS","UMBS MORTPASS 3% 10/34","15yr",,,,,"50898265.38",,,,,,""
"2021-04-21","'3140JLKM5'","MBS","UMBS MORTPASS 4% 12/48","30yr",,,,,"50862880.4",,,,,,""
"2021-04-21","'3133A4NN2'","MBS","UMBS MORTPASS 2.5% 05/50","30yr",,,,,"50749035.96",,,,,,""
"2021-04-21","'3138EGWN0'","MBS","UMBS MORTPASS 5% 10/39","30yr",,,,,"50714486.46",,,,,,"Y"
"2021-04-21","'3140J7YK5'","MBS","UMBS MORTPASS 4% 09/45","30yr",,,,,"50707143.63",,,,,,"Y"
"2021-04-21","'31418DCV2'","MBS","UMBS MORTPASS 3.5% 06/39","Other",,,,,"50641462.88",,,,,,""
"2021-04-21","'3140X4WE2'","MBS","UMBS MORTPASS 4.5% 08/49","30yr",,,,,"50474509.72",,,,,,""
"2021-04-21","'3140QHRF4'","MBS","UMBS MORTPASS 2% 12/50","30yr",,,,,"50437064",,,,,,""
"2021-04-21","'3140L25R0'","MBS","UMBS MORTPASS 2% 03/51","30yr",,,,,"50346009",,,,,,""
"2021-04-21","'3132ADY51'","MBS","UMBS MORTPASS 3% 12/48","30yr",,,,,"50178004.88",,,,,,""
"2021-04-21","'3133ABZU7'","MBS","UMBS MORTPASS 2% 11/50","30yr",,,,,"50109497.39",,,,,,""
"2021-04-21","'3131YBEH7'","MBS","UMBS MORTPASS 3% 10/48","30yr",,,,,"50100272.08",,,,,,""
"2021-04-21","'3140QDXC3'","MBS","UMBS MORTPASS 2.5% 06/50","30yr",,,,,"50048979.95",,,,,,""
"2021-04-21","'3133L8B46'","MBS","UMBS MORTPASS 1.5% 03/36","15yr",,,,,"50000010",,,,,,""
"2021-04-21","'3140KCHJ4'","MBS","UMBS MORTPASS 3% 04/50","30yr",,,,,"49795132.4",,,,,,""
"2021-04-21","'3140JGK87'","MBS","UMBS MORTPASS 4% 12/48","30yr",,,,,"49752507.22",,,,,,""
"2021-04-21","'3133G9CA5'","MBS","UMBS MORTPASS 2% 07/35","15yr",,,,,"49736830.26",,,,,,""
"2021-04-21","'3128MF2J6'","MBS","FHLMCGLD 2.5% 10/28","15yr",,,,,"49729185.12",,,,,,"Y"
"2021-04-21","'36179NF86'","MBS","GNMA II MORTPASS 4% 06/43","30yr",,,,,"49491750.69",,,,,,""
"2021-04-21","'36202FZY5'","MBS","GNMA II MORTPASS 4% 12/41","30yr",,,,,"49442517.18",,,,,,""
"2021-04-21","'3140KYH64'","MBS","UMBS MORTPASS 2% 12/50","30yr",,,,,"49287973.46",,,,,,""
"2021-04-21","'3140X8JT5'","MBS","UMBS MORTPASS 2.5% 10/50","30yr",,,,,"49223117.47",,,,,,""
"2021-04-21","'3140QBTG3'","MBS","UMBS MORTPASS 3% 09/49","30yr",,,,,"49169110.54",,,,,,""
"2021-04-21","'3140KHRU7'","MBS","UMBS MORTPASS 2% 07/35","15yr",,,,,"49151667.32",,,,,,""
"2021-04-21","'3140KCDG4'","MBS","UMBS MORTPASS 2.5% 04/50","30yr",,,,,"49139997.53",,,,,,""
"2021-04-21","'3140KG7H0'","MBS","UMBS MORTPASS 2% 08/35","15yr",,,,,"49068565.62",,,,,,""
"2021-04-21","'3140HNN57'","MBS","UMBS MORTPASS 2% 01/36","15yr",,,,,"48767018.4",,,,,,""
"2021-04-21","'3132A9UF2'","MBS","UMBS MORTPASS 3% 01/33","15yr",,,,,"48764530.61",,,,,,""
"2021-04-21","'3132A75C1'","MBS","UMBS MORTPASS 2% 08/28","15yr",,,,,"48670024.55",,,,,,""
"2021-04-21","'3140L3GJ4'","MBS","UMBS MORTPASS 1.5% 03/36","15yr",,,,,"48605074.57",,,,,,""
"2021-04-21","'31329P6Y4'","MBS","UMBS MORTPASS 4.5% 01/49","30yr",,,,,"48574816.24",,,,,,""
"2021-04-21","'31329QNJ6'","MBS","UMBS MORTPASS 4% 04/49","30yr",,,,,"48433989.34",,,,,,""
"2021-04-21","'31418CYN8'","MBS","UMBS MORTPASS 4.5% 07/48","30yr",,,,,"48381025.87",,,,,,""
"2021-04-21","'3140X4PP5'","MBS","UMBS MORTPASS 3% 07/49","30yr",,,,,"48368498.28",,,,,,""
"2021-04-21","'3140KRRD3'","MBS","UMBS MORTPASS 2.5% 11/50","30yr",,,,,"48288817.9",,,,,,""
"2021-04-21","'31335CJG0'","MBS","FHLMCGLD 4.5% 05/46","30yr",,,,,"48212827.7",,,,,,"Y"
"2021-04-21","'3140KENR5'","MBS","UMBS MORTPASS 1.5% 09/50","30yr",,,,,"48166986.89",,,,,,""
"2021-04-21","'3128MEM32'","MBS","FHLMCGLD 3.5% 11/28","15yr",,,,,"48107291.42",,,,,,"Y"
"2021-04-21","'3133AFRC7'","MBS","UMBS MORTPASS 1.5% 02/51","30yr",,,,,"48099394.19",,,,,,""
"2021-04-21","'3140QETE2'","MBS","UMBS MORTPASS 2.5% 08/35","15yr",,,,,"48031286.98",,,,,,""
"2021-04-21","'3128MMWU3'","MBS","FHLMCGLD 2.5% 09/32","15yr",,,,,"48002920.95",,,,,,""
"2021-04-21","'3133A6J44'","MBS","UMBS MORTPASS 2.5% 06/50","30yr",,,,,"47915398.19",,,,,,""
"2021-04-21","'3140JM5C2'","MBS","UMBS MORTPASS 4% 03/49","30yr",,,,,"47815813.48",,,,,,""
"2021-04-21","'36179NA99'","MBS","GNMA II 2.5% 04/43","30yr",,,,,"47784007.75",,,,,,""
"2021-04-21","'3128M8V50'","MBS","FHLMCGLD 5.5% 04/39","30yr",,,,,"47750650.45",,,,,,"Y"
"2021-04-21","'3140QDP24'","MBS","UMBS MORTPASS 2.5% 10/49","30yr",,,,,"47694923.09",,,,,,""
"2021-04-21","'3140X6BD2'","MBS","UMBS MORTPASS 2% 05/27","Other",,,,,"47611300.35",,,,,,""
"2021-04-21","'3140KAMY9'","MBS","UMBS MORTPASS 3% 03/50","30yr",,,,,"47603328.5",,,,,,""
"2021-04-21","'3132AD6P8'","MBS","UMBS MORTPASS 4.5% 03/49","30yr",,,,,"47431597.65",,,,,,""
"2021-04-21","'3140KBGK4'","MBS","UMBS MORTPASS 3% 03/50","30yr",,,,,"47384972.28",,,,,,""
"2021-04-21","'3140J52P3'","MBS","UMBS MORTPASS 3% 09/31","15yr",,,,,"47352138.26",,,,,,"Y"
"2021-04-21","'3133KHXH4'","MBS","UMBS MORTPASS 2.5% 07/50","30yr",,,,,"47337776.23",,,,,,""
"2021-04-21","'3133G9CP2'","MBS","UMBS MORTPASS 2% 07/35","15yr",,,,,"47334827.51",,,,,,""
"2021-04-21","'3133ADSU1'","MBS","UMBS MORTPASS 1.5% 12/50","30yr",,,,,"47291453.69",,,,,,""
"2021-04-21","'31418DJK9'","MBS","UMBS MORTPASS 3% 12/34","15yr",,,,,"47274906.58",,,,,,""
"2021-04-21","'3140KLQX3'","MBS","UMBS MORTPASS 2.5% 09/50","30yr",,,,,"47209352.41",,,,,,""
"2021-04-21","'3133AKJA9'","MBS","UMBS MORTPASS 1.5% 04/51","30yr",,,,,"47194561",,,,,,""
"2021-04-21","'3138EQ2S0'","MBS","UMBS MORTPASS 3.5% 01/29","15yr",,,,,"47189934.21",,,,,,"Y"
"2021-04-21","'3133A6ZA2'","MBS","UMBS MORTPASS 2.5% 06/50","30yr",,,,,"47153624.57",,,,,,""
"2021-04-21","'3133GAGE0'","MBS","UMBS MORTPASS 2% 10/35","15yr",,,,,"47090959.48",,,,,,""
"2021-04-21","'3140GUMA2'","MBS","UMBS MORTPASS 3.5% 11/47","30yr",,,,,"46955580.69",,,,,,""
"2021-04-21","'3140X5R62'","MBS","UMBS MORTPASS 4% 07/49","30yr",,,,,"46767690.12",,,,,,""
"2021-04-21","'3140K9HU6'","MBS","UMBS MORTPASS 2.5% 03/50","30yr",,,,,"46706461.19",,,,,,""
"2021-04-21","'36179TZ40'","MBS","GNMA II 3.5% 06/48","30yr",,,,,"46613601.49",,,,,,""
"2021-04-21","'3140KESF6'","MBS","UMBS MORTPASS 2.5% 05/50","30yr",,,,,"46603619.09",,,,,,""
"2021-04-21","'3128MMWY5'","MBS","FHLMCGLD 2.5% 10/32","15yr",,,,,"46586403.19",,,,,,""
"2021-04-21","'3140KCN32'","MBS","UMBS MORTPASS 3% 04/50","30yr",,,,,"46511112.14",,,,,,""
"2021-04-21","'31334XX20'","MBS","UMBS MORTPASS 3% 08/49","30yr",,,,,"46459430.22",,,,,,""
"2021-04-21","'3128M8YE8'","MBS","FHLMCGLD 4.5% 04/39","30yr",,,,,"46432336.82",,,,,,"Y"
"2021-04-21","'3140JLLC6'","MBS","UMBS MORTPASS 4.5% 01/49","30yr",,,,,"46430011.93",,,,,,""
"2021-04-21","'3140H37E0'","MBS","UMBS MORTPASS 3.5% 04/48","30yr",,,,,"46374021.89",,,,,,""
"2021-04-21","'3140QD6R0'","MBS","UMBS MORTPASS 2.5% 07/45","30yr",,,,,"46369351.98",,,,,,""
"2021-04-21","'3133A4RB4'","MBS","UMBS MORTPASS 2.5% 05/50","30yr",,,,,"46337289.13",,,,,,""
"2021-04-21","'3140K5E29'","MBS","UMBS MORTPASS 3% 03/50","30yr",,,,,"46326388.43",,,,,,""
"2021-04-21","'3131YCVP8'","MBS","UMBS MORTPASS 3.5% 05/49","30yr",,,,,"46274069.04",,,,,,""
"2021-04-21","'3138ET6K7'","MBS","UMBS MORTPASS 2.5% 09/31","15yr",,,,,"46136172.12",,,,,,""
"2021-04-21","'3133A2MQ0'","MBS","UMBS MORTPASS 3% 03/50","30yr",,,,,"46132815.4",,,,,,""
"2021-04-21","'3140X6EA5'","MBS","UMBS MORTPASS 3% 01/50","30yr",,,,,"46127064.05",,,,,,""
"2021-04-21","'36179TZ32'","MBS","GNMA II MORTPASS 3% 06/48","30yr",,,,,"46125591.65",,,,,,""
"2021-04-21","'3133L8AN5'","MBS","UMBS MORTPASS 1.5% 02/36","15yr",,,,,"46096572.57",,,,,,""
"2021-04-21","'3133AJ2S1'","MBS","UMBS MORTPASS 1.5% 04/51","30yr",,,,,"45995400",,,,,,""
"2021-04-21","'3140QBPL6'","MBS","UMBS MORTPASS 3.5% 05/49","30yr",,,,,"45993528.93",,,,,,""
"2021-04-21","'3140Q9ZB2'","MBS","UMBS MORTPASS 4% 10/48","30yr",,,,,"45967843.57",,,,,,""
"2021-04-21","'3133A6PC9'","MBS","UMBS MORTPASS 2.5% 06/50","30yr",,,,,"45948287.69",,,,,,""
"2021-04-21","'3140L6LK8'","MBS","UMBS MORTPASS 2% 03/36","15yr",,,,,"45937231",,,,,,""
"2021-04-21","'3140L46E4'","MBS","UMBS MORTPASS 2% 03/36","15yr",,,,,"45740291",,,,,,""
"2021-04-21","'3140Q9UC5'","MBS","UMBS MORTPASS 4% 09/48","30yr",,,,,"45651181.14",,,,,,""
"2021-04-21","'31339S5N1'","MBS","UMBS MORTPASS 3% 10/49","30yr",,,,,"45601092.3",,,,,,""
"2021-04-21","'3133KJM25'","MBS","UMBS MORTPASS 2.5% 07/50","30yr",,,,,"45421112.83",,,,,,""
"2021-04-21","'3133KHU46'","MBS","UMBS MORTPASS 2.5% 04/50","30yr",,,,,"45327191.1",,,,,,""
"2021-04-21","'3140K3KU5'","MBS","UMBS MORTPASS 3% 01/50","30yr",,,,,"45304663.42",,,,,,""
"2021-04-21","'3132AEJ80'","MBS","UMBS MORTPASS 4% 06/49","30yr",,,,,"45288733.44",,,,,,""
"2021-04-21","'3133A5CT8'","MBS","UMBS MORTPASS 2.5% 05/50","30yr",,,,,"45209980.2",,,,,,""
"2021-04-21","'3140KBN91'","MBS","UMBS MORTPASS 3% 03/50","30yr",,,,,"45089572.17",,,,,,""
"2021-04-21","'3140X8WV5'","MBS","UMBS MORTPASS 2.5% 12/50","30yr",,,,,"45005584.36",,,,,,""
"2021-04-21","'3133AG6B0'","MBS","UMBS MORTPASS 1.5% 03/51","30yr",,,,,"44943382.78",,,,,,""
"2021-04-21","'3128MEM57'","MBS","FHLMCGLD 3.5% 10/26","15yr",,,,,"44887158.16",,,,,,"Y"
"2021-04-21","'3140X8A80'","MBS","UMBS MORTPASS 2.5% 10/50","30yr",,,,,"44862495.77",,,,,,""
"2021-04-21","'3140Q7HQ3'","MBS","UMBS MORTPASS 3.5% 08/47","30yr",,,,,"44771153.46",,,,,,""
"2021-04-21","'3132DMD51'","MBS","UMBS MORTPASS 3% 10/49","30yr",,,,,"44760993.75",,,,,,""
"2021-04-21","'3133A6YH8'","MBS","UMBS MORTPASS 2.5% 06/50","30yr",,,,,"44719440.74",,,,,,""
"2021-04-21","'3133A4TH9'","MBS","UMBS MORTPASS 2.5% 05/50","30yr",,,,,"44569514.18",,,,,,""
"2021-04-21","'3140L4WK1'","MBS","UMBS MORTPASS 2% 03/51","30yr",,,,,"44516448",,,,,,""
"2021-04-21","'3140Q8KS3'","MBS","UMBS MORTPASS 4% 02/48","30yr",,,,,"44431667.28",,,,,,""
"2021-04-21","'31418DEB4'","MBS","UMBS MORTPASS 2.5% 07/34","15yr",,,,,"44429820.73",,,,,,""
"2021-04-21","'3132CWBF0'","MBS","UMBS MORTPASS 2.5% 02/32","15yr",,,,,"44358198.58",,,,,,""
"2021-04-21","'3133A9H32'","MBS","UMBS MORTPASS 2.5% 09/50","30yr",,,,,"44091133.34",,,,,,""
"2021-04-21","'36202FKM7'","MBS","GNMA II MORTPASS 4% 09/40","30yr",,,,,"44074158.71",,,,,,""
"2021-04-21","'3133A8SV0'","MBS","UMBS MORTPASS 2.5% 08/50","30yr",,,,,"44003849.2",,,,,,""
"2021-04-21","'3133A4VZ6'","MBS","UMBS MORTPASS 2.5% 05/50","30yr",,,,,"44001693.61",,,,,,""
"2021-04-21","'3140X6EW7'","MBS","UMBS MORTPASS 3.5% 12/49","30yr",,,,,"43989047.92",,,,,,""
"2021-04-21","'3140X5CM3'","MBS","UMBS MORTPASS 4% 01/49","30yr",,,,,"43981976.75",,,,,,""
"2021-04-21","'3140KKX33'","MBS","UMBS MORTPASS 2% 09/50","30yr",,,,,"43919822.82",,,,,,""
"2021-04-21","'3133A84T1'","MBS","UMBS MORTPASS 2.5% 08/50","30yr",,,,,"43843390.08",,,,,,""
"2021-04-21","'3140H7V61'","MBS","UMBS MORTPASS 4% 03/48","30yr",,,,,"43829353.24",,,,,,""
"2021-04-21","'3140KMRL6'","MBS","UMBS MORTPASS 2% 08/35","15yr",,,,,"43783802",,,,,,""
"2021-04-21","'3140K5G35'","MBS","UMBS MORTPASS 3% 12/49","30yr",,,,,"43775148.72",,,,,,""
"2021-04-21","'3133AJBN2'","MBS","UMBS MORTPASS 2% 03/51","30yr",,,,,"43768113",,,,,,""
"2021-04-21","'3140X7VA4'","MBS","UMBS MORTPASS 2% 08/35","15yr",,,,,"43762288.52",,,,,,""
"2021-04-21","'3140K1VK9'","MBS","UMBS MORTPASS 3% 02/50","30yr",,,,,"43757295.83",,,,,,""
"2021-04-21","'3140JNWA4'","MBS","UMBS MORTPASS 4% 04/49","30yr",,,,,"43739987.31",,,,,,""
"2021-04-21","'31335A2J6'","MBS","FHLMCGLD 4.5% 03/42","30yr",,,,,"43724009.25",,,,,,"Y"
"2021-04-21","'3132CWLK8'","MBS","UMBS MORTPASS 2% 05/35","15yr",,,,,"43712778.54",,,,,,""
"2021-04-21","'3133A4CS3'","MBS","UMBS MORTPASS 2.5% 05/50","30yr",,,,,"43683844.52",,,,,,""
"2021-04-21","'3140X6B91'","MBS","UMBS MORTPASS 2.5% 05/28","15yr",,,,,"43533780.6",,,,,,""
"2021-04-21","'3133GAS80'","MBS","UMBS MORTPASS 2% 11/35","15yr",,,,,"43523443.23",,,,,,""
"2021-04-21","'3131X7HX9'","MBS","UMBS MORTPASS 3% 01/27","15yr",,,,,"43452249.1",,,,,,""
"2021-04-21","'3128M8JL9'","MBS","FHLMCGLD 5% 07/39","30yr",,,,,"43450875.36",,,,,,"Y"
"2021-04-21","'3133A6CH2'","MBS","UMBS MORTPASS 2.5% 06/50","30yr",,,,,"43431017.88",,,,,,""
"2021-04-21","'3140KQFH9'","MBS","UMBS MORTPASS 1.5% 11/35","15yr",,,,,"43418279",,,,,,""
"2021-04-21","'3133G9SA8'","MBS","UMBS MORTPASS 2% 08/35","15yr",,,,,"43408944.29",,,,,,""
"2021-04-21","'3140KAC79'","MBS","UMBS MORTPASS 2.5% 05/50","30yr",,,,,"43386050.11",,,,,,""
"2021-04-21","'3140X83Y1'","MBS","UMBS MORTPASS 2.5% 12/50","30yr",,,,,"43302343.9",,,,,,""
"2021-04-21","'3138EGPM0'","MBS","UMBS MORTPASS 4.5% 04/40","30yr",,,,,"43292788.47",,,,,,"Y"
"2021-04-21","'3140JXRF7'","MBS","UMBS MORTPASS 2.5% 10/49","30yr",,,,,"43218974.37",,,,,,""
"2021-04-21","'3132A8SV2'","MBS","UMBS MORTPASS 2% 01/27","Other",,,,,"43180461.21",,,,,,""
"2021-04-21","'3140L3ME8'","MBS","UMBS MORTPASS 2% 03/51","30yr",,,,,"43148270",,,,,,""
"2021-04-21","'3140KGR62'","MBS","UMBS MORTPASS 2.5% 06/50","30yr",,,,,"43109005.74",,,,,,""
"2021-04-21","'31418DR95'","MBS","UMBS MORTPASS 1.5% 08/35","15yr",,,,,"43063745.04",,,,,,""
"2021-04-21","'3133KHNP7'","MBS","UMBS MORTPASS 2.5% 11/49","30yr",,,,,"43063325.09",,,,,,""
"2021-04-21","'3140KG3P6'","MBS","UMBS MORTPASS 2.5% 07/50","30yr",,,,,"43032493.15",,,,,,""
"2021-04-21","'3133KHRS7'","MBS","UMBS MORTPASS 3% 03/50","30yr",,,,,"43010242.58",,,,,,""
"2021-04-21","'3133A6QD6'","MBS","UMBS MORTPASS 2.5% 06/50","30yr",,,,,"42975167.74",,,,,,""
"2021-04-21","'3133ABNW6'","MBS","UMBS MORTPASS 1.5% 11/50","30yr",,,,,"42973433.29",,,,,,""
"2021-04-21","'3140K7ZE6'","MBS","UMBS MORTPASS 3% 01/50","30yr",,,,,"42954086.79",,,,,,""
"2021-04-21","'3140KDMC1'","MBS","UMBS MORTPASS 2.5% 06/50","30yr",,,,,"42901429.73",,,,,,""
"2021-04-21","'31418DUA8'","MBS","UMBS MORTPASS 2% 11/40","Other",,,,,"42895810.97",,,,,,""
"2021-04-21","'3140K06T0'","MBS","UMBS MORTPASS 3% 12/49","30yr",,,,,"42848771.43",,,,,,""
"2021-04-21","'3133AFL25'","MBS","UMBS MORTPASS 2% 02/51","30yr",,,,,"42801403.5",,,,,,""
"2021-04-21","'3133A4CY0'","MBS","UMBS MORTPASS 3% 05/50","30yr",,,,,"42800916.58",,,,,,""
"2021-04-21","'3140X5NU3'","MBS","UMBS MORTPASS 4% 12/48","30yr",,,,,"42757956.67",,,,,,""
"2021-04-21","'3133KJVV1'","MBS","UMBS MORTPASS 2% 08/50","30yr",,,,,"42717330.78",,,,,,""
"2021-04-21","'3140QC3Q7'","MBS","UMBS MORTPASS 3% 03/50","30yr",,,,,"42630770.05",,,,,,""
"2021-04-21","'3140KKKY9'","MBS","UMBS MORTPASS 2% 07/35","15yr",,,,,"42615254.98",,,,,,""
"2021-04-21","'31418DME9'","MBS","UMBS MORTPASS 3% 03/35","15yr",,,,,"42542111.29",,,,,,""
"2021-04-21","'3140J75U5'","MBS","UMBS MORTPASS 3.5% 02/45","30yr",,,,,"42454167.34",,,,,,"Y"
"2021-04-21","'3133GCWK4'","MBS","UMBS MORTPASS 1.5% 05/36","15yr",,,,,"42376580",,,,,,""
"2021-04-21","'3140KDT59'","MBS","UMBS MORTPASS 2.5% 05/50","30yr",,,,,"42302194.77",,,,,,""
"2021-04-21","'3140QBF60'","MBS","UMBS MORTPASS 3% 07/49","30yr",,,,,"42123584.82",,,,,,""
"2021-04-21","'3140K9JB6'","MBS","UMBS MORTPASS 2.5% 03/50","30yr",,,,,"42122517.88",,,,,,""
"2021-04-21","'3140JL2H6'","MBS","UMBS MORTPASS 3.5% 03/49","30yr",,,,,"42050796.17",,,,,,""
"2021-04-21","'31418DBN1'","MBS","UMBS MORTPASS 3% 04/49","30yr",,,,,"42012304.71",,,,,,""
"2021-04-21","'3132AD3K2'","MBS","UMBS MORTPASS 4% 01/49","30yr",,,,,"41922807.66",,,,,,""
"2021-04-21","'3132ACYM6'","MBS","UMBS MORTPASS 3% 10/33","15yr",,,,,"41842143.29",,,,,,""
"2021-04-21","'3140L46D6'","MBS","UMBS MORTPASS 1.5% 03/36","15yr",,,,,"41763225",,,,,,""
"2021-04-21","'3140X43B0'","MBS","UMBS MORTPASS 4% 10/49","30yr",,,,,"41738518.65",,,,,,""
"2021-04-21","'3140L4WL9'","MBS","UMBS MORTPASS 2% 02/51","30yr",,,,,"41724963",,,,,,""
"2021-04-21","'3140KBNP5'","MBS","UMBS MORTPASS 3% 03/50","30yr",,,,,"41723990",,,,,,""
"2021-04-21","'3140HFQ77'","MBS","UMBS MORTPASS 2.5% 04/50","30yr",,,,,"41681456.21",,,,,,""
"2021-04-21","'3140KEFS2'","MBS","UMBS MORTPASS 2.5% 07/50","30yr",,,,,"41625645.14",,,,,,""
"2021-04-21","'36202FCN4'","MBS","GNMA II 4.5% 11/39","30yr",,,,,"41535016.41",,,,,,""
"2021-04-21","'3140X7ZK8'","MBS","UMBS MORTPASS 2.5% 09/50","30yr",,,,,"41498996.45",,,,,,""
"2021-04-21","'36179VKJ8'","MBS","GNMA II MORTPASS 2% 04/50","30yr",,,,,"41492602.88",,,,,,""
"2021-04-21","'31418CU69'","MBS","UMBS MORTPASS 3% 03/48","30yr",,,,,"41483839.35",,,,,,""
"2021-04-21","'3128MF2A5'","MBS","FHLMCGLD 2% 04/28","15yr",,,,,"41483052.59",,,,,,"Y"
"2021-04-21","'3140J9ZL8'","MBS","UMBS MORTPASS 3.5% 11/48","30yr",,,,,"41470041.17",,,,,,""
"2021-04-21","'3133ABXX3'","MBS","UMBS MORTPASS 2% 11/50","30yr",,,,,"41442906.38",,,,,,""
"2021-04-21","'36179MCY4'","MBS","GNMA II MORTPASS 3% 05/42","30yr",,,,,"41365217.47",,,,,,""
"2021-04-21","'3140J9W31'","MBS","UMBS MORTPASS 4% 07/47","30yr",,,,,"41338182.49",,,,,,""
"2021-04-21","'3138MD2U5'","MBS","UMBS MORTPASS 2.5% 10/27","15yr",,,,,"41335048.26",,,,,,""
"2021-04-21","'3133KKC72'","MBS","UMBS MORTPASS 2% 09/50","30yr",,,,,"41314610.06",,,,,,""
"2021-04-21","'3140QAFB1'","MBS","UMBS MORTPASS 4% 12/48","30yr",,,,,"41300048.34",,,,,,""
"2021-04-21","'3133KJM90'","MBS","UMBS MORTPASS 2.5% 07/50","30yr",,,,,"41248604.82",,,,,,""
"2021-04-21","'3133KHE51'","MBS","UMBS MORTPASS 3% 01/50","30yr",,,,,"41241388.3",,,,,,""
"2021-04-21","'3128MEZZ7'","MBS","FHLMCGLD 3% 05/26","15yr",,,,,"41224069.77",,,,,,"Y"
"2021-04-21","'3140QBTU2'","MBS","UMBS MORTPASS 3.5% 09/49","30yr",,,,,"41148383.58",,,,,,""
"2021-04-21","'3140QCK39'","MBS","UMBS MORTPASS 3.5% 09/49","30yr",,,,,"41105746.78",,,,,,""
"2021-04-21","'36202FGD2'","MBS","GNMA II 4.5% 05/40","30yr",,,,,"41068520.51",,,,,,""
"2021-04-21","'3133KK5L9'","MBS","UMBS MORTPASS 1.5% 01/51","30yr",,,,,"41067944.8",,,,,,""
"2021-04-21","'36179VBG4'","MBS","GNMA II 3.5% 12/49","30yr",,,,,"40970057.13",,,,,,""
"2021-04-21","'31334WHS3'","MBS","UMBS MORTPASS 3% 06/49","30yr",,,,,"40961719.88",,,,,,""
"2021-04-21","'3140JVR95'","MBS","UMBS MORTPASS 3% 09/49","30yr",,,,,"40946107.71",,,,,,""
"2021-04-21","'3140XAUN0'","MBS","UMBS MORTPASS 2.5% 04/51","30yr",,,,,"40927713",,,,,,""
"2021-04-21","'3133KK4B2'","MBS","UMBS MORTPASS 2.5% 01/51","30yr",,,,,"40879512.01",,,,,,""
"2021-04-21","'3132D55C2'","MBS","UMBS MORTPASS 2% 03/35","15yr",,,,,"40838249.95",,,,,,""
"2021-04-21","'31418DJZ6'","MBS","UMBS MORTPASS 4.5% 12/49","30yr",,,,,"40836024.62",,,,,,""
"2021-04-21","'36202FMA1'","MBS","GNMA II MORTPASS 4% 11/40","30yr",,,,,"40766320.01",,,,,,""
"2021-04-21","'3133KHZY5'","MBS","UMBS 3.0%","30yr",,,,,"40744364.49",,,,,,""
"2021-04-21","'3140QA2L3'","MBS","UMBS MORTPASS 3.5% 05/49","30yr",,,,,"40650828.6",,,,,,""
"2021-04-21","'3133A6B67'","MBS","UMBS MORTPASS 2.5% 06/50","30yr",,,,,"40498390.74",,,,,,""
"2021-04-21","'3133USGL9'","MBS","UMBS MORTPASS 2.5% 04/50","30yr",,,,,"40480334.8",,,,,,""
"2021-04-21","'3138ERQG8'","MBS","UMBS MORTPASS 4% 02/36","Other",,,,,"40478631.07",,,,,,"Y"
"2021-04-21","'3133KH4T0'","MBS","UMBS MORTPASS 2.5% 05/50","30yr",,,,,"40468142.08",,,,,,""
"2021-04-21","'3133AAHY1'","MBS","UMBS MORTPASS 2.5% 09/50","30yr",,,,,"40411092.82",,,,,,""
"2021-04-21","'3138EQKG6'","MBS","UMBS MORTPASS 3% 01/26","15yr",,,,,"40373157.05",,,,,,"Y"
"2021-04-21","'3131Y3GG5'","MBS","UMBS MORTPASS 4% 09/48","30yr",,,,,"40251155.5",,,,,,""
"2021-04-21","'3140KTFA8'","MBS","UMBS MORTPASS 2.5% 11/50","30yr",,,,,"40228266.13",,,,,,""
"2021-04-21","'31334WCJ8'","MBS","UMBS MORTPASS 3.5% 06/49","30yr",,,,,"40221116.5",,,,,,""
"2021-04-21","'36179RJF7'","MBS","GNMA II MORTPASS 4% 07/45","30yr",,,,,"40172889.18",,,,,,""
"2021-04-21","'3140KPLQ4'","MBS","UMBS MORTPASS 2% 09/35","15yr",,,,,"40130664.27",,,,,,""
"2021-04-21","'3128MFAQ1'","MBS","FHLMCGLD 3% 08/29","15yr",,,,,"39948686.85",,,,,,"Y"
"2021-04-21","'3140X9TU9'","MBS","UMBS MORTPASS 2% 02/51","30yr",,,,,"39921006.55",,,,,,""
"2021-04-21","'3140X6D99'","MBS","UMBS MORTPASS 3% 03/50","30yr",,,,,"39908274.53",,,,,,""
"2021-04-21","'31418DEV0'","MBS","UMBS MORTPASS 4.5% 08/49","30yr",,,,,"39905813.3",,,,,,""
"2021-04-21","'3138EGWG5'","MBS","UMBS MORTPASS 5% 01/40","30yr",,,,,"39884404.86",,,,,,"Y"
"2021-04-21","'3140KVTT7'","MBS","UMBS MORTPASS 2% 12/50","30yr",,,,,"39858350.76",,,,,,""
"2021-04-21","'3132A7WC1'","MBS","UMBS MORTPASS 2% 01/28","15yr",,,,,"39806244.38",,,,,,""
"2021-04-21","'3133KLL88'","MBS","UMBS MORTPASS 1.5% 01/51","30yr",,,,,"39797661",,,,,,""
"2021-04-21","'3138EHCS9'","MBS","UMBS MORTPASS 5% 03/39","30yr",,,,,"39741775.32",,,,,,"Y"
"2021-04-21","'3140HFTZ2'","MBS","UMBS MORTPASS 2.5% 04/50","30yr",,,,,"39645080.44",,,,,,""
"2021-04-21","'3140KCWE8'","MBS","UMBS MORTPASS 2.5% 04/50","30yr",,,,,"39623398.52",,,,,,""
"2021-04-21","'3140L6AU8'","MBS","UMBS MORTPASS 2% 04/51","30yr",,,,,"39595526",,,,,,""
"2021-04-21","'3140X4GZ3'","MBS","UMBS MORTPASS 3.5% 07/49","30yr",,,,,"39465478.48",,,,,,""
"2021-04-21","'3131YC2K1'","MBS","UMBS MORTPASS 3.5% 06/49","30yr",,,,,"39440497.23",,,,,,""
"2021-04-21","'3133ACZD3'","MBS","UMBS MORTPASS 2% 11/50","30yr",,,,,"39431113.95",,,,,,""
"2021-04-21","'3140K5A98'","MBS","UMBS MORTPASS 3% 02/50","30yr",,,,,"39383594.53",,,,,,""
"2021-04-21","'3128MEM65'","MBS","FHLMCGLD 3.5% 08/27","15yr",,,,,"39379483.51",,,,,,"Y"
"2021-04-21","'36179NNC8'","MBS","GNMA II 4.5% 09/43","30yr",,,,,"39270020.14",,,,,,""
"2021-04-21","'3140X4TG1'","MBS","UMBS MORTPASS 3.5% 08/49","30yr",,,,,"39224485.67",,,,,,""
"2021-04-21","'31334YVU8'","MBS","UMBS MORTPASS 3% 09/49","30yr",,,,,"39168148.59",,,,,,""
"2021-04-21","'3133AAH96'","MBS","UMBS MORTPASS 2% 09/50","30yr",,,,,"39140908.28",,,,,,""
"2021-04-21","'31418DEP3'","MBS","UMBS MORTPASS 3% 08/39","Other",,,,,"39138119.7",,,,,,""
"2021-04-21","'3140KKXL3'","MBS","UMBS MORTPASS 2% 09/50","30yr",,,,,"39130124.86",,,,,,""
"2021-04-21","'3140J7TZ8'","MBS","UMBS MORTPASS 3.5% 01/28","Other",,,,,"39111731.52",,,,,,""
"2021-04-21","'3140QCLQ7'","MBS","UMBS MORTPASS 4.5% 12/49","30yr",,,,,"39107366.38",,,,,,""
"2021-04-21","'3140QA6R6'","MBS","UMBS MORTPASS 4% 05/49","30yr",,,,,"39082659.49",,,,,,""
"2021-04-21","'3132A7V73'","MBS","UMBS MORTPASS 2% 01/28","15yr",,,,,"39024194.37",,,,,,""
"2021-04-21","'3133G8QU8'","MBS","UMBS MORTPASS 2% 05/35","15yr",,,,,"39016228.54",,,,,,""
"2021-04-21","'3138WHJ86'","MBS","UMBS MORTPASS 2.5% 07/31","15yr",,,,,"38939796.36",,,,,,""
"2021-04-21","'3140K4QT0'","MBS","UMBS MORTPASS 3% 03/50","30yr",,,,,"38904638.39",,,,,,""
"2021-04-21","'3128M8WD2'","MBS","FHLMCGLD 5.5% 10/39","30yr",,,,,"38885631.34",,,,,,"Y"
"2021-04-21","'3133AFC33'","MBS","UMBS MORTPASS 1.5% 01/51","30yr",,,,,"38867591.95",,,,,,""
"2021-04-21","'3140KEQB7'","MBS","UMBS MORTPASS 2.5% 09/50","30yr",,,,,"38831964.93",,,,,,""
"2021-04-21","'3140KADP8'","MBS","UMBS MORTPASS 2.5% 05/50","30yr",,,,,"38797429.17",,,,,,""
"2021-04-21","'3140KTK20'","MBS","UMBS MORTPASS 1.5% 11/50","30yr",,,,,"38741901.93",,,,,,""
"2021-04-21","'3133KGKD9'","MBS","UMBS MORTPASS 3.5% 08/49","30yr",,,,,"38741262.6",,,,,,""
"2021-04-21","'3140KBYZ1'","MBS","UMBS MORTPASS 2.5% 06/50","30yr",,,,,"38731450.4",,,,,,""
"2021-04-21","'3133L8CM5'","MBS","UMBS MORTPASS 1.5% 03/36","15yr",,,,,"38608660.6",,,,,,""
"2021-04-21","'3133A8P92'","MBS","UMBS MORTPASS 2.5% 08/50","30yr",,,,,"38563102.83",,,,,,""
"2021-04-21","'31346YGG2'","MBS","UMBS MORTPASS 3% 11/49","30yr",,,,,"38510133.72",,,,,,""
"2021-04-21","'3140L6AP9'","MBS","UMBS MORTPASS 2% 04/51","30yr",,,,,"38427889",,,,,,""
"2021-04-21","'3140KULS9'","MBS","UMBS MORTPASS 2.5% 12/50","30yr",,,,,"38372736.93",,,,,,""
"2021-04-21","'3132DMBH7'","MBS","UMBS MORTPASS 3% 07/49","30yr",,,,,"38316556.05",,,,,,""
"2021-04-21","'3140KCSH6'","MBS","UMBS MORTPASS 3% 05/50","30yr",,,,,"38301897.32",,,,,,""
"2021-04-21","'3140QBN79'","MBS","UMBS MORTPASS 2.5% 08/49","30yr",,,,,"38281976.39",,,,,,""
"2021-04-21","'3140KFNB7'","MBS","UMBS MORTPASS 2% 09/50","30yr",,,,,"38269339.56",,,,,,""
"2021-04-21","'3132DMJD8'","MBS","UMBS MORTPASS 3% 02/50","30yr",,,,,"38249739.93",,,,,,""
"2021-04-21","'3133ABL32'","MBS","UMBS MORTPASS 2.5% 10/50","30yr",,,,,"38239573.58",,,,,,""
"2021-04-21","'3140JWQR4'","MBS","UMBS MORTPASS 3.5% 10/49","30yr",,,,,"38203991.98",,,,,,""
"2021-04-21","'3133L8CG8'","MBS","UMBS MORTPASS 1.5% 03/36","15yr",,,,,"38168184.86",,,,,,""
"2021-04-21","'3140GSRX2'","MBS","UMBS MORTPASS 3.5% 10/47","30yr",,,,,"38167009.84",,,,,,""
"2021-04-21","'3140L5V29'","MBS","UMBS MORTPASS 2% 03/51","30yr",,,,,"38091121",,,,,,""
"2021-04-21","'3140X8D38'","MBS","UMBS MORTPASS 1.5% 10/50","30yr",,,,,"38070557.8",,,,,,""
"2021-04-21","'3140KP7J6'","MBS","UMBS MORTPASS 2% 02/51","30yr",,,,,"37956664.62",,,,,,""
"2021-04-21","'3140QBBF4'","MBS","UMBS MORTPASS 3.5% 06/49","30yr",,,,,"37898274",,,,,,""
"2021-04-21","'3133A7KM0'","MBS","UMBS MORTPASS 2.5% 07/50","30yr",,,,,"37890918.26",,,,,,""
"2021-04-21","'3140KCKB7'","MBS","UMBS MORTPASS 3% 05/50","30yr",,,,,"37888962.13",,,,,,""
"2021-04-21","'3133A6LZ2'","MBS","UMBS MORTPASS 2.5% 06/50","30yr",,,,,"37882959.89",,,,,,""
"2021-04-21","'3140KC4R0'","MBS","UMBS MORTPASS 2.5% 05/50","30yr",,,,,"37819539.78",,,,,,""
"2021-04-21","'3128MMXL2'","MBS","FHLMCGLD 3.5% 03/33","15yr",,,,,"37793216.05",,,,,,""
"2021-04-21","'3133A93K9'","MBS","UMBS MORTPASS 2.5% 09/50","30yr",,,,,"37746714.66",,,,,,""
"2021-04-21","'3128M8X74'","MBS","FHLMCGLD 5% 08/39","30yr",,,,,"37741065.83",,,,,,"Y"
"2021-04-21","'3128MF2K3'","MBS","FHLMCGLD 3.5% 09/32","15yr",,,,,"37684368.47",,,,,,"Y"
"2021-04-21","'3133G8D81'","MBS","UMBS MORTPASS 2% 04/35","15yr",,,,,"37592320.95",,,,,,""
"2021-04-21","'3140KPKQ5'","MBS","UMBS MORTPASS 2% 09/35","15yr",,,,,"37574026.69",,,,,,""
"2021-04-21","'31418CYG3'","MBS","UMBS MORTPASS 3.5% 07/33","15yr",,,,,"37570457.04",,,,,,""
"2021-04-21","'3133A45Z5'","MBS","UMBS MORTPASS 2.5% 05/50","30yr",,,,,"37530157.92",,,,,,""
"2021-04-21","'3131YBFP8'","MBS","UMBS MORTPASS 3.5% 12/48","30yr",,,,,"37495860.58",,,,,,""
"2021-04-21","'36179RZU6'","MBS","GNMA II MORTPASS 4% 02/46","30yr",,,,,"37472249.34",,,,,,""
"2021-04-21","'36179NVQ8'","MBS","GNMA II 4.5% 12/43","30yr",,,,,"37461225.8",,,,,,""
"2021-04-21","'3140X4DJ2'","MBS","UMBS MORTPASS 2.5% 10/23","Other",,,,,"37457502.23",,,,,,""
"2021-04-21","'3132CWNS9'","MBS","UMBS MORTPASS 2% 07/35","15yr",,,,,"37384640.73",,,,,,""
"2021-04-21","'31339UKR0'","MBS","UMBS MORTPASS 3% 10/49","30yr",,,,,"37345371.48",,,,,,""
"2021-04-21","'3131Y2CR7'","MBS","UMBS MORTPASS 4% 07/48","30yr",,,,,"37328807.42",,,,,,""
"2021-04-21","'3133A2MN7'","MBS","UMBS MORTPASS 2.5% 03/50","30yr",,,,,"37315457.76",,,,,,""
"2021-04-21","'3140KQZM6'","MBS","UMBS MORTPASS 2% 10/50","30yr",,,,,"37313430.25",,,,,,""
"2021-04-21","'3140JM2M3'","MBS","UMBS MORTPASS 4% 02/49","30yr",,,,,"37302134.32",,,,,,""
"2021-04-21","'3140HFME6'","MBS","UMBS MORTPASS 3% 03/50","30yr",,,,,"37268709.96",,,,,,""
"2021-04-21","'3140H6CT4'","MBS","UMBS MORTPASS 3.5% 02/48","30yr",,,,,"37202133.13",,,,,,""
"2021-04-21","'3140KDNS5'","MBS","UMBS MORTPASS 2.5% 05/50","30yr",,,,,"37181589.67",,,,,,""
"2021-04-21","'3128MJZ29'","MBS","FHLMCGLD 3% 04/47","30yr",,,,,"37166229.92",,,,,,""
"2021-04-21","'3140HFQ85'","MBS","UMBS MORTPASS 2.5% 04/50","30yr",,,,,"37068396.29",,,,,,""
"2021-04-21","'3128MFAR9'","MBS","FHLMCGLD 3.5% 07/29","15yr",,,,,"37045283.98",,,,,,"Y"
"2021-04-21","'3140L4V89'","MBS","UMBS MORTPASS 2% 02/51","30yr",,,,,"37032924.23",,,,,,""
"2021-04-21","'3133AJV91'","MBS","UMBS MORTPASS 1.5% 04/51","30yr",,,,,"36999870",,,,,,""
"2021-04-21","'3140HBVC9'","MBS","UMBS MORTPASS 4% 09/49","30yr",,,,,"36901718.16",,,,,,""
"2021-04-21","'3133AGK81'","MBS","UMBS MORTPASS 1.5% 03/51","30yr",,,,,"36884916.92",,,,,,""
"2021-04-21","'3140K4RR3'","MBS","UMBS MORTPASS 2.5% 04/50","30yr",,,,,"36870402.72",,,,,,""
"2021-04-21","'3132D55A6'","MBS","UMBS MORTPASS 3% 04/35","15yr",,,,,"36841467.41",,,,,,""
"2021-04-21","'3133A3KV9'","MBS","UMBS MORTPASS 3% 04/50","30yr",,,,,"36839556.6",,,,,,""
"2021-04-21","'3133KHU61'","MBS","UMBS MORTPASS 3% 04/50","30yr",,,,,"36769165.18",,,,,,""
"2021-04-21","'3140JABX5'","MBS","UMBS MORTPASS 3.5% 05/48","30yr",,,,,"36757941.23",,,,,,""
"2021-04-21","'3133KHVK9'","MBS","UMBS MORTPASS 3.5% 04/50","30yr",,,,,"36709473.3",,,,,,""
"2021-04-21","'3140K8SK8'","MBS","UMBS MORTPASS 3% 03/50","30yr",,,,,"36687687.56",,,,,,""
"2021-04-21","'3133A3AU2'","MBS","UMBS MORTPASS 2.5% 03/50","30yr",,,,,"36654162.09",,,,,,""
"2021-04-21","'3131Y7BQ9'","MBS","UMBS MORTPASS 4% 11/48","30yr",,,,,"36519431.32",,,,,,""
"2021-04-21","'3140K4UC2'","MBS","UMBS MORTPASS 3% 03/50","30yr",,,,,"36501463.74",,,,,,""
"2021-04-21","'3132CWL85'","MBS","UMBS MORTPASS 2% 06/35","15yr",,,,,"36471291.76",,,,,,""
"2021-04-21","'31418DCT7'","MBS","UMBS MORTPASS 3% 06/34","15yr",,,,,"36454654.03",,,,,,""
"2021-04-21","'3133A6XW6'","MBS","UMBS MORTPASS 2.5% 06/50","30yr",,,,,"36428703.05",,,,,,""
"2021-04-21","'3131YC5S1'","MBS","UMBS MORTPASS 3% 05/49","30yr",,,,,"36404556.16",,,,,,""
"2021-04-21","'3140KKKM5'","MBS","UMBS MORTPASS 2.5% 07/50","30yr",,,,,"36297584.96",,,,,,""
"2021-04-21","'3132A5JL0'","MBS","UMBS MORTPASS 3% 04/48","30yr",,,,,"36187010.24",,,,,,""
"2021-04-21","'3138EGWF7'","MBS","UMBS MORTPASS 4.5% 02/40","30yr",,,,,"36166415.22",,,,,,"Y"
"2021-04-21","'31329NTJ7'","MBS","UMBS MORTPASS 4% 10/47","30yr",,,,,"36165955.46",,,,,,""
"2021-04-21","'3140X5SQ7'","MBS","UMBS MORTPASS 3% 01/50","30yr",,,,,"36072903.43",,,,,,""
"2021-04-21","'3133GCT28'","MBS","UMBS MORTPASS 1.5% 04/36","15yr",,,,,"36000000",,,,,,""
"2021-04-21","'3140L4V97'","MBS","UMBS MORTPASS 1.5% 02/51","30yr",,,,,"35872144.83",,,,,,""
"2021-04-21","'3140X5S53'","MBS","UMBS MORTPASS 3% 06/29","Other",,,,,"35823588.9",,,,,,""
"2021-04-21","'3133A9VX0'","MBS","UMBS MORTPASS 2% 09/50","30yr",,,,,"35803607.28",,,,,,""
"2021-04-21","'3140L62G8'","MBS","UMBS MORTPASS 2.5% 04/51","30yr",,,,,"35798822",,,,,,""
"2021-04-21","'3140HEAG7'","MBS","UMBS MORTPASS 3.5% 07/48","30yr",,,,,"35774377.55",,,,,,""
"2021-04-21","'3140KNMD7'","MBS","UMBS MORTPASS 2.5% 08/50","30yr",,,,,"35769167.59",,,,,,""
"2021-04-21","'3140K1Z66'","MBS","UMBS MORTPASS 3% 01/50","30yr",,,,,"35752925.34",,,,,,""
"2021-04-21","'3138EN2S7'","MBS","UMBS MORTPASS 3% 01/45","30yr",,,,,"35738123.89",,,,,,""
"2021-04-21","'31329QNM9'","MBS","UMBS MORTPASS 4% 04/49","30yr",,,,,"35731054.35",,,,,,""
"2021-04-21","'3140QEBH4'","MBS","UMBS MORTPASS 2.5% 07/50","30yr",,,,,"35632695.4",,,,,,""
"2021-04-21","'3138WHLE0'","MBS","UMBS MORTPASS 2.5% 07/31","15yr",,,,,"35602444.68",,,,,,""
"2021-04-21","'36179T4N2'","MBS","GNMA II 3.5% 07/48","30yr",,,,,"35512807.19",,,,,,""
"2021-04-21","'31335AJL3'","MBS","FHLMCGLD 4.5% 03/42","30yr",,,,,"35501113.01",,,,,,"Y"
"2021-04-21","'3140QA3L2'","MBS","UMBS MORTPASS 4% 05/49","30yr",,,,,"35491938.6",,,,,,""
"2021-04-21","'3138W7J47'","MBS","UMBS MORTPASS 3% 04/43","30yr",,,,,"35446927.81",,,,,,""
"2021-04-21","'3140X4TR7'","MBS","UMBS MORTPASS 3% 09/49","30yr",,,,,"35445570.84",,,,,,""
"2021-04-21","'3140QDBT0'","MBS","UMBS MORTPASS 3.5% 02/50","30yr",,,,,"35405251.04",,,,,,""
"2021-04-21","'31418C6L3'","MBS","UMBS MORTPASS 3.5% 01/49","30yr",,,,,"35403764.99",,,,,,""
"2021-04-21","'3140X44A1'","MBS","UMBS MORTPASS 3% 10/44","30yr",,,,,"35328758.84",,,,,,""
"2021-04-21","'3140X6ZH7'","MBS","UMBS MORTPASS 3% 12/48","30yr",,,,,"35295182.68",,,,,,""
"2021-04-21","'3140HBH68'","MBS","UMBS MORTPASS 4% 06/48","30yr",,,,,"35226988.89",,,,,,""
"2021-04-21","'3133G9FS3'","MBS","UMBS MORTPASS 2% 07/35","15yr",,,,,"35197387.42",,,,,,""
"2021-04-21","'31418DMU3'","MBS","UMBS MORTPASS 2% 03/35","15yr",,,,,"35180486.27",,,,,,""
"2021-04-21","'3128MFNT1'","MBS","FHLMCGLD 3.5% 05/33","15yr",,,,,"35161944.04",,,,,,""
"2021-04-21","'3132A5KC8'","MBS","UMBS MORTPASS 4.5% 09/48","30yr",,,,,"35151217.4",,,,,,""
"2021-04-21","'3133KHSM9'","MBS","UMBS MORTPASS 2.5% 03/50","30yr",,,,,"35145468.49",,,,,,""
"2021-04-21","'3140JXFE3'","MBS","UMBS MORTPASS 3% 10/49","30yr",,,,,"35120326.11",,,,,,""
"2021-04-21","'3140HK5N4'","MBS","UMBS MORTPASS 4% 08/48","30yr",,,,,"35035911.11",,,,,,""
"2021-04-21","'3140JPL78'","MBS","UMBS MORTPASS 3% 05/49","30yr",,,,,"35031678.91",,,,,,""
"2021-04-21","'31334YLV7'","MBS","UMBS MORTPASS 3% 08/49","30yr",,,,,"35019822.72",,,,,,""
"2021-04-21","'36202FE69'","MBS","GNMA II 4.5% 03/40","30yr",,,,,"34987433.31",,,,,,""
"2021-04-21","'3133AJWL3'","MBS","UMBS MORTPASS 2% 04/51","30yr",,,,,"34902050",,,,,,""
"2021-04-21","'3140X55Z2'","MBS","UMBS MORTPASS 4.5% 06/49","30yr",,,,,"34872373.83",,,,,,""
"2021-04-21","'3140X44J2'","MBS","UMBS MORTPASS 3% 10/49","30yr",,,,,"34870143.03",,,,,,""
"2021-04-21","'3133G8NK3'","MBS","UMBS MORTPASS 2% 05/35","15yr",,,,,"34830175.95",,,,,,""
"2021-04-21","'3133AAT85'","MBS","UMBS MORTPASS 2.5% 10/50","30yr",,,,,"34799484.77",,,,,,""
"2021-04-21","'3140H6E47'","MBS","UMBS MORTPASS 3.5% 12/47","30yr",,,,,"34709241.99",,,,,,""
"2021-04-21","'3140X7YF0'","MBS","UMBS MORTPASS 2.5% 09/50","30yr",,,,,"34687062.35",,,,,,""
"2021-04-21","'36179UGC0'","MBS","GNMA II MORTPASS 4% 11/48","30yr",,,,,"34615541.03",,,,,,""
"2021-04-21","'3133KYS91'","MBS","UMBS MORTPASS 3% 04/40","Other",,,,,"34566009.39",,,,,,""
"2021-04-21","'3140JWJX9'","MBS","UMBS MORTPASS 3% 08/49","30yr",,,,,"34551794.09",,,,,,""
"2021-04-21","'3133A6EB3'","MBS","UMBS MORTPASS 2.5% 06/50","30yr",,,,,"34502216.03",,,,,,""
"2021-04-21","'3133AHCV7'","MBS","UMBS MORTPASS 2% 03/51","30yr",,,,,"34425725",,,,,,""
"2021-04-21","'3133A4FE1'","MBS","UMBS MORTPASS 2.5% 04/50","30yr",,,,,"34389662.57",,,,,,""
"2021-04-21","'31418CS39'","MBS","UMBS MORTPASS 3% 01/48","30yr",,,,,"34343469.37",,,,,,""
"2021-04-21","'3133A6UX7'","MBS","UMBS MORTPASS 2.5% 06/50","30yr",,,,,"34308595.21",,,,,,""
"2021-04-21","'31418CWA8'","MBS","UMBS MORTPASS 3.5% 04/33","15yr",,,,,"34307523.63",,,,,,""
"2021-04-21","'3133AHB55'","MBS","UMBS MORTPASS 2% 03/51","30yr",,,,,"34226679",,,,,,""
"2021-04-21","'3140HF5D7'","MBS","UMBS MORTPASS 2.5% 06/50","30yr",,,,,"34205589.02",,,,,,""
"2021-04-21","'3133A8FF9'","MBS","UMBS MORTPASS 2.5% 08/50","30yr",,,,,"34196103.02",,,,,,""
"2021-04-21","'3133AAAJ1'","MBS","UMBS MORTPASS 2% 09/50","30yr",,,,,"34179102.27",,,,,,""
"2021-04-21","'3128MJ2F6'","MBS","FHLMCGLD 3% 08/47","30yr",,,,,"34146070.68",,,,,,""
"2021-04-21","'3140H35R3'","MBS","UMBS MORTPASS 4% 10/47","30yr",,,,,"34135444.97",,,,,,""
"2021-04-21","'31418DR46'","MBS","UMBS MORTPASS 1.5% 07/35","15yr",,,,,"34116014.1",,,,,,""
"2021-04-21","'3140K1X76'","MBS","UMBS MORTPASS 3% 11/49","30yr",,,,,"34096079.73",,,,,,""
"2021-04-21","'3131XYC64'","MBS","UMBS MORTPASS 3.5% 11/47","30yr",,,,,"34093329.82",,,,,,""
"2021-04-21","'3140K4UY4'","MBS","UMBS MORTPASS 3% 03/50","30yr",,,,,"34065690.31",,,,,,""
"2021-04-21","'3133KHDL7'","MBS","UMBS MORTPASS 4.5% 12/49","30yr",,,,,"34024164.47",,,,,,""
"2021-04-21","'3140JX6U7'","MBS","UMBS MORTPASS 3% 09/49","30yr",,,,,"33988913.49",,,,,,""
"2021-04-21","'3140X8E52'","MBS","UMBS MORTPASS 2.5% 10/50","30yr",,,,,"33849439.77",,,,,,""
"2021-04-21","'36202FXC5'","MBS","GNMA II 4.5% 09/41","30yr",,,,,"33732178.97",,,,,,""
"2021-04-21","'3133KGPA0'","MBS","UMBS MORTPASS 3% 08/49","30yr",,,,,"33718378.77",,,,,,""
"2021-04-21","'36202FSE7'","MBS","GNMA II 4.5% 04/41","30yr",,,,,"33711426.57",,,,,,""
"2021-04-21","'3140KECV8'","MBS","UMBS MORTPASS 3% 06/50","30yr",,,,,"33615573.11",,,,,,""
"2021-04-21","'3133AGVX4'","MBS","UMBS MORTPASS 1.5% 03/51","30yr",,,,,"33613013.5",,,,,,""
"2021-04-21","'3140KARJ7'","MBS","UMBS MORTPASS 3% 03/50","30yr",,,,,"33551068.19",,,,,,""
"2021-04-21","'3133GAT71'","MBS","UMBS MORTPASS 2% 11/35","15yr",,,,,"33522206.87",,,,,,""
"2021-04-21","'3140K0W61'","MBS","UMBS MORTPASS 3% 11/49","30yr",,,,,"33470131.59",,,,,,""
"2021-04-21","'3133AJGW7'","MBS","UMBS MORTPASS 2% 04/51","30yr",,,,,"33468657",,,,,,""
"2021-04-21","'3622A2A51'","MBS","GNMA II 3.5% 07/42","30yr",,,,,"33456211.58",,,,,,""
"2021-04-21","'3140F9N35'","MBS","UMBS MORTPASS 2.5% 07/31","15yr",,,,,"33380466.29",,,,,,""
"2021-04-21","'3133AAMY5'","MBS","UMBS MORTPASS 2% 10/50","30yr",,,,,"33361791.68",,,,,,""
"2021-04-21","'3131YASJ0'","MBS","UMBS MORTPASS 3.5% 03/49","30yr",,,,,"33278626.6",,,,,,""
"2021-04-21","'3132CJAS2'","MBS","UMBS MORTPASS 3.5% 10/28","Other",,,,,"33259889.33",,,,,,"Y"
"2021-04-21","'3140K5E37'","MBS","UMBS MORTPASS 3% 03/50","30yr",,,,,"33245627.38",,,,,,""
"2021-04-21","'3140X5CY7'","MBS","UMBS MORTPASS 3.5% 06/49","30yr",,,,,"33181271.88",,,,,,""
"2021-04-21","'3140HNDH2'","MBS","UMBS MORTPASS 1.5% 11/50","30yr",,,,,"33170678.17",,,,,,""
"2021-04-21","'3140X6EU1'","MBS","UMBS MORTPASS 3% 04/50","30yr",,,,,"33136532.05",,,,,,""
"2021-04-21","'3128M8ML5'","MBS","FHLMCGLD 5.5% 01/38","30yr",,,,,"33082163.65",,,,,,"Y"
"2021-04-21","'3133GACS3'","MBS","UMBS MORTPASS 2% 09/35","15yr",,,,,"33077953.24",,,,,,""
"2021-04-21","'3140JLY73'","MBS","UMBS MORTPASS 4% 02/49","30yr",,,,,"33073943.01",,,,,,""
"2021-04-21","'3140HBYZ5'","MBS","UMBS MORTPASS 3% 10/49","30yr",,,,,"33002168.94",,,,,,""
"2021-04-21","'3140L6AN4'","MBS","UMBS MORTPASS 2% 04/51","30yr",,,,,"33000000",,,,,,""
"2021-04-21","'3140HFVN6'","MBS","UMBS MORTPASS 2.5% 05/50","30yr",,,,,"32991557.64",,,,,,""
"2021-04-21","'31346YW41'","MBS","UMBS MORTPASS 3% 12/49","30yr",,,,,"32937707.95",,,,,,""
"2021-04-21","'36202FTK2'","MBS","GNMA II MORTPASS 4% 05/41","30yr",,,,,"32908310.3",,,,,,""
"2021-04-21","'3133ACFC7'","MBS","UMBS MORTPASS 2% 11/50","30yr",,,,,"32846555.63",,,,,,""
"2021-04-21","'3140X5FR9'","MBS","UMBS MORTPASS 4.5% 05/49","30yr",,,,,"32838376.36",,,,,,""
"2021-04-21","'31339SF26'","MBS","UMBS MORTPASS 3.5% 09/49","30yr",,,,,"32836483.21",,,,,,""
"2021-04-21","'3140QFUU1'","MBS","UMBS MORTPASS 2% 08/35","15yr",,,,,"32809356.64",,,,,,""
"2021-04-21","'3140F9QB4'","MBS","UMBS MORTPASS 2.5% 09/31","15yr",,,,,"32802151.6",,,,,,""
"2021-04-21","'3128MFGU6'","MBS","FHLMCGLD 3.5% 10/26","15yr",,,,,"32737133.1",,,,,,"Y"
"2021-04-21","'3140KFK79'","MBS","UMBS MORTPASS 2.5% 11/50","30yr",,,,,"32704393.81",,,,,,""
"2021-04-21","'3140KEQC5'","MBS","UMBS MORTPASS 2% 09/50","30yr",,,,,"32698793.05",,,,,,""
"2021-04-21","'3133KHU79'","MBS","UMBS MORTPASS 3% 04/50","30yr",,,,,"32641921.77",,,,,,""
"2021-04-21","'3133KYSJ9'","MBS","UMBS MORTPASS 2.5% 10/39","Other",,,,,"32569997.85",,,,,,""
"2021-04-21","'31329QZJ3'","MBS","UMBS MORTPASS 4% 06/49","30yr",,,,,"32568242.69",,,,,,""
"2021-04-21","'36179TT96'","MBS","GNMA II MORTPASS 3% 03/48","30yr",,,,,"32555662.95",,,,,,""
"2021-04-21","'3128MJ2B5'","MBS","FHLMCGLD 3% 07/47","30yr",,,,,"32482543.17",,,,,,""
"2021-04-21","'3133G9VZ9'","MBS","UMBS MORTPASS 2% 08/35","15yr",,,,,"32437526.66",,,,,,""
"2021-04-21","'36179M5N6'","MBS","GNMA II MORTPASS 4% 03/43","30yr",,,,,"32421736.06",,,,,,""
"2021-04-21","'3140L3WB3'","MBS","UMBS MORTPASS 2% 02/51","30yr",,,,,"32334334.53",,,,,,""
"2021-04-21","'3131XAVE8'","MBS","UMBS MORTPASS 3% 05/29","15yr",,,,,"32321328.86",,,,,,""
"2021-04-21","'3132CJAJ2'","MBS","UMBS MORTPASS 3% 09/29","Other",,,,,"32309281.17",,,,,,""
"2021-04-21","'3140Q82U8'","MBS","UMBS MORTPASS 3.5% 03/48","30yr",,,,,"32305877.67",,,,,,""
"2021-04-21","'3133AGVY2'","MBS","UMBS MORTPASS 2% 02/51","30yr",,,,,"32276045",,,,,,""
"2021-04-21","'3140X3AW8'","MBS","UMBS MORTPASS 3.5% 07/49","30yr",,,,,"32218256.88",,,,,,""
"2021-04-21","'3140X5XV0'","MBS","UMBS MORTPASS 3.5% 07/49","30yr",,,,,"32194666.86",,,,,,""
"2021-04-21","'3140F7Q51'","MBS","UMBS MORTPASS 2.5% 07/31","15yr",,,,,"32172188.25",,,,,,""
"2021-04-21","'3140L22W2'","MBS","UMBS MORTPASS 2% 03/51","30yr",,,,,"32159775.88",,,,,,""
"2021-04-21","'31329QNH0'","MBS","UMBS MORTPASS 4% 04/49","30yr",,,,,"32084220.28",,,,,,""
"2021-04-21","'36179NJB5'","MBS","GNMA II MORTPASS 4% 07/43","30yr",,,,,"32062727.21",,,,,,""
"2021-04-21","'3133KHVT0'","MBS","UMBS MORTPASS 3% 04/50","30yr",,,,,"32054883",,,,,,""
"2021-04-21","'3140KWBV9'","MBS","UMBS MORTPASS 1.5% 03/51","30yr",,,,,"32046713",,,,,,""
"2021-04-21","'3140QBWK0'","MBS","UMBS MORTPASS 3% 10/49","30yr",,,,,"32038004.64",,,,,,""
"2021-04-21","'3132A8CR8'","MBS","UMBS MORTPASS 2.5% 11/27","15yr",,,,,"32009701.3",,,,,,""
"2021-04-21","'31339UEY2'","MBS","UMBS MORTPASS 3% 10/49","30yr",,,,,"31998813.63",,,,,,""
"2021-04-21","'3132A8S42'","MBS","UMBS MORTPASS 2.5% 11/28","15yr",,,,,"31965254.48",,,,,,""
"2021-04-21","'3140KKKX1'","MBS","UMBS MORTPASS 2.5% 07/50","30yr",,,,,"31943505.51",,,,,,""
"2021-04-21","'3140KTLB9'","MBS","UMBS MORTPASS 2% 11/50","30yr",,,,,"31896992.72",,,,,,""
"2021-04-21","'3133AFV40'","MBS","UMBS MORTPASS 2% 02/51","30yr",,,,,"31823039.69",,,,,,""
"2021-04-21","'3133A1MF6'","MBS","UMBS MORTPASS 3% 01/50","30yr",,,,,"31817491.72",,,,,,""
"2021-04-21","'36179UD82'","MBS","GNMA II 3.5% 10/48","30yr",,,,,"31808341.86",,,,,,""
"2021-04-21","'3132A9NH6'","MBS","UMBS MORTPASS 2.5% 07/28","15yr",,,,,"31808311.69",,,,,,""
"2021-04-21","'3140J5R92'","MBS","UMBS MORTPASS 3% 02/27","Other",,,,,"31782716.03",,,,,,"Y"
"2021-04-21","'3140L4DU0'","MBS","UMBS MORTPASS 2% 03/51","30yr",,,,,"31685546",,,,,,""
"2021-04-21","'3133KGGG7'","MBS","UMBS MORTPASS 3.5% 07/49","30yr",,,,,"31678975.76",,,,,,""
"2021-04-21","'31339SUM5'","MBS","UMBS MORTPASS 3.5% 09/49","30yr",,,,,"31618426.51",,,,,,""
"2021-04-21","'3140KC5S7'","MBS","UMBS MORTPASS 2.5% 06/50","30yr",,,,,"31599565.14",,,,,,""
"2021-04-21","'31334YCP0'","MBS","UMBS MORTPASS 3% 08/49","30yr",,,,,"31556687.6",,,,,,""
"2021-04-21","'31417DXH1'","MBS","UMBS MORTPASS 3.5% 11/42","30yr",,,,,"31505098.48",,,,,,""
"2021-04-21","'31418DB68'","MBS","UMBS MORTPASS 3.5% 05/39","Other",,,,,"31467620.84",,,,,,""
"2021-04-21","'3138MBXN1'","MBS","UMBS MORTPASS 3.5% 10/42","30yr",,,,,"31467595.26",,,,,,""
"2021-04-21","'3140XAEP3'","MBS","UMBS MORTPASS 2% 03/51","30yr",,,,,"31466217",,,,,,""
"2021-04-21","'3133G9MH9'","MBS","UMBS MORTPASS 2% 08/35","15yr",,,,,"31458557.62",,,,,,""
"2021-04-21","'3133A0CY8'","MBS","UMBS MORTPASS 3% 12/49","30yr",,,,,"31443347.02",,,,,,""
"2021-04-21","'3140L5FD3'","MBS","UMBS 2.0%","30yr",,,,,"31422522",,,,,,""
"2021-04-21","'3140QAA75'","MBS","UMBS MORTPASS 4.5% 11/48","30yr",,,,,"31401657.73",,,,,,""
"2021-04-21","'3140QB4R6'","MBS","UMBS MORTPASS 3.5% 10/49","30yr",,,,,"31382565.15",,,,,,""
"2021-04-21","'3128MMXP3'","MBS","FHLMCGLD 3.5% 04/33","15yr",,,,,"31369875.4",,,,,,""
"2021-04-21","'31307VB21'","MBS","FHLMCGLD 3% 09/32","15yr",,,,,"31356008.34",,,,,,""
"2021-04-21","'3133A6L90'","MBS","UMBS MORTPASS 3% 06/50","30yr",,,,,"31314257.66",,,,,,""
"2021-04-21","'3131X8F35'","MBS","UMBS MORTPASS 2.5% 11/27","15yr",,,,,"31306164.49",,,,,,""
"2021-04-21","'3140L6C44'","MBS","UMBS MORTPASS 2% 03/51","30yr",,,,,"31301239",,,,,,""
"2021-04-21","'3138EHAZ5'","MBS","UMBS MORTPASS 4.5% 10/39","30yr",,,,,"31246642.11",,,,,,"Y"
"2021-04-21","'3140KUYW6'","MBS","UMBS MORTPASS 2% 12/50","30yr",,,,,"31234765.3",,,,,,""
"2021-04-21","'3140KQD32'","MBS","UMBS MORTPASS 1.5% 11/50","30yr",,,,,"31200669.87",,,,,,""
"2021-04-21","'3140QEAF9'","MBS","UMBS MORTPASS 2.5% 07/50","30yr",,,,,"31172419.14",,,,,,""
"2021-04-21","'3140K4TU4'","MBS","UMBS MORTPASS 3% 03/50","30yr",,,,,"31151786.81",,,,,,""
"2021-04-21","'3140X5QN6'","MBS","UMBS MORTPASS 4.5% 02/49","30yr",,,,,"31134170.21",,,,,,""
"2021-04-21","'3131YDLL6'","MBS","UMBS MORTPASS 3% 06/49","30yr",,,,,"31132925.85",,,,,,""
"2021-04-21","'3140K4ZR4'","MBS","UMBS MORTPASS 3% 12/49","30yr",,,,,"31132335.17",,,,,,""
"2021-04-21","'3140KRNY1'","MBS","UMBS MORTPASS 1.5% 11/35","15yr",,,,,"31124805.47",,,,,,""
"2021-04-21","'3131YA6H8'","MBS","UMBS MORTPASS 3% 11/48","30yr",,,,,"31117909.95",,,,,,""
"2021-04-21","'3133A2LA6'","MBS","UMBS MORTPASS 3% 03/50","30yr",,,,,"31072901.8",,,,,,""
"2021-04-21","'3140KQEB3'","MBS","UMBS MORTPASS 1.5% 11/50","30yr",,,,,"31061028.07",,,,,,""
"2021-04-21","'31346YFR9'","MBS","UMBS MORTPASS 3% 11/49","30yr",,,,,"31039363.29",,,,,,""
"2021-04-21","'3133AGRG6'","MBS","UMBS MORTPASS 2% 03/51","30yr",,,,,"31011730",,,,,,""
"2021-04-21","'3138EP7G3'","MBS","UMBS MORTPASS 4.5% 08/24","15yr",,,,,"30994024.12",,,,,,"Y"
"2021-04-21","'3140X5VF7'","MBS","UMBS MORTPASS 4.5% 09/49","30yr",,,,,"30992721.49",,,,,,""
"2021-04-21","'3140KUQ54'","MBS","UMBS MORTPASS 2% 12/50","30yr",,,,,"30883886.95",,,,,,""
"2021-04-21","'3140KYCH5'","MBS","UMBS MORTPASS 1.5% 04/36","15yr",,,,,"30876723",,,,,,""
"2021-04-21","'3140KEGG7'","MBS","UMBS MORTPASS 2% 07/50","30yr",,,,,"30834010.89",,,,,,""
"2021-04-21","'3140KRNR6'","MBS","UMBS MORTPASS 2.5% 11/50","30yr",,,,,"30816129.21",,,,,,""
"2021-04-21","'3128MMVW0'","MBS","FHLMCGLD 2% 12/31","15yr",,,,,"30796498.58",,,,,,""
"2021-04-21","'3133ABQF0'","MBS","UMBS MORTPASS 2.5% 11/50","30yr",,,,,"30772170.68",,,,,,""
"2021-04-21","'3140HBWV6'","MBS","UMBS MORTPASS 2.5% 10/49","30yr",,,,,"30763524.28",,,,,,""
"2021-04-21","'3140KMJT8'","MBS","UMBS MORTPASS 2% 09/35","15yr",,,,,"30759470.93",,,,,,""
"2021-04-21","'3131YBJM1'","MBS","UMBS MORTPASS 3.5% 04/49","30yr",,,,,"30758782.29",,,,,,""
"2021-04-21","'3140QDTG9'","MBS","UMBS MORTPASS 2.5% 05/35","15yr",,,,,"30754625.67",,,,,,""
"2021-04-21","'3140KQEX5'","MBS","UMBS MORTPASS 2% 11/50","30yr",,,,,"30744841.27",,,,,,""
"2021-04-21","'3140K9EL9'","MBS","UMBS MORTPASS 2.5% 04/50","30yr",,,,,"30739596.07",,,,,,""
"2021-04-21","'3138EGPD0'","MBS","UMBS MORTPASS 5.5% 12/39","30yr",,,,,"30713570.6",,,,,,"Y"
"2021-04-21","'3140HDS88'","MBS","UMBS MORTPASS 3% 01/50","30yr",,,,,"30689754.89",,,,,,""
"2021-04-21","'3133ACZ92'","MBS","UMBS MORTPASS 2.5% 11/50","30yr",,,,,"30673109.09",,,,,,""
"2021-04-21","'36202FB39'","MBS","GNMA II 4.5% 10/39","30yr",,,,,"30628183.01",,,,,,""
"2021-04-21","'3133A3HJ0'","MBS","UMBS MORTPASS 3% 03/50","30yr",,,,,"30525845.18",,,,,,""
"2021-04-21","'3140K47D6'","MBS","UMBS MORTPASS 3% 02/50","30yr",,,,,"30503338.59",,,,,,""
"2021-04-21","'3140XAJZ6'","MBS","UMBS MORTPASS 1.5% 03/51","30yr",,,,,"30500000.27",,,,,,""
"2021-04-21","'3140K9TZ2'","MBS","UMBS MORTPASS 3% 03/50","30yr",,,,,"30451626.14",,,,,,""
"2021-04-21","'3133A9DF9'","MBS","UMBS MORTPASS 2.5% 08/50","30yr",,,,,"30421353.55",,,,,,""
"2021-04-21","'3140JQRZ8'","MBS","UMBS MORTPASS 3% 08/49","30yr",,,,,"30400155.42",,,,,,""
"2021-04-21","'3133AGWG0'","MBS","UMBS MORTPASS 2% 03/51","30yr",,,,,"30390312",,,,,,""
"2021-04-21","'3140X9W27'","MBS","UMBS MORTPASS 2% 02/51","30yr",,,,,"30380547.39",,,,,,""
"2021-04-21","'3133AAHX3'","MBS","UMBS MORTPASS 2.5% 09/50","30yr",,,,,"30366347.54",,,,,,""
"2021-04-21","'3140L7H47'","MBS","UMBS MORTPASS 2% 04/51","30yr",,,,,"30362208.73",,,,,,""
"2021-04-21","'3133AAAH5'","MBS","UMBS MORTPASS 2% 09/50","30yr",,,,,"30292700.11",,,,,,""
"2021-04-21","'3133A8M20'","MBS","UMBS MORTPASS 2.5% 08/50","30yr",,,,,"30285056.73",,,,,,""
"2021-04-21","'3133A3ZL5'","MBS","UMBS MORTPASS 3% 04/50","30yr",,,,,"30224829.23",,,,,,""
"2021-04-21","'3140L2SZ7'","MBS","UMBS MORTPASS 1.5% 01/51","30yr",,,,,"30206494.68",,,,,,""
"2021-04-21","'3140FPDG1'","MBS","UMBS MORTPASS 4% 06/47","30yr",,,,,"30189421.8",,,,,,""
"2021-04-21","'3133A4XY7'","MBS","UMBS MORTPASS 2.5% 06/50","30yr",,,,,"30186378.35",,,,,,""
"2021-04-21","'3140HP2Y2'","MBS","UMBS MORTPASS 4% 08/48","30yr",,,,,"30185448.5",,,,,,""
"2021-04-21","'3133KHVH6'","MBS","UMBS MORTPASS 3.5% 04/50","30yr",,,,,"30171638.54",,,,,,""
"2021-04-21","'31417C2X2'","MBS","UMBS MORTPASS 2.5% 09/27","15yr",,,,,"30148675.72",,,,,,""
"2021-04-21","'3128MMX24'","MBS","FHLMCGLD 3.5% 07/33","15yr",,,,,"30109128.09",,,,,,""
"2021-04-21","'36179Q6Q9'","MBS","GNMA II MORTPASS 4% 03/45","30yr",,,,,"29966347.47",,,,,,""
"2021-04-21","'31334YP35'","MBS","UMBS MORTPASS 4% 05/49","30yr",,,,,"29957453.52",,,,,,""
"2021-04-21","'3133AEPW8'","MBS","UMBS MORTPASS 2% 01/51","30yr",,,,,"29885330.67",,,,,,""
"2021-04-21","'3140X5Y31'","MBS","UMBS MORTPASS 3% 02/35","15yr",,,,,"29860195.93",,,,,,""
"2021-04-21","'3133A4B62'","MBS","UMBS MORTPASS 3% 04/50","30yr",,,,,"29735847.17",,,,,,""
"2021-04-21","'36179NF94'","MBS","GNMA II 4.5% 06/43","30yr",,,,,"29716666.41",,,,,,""
"2021-04-21","'3140QCGT7'","MBS","UMBS MORTPASS 3% 11/34","15yr",,,,,"29715604.19",,,,,,""
"2021-04-21","'3140X8YV3'","MBS","UMBS MORTPASS 2% 12/50","30yr",,,,,"29671217.59",,,,,,""
"2021-04-21","'3133KLHG5'","MBS","UMBS MORTPASS 1.5% 03/51","30yr",,,,,"29599899.54",,,,,,""
"2021-04-21","'31418DF64'","MBS","UMBS MORTPASS 2.5% 09/39","Other",,,,,"29596076.06",,,,,,""
"2021-04-21","'36202E3E7'","MBS","GNMA II 4.5% 03/39","30yr",,,,,"29592266.54",,,,,,""
"2021-04-21","'3140JWMB3'","MBS","UMBS MORTPASS 3% 09/49","30yr",,,,,"29591096.87",,,,,,""
"2021-04-21","'3140Q94G5'","MBS","UMBS MORTPASS 3.5% 11/48","30yr",,,,,"29551300.23",,,,,,""
"2021-04-21","'3138EL5Z2'","MBS","UMBS MORTPASS 2.5% 02/28","15yr",,,,,"29530015.87",,,,,,""
"2021-04-21","'3140X4PU4'","MBS","UMBS MORTPASS 2.5% 11/31","15yr",,,,,"29526040.5",,,,,,""
"2021-04-21","'36202F3P9'","MBS","GNMA II 4.5% 02/42","30yr",,,,,"29522657.04",,,,,,""
"2021-04-21","'31418DKM3'","MBS","UMBS MORTPASS 2.5% 01/30","Other",,,,,"29514727.41",,,,,,""
"2021-04-21","'3140JPTY1'","MBS","UMBS MORTPASS 2% 02/51","30yr",,,,,"29468560.19",,,,,,""
"2021-04-21","'3140QC3C8'","MBS","UMBS MORTPASS 3.5% 02/35","15yr",,,,,"29464125.46",,,,,,""
"2021-04-21","'3140X5Y23'","MBS","UMBS MORTPASS 3% 03/35","15yr",,,,,"29420780.89",,,,,,""
"2021-04-21","'31418CVF8'","MBS","UMBS MORTPASS 3.5% 03/33","15yr",,,,,"29390178.6",,,,,,""
"2021-04-21","'3140JN5J5'","MBS","UMBS MORTPASS 3% 04/49","30yr",,,,,"29351052.03",,,,,,""
"2021-04-21","'3133KHJF4'","MBS","UMBS MORTPASS 3.5% 10/49","30yr",,,,,"29318521.93",,,,,,""
"2021-04-21","'3132AEJ98'","MBS","UMBS MORTPASS 4.5% 06/49","30yr",,,,,"29307929.41",,,,,,""
"2021-04-21","'3140KCJT0'","MBS","UMBS MORTPASS 3% 05/50","30yr",,,,,"29285605.48",,,,,,""
"2021-04-21","'3140FPFS3'","MBS","UMBS MORTPASS 4.5% 07/47","30yr",,,,,"29285440.41",,,,,,""
"2021-04-21","'3133A2UK4'","MBS","UMBS MORTPASS 3% 03/50","30yr",,,,,"29274957.68",,,,,,""
"2021-04-21","'3140HGUM7'","MBS","UMBS MORTPASS 4% 04/48","30yr",,,,,"29267574.75",,,,,,""
"2021-04-21","'3133A5CU5'","MBS","UMBS MORTPASS 2.5% 05/50","30yr",,,,,"29250333.85",,,,,,""
"2021-04-21","'3138EHBP6'","MBS","UMBS MORTPASS 5% 07/39","30yr",,,,,"29233824.25",,,,,,"Y"
"2021-04-21","'3131YBU97'","MBS","UMBS MORTPASS 3% 04/49","30yr",,,,,"29207527.61",,,,,,""
"2021-04-21","'3133AJFT5'","MBS","UMBS MORTPASS 2% 03/51","30yr",,,,,"29180722.37",,,,,,""
"2021-04-21","'3133AA4L3'","MBS","UMBS MORTPASS 2% 10/50","30yr",,,,,"29159987.87",,,,,,""
"2021-04-21","'3140X8MA2'","MBS","UMBS MORTPASS 2% 11/30","Other",,,,,"29150751.79",,,,,,""
"2021-04-21","'3133KGKH0'","MBS","UMBS MORTPASS 4% 08/49","30yr",,,,,"29077379.07",,,,,,""
"2021-04-21","'3133KKB73'","MBS","UMBS MORTPASS 2.5% 10/50","30yr",,,,,"29074691.27",,,,,,""
"2021-04-21","'3133KHZZ2'","MBS","UMBS 2.5%","30yr",,,,,"29066546.82",,,,,,""
"2021-04-21","'3133AA4K5'","MBS","UMBS MORTPASS 2% 10/50","30yr",,,,,"29044147.19",,,,,,""
"2021-04-21","'3140K4TT7'","MBS","UMBS MORTPASS 2.5% 03/50","30yr",,,,,"29031809.36",,,,,,""
"2021-04-21","'36178NFN4'","MBS","GNMA I MORTPASS 3% 09/42","30yr",,,,,"29020366.53",,,,,,""
"2021-04-21","'3140KMZQ6'","MBS","UMBS MORTPASS 2% 09/50","30yr",,,,,"28994232.4",,,,,,""
"2021-04-21","'3132DMJV8'","MBS","UMBS MORTPASS 4.5% 12/43","30yr",,,,,"28968758.55",,,,,,""
"2021-04-21","'3133GBA61'","MBS","UMBS MORTPASS 2% 12/35","15yr",,,,,"28962492",,,,,,""
"2021-04-21","'3133A1LE0'","MBS","UMBS MORTPASS 3% 02/50","30yr",,,,,"28878580.63",,,,,,""
"2021-04-21","'3133G9T82'","MBS","UMBS MORTPASS 2% 09/35","15yr",,,,,"28874361.82",,,,,,""
"2021-04-21","'3140KACM6'","MBS","UMBS MORTPASS 2.5% 04/50","30yr",,,,,"28868558.13",,,,,,""
"2021-04-21","'3140KYGW8'","MBS","UMBS MORTPASS 2% 12/50","30yr",,,,,"28863313.53",,,,,,""
"2021-04-21","'36296QVJ5'","MBS","GNMA I 4.5% 06/39","30yr",,,,,"28828009.9",,,,,,""
"2021-04-21","'3140KT5G6'","MBS","UMBS MORTPASS 2% 11/35","15yr",,,,,"28802275.68",,,,,,""
"2021-04-21","'3140L4GV5'","MBS","UMBS MORTPASS 2% 03/51","30yr",,,,,"28715716.37",,,,,,""
"2021-04-21","'3132A5JD8'","MBS","UMBS MORTPASS 4% 03/48","30yr",,,,,"28638143.48",,,,,,""
"2021-04-21","'31329QZM6'","MBS","UMBS MORTPASS 4% 05/49","30yr",,,,,"28527825.68",,,,,,""
"2021-04-21","'3140KF6P5'","MBS","UMBS MORTPASS 2% 08/50","30yr",,,,,"28494502.84",,,,,,""
"2021-04-21","'3140KDLC2'","MBS","UMBS MORTPASS 2% 06/35","15yr",,,,,"28462842.43",,,,,,""
"2021-04-21","'36179T7L3'","MBS","GNMA II 4.5% 08/48","30yr",,,,,"28448165.6",,,,,,""
"2021-04-21","'36179T4M4'","MBS","GNMA II MORTPASS 3% 07/48","30yr",,,,,"28404803.04",,,,,,""
"2021-04-21","'3131Y1DS6'","MBS","UMBS MORTPASS 4% 05/48","30yr",,,,,"28350172.67",,,,,,""
"2021-04-21","'3140HFRP6'","MBS","UMBS MORTPASS 3% 03/50","30yr",,,,,"28264120.86",,,,,,""
"2021-04-21","'3138EGDH4'","MBS","UMBS MORTPASS 5.5% 08/37","30yr",,,,,"28234464.41",,,,,,"Y"
"2021-04-21","'31417C4S1'","MBS","UMBS MORTPASS 3.5% 09/42","30yr",,,,,"28221675.07",,,,,,""
"2021-04-21","'31418DM82'","MBS","UMBS MORTPASS 3% 04/30","Other",,,,,"28216291.62",,,,,,""
"2021-04-21","'3132A9U54'","MBS","UMBS MORTPASS 3% 07/33","15yr",,,,,"28216088.73",,,,,,""
"2021-04-21","'31334W5G2'","MBS","UMBS MORTPASS 3.5% 07/49","30yr",,,,,"28207024.16",,,,,,""
"2021-04-21","'3133A3NX2'","MBS","UMBS MORTPASS 2.5% 04/50","30yr",,,,,"28134232.86",,,,,,""
"2021-04-21","'3140KSB63'","MBS","UMBS MORTPASS 2% 11/50","30yr",,,,,"28103404.06",,,,,,""
"2021-04-21","'3133GCHW5'","MBS","UMBS MORTPASS 1.5% 04/36","15yr",,,,,"28079704",,,,,,""
"2021-04-21","'36180MXL6'","MBS","GNMA I MORTPASS 3% 03/43","30yr",,,,,"28070453.21",,,,,,""
"2021-04-21","'3132AD3T3'","MBS","UMBS MORTPASS 4% 02/49","30yr",,,,,"28043010.31",,,,,,""
"2021-04-21","'3133KYT41'","MBS","UMBS MORTPASS 2% 09/40","Other",,,,,"28037565.47",,,,,,""
"2021-04-21","'3140HDN83'","MBS","UMBS MORTPASS 3% 12/39","Other",,,,,"28018230.67",,,,,,""
"2021-04-21","'3133UUNR3'","MBS","UMBS MORTPASS 2.5% 01/40","Other",,,,,"28017820.83",,,,,,""
"2021-04-21","'3140L5GA8'","MBS","UMBS MORTPASS 2% 04/51","30yr",,,,,"28011506",,,,,,""
"2021-04-21","'31417EPD7'","MBS","UMBS MORTPASS 3.5% 01/43","30yr",,,,,"27984132.1",,,,,,""
"2021-04-21","'3133KHAY2'","MBS","UMBS MORTPASS 3% 08/49","30yr",,,,,"27954473.29",,,,,,""
"2021-04-21","'31329QCD1'","MBS","UMBS MORTPASS 4.5% 02/49","30yr",,,,,"27924083.6",,,,,,""
"2021-04-21","'3133KJF23'","MBS","UMBS MORTPASS 3% 04/50","30yr",,,,,"27906650.03",,,,,,""
"2021-04-21","'3140JUVP6'","MBS","UMBS MORTPASS 3.5% 06/49","30yr",,,,,"27895482.8",,,,,,""
"2021-04-21","'31418CXP4'","MBS","UMBS MORTPASS 4.5% 06/48","30yr",,,,,"27893864.78",,,,,,""
"2021-04-21","'36202FPE0'","MBS","GNMA II 3.5% 01/41","30yr",,,,,"27855386.78",,,,,,""
"2021-04-21","'3128M8WJ9'","MBS","FHLMCGLD 5% 12/39","30yr",,,,,"27851507.2",,,,,,"Y"
"2021-04-21","'3132CWH64'","MBS","UMBS MORTPASS 4% 03/31","15yr",,,,,"27834938.51",,,,,,"Y"
"2021-04-21","'3133KJR61'","MBS","UMBS MORTPASS 3% 07/50","30yr",,,,,"27834101.74",,,,,,""
"2021-04-21","'3138EGQK3'","MBS","UMBS MORTPASS 5% 01/40","30yr",,,,,"27826619.74",,,,,,"Y"
"2021-04-21","'3133L8EA9'","MBS","UMBS MORTPASS 1.5% 04/36","15yr",,,,,"27803373.41",,,,,,""
"2021-04-21","'3140X6D57'","MBS","UMBS MORTPASS 3% 04/50","30yr",,,,,"27796983.91",,,,,,""
"2021-04-21","'3140KBDP6'","MBS","UMBS MORTPASS 2% 08/35","15yr",,,,,"27782556.61",,,,,,""
"2021-04-21","'3131XBJB6'","MBS","UMBS MORTPASS 2.5% 11/23","Other",,,,,"27775764.33",,,,,,""
"2021-04-21","'3140KBX25'","MBS","UMBS MORTPASS 2.5% 05/50","30yr",,,,,"27698853.62",,,,,,""
"2021-04-21","'3140KNVL9'","MBS","UMBS MORTPASS 2% 08/35","15yr",,,,,"27680192.35",,,,,,""
"2021-04-21","'3133A3AS7'","MBS","UMBS MORTPASS 2.5% 03/50","30yr",,,,,"27661861.35",,,,,,""
"2021-04-21","'3140KQFJ5'","MBS","UMBS MORTPASS 2% 11/35","15yr",,,,,"27623288.73",,,,,,""
"2021-04-21","'3140K8KM2'","MBS","UMBS MORTPASS 3% 01/50","30yr",,,,,"27613382.3",,,,,,""
"2021-04-21","'31329PBT9'","MBS","UMBS MORTPASS 3.5% 05/48","30yr",,,,,"27571850.33",,,,,,""
"2021-04-21","'3140HFNR6'","MBS","UMBS MORTPASS 2.5% 03/50","30yr",,,,,"27538141.91",,,,,,""
"2021-04-21","'31335CJ54'","MBS","FHLMCGLD 4% 08/46","30yr",,,,,"27481801.92",,,,,,""
"2021-04-21","'3140K8PV7'","MBS","UMBS MORTPASS 3% 03/50","30yr",,,,,"27421435.28",,,,,,""
"2021-04-21","'3140KGJ79'","MBS","UMBS MORTPASS 2.5% 07/50","30yr",,,,,"27385144.46",,,,,,""
"2021-04-21","'3133ABNZ9'","MBS","UMBS MORTPASS 2% 11/50","30yr",,,,,"27365710.67",,,,,,""
"2021-04-21","'3128MMYD9'","MBS","FHLMCGLD 3.5% 09/33","15yr",,,,,"27350890.19",,,,,,""
"2021-04-21","'3140QEDH2'","MBS","UMBS MORTPASS 2.5% 12/49","30yr",,,,,"27338610.3",,,,,,""
"2021-04-21","'3140HNCX8'","MBS","UMBS MORTPASS 2% 11/50","30yr",,,,,"27333354.23",,,,,,""
"2021-04-21","'3132AEG75'","MBS","UMBS MORTPASS 2.5% 05/34","15yr",,,,,"27284481.03",,,,,,""
"2021-04-21","'3140H6CW7'","MBS","UMBS MORTPASS 3.5% 02/48","30yr",,,,,"27261416.92",,,,,,""
"2021-04-21","'3140HNGW6'","MBS","UMBS MORTPASS 4% 08/48","30yr",,,,,"27202689.37",,,,,,""
"2021-04-21","'3140KQKJ9'","MBS","UMBS MORTPASS 2.5% 10/50","30yr",,,,,"27166697.96",,,,,,""
"2021-04-21","'3128M8YB4'","MBS","FHLMCGLD 5% 03/38","30yr",,,,,"27163485.02",,,,,,"Y"
"2021-04-21","'3133AGQW2'","MBS","UMBS MORTPASS 2% 03/51","30yr",,,,,"27120679",,,,,,""
"2021-04-21","'31418DLJ9'","MBS","UMBS MORTPASS 2.5% 02/30","Other",,,,,"27108991.84",,,,,,""
"2021-04-21","'3131XYZ69'","MBS","UMBS MORTPASS 3.5% 01/48","30yr",,,,,"27072262.18",,,,,,""
"2021-04-21","'3131Y1RU6'","MBS","UMBS MORTPASS 4% 06/48","30yr",,,,,"27042944.73",,,,,,""
"2021-04-21","'3133G8QB0'","MBS","UMBS MORTPASS 2% 06/35","15yr",,,,,"27029637.26",,,,,,""
"2021-04-21","'3140X9ZQ1'","MBS","UMBS MORTPASS 2% 12/35","15yr",,,,,"27013405.15",,,,,,""
"2021-04-21","'3140KNWZ7'","MBS","UMBS MORTPASS 2.5% 09/50","30yr",,,,,"27003797.31",,,,,,""
"2021-04-21","'31334W3H2'","MBS","UMBS MORTPASS 3% 07/49","30yr",,,,,"26980606.68",,,,,,""
"2021-04-21","'3140KBQ56'","MBS","UMBS MORTPASS 2.5% 05/50","30yr",,,,,"26979956.54",,,,,,""
"2021-04-21","'3131Y9XM0'","MBS","UMBS MORTPASS 4.5% 02/49","30yr",,,,,"26933542.59",,,,,,""
"2021-04-21","'3140K8R78'","MBS","UMBS MORTPASS 2.5% 03/50","30yr",,,,,"26927564.4",,,,,,""
"2021-04-21","'3133A4B88'","MBS","UMBS MORTPASS 3% 04/50","30yr",,,,,"26922157.88",,,,,,""
"2021-04-21","'3131Y3Q66'","MBS","UMBS MORTPASS 4% 10/48","30yr",,,,,"26921867.99",,,,,,""
"2021-04-21","'31334YE94'","MBS","UMBS MORTPASS 3.5% 08/49","30yr",,,,,"26913844.02",,,,,,""
"2021-04-21","'3140L4CC1'","MBS","UMBS MORTPASS 2% 03/51","30yr",,,,,"26894865",,,,,,""
"2021-04-21","'31417GL79'","MBS","UMBS MORTPASS 3% 05/43","30yr",,,,,"26878364.89",,,,,,""
"2021-04-21","'3133AAVN9'","MBS","UMBS MORTPASS 2% 10/50","30yr",,,,,"26807046.35",,,,,,""
"2021-04-21","'3128MMXJ7'","MBS","FHLMCGLD 2.5% 03/33","15yr",,,,,"26772117.81",,,,,,""
"2021-04-21","'3133L7LX3'","MBS","UMBS MORTPASS 3% 02/35","15yr",,,,,"26765715.55",,,,,,""
"2021-04-21","'3140L2RK1'","MBS","UMBS MORTPASS 2% 03/51","30yr",,,,,"26762117.66",,,,,,""
"2021-04-21","'3140KFRM9'","MBS","UMBS MORTPASS 2.5% 06/50","30yr",,,,,"26700746.07",,,,,,""
"2021-04-21","'3132J8WM8'","MBS","FHLMCGLD 3% 04/43","30yr",,,,,"26691979.31",,,,,,""
"2021-04-21","'3133USGJ4'","MBS","UMBS MORTPASS 4% 03/49","30yr",,,,,"26690538.79",,,,,,""
"2021-04-21","'3132JAZU2'","MBS","FHLMCGLD 3.5% 06/43","30yr",,,,,"26660399.83",,,,,,""
"2021-04-21","'31307SXG3'","MBS","FHLMCGLD 2.5% 01/32","15yr",,,,,"26633989.8",,,,,,""
"2021-04-21","'3140QBUK2'","MBS","UMBS MORTPASS 4.5% 09/49","30yr",,,,,"26633694.4",,,,,,""
"2021-04-21","'3128MMX73'","MBS","FHLMCGLD 3% 08/33","15yr",,,,,"26598497.2",,,,,,""
"2021-04-21","'3131Y7J57'","MBS","UMBS MORTPASS 4% 11/48","30yr",,,,,"26587535.02",,,,,,""
"2021-04-21","'3138EJXH6'","MBS","UMBS MORTPASS 2.5% 09/27","15yr",,,,,"26585021.03",,,,,,""
"2021-04-21","'3133G6JK2'","MBS","UMBS MORTPASS 2.5% 07/34","15yr",,,,,"26577503.43",,,,,,""
"2021-04-21","'3140KXBS4'","MBS","UMBS MORTPASS 2.5% 12/50","30yr",,,,,"26563128.94",,,,,,""
"2021-04-21","'3132A9VG9'","MBS","UMBS MORTPASS 3% 09/33","15yr",,,,,"26525107",,,,,,""
"2021-04-21","'3133KLW45'","MBS","UMBS MORTPASS 2.5% 01/51","30yr",,,,,"26460726",,,,,,""
"2021-04-21","'3140K3BN1'","MBS","UMBS MORTPASS 3% 01/50","30yr",,,,,"26453199.56",,,,,,""
"2021-04-21","'3138W9TB6'","MBS","UMBS MORTPASS 4% 09/43","30yr",,,,,"26443673.17",,,,,,""
"2021-04-21","'3140KDNW6'","MBS","UMBS MORTPASS 2.5% 05/50","30yr",,,,,"26420645.68",,,,,,""
"2021-04-21","'3140Q9NG4'","MBS","UMBS MORTPASS 4% 08/48","30yr",,,,,"26420407.42",,,,,,""
"2021-04-21","'31346YJH7'","MBS","UMBS MORTPASS 3% 11/49","30yr",,,,,"26413407.21",,,,,,""
"2021-04-21","'3133A4CR5'","MBS","UMBS MORTPASS 3% 04/50","30yr",,,,,"26204611.11",,,,,,""
"2021-04-21","'3140KM5D8'","MBS","UMBS MORTPASS 2% 09/50","30yr",,,,,"26188744.31",,,,,,""
"2021-04-21","'3131YDNE0'","MBS","UMBS MORTPASS 3% 06/49","30yr",,,,,"26183458.01",,,,,,""
"2021-04-21","'31334WQA2'","MBS","UMBS MORTPASS 3.5% 06/49","30yr",,,,,"26176002.98",,,,,,""
"2021-04-21","'3131Y7S73'","MBS","UMBS MORTPASS 4.5% 11/48","30yr",,,,,"26153574.98",,,,,,""
"2021-04-21","'3140JG4E2'","MBS","UMBS MORTPASS 3% 04/50","30yr",,,,,"26108469.64",,,,,,""
"2021-04-21","'3140L1LH6'","MBS","UMBS MORTPASS 2% 03/51","30yr",,,,,"26043616",,,,,,""
"2021-04-21","'3128MMXZ1'","MBS","FHLMCGLD 3% 07/33","15yr",,,,,"26037806.97",,,,,,""
"2021-04-21","'3140QB2E7'","MBS","UMBS MORTPASS 4.5% 10/49","30yr",,,,,"26023085.63",,,,,,""
"2021-04-21","'3140KQPA3'","MBS","UMBS MORTPASS 2% 09/50","30yr",,,,,"26003341.44",,,,,,""
"2021-04-21","'3140KMDX5'","MBS","UMBS MORTPASS 2.5% 09/50","30yr",,,,,"26000011.02",,,,,,""
"2021-04-21","'31334W3R0'","MBS","UMBS MORTPASS 3.5% 07/49","30yr",,,,,"25972887.59",,,,,,""
"2021-04-21","'3140X9TD7'","MBS","UMBS MORTPASS 1.5% 02/51","30yr",,,,,"25970934.48",,,,,,""
"2021-04-21","'3140KDFX3'","MBS","UMBS MORTPASS 2.5% 06/50","30yr",,,,,"25961847.56",,,,,,""
"2021-04-21","'3140HFPW3'","MBS","UMBS MORTPASS 3% 04/50","30yr",,,,,"25960658.69",,,,,,""
"2021-04-21","'3140KCEJ7'","MBS","UMBS MORTPASS 2.5% 04/50","30yr",,,,,"25958523.97",,,,,,""
"2021-04-21","'3140L27F4'","MBS","UMBS MORTPASS 2% 03/51","30yr",,,,,"25943390",,,,,,""
"2021-04-21","'3140JVM41'","MBS","UMBS MORTPASS 3.5% 07/49","30yr",,,,,"25923685.87",,,,,,""
"2021-04-21","'3140KCHV7'","MBS","UMBS MORTPASS 3% 05/50","30yr",,,,,"25921979.54",,,,,,""
"2021-04-21","'3131Y8J30'","MBS","UMBS MORTPASS 4.5% 12/48","30yr",,,,,"25894910.93",,,,,,""
"2021-04-21","'31339UEU0'","MBS","UMBS MORTPASS 4% 08/49","30yr",,,,,"25877086.76",,,,,,""
"2021-04-21","'31329PNC3'","MBS","UMBS MORTPASS 4.5% 10/48","30yr",,,,,"25875013.22",,,,,,""
"2021-04-21","'36179UQ39'","MBS","GNMA II MORTPASS 3% 04/49","30yr",,,,,"25873234.99",,,,,,""
"2021-04-21","'3140L2SG9'","MBS","UMBS MORTPASS 1.5% 01/51","30yr",,,,,"25812462.11",,,,,,""
"2021-04-21","'31346YM91'","MBS","UMBS MORTPASS 3% 12/49","30yr",,,,,"25793903.28",,,,,,""
"2021-04-21","'3133GAV45'","MBS","UMBS MORTPASS 2% 11/35","15yr",,,,,"25763997.56",,,,,,""
"2021-04-21","'3132D9BC7'","MBS","UMBS MORTPASS 4.5% 04/34","Other",,,,,"25763635.03",,,,,,""
"2021-04-21","'3131Y1X62'","MBS","UMBS MORTPASS 4.5% 06/48","30yr",,,,,"25737656.28",,,,,,""
"2021-04-21","'3140HFRN1'","MBS","UMBS MORTPASS 3% 03/50","30yr",,,,,"25723574.8",,,,,,""
"2021-04-21","'3140KTMM4'","MBS","UMBS MORTPASS 2% 11/50","30yr",,,,,"25679178.6",,,,,,""
"2021-04-21","'3140L7QL9'","MBS","UMBS MORTPASS 2% 04/51","30yr",,,,,"25656896",,,,,,""
"2021-04-21","'36180C4B2'","MBS","GNMA I MORTPASS 3% 02/43","30yr",,,,,"25600271.5",,,,,,""
"2021-04-21","'3140KNWP9'","MBS","UMBS MORTPASS 2.5% 08/50","30yr",,,,,"25591001.76",,,,,,""
"2021-04-21","'3140L6C36'","MBS","UMBS MORTPASS 2% 03/51","30yr",,,,,"25566897",,,,,,""
"2021-04-21","'3133A4ST4'","MBS","UMBS MORTPASS 2.5% 05/50","30yr",,,,,"25564863.51",,,,,,""
"2021-04-21","'3132DV4S1'","MBS","UMBS MORTPASS 4.5% 12/49","30yr",,,,,"25547775.83",,,,,,""
"2021-04-21","'3140J52Q1'","MBS","UMBS MORTPASS 3.5% 03/27","Other",,,,,"25514013.87",,,,,,"Y"
"2021-04-21","'3140JN5A4'","MBS","UMBS MORTPASS 3% 04/49","30yr",,,,,"25501981.38",,,,,,""
"2021-04-21","'3140QBLE6'","MBS","UMBS MORTPASS 3.5% 07/49","30yr",,,,,"25495922.35",,,,,,""
"2021-04-21","'3133A4YS9'","MBS","UMBS MORTPASS 2.5% 05/50","30yr",,,,,"25469380.42",,,,,,""
"2021-04-21","'3140X4XU5'","MBS","UMBS MORTPASS 3.5% 10/49","30yr",,,,,"25465299.4",,,,,,""
"2021-04-21","'3133A5CS0'","MBS","UMBS MORTPASS 2% 05/50","30yr",,,,,"25434351.65",,,,,,""
"2021-04-21","'3140Q9QB2'","MBS","UMBS MORTPASS 4% 08/48","30yr",,,,,"25389462.69",,,,,,""
"2021-04-21","'3140KPJK0'","MBS","UMBS MORTPASS 2.5% 09/50","30yr",,,,,"25389368.06",,,,,,""
"2021-04-21","'36202E4G1'","MBS","GNMA II 4.5% 04/39","30yr",,,,,"25363758.82",,,,,,""
"2021-04-21","'3128M8MN1'","MBS","FHLMCGLD 5.5% 09/38","30yr",,,,,"25351852.78",,,,,,"Y"
"2021-04-21","'31307S2E2'","MBS","FHLMCGLD 2.5% 01/32","15yr",,,,,"25308931.08",,,,,,""
"2021-04-21","'3138EGFM1'","MBS","UMBS MORTPASS 3.5% 07/39","30yr",,,,,"25306830.01",,,,,,"Y"
"2021-04-21","'3140K06V5'","MBS","UMBS MORTPASS 3% 12/49","30yr",,,,,"25302003.03",,,,,,""
"2021-04-21","'3140KPDS9'","MBS","UMBS MORTPASS 2% 09/50","30yr",,,,,"25301336.85",,,,,,""
"2021-04-21","'3140K9JC4'","MBS","UMBS MORTPASS 3% 03/50","30yr",,,,,"25257476.35",,,,,,""
"2021-04-21","'3140QDLJ1'","MBS","UMBS MORTPASS 3% 05/45","30yr",,,,,"25246550.35",,,,,,""
"2021-04-21","'3131X9FM1'","MBS","UMBS MORTPASS 2.5% 06/28","15yr",,,,,"25236182.53",,,,,,""
"2021-04-21","'3140QGZF7'","MBS","UMBS MORTPASS 1.5% 02/51","30yr",,,,,"25214511.03",,,,,,""
"2021-04-21","'3133G64B8'","MBS","UMBS MORTPASS 2.5% 10/34","15yr",,,,,"25212077",,,,,,""
"2021-04-21","'3133KGJR0'","MBS","UMBS MORTPASS 3% 08/49","30yr",,,,,"25187340.59",,,,,,""
"2021-04-21","'3133KJ4X7'","MBS","UMBS MORTPASS 2% 09/50","30yr",,,,,"25186239.24",,,,,,""
"2021-04-21","'3140JUVM3'","MBS","UMBS MORTPASS 3.5% 06/49","30yr",,,,,"25182901.67",,,,,,""
"2021-04-21","'3133ACXE3'","MBS","UMBS MORTPASS 2.5% 12/50","30yr",,,,,"25156129.78",,,,,,""
"2021-04-21","'3133AJF73'","MBS","UMBS MORTPASS 2% 04/51","30yr",,,,,"25149664",,,,,,""
"2021-04-21","'3140QANN6'","MBS","UMBS MORTPASS 4.5% 02/49","30yr",,,,,"25147942.58",,,,,,""
"2021-04-21","'3140GWYV9'","MBS","UMBS MORTPASS 3.5% 08/47","30yr",,,,,"25098735.02",,,,,,""
"2021-04-21","'3140QHRG2'","MBS","UMBS MORTPASS 2.5% 09/50","30yr",,,,,"25046781.37",,,,,,""
"2021-04-21","'3140L4WB1'","MBS","UMBS MORTPASS 2% 02/51","30yr",,,,,"25044965.24",,,,,,""
"2021-04-21","'31418CP99'","MBS","UMBS MORTPASS 3% 10/47","30yr",,,,,"25034177.85",,,,,,""
"2021-04-21","'3140L13K9'","MBS","UMBS MORTPASS 2% 02/51","30yr",,,,,"25025790.05",,,,,,""
"2021-04-21","'3140X5XR9'","MBS","UMBS MORTPASS 3% 02/35","15yr",,,,,"25023538.21",,,,,,""
"2021-04-21","'3140X3CM8'","MBS","UMBS MORTPASS 2.5% 03/50","30yr",,,,,"24957163.22",,,,,,""
"2021-04-21","'3132D54Y5'","MBS","UMBS MORTPASS 2% 04/35","15yr",,,,,"24940886.91",,,,,,""
"2021-04-21","'3138W9G38'","MBS","UMBS MORTPASS 3.5% 08/43","30yr",,,,,"24929507.52",,,,,,""
"2021-04-21","'3132A5JX4'","MBS","UMBS MORTPASS 4% 07/48","30yr",,,,,"24905525.58",,,,,,""
"2021-04-21","'3140X5Y49'","MBS","UMBS MORTPASS 3.5% 02/50","30yr",,,,,"24878784.7",,,,,,""
"2021-04-21","'36179NJC3'","MBS","GNMA II 4.5% 07/43","30yr",,,,,"24865690.34",,,,,,""
"2021-04-21","'3133AFUH2'","MBS","UMBS MORTPASS 2% 02/51","30yr",,,,,"24863865.22",,,,,,""
"2021-04-21","'31418CUJ1'","MBS","UMBS MORTPASS 3.5% 02/33","15yr",,,,,"24862673.2",,,,,,""
"2021-04-21","'3133A46M3'","MBS","UMBS MORTPASS 2.5% 05/50","30yr",,,,,"24848876.84",,,,,,""
"2021-04-21","'3132A5JF3'","MBS","UMBS MORTPASS 3% 04/48","30yr",,,,,"24812630.17",,,,,,""
"2021-04-21","'3131Y1SB7'","MBS","UMBS MORTPASS 4% 06/48","30yr",,,,,"24809381.07",,,,,,""
"2021-04-21","'3140X7V97'","MBS","UMBS MORTPASS 1.5% 09/35","15yr",,,,,"24805938.41",,,,,,""
"2021-04-21","'3133A3V96'","MBS","UMBS MORTPASS 2.5% 04/50","30yr",,,,,"24746058.95",,,,,,""
"2021-04-21","'3140X64T5'","MBS","UMBS MORTPASS 2.5% 04/50","30yr",,,,,"24703817.31",,,,,,""
"2021-04-21","'3140K3KJ0'","MBS","UMBS MORTPASS 3% 01/50","30yr",,,,,"24688053.95",,,,,,""
"2021-04-21","'3132DMPG4'","MBS","UMBS MORTPASS 2% 08/50","30yr",,,,,"24649700.51",,,,,,""
"2021-04-21","'3140KYGT5'","MBS","UMBS MORTPASS 2.5% 11/50","30yr",,,,,"24634033.63",,,,,,""
"2021-04-21","'3131Y1RS1'","MBS","UMBS MORTPASS 4% 06/48","30yr",,,,,"24597325.43",,,,,,""
"2021-04-21","'3132ADWF1'","MBS","UMBS MORTPASS 4.5% 12/48","30yr",,,,,"24564822.01",,,,,,""
"2021-04-21","'3133A1YQ9'","MBS","UMBS MORTPASS 3% 02/50","30yr",,,,,"24557872.52",,,,,,""
"2021-04-21","'3140QDAU8'","MBS","UMBS MORTPASS 2.5% 03/50","30yr",,,,,"24527326.11",,,,,,""
"2021-04-21","'3133A0A95'","MBS","UMBS MORTPASS 2.5% 12/49","30yr",,,,,"24527235.32",,,,,,""
"2021-04-21","'3131Y16F2'","MBS","UMBS MORTPASS 4% 07/48","30yr",,,,,"24520737.73",,,,,,""
"2021-04-21","'3131Y1D72'","MBS","UMBS MORTPASS 4% 05/48","30yr",,,,,"24497450.81",,,,,,""
"2021-04-21","'3140HJHS3'","MBS","UMBS MORTPASS 4% 08/48","30yr",,,,,"24439668.82",,,,,,""
"2021-04-21","'3140L6PL2'","MBS","UMBS MORTPASS 2% 03/36","15yr",,,,,"24361122",,,,,,""
"2021-04-21","'3140QDNM2'","MBS","UMBS MORTPASS 2.5% 10/34","15yr",,,,,"24338870.1",,,,,,""
"2021-04-21","'31339SE92'","MBS","UMBS MORTPASS 3% 09/49","30yr",,,,,"24297279.03",,,,,,""
"2021-04-21","'3131YBNX2'","MBS","UMBS MORTPASS 3% 04/49","30yr",,,,,"24264621.55",,,,,,""
"2021-04-21","'3133AGAX7'","MBS","UMBS MORTPASS 1.5% 02/51","30yr",,,,,"24243979.11",,,,,,""
"2021-04-21","'3131Y1D98'","MBS","UMBS MORTPASS 4% 05/48","30yr",,,,,"24233008.68",,,,,,""
"2021-04-21","'3133ACBH0'","MBS","UMBS MORTPASS 2.5% 11/50","30yr",,,,,"24219476.53",,,,,,""
"2021-04-21","'31417DFV0'","MBS","UMBS MORTPASS 2.5% 10/27","15yr",,,,,"24103783.52",,,,,,""
"2021-04-21","'31418DH96'","MBS","UMBS MORTPASS 2% 11/34","15yr",,,,,"24091717.5",,,,,,""
"2021-04-21","'3140KGQQ9'","MBS","UMBS MORTPASS 2.5% 06/50","30yr",,,,,"24053889.23",,,,,,""
"2021-04-21","'3140K8RJ2'","MBS","UMBS MORTPASS 3% 03/50","30yr",,,,,"24012312.38",,,,,,""
"2021-04-21","'3133GCT51'","MBS","UMBS MORTPASS 1.5% 04/36","15yr",,,,,"24009628",,,,,,""
"2021-04-21","'3133L7ZA8'","MBS","UMBS MORTPASS 1.5% 11/35","15yr",,,,,"24006593.25",,,,,,""
"2021-04-21","'3132DV6J9'","MBS","UMBS MORTPASS 2% 05/50","30yr",,,,,"23918707.03",,,,,,""
"2021-04-21","'3128M8X90'","MBS","FHLMCGLD 4.5% 08/39","30yr",,,,,"23905338.81",,,,,,"Y"
"2021-04-21","'3133ABQK9'","MBS","UMBS MORTPASS 2% 11/50","30yr",,,,,"23904791.27",,,,,,""
"2021-04-21","'3140JQZZ9'","MBS","UMBS MORTPASS 3% 08/49","30yr",,,,,"23864259.95",,,,,,""
"2021-04-21","'3140KG3Q4'","MBS","UMBS MORTPASS 2.5% 07/50","30yr",,,,,"23834665.46",,,,,,""
"2021-04-21","'3132J9U97'","MBS","FHLMCGLD 3.5% 05/43","30yr",,,,,"23810912.21",,,,,,""
"2021-04-21","'36179NBC1'","MBS","GNMA II MORTPASS 4% 04/43","30yr",,,,,"23791904.57",,,,,,""
"2021-04-21","'31418CYF5'","MBS","UMBS MORTPASS 3% 07/33","15yr",,,,,"23752455.64",,,,,,""
"2021-04-21","'3140JAUE6'","MBS","UMBS MORTPASS 4% 05/49","30yr",,,,,"23750809.22",,,,,,""
"2021-04-21","'36241L6T8'","MBS","GNMA II 3.5% 05/42","30yr",,,,,"23733271.94",,,,,,""
"2021-04-21","'3140XAUP5'","MBS","UMBS MORTPASS 2.5% 04/51","30yr",,,,,"23728543",,,,,,""
"2021-04-21","'3132DV4B8'","MBS","UMBS MORTPASS 4% 10/49","30yr",,,,,"23723302.69",,,,,,""
"2021-04-21","'3140JSZ28'","MBS","UMBS MORTPASS 3.5% 05/49","30yr",,,,,"23721773.4",,,,,,""
"2021-04-21","'3140L7YY2'","MBS","UMBS MORTPASS 2.5% 03/51","30yr",,,,,"23714155.14",,,,,,""
"2021-04-21","'3140L7ZW5'","MBS","UMBS MORTPASS 2% 04/51","30yr",,,,,"23696115",,,,,,""
"2021-04-21","'3138EL5T6'","MBS","UMBS MORTPASS 2.5% 06/28","15yr",,,,,"23677026.51",,,,,,""
"2021-04-21","'3140X4P34'","MBS","UMBS MORTPASS 3% 08/49","30yr",,,,,"23674078.53",,,,,,""
"2021-04-21","'3140QBN87'","MBS","UMBS MORTPASS 3% 05/49","30yr",,,,,"23650917.85",,,,,,""
"2021-04-21","'3133A2XW5'","MBS","UMBS MORTPASS 2.5% 03/50","30yr",,,,,"23638176.2",,,,,,""
"2021-04-21","'31418DQZ8'","MBS","UMBS MORTPASS 2% 07/40","Other",,,,,"23605656.52",,,,,,""
"2021-04-21","'3140K8GA3'","MBS","UMBS MORTPASS 2.5% 03/50","30yr",,,,,"23593693.13",,,,,,""
"2021-04-21","'36179VSH4'","MBS","GNMA II MORTPASS 3% 08/50","30yr",,,,,"23590286.88",,,,,,""
"2021-04-21","'3133KLKJ5'","MBS","UMBS MORTPASS 2% 03/51","30yr",,,,,"23586488",,,,,,""
"2021-04-21","'3131X8QM1'","MBS","UMBS MORTPASS 2.5% 02/28","15yr",,,,,"23574034.98",,,,,,""
"2021-04-21","'3140HGST5'","MBS","UMBS MORTPASS 4% 03/48","30yr",,,,,"23514330.67",,,,,,""
"2021-04-21","'3128M8V43'","MBS","FHLMCGLD 5% 01/40","30yr",,,,,"23503304.57",,,,,,"Y"
"2021-04-21","'3140JPAF2'","MBS","UMBS MORTPASS 3% 05/49","30yr",,,,,"23501420.09",,,,,,""
"2021-04-21","'3140Q8MH5'","MBS","UMBS MORTPASS 4% 02/48","30yr",,,,,"23501302.08",,,,,,""
"2021-04-21","'3128M8QD9'","MBS","FHLMCGLD 5.5% 01/40","30yr",,,,,"23478060.19",,,,,,"Y"
"2021-04-21","'3140JWPD6'","MBS","UMBS MORTPASS 3% 09/34","15yr",,,,,"23454551.88",,,,,,""
"2021-04-21","'3140X4S31'","MBS","UMBS MORTPASS 4% 09/48","30yr",,,,,"23453674.48",,,,,,""
"2021-04-21","'3131Y7J32'","MBS","UMBS MORTPASS 4% 11/48","30yr",,,,,"23407700.54",,,,,,""
"2021-04-21","'3140QG4E4'","MBS","UMBS MORTPASS 1.5% 02/51","30yr",,,,,"23387183.52",,,,,,""
"2021-04-21","'3140KPWV1'","MBS","UMBS MORTPASS 2% 09/50","30yr",,,,,"23362800.1",,,,,,""
"2021-04-21","'3133AGU64'","MBS","UMBS MORTPASS 2% 03/51","30yr",,,,,"23354503",,,,,,""
"2021-04-21","'3140JR4C2'","MBS","UMBS MORTPASS 3% 06/49","30yr",,,,,"23344625.79",,,,,,""
"2021-04-21","'36202E7F0'","MBS","GNMA II MORTPASS 4% 07/39","30yr",,,,,"23329325.91",,,,,,""
"2021-04-21","'3132ADUE6'","MBS","UMBS MORTPASS 4% 11/48","30yr",,,,,"23290308.97",,,,,,""
"2021-04-21","'31417GWZ5'","MBS","UMBS MORTPASS 3% 06/43","30yr",,,,,"23269907.49",,,,,,""
"2021-04-21","'31418DU34'","MBS","UMBS MORTPASS 2% 12/30","Other",,,,,"23256516.34",,,,,,""
"2021-04-21","'3140QBQ84'","MBS","UMBS MORTPASS 3% 09/49","30yr",,,,,"23248389.84",,,,,,""
"2021-04-21","'3132A5J48'","MBS","UMBS MORTPASS 3% 07/48","30yr",,,,,"23245678.45",,,,,,""
"2021-04-21","'3140KDMX5'","MBS","UMBS MORTPASS 3% 05/50","30yr",,,,,"23225484.17",,,,,,""
"2021-04-21","'3132D53Z3'","MBS","UMBS MORTPASS 3% 11/34","15yr",,,,,"23128073.44",,,,,,""
"2021-04-21","'31418DGU0'","MBS","UMBS MORTPASS 2.5% 10/39","Other",,,,,"23088551.01",,,,,,""
"2021-04-21","'31335CJ47'","MBS","FHLMCGLD 4% 05/45","30yr",,,,,"23077887.65",,,,,,""
"2021-04-21","'31346YXG3'","MBS","UMBS MORTPASS 2.5% 12/49","30yr",,,,,"23058864.92",,,,,,""
"2021-04-21","'3133KGGR3'","MBS","UMBS MORTPASS 3.5% 07/49","30yr",,,,,"23050612.76",,,,,,""
"2021-04-21","'31418DCL4'","MBS","UMBS MORTPASS 2.5% 05/34","15yr",,,,,"23021487.59",,,,,,""
"2021-04-21","'36202E6C8'","MBS","GNMA II MORTPASS 4% 06/39","30yr",,,,,"23017859.7",,,,,,""
"2021-04-21","'3133KGLC0'","MBS","UMBS MORTPASS 3% 08/49","30yr",,,,,"22999792.98",,,,,,""
"2021-04-21","'3131YDD76'","MBS","UMBS MORTPASS 3% 05/34","15yr",,,,,"22997003.42",,,,,,""
"2021-04-21","'3131Y1HU7'","MBS","UMBS MORTPASS 4.5% 05/48","30yr",,,,,"22946625.75",,,,,,""
"2021-04-21","'3132ADW20'","MBS","UMBS MORTPASS 3% 12/33","15yr",,,,,"22883583.15",,,,,,""
"2021-04-21","'3140QBRA8'","MBS","UMBS MORTPASS 2.5% 09/49","30yr",,,,,"22879839.74",,,,,,""
"2021-04-21","'3140JWL32'","MBS","UMBS MORTPASS 3% 09/49","30yr",,,,,"22834476.41",,,,,,""
"2021-04-21","'3140KBXM1'","MBS","UMBS MORTPASS 3% 05/50","30yr",,,,,"22818667.19",,,,,,""
"2021-04-21","'3140KACC8'","MBS","UMBS MORTPASS 2.5% 05/50","30yr",,,,,"22813355.02",,,,,,""
"2021-04-21","'3140X4RR9'","MBS","UMBS MORTPASS 3% 08/34","15yr",,,,,"22754831.78",,,,,,""
"2021-04-21","'3133A0EE0'","MBS","UMBS MORTPASS 3.5% 12/49","30yr",,,,,"22720648.43",,,,,,""
"2021-04-21","'3140KLEB4'","MBS","UMBS MORTPASS 2.5% 07/50","30yr",,,,,"22714453.9",,,,,,""
"2021-04-21","'3133KHH25'","MBS","UMBS MORTPASS 3% 11/49","30yr",,,,,"22685638.68",,,,,,""
"2021-04-21","'3140H6FH7'","MBS","UMBS MORTPASS 3.5% 01/48","30yr",,,,,"22685562.83",,,,,,""
"2021-04-21","'3140X7ZY8'","MBS","UMBS MORTPASS 2% 08/50","30yr",,,,,"22672780.95",,,,,,""
"2021-04-21","'3140QBBK3'","MBS","UMBS MORTPASS 4% 06/49","30yr",,,,,"22671978.68",,,,,,""
"2021-04-21","'3131Y7LS4'","MBS","UMBS MORTPASS 4.5% 11/48","30yr",,,,,"22664078.68",,,,,,""
"2021-04-21","'31339SE27'","MBS","UMBS MORTPASS 3% 09/49","30yr",,,,,"22636224.54",,,,,,""
"2021-04-21","'31329Q5Q0'","MBS","UMBS MORTPASS 4% 06/49","30yr",,,,,"22562420.41",,,,,,""
"2021-04-21","'31418CZB3'","MBS","UMBS MORTPASS 3% 08/33","15yr",,,,,"22560447.81",,,,,,""
"2021-04-21","'31339SSM8'","MBS","UMBS MORTPASS 3% 10/49","30yr",,,,,"22549073.32",,,,,,""
"2021-04-21","'3140H1VW7'","MBS","UMBS MORTPASS 4.5% 03/48","30yr",,,,,"22526770.63",,,,,,""
"2021-04-21","'31418DA44'","MBS","UMBS MORTPASS 3% 03/49","30yr",,,,,"22511265.36",,,,,,""
"2021-04-21","'3133KHPC4'","MBS","UMBS MORTPASS 3.5% 01/48","30yr",,,,,"22480441.73",,,,,,""
"2021-04-21","'3140Q9QA4'","MBS","UMBS MORTPASS 4% 08/48","30yr",,,,,"22480081.23",,,,,,""
"2021-04-21","'3140L1YJ8'","MBS","UMBS MORTPASS 1.5% 02/51","30yr",,,,,"22474965.27",,,,,,""
"2021-04-21","'36179TJZ9'","MBS","GNMA II 4.5% 10/47","30yr",,,,,"22454763.37",,,,,,""
"2021-04-21","'3140K03G1'","MBS","UMBS MORTPASS 3% 11/49","30yr",,,,,"22448728.45",,,,,,""
"2021-04-21","'3133KLGZ4'","MBS","UMBS MORTPASS 1.5% 02/51","30yr",,,,,"22429523.98",,,,,,""
"2021-04-21","'3133AERZ9'","MBS","UMBS MORTPASS 2.5% 01/51","30yr",,,,,"22428985.09",,,,,,""
"2021-04-21","'3140KR7B9'","MBS","UMBS MORTPASS 2.5% 11/50","30yr",,,,,"22411065.63",,,,,,""
"2021-04-21","'3140KALW4'","MBS","UMBS MORTPASS 3% 03/50","30yr",,,,,"22397555.35",,,,,,""
"2021-04-21","'3140KQPT2'","MBS","UMBS MORTPASS 2% 10/50","30yr",,,,,"22385692.03",,,,,,""
"2021-04-21","'3133AC4P0'","MBS","UMBS MORTPASS 2.5% 12/50","30yr",,,,,"22369243.78",,,,,,""
"2021-04-21","'3140K8SH5'","MBS","UMBS MORTPASS 3% 03/50","30yr",,,,,"22345131.67",,,,,,""
"2021-04-21","'3133G92H1'","MBS","UMBS MORTPASS 2% 09/35","15yr",,,,,"22335987.55",,,,,,""
"2021-04-21","'3132DMJT3'","MBS","UMBS MORTPASS 4% 12/43","30yr",,,,,"22272150.24",,,,,,""
"2021-04-21","'31346Y2X0'","MBS","UMBS MORTPASS 2.5% 12/49","30yr",,,,,"22245267.14",,,,,,""
"2021-04-21","'3133A4Z66'","MBS","UMBS MORTPASS 3% 05/50","30yr",,,,,"22192298.44",,,,,,""
"2021-04-21","'3140L3QA2'","MBS","UMBS MORTPASS 1.5% 04/36","15yr",,,,,"22182436",,,,,,""
"2021-04-21","'31418CR89'","MBS","UMBS MORTPASS 3.5% 12/47","30yr",,,,,"22108883.08",,,,,,""
"2021-04-21","'3132DMHZ1'","MBS","UMBS MORTPASS 4.5% 01/49","30yr",,,,,"22105288.54",,,,,,""
"2021-04-21","'3132DMJY2'","MBS","UMBS MORTPASS 4% 02/47","30yr",,,,,"22095275.31",,,,,,""
"2021-04-21","'3140KPR96'","MBS","UMBS MORTPASS 2% 09/50","30yr",,,,,"22083073.06",,,,,,""
"2021-04-21","'3140JG4D4'","MBS","UMBS MORTPASS 2.5% 04/50","30yr",,,,,"22070787.29",,,,,,""
"2021-04-21","'3133ABKH2'","MBS","UMBS MORTPASS 2% 10/50","30yr",,,,,"22052369.74",,,,,,""
"2021-04-21","'3138MD2S0'","MBS","UMBS MORTPASS 2.5% 10/27","15yr",,,,,"22033615.69",,,,,,""
"2021-04-21","'3140KCEH1'","MBS","UMBS MORTPASS 2.5% 04/50","30yr",,,,,"22012802.39",,,,,,""
"2021-04-21","'3128MC2T1'","MBS","FHLMCGLD 4% 10/24","15yr",,,,,"22009913.65",,,,,,"Y"
"2021-04-21","'3140K9NB1'","MBS","UMBS MORTPASS 2.5% 03/50","30yr",,,,,"21984949.15",,,,,,""
"2021-04-21","'3133KJE65'","MBS","UMBS MORTPASS 2.5% 06/50","30yr",,,,,"21978246.09",,,,,,""
"2021-04-21","'3140K8MF5'","MBS","UMBS MORTPASS 3% 01/50","30yr",,,,,"21967030.7",,,,,,""
"2021-04-21","'3133ABL57'","MBS","UMBS MORTPASS 2% 10/50","30yr",,,,,"21957737.37",,,,,,""
"2021-04-21","'3140KE6W3'","MBS","UMBS MORTPASS 2.5% 06/50","30yr",,,,,"21957427.67",,,,,,""
"2021-04-21","'31329PBQ5'","MBS","UMBS MORTPASS 3.5% 05/48","30yr",,,,,"21935232.11",,,,,,""
"2021-04-21","'3140J9GN5'","MBS","UMBS MORTPASS 3.5% 09/48","30yr",,,,,"21904021.73",,,,,,""
"2021-04-21","'3128MMVX8'","MBS","FHLMCGLD 2% 01/32","15yr",,,,,"21876250.96",,,,,,""
"2021-04-21","'3140H6C49'","MBS","UMBS MORTPASS 3.5% 02/48","30yr",,,,,"21818061.74",,,,,,""
"2021-04-21","'3132CJAW3'","MBS","UMBS MORTPASS 2.5% 02/30","Other",,,,,"21814470.75",,,,,,""
"2021-04-21","'3140K3KY7'","MBS","UMBS MORTPASS 3.5% 01/50","30yr",,,,,"21812912.96",,,,,,""
"2021-04-21","'3140JXLD8'","MBS","UMBS MORTPASS 3% 10/49","30yr",,,,,"21810634.52",,,,,,""
"2021-04-21","'31339SQJ7'","MBS","UMBS MORTPASS 3% 10/49","30yr",,,,,"21799038.02",,,,,,""
"2021-04-21","'3128MMYK3'","MBS","FHLMCGLD 3.5% 11/33","15yr",,,,,"21787889.9",,,,,,""
"2021-04-21","'31329Q2K6'","MBS","UMBS MORTPASS 3.5% 06/39","Other",,,,,"21743345.21",,,,,,""
"2021-04-21","'3138EGG99'","MBS","UMBS MORTPASS 5% 06/40","30yr",,,,,"21726016.4",,,,,,"Y"
"2021-04-21","'3133AFHW4'","MBS","UMBS MORTPASS 1.5% 01/51","30yr",,,,,"21708861.95",,,,,,""
"2021-04-21","'3140Q8Q73'","MBS","UMBS MORTPASS 3.5% 03/48","30yr",,,,,"21701043.58",,,,,,""
"2021-04-21","'3140JUVN1'","MBS","UMBS MORTPASS 3.5% 06/49","30yr",,,,,"21698655.21",,,,,,""
"2021-04-21","'3140KMPU8'","MBS","UMBS MORTPASS 1.5% 11/50","30yr",,,,,"21650288.25",,,,,,""
"2021-04-21","'3140QHRH0'","MBS","UMBS MORTPASS 2.5% 01/51","30yr",,,,,"21590190",,,,,,""
"2021-04-21","'3133A8NU7'","MBS","UMBS MORTPASS 2.5% 08/50","30yr",,,,,"21582740.8",,,,,,""
"2021-04-21","'3140KFFU4'","MBS","UMBS MORTPASS 2% 09/35","15yr",,,,,"21564647.02",,,,,,""
"2021-04-21","'3128M8WK6'","MBS","FHLMCGLD 5.5% 04/39","30yr",,,,,"21562889.48",,,,,,"Y"
"2021-04-21","'3133AD6J0'","MBS","UMBS MORTPASS 2.5% 12/50","30yr",,,,,"21536994.61",,,,,,""
"2021-04-21","'3140K14G8'","MBS","UMBS MORTPASS 3% 12/49","30yr",,,,,"21521687.88",,,,,,""
"2021-04-21","'3132JAPU3'","MBS","FHLMCGLD 3.5% 06/43","30yr",,,,,"21505423.77",,,,,,""
"2021-04-21","'3140JVKU5'","MBS","UMBS MORTPASS 3.5% 06/49","30yr",,,,,"21443561.26",,,,,,""
"2021-04-21","'3140QHJB2'","MBS","UMBS MORTPASS 1.5% 02/51","30yr",,,,,"21432228.92",,,,,,""
"2021-04-21","'3140HFPV5'","MBS","UMBS MORTPASS 2% 04/35","15yr",,,,,"21420544.24",,,,,,""
"2021-04-21","'3128MMWG4'","MBS","FHLMCGLD 2.5% 06/32","15yr",,,,,"21417005.95",,,,,,""
"2021-04-21","'36179RTA7'","MBS","GNMA II MORTPASS 4% 11/45","30yr",,,,,"21349533.82",,,,,,""
"2021-04-21","'3128MMVF7'","MBS","FHLMCGLD 2% 10/31","15yr",,,,,"21318710.28",,,,,,""
"2021-04-21","'3140KJBP1'","MBS","UMBS MORTPASS 2.5% 07/50","30yr",,,,,"21318253.13",,,,,,""
"2021-04-21","'3140KHX89'","MBS","UMBS MORTPASS 2% 07/50","30yr",,,,,"21305395.54",,,,,,""
"2021-04-21","'3133AG4Y2'","MBS","UMBS MORTPASS 2% 03/51","30yr",,,,,"21280123",,,,,,""
"2021-04-21","'3133A4CF1'","MBS","UMBS MORTPASS 3% 04/50","30yr",,,,,"21249597.81",,,,,,""
"2021-04-21","'3131Y16W5'","MBS","UMBS MORTPASS 4% 07/48","30yr",,,,,"21193168.42",,,,,,""
"2021-04-21","'3138X0ZU5'","MBS","UMBS MORTPASS 2% 07/28","15yr",,,,,"21189360.2",,,,,,""
"2021-04-21","'3131Y2SS8'","MBS","UMBS MORTPASS 3.5% 08/48","30yr",,,,,"21176750.08",,,,,,""
"2021-04-21","'3133A84Q7'","MBS","UMBS MORTPASS 2.5% 08/50","30yr",,,,,"21168960.07",,,,,,""
"2021-04-21","'3128MMYG2'","MBS","FHLMCGLD 3.5% 10/33","15yr",,,,,"21142596.03",,,,,,""
"2021-04-21","'3140KAL87'","MBS","UMBS MORTPASS 2.5% 03/50","30yr",,,,,"21085199.51",,,,,,""
"2021-04-21","'3132CWAV6'","MBS","UMBS MORTPASS 3% 07/34","15yr",,,,,"21041989.25",,,,,,""
"2021-04-21","'3132CWDJ0'","MBS","UMBS MORTPASS 2.5% 10/34","15yr",,,,,"20976362.96",,,,,,""
"2021-04-21","'3133AJE74'","MBS","UMBS MORTPASS 2% 03/51","30yr",,,,,"20971338",,,,,,""
"2021-04-21","'31346YFZ1'","MBS","UMBS MORTPASS 3.5% 11/49","30yr",,,,,"20962458.78",,,,,,""
"2021-04-21","'3132D6AC4'","MBS","UMBS MORTPASS 2% 05/36","15yr",,,,,"20932961",,,,,,""
"2021-04-21","'3140L4HD4'","MBS","UMBS MORTPASS 2% 03/51","30yr",,,,,"20923379",,,,,,""
"2021-04-21","'3140X4UY0'","MBS","UMBS MORTPASS 3.5% 09/49","30yr",,,,,"20859865.65",,,,,,""
"2021-04-21","'3133KHVU7'","MBS","UMBS MORTPASS 3.5% 01/50","30yr",,,,,"20851768.95",,,,,,""
"2021-04-21","'31418C7K4'","MBS","UMBS MORTPASS 3.5% 02/49","30yr",,,,,"20845321.82",,,,,,""
"2021-04-21","'3133KGP44'","MBS","UMBS MORTPASS 3% 09/49","30yr",,,,,"20844627.72",,,,,,""
"2021-04-21","'31334XE62'","MBS","UMBS MORTPASS 3.5% 07/49","30yr",,,,,"20835605.93",,,,,,""
"2021-04-21","'31307UR42'","MBS","FHLMCGLD 2.5% 10/32","15yr",,,,,"20827058.08",,,,,,""
"2021-04-21","'3140JVS37'","MBS","UMBS MORTPASS 3.5% 10/49","30yr",,,,,"20811843.08",,,,,,""
"2021-04-21","'3132A5JN6'","MBS","UMBS MORTPASS 4% 05/48","30yr",,,,,"20785204.38",,,,,,""
"2021-04-21","'3133AJ6T5'","MBS","UMBS MORTPASS 2.5% 04/51","30yr",,,,,"20782013",,,,,,""
"2021-04-21","'3133KHSP2'","MBS","UMBS MORTPASS 2.5% 03/50","30yr",,,,,"20767984.77",,,,,,""
"2021-04-21","'3133A5BN2'","MBS","UMBS MORTPASS 2.5% 06/50","30yr",,,,,"20766486.47",,,,,,""
"2021-04-21","'3140HBG36'","MBS","UMBS MORTPASS 4.5% 06/48","30yr",,,,,"20725797.84",,,,,,""
"2021-04-21","'3140QFU31'","MBS","UMBS MORTPASS 2.5% 05/50","30yr",,,,,"20701322.67",,,,,,""
"2021-04-21","'3140HLTD8'","MBS","UMBS MORTPASS 4% 06/48","30yr",,,,,"20684089.02",,,,,,""
"2021-04-21","'3132L5AW3'","MBS","FHLMCGLD 3% 04/43","30yr",,,,,"20668975.02",,,,,,""
"2021-04-21","'3140HF2V0'","MBS","UMBS MORTPASS 2% 05/50","30yr",,,,,"20664743.62",,,,,,""
"2021-04-21","'3138ETXF8'","MBS","UMBS MORTPASS 2.5% 07/31","15yr",,,,,"20636948.06",,,,,,""
"2021-04-21","'3140L3UY5'","MBS","UMBS MORTPASS 1.5% 02/51","30yr",,,,,"20632819",,,,,,""
"2021-04-21","'3131X8DG8'","MBS","UMBS MORTPASS 2.5% 11/27","15yr",,,,,"20628736.66",,,,,,""
"2021-04-21","'31418DKV3'","MBS","UMBS MORTPASS 4% 01/50","30yr",,,,,"20607282.84",,,,,,""
"2021-04-21","'3140K1AR7'","MBS","UMBS MORTPASS 3% 10/49","30yr",,,,,"20559993.74",,,,,,""
"2021-04-21","'3138NYVY8'","MBS","UMBS MORTPASS 3.5% 01/43","30yr",,,,,"20555065.78",,,,,,""
"2021-04-21","'3132JM2B4'","MBS","FHLMCGLD 3.5% 08/43","30yr",,,,,"20524159.18",,,,,,""
"2021-04-21","'3138WEWM7'","MBS","UMBS MORTPASS 2.5% 06/30","15yr",,,,,"20475720.87",,,,,,""
"2021-04-21","'3140JXKA5'","MBS","UMBS MORTPASS 3% 09/49","30yr",,,,,"20452459.6",,,,,,""
"2021-04-21","'3133GAVD5'","MBS","UMBS MORTPASS 1.5% 11/35","15yr",,,,,"20447158.25",,,,,,""
"2021-04-21","'3140HFK73'","MBS","UMBS MORTPASS 3% 03/50","30yr",,,,,"20353077.75",,,,,,""
"2021-04-21","'3140JATK4'","MBS","UMBS MORTPASS 3% 06/49","30yr",,,,,"20271557.09",,,,,,""
"2021-04-21","'3140HGKB2'","MBS","UMBS MORTPASS 2% 09/35","15yr",,,,,"20244137.65",,,,,,""
"2021-04-21","'3140KCP55'","MBS","UMBS MORTPASS 3% 05/50","30yr",,,,,"20226719.06",,,,,,""
"2021-04-21","'3140QAJE1'","MBS","UMBS MORTPASS 4.5% 01/49","30yr",,,,,"20226031.41",,,,,,""
"2021-04-21","'36202FX92'","MBS","GNMA II 4.5% 10/41","30yr",,,,,"20219451.66",,,,,,""
"2021-04-21","'3140KFMK8'","MBS","UMBS MORTPASS 2.5% 11/50","30yr",,,,,"20162175.22",,,,,,""
"2021-04-21","'3140K4AH3'","MBS","UMBS MORTPASS 3.5% 11/49","30yr",,,,,"20136415.54",,,,,,""
"2021-04-21","'31334WLR0'","MBS","UMBS MORTPASS 3% 06/49","30yr",,,,,"20097673.6",,,,,,""
"2021-04-21","'3131Y3XG6'","MBS","UMBS MORTPASS 4% 10/48","30yr",,,,,"20078705.78",,,,,,""
"2021-04-21","'3140QBB72'","MBS","UMBS MORTPASS 3.5% 06/49","30yr",,,,,"20070452.39",,,,,,""
"2021-04-21","'31292L5J0'","MBS","FHLMCGLD 3% 01/43","30yr",,,,,"20023795.92",,,,,,""
"2021-04-21","'3140K2KW3'","MBS","UMBS MORTPASS 1.5% 04/36","15yr",,,,,"20021498.48",,,,,,""
"2021-04-21","'3140KQU25'","MBS","UMBS MORTPASS 2.5% 10/50","30yr",,,,,"20003463.66",,,,,,""
"2021-04-21","'36179MAZ3'","MBS","GNMA II 4.5% 04/42","30yr",,,,,"19996050.72",,,,,,""
"2021-04-21","'3140X5F24'","MBS","UMBS MORTPASS 4% 08/49","30yr",,,,,"19989105.59",,,,,,""
"2021-04-21","'36179UN81'","MBS","GNMA II MORTPASS 3% 03/49","30yr",,,,,"19972362.84",,,,,,""
"2021-04-21","'31418CVD3'","MBS","UMBS MORTPASS 2.5% 03/33","15yr",,,,,"19945857.02",,,,,,""
"2021-04-21","'3140L5GC4'","MBS","UMBS MORTPASS 2% 03/51","30yr",,,,,"19922192.67",,,,,,""
"2021-04-21","'31418DCB6'","MBS","UMBS MORTPASS 4.5% 05/49","30yr",,,,,"19913775.76",,,,,,""
"2021-04-21","'3131Y2RN0'","MBS","UMBS MORTPASS 4% 08/48","30yr",,,,,"19846412.34",,,,,,""
"2021-04-21","'3140X5B51'","MBS","UMBS MORTPASS 3% 10/49","30yr",,,,,"19838842.84",,,,,,""
"2021-04-21","'3140X5C84'","MBS","UMBS MORTPASS 3% 06/34","15yr",,,,,"19828031.18",,,,,,""
"2021-04-21","'3132DMSY2'","MBS","UMBS MORTPASS 1.5% 02/51","30yr",,,,,"19804296.07",,,,,,""
"2021-04-21","'3140Q9QC0'","MBS","UMBS MORTPASS 4% 08/48","30yr",,,,,"19767101.02",,,,,,""
"2021-04-21","'3140K7C84'","MBS","UMBS MORTPASS 3% 12/49","30yr",,,,,"19752457.89",,,,,,""
"2021-04-21","'3131Y8AW5'","MBS","UMBS MORTPASS 4% 12/48","30yr",,,,,"19729800.77",,,,,,""
"2021-04-21","'3140JPZG3'","MBS","UMBS MORTPASS 3% 06/49","30yr",,,,,"19728713.93",,,,,,""
"2021-04-21","'3140K8SL6'","MBS","UMBS MORTPASS 3% 03/50","30yr",,,,,"19712422.43",,,,,,""
"2021-04-21","'3128MMWD1'","MBS","FHLMCGLD 2.5% 05/32","15yr",,,,,"19697147.2",,,,,,""
"2021-04-21","'3140QEY89'","MBS","UMBS MORTPASS 2.5% 09/45","30yr",,,,,"19657275.98",,,,,,""
"2021-04-21","'3133A4YF7'","MBS","UMBS MORTPASS 3% 05/50","30yr",,,,,"19649861.57",,,,,,""
"2021-04-21","'3132A7LS8'","MBS","UMBS MORTPASS 2% 01/28","15yr",,,,,"19630130.46",,,,,,""
"2021-04-21","'31339STG0'","MBS","UMBS MORTPASS 3% 10/49","30yr",,,,,"19626948.52",,,,,,""
"2021-04-21","'3140L8N97'","MBS","UMBS MORTPASS 2.5% 04/51","30yr",,,,,"19619492",,,,,,""
"2021-04-21","'3138EGNV2'","MBS","UMBS MORTPASS 5.5% 11/39","30yr",,,,,"19615190.96",,,,,,"Y"
"2021-04-21","'3140KMXY1'","MBS","UMBS MORTPASS 2% 09/50","30yr",,,,,"19604591.66",,,,,,""
"2021-04-21","'3622A2S37'","MBS","GNMA II 3.5% 03/46","30yr",,,,,"19604163.32",,,,,,""
"2021-04-21","'3133KHPL4'","MBS","UMBS MORTPASS 3% 02/48","30yr",,,,,"19570298.24",,,,,,""
"2021-04-21","'31418CCN2'","MBS","UMBS MORTPASS 2.5% 10/26","Other",,,,,"19563244.44",,,,,,""
"2021-04-21","'31329PTM5'","MBS","UMBS MORTPASS 4.5% 11/48","30yr",,,,,"19556850.13",,,,,,""
"2021-04-21","'3140KABG0'","MBS","UMBS MORTPASS 2% 05/35","15yr",,,,,"19484450.11",,,,,,""
"2021-04-21","'3133ACDJ4'","MBS","UMBS MORTPASS 2.5% 11/50","30yr",,,,,"19425777.53",,,,,,""
"2021-04-21","'3133L7RY5'","MBS","UMBS MORTPASS 2.5% 02/28","15yr",,,,,"19410376.82",,,,,,""
"2021-04-21","'3132A9US4'","MBS","UMBS MORTPASS 3% 04/33","15yr",,,,,"19403058.49",,,,,,""
"2021-04-21","'3133HMBW8'","MBS","UMBS MORTPASS 2.5% 01/30","Other",,,,,"19402959.33",,,,,,""
"2021-04-21","'31418CTG9'","MBS","UMBS MORTPASS 3% 01/28","Other",,,,,"19386061.27",,,,,,""
"2021-04-21","'3131Y8GY5'","MBS","UMBS MORTPASS 4.5% 12/48","30yr",,,,,"19385221.78",,,,,,""
"2021-04-21","'3140HNYR7'","MBS","UMBS MORTPASS 4% 08/48","30yr",,,,,"19376264.97",,,,,,""
"2021-04-21","'3140KDHA1'","MBS","UMBS MORTPASS 3% 06/50","30yr",,,,,"19354137.9",,,,,,""
"2021-04-21","'3138EHCP5'","MBS","UMBS MORTPASS 4.5% 04/25","15yr",,,,,"19298706.37",,,,,,"Y"
"2021-04-21","'3133A04P6'","MBS","UMBS MORTPASS 3% 01/50","30yr",,,,,"19263508.51",,,,,,""
"2021-04-21","'3133AA4Y5'","MBS","UMBS MORTPASS 2.5% 10/50","30yr",,,,,"19232360.2",,,,,,""
"2021-04-21","'3138EHA44'","MBS","UMBS MORTPASS 4% 04/24","15yr",,,,,"19219323.95",,,,,,"Y"
"2021-04-21","'3132AENT9'","MBS","UMBS MORTPASS 4.5% 12/48","30yr",,,,,"19205832.2",,,,,,""
"2021-04-21","'36202FVF0'","MBS","GNMA II MORTPASS 4% 07/41","30yr",,,,,"19202072.3",,,,,,""
"2021-04-21","'3140KXEE2'","MBS","UMBS MORTPASS 2% 12/35","15yr",,,,,"19198705.26",,,,,,""
"2021-04-21","'31334WG70'","MBS","UMBS MORTPASS 3.5% 06/49","30yr",,,,,"19195429.28",,,,,,""
"2021-04-21","'3132D53M2'","MBS","UMBS MORTPASS 2.5% 07/34","15yr",,,,,"19173605.74",,,,,,""
"2021-04-21","'3140JUVQ4'","MBS","UMBS MORTPASS 3% 06/49","30yr",,,,,"19160695.87",,,,,,""
"2021-04-21","'3140HJJY8'","MBS","UMBS MORTPASS 3.5% 08/48","30yr",,,,,"19148209.95",,,,,,""
"2021-04-21","'3140KMGV6'","MBS","UMBS MORTPASS 2% 09/35","15yr",,,,,"19122053.57",,,,,,""
"2021-04-21","'3133A4JS6'","MBS","UMBS MORTPASS 3% 05/50","30yr",,,,,"19112619.16",,,,,,""
"2021-04-21","'3140JWAZ3'","MBS","UMBS MORTPASS 3% 07/34","15yr",,,,,"19103503.79",,,,,,""
"2021-04-21","'3140HDEP5'","MBS","UMBS MORTPASS 4% 02/48","30yr",,,,,"19094373.13",,,,,,""
"2021-04-21","'3138E7TT1'","MBS","UMBS MORTPASS 3% 02/27","15yr",,,,,"19073288.81",,,,,,""
"2021-04-21","'3622A2NQ1'","MBS","GNMA II 3.5% 04/45","30yr",,,,,"19057495.93",,,,,,""
"2021-04-21","'3131Y9QB2'","MBS","UMBS MORTPASS 4% 02/49","30yr",,,,,"19057227.2",,,,,,""
"2021-04-21","'3140JRFE6'","MBS","UMBS MORTPASS 3.5% 05/49","30yr",,,,,"19051128.29",,,,,,""
"2021-04-21","'3140QAHU7'","MBS","UMBS MORTPASS 4% 06/48","30yr",,,,,"19050722.8",,,,,,""
"2021-04-21","'3138EHA69'","MBS","UMBS MORTPASS 5% 06/39","30yr",,,,,"19048646.56",,,,,,"Y"
"2021-04-21","'31329QWD9'","MBS","UMBS MORTPASS 3.5% 05/49","30yr",,,,,"19046042.41",,,,,,""
"2021-04-21","'3140QAVB3'","MBS","UMBS MORTPASS 3.5% 04/49","30yr",,,,,"19038387.14",,,,,,""
"2021-04-21","'3133KG2B3'","MBS","UMBS MORTPASS 4% 02/49","30yr",,,,,"19032742.68",,,,,,""
"2021-04-21","'3140K8RT0'","MBS","UMBS MORTPASS 2.5% 03/35","15yr",,,,,"19030842.66",,,,,,""
"2021-04-21","'3140KFD69'","MBS","UMBS MORTPASS 2% 08/35","15yr",,,,,"19021194.65",,,,,,""
"2021-04-21","'3140H4UL6'","MBS","UMBS MORTPASS 3.5% 11/47","30yr",,,,,"18993861",,,,,,""
"2021-04-21","'3131Y2CD8'","MBS","UMBS MORTPASS 4% 07/48","30yr",,,,,"18985205.2",,,,,,""
"2021-04-21","'3131YCTL0'","MBS","UMBS MORTPASS 3.5% 05/49","30yr",,,,,"18943788.3",,,,,,""
"2021-04-21","'3131Y1JL5'","MBS","UMBS MORTPASS 4% 05/48","30yr",,,,,"18935280.16",,,,,,""
"2021-04-21","'3133AAC59'","MBS","UMBS MORTPASS 2.5% 09/50","30yr",,,,,"18934052.4",,,,,,""
"2021-04-21","'3133G97C7'","MBS","UMBS MORTPASS 2% 09/35","15yr",,,,,"18917737.48",,,,,,""
"2021-04-21","'3140QCMN3'","MBS","UMBS MORTPASS 3% 12/49","30yr",,,,,"18913589.46",,,,,,""
"2021-04-21","'3140HAZ86'","MBS","UMBS MORTPASS 3.5% 02/48","30yr",,,,,"18901825.8",,,,,,""
"2021-04-21","'3140KFP33'","MBS","UMBS MORTPASS 2% 11/35","15yr",,,,,"18866668.12",,,,,,""
"2021-04-21","'3133G9MW6'","MBS","UMBS MORTPASS 2% 08/35","15yr",,,,,"18849661.34",,,,,,""
"2021-04-21","'3140L7Y48'","MBS","UMBS MORTPASS 1.5% 03/51","30yr",,,,,"18832694.71",,,,,,""
"2021-04-21","'3133A83Z8'","MBS","UMBS MORTPASS 2% 08/50","30yr",,,,,"18819992.72",,,,,,""
"2021-04-21","'31418CHR8'","MBS","UMBS MORTPASS 3% 03/27","Other",,,,,"18816018.47",,,,,,""
"2021-04-21","'3133G6GJ8'","MBS","UMBS MORTPASS 3% 07/34","15yr",,,,,"18781282.55",,,,,,""
"2021-04-21","'3140J9NL1'","MBS","UMBS MORTPASS 4.5% 11/48","30yr",,,,,"18780553.29",,,,,,""
"2021-04-21","'3133KH3C8'","MBS","UMBS MORTPASS 2.5% 05/50","30yr",,,,,"18723979.38",,,,,,""
"2021-04-21","'36202FEH5'","MBS","GNMA II 4.5% 02/40","30yr",,,,,"18705333.25",,,,,,""
"2021-04-21","'31329QNX5'","MBS","UMBS MORTPASS 3.5% 04/49","30yr",,,,,"18683525.21",,,,,,""
"2021-04-21","'3133GATZ9'","MBS","UMBS MORTPASS 2% 12/35","15yr",,,,,"18665002.25",,,,,,""
"2021-04-21","'3128M8HY3'","MBS","FHLMCGLD 5% 08/35","30yr",,,,,"18652851.83",,,,,,"Y"
"2021-04-21","'3133A27K0'","MBS","UMBS MORTPASS 3% 03/50","30yr",,,,,"18650230.3",,,,,,""
"2021-04-21","'3140JSBU2'","MBS","UMBS MORTPASS 2.5% 03/51","30yr",,,,,"18649499",,,,,,""
"2021-04-21","'3133AJGG2'","MBS","UMBS MORTPASS 2% 03/51","30yr",,,,,"18598936",,,,,,""
"2021-04-21","'3133A6N64'","MBS","UMBS MORTPASS 2.5% 06/50","30yr",,,,,"18553626.19",,,,,,""
"2021-04-21","'3132AD3U0'","MBS","UMBS MORTPASS 4.5% 02/49","30yr",,,,,"18531129.57",,,,,,""
"2021-04-21","'31418DNU2'","MBS","UMBS MORTPASS 2% 03/50","30yr",,,,,"18507963.05",,,,,,""
"2021-04-21","'36179R7K9'","MBS","GNMA II MORTPASS 4% 04/46","30yr",,,,,"18489784.84",,,,,,""
"2021-04-21","'3133AG2M0'","MBS","UMBS MORTPASS 1.5% 03/51","30yr",,,,,"18486054",,,,,,""
"2021-04-21","'3140QBJW9'","MBS","UMBS MORTPASS 3.5% 07/49","30yr",,,,,"18465771.74",,,,,,""
"2021-04-21","'3140HP2E6'","MBS","UMBS MORTPASS 4% 09/48","30yr",,,,,"18461283.4",,,,,,""
"2021-04-21","'3133KHJR8'","MBS","UMBS MORTPASS 3.5% 10/49","30yr",,,,,"18457200.1",,,,,,""
"2021-04-21","'3622A2NX6'","MBS","GNMA II 3.5% 04/45","30yr",,,,,"18442711.31",,,,,,""
"2021-04-21","'3140JVDS8'","MBS","UMBS MORTPASS 3.5% 08/49","30yr",,,,,"18425070.55",,,,,,""
"2021-04-21","'3140QD4K7'","MBS","UMBS MORTPASS 2.5% 12/34","15yr",,,,,"18377354.78",,,,,,""
"2021-04-21","'3133G9N39'","MBS","UMBS MORTPASS 2% 08/35","15yr",,,,,"18370639.59",,,,,,""
"2021-04-21","'3140JXNY0'","MBS","UMBS MORTPASS 3% 10/49","30yr",,,,,"18367002.2",,,,,,""
"2021-04-21","'3140X8F36'","MBS","UMBS MORTPASS 2% 10/35","15yr",,,,,"18356074.85",,,,,,""
"2021-04-21","'3140KMGM6'","MBS","UMBS MORTPASS 2% 09/35","15yr",,,,,"18346601.17",,,,,,""
"2021-04-21","'31307SK36'","MBS","FHLMCGLD 2% 11/31","15yr",,,,,"18322694.09",,,,,,""
"2021-04-21","'3133A4YZ3'","MBS","UMBS MORTPASS 3% 05/50","30yr",,,,,"18311543.76",,,,,,""
"2021-04-21","'3133KYR27'","MBS","UMBS MORTPASS 3% 07/39","Other",,,,,"18266107.15",,,,,,""
"2021-04-21","'3138EGFR0'","MBS","UMBS MORTPASS 5.5% 04/40","30yr",,,,,"18265610.39",,,,,,"Y"
"2021-04-21","'3131Y8ZT5'","MBS","UMBS MORTPASS 4% 01/49","30yr",,,,,"18254741.91",,,,,,""
"2021-04-21","'31329QC82'","MBS","UMBS MORTPASS 4.5% 02/49","30yr",,,,,"18239039.81",,,,,,""
"2021-04-21","'36179NDS4'","MBS","GNMA II MORTPASS 4% 05/43","30yr",,,,,"18229048.29",,,,,,""
"2021-04-21","'3133KJAH5'","MBS","UMBS MORTPASS 3.5% 02/50","30yr",,,,,"18228604.21",,,,,,""
"2021-04-21","'3140KB2P8'","MBS","UMBS MORTPASS 3% 04/50","30yr",,,,,"18222282.67",,,,,,""
"2021-04-21","'31334YLB1'","MBS","UMBS MORTPASS 3% 09/49","30yr",,,,,"18207640.57",,,,,,""
"2021-04-21","'3140K8PY1'","MBS","UMBS MORTPASS 3% 03/50","30yr",,,,,"18199908.94",,,,,,""
"2021-04-21","'3140KQUG4'","MBS","UMBS MORTPASS 2% 10/50","30yr",,,,,"18197116.03",,,,,,""
"2021-04-21","'3140Q9XC2'","MBS","UMBS MORTPASS 4% 07/48","30yr",,,,,"18155137.49",,,,,,""
"2021-04-21","'31418C2A1'","MBS","UMBS MORTPASS 4.5% 09/48","30yr",,,,,"18145087.47",,,,,,""
"2021-04-21","'3132DV4L6'","MBS","UMBS MORTPASS 4.5% 11/49","30yr",,,,,"18110631.95",,,,,,""
"2021-04-21","'3140KBRT3'","MBS","UMBS MORTPASS 2.5% 06/50","30yr",,,,,"18096915.52",,,,,,""
"2021-04-21","'3140KF6Y6'","MBS","UMBS MORTPASS 2% 08/50","30yr",,,,,"18076166.6",,,,,,""
"2021-04-21","'31418CS47'","MBS","UMBS MORTPASS 3.5% 01/48","30yr",,,,,"18069155.33",,,,,,""
"2021-04-21","'3140KMGK0'","MBS","UMBS MORTPASS 1.5% 09/35","15yr",,,,,"18059439.62",,,,,,""
"2021-04-21","'3132CWP40'","MBS","UMBS MORTPASS 2% 11/35","15yr",,,,,"18058592.34",,,,,,""
"2021-04-21","'3140KRN62'","MBS","UMBS MORTPASS 2% 11/35","15yr",,,,,"18041184.73",,,,,,""
"2021-04-21","'3133KGKR8'","MBS","UMBS MORTPASS 4% 08/49","30yr",,,,,"18020422.16",,,,,,""
"2021-04-21","'3140X9HR9'","MBS","UMBS MORTPASS 1.5% 01/51","30yr",,,,,"18015971.03",,,,,,""
"2021-04-21","'3140H1WJ5'","MBS","UMBS MORTPASS 3.5% 03/48","30yr",,,,,"18008522.17",,,,,,""
"2021-04-21","'31339UA67'","MBS","UMBS MORTPASS 3% 10/49","30yr",,,,,"18000287.51",,,,,,""
"2021-04-21","'3133ACLE6'","MBS","UMBS MORTPASS 2% 10/50","30yr",,,,,"17995537.98",,,,,,""
"2021-04-21","'31418DDE9'","MBS","UMBS MORTPASS 3.5% 07/29","Other",,,,,"17971300.58",,,,,,""
"2021-04-21","'36179UKW1'","MBS","GNMA II 3.5% 01/49","30yr",,,,,"17950641.26",,,,,,""
"2021-04-21","'3140QGFK8'","MBS","UMBS MORTPASS 2.5% 06/50","30yr",,,,,"17930251.27",,,,,,""
"2021-04-21","'3140KVSX9'","MBS","UMBS MORTPASS 2% 11/50","30yr",,,,,"17899722.66",,,,,,""
"2021-04-21","'3140QC3V6'","MBS","UMBS MORTPASS 3% 03/50","30yr",,,,,"17893644.78",,,,,,""
"2021-04-21","'31418CAL8'","MBS","UMBS MORTPASS 2.5% 08/26","Other",,,,,"17861289.53",,,,,,""
"2021-04-21","'3133G6A39'","MBS","UMBS MORTPASS 3% 06/34","15yr",,,,,"17857681.96",,,,,,""
"2021-04-21","'3140GXEV9'","MBS","UMBS MORTPASS 3.5% 08/47","30yr",,,,,"17850471.25",,,,,,""
"2021-04-21","'3140KXEH5'","MBS","UMBS MORTPASS 2% 12/50","30yr",,,,,"17847491.75",,,,,,""
"2021-04-21","'3133ACST6'","MBS","UMBS MORTPASS 1.5% 12/50","30yr",,,,,"17844741.09",,,,,,""
"2021-04-21","'3140JVVJ8'","MBS","UMBS MORTPASS 3.5% 07/49","30yr",,,,,"17840722.67",,,,,,""
"2021-04-21","'3140KBNQ3'","MBS","UMBS MORTPASS 2.5% 03/50","30yr",,,,,"17829440.46",,,,,,""
"2021-04-21","'3133A6DB4'","MBS","UMBS MORTPASS 2.5% 06/50","30yr",,,,,"17815004.21",,,,,,""
"2021-04-21","'3140JNX39'","MBS","UMBS MORTPASS 4% 06/49","30yr",,,,,"17800127.84",,,,,,""
"2021-04-21","'3140KPUV3'","MBS","UMBS MORTPASS 2% 11/50","30yr",,,,,"17794653.17",,,,,,""
"2021-04-21","'3140JM7A4'","MBS","UMBS MORTPASS 4% 04/49","30yr",,,,,"17785797.31",,,,,,""
"2021-04-21","'3140KCDL3'","MBS","UMBS MORTPASS 3% 04/50","30yr",,,,,"17761957.41",,,,,,""
"2021-04-21","'3133A33T3'","MBS","UMBS 2.5%","30yr",,,,,"17752835.7",,,,,,""
"2021-04-21","'3132ADXX1'","MBS","UMBS MORTPASS 4% 01/49","30yr",,,,,"17752610.25",,,,,,""
"2021-04-21","'3140QDP40'","MBS","UMBS MORTPASS 3% 10/49","30yr",,,,,"17744199.45",,,,,,""
"2021-04-21","'3140JPJ22'","MBS","UMBS MORTPASS 3% 04/34","15yr",,,,,"17737183.63",,,,,,""
"2021-04-21","'3140K35K4'","MBS","UMBS MORTPASS 2% 04/51","30yr",,,,,"17711991",,,,,,""
"2021-04-21","'3128MC2X2'","MBS","FHLMCGLD 4.5% 11/24","15yr",,,,,"17711823.41",,,,,,"Y"
"2021-04-21","'3140J6C62'","MBS","UMBS MORTPASS 2.5% 09/28","15yr",,,,,"17710555.77",,,,,,""
"2021-04-21","'3140JNAC4'","MBS","UMBS MORTPASS 3.5% 04/49","30yr",,,,,"17684918.84",,,,,,""
"2021-04-21","'3133AGN39'","MBS","UMBS MORTPASS 2% 01/51","30yr",,,,,"17680948.88",,,,,,""
"2021-04-21","'3140QEAH5'","MBS","UMBS MORTPASS 2.5% 07/50","30yr",,,,,"17674906.98",,,,,,""
"2021-04-21","'3133AEDN1'","MBS","UMBS MORTPASS 2.5% 01/51","30yr",,,,,"17669659.65",,,,,,""
"2021-04-21","'3138ESAC2'","MBS","UMBS MORTPASS 2.5% 05/28","15yr",,,,,"17668521.3",,,,,,""
"2021-04-21","'3140K8SN2'","MBS","UMBS MORTPASS 3% 03/50","30yr",,,,,"17621892.14",,,,,,""
"2021-04-21","'3131Y7NA1'","MBS","UMBS MORTPASS 4% 11/48","30yr",,,,,"17613910.62",,,,,,""
"2021-04-21","'3140Q97C1'","MBS","UMBS MORTPASS 3% 04/48","30yr",,,,,"17596516.87",,,,,,""
"2021-04-21","'36179VKM1'","MBS","GNMA II 3.5% 04/50","30yr",,,,,"17577920.77",,,,,,""
"2021-04-21","'3140JVEQ1'","MBS","UMBS MORTPASS 3% 09/49","30yr",,,,,"17574029.99",,,,,,""
"2021-04-21","'3133A6YJ4'","MBS","UMBS MORTPASS 2% 06/50","30yr",,,,,"17568979.43",,,,,,""
"2021-04-21","'36178DPD7'","MBS","GNMA I MORTPASS 3% 11/42","30yr",,,,,"17544387.09",,,,,,""
"2021-04-21","'3140KADB9'","MBS","UMBS MORTPASS 2.5% 05/50","30yr",,,,,"17528239.56",,,,,,""
"2021-04-21","'36241LVR4'","MBS","GNMA II MORTPASS 4% 05/41","30yr",,,,,"17526881.08",,,,,,""
"2021-04-21","'3140HAZX1'","MBS","UMBS MORTPASS 4% 07/48","30yr",,,,,"17525862.21",,,,,,""
"2021-04-21","'3140QC5T9'","MBS","UMBS MORTPASS 3.5% 12/49","30yr",,,,,"17517323.48",,,,,,""
"2021-04-21","'36179RVC0'","MBS","GNMA II MORTPASS 4% 12/45","30yr",,,,,"17507874.32",,,,,,""
"2021-04-21","'36179TV51'","MBS","GNMA II 3.5% 04/48","30yr",,,,,"17507543.59",,,,,,""
"2021-04-21","'3132ACYL8'","MBS","UMBS MORTPASS 3% 09/48","30yr",,,,,"17494063.57",,,,,,""
"2021-04-21","'3133L8CN3'","MBS","UMBS MORTPASS 1.5% 03/36","15yr",,,,,"17468054.78",,,,,,""
"2021-04-21","'36178D2P5'","MBS","GNMA I MORTPASS 3% 03/43","30yr",,,,,"17458901.65",,,,,,""
"2021-04-21","'31307U2F4'","MBS","FHLMCGLD 2.5% 11/32","15yr",,,,,"17450005.56",,,,,,""
"2021-04-21","'3140JWVU1'","MBS","UMBS MORTPASS 3.5% 07/49","30yr",,,,,"17446386.19",,,,,,""
"2021-04-21","'3131YAVA5'","MBS","UMBS MORTPASS 3.5% 03/49","30yr",,,,,"17408225.16",,,,,,""
"2021-04-21","'3133A6CA7'","MBS","UMBS MORTPASS 2% 06/50","30yr",,,,,"17391095.72",,,,,,""
"2021-04-21","'3140K8QZ7'","MBS","UMBS MORTPASS 3% 03/50","30yr",,,,,"17389199.77",,,,,,""
"2021-04-21","'3133A4GH3'","MBS","UMBS MORTPASS 2.5% 05/50","30yr",,,,,"17372526.6",,,,,,""
"2021-04-21","'31339UXQ8'","MBS","UMBS MORTPASS 3% 11/49","30yr",,,,,"17365493.63",,,,,,""
"2021-04-21","'3133A7HS1'","MBS","UMBS MORTPASS 2.5% 07/50","30yr",,,,,"17362618.37",,,,,,""
"2021-04-21","'3140QKKE7'","MBS","UMBS MORTPASS 2.5% 04/51","30yr",,,,,"17362223",,,,,,""
"2021-04-21","'3140KBWE0'","MBS","UMBS MORTPASS 3% 04/50","30yr",,,,,"17361433.88",,,,,,""
"2021-04-21","'3140KBQL1'","MBS","UMBS MORTPASS 3% 05/50","30yr",,,,,"17360212.07",,,,,,""
"2021-04-21","'3140HMPF5'","MBS","UMBS MORTPASS 4.5% 09/48","30yr",,,,,"17344536.2",,,,,,""
"2021-04-21","'3140QCQ90'","MBS","UMBS MORTPASS 3% 01/50","30yr",,,,,"17325656.73",,,,,,""
"2021-04-21","'3133A4LE4'","MBS","UMBS MORTPASS 2.5% 05/50","30yr",,,,,"17324000.52",,,,,,""
"2021-04-21","'3140X5QP1'","MBS","UMBS MORTPASS 2.5% 01/35","15yr",,,,,"17303352.53",,,,,,""
"2021-04-21","'3140X5EP4'","MBS","UMBS MORTPASS 4.5% 04/49","30yr",,,,,"17292683.31",,,,,,""
"2021-04-21","'31334XEE5'","MBS","UMBS MORTPASS 3% 07/49","30yr",,,,,"17276759.81",,,,,,""
"2021-04-21","'3140X6CB5'","MBS","UMBS MORTPASS 2.5% 07/33","15yr",,,,,"17268486.39",,,,,,""
"2021-04-21","'3140L3JD4'","MBS","UMBS MORTPASS 2% 03/51","30yr",,,,,"17266417.62",,,,,,""
"2021-04-21","'3140KDLM0'","MBS","UMBS MORTPASS 3% 06/50","30yr",,,,,"17263919.52",,,,,,""
"2021-04-21","'3140Q9M75'","MBS","UMBS MORTPASS 3.5% 08/48","30yr",,,,,"17236963.2",,,,,,""
"2021-04-21","'3138WHJG8'","MBS","UMBS MORTPASS 2.5% 06/31","15yr",,,,,"17232038.31",,,,,,""
"2021-04-21","'3140H4B45'","MBS","UMBS MORTPASS 3.5% 05/48","30yr",,,,,"17229127.69",,,,,,""
"2021-04-21","'3140J94Y4'","MBS","UMBS MORTPASS 2.5% 03/29","15yr",,,,,"17217110.66",,,,,,""
"2021-04-21","'3128M8XE9'","MBS","FHLMCGLD 4.5% 10/39","30yr",,,,,"17205932.77",,,,,,"Y"
"2021-04-21","'3140X5QQ9'","MBS","UMBS MORTPASS 2.5% 01/35","15yr",,,,,"17134503.42",,,,,,""
"2021-04-21","'31418C5Z3'","MBS","UMBS MORTPASS 4% 01/49","30yr",,,,,"17132802.61",,,,,,""
"2021-04-21","'3140K8RH6'","MBS","UMBS MORTPASS 3% 03/50","30yr",,,,,"17131017.6",,,,,,""
"2021-04-21","'3140KB5P5'","MBS","UMBS MORTPASS 2% 06/35","15yr",,,,,"17121818.96",,,,,,""
"2021-04-21","'3131YC2J4'","MBS","UMBS MORTPASS 3% 06/49","30yr",,,,,"17121091.26",,,,,,""
"2021-04-21","'3132AD7D4'","MBS","UMBS MORTPASS 3.5% 02/34","15yr",,,,,"17075062.43",,,,,,""
"2021-04-21","'3132DMDN2'","MBS","UMBS MORTPASS 4% 01/49","30yr",,,,,"17074642",,,,,,""
"2021-04-21","'31419A4Z7'","MBS","UMBS MORTPASS 5% 07/37","30yr",,,,,"17072857.6",,,,,,"Y"
"2021-04-21","'3132AD7L6'","MBS","UMBS MORTPASS 3.5% 03/34","15yr",,,,,"17058933.11",,,,,,""
"2021-04-21","'3128MMWQ2'","MBS","FHLMCGLD 2.5% 08/32","15yr",,,,,"17039886.46",,,,,,""
"2021-04-21","'3133KHU87'","MBS","UMBS MORTPASS 2.5% 04/50","30yr",,,,,"17003856.84",,,,,,""
"2021-04-21","'3140J94Q1'","MBS","UMBS MORTPASS 2.5% 12/37","Other",,,,,"16993282.94",,,,,,""
"2021-04-21","'3133KGN61'","MBS","UMBS MORTPASS 3% 08/49","30yr",,,,,"16987274.7",,,,,,""
"2021-04-21","'3140KDMF4'","MBS","UMBS MORTPASS 3% 06/50","30yr",,,,,"16972362.07",,,,,,""
"2021-04-21","'3140X5N66'","MBS","UMBS MORTPASS 3.5% 11/49","30yr",,,,,"16948585.9",,,,,,""
"2021-04-21","'36179NX45'","MBS","GNMA II MORTPASS 3% 01/44","30yr",,,,,"16944231.7",,,,,,""
"2021-04-21","'3140X4EZ5'","MBS","UMBS MORTPASS 4.5% 05/49","30yr",,,,,"16943118.93",,,,,,""
"2021-04-21","'3133GA5U6'","MBS","UMBS MORTPASS 2% 11/35","15yr",,,,,"16918707.36",,,,,,""
"2021-04-21","'3138EHA51'","MBS","UMBS MORTPASS 4.5% 10/39","30yr",,,,,"16913068.92",,,,,,"Y"
"2021-04-21","'31334WDZ1'","MBS","UMBS MORTPASS 3% 06/49","30yr",,,,,"16910744.63",,,,,,""
"2021-04-21","'3140K8Y54'","MBS","UMBS MORTPASS 3% 02/50","30yr",,,,,"16907126.34",,,,,,""
"2021-04-21","'3138X3HC9'","MBS","UMBS MORTPASS 3% 12/26","15yr",,,,,"16879490.44",,,,,,""
"2021-04-21","'3140X5Y64'","MBS","UMBS MORTPASS 2.5% 02/50","30yr",,,,,"16854481.32",,,,,,""
"2021-04-21","'3140JL3C6'","MBS","UMBS MORTPASS 4% 03/49","30yr",,,,,"16832188.75",,,,,,""
"2021-04-21","'3140QFNS4'","MBS","UMBS MORTPASS 2.5% 11/50","30yr",,,,,"16831392.01",,,,,,""
"2021-04-21","'3140QBQR2'","MBS","UMBS MORTPASS 3% 08/34","15yr",,,,,"16830618.02",,,,,,""
"2021-04-21","'3140XADA7'","MBS","UMBS MORTPASS 2% 02/51","30yr",,,,,"16827887",,,,,,""
"2021-04-21","'3133AAC67'","MBS","UMBS MORTPASS 2.5% 09/50","30yr",,,,,"16827321.38",,,,,,""
"2021-04-21","'3133AHCY1'","MBS","UMBS MORTPASS 1.5% 03/51","30yr",,,,,"16825127",,,,,,""
"2021-04-21","'3140X8G35'","MBS","UMBS MORTPASS 2.5% 10/50","30yr",,,,,"16820460.96",,,,,,""
"2021-04-21","'36179NBD9'","MBS","GNMA II 4.5% 04/43","30yr",,,,,"16820363.43",,,,,,""
"2021-04-21","'3133A6XV8'","MBS","UMBS MORTPASS 2% 06/50","30yr",,,,,"16818602.99",,,,,,""
"2021-04-21","'3140KTQ57'","MBS","UMBS MORTPASS 2% 11/50","30yr",,,,,"16808361.51",,,,,,""
"2021-04-21","'3140KEW20'","MBS","UMBS MORTPASS 2.5% 06/50","30yr",,,,,"16795998.11",,,,,,""
"2021-04-21","'36179R4F3'","MBS","GNMA II MORTPASS 4% 03/46","30yr",,,,,"16790602.9",,,,,,""
"2021-04-21","'3128MC4L6'","MBS","FHLMCGLD 4% 05/24","15yr",,,,,"16788665.5",,,,,,"Y"
"2021-04-21","'31334WP62'","MBS","UMBS MORTPASS 3% 06/49","30yr",,,,,"16748673.85",,,,,,""
"2021-04-21","'3133A4KJ4'","MBS","UMBS MORTPASS 2.5% 05/50","30yr",,,,,"16744771.61",,,,,,""
"2021-04-21","'3140KBF82'","MBS","UMBS MORTPASS 3% 03/50","30yr",,,,,"16743777.86",,,,,,""
"2021-04-21","'3140HDQW7'","MBS","UMBS MORTPASS 3% 12/49","30yr",,,,,"16728841.27",,,,,,""
"2021-04-21","'3133ABS84'","MBS","UMBS MORTPASS 2% 11/50","30yr",,,,,"16715590.03",,,,,,""
"2021-04-21","'3140HBY77'","MBS","UMBS MORTPASS 2.5% 10/34","15yr",,,,,"16699481.64",,,,,,""
"2021-04-21","'36179MQQ6'","MBS","GNMA II MORTPASS 4% 10/42","30yr",,,,,"16693426.31",,,,,,""
"2021-04-21","'3140K8Z38'","MBS","UMBS MORTPASS 3% 02/50","30yr",,,,,"16679534.5",,,,,,""
"2021-04-21","'3140JVC59'","MBS","UMBS MORTPASS 4% 07/49","30yr",,,,,"16678952.6",,,,,,""
"2021-04-21","'3131Y1GR5'","MBS","UMBS MORTPASS 4.5% 05/48","30yr",,,,,"16674106.95",,,,,,""
"2021-04-21","'3138EL6D0'","MBS","UMBS MORTPASS 3% 02/28","15yr",,,,,"16669430.97",,,,,,""
"2021-04-21","'3140X4WM4'","MBS","UMBS MORTPASS 3% 06/27","15yr",,,,,"16579334.21",,,,,,""
"2021-04-21","'3140KAMN3'","MBS","UMBS MORTPASS 2.5% 03/50","30yr",,,,,"16549293.52",,,,,,""
"2021-04-21","'3133KJJP8'","MBS","UMBS MORTPASS 2.5% 07/50","30yr",,,,,"16523939.05",,,,,,""
"2021-04-21","'3140HBH50'","MBS","UMBS MORTPASS 3.5% 06/48","30yr",,,,,"16516479.58",,,,,,""
"2021-04-21","'31417F7B8'","MBS","UMBS MORTPASS 2% 04/28","15yr",,,,,"16489218.43",,,,,,""
"2021-04-21","'31418DCH3'","MBS","UMBS MORTPASS 3% 04/39","Other",,,,,"16471629.85",,,,,,""
"2021-04-21","'3140JLPA6'","MBS","UMBS MORTPASS 4% 01/49","30yr",,,,,"16434352.84",,,,,,""
"2021-04-21","'3138WVX97'","MBS","UMBS MORTPASS 3.5% 07/43","30yr",,,,,"16433093.62",,,,,,""
"2021-04-21","'3140L3NR8'","MBS","UMBS MORTPASS 2% 04/36","15yr",,,,,"16422642",,,,,,""
"2021-04-21","'31418DHG0'","MBS","UMBS MORTPASS 2.5% 11/39","Other",,,,,"16402139.02",,,,,,""
"2021-04-21","'3133A4P59'","MBS","UMBS MORTPASS 2.5% 05/50","30yr",,,,,"16386983.88",,,,,,""
"2021-04-21","'3140JGLW3'","MBS","UMBS MORTPASS 4.5% 12/48","30yr",,,,,"16379315.98",,,,,,""
"2021-04-21","'3132WKC55'","MBS","FHLMCGLD 3% 01/47","30yr",,,,,"16375021.2",,,,,,""
"2021-04-21","'3133A6BS9'","MBS","UMBS MORTPASS 2% 06/50","30yr",,,,,"16351329.02",,,,,,""
"2021-04-21","'3133G8NF4'","MBS","UMBS MORTPASS 2% 05/35","15yr",,,,,"16347220.34",,,,,,""
"2021-04-21","'36202FXJ0'","MBS","GNMA II 3.5% 09/41","30yr",,,,,"16328505.4",,,,,,""
"2021-04-21","'3133L77K7'","MBS","UMBS MORTPASS 1.5% 12/35","15yr",,,,,"16323819.7",,,,,,""
"2021-04-21","'3132WKHQ4'","MBS","FHLMCGLD 3% 01/47","30yr",,,,,"16318746.74",,,,,,""
"2021-04-21","'31418C3E2'","MBS","UMBS MORTPASS 4.5% 10/48","30yr",,,,,"16301443.87",,,,,,""
"2021-04-21","'3140QBTW8'","MBS","UMBS MORTPASS 3.5% 09/49","30yr",,,,,"16295765.8",,,,,,""
"2021-04-21","'3140K46B1'","MBS","UMBS MORTPASS 3% 02/50","30yr",,,,,"16294667.53",,,,,,""
"2021-04-21","'3133A6T84'","MBS","UMBS MORTPASS 2.5% 06/50","30yr",,,,,"16269568.61",,,,,,""
"2021-04-21","'3138MFUB1'","MBS","UMBS MORTPASS 2.5% 11/27","15yr",,,,,"16257754.89",,,,,,""
"2021-04-21","'3140QCH74'","MBS","UMBS MORTPASS 2% 12/49","30yr",,,,,"16223136.94",,,,,,""
"2021-04-21","'3140JVS52'","MBS","UMBS MORTPASS 3% 10/49","30yr",,,,,"16160461.95",,,,,,""
"2021-04-21","'3133LPSM0'","MBS","UMBS MORTPASS 2% 05/30","Other",,,,,"16117784.27",,,,,,""
"2021-04-21","'3132A5HX6'","MBS","UMBS MORTPASS 3% 12/47","30yr",,,,,"16108805.05",,,,,,""
"2021-04-21","'3140EWXS9'","MBS","UMBS MORTPASS 3% 03/46","30yr",,,,,"16105627.94",,,,,,""
"2021-04-21","'31307VAH9'","MBS","FHLMCGLD 2.5% 12/32","15yr",,,,,"16102097.49",,,,,,""
"2021-04-21","'3132A9U62'","MBS","UMBS MORTPASS 3.5% 07/33","15yr",,,,,"16100393.37",,,,,,""
"2021-04-21","'3128MMWP4'","MBS","FHLMCGLD 3.5% 07/32","15yr",,,,,"16092355.83",,,,,,""
"2021-04-21","'3140JYT30'","MBS","UMBS MORTPASS 3% 08/49","30yr",,,,,"16069844.16",,,,,,""
"2021-04-21","'3132QRMS6'","MBS","FHLMCGLD 3% 07/45","30yr",,,,,"16067909.8",,,,,,""
"2021-04-21","'3140X7N21'","MBS","UMBS MORTPASS 2% 08/35","15yr",,,,,"16067188.87",,,,,,""
"2021-04-21","'3138EJ3P1'","MBS","UMBS MORTPASS 3% 06/27","15yr",,,,,"16040121.09",,,,,,""
"2021-04-21","'36179MG79'","MBS","GNMA II 4.5% 07/42","30yr",,,,,"16035385.14",,,,,,""
"2021-04-21","'3140X5PX5'","MBS","UMBS MORTPASS 2.5% 05/29","Other",,,,,"16033506.99",,,,,,""
"2021-04-21","'3140K4MB3'","MBS","UMBS MORTPASS 2.5% 05/50","30yr",,,,,"16006175.42",,,,,,""
"2021-04-21","'31417CRX5'","MBS","UMBS MORTPASS 2.5% 08/27","15yr",,,,,"16003758.92",,,,,,""
"2021-04-21","'3140K8Y47'","MBS","UMBS MORTPASS 3% 02/50","30yr",,,,,"16002990.96",,,,,,""
"2021-04-21","'3140KUV41'","MBS","UMBS MORTPASS 2% 11/50","30yr",,,,,"15988739.48",,,,,,""
"2021-04-21","'3132A9U21'","MBS","UMBS MORTPASS 3.5% 06/33","15yr",,,,,"15929439.78",,,,,,""
"2021-04-21","'3140H4AF1'","MBS","UMBS MORTPASS 3.5% 04/33","15yr",,,,,"15928256.02",,,,,,""
"2021-04-21","'3140KVRQ5'","MBS","UMBS MORTPASS 1.5% 11/50","30yr",,,,,"15925704.76",,,,,,""
"2021-04-21","'3133KHEQ5'","MBS","UMBS MORTPASS 3% 11/49","30yr",,,,,"15915640.5",,,,,,""
"2021-04-21","'31329QNA5'","MBS","UMBS MORTPASS 4.5% 04/49","30yr",,,,,"15896979.54",,,,,,""
"2021-04-21","'3131YCS49'","MBS","UMBS MORTPASS 3.5% 05/49","30yr",,,,,"15891807.6",,,,,,""
"2021-04-21","'3140KKSA3'","MBS","UMBS MORTPASS 2.5% 07/50","30yr",,,,,"15878516.62",,,,,,""
"2021-04-21","'3132A9AA5'","MBS","UMBS MORTPASS 2.5% 06/28","15yr",,,,,"15873096.75",,,,,,""
"2021-04-21","'3131Y8JX4'","MBS","UMBS MORTPASS 4% 12/48","30yr",,,,,"15862956.76",,,,,,""
"2021-04-21","'31417CSN6'","MBS","UMBS MORTPASS 3% 08/42","30yr",,,,,"15824617.14",,,,,,""
"2021-04-21","'3138M5U72'","MBS","UMBS MORTPASS 3.5% 08/42","30yr",,,,,"15819197.14",,,,,,""
"2021-04-21","'3140F0JJ4'","MBS","UMBS MORTPASS 3% 10/46","30yr",,,,,"15810009.96",,,,,,""
"2021-04-21","'3133KKWT2'","MBS","UMBS MORTPASS 1.5% 12/50","30yr",,,,,"15801600.54",,,,,,""
"2021-04-21","'3128M8HX5'","MBS","FHLMCGLD 5% 04/36","30yr",,,,,"15789745.99",,,,,,"Y"
"2021-04-21","'3131Y0UV2'","MBS","UMBS MORTPASS 3.5% 04/48","30yr",,,,,"15783971.47",,,,,,""
"2021-04-21","'3133A6B59'","MBS","UMBS MORTPASS 2.5% 06/50","30yr",,,,,"15772946.9",,,,,,""
"2021-04-21","'3140QDQB3'","MBS","UMBS MORTPASS 3.5% 10/49","30yr",,,,,"15768001.09",,,,,,""
"2021-04-21","'3138WUND1'","MBS","UMBS MORTPASS 3% 05/43","30yr",,,,,"15766905.85",,,,,,""
"2021-04-21","'36179MVQ0'","MBS","GNMA II 2.5% 12/42","30yr",,,,,"15763052.11",,,,,,""
"2021-04-21","'3128MMXS7'","MBS","FHLMCGLD 3% 05/33","15yr",,,,,"15748410.78",,,,,,""
"2021-04-21","'31339SVW2'","MBS","UMBS MORTPASS 3% 10/49","30yr",,,,,"15745112.53",,,,,,""
"2021-04-21","'3140H6B65'","MBS","UMBS MORTPASS 3.5% 01/48","30yr",,,,,"15738368.65",,,,,,""
"2021-04-21","'31334X3M9'","MBS","UMBS MORTPASS 3% 08/49","30yr",,,,,"15731582.77",,,,,,""
"2021-04-21","'31334X7B9'","MBS","UMBS MORTPASS 3% 08/49","30yr",,,,,"15679596.01",,,,,,""
"2021-04-21","'3140JVDW9'","MBS","UMBS MORTPASS 4% 08/49","30yr",,,,,"15674294.26",,,,,,""
"2021-04-21","'3128M8V68'","MBS","FHLMCGLD 5% 01/40","30yr",,,,,"15671593.44",,,,,,"Y"
"2021-04-21","'3140L0XL6'","MBS","UMBS MORTPASS 2% 02/51","30yr",,,,,"15659964.89",,,,,,""
"2021-04-21","'3140K1CH7'","MBS","UMBS MORTPASS 3% 11/49","30yr",,,,,"15658576.44",,,,,,""
"2021-04-21","'3133A2GZ7'","MBS","UMBS MORTPASS 3% 02/50","30yr",,,,,"15643581.58",,,,,,""
"2021-04-21","'3133AHCA3'","MBS","UMBS MORTPASS 1.5% 03/51","30yr",,,,,"15640169",,,,,,""
"2021-04-21","'3140KFAH8'","MBS","UMBS MORTPASS 2.5% 07/50","30yr",,,,,"15617117.65",,,,,,""
"2021-04-21","'3140K9LL1'","MBS","UMBS MORTPASS 3% 02/50","30yr",,,,,"15607490.59",,,,,,""
"2021-04-21","'3133A0RX4'","MBS","UMBS MORTPASS 3% 01/50","30yr",,,,,"15602546.07",,,,,,""
"2021-04-21","'3131YASG6'","MBS","UMBS MORTPASS 3% 03/49","30yr",,,,,"15600658.1",,,,,,""
"2021-04-21","'3140L4EX3'","MBS","UMBS MORTPASS 1.5% 02/51","30yr",,,,,"15583546.31",,,,,,""
"2021-04-21","'3140JWMR8'","MBS","UMBS MORTPASS 3% 10/49","30yr",,,,,"15549315.48",,,,,,""
"2021-04-21","'31418CQM9'","MBS","UMBS MORTPASS 3% 10/27","Other",,,,,"15539477.99",,,,,,""
"2021-04-21","'31329PBU6'","MBS","UMBS MORTPASS 3.5% 05/48","30yr",,,,,"15519127.92",,,,,,""
"2021-04-21","'3140H4B94'","MBS","UMBS MORTPASS 4.5% 05/48","30yr",,,,,"15494694.82",,,,,,""
"2021-04-21","'3138WUM75'","MBS","UMBS MORTPASS 3% 05/43","30yr",,,,,"15493029.58",,,,,,""
"2021-04-21","'3140K8QY0'","MBS","UMBS MORTPASS 3% 03/50","30yr",,,,,"15471076.48",,,,,,""
"2021-04-21","'3140KHSP7'","MBS","UMBS MORTPASS 2.5% 07/50","30yr",,,,,"15465875.65",,,,,,""
"2021-04-21","'3140L4Q44'","MBS","UMBS MORTPASS 2% 02/51","30yr",,,,,"15464368.17",,,,,,""
"2021-04-21","'3140KUMU3'","MBS","UMBS MORTPASS 2% 11/50","30yr",,,,,"15457154.24",,,,,,""
"2021-04-21","'3138WQR61'","MBS","UMBS MORTPASS 3.5% 06/42","30yr",,,,,"15451391.33",,,,,,""
"2021-04-21","'3138YR3N6'","MBS","UMBS MORTPASS 3% 07/45","30yr",,,,,"15433205.75",,,,,,""
"2021-04-21","'31329QZL8'","MBS","UMBS MORTPASS 3.5% 05/49","30yr",,,,,"15398642.17",,,,,,""
"2021-04-21","'36241L5C6'","MBS","GNMA II 3.5% 02/42","30yr",,,,,"15378226.76",,,,,,""
"2021-04-21","'3140QCE85'","MBS","UMBS MORTPASS 3.5% 10/48","30yr",,,,,"15378113.2",,,,,,""
"2021-04-21","'31334XYY9'","MBS","UMBS MORTPASS 3% 08/49","30yr",,,,,"15372926.56",,,,,,""
"2021-04-21","'3140KFNK7'","MBS","UMBS MORTPASS 2% 11/35","15yr",,,,,"15355288.4",,,,,,""
"2021-04-21","'3140X5HS5'","MBS","UMBS MORTPASS 2.5% 03/33","15yr",,,,,"15353111.17",,,,,,""
"2021-04-21","'3133AE4H4'","MBS","UMBS MORTPASS 2% 01/51","30yr",,,,,"15331821.54",,,,,,""
"2021-04-21","'3140QCAQ9'","MBS","UMBS MORTPASS 3% 11/34","15yr",,,,,"15329849.06",,,,,,""
"2021-04-21","'3140QGQT7'","MBS","UMBS MORTPASS 1.5% 01/51","30yr",,,,,"15329227.62",,,,,,""
"2021-04-21","'3140JN4R8'","MBS","UMBS MORTPASS 4% 04/49","30yr",,,,,"15301631.75",,,,,,""
"2021-04-21","'3140QA3R9'","MBS","UMBS MORTPASS 4% 02/49","30yr",,,,,"15284737.69",,,,,,""
"2021-04-21","'3140GVPD1'","MBS","UMBS MORTPASS 4% 08/47","30yr",,,,,"15282071.51",,,,,,""
"2021-04-21","'3133GAXS0'","MBS","UMBS MORTPASS 2% 11/35","15yr",,,,,"15270377.4",,,,,,""
"2021-04-21","'3131X8KE5'","MBS","UMBS MORTPASS 2.5% 01/28","15yr",,,,,"15267567.74",,,,,,""
"2021-04-21","'3140K46A3'","MBS","UMBS MORTPASS 3% 01/50","30yr",,,,,"15251159.16",,,,,,""
"2021-04-21","'3133A4GL4'","MBS","UMBS MORTPASS 2.5% 04/50","30yr",,,,,"15245353.48",,,,,,""
"2021-04-21","'3140GYNJ4'","MBS","UMBS MORTPASS 3.5% 11/47","30yr",,,,,"15242187.6",,,,,,""
"2021-04-21","'3133GAFH4'","MBS","UMBS MORTPASS 2% 10/35","15yr",,,,,"15239766.36",,,,,,""
"2021-04-21","'31418B6N1'","MBS","UMBS MORTPASS 2.5% 07/26","Other",,,,,"15228864.55",,,,,,""
"2021-04-21","'3133A2VW7'","MBS","UMBS MORTPASS 2.5% 03/50","30yr",,,,,"15218495.44",,,,,,""
"2021-04-21","'3140HFF79'","MBS","UMBS MORTPASS 3.5% 04/48","30yr",,,,,"15211861.35",,,,,,""
"2021-04-21","'3132DV4C6'","MBS","UMBS MORTPASS 4.5% 10/49","30yr",,,,,"15195817.13",,,,,,""
"2021-04-21","'3140L33M1'","MBS","UMBS MORTPASS 1.5% 03/51","30yr",,,,,"15194061",,,,,,""
"2021-04-21","'3140L6TS3'","MBS","UMBS MORTPASS 2% 03/51","30yr",,,,,"15182129",,,,,,""
"2021-04-21","'3140JLSQ8'","MBS","UMBS MORTPASS 2.5% 04/51","30yr",,,,,"15174034",,,,,,""
"2021-04-21","'3140X5S38'","MBS","UMBS MORTPASS 4.5% 02/49","30yr",,,,,"15160263.67",,,,,,""
"2021-04-21","'3133G8RE3'","MBS","UMBS MORTPASS 2.5% 05/35","15yr",,,,,"15135665.72",,,,,,""
"2021-04-21","'3140KPX40'","MBS","UMBS MORTPASS 2% 12/35","15yr",,,,,"15130436.38",,,,,,""
"2021-04-21","'3133ABF47'","MBS","UMBS MORTPASS 2% 09/50","30yr",,,,,"15122268.85",,,,,,""
"2021-04-21","'3140L12U8'","MBS","UMBS MORTPASS 1.5% 01/51","30yr",,,,,"15114203.87",,,,,,""
"2021-04-21","'3140L3Z61'","MBS","UMBS MORTPASS 1.5% 02/51","30yr",,,,,"15107791.76",,,,,,""
"2021-04-21","'36179UV66'","MBS","GNMA II 2.5% 07/49","30yr",,,,,"15071399.71",,,,,,""
"2021-04-21","'36241L6X9'","MBS","GNMA II 3.5% 04/42","30yr",,,,,"15059056.3",,,,,,""
"2021-04-21","'3140KC3Z3'","MBS","UMBS MORTPASS 3% 05/50","30yr",,,,,"15058756.83",,,,,,""
"2021-04-21","'3138EGPB4'","MBS","UMBS MORTPASS 4.5% 04/25","15yr",,,,,"15050539.31",,,,,,"Y"
"2021-04-21","'3133G75A7'","MBS","UMBS MORTPASS 2.5% 03/35","15yr",,,,,"15044611.89",,,,,,""
"2021-04-21","'31418DJF0'","MBS","UMBS MORTPASS 2.5% 12/29","Other",,,,,"15042509.71",,,,,,""
"2021-04-21","'31417A4Y2'","MBS","UMBS MORTPASS 3.5% 02/42","30yr",,,,,"15041066.1",,,,,,""
"2021-04-21","'3138WPJG0'","MBS","UMBS MORTPASS 2.5% 04/28","15yr",,,,,"15039263.03",,,,,,""
"2021-04-21","'36202FHW9'","MBS","GNMA II MORTPASS 4% 07/40","30yr",,,,,"15022504.17",,,,,,""
"2021-04-21","'3140X57B3'","MBS","UMBS MORTPASS 3% 11/33","15yr",,,,,"15019767.99",,,,,,""
"2021-04-21","'3140L5BV7'","MBS","UMBS MORTPASS 2% 03/51","30yr",,,,,"14993011",,,,,,""
"2021-04-21","'3128MFA32'","MBS","FHLMCGLD 3% 04/32","15yr",,,,,"14986467.83",,,,,,""
"2021-04-21","'3138YR5T1'","MBS","UMBS MORTPASS 3% 07/45","30yr",,,,,"14977185.49",,,,,,""
"2021-04-21","'3140HAY46'","MBS","UMBS MORTPASS 4% 06/48","30yr",,,,,"14964226.57",,,,,,""
"2021-04-21","'3140KFBH7'","MBS","UMBS MORTPASS 2.5% 07/50","30yr",,,,,"14959445.03",,,,,,""
"2021-04-21","'31339UAG5'","MBS","UMBS MORTPASS 3% 10/49","30yr",,,,,"14958667.47",,,,,,""
"2021-04-21","'3140X8RS8'","MBS","UMBS MORTPASS 2% 12/50","30yr",,,,,"14955849.58",,,,,,""
"2021-04-21","'36241L5S1'","MBS","GNMA II 3.5% 03/42","30yr",,,,,"14953890.06",,,,,,""
"2021-04-21","'36241L5T9'","MBS","GNMA II 3.5% 03/42","30yr",,,,,"14953890.01",,,,,,""
"2021-04-21","'3132QMHL8'","MBS","FHLMCGLD 3.5% 02/45","30yr",,,,,"14947031.08",,,,,,""
"2021-04-21","'3140X3A24'","MBS","UMBS MORTPASS 3.5% 09/39","Other",,,,,"14925875.11",,,,,,""
"2021-04-21","'3133A43M6'","MBS","UMBS MORTPASS 3% 05/50","30yr",,,,,"14906407.29",,,,,,""
"2021-04-21","'36178DXX4'","MBS","GNMA I MORTPASS 3% 02/43","30yr",,,,,"14896947.38",,,,,,""
"2021-04-21","'3133G76P3'","MBS","UMBS MORTPASS 2.5% 03/35","15yr",,,,,"14896333.9",,,,,,""
"2021-04-21","'31418BWK8'","MBS","UMBS MORTPASS 2.5% 11/25","Other",,,,,"14867268.51",,,,,,""
"2021-04-21","'3132A9MV6'","MBS","UMBS MORTPASS 2.5% 10/27","15yr",,,,,"14867080.19",,,,,,""
"2021-04-21","'31417AVD8'","MBS","UMBS MORTPASS 3% 01/27","15yr",,,,,"14861238.15",,,,,,""
"2021-04-21","'3140Q9R21'","MBS","UMBS MORTPASS 4% 09/48","30yr",,,,,"14853247.94",,,,,,""
"2021-04-21","'3131Y1FL9'","MBS","UMBS MORTPASS 4.5% 05/48","30yr",,,,,"14852991.45",,,,,,""
"2021-04-21","'31329N6V5'","MBS","UMBS MORTPASS 4% 04/48","30yr",,,,,"14851736.8",,,,,,""
"2021-04-21","'3140KEPA0'","MBS","UMBS MORTPASS 2.5% 09/50","30yr",,,,,"14846991.7",,,,,,""
"2021-04-21","'3133A62Z3'","MBS","UMBS MORTPASS 2.5% 06/50","30yr",,,,,"14845756.54",,,,,,""
"2021-04-21","'3140L0CJ4'","MBS","UMBS MORTPASS 1.5% 01/51","30yr",,,,,"14826692.39",,,,,,""
"2021-04-21","'31334YKB2'","MBS","UMBS MORTPASS 3% 08/49","30yr",,,,,"14814341.8",,,,,,""
"2021-04-21","'3133GASP2'","MBS","UMBS MORTPASS 1.5% 11/35","15yr",,,,,"14804433.58",,,,,,""
"2021-04-21","'31346Y6P3'","MBS","UMBS MORTPASS 3% 12/49","30yr",,,,,"14798167.06",,,,,,""
"2021-04-21","'3140K8QC8'","MBS","UMBS MORTPASS 3% 03/50","30yr",,,,,"14795921.89",,,,,,""
"2021-04-21","'31329KX25'","MBS","UMBS MORTPASS 3% 02/38","Other",,,,,"14783728.35",,,,,,""
"2021-04-21","'3140KXFL5'","MBS","UMBS MORTPASS 2% 12/35","15yr",,,,,"14770992.28",,,,,,""
"2021-04-21","'3133GBEW0'","MBS","UMBS MORTPASS 2% 12/35","15yr",,,,,"14770666.16",,,,,,""
"2021-04-21","'3140H1V98'","MBS","UMBS MORTPASS 4% 03/48","30yr",,,,,"14766982.32",,,,,,""
"2021-04-21","'3133A85Y9'","MBS","UMBS MORTPASS 2% 08/50","30yr",,,,,"14760832.27",,,,,,""
"2021-04-21","'3133G82T7'","MBS","UMBS MORTPASS 2% 06/35","15yr",,,,,"14745003.68",,,,,,""
"2021-04-21","'3138ERAZ3'","MBS","UMBS MORTPASS 3% 11/28","15yr",,,,,"14742264.86",,,,,,""
"2021-04-21","'3138EKWV3'","MBS","UMBS MORTPASS 2.5% 04/28","15yr",,,,,"14740833.28",,,,,,""
"2021-04-21","'31418DW24'","MBS","UMBS MORTPASS 2% 02/31","Other",,,,,"14727144.58",,,,,,""
"2021-04-21","'3140X9TT2'","MBS","UMBS MORTPASS 2% 12/50","30yr",,,,,"14713955.47",,,,,,""
"2021-04-21","'3140JVHY1'","MBS","UMBS MORTPASS 3.5% 06/49","30yr",,,,,"14711264.17",,,,,,""
"2021-04-21","'3140KYNM2'","MBS","UMBS MORTPASS 2.5% 01/51","30yr",,,,,"14708737.85",,,,,,""
"2021-04-21","'3140X4RP3'","MBS","UMBS MORTPASS 3% 08/34","15yr",,,,,"14698387.44",,,,,,""
"2021-04-21","'3140Q9ZC0'","MBS","UMBS MORTPASS 4% 10/48","30yr",,,,,"14680670.53",,,,,,""
"2021-04-21","'3138EGW91'","MBS","UMBS MORTPASS 5.5% 09/38","30yr",,,,,"14677266.84",,,,,,"Y"
"2021-04-21","'3133A7EK1'","MBS","UMBS MORTPASS 2.5% 07/50","30yr",,,,,"14653426.28",,,,,,""
"2021-04-21","'3133AAT69'","MBS","UMBS MORTPASS 2% 09/50","30yr",,,,,"14634501.67",,,,,,""
"2021-04-21","'3140QBG36'","MBS","UMBS MORTPASS 3.5% 07/49","30yr",,,,,"14604238.88",,,,,,""
"2021-04-21","'3132KFBZ4'","MBS","FHLMCGLD 2.5% 09/30","15yr",,,,,"14603273.79",,,,,,""
"2021-04-21","'3140L0CK1'","MBS","UMBS MORTPASS 2% 01/51","30yr",,,,,"14587767.34",,,,,,""
"2021-04-21","'3140JSVA4'","MBS","UMBS MORTPASS 4% 04/49","30yr",,,,,"14580867.82",,,,,,""
"2021-04-21","'3128M8XF6'","MBS","FHLMCGLD 5% 06/39","30yr",,,,,"14561054.46",,,,,,"Y"
"2021-04-21","'36202FCP9'","MBS","GNMA II MORTPASS 5% 11/39","30yr",,,,,"14550102.4",,,,,,""
"2021-04-21","'36297GVM9'","MBS","GNMA I MORTPASS 3% 02/43","30yr",,,,,"14547062.03",,,,,,""
"2021-04-21","'3133KYRW1'","MBS","UMBS MORTPASS 3.5% 07/39","Other",,,,,"14515711.99",,,,,,""
"2021-04-21","'3140K8R94'","MBS","UMBS MORTPASS 2.5% 03/50","30yr",,,,,"14514875.6",,,,,,""
"2021-04-21","'3132A83K3'","MBS","UMBS MORTPASS 3% 04/28","Other",,,,,"14512007.56",,,,,,""
"2021-04-21","'3140K2TT1'","MBS","UMBS MORTPASS 2.5% 10/34","15yr",,,,,"14511933.46",,,,,,""
"2021-04-21","'3140HLS49'","MBS","UMBS MORTPASS 4% 06/48","30yr",,,,,"14508116.11",,,,,,""
"2021-04-21","'3140K3XD9'","MBS","UMBS MORTPASS 2.5% 05/50","30yr",,,,,"14480966.87",,,,,,""
"2021-04-21","'3140L5DU7'","MBS","UMBS MORTPASS 2% 04/51","30yr",,,,,"14479954.63",,,,,,""
"2021-04-21","'31334YD95'","MBS","UMBS MORTPASS 3% 08/49","30yr",,,,,"14476368.29",,,,,,""
"2021-04-21","'31417BF93'","MBS","UMBS MORTPASS 3.5% 03/42","30yr",,,,,"14474218.55",,,,,,""
"2021-04-21","'3131Y8FC4'","MBS","UMBS MORTPASS 4% 12/48","30yr",,,,,"14465632.54",,,,,,""
"2021-04-21","'31418CGH1'","MBS","UMBS MORTPASS 2.5% 02/27","Other",,,,,"14462873.95",,,,,,""
"2021-04-21","'36178D7A3'","MBS","GNMA I MORTPASS 3% 04/43","30yr",,,,,"14461097.26",,,,,,""
"2021-04-21","'3132A7WA5'","MBS","UMBS MORTPASS 2% 03/28","15yr",,,,,"14432366.9",,,,,,""
"2021-04-21","'31418DGG1'","MBS","UMBS MORTPASS 3% 10/34","15yr",,,,,"14428897.55",,,,,,""
"2021-04-21","'3140KFYU3'","MBS","UMBS MORTPASS 2.5% 06/50","30yr",,,,,"14395195.42",,,,,,""
"2021-04-21","'3131YBXD5'","MBS","UMBS MORTPASS 3.5% 04/34","15yr",,,,,"14378737.31",,,,,,""
"2021-04-21","'3140KAMK9'","MBS","UMBS MORTPASS 3% 03/50","30yr",,,,,"14364626.29",,,,,,""
"2021-04-21","'3140K7BG7'","MBS","UMBS MORTPASS 3% 12/49","30yr",,,,,"14353166.51",,,,,,""
"2021-04-21","'3140KFJ71'","MBS","UMBS MORTPASS 2% 10/35","15yr",,,,,"14349007.41",,,,,,""
"2021-04-21","'3140JPSU0'","MBS","UMBS MORTPASS 1.5% 01/51","30yr",,,,,"14333216.83",,,,,,""
"2021-04-21","'3138EGWK6'","MBS","UMBS MORTPASS 5.5% 03/39","30yr",,,,,"14311100.71",,,,,,"Y"
"2021-04-21","'36202FGE0'","MBS","GNMA II MORTPASS 5% 05/40","30yr",,,,,"14303238.4",,,,,,""
"2021-04-21","'3132DV5G6'","MBS","UMBS MORTPASS 4.5% 02/50","30yr",,,,,"14281175.7",,,,,,""
"2021-04-21","'3140KAC53'","MBS","UMBS MORTPASS 2.5% 04/50","30yr",,,,,"14270696.16",,,,,,""
"2021-04-21","'3138EJ2N7'","MBS","UMBS MORTPASS 3.5% 09/42","30yr",,,,,"14270338.96",,,,,,""
"2021-04-21","'3140X9YU3'","MBS","UMBS MORTPASS 1.5% 01/51","30yr",,,,,"14260790.11",,,,,,""
"2021-04-21","'3140K76F5'","MBS","UMBS MORTPASS 2.5% 01/50","30yr",,,,,"14253673.18",,,,,,""
"2021-04-21","'3133KGF45'","MBS","UMBS MORTPASS 4.5% 07/49","30yr",,,,,"14216911.58",,,,,,""
"2021-04-21","'3133GA5B8'","MBS","UMBS MORTPASS 2% 12/35","15yr",,,,,"14215952.42",,,,,,""
"2021-04-21","'3140L4C23'","MBS","UMBS MORTPASS 2% 03/51","30yr",,,,,"14205519",,,,,,""
"2021-04-21","'3140KK3X0'","MBS","UMBS MORTPASS 2.5% 09/50","30yr",,,,,"14148333.03",,,,,,""
"2021-04-21","'3128MMX81'","MBS","FHLMCGLD 3.5% 08/33","15yr",,,,,"14136871.8",,,,,,""
"2021-04-21","'3133AFDY4'","MBS","UMBS MORTPASS 2.5% 02/51","30yr",,,,,"14136271.64",,,,,,""
"2021-04-21","'31334WK75'","MBS","UMBS MORTPASS 4.5% 06/49","30yr",,,,,"14125984.28",,,,,,""
"2021-04-21","'3138EGXT6'","MBS","UMBS MORTPASS 4.5% 10/29","Other",,,,,"14113483.39",,,,,,"Y"
"2021-04-21","'3131Y9RK1'","MBS","UMBS MORTPASS 4.5% 02/49","30yr",,,,,"14112946.56",,,,,,""
"2021-04-21","'3140K03F3'","MBS","UMBS MORTPASS 3% 11/49","30yr",,,,,"14107494.23",,,,,,""
"2021-04-21","'3132A86Y0'","MBS","UMBS MORTPASS 2.5% 04/33","15yr",,,,,"14105824.92",,,,,,""
"2021-04-21","'3140K1UH7'","MBS","UMBS MORTPASS 3% 01/50","30yr",,,,,"14102319.47",,,,,,""
"2021-04-21","'3133KGS82'","MBS","UMBS MORTPASS 4.5% 09/49","30yr",,,,,"14089342.07",,,,,,""
"2021-04-21","'3140Q8W50'","MBS","UMBS MORTPASS 4.5% 01/48","30yr",,,,,"14075145.17",,,,,,""
"2021-04-21","'3140KQ3V1'","MBS","UMBS MORTPASS 2% 11/50","30yr",,,,,"14047154.96",,,,,,""
"2021-04-21","'3140K05H7'","MBS","UMBS MORTPASS 3.5% 11/49","30yr",,,,,"14044250.74",,,,,,""
"2021-04-21","'36179MAW0'","MBS","GNMA II MORTPASS 3% 04/42","30yr",,,,,"14042980.58",,,,,,""
"2021-04-21","'3140JN5K2'","MBS","UMBS MORTPASS 3.5% 04/49","30yr",,,,,"13993526.91",,,,,,""
"2021-04-21","'3131Y8H40'","MBS","UMBS MORTPASS 4% 12/48","30yr",,,,,"13979808.25",,,,,,""
"2021-04-21","'3140K2UK8'","MBS","UMBS MORTPASS 2.5% 10/49","30yr",,,,,"13969302.33",,,,,,""
"2021-04-21","'3133A3TM0'","MBS","UMBS MORTPASS 3% 05/50","30yr",,,,,"13961583.22",,,,,,""
"2021-04-21","'3140KUWQ1'","MBS","UMBS MORTPASS 2% 11/50","30yr",,,,,"13957498.77",,,,,,""
"2021-04-21","'36297GWA4'","MBS","GNMA I MORTPASS 3% 04/43","30yr",,,,,"13951440.88",,,,,,""
"2021-04-21","'3140L3RR4'","MBS","UMBS MORTPASS 2.5% 02/51","30yr",,,,,"13950526.01",,,,,,""
"2021-04-21","'3133A0DQ4'","MBS","UMBS 2.5%","30yr",,,,,"13940143.63",,,,,,""
"2021-04-21","'3132DMSU0'","MBS","UMBS MORTPASS 1.5% 02/51","30yr",,,,,"13931702.86",,,,,,""
"2021-04-21","'3140L1LK9'","MBS","UMBS MORTPASS 1.5% 03/36","15yr",,,,,"13907428",,,,,,""
"2021-04-21","'3138YR5X2'","MBS","UMBS MORTPASS 3% 07/45","30yr",,,,,"13899368.35",,,,,,""
"2021-04-21","'36179MNJ5'","MBS","GNMA II MORTPASS 4% 09/42","30yr",,,,,"13873804.15",,,,,,""
"2021-04-21","'3140L7R53'","MBS","UMBS MORTPASS 1.5% 04/36","15yr",,,,,"13869116",,,,,,""
"2021-04-21","'3140KBRZ9'","MBS","UMBS MORTPASS 2.5% 06/50","30yr",,,,,"13864740.57",,,,,,""
"2021-04-21","'3140L8ZG8'","MBS","UMBS MORTPASS 1.5% 04/36","15yr",,,,,"13852394",,,,,,""
"2021-04-21","'3140X6EE7'","MBS","UMBS MORTPASS 2.5% 07/33","15yr",,,,,"13844130.59",,,,,,""
"2021-04-21","'3140X8KW6'","MBS","UMBS MORTPASS 2.5% 11/50","30yr",,,,,"13817744.59",,,,,,""
"2021-04-21","'31334YA23'","MBS","UMBS MORTPASS 3.5% 08/49","30yr",,,,,"13817396.01",,,,,,""
"2021-04-21","'3128MJ3M0'","MBS","FHLMCGLD 3% 03/48","30yr",,,,,"13810775.81",,,,,,""
"2021-04-21","'31418DHC9'","MBS","UMBS MORTPASS 3% 11/29","Other",,,,,"13806427.26",,,,,,""
"2021-04-21","'3140HGEB9'","MBS","UMBS MORTPASS 2.5% 08/50","30yr",,,,,"13793407.66",,,,,,""
"2021-04-21","'3132DMHC2'","MBS","UMBS MORTPASS 3.5% 01/50","30yr",,,,,"13791663.93",,,,,,""
"2021-04-21","'3140K8VX6'","MBS","UMBS MORTPASS 3% 01/50","30yr",,,,,"13756496.74",,,,,,""
"2021-04-21","'3140K4LW8'","MBS","UMBS MORTPASS 2.5% 04/50","30yr",,,,,"13751214.9",,,,,,""
"2021-04-21","'3132A5JV8'","MBS","UMBS MORTPASS 3% 07/48","30yr",,,,,"13738435.25",,,,,,""
"2021-04-21","'3131YDM76'","MBS","UMBS MORTPASS 3% 06/49","30yr",,,,,"13738162.44",,,,,,""
"2021-04-21","'3140KPT52'","MBS","UMBS MORTPASS 2.5% 11/50","30yr",,,,,"13730760.69",,,,,,""
"2021-04-21","'3132AD6R4'","MBS","UMBS MORTPASS 3% 03/49","30yr",,,,,"13722347.33",,,,,,""
"2021-04-21","'3133A2PR5'","MBS","UMBS MORTPASS 3% 03/50","30yr",,,,,"13708867.52",,,,,,""
"2021-04-21","'3133AG5H8'","MBS","UMBS MORTPASS 2.5% 03/51","30yr",,,,,"13693224.91",,,,,,""
"2021-04-21","'3133KGZU5'","MBS","UMBS MORTPASS 3% 01/48","30yr",,,,,"13680217.83",,,,,,""
"2021-04-21","'3140KCJ78'","MBS","UMBS MORTPASS 2.5% 05/50","30yr",,,,,"13673627.49",,,,,,""
"2021-04-21","'3140X5AX1'","MBS","UMBS MORTPASS 2% 05/27","Other",,,,,"13658034.83",,,,,,""
"2021-04-21","'3131Y32Q8'","MBS","UMBS MORTPASS 4% 10/48","30yr",,,,,"13657523.87",,,,,,""
"2021-04-21","'3128MMWA7'","MBS","FHLMCGLD 2.5% 04/32","15yr",,,,,"13651926.08",,,,,,""
"2021-04-21","'31307VTG1'","MBS","FHLMCGLD 3% 03/33","15yr",,,,,"13636789.7",,,,,,""
"2021-04-21","'3132A8SJ9'","MBS","UMBS MORTPASS 3% 12/26","Other",,,,,"13626113.41",,,,,,""
"2021-04-21","'3131YDBV5'","MBS","UMBS MORTPASS 4% 05/49","30yr",,,,,"13616102.27",,,,,,""
"2021-04-21","'3138EGW83'","MBS","UMBS MORTPASS 5% 11/39","30yr",,,,,"13605746.04",,,,,,"Y"
"2021-04-21","'3140X4EW2'","MBS","UMBS MORTPASS 3.5% 06/29","Other",,,,,"13600437.28",,,,,,""
"2021-04-21","'3140KDP53'","MBS","UMBS MORTPASS 2.5% 05/50","30yr",,,,,"13586882.9",,,,,,""
"2021-04-21","'3140EWW68'","MBS","UMBS MORTPASS 3% 03/46","30yr",,,,,"13574215.33",,,,,,""
"2021-04-21","'3140HMJ21'","MBS","UMBS MORTPASS 4% 07/48","30yr",,,,,"13573524.39",,,,,,""
"2021-04-21","'3140JSTQ2'","MBS","UMBS MORTPASS 3% 07/49","30yr",,,,,"13571467.64",,,,,,""
"2021-04-21","'3133A1CM2'","MBS","UMBS MORTPASS 2.5% 01/50","30yr",,,,,"13562137.07",,,,,,""
"2021-04-21","'3140X6AU5'","MBS","UMBS MORTPASS 3% 04/30","Other",,,,,"13560473.15",,,,,,""
"2021-04-21","'36202FJP2'","MBS","GNMA II MORTPASS 4% 08/40","30yr",,,,,"13554668.49",,,,,,""
"2021-04-21","'31417DF57'","MBS","UMBS MORTPASS 3% 10/27","15yr",,,,,"13549460.35",,,,,,""
"2021-04-21","'3138WEW62'","MBS","UMBS MORTPASS 3% 06/45","30yr",,,,,"13525554.05",,,,,,""
"2021-04-21","'31417B5Y9'","MBS","UMBS MORTPASS 3% 06/27","15yr",,,,,"13519432.77",,,,,,""
"2021-04-21","'3138EL5V1'","MBS","UMBS MORTPASS 3% 01/28","15yr",,,,,"13505444.67",,,,,,""
"2021-04-21","'3132A8X38'","MBS","UMBS MORTPASS 2.5% 09/31","15yr",,,,,"13497641.3",,,,,,""
"2021-04-21","'31334XPU7'","MBS","UMBS MORTPASS 3% 07/49","30yr",,,,,"13487480.96",,,,,,""
"2021-04-21","'31418CQG2'","MBS","UMBS MORTPASS 2.5% 10/32","15yr",,,,,"13484718.31",,,,,,""
"2021-04-21","'3140QB4M7'","MBS","UMBS MORTPASS 3% 10/49","30yr",,,,,"13471185.12",,,,,,""
"2021-04-21","'3140L5AS5'","MBS","UMBS MORTPASS 2.5% 04/51","30yr",,,,,"13469960",,,,,,""
"2021-04-21","'3140K7N33'","MBS","UMBS MORTPASS 3% 03/50","30yr",,,,,"13438239.61",,,,,,""
"2021-04-21","'3140JX5W4'","MBS","UMBS MORTPASS 3.5% 08/49","30yr",,,,,"13415881.39",,,,,,""
"2021-04-21","'3131X8P91'","MBS","UMBS MORTPASS 2.5% 02/28","15yr",,,,,"13406550.34",,,,,,""
"2021-04-21","'36202FGW0'","MBS","GNMA II 4.5% 06/40","30yr",,,,,"13403847.15",,,,,,""
"2021-04-21","'3133KGQ43'","MBS","UMBS MORTPASS 3.5% 09/49","30yr",,,,,"13397891.27",,,,,,""
"2021-04-21","'3140JVR53'","MBS","UMBS MORTPASS 3.5% 09/49","30yr",,,,,"13385094.43",,,,,,""
"2021-04-21","'3140KAMP8'","MBS","UMBS MORTPASS 2.5% 03/50","30yr",,,,,"13381308.39",,,,,,""
"2021-04-21","'3131Y2BC1'","MBS","UMBS MORTPASS 4% 07/48","30yr",,,,,"13366677.28",,,,,,""
"2021-04-21","'31417GWG7'","MBS","UMBS MORTPASS 2.5% 06/28","15yr",,,,,"13361571.81",,,,,,""
"2021-04-21","'31334WHT1'","MBS","UMBS MORTPASS 3.5% 06/49","30yr",,,,,"13360503.44",,,,,,""
"2021-04-21","'3140KLPH9'","MBS","UMBS MORTPASS 2.5% 08/50","30yr",,,,,"13345012.98",,,,,,""
"2021-04-21","'3132A8ZA0'","MBS","UMBS MORTPASS 3% 01/28","Other",,,,,"13341207.03",,,,,,""
"2021-04-21","'31329PYV9'","MBS","UMBS MORTPASS 4.5% 12/48","30yr",,,,,"13340238.68",,,,,,""
"2021-04-21","'3133L8EK7'","MBS","UMBS MORTPASS 2% 05/36","15yr",,,,,"13335684",,,,,,""
"2021-04-21","'3138E9QH6'","MBS","UMBS MORTPASS 4% 03/42","30yr",,,,,"13320921.29",,,,,,""
"2021-04-21","'3140JXAB4'","MBS","UMBS MORTPASS 3.5% 07/49","30yr",,,,,"13296028.99",,,,,,""
"2021-04-21","'31418DTE2'","MBS","UMBS MORTPASS 2% 10/30","Other",,,,,"13293941.88",,,,,,""
"2021-04-21","'3133A3TN8'","MBS","UMBS MORTPASS 3% 04/50","30yr",,,,,"13285968.85",,,,,,""
"2021-04-21","'3128MFTB4'","MBS","FHLMCGLD 4% 07/29","15yr",,,,,"13276482.12",,,,,,""
"2021-04-21","'3132A9T98'","MBS","UMBS MORTPASS 3% 11/32","15yr",,,,,"13265707.82",,,,,,""
"2021-04-21","'3133A9UL7'","MBS","UMBS MORTPASS 2.5% 08/50","30yr",,,,,"13261130.6",,,,,,""
"2021-04-21","'3132A9VB0'","MBS","UMBS MORTPASS 3% 08/33","15yr",,,,,"13258834.97",,,,,,""
"2021-04-21","'36202E5G0'","MBS","GNMA II MORTPASS 5% 05/39","30yr",,,,,"13256332.97",,,,,,""
"2021-04-21","'3140HBF29'","MBS","UMBS MORTPASS 3% 05/33","15yr",,,,,"13242614.53",,,,,,""
"2021-04-21","'3133A3NA2'","MBS","UMBS MORTPASS 3% 04/50","30yr",,,,,"13233059.79",,,,,,""
"2021-04-21","'3140KNFZ6'","MBS","UMBS MORTPASS 2.5% 09/50","30yr",,,,,"13227580.46",,,,,,""
"2021-04-21","'3138W0WA3'","MBS","UMBS MORTPASS 3.5% 02/43","30yr",,,,,"13221146.71",,,,,,""
"2021-04-21","'31329Q5U1'","MBS","UMBS MORTPASS 4.5% 06/49","30yr",,,,,"13217759.43",,,,,,""
"2021-04-21","'3140KMZT0'","MBS","UMBS MORTPASS 2% 09/50","30yr",,,,,"13200200.72",,,,,,""
"2021-04-21","'3140KC4X7'","MBS","UMBS MORTPASS 2.5% 05/50","30yr",,,,,"13196463.74",,,,,,""
"2021-04-21","'31346YSU8'","MBS","UMBS MORTPASS 3% 12/49","30yr",,,,,"13179557.85",,,,,,""
"2021-04-21","'3140X4MS2'","MBS","UMBS MORTPASS 3.5% 07/49","30yr",,,,,"13178907.2",,,,,,""
"2021-04-21","'3140KQ2X8'","MBS","UMBS MORTPASS 1.5% 11/50","30yr",,,,,"13178578.2",,,,,,""
"2021-04-21","'3140KPCL5'","MBS","UMBS MORTPASS 2% 09/50","30yr",,,,,"13162052.47",,,,,,""
"2021-04-21","'3128M8XG4'","MBS","FHLMCGLD 4% 03/39","30yr",,,,,"13144605.91",,,,,,"Y"
"2021-04-21","'31417DRB1'","MBS","UMBS MORTPASS 2.5% 11/27","15yr",,,,,"13131564.99",,,,,,""
"2021-04-21","'3131X85U6'","MBS","UMBS MORTPASS 2.5% 04/28","15yr",,,,,"13131440.48",,,,,,""
"2021-04-21","'3131X7HZ4'","MBS","UMBS MORTPASS 3% 01/27","15yr",,,,,"13125054.67",,,,,,""
"2021-04-21","'3133AFUS8'","MBS","UMBS MORTPASS 1.5% 02/51","30yr",,,,,"13121610.24",,,,,,""
"2021-04-21","'3128M8WT7'","MBS","FHLMCGLD 5.5% 07/39","30yr",,,,,"13121438.37",,,,,,"Y"
"2021-04-21","'3133AACB6'","MBS","UMBS MORTPASS 2.5% 09/50","30yr",,,,,"13113431.65",,,,,,""
"2021-04-21","'3140K3S29'","MBS","UMBS MORTPASS 2.5% 12/49","30yr",,,,,"13112812.47",,,,,,""
"2021-04-21","'3140QCUY0'","MBS","UMBS MORTPASS 3% 01/50","30yr",,,,,"13109574.85",,,,,,""
"2021-04-21","'31417BPG6'","MBS","UMBS MORTPASS 3% 04/27","15yr",,,,,"13108566.11",,,,,,""
"2021-04-21","'3140K43N8'","MBS","UMBS MORTPASS 3% 01/50","30yr",,,,,"13103070.46",,,,,,""
"2021-04-21","'3140JXMY1'","MBS","UMBS MORTPASS 3% 08/49","30yr",,,,,"13096098.95",,,,,,""
"2021-04-21","'3140JY3D6'","MBS","UMBS MORTPASS 2.5% 03/50","30yr",,,,,"13093441.33",,,,,,""
"2021-04-21","'3140K8R86'","MBS","UMBS MORTPASS 2.5% 03/50","30yr",,,,,"13086874.64",,,,,,""
"2021-04-21","'3133A4CN4'","MBS","UMBS MORTPASS 3% 04/50","30yr",,,,,"13074923.95",,,,,,""
"2021-04-21","'31418DG22'","MBS","UMBS MORTPASS 2% 10/34","15yr",,,,,"13074408",,,,,,""
"2021-04-21","'31418CZA5'","MBS","UMBS MORTPASS 3.5% 08/28","Other",,,,,"13073400.71",,,,,,""
"2021-04-21","'3140JVEX6'","MBS","UMBS MORTPASS 4% 08/49","30yr",,,,,"13068561.76",,,,,,""
"2021-04-21","'3138EGVY7'","MBS","UMBS MORTPASS 5.5% 02/39","30yr",,,,,"13065293.69",,,,,,"Y"
"2021-04-21","'3133G9TZ2'","MBS","UMBS MORTPASS 2% 09/35","15yr",,,,,"13035011.65",,,,,,""
"2021-04-21","'3138XGSB0'","MBS","UMBS MORTPASS 4% 02/44","30yr",,,,,"13024640.26",,,,,,""
"2021-04-21","'3133A4HS8'","MBS","UMBS MORTPASS 3% 05/50","30yr",,,,,"13019451",,,,,,""
"2021-04-21","'3140QERX2'","MBS","UMBS MORTPASS 2.5% 08/50","30yr",,,,,"13017286.57",,,,,,""
"2021-04-21","'3140Q9CM3'","MBS","UMBS MORTPASS 3.5% 06/48","30yr",,,,,"13002027.35",,,,,,""
"2021-04-21","'3140JMZY1'","MBS","UMBS MORTPASS 4% 02/49","30yr",,,,,"13000753.27",,,,,,""
"2021-04-21","'3140KHV73'","MBS","UMBS MORTPASS 2.5% 06/50","30yr",,,,,"12987948.46",,,,,,""
"2021-04-21","'3140KHW80'","MBS","UMBS MORTPASS 2.5% 07/50","30yr",,,,,"12985938.4",,,,,,""
"2021-04-21","'3133GCLG5'","MBS","UMBS MORTPASS 1.5% 03/36","15yr",,,,,"12981675",,,,,,""
"2021-04-21","'3128M8YA6'","MBS","FHLMCGLD 4.5% 07/39","30yr",,,,,"12979062.33",,,,,,"Y"
"2021-04-21","'3140JWJY7'","MBS","UMBS MORTPASS 3.5% 08/49","30yr",,,,,"12973294.33",,,,,,""
"2021-04-21","'3140KU2G6'","MBS","UMBS MORTPASS 2.5% 01/51","30yr",,,,,"12965756.4",,,,,,""
"2021-04-21","'3133AJ4Z3'","MBS","UMBS MORTPASS 2.5% 04/51","30yr",,,,,"12943339",,,,,,""
"2021-04-21","'3138EHCU4'","MBS","UMBS MORTPASS 5% 01/39","30yr",,,,,"12922779.69",,,,,,"Y"
"2021-04-21","'3133KHLB0'","MBS","UMBS MORTPASS 2.5% 02/50","30yr",,,,,"12918666.8",,,,,,""
"2021-04-21","'3132D9AP9'","MBS","UMBS MORTPASS 3% 10/39","Other",,,,,"12908733.6",,,,,,""
"2021-04-21","'31418CEB6'","MBS","UMBS MORTPASS 2.5% 12/26","Other",,,,,"12907970.13",,,,,,""
"2021-04-21","'3132M6DU1'","MBS","FHLMCGLD 4% 04/44","30yr",,,,,"12861814.32",,,,,,""
"2021-04-21","'3140X5NY5'","MBS","UMBS MORTPASS 3.5% 09/49","30yr",,,,,"12858591.08",,,,,,""
"2021-04-21","'3140JRY70'","MBS","UMBS MORTPASS 4% 05/49","30yr",,,,,"12849813.32",,,,,,""
"2021-04-21","'3133A2J27'","MBS","UMBS MORTPASS 3% 03/50","30yr",,,,,"12837442.19",,,,,,""
"2021-04-21","'3133A9ET8'","MBS","UMBS MORTPASS 2% 09/50","30yr",,,,,"12832794.27",,,,,,""
"2021-04-21","'3133A8FZ5'","MBS","UMBS MORTPASS 2.5% 08/50","30yr",,,,,"12809315.08",,,,,,""
"2021-04-21","'3140KF7E9'","MBS","UMBS MORTPASS 2% 08/50","30yr",,,,,"12799514.04",,,,,,""
"2021-04-21","'3140QHB95'","MBS","UMBS MORTPASS 2.5% 10/50","30yr",,,,,"12788385.05",,,,,,""
"2021-04-21","'3138M7CG8'","MBS","UMBS MORTPASS 3.5% 10/42","30yr",,,,,"12782290.9",,,,,,""
"2021-04-21","'3131Y1W55'","MBS","UMBS MORTPASS 4% 06/48","30yr",,,,,"12775280.46",,,,,,""
"2021-04-21","'3140JVT44'","MBS","UMBS MORTPASS 3% 10/49","30yr",,,,,"12755415.18",,,,,,""
"2021-04-21","'31334W2U4'","MBS","UMBS MORTPASS 3.5% 07/49","30yr",,,,,"12751263.23",,,,,,""
"2021-04-21","'3131X8K39'","MBS","UMBS MORTPASS 2.5% 12/27","15yr",,,,,"12743016",,,,,,""
"2021-04-21","'3140KGR54'","MBS","UMBS MORTPASS 2.5% 06/50","30yr",,,,,"12738014.03",,,,,,""
"2021-04-21","'3132ADS25'","MBS","UMBS MORTPASS 2.5% 05/28","Other",,,,,"12734774.02",,,,,,""
"2021-04-21","'3140X6CM1'","MBS","UMBS MORTPASS 2.5% 03/50","30yr",,,,,"12722658.22",,,,,,""
"2021-04-21","'3133ACB80'","MBS","UMBS MORTPASS 2.5% 11/50","30yr",,,,,"12722121.99",,,,,,""
"2021-04-21","'31334XEZ8'","MBS","UMBS MORTPASS 4.5% 07/49","30yr",,,,,"12719764.14",,,,,,""
"2021-04-21","'3140KXGB6'","MBS","UMBS MORTPASS 2.5% 01/51","30yr",,,,,"12715674.98",,,,,,""
"2021-04-21","'3140KVBW9'","MBS","UMBS MORTPASS 2% 12/50","30yr",,,,,"12714966.19",,,,,,""
"2021-04-21","'3140KVS27'","MBS","UMBS MORTPASS 2% 11/50","30yr",,,,,"12697992.32",,,,,,""
"2021-04-21","'3140KGSF1'","MBS","UMBS MORTPASS 2% 06/35","15yr",,,,,"12682564.9",,,,,,""
"2021-04-21","'3128M8RG1'","MBS","FHLMCGLD 5.5% 05/39","30yr",,,,,"12668889.35",,,,,,"Y"
"2021-04-21","'3131Y9D59'","MBS","UMBS MORTPASS 4% 01/49","30yr",,,,,"12666003.73",,,,,,""
"2021-04-21","'3140HN3J9'","MBS","UMBS MORTPASS 4% 10/48","30yr",,,,,"12663004.29",,,,,,""
"2021-04-21","'3132AD7H5'","MBS","UMBS MORTPASS 3% 01/27","15yr",,,,,"12662054.74",,,,,,""
"2021-04-21","'3133KHVR4'","MBS","UMBS MORTPASS 3% 04/50","30yr",,,,,"12661677.1",,,,,,""
"2021-04-21","'3133GAXE1'","MBS","UMBS MORTPASS 1.5% 11/35","15yr",,,,,"12660653.18",,,,,,""
"2021-04-21","'31418DN32'","MBS","UMBS MORTPASS 2% 05/30","Other",,,,,"12657571.56",,,,,,""
"2021-04-21","'3131Y3W44'","MBS","UMBS MORTPASS 4.5% 10/48","30yr",,,,,"12650366.91",,,,,,""
"2021-04-21","'31418DBV3'","MBS","UMBS MORTPASS 2.5% 04/34","15yr",,,,,"12649647.65",,,,,,""
"2021-04-21","'3140KNPK8'","MBS","UMBS MORTPASS 2% 10/35","15yr",,,,,"12648430.07",,,,,,""
"2021-04-21","'3140JLLW2'","MBS","UMBS MORTPASS 4% 01/49","30yr",,,,,"12642909.48",,,,,,""
"2021-04-21","'3138ELGM9'","MBS","UMBS MORTPASS 3% 06/28","15yr",,,,,"12639971.17",,,,,,""
"2021-04-21","'31417FLY2'","MBS","UMBS MORTPASS 2% 02/28","15yr",,,,,"12634117.52",,,,,,""
"2021-04-21","'3133A4AF3'","MBS","UMBS MORTPASS 2.5% 04/50","30yr",,,,,"12622642.2",,,,,,""
"2021-04-21","'3140HF5E5'","MBS","UMBS MORTPASS 2% 06/50","30yr",,,,,"12619949.16",,,,,,""
"2021-04-21","'3138LQ3J1'","MBS","UMBS MORTPASS 3% 04/27","15yr",,,,,"12619416.93",,,,,,""
"2021-04-21","'3140X9E68'","MBS","UMBS MORTPASS 1.5% 12/50","30yr",,,,,"12611578.8",,,,,,""
"2021-04-21","'3133A2JR2'","MBS","UMBS MORTPASS 3% 03/50","30yr",,,,,"12598511.81",,,,,,""
"2021-04-21","'31339SBJ3'","MBS","UMBS MORTPASS 3.5% 09/49","30yr",,,,,"12598494.88",,,,,,""
"2021-04-21","'3140X8CH8'","MBS","UMBS MORTPASS 2% 09/45","30yr",,,,,"12593139.22",,,,,,""
"2021-04-21","'31417FSD1'","MBS","UMBS MORTPASS 3% 03/43","30yr",,,,,"12582502.88",,,,,,""
"2021-04-21","'3140KUP71'","MBS","UMBS MORTPASS 1.5% 12/50","30yr",,,,,"12581442.87",,,,,,""
"2021-04-21","'3140JVUC4'","MBS","UMBS MORTPASS 3% 10/49","30yr",,,,,"12545636.39",,,,,,""
"2021-04-21","'31418C2W3'","MBS","UMBS MORTPASS 3% 10/33","15yr",,,,,"12539338.04",,,,,,""
"2021-04-21","'3132A9M53'","MBS","UMBS MORTPASS 2.5% 01/28","15yr",,,,,"12536446.17",,,,,,""
"2021-04-21","'3131Y8ZP3'","MBS","UMBS MORTPASS 4% 01/49","30yr",,,,,"12532648.19",,,,,,""
"2021-04-21","'3138MQCX9'","MBS","UMBS MORTPASS 2.5% 01/28","15yr",,,,,"12527835.27",,,,,,""
"2021-04-21","'36179RD89'","MBS","GNMA II MORTPASS 4% 05/45","30yr",,,,,"12521367.41",,,,,,""
"2021-04-21","'3133A8H34'","MBS","UMBS MORTPASS 2% 08/50","30yr",,,,,"12509350.44",,,,,,""
"2021-04-21","'3140X4PJ9'","MBS","UMBS MORTPASS 3% 11/31","15yr",,,,,"12503995.25",,,,,,""
"2021-04-21","'3140KDNC0'","MBS","UMBS MORTPASS 2% 05/35","15yr",,,,,"12500007.22",,,,,,""
"2021-04-21","'31418CSJ4'","MBS","UMBS MORTPASS 2.5% 12/27","Other",,,,,"12496810.36",,,,,,""
"2021-04-21","'3133GCL83'","MBS","UMBS MORTPASS 2% 03/36","15yr",,,,,"12488895",,,,,,""
"2021-04-21","'3140JXQM3'","MBS","UMBS MORTPASS 3.5% 07/49","30yr",,,,,"12485602.81",,,,,,""
"2021-04-21","'3133KLMC8'","MBS","UMBS MORTPASS 2.5% 12/50","30yr",,,,,"12485027",,,,,,""
"2021-04-21","'31329KX66'","MBS","UMBS MORTPASS 3% 04/38","Other",,,,,"12476327.27",,,,,,""
"2021-04-21","'3140HFKD0'","MBS","UMBS MORTPASS 3% 02/50","30yr",,,,,"12470573.56",,,,,,""
"2021-04-21","'3133USGM7'","MBS","UMBS MORTPASS 3.5% 02/50","30yr",,,,,"12469430.85",,,,,,""
"2021-04-21","'3133KHF68'","MBS","UMBS MORTPASS 3.5% 01/50","30yr",,,,,"12459209.75",,,,,,""
"2021-04-21","'3131XX4N8'","MBS","UMBS MORTPASS 3.5% 10/47","30yr",,,,,"12436459.4",,,,,,""
"2021-04-21","'3132A9AB3'","MBS","UMBS MORTPASS 3% 05/33","15yr",,,,,"12431526.15",,,,,,""
"2021-04-21","'3131YAUM0'","MBS","UMBS MORTPASS 4.5% 03/49","30yr",,,,,"12426414.97",,,,,,""
"2021-04-21","'3131Y2FS2'","MBS","UMBS MORTPASS 3.5% 07/48","30yr",,,,,"12423573.37",,,,,,""
"2021-04-21","'3140QCCS3'","MBS","UMBS MORTPASS 4.5% 11/49","30yr",,,,,"12423248.57",,,,,,""
"2021-04-21","'31307TGZ8'","MBS","FHLMCGLD 2.5% 03/32","15yr",,,,,"12421410.22",,,,,,""
"2021-04-21","'31417EBT7'","MBS","UMBS MORTPASS 2.5% 12/27","15yr",,,,,"12418980.99",,,,,,""
"2021-04-21","'3133KHRU2'","MBS","UMBS MORTPASS 2.5% 03/50","30yr",,,,,"12413569.76",,,,,,""
"2021-04-21","'3140X5RP0'","MBS","UMBS MORTPASS 3% 12/33","15yr",,,,,"12409485.3",,,,,,""
"2021-04-21","'31334YFE2'","MBS","UMBS MORTPASS 4% 08/49","30yr",,,,,"12409337.75",,,,,,""
"2021-04-21","'3622A2RJ3'","MBS","GNMA II 3.5% 12/45","30yr",,,,,"12408827.3",,,,,,""
"2021-04-21","'3140H7F28'","MBS","UMBS MORTPASS 2% 05/35","15yr",,,,,"12403744.78",,,,,,""
"2021-04-21","'3128MC2W4'","MBS","FHLMCGLD 4% 07/24","15yr",,,,,"12403286.73",,,,,,"Y"
"2021-04-21","'3140KQUQ2'","MBS","UMBS MORTPASS 2% 10/50","30yr",,,,,"12395813.13",,,,,,""
"2021-04-21","'3140JVUM2'","MBS","UMBS MORTPASS 3.5% 11/49","30yr",,,,,"12377494.11",,,,,,""
"2021-04-21","'3140KLP30'","MBS","UMBS MORTPASS 2% 08/50","30yr",,,,,"12364312.69",,,,,,""
"2021-04-21","'3132J9N95'","MBS","FHLMCGLD 3.5% 05/43","30yr",,,,,"12362032.77",,,,,,""
"2021-04-21","'3133GBA53'","MBS","UMBS MORTPASS 1.5% 12/35","15yr",,,,,"12361450.18",,,,,,""
"2021-04-21","'3132ADPG7'","MBS","UMBS MORTPASS 3% 10/48","30yr",,,,,"12360979.79",,,,,,""
"2021-04-21","'3140F9WU5'","MBS","UMBS MORTPASS 3% 01/32","15yr",,,,,"12354515.82",,,,,,""
"2021-04-21","'3140L7BS0'","MBS","UMBS MORTPASS 2.5% 04/51","30yr",,,,,"12354377",,,,,,""
"2021-04-21","'3128MFGF9'","MBS","FHLMCGLD 3.5% 04/27","15yr",,,,,"12344925.21",,,,,,"Y"
"2021-04-21","'3140KDMQ0'","MBS","UMBS MORTPASS 3% 05/50","30yr",,,,,"12342806.64",,,,,,""
"2021-04-21","'3140L2EK5'","MBS","UMBS MORTPASS 1.5% 02/51","30yr",,,,,"12341413.87",,,,,,""
"2021-04-21","'3133KHVG8'","MBS","UMBS MORTPASS 3% 04/50","30yr",,,,,"12329140.12",,,,,,""
"2021-04-21","'3138M3RQ9'","MBS","UMBS MORTPASS 3.5% 08/42","30yr",,,,,"12308652.68",,,,,,""
"2021-04-21","'3131X8H74'","MBS","UMBS MORTPASS 2.5% 12/27","15yr",,,,,"12300354.75",,,,,,""
"2021-04-21","'3622AACX0'","MBS","GNMA I MORTPASS 6% 05/39","30yr",,,,,"12289960.63",,,,,,"Y"
"2021-04-21","'3140L5ZL3'","MBS","UMBS MORTPASS 2% 03/51","30yr",,,,,"12277208",,,,,,""
"2021-04-21","'3133ADL79'","MBS","UMBS MORTPASS 1.5% 12/50","30yr",,,,,"12264554.21",,,,,,""
"2021-04-21","'3131Y3GJ9'","MBS","UMBS MORTPASS 3.5% 09/48","30yr",,,,,"12255749.78",,,,,,""
"2021-04-21","'3138ETFK7'","MBS","UMBS MORTPASS 2.5% 04/31","15yr",,,,,"12254202.02",,,,,,""
"2021-04-21","'3140HEAY8'","MBS","UMBS MORTPASS 4.5% 07/48","30yr",,,,,"12253776.09",,,,,,""
"2021-04-21","'3140JQNE9'","MBS","UMBS MORTPASS 3.5% 06/49","30yr",,,,,"12236108.56",,,,,,""
"2021-04-21","'3132AD7K8'","MBS","UMBS MORTPASS 3% 03/34","15yr",,,,,"12232222.02",,,,,,""
"2021-04-21","'3140L3U90'","MBS","UMBS MORTPASS 2% 02/51","30yr",,,,,"12225632.77",,,,,,""
"2021-04-21","'3132DMC86'","MBS","UMBS MORTPASS 2.5% 10/49","30yr",,,,,"12222733.03",,,,,,""
"2021-04-21","'3133AJFC2'","MBS","UMBS MORTPASS 2% 03/51","30yr",,,,,"12221173",,,,,,""
"2021-04-21","'3140X9W68'","MBS","UMBS MORTPASS 1.5% 03/36","15yr",,,,,"12220895.45",,,,,,""
"2021-04-21","'31417F6Z6'","MBS","UMBS MORTPASS 2% 04/28","15yr",,,,,"12212099.32",,,,,,""
"2021-04-21","'3140QCLB0'","MBS","UMBS MORTPASS 4% 05/49","30yr",,,,,"12211498.79",,,,,,""
"2021-04-21","'3138X3GC0'","MBS","UMBS MORTPASS 2% 08/28","15yr",,,,,"12203633.96",,,,,,""
"2021-04-21","'3133A6KX8'","MBS","UMBS MORTPASS 2.5% 06/50","30yr",,,,,"12183878.79",,,,,,""
"2021-04-21","'3140X7NG0'","MBS","UMBS MORTPASS 2% 08/50","30yr",,,,,"12182890.78",,,,,,""
"2021-04-21","'3133A1RB0'","MBS","UMBS MORTPASS 3.5% 01/50","30yr",,,,,"12181965.43",,,,,,""
"2021-04-21","'31339SE50'","MBS","UMBS MORTPASS 3% 09/49","30yr",,,,,"12176598.83",,,,,,""
"2021-04-21","'36202E5E5'","MBS","GNMA II MORTPASS 4% 05/39","30yr",,,,,"12169005.38",,,,,,""
"2021-04-21","'36297GW48'","MBS","GNMA I MORTPASS 3% 06/43","30yr",,,,,"12153417.63",,,,,,""
"2021-04-21","'31307BC32'","MBS","FHLMCGLD 2.5% 03/28","15yr",,,,,"12134973.71",,,,,,""
"2021-04-21","'3140JHES8'","MBS","UMBS MORTPASS 4% 10/48","30yr",,,,,"12134936.74",,,,,,""
"2021-04-21","'3140HF5Q8'","MBS","UMBS MORTPASS 2.5% 05/50","30yr",,,,,"12133264.11",,,,,,""
"2021-04-21","'3131Y04D1'","MBS","UMBS MORTPASS 4% 04/48","30yr",,,,,"12131099.22",,,,,,""
"2021-04-21","'3133KGGS1'","MBS","UMBS MORTPASS 3.5% 07/49","30yr",,,,,"12124069.83",,,,,,""
"2021-04-21","'3133AGKJ7'","MBS","UMBS MORTPASS 2% 01/51","30yr",,,,,"12110768.52",,,,,,""
"2021-04-21","'3140HKD21'","MBS","UMBS MORTPASS 2.5% 09/50","30yr",,,,,"12101189.7",,,,,,""
"2021-04-21","'3133AFQ53'","MBS","UMBS MORTPASS 1.5% 02/51","30yr",,,,,"12099581.48",,,,,,""
"2021-04-21","'3133AABG6'","MBS","UMBS MORTPASS 2.5% 09/50","30yr",,,,,"12091135.58",,,,,,""
"2021-04-21","'31374CPJ9'","MBS","UMBS MORTPASS 2.5% 05/28","15yr",,,,,"12081864.67",,,,,,""
"2021-04-21","'36178D2L4'","MBS","GNMA I MORTPASS 3% 03/43","30yr",,,,,"12079965.98",,,,,,""
"2021-04-21","'3140QFUV9'","MBS","UMBS MORTPASS 2% 07/50","30yr",,,,,"12073269.68",,,,,,""
"2021-04-21","'31346Y3C5'","MBS","UMBS MORTPASS 2.5% 12/49","30yr",,,,,"12067867.32",,,,,,""
"2021-04-21","'3138WA7F8'","MBS","UMBS MORTPASS 4.5% 02/44","30yr",,,,,"12063023.03",,,,,,""
"2021-04-21","'3132A5JM8'","MBS","UMBS MORTPASS 3.5% 05/48","30yr",,,,,"12047003.67",,,,,,""
"2021-04-21","'3140L25Q2'","MBS","UMBS MORTPASS 1.5% 03/51","30yr",,,,,"12036050",,,,,,""
"2021-04-21","'3132A5GL3'","MBS","UMBS MORTPASS 3% 02/47","30yr",,,,,"12030989.3",,,,,,""
"2021-04-21","'3140X44E3'","MBS","UMBS MORTPASS 3% 06/34","15yr",,,,,"12026603.81",,,,,,""
"2021-04-21","'3133KGX78'","MBS","UMBS MORTPASS 3.5% 08/49","30yr",,,,,"12024184.44",,,,,,""
"2021-04-21","'3132ADX45'","MBS","UMBS MORTPASS 2.5% 02/28","15yr",,,,,"12019013.13",,,,,,""
"2021-04-21","'3140KNVK1'","MBS","UMBS MORTPASS 2.5% 08/50","30yr",,,,,"12013387.83",,,,,,""
"2021-04-21","'31334YG50'","MBS","UMBS MORTPASS 2.5% 08/49","30yr",,,,,"12007433.13",,,,,,""
"2021-04-21","'3140HDP99'","MBS","UMBS MORTPASS 2.5% 12/49","30yr",,,,,"11995509.38",,,,,,""
"2021-04-21","'3140KEN87'","MBS","UMBS MORTPASS 2% 09/50","30yr",,,,,"11986233.54",,,,,,""
"2021-04-21","'3140L72P6'","MBS","UMBS MORTPASS 2% 04/51","30yr",,,,,"11972227",,,,,,""
"2021-04-21","'3140KPHS5'","MBS","UMBS MORTPASS 2% 10/50","30yr",,,,,"11968718.32",,,,,,""
"2021-04-21","'36297GTA8'","MBS","GNMA I 3.5% 04/42","30yr",,,,,"11962380.71",,,,,,""
"2021-04-21","'31410LV66'","MBS","UMBS MORTPASS 3% 10/28","15yr",,,,,"11947066.39",,,,,,""
"2021-04-21","'3140L3ND9'","MBS","UMBS MORTPASS 1.5% 03/36","15yr",,,,,"11940722",,,,,,""
"2021-04-21","'3132L5KJ1'","MBS","FHLMCGLD 3.5% 07/43","30yr",,,,,"11937976.45",,,,,,""
"2021-04-21","'3140X4VQ6'","MBS","UMBS MORTPASS 2.5% 01/27","Other",,,,,"11915848.69",,,,,,""
"2021-04-21","'3133KHEH5'","MBS","UMBS MORTPASS 3.5% 12/49","30yr",,,,,"11914528.47",,,,,,""
"2021-04-21","'3128ME7H8'","MBS","FHLMCGLD 2.5% 02/32","15yr",,,,,"11906137.44",,,,,,""
"2021-04-21","'31418DP71'","MBS","UMBS MORTPASS 2% 06/40","Other",,,,,"11899420.56",,,,,,""
"2021-04-21","'3138EAAL1'","MBS","UMBS MORTPASS 3% 03/27","15yr",,,,,"11890980.24",,,,,,""
"2021-04-21","'31334WGJ4'","MBS","UMBS MORTPASS 3% 06/49","30yr",,,,,"11885044.8",,,,,,""
"2021-04-21","'36179VFQ8'","MBS","GNMA II 3.5% 02/50","30yr",,,,,"11882608.33",,,,,,""
"2021-04-21","'3140KCDF6'","MBS","UMBS MORTPASS 2.5% 04/50","30yr",,,,,"11882497.82",,,,,,""
"2021-04-21","'3140QCTK2'","MBS","UMBS MORTPASS 3.5% 07/49","30yr",,,,,"11877853.8",,,,,,""
"2021-04-21","'3140JVT69'","MBS","UMBS MORTPASS 3% 10/49","30yr",,,,,"11876010.15",,,,,,""
"2021-04-21","'3140JYK21'","MBS","UMBS MORTPASS 3% 09/49","30yr",,,,,"11873017.42",,,,,,""
"2021-04-21","'3133KHBN5'","MBS","UMBS MORTPASS 3.5% 10/49","30yr",,,,,"11868023.7",,,,,,""
"2021-04-21","'3140HNYG1'","MBS","UMBS MORTPASS 4% 08/48","30yr",,,,,"11856086.64",,,,,,""
"2021-04-21","'3140H1WH9'","MBS","UMBS MORTPASS 3.5% 03/48","30yr",,,,,"11828154.41",,,,,,""
"2021-04-21","'3133GBC69'","MBS","UMBS MORTPASS 2% 01/36","15yr",,,,,"11826462.26",,,,,,""
"2021-04-21","'3132J7NS7'","MBS","FHLMCGLD 3.5% 03/43","30yr",,,,,"11826000.43",,,,,,""
"2021-04-21","'3140JHY23'","MBS","UMBS MORTPASS 4.5% 11/48","30yr",,,,,"11821595.32",,,,,,""
"2021-04-21","'3131X9GF5'","MBS","UMBS MORTPASS 2.5% 06/28","15yr",,,,,"11797401.67",,,,,,""
"2021-04-21","'3140JJLR8'","MBS","UMBS MORTPASS 4% 11/48","30yr",,,,,"11768452.81",,,,,,""
"2021-04-21","'3138E0SF7'","MBS","UMBS MORTPASS 3% 12/26","15yr",,,,,"11756602.35",,,,,,""
"2021-04-21","'3140JVSA1'","MBS","UMBS MORTPASS 3% 09/49","30yr",,,,,"11754096.77",,,,,,""
"2021-04-21","'3622A2RR5'","MBS","GNMA II 3.5% 01/46","30yr",,,,,"11754034.16",,,,,,""
"2021-04-21","'3622A2RU8'","MBS","GNMA II 3.5% 01/46","30yr",,,,,"11754034.16",,,,,,""
"2021-04-21","'3140Q8F67'","MBS","UMBS MORTPASS 2.5% 01/33","15yr",,,,,"11749051.05",,,,,,""
"2021-04-21","'3138EKGA7'","MBS","UMBS MORTPASS 3.5% 12/42","30yr",,,,,"11737132.83",,,,,,""
"2021-04-21","'3133A3FV5'","MBS","UMBS MORTPASS 3% 03/50","30yr",,,,,"11736964.58",,,,,,""
"2021-04-21","'3140H6BQ1'","MBS","UMBS MORTPASS 3.5% 01/48","30yr",,,,,"11715773.88",,,,,,""
"2021-04-21","'3140X9YS8'","MBS","UMBS MORTPASS 1.5% 02/51","30yr",,,,,"11694171.3",,,,,,""
"2021-04-21","'3140KCEG3'","MBS","UMBS MORTPASS 2.5% 04/50","30yr",,,,,"11691218.5",,,,,,""
"2021-04-21","'3133A4BS4'","MBS","UMBS MORTPASS 3% 04/50","30yr",,,,,"11683010.24",,,,,,""
"2021-04-21","'3133A4KP0'","MBS","UMBS MORTPASS 2.5% 05/50","30yr",,,,,"11678368.04",,,,,,""
"2021-04-21","'3140QGFC6'","MBS","UMBS MORTPASS 2% 06/35","15yr",,,,,"11674665.18",,,,,,""
"2021-04-21","'3140K05F1'","MBS","UMBS MORTPASS 3% 11/49","30yr",,,,,"11662139.86",,,,,,""
"2021-04-21","'3132KGEL0'","MBS","FHLMCGLD 3.5% 02/33","15yr",,,,,"11648685.39",,,,,,""
"2021-04-21","'3133A8G84'","MBS","UMBS MORTPASS 2.5% 08/50","30yr",,,,,"11647226.14",,,,,,""
"2021-04-21","'3138W4TZ4'","MBS","UMBS MORTPASS 2% 02/28","15yr",,,,,"11643971.02",,,,,,""
"2021-04-21","'3140GWUP6'","MBS","UMBS MORTPASS 3.5% 08/47","30yr",,,,,"11641869.38",,,,,,""
"2021-04-21","'31417HA53'","MBS","UMBS MORTPASS 2% 07/28","15yr",,,,,"11633626.77",,,,,,""
"2021-04-21","'31334X3Q0'","MBS","UMBS MORTPASS 3% 08/49","30yr",,,,,"11632988.67",,,,,,""
"2021-04-21","'3138YGZF2'","MBS","UMBS MORTPASS 3% 05/45","30yr",,,,,"11621855",,,,,,""
"2021-04-21","'3133ADGX8'","MBS","UMBS MORTPASS 2% 12/50","30yr",,,,,"11620379.4",,,,,,""
"2021-04-21","'3140KAME3'","MBS","UMBS MORTPASS 3% 03/50","30yr",,,,,"11619010.49",,,,,,""
"2021-04-21","'31307UV70'","MBS","FHLMCGLD 2.5% 11/32","15yr",,,,,"11618427.34",,,,,,""
"2021-04-21","'3140HB3L0'","MBS","UMBS MORTPASS 3% 10/49","30yr",,,,,"11606601.58",,,,,,""
"2021-04-21","'3133GCLP5'","MBS","UMBS MORTPASS 1.5% 03/36","15yr",,,,,"11606135",,,,,,""
"2021-04-21","'3133A26B1'","MBS","UMBS MORTPASS 2.5% 03/50","30yr",,,,,"11603649.65",,,,,,""
"2021-04-21","'3140QBLU0'","MBS","UMBS MORTPASS 3% 08/49","30yr",,,,,"11586413.88",,,,,,""
"2021-04-21","'3140X8AA5'","MBS","UMBS MORTPASS 2.5% 04/38","Other",,,,,"11585491.29",,,,,,""
"2021-04-21","'3131YCV94'","MBS","UMBS MORTPASS 3.5% 05/49","30yr",,,,,"11579336.08",,,,,,""
"2021-04-21","'3132ACYJ3'","MBS","UMBS MORTPASS 4.5% 10/48","30yr",,,,,"11575865.28",,,,,,""
"2021-04-21","'3133GCF80'","MBS","UMBS MORTPASS 1.5% 03/36","15yr",,,,,"11538591",,,,,,""
"2021-04-21","'3140JVR79'","MBS","UMBS MORTPASS 3% 09/49","30yr",,,,,"11535559.03",,,,,,""
"2021-04-21","'36179UML3'","MBS","GNMA II MORTPASS 4% 02/49","30yr",,,,,"11530236.03",,,,,,""
"2021-04-21","'3138WH2U5'","MBS","UMBS MORTPASS 2.5% 09/31","15yr",,,,,"11506897.68",,,,,,""
"2021-04-21","'3140JVDH2'","MBS","UMBS MORTPASS 4% 07/49","30yr",,,,,"11496476.62",,,,,,""
"2021-04-21","'3128MMXA6'","MBS","FHLMCGLD 2.5% 01/33","15yr",,,,,"11479180.45",,,,,,""
"2021-04-21","'3133KHVQ6'","MBS","UMBS MORTPASS 3% 04/50","30yr",,,,,"11476687.95",,,,,,""
"2021-04-21","'3140J5L49'","MBS","UMBS MORTPASS 3% 11/31","15yr",,,,,"11452536.69",,,,,,""
"2021-04-21","'3140GTQK9'","MBS","UMBS MORTPASS 3.5% 07/47","30yr",,,,,"11442202.1",,,,,,""
"2021-04-21","'3140J8XB4'","MBS","UMBS MORTPASS 3% 01/27","15yr",,,,,"11433680.21",,,,,,""
"2021-04-21","'3133AAWG3'","MBS","UMBS MORTPASS 2% 10/50","30yr",,,,,"11428936.46",,,,,,""
"2021-04-21","'3132L5L68'","MBS","FHLMCGLD 3.5% 08/43","30yr",,,,,"11427753.51",,,,,,""
"2021-04-21","'3131X8EZ5'","MBS","UMBS MORTPASS 2.5% 11/27","15yr",,,,,"11418535.01",,,,,,""
"2021-04-21","'3140K9H85'","MBS","UMBS MORTPASS 3% 03/50","30yr",,,,,"11411355.57",,,,,,""
"2021-04-21","'3132DMJW6'","MBS","UMBS MORTPASS 5.5% 05/40","30yr",,,,,"11410884.83",,,,,,""
"2021-04-21","'3140KNVY1'","MBS","UMBS MORTPASS 2.5% 08/50","30yr",,,,,"11410550.16",,,,,,""
"2021-04-21","'3140L13W3'","MBS","UMBS MORTPASS 2% 02/51","30yr",,,,,"11401111.45",,,,,,""
"2021-04-21","'3133AJGV9'","MBS","UMBS MORTPASS 2.5% 03/51","30yr",,,,,"11394047.2",,,,,,""
"2021-04-21","'3133ADC38'","MBS","UMBS MORTPASS 2% 12/50","30yr",,,,,"11373962.15",,,,,,""
"2021-04-21","'31368HNQ2'","MBS","UMBS MORTPASS 5.5% 11/39","30yr",,,,,"11366636.24",,,,,,""
"2021-04-21","'3140QF2C2'","MBS","UMBS MORTPASS 2.5% 05/50","30yr",,,,,"11355269.25",,,,,,""
"2021-04-21","'36202FAT3'","MBS","GNMA II MORTPASS 4% 08/39","30yr",,,,,"11352621.74",,,,,,""
"2021-04-21","'3132CJAU7'","MBS","UMBS MORTPASS 3% 07/28","Other",,,,,"11336474.76",,,,,,""
"2021-04-21","'3140KPKB8'","MBS","UMBS MORTPASS 1.5% 09/35","15yr",,,,,"11336089.37",,,,,,""
"2021-04-21","'3138EHCQ3'","MBS","UMBS MORTPASS 5% 04/38","30yr",,,,,"11315693.16",,,,,,"Y"
"2021-04-21","'31334YU21'","MBS","UMBS MORTPASS 3.5% 09/49","30yr",,,,,"11314662.39",,,,,,""
"2021-04-21","'3133A5CF8'","MBS","UMBS MORTPASS 2% 05/50","30yr",,,,,"11287915.35",,,,,,""
"2021-04-21","'3133D3G33'","MBS","UMBS MORTPASS 3% 03/40","Other",,,,,"11280252.93",,,,,,""
"2021-04-21","'3133A9DW2'","MBS","UMBS MORTPASS 2.5% 08/50","30yr",,,,,"11279906.12",,,,,,""
"2021-04-21","'3132A5HP3'","MBS","UMBS MORTPASS 3% 10/47","30yr",,,,,"11265638.84",,,,,,""
"2021-04-21","'3133A1EV0'","MBS","UMBS MORTPASS 3% 01/50","30yr",,,,,"11257525.38",,,,,,""
"2021-04-21","'31339UCM0'","MBS","UMBS MORTPASS 3.5% 10/49","30yr",,,,,"11254362.76",,,,,,""
"2021-04-21","'31418DP22'","MBS","UMBS MORTPASS 2% 06/30","Other",,,,,"11253760.79",,,,,,""
"2021-04-21","'31329QDG3'","MBS","UMBS MORTPASS 4% 03/39","Other",,,,,"11248038.52",,,,,,""
"2021-04-21","'3140QA4B3'","MBS","UMBS MORTPASS 4.5% 05/49","30yr",,,,,"11244429.52",,,,,,""
"2021-04-21","'31418AXP8'","MBS","UMBS MORTPASS 2% 09/23","Other",,,,,"11243028.89",,,,,,""
"2021-04-21","'3140K8P54'","MBS","UMBS MORTPASS 2.5% 03/50","30yr",,,,,"11200947.11",,,,,,""
"2021-04-21","'3140KFXY6'","MBS","UMBS MORTPASS 2.5% 06/50","30yr",,,,,"11199589.38",,,,,,""
"2021-04-21","'3140QGFH5'","MBS","UMBS MORTPASS 2% 06/50","30yr",,,,,"11193922.79",,,,,,""
"2021-04-21","'31418C5H3'","MBS","UMBS MORTPASS 3% 12/33","15yr",,,,,"11188478.29",,,,,,""
"2021-04-21","'3133A2RH5'","MBS","UMBS MORTPASS 3% 02/50","30yr",,,,,"11187143.19",,,,,,""
"2021-04-21","'3132ACLL2'","MBS","UMBS MORTPASS 3.5% 06/48","30yr",,,,,"11186825.46",,,,,,""
"2021-04-21","'3140HFE88'","MBS","UMBS MORTPASS 3.5% 03/48","30yr",,,,,"11186193.17",,,,,,""
"2021-04-21","'3140K8EB3'","MBS","UMBS MORTPASS 3% 02/50","30yr",,,,,"11173422.14",,,,,,""
"2021-04-21","'3140KYZS6'","MBS","UMBS MORTPASS 1.5% 02/36","15yr",,,,,"11159334.54",,,,,,""
"2021-04-21","'3140QBQ50'","MBS","UMBS MORTPASS 3.5% 09/49","30yr",,,,,"11150662.03",,,,,,""
"2021-04-21","'3138WBWX9'","MBS","UMBS MORTPASS 3% 05/29","15yr",,,,,"11141517.96",,,,,,""
"2021-04-21","'31334YLX3'","MBS","UMBS MORTPASS 3.5% 08/49","30yr",,,,,"11136884.32",,,,,,""
"2021-04-21","'31334YHP5'","MBS","UMBS MORTPASS 3% 08/49","30yr",,,,,"11132773.27",,,,,,""
"2021-04-21","'3138ETQN9'","MBS","UMBS MORTPASS 3% 05/41","30yr",,,,,"11108297.27",,,,,,""
"2021-04-21","'3140J7TY1'","MBS","UMBS MORTPASS 3% 01/28","Other",,,,,"11108238.82",,,,,,""
"2021-04-21","'3132A7RN3'","MBS","UMBS MORTPASS 2.5% 04/28","15yr",,,,,"11108194.44",,,,,,""
"2021-04-21","'3140JLZX5'","MBS","UMBS MORTPASS 4% 02/49","30yr",,,,,"11092542.78",,,,,,""
"2021-04-21","'3132AD4Q8'","MBS","UMBS MORTPASS 3% 02/34","15yr",,,,,"11091046.42",,,,,,""
"2021-04-21","'3140JWRL6'","MBS","UMBS MORTPASS 3.5% 07/49","30yr",,,,,"11090654.69",,,,,,""
"2021-04-21","'31307SLB7'","MBS","FHLMCGLD 3% 11/31","15yr",,,,,"11078753.65",,,,,,""
"2021-04-21","'31346YXD0'","MBS","UMBS MORTPASS 2.5% 12/49","30yr",,,,,"11077963.29",,,,,,""
"2021-04-21","'3133G8LZ2'","MBS","UMBS MORTPASS 2.5% 05/35","15yr",,,,,"11077161.75",,,,,,""
"2021-04-21","'3140HB5C8'","MBS","UMBS MORTPASS 2.5% 10/49","30yr",,,,,"11072877.55",,,,,,""
"2021-04-21","'3140KAMF0'","MBS","UMBS MORTPASS 3% 03/50","30yr",,,,,"11064333.8",,,,,,""
"2021-04-21","'3140HJG54'","MBS","UMBS MORTPASS 4% 09/48","30yr",,,,,"11050521.17",,,,,,""
"2021-04-21","'3140Q9T94'","MBS","UMBS MORTPASS 4% 09/48","30yr",,,,,"11041536.91",,,,,,""
"2021-04-21","'3132A9NB9'","MBS","UMBS MORTPASS 2.5% 05/28","15yr",,,,,"11039891.84",,,,,,""
"2021-04-21","'3622A2AD4'","MBS","GNMA II 3.5% 06/42","30yr",,,,,"11025735.13",,,,,,""
"2021-04-21","'3140HNZW5'","MBS","UMBS MORTPASS 4% 09/48","30yr",,,,,"11010074.11",,,,,,""
"2021-04-21","'3133L7RX7'","MBS","UMBS MORTPASS 3% 01/28","15yr",,,,,"11005660.77",,,,,,""
"2021-04-21","'3140X83J4'","MBS","UMBS MORTPASS 1.5% 12/50","30yr",,,,,"10991980.17",,,,,,""
"2021-04-21","'3140KBQV9'","MBS","UMBS MORTPASS 2.5% 05/50","30yr",,,,,"10989231.18",,,,,,""
"2021-04-21","'3133ABZK9'","MBS","UMBS MORTPASS 1.5% 11/50","30yr",,,,,"10955371.91",,,,,,""
"2021-04-21","'3140KEK80'","MBS","UMBS MORTPASS 2.5% 08/50","30yr",,,,,"10953813.25",,,,,,""
"2021-04-21","'3133A4G59'","MBS","UMBS MORTPASS 2.5% 04/50","30yr",,,,,"10950142.95",,,,,,""
"2021-04-21","'3133A9U37'","MBS","UMBS MORTPASS 2.5% 09/50","30yr",,,,,"10909506.75",,,,,,""
"2021-04-21","'3140X6B67'","MBS","UMBS MORTPASS 2.5% 01/35","15yr",,,,,"10898272.16",,,,,,""
"2021-04-21","'36179UGB2'","MBS","GNMA II 3.5% 11/48","30yr",,,,,"10893790.41",,,,,,""
"2021-04-21","'3133A3AT5'","MBS","UMBS MORTPASS 3% 03/50","30yr",,,,,"10891498.65",,,,,,""
"2021-04-21","'36178DU66'","MBS","GNMA I MORTPASS 3% 01/43","30yr",,,,,"10873534.4",,,,,,""
"2021-04-21","'3140JY2W5'","MBS","UMBS MORTPASS 3% 12/49","30yr",,,,,"10858585.66",,,,,,""
"2021-04-21","'36241L3U8'","MBS","GNMA II MORTPASS 4% 12/41","30yr",,,,,"10856827.58",,,,,,""
"2021-04-21","'3133GCFK3'","MBS","UMBS MORTPASS 1.5% 03/36","15yr",,,,,"10856777",,,,,,""
"2021-04-21","'3140H7LA3'","MBS","UMBS MORTPASS 3.5% 05/48","30yr",,,,,"10837642.94",,,,,,""
"2021-04-21","'3128MJZJ2'","MBS","FHLMCGLD 4.5% 12/46","30yr",,,,,"10832438.71",,,,,,""
"2021-04-21","'3128M8XH2'","MBS","FHLMCGLD 4.5% 09/39","30yr",,,,,"10829233.73",,,,,,"Y"
"2021-04-21","'31418BPT7'","MBS","UMBS MORTPASS 2.5% 04/25","Other",,,,,"10828185.78",,,,,,""
"2021-04-21","'3140HFVL0'","MBS","UMBS MORTPASS 2% 05/35","15yr",,,,,"10823923.68",,,,,,""
"2021-04-21","'3140H8CE3'","MBS","UMBS MORTPASS 4% 02/48","30yr",,,,,"10808509.38",,,,,,""
"2021-04-21","'3140HJK42'","MBS","UMBS MORTPASS 4.5% 09/48","30yr",,,,,"10799885.19",,,,,,""
"2021-04-21","'31418C4A9'","MBS","UMBS MORTPASS 3% 11/33","15yr",,,,,"10788754.89",,,,,,""
"2021-04-21","'3140KMQQ6'","MBS","UMBS MORTPASS 2.5% 08/50","30yr",,,,,"10769455.75",,,,,,""
"2021-04-21","'3140HBJA7'","MBS","UMBS MORTPASS 4% 06/48","30yr",,,,,"10763343.79",,,,,,""
"2021-04-21","'3138EGW67'","MBS","UMBS MORTPASS 4% 07/29","Other",,,,,"10762535.7",,,,,,"Y"
"2021-04-21","'31334WHV6'","MBS","UMBS MORTPASS 3% 06/49","30yr",,,,,"10760397.38",,,,,,""
"2021-04-21","'3133AG4H9'","MBS","UMBS MORTPASS 2% 03/51","30yr",,,,,"10756770",,,,,,""
"2021-04-21","'3131XBNJ4'","MBS","UMBS MORTPASS 3% 01/29","15yr",,,,,"10753985.68",,,,,,""
"2021-04-21","'3140L4VL0'","MBS","UMBS MORTPASS 1.5% 02/51","30yr",,,,,"10747843.32",,,,,,""
"2021-04-21","'3138LQ3E2'","MBS","UMBS MORTPASS 3% 04/27","15yr",,,,,"10733738.63",,,,,,""
"2021-04-21","'3140L5XE1'","MBS","UMBS MORTPASS 2.5% 04/51","30yr",,,,,"10732745",,,,,,""
"2021-04-21","'3131YA6M7'","MBS","UMBS MORTPASS 3.5% 12/48","30yr",,,,,"10731247.1",,,,,,""
"2021-04-21","'31417GY42'","MBS","UMBS MORTPASS 2.5% 06/28","15yr",,,,,"10721374.43",,,,,,""
"2021-04-21","'3133GCB68'","MBS","UMBS MORTPASS 1.5% 03/36","15yr",,,,,"10710676",,,,,,""
"2021-04-21","'3133A4G91'","MBS","UMBS MORTPASS 2.5% 05/50","30yr",,,,,"10708950.11",,,,,,""
"2021-04-21","'3140JQQ71'","MBS","UMBS MORTPASS 4% 08/49","30yr",,,,,"10704045.79",,,,,,""
"2021-04-21","'3622A2DG4'","MBS","GNMA II MORTPASS 4% 06/42","30yr",,,,,"10697232.03",,,,,,""
"2021-04-21","'31334W2K6'","MBS","UMBS MORTPASS 3.5% 07/49","30yr",,,,,"10689349.21",,,,,,""
"2021-04-21","'3132D54P4'","MBS","UMBS MORTPASS 2% 12/34","15yr",,,,,"10666702.93",,,,,,""
"2021-04-21","'3140X4Y75'","MBS","UMBS MORTPASS 2.5% 01/30","15yr",,,,,"10665765.07",,,,,,""
"2021-04-21","'31418BQP4'","MBS","UMBS MORTPASS 2.5% 05/25","Other",,,,,"10655140.17",,,,,,""
"2021-04-21","'3140KCHM7'","MBS","UMBS MORTPASS 2.5% 05/35","15yr",,,,,"10651003.82",,,,,,""
"2021-04-21","'3138WP6Y5'","MBS","UMBS MORTPASS 3.5% 05/43","30yr",,,,,"10650366.69",,,,,,""
"2021-04-21","'3133A2DD9'","MBS","UMBS MORTPASS 3.5% 02/50","30yr",,,,,"10647573.69",,,,,,""
"2021-04-21","'3133A9EG6'","MBS","UMBS MORTPASS 2.5% 09/50","30yr",,,,,"10646870.12",,,,,,""
"2021-04-21","'36179M2S8'","MBS","GNMA II 4.5% 02/43","30yr",,,,,"10646430.19",,,,,,""
"2021-04-21","'3133KGZQ4'","MBS","UMBS MORTPASS 3% 01/49","30yr",,,,,"10642179.12",,,,,,""
"2021-04-21","'3133KGK72'","MBS","UMBS MORTPASS 3.5% 08/49","30yr",,,,,"10631266.87",,,,,,""
"2021-04-21","'3140JXUD8'","MBS","UMBS MORTPASS 3% 08/49","30yr",,,,,"10630022.45",,,,,,""
"2021-04-21","'3140KC5E8'","MBS","UMBS MORTPASS 2% 05/35","15yr",,,,,"10626668.97",,,,,,""
"2021-04-21","'3140HNPW6'","MBS","UMBS MORTPASS 2.5% 01/51","30yr",,,,,"10626086.97",,,,,,""
"2021-04-21","'3133ABAK6'","MBS","UMBS MORTPASS 2% 09/50","30yr",,,,,"10610860.76",,,,,,""
"2021-04-21","'3140X4XB7'","MBS","UMBS MORTPASS 4% 09/49","30yr",,,,,"10601744.53",,,,,,""
"2021-04-21","'31417HA61'","MBS","UMBS MORTPASS 2% 07/28","15yr",,,,,"10581071.26",,,,,,""
"2021-04-21","'3140L33B5'","MBS","UMBS MORTPASS 2.5% 03/51","30yr",,,,,"10557223.87",,,,,,""
"2021-04-21","'3133A5BH5'","MBS","UMBS MORTPASS 3% 06/50","30yr",,,,,"10550316.37",,,,,,""
"2021-04-21","'3140Q8TH8'","MBS","UMBS MORTPASS 3.5% 03/33","15yr",,,,,"10550054.9",,,,,,""
"2021-04-21","'31307WC69'","MBS","FHLMCGLD 3.5% 06/33","15yr",,,,,"10548459.5",,,,,,""
"2021-04-21","'31418CUK8'","MBS","UMBS MORTPASS 2.5% 02/28","Other",,,,,"10545032.73",,,,,,""
"2021-04-21","'31417CWS0'","MBS","UMBS MORTPASS 2.5% 09/27","15yr",,,,,"10535469.75",,,,,,""
"2021-04-21","'3131X7XH6'","MBS","UMBS MORTPASS 2.5% 07/27","15yr",,,,,"10530504.65",,,,,,""
"2021-04-21","'3133AJV75'","MBS","UMBS MORTPASS 1.5% 04/51","30yr",,,,,"10522708",,,,,,""
"2021-04-21","'31417BPD3'","MBS","UMBS MORTPASS 3% 04/27","15yr",,,,,"10521970.44",,,,,,""
"2021-04-21","'3133A3WR5'","MBS","UMBS 2.5%","30yr",,,,,"10505127.44",,,,,,""
"2021-04-21","'31417FUC0'","MBS","UMBS MORTPASS 2% 03/28","15yr",,,,,"10496561.21",,,,,,""
"2021-04-21","'31334WDM0'","MBS","UMBS MORTPASS 3.5% 06/49","30yr",,,,,"10494334.23",,,,,,""
"2021-04-21","'3140K1F43'","MBS","UMBS MORTPASS 3% 09/49","30yr",,,,,"10485986.96",,,,,,""
"2021-04-21","'3140JL2V5'","MBS","UMBS MORTPASS 3% 03/49","30yr",,,,,"10484317.33",,,,,,""
"2021-04-21","'31334WML2'","MBS","UMBS MORTPASS 3.5% 06/49","30yr",,,,,"10484135.45",,,,,,""
"2021-04-21","'3132WKSU3'","MBS","FHLMCGLD 3% 02/47","30yr",,,,,"10463208.54",,,,,,""
"2021-04-21","'3138EGXU3'","MBS","UMBS MORTPASS 5% 07/39","30yr",,,,,"10457444.92",,,,,,"Y"
"2021-04-21","'3132J6WU4'","MBS","FHLMCGLD 3% 02/43","30yr",,,,,"10452711.26",,,,,,""
"2021-04-21","'3133ADAH9'","MBS","UMBS MORTPASS 2.5% 12/50","30yr",,,,,"10445609.54",,,,,,""
"2021-04-21","'3140HAYY0'","MBS","UMBS MORTPASS 3.5% 06/48","30yr",,,,,"10436431.67",,,,,,""
"2021-04-21","'3140K1EE2'","MBS","UMBS MORTPASS 3% 10/49","30yr",,,,,"10430640.97",,,,,,""
"2021-04-21","'36202FM60'","MBS","GNMA II 3.5% 12/40","30yr",,,,,"10427719.59",,,,,,""
"2021-04-21","'3140JLNN0'","MBS","UMBS MORTPASS 4% 12/48","30yr",,,,,"10427434.63",,,,,,""
"2021-04-21","'3131X8PC4'","MBS","UMBS MORTPASS 2.5% 01/28","15yr",,,,,"10423294.86",,,,,,""
"2021-04-21","'3140K7PD9'","MBS","UMBS MORTPASS 3% 02/50","30yr",,,,,"10420479.3",,,,,,""
"2021-04-21","'3140J6DV6'","MBS","UMBS MORTPASS 3% 06/32","15yr",,,,,"10410515.43",,,,,,""
"2021-04-21","'3140K8QE4'","MBS","UMBS MORTPASS 3% 03/50","30yr",,,,,"10402089.82",,,,,,""
"2021-04-21","'3133A1GG1'","MBS","UMBS MORTPASS 3% 01/50","30yr",,,,,"10388563.26",,,,,,""
"2021-04-21","'3140X9P82'","MBS","UMBS MORTPASS 1.5% 01/51","30yr",,,,,"10385442.53",,,,,,""
"2021-04-21","'31417DHD8'","MBS","UMBS MORTPASS 3.5% 10/42","30yr",,,,,"10375339.36",,,,,,""
"2021-04-21","'3133A4Q82'","MBS","UMBS MORTPASS 2% 05/50","30yr",,,,,"10371822.25",,,,,,""
"2021-04-21","'3138LUQ65'","MBS","UMBS MORTPASS 3% 05/27","15yr",,,,,"10365330.72",,,,,,""
"2021-04-21","'3140KXPW0'","MBS","UMBS MORTPASS 2% 03/51","30yr",,,,,"10363492.26",,,,,,""
"2021-04-21","'3131Y9TL7'","MBS","UMBS MORTPASS 4% 02/49","30yr",,,,,"10353682.47",,,,,,""
"2021-04-21","'31417GXE1'","MBS","UMBS MORTPASS 3.5% 06/43","30yr",,,,,"10325701.53",,,,,,""
"2021-04-21","'3140HN5A6'","MBS","UMBS MORTPASS 4% 08/48","30yr",,,,,"10318544.99",,,,,,""
"2021-04-21","'3133AGYF0'","MBS","UMBS MORTPASS 1.5% 03/51","30yr",,,,,"10318491",,,,,,""
"2021-04-21","'31329LCM2'","MBS","UMBS MORTPASS 2.5% 09/27","15yr",,,,,"10317781.29",,,,,,""
"2021-04-21","'31417EXZ9'","MBS","UMBS MORTPASS 2% 02/28","15yr",,,,,"10307229.56",,,,,,""
"2021-04-21","'3131Y2LN6'","MBS","UMBS MORTPASS 4% 08/48","30yr",,,,,"10306027.89",,,,,,""
"2021-04-21","'3140KLPL0'","MBS","UMBS MORTPASS 2% 08/50","30yr",,,,,"10305298.9",,,,,,""
"2021-04-21","'31329Q2M2'","MBS","UMBS MORTPASS 3% 06/39","Other",,,,,"10287859.8",,,,,,""
"2021-04-21","'3140KAPT7'","MBS","UMBS MORTPASS 3% 03/50","30yr",,,,,"10285073.57",,,,,,""
"2021-04-21","'3140JY6S0'","MBS","UMBS MORTPASS 3% 08/49","30yr",,,,,"10283424.48",,,,,,""
"2021-04-21","'3133A66Q9'","MBS","UMBS MORTPASS 2.5% 06/50","30yr",,,,,"10283156.51",,,,,,""
"2021-04-21","'31294NU23'","MBS","FHLMCGLD 2% 02/28","15yr",,,,,"10274442.96",,,,,,""
"2021-04-21","'31418DHX3'","MBS","UMBS MORTPASS 2.5% 11/29","Other",,,,,"10268300.91",,,,,,""
"2021-04-21","'3140HDXV1'","MBS","UMBS MORTPASS 3% 02/50","30yr",,,,,"10247586.01",,,,,,""
"2021-04-21","'3131YDLN2'","MBS","UMBS MORTPASS 3.5% 06/49","30yr",,,,,"10242894.95",,,,,,""
"2021-04-21","'3132L5FU2'","MBS","FHLMCGLD 3.5% 07/43","30yr",,,,,"10236847.08",,,,,,""
"2021-04-21","'3140JMNY4'","MBS","UMBS MORTPASS 4% 02/49","30yr",,,,,"10230375.56",,,,,,""
"2021-04-21","'3140QE6W7'","MBS","UMBS MORTPASS 2% 09/50","30yr",,,,,"10228346.45",,,,,,""
"2021-04-21","'31329QWF4'","MBS","UMBS MORTPASS 4% 05/49","30yr",,,,,"10225906.76",,,,,,""
"2021-04-21","'3140QDER1'","MBS","UMBS MORTPASS 3% 09/49","30yr",,,,,"10221235.03",,,,,,""
"2021-04-21","'3138XGTT0'","MBS","UMBS MORTPASS 3% 02/29","15yr",,,,,"10213489.79",,,,,,""
"2021-04-21","'3133G8PC9'","MBS","UMBS MORTPASS 2% 05/35","15yr",,,,,"10211001.21",,,,,,""
"2021-04-21","'31418CRK2'","MBS","UMBS MORTPASS 2.5% 11/27","Other",,,,,"10210248.07",,,,,,""
"2021-04-21","'3128MJUZ1'","MBS","FHLMCGLD 3.5% 08/44","30yr",,,,,"10196411.72",,,,,,""
"2021-04-21","'3140JAKW7'","MBS","UMBS MORTPASS 3% 12/29","15yr",,,,,"10194030.91",,,,,,""
"2021-04-21","'31418AU48'","MBS","UMBS MORTPASS 2.5% 07/23","Other",,,,,"10183007.13",,,,,,""
"2021-04-21","'3131YDH64'","MBS","UMBS MORTPASS 4% 03/49","30yr",,,,,"10175210.98",,,,,,""
"2021-04-21","'3128MMVL4'","MBS","FHLMCGLD 2% 11/31","15yr",,,,,"10171842.24",,,,,,""
"2021-04-21","'3131Y02N1'","MBS","UMBS MORTPASS 4% 04/48","30yr",,,,,"10166185.93",,,,,,""
"2021-04-21","'3140L5BT2'","MBS","UMBS MORTPASS 2% 03/51","30yr",,,,,"10165413",,,,,,""
"2021-04-21","'3140GVTP0'","MBS","UMBS MORTPASS 3.5% 08/47","30yr",,,,,"10164851.19",,,,,,""
"2021-04-21","'3140L7F56'","MBS","UMBS MORTPASS 2.5% 04/51","30yr",,,,,"10164758",,,,,,""
"2021-04-21","'3140K5AV9'","MBS","UMBS MORTPASS 3% 02/50","30yr",,,,,"10151685.42",,,,,,""
"2021-04-21","'3140X5RJ4'","MBS","UMBS MORTPASS 3% 11/49","30yr",,,,,"10136407.62",,,,,,""
"2021-04-21","'3140KDPW4'","MBS","UMBS MORTPASS 3% 05/50","30yr",,,,,"10134408.88",,,,,,""
"2021-04-21","'3132DMJU0'","MBS","UMBS MORTPASS 4.5% 01/44","30yr",,,,,"10128616.88",,,,,,""
"2021-04-21","'31418DMB5'","MBS","UMBS MORTPASS 2.5% 03/30","Other",,,,,"10113567.04",,,,,,""
"2021-04-21","'3622A2EQ1'","MBS","GNMA II 3.5% 02/43","30yr",,,,,"10112398.35",,,,,,""
"2021-04-21","'3132A9TS6'","MBS","UMBS MORTPASS 2.5% 07/32","15yr",,,,,"10107904.85",,,,,,""
"2021-04-21","'31334Y6Z5'","MBS","UMBS MORTPASS 3% 09/49","30yr",,,,,"10073095.25",,,,,,""
"2021-04-21","'3138E2QU2'","MBS","UMBS MORTPASS 4% 01/42","30yr",,,,,"10059828.98",,,,,,""
"2021-04-21","'3140KMMT4'","MBS","UMBS MORTPASS 2.5% 09/50","30yr",,,,,"10042818.85",,,,,,""
"2021-04-21","'3140L3A50'","MBS","UMBS MORTPASS 2% 02/51","30yr",,,,,"10040354.84",,,,,,""
"2021-04-21","'3140JYG34'","MBS","UMBS MORTPASS 3% 08/49","30yr",,,,,"10037310.51",,,,,,""
"2021-04-21","'3140HGSK4'","MBS","UMBS MORTPASS 4% 03/48","30yr",,,,,"10035896.36",,,,,,""
"2021-04-21","'3140JVC34'","MBS","UMBS MORTPASS 4% 07/49","30yr",,,,,"10032177.1",,,,,,""
"2021-04-21","'3140KXVT0'","MBS","UMBS MORTPASS 2% 01/51","30yr",,,,,"10030882.28",,,,,,""
"2021-04-21","'3140HJ4N8'","MBS","UMBS MORTPASS 4% 07/48","30yr",,,,,"10028224.97",,,,,,""
"2021-04-21","'3140X4W51'","MBS","UMBS MORTPASS 3.5% 08/49","30yr",,,,,"10025044.15",,,,,,""
"2021-04-21","'3133A1HJ4'","MBS","UMBS MORTPASS 3% 01/50","30yr",,,,,"10016919.14",,,,,,""
"2021-04-21","'3140QCXR2'","MBS","UMBS MORTPASS 4.5% 11/49","30yr",,,,,"10004484.84",,,,,,""
"2021-04-21","'3133A9MT9'","MBS","UMBS MORTPASS 2.5% 08/50","30yr",,,,,"9993202.27",,,,,,""
"2021-04-21","'36202FSD9'","MBS","GNMA II MORTPASS 4% 04/41","30yr",,,,,"9990091.32",,,,,,""
"2021-04-21","'36178NFP9'","MBS","GNMA I MORTPASS 3% 09/42","30yr",,,,,"9989925.64",,,,,,""
"2021-04-21","'3140L82G4'","MBS","UMBS MORTPASS 2.5% 04/51","30yr",,,,,"9985232",,,,,,""
"2021-04-21","'3131Y3KH8'","MBS","UMBS MORTPASS 3.5% 09/48","30yr",,,,,"9976918.16",,,,,,""
"2021-04-21","'3140HNXQ0'","MBS","UMBS MORTPASS 4% 08/48","30yr",,,,,"9971894.41",,,,,,""
"2021-04-21","'3140L5BS4'","MBS","UMBS MORTPASS 2% 03/51","30yr",,,,,"9959268",,,,,,""
"2021-04-21","'3140KQFD8'","MBS","UMBS MORTPASS 2.5% 11/50","30yr",,,,,"9949099.94",,,,,,""
"2021-04-21","'3128MC2V6'","MBS","FHLMCGLD 4.5% 02/25","15yr",,,,,"9945099.12",,,,,,"Y"
"2021-04-21","'3133ACG28'","MBS","UMBS MORTPASS 2% 10/50","30yr",,,,,"9942701.57",,,,,,""
"2021-04-21","'3138EPTY0'","MBS","UMBS MORTPASS 2.5% 12/29","15yr",,,,,"9940552.05",,,,,,""
"2021-04-21","'31418ATS7'","MBS","UMBS MORTPASS 2.5% 06/23","Other",,,,,"9938800.06",,,,,,""
"2021-04-21","'3133A3K98'","MBS","UMBS MORTPASS 2.5% 04/50","30yr",,,,,"9936134.91",,,,,,""
"2021-04-21","'3140KXST4'","MBS","UMBS MORTPASS 2% 12/50","30yr",,,,,"9932090.84",,,,,,""
"2021-04-21","'3140KNRY6'","MBS","UMBS MORTPASS 2.5% 10/50","30yr",,,,,"9931364.92",,,,,,""
"2021-04-21","'3140L6JJ4'","MBS","UMBS MORTPASS 1.5% 04/36","15yr",,,,,"9927177",,,,,,""
"2021-04-21","'3140QACW8'","MBS","UMBS MORTPASS 3.5% 12/48","30yr",,,,,"9926941.43",,,,,,""
"2021-04-21","'31329QTT8'","MBS","UMBS MORTPASS 3% 04/39","Other",,,,,"9922956.71",,,,,,""
"2021-04-21","'3140K1TB2'","MBS","UMBS MORTPASS 3.5% 11/49","30yr",,,,,"9920932.39",,,,,,""
"2021-04-21","'3138A9CZ5'","MBS","UMBS MORTPASS 4% 03/41","30yr",,,,,"9920527.68",,,,,,""
"2021-04-21","'31334WZK0'","MBS","UMBS MORTPASS 3% 12/47","30yr",,,,,"9908322.51",,,,,,""
"2021-04-21","'31418DL34'","MBS","UMBS MORTPASS 4.5% 02/50","30yr",,,,,"9902326.09",,,,,,""
"2021-04-21","'3140JUKF0'","MBS","UMBS MORTPASS 3.5% 05/49","30yr",,,,,"9898239.95",,,,,,""
"2021-04-21","'3140HFVX4'","MBS","UMBS MORTPASS 2% 05/35","15yr",,,,,"9896366.3",,,,,,""
"2021-04-21","'31418CXV1'","MBS","UMBS MORTPASS 3% 06/33","15yr",,,,,"9885268.54",,,,,,""
"2021-04-21","'3131X8CF1'","MBS","UMBS MORTPASS 2.5% 10/27","15yr",,,,,"9874550.31",,,,,,""
"2021-04-21","'3140L3ES6'","MBS","UMBS MORTPASS 2% 03/51","30yr",,,,,"9857617",,,,,,""
"2021-04-21","'3131Y1EB2'","MBS","UMBS MORTPASS 4% 05/48","30yr",,,,,"9840064.69",,,,,,""
"2021-04-21","'31418CP57'","MBS","UMBS MORTPASS 3% 09/47","30yr",,,,,"9839094.82",,,,,,""
"2021-04-21","'31418AVX3'","MBS","UMBS MORTPASS 2.5% 08/23","Other",,,,,"9828682.22",,,,,,""
"2021-04-21","'36178D2R1'","MBS","GNMA I MORTPASS 3% 03/43","30yr",,,,,"9825787.84",,,,,,""
"2021-04-21","'3140Q9NX7'","MBS","UMBS MORTPASS 4.5% 08/48","30yr",,,,,"9809461.47",,,,,,""
"2021-04-21","'36179NDT2'","MBS","GNMA II 4.5% 05/43","30yr",,,,,"9809024.66",,,,,,""
"2021-04-21","'3140X6BS9'","MBS","UMBS MORTPASS 3% 02/50","30yr",,,,,"9795709.26",,,,,,""
"2021-04-21","'3138MKSC1'","MBS","UMBS MORTPASS 2.5% 09/28","15yr",,,,,"9790479.13",,,,,,""
"2021-04-21","'3140KCKM3'","MBS","UMBS MORTPASS 3% 04/50","30yr",,,,,"9777520.09",,,,,,""
"2021-04-21","'3140QCUZ7'","MBS","UMBS MORTPASS 2% 03/33","15yr",,,,,"9772704.74",,,,,,""
"2021-04-21","'3133A1F49'","MBS","UMBS MORTPASS 2.5% 01/50","30yr",,,,,"9770348.98",,,,,,""
"2021-04-21","'3140L4WD7'","MBS","UMBS MORTPASS 2.5% 01/51","30yr",,,,,"9768969.97",,,,,,""
"2021-04-21","'3140JVSM5'","MBS","UMBS MORTPASS 3.5% 09/49","30yr",,,,,"9766146.95",,,,,,""
"2021-04-21","'31339SY33'","MBS","UMBS MORTPASS 3% 10/49","30yr",,,,,"9756112.06",,,,,,""
"2021-04-21","'3140KPD75'","MBS","UMBS MORTPASS 2.5% 09/50","30yr",,,,,"9749913.05",,,,,,""
"2021-04-21","'3133A2RX0'","MBS","UMBS MORTPASS 3% 03/50","30yr",,,,,"9737176.65",,,,,,""
"2021-04-21","'3128M8JK1'","MBS","FHLMCGLD 5.5% 01/39","30yr",,,,,"9730956.03",,,,,,"Y"
"2021-04-21","'3138LQ6Y5'","MBS","UMBS MORTPASS 4% 04/42","30yr",,,,,"9717636.82",,,,,,""
"2021-04-21","'3140QANA4'","MBS","UMBS MORTPASS 4% 02/49","30yr",,,,,"9711548.27",,,,,,""
"2021-04-21","'31335CJJ4'","MBS","FHLMCGLD 5.5% 03/40","30yr",,,,,"9706351.02",,,,,,"Y"
"2021-04-21","'3140F9GD1'","MBS","UMBS MORTPASS 2.5% 08/31","15yr",,,,,"9705597.07",,,,,,""
"2021-04-21","'3138M6AG2'","MBS","UMBS MORTPASS 3.5% 09/42","30yr",,,,,"9700329.16",,,,,,""
"2021-04-21","'31418C2X1'","MBS","UMBS MORTPASS 3.5% 10/33","15yr",,,,,"9690903.65",,,,,,""
"2021-04-21","'3133G9MC0'","MBS","UMBS MORTPASS 1.5% 08/35","15yr",,,,,"9686037.09",,,,,,""
"2021-04-21","'3140KLMZ2'","MBS","UMBS MORTPASS 2.5% 08/50","30yr",,,,,"9684972.97",,,,,,""
"2021-04-21","'3138WFSB3'","MBS","UMBS MORTPASS 2% 09/30","15yr",,,,,"9670281.29",,,,,,""
"2021-04-21","'3140JVT36'","MBS","UMBS MORTPASS 3.5% 10/49","30yr",,,,,"9668958.52",,,,,,""
"2021-04-21","'31334WB67'","MBS","UMBS MORTPASS 3.5% 06/49","30yr",,,,,"9665419.87",,,,,,""
"2021-04-21","'31418C5U4'","MBS","UMBS MORTPASS 3% 01/34","15yr",,,,,"9664348.87",,,,,,""
"2021-04-21","'3131Y0XE7'","MBS","UMBS MORTPASS 3.5% 04/48","30yr",,,,,"9662138.45",,,,,,""
"2021-04-21","'3133KGJS8'","MBS","UMBS MORTPASS 3.5% 08/49","30yr",,,,,"9657152.04",,,,,,""
"2021-04-21","'3133KTFH8'","MBS","UMBS MORTPASS 2% 03/40","Other",,,,,"9655238.54",,,,,,""
"2021-04-21","'3138WJZD3'","MBS","UMBS MORTPASS 2.5% 02/27","Other",,,,,"9649957.32",,,,,,""
"2021-04-21","'36179QJR3'","MBS","GNMA II MORTPASS 3% 07/44","30yr",,,,,"9640737.66",,,,,,""
"2021-04-21","'3140JVC26'","MBS","UMBS MORTPASS 3.5% 07/49","30yr",,,,,"9637095.45",,,,,,""
"2021-04-21","'3128MCZG3'","MBS","FHLMCGLD 4% 12/24","15yr",,,,,"9629433.77",,,,,,"Y"
"2021-04-21","'3140Q9NW9'","MBS","UMBS MORTPASS 4.5% 08/48","30yr",,,,,"9629204.14",,,,,,""
"2021-04-21","'3140KBGB4'","MBS","UMBS MORTPASS 3% 03/50","30yr",,,,,"9617238.76",,,,,,""
"2021-04-21","'31418CDX9'","MBS","UMBS MORTPASS 2.5% 11/36","Other",,,,,"9598656.18",,,,,,""
"2021-04-21","'3140JL2J2'","MBS","UMBS MORTPASS 4% 03/49","30yr",,,,,"9598117.31",,,,,,""
"2021-04-21","'31307BL24'","MBS","FHLMCGLD 2.5% 04/28","15yr",,,,,"9591693.77",,,,,,""
"2021-04-21","'3133G6GP4'","MBS","UMBS MORTPASS 3% 07/34","15yr",,,,,"9590617.41",,,,,,""
"2021-04-21","'3132A5HA6'","MBS","UMBS MORTPASS 3% 07/47","30yr",,,,,"9585389.25",,,,,,""
"2021-04-21","'3133A94X0'","MBS","UMBS MORTPASS 2% 09/50","30yr",,,,,"9585174.99",,,,,,""
"2021-04-21","'3140QAKE9'","MBS","UMBS MORTPASS 3.5% 06/48","30yr",,,,,"9584413.29",,,,,,""
"2021-04-21","'3140K3PR7'","MBS","UMBS MORTPASS 3% 03/50","30yr",,,,,"9584381.03",,,,,,""
"2021-04-21","'3140KTPP4'","MBS","UMBS MORTPASS 1.5% 11/35","15yr",,,,,"9572088.23",,,,,,""
"2021-04-21","'3132L5WN9'","MBS","FHLMCGLD 4% 11/43","30yr",,,,,"9571390.02",,,,,,""
"2021-04-21","'3140QBTA6'","MBS","UMBS MORTPASS 3% 09/44","30yr",,,,,"9569873.18",,,,,,""
"2021-04-21","'36179MSV3'","MBS","GNMA II 2.5% 11/42","30yr",,,,,"9567354.73",,,,,,""
"2021-04-21","'3140KCSV5'","MBS","UMBS MORTPASS 2.5% 05/50","30yr",,,,,"9567167.95",,,,,,""
"2021-04-21","'3133A3GE2'","MBS","UMBS MORTPASS 2.5% 03/50","30yr",,,,,"9561898.07",,,,,,""
"2021-04-21","'3133KYTP4'","MBS","UMBS MORTPASS 2% 05/40","Other",,,,,"9559593.35",,,,,,""
"2021-04-21","'31329QHZ7'","MBS","UMBS MORTPASS 4% 03/49","30yr",,,,,"9551666.36",,,,,,""
"2021-04-21","'3128MMXE8'","MBS","FHLMCGLD 2.5% 02/33","15yr",,,,,"9548719.93",,,,,,""
"2021-04-21","'31418DFN7'","MBS","UMBS MORTPASS 3.5% 09/39","Other",,,,,"9539575.36",,,,,,""
"2021-04-21","'3133A9N43'","MBS","UMBS MORTPASS 2% 09/50","30yr",,,,,"9530495.99",,,,,,""
"2021-04-21","'3133A5B93'","MBS","UMBS MORTPASS 2.5% 06/50","30yr",,,,,"9525090.78",,,,,,""
"2021-04-21","'3133A2MU1'","MBS","UMBS MORTPASS 3% 02/50","30yr",,,,,"9523110.35",,,,,,""
"2021-04-21","'3140X4L46'","MBS","UMBS MORTPASS 4% 12/43","30yr",,,,,"9520954.59",,,,,,""
"2021-04-21","'3133A7AQ2'","MBS","UMBS MORTPASS 2.5% 07/50","30yr",,,,,"9501508.2",,,,,,""
"2021-04-21","'3132XWE31'","MBS","FHLMCGLD 3.5% 01/48","30yr",,,,,"9492003.45",,,,,,""
"2021-04-21","'3140JWB33'","MBS","UMBS MORTPASS 4.5% 08/49","30yr",,,,,"9490972.05",,,,,,""
"2021-04-21","'3133KJL26'","MBS","UMBS MORTPASS 2% 07/50","30yr",,,,,"9489637.59",,,,,,""
"2021-04-21","'3140KCPF3'","MBS","UMBS MORTPASS 2.5% 04/35","15yr",,,,,"9484266.81",,,,,,""
"2021-04-21","'3140JJED7'","MBS","UMBS MORTPASS 4% 11/48","30yr",,,,,"9479729.32",,,,,,""
"2021-04-21","'31418DKL5'","MBS","UMBS MORTPASS 3.5% 01/35","15yr",,,,,"9479534.57",,,,,,""
"2021-04-21","'3133G8RX1'","MBS","UMBS MORTPASS 2% 05/35","15yr",,,,,"9479429.38",,,,,,""
"2021-04-21","'3138M0GK0'","MBS","UMBS MORTPASS 3.5% 08/42","30yr",,,,,"9477576.61",,,,,,""
"2021-04-21","'3140QCSX5'","MBS","UMBS MORTPASS 2.5% 01/32","15yr",,,,,"9463492.65",,,,,,""
"2021-04-21","'3622A2EH1'","MBS","GNMA II 3.5% 10/42","30yr",,,,,"9463228.47",,,,,,""
"2021-04-21","'3138WA6A0'","MBS","UMBS MORTPASS 4% 02/44","30yr",,,,,"9460022.5",,,,,,""
"2021-04-21","'3140H5YA3'","MBS","UMBS MORTPASS 4% 01/48","30yr",,,,,"9451567.11",,,,,,""
"2021-04-21","'3138WHJM5'","MBS","UMBS MORTPASS 2.5% 07/31","15yr",,,,,"9451441.66",,,,,,""
"2021-04-21","'3140H7K22'","MBS","UMBS MORTPASS 4% 04/48","30yr",,,,,"9446268.89",,,,,,""
"2021-04-21","'31418AQY7'","MBS","UMBS MORTPASS 2.5% 03/23","Other",,,,,"9444774.49",,,,,,""
"2021-04-21","'31329LE73'","MBS","UMBS MORTPASS 2.5% 12/27","15yr",,,,,"9431680.12",,,,,,""
"2021-04-21","'3140KKMF8'","MBS","UMBS MORTPASS 2% 07/50","30yr",,,,,"9430579.31",,,,,,""
"2021-04-21","'3132AD3D8'","MBS","UMBS MORTPASS 4% 12/48","30yr",,,,,"9426062.75",,,,,,""
"2021-04-21","'3132A7H38'","MBS","UMBS MORTPASS 3% 02/27","15yr",,,,,"9414993.57",,,,,,""
"2021-04-21","'3140KCKR2'","MBS","UMBS MORTPASS 2.5% 04/50","30yr",,,,,"9409090.12",,,,,,""
"2021-04-21","'3620AATC2'","MBS","GNMA I MORTPASS 5% 08/39","30yr",,,,,"9409006.63",,,,,,""
"2021-04-21","'3140JLZG2'","MBS","UMBS MORTPASS 4.5% 02/49","30yr",,,,,"9400230.3",,,,,,""
"2021-04-21","'3140QBH27'","MBS","UMBS MORTPASS 4.5% 04/49","30yr",,,,,"9390702.2",,,,,,""
"2021-04-21","'36179MQR4'","MBS","GNMA II 4.5% 10/42","30yr",,,,,"9385103.22",,,,,,""
"2021-04-21","'3140KR6Y0'","MBS","UMBS MORTPASS 2% 11/50","30yr",,,,,"9381586.2",,,,,,""
"2021-04-21","'3138MF3U9'","MBS","UMBS MORTPASS 3.5% 12/42","30yr",,,,,"9379774.25",,,,,,""
"2021-04-21","'3133A2VR8'","MBS","UMBS MORTPASS 3% 03/50","30yr",,,,,"9376354.22",,,,,,""
"2021-04-21","'3140X9YT6'","MBS","UMBS MORTPASS 1.5% 02/51","30yr",,,,,"9374558.53",,,,,,""
"2021-04-21","'36179N2L1'","MBS","GNMA II 4.5% 02/44","30yr",,,,,"9372373.87",,,,,,""
"2021-04-21","'3140QA6X3'","MBS","UMBS MORTPASS 3% 06/34","15yr",,,,,"9371376.2",,,,,,""
"2021-04-21","'3133A0TV6'","MBS","UMBS MORTPASS 3.5% 01/50","30yr",,,,,"9368452.97",,,,,,""
"2021-04-21","'31418BXS0'","MBS","UMBS MORTPASS 3% 12/25","Other",,,,,"9367521.54",,,,,,""
"2021-04-21","'31329MMA5'","MBS","UMBS MORTPASS 3% 03/33","15yr",,,,,"9358958.7",,,,,,""
"2021-04-21","'31418BC95'","MBS","UMBS MORTPASS 2.5% 05/24","Other",,,,,"9352052.2",,,,,,""
"2021-04-21","'3140QB7A0'","MBS","UMBS MORTPASS 2.5% 07/34","15yr",,,,,"9351267.98",,,,,,""
"2021-04-21","'3140KPUY7'","MBS","UMBS MORTPASS 2.5% 11/50","30yr",,,,,"9337756.71",,,,,,""
"2021-04-21","'36296WAX4'","MBS","GNMA I MORTPASS 4% 06/39","30yr",,,,,"9334473.91",,,,,,""
"2021-04-21","'3140J9SF9'","MBS","UMBS MORTPASS 3% 03/30","15yr",,,,,"9331873.22",,,,,,""
"2021-04-21","'3133D3F91'","MBS","UMBS MORTPASS 3% 03/40","Other",,,,,"9329441.53",,,,,,""
"2021-04-21","'3140H3DN3'","MBS","UMBS MORTPASS 3.5% 11/47","30yr",,,,,"9324122.46",,,,,,""
"2021-04-21","'31418DQX3'","MBS","UMBS MORTPASS 2% 07/30","Other",,,,,"9322108.14",,,,,,""
"2021-04-21","'3131Y1U24'","MBS","UMBS MORTPASS 3% 05/48","30yr",,,,,"9309128.1",,,,,,""
"2021-04-21","'3140J8YB3'","MBS","UMBS MORTPASS 3% 10/26","15yr",,,,,"9307369.37",,,,,,""
"2021-04-21","'3132A8S83'","MBS","UMBS MORTPASS 2.5% 01/29","15yr",,,,,"9304163.82",,,,,,""
"2021-04-21","'3140KLT28'","MBS","UMBS MORTPASS 2% 08/50","30yr",,,,,"9303997.92",,,,,,""
"2021-04-21","'3133L77J0'","MBS","UMBS MORTPASS 1.5% 12/35","15yr",,,,,"9299259.14",,,,,,""
"2021-04-21","'3133ABCR9'","MBS","UMBS MORTPASS 2% 10/50","30yr",,,,,"9297479.3",,,,,,""
"2021-04-21","'3140L3Z87'","MBS","UMBS MORTPASS 2% 03/51","30yr",,,,,"9288934.74",,,,,,""
"2021-04-21","'3131XYQH5'","MBS","UMBS MORTPASS 3.5% 11/47","30yr",,,,,"9285378.32",,,,,,""
"2021-04-21","'3140K5ZS9'","MBS","UMBS MORTPASS 3% 02/50","30yr",,,,,"9280458.44",,,,,,""
"2021-04-21","'3140KMYG9'","MBS","UMBS MORTPASS 2.5% 09/50","30yr",,,,,"9276086.75",,,,,,""
"2021-04-21","'31307Q4Z7'","MBS","FHLMCGLD 2.5% 05/31","15yr",,,,,"9271158.79",,,,,,""
"2021-04-21","'3140L5WC6'","MBS","UMBS MORTPASS 2.5% 03/51","30yr",,,,,"9269218",,,,,,""
"2021-04-21","'31417DQZ9'","MBS","UMBS MORTPASS 3% 10/42","30yr",,,,,"9262331.63",,,,,,""
"2021-04-21","'31417DZE6'","MBS","UMBS MORTPASS 2.5% 11/27","15yr",,,,,"9258558.64",,,,,,""
"2021-04-21","'31339UJN1'","MBS","UMBS MORTPASS 3.5% 10/49","30yr",,,,,"9258420.05",,,,,,""
"2021-04-21","'3133AGD22'","MBS","UMBS MORTPASS 1.5% 02/51","30yr",,,,,"9254367.61",,,,,,""
"2021-04-21","'3140J5D97'","MBS","UMBS MORTPASS 3% 11/26","Other",,,,,"9220683.99",,,,,,"Y"
"2021-04-21","'31334YQZ3'","MBS","UMBS MORTPASS 3.5% 09/49","30yr",,,,,"9214300.43",,,,,,""
"2021-04-21","'3140JHET6'","MBS","UMBS MORTPASS 4% 10/48","30yr",,,,,"9198868.9",,,,,,""
"2021-04-21","'36179QT35'","MBS","GNMA II MORTPASS 3% 11/44","30yr",,,,,"9193603.18",,,,,,""
"2021-04-21","'3133G8C74'","MBS","UMBS MORTPASS 2.5% 03/35","15yr",,,,,"9188306.78",,,,,,""
"2021-04-21","'3138EPK45'","MBS","UMBS MORTPASS 2.5% 05/28","15yr",,,,,"9187709.21",,,,,,""
"2021-04-21","'3132QWPY9'","MBS","FHLMCGLD 4% 03/46","30yr",,,,,"9178799.17",,,,,,""
"2021-04-21","'3140L5TA4'","MBS","UMBS MORTPASS 2.5% 03/51","30yr",,,,,"9175535",,,,,,""
"2021-04-21","'36202F2N5'","MBS","GNMA II 4.5% 01/42","30yr",,,,,"9171927.36",,,,,,""
"2021-04-21","'3138EGNU4'","MBS","UMBS MORTPASS 5% 04/40","30yr",,,,,"9164127.49",,,,,,"Y"
"2021-04-21","'3140QCEW2'","MBS","UMBS MORTPASS 3% 04/48","30yr",,,,,"9161850.15",,,,,,""
"2021-04-21","'31417C7K5'","MBS","UMBS MORTPASS 2.5% 09/42","30yr",,,,,"9156105.78",,,,,,""
"2021-04-21","'31418DN81'","MBS","UMBS MORTPASS 3% 05/35","15yr",,,,,"9146031.71",,,,,,""
"2021-04-21","'3133A45E2'","MBS","UMBS MORTPASS 2.5% 05/50","30yr",,,,,"9140476",,,,,,""
"2021-04-21","'3140JRF22'","MBS","UMBS MORTPASS 3.5% 06/49","30yr",,,,,"9114993.16",,,,,,""
"2021-04-21","'3128MJ2V1'","MBS","FHLMCGLD 3% 11/47","30yr",,,,,"9099891.96",,,,,,""
"2021-04-21","'3133KGF37'","MBS","UMBS MORTPASS 4.5% 07/49","30yr",,,,,"9097428.56",,,,,,""
"2021-04-21","'3133AEWK6'","MBS","UMBS MORTPASS 1.5% 12/50","30yr",,,,,"9095968.15",,,,,,""
"2021-04-21","'31418DMW9'","MBS","UMBS MORTPASS 4.5% 03/50","30yr",,,,,"9092385.58",,,,,,""
"2021-04-21","'3132WKHN1'","MBS","FHLMCGLD 3% 01/47","30yr",,,,,"9092273.92",,,,,,""
"2021-04-21","'3140L3FG1'","MBS","UMBS MORTPASS 2% 04/51","30yr",,,,,"9089949",,,,,,""
"2021-04-21","'3131X72F4'","MBS","UMBS MORTPASS 2.5% 08/27","15yr",,,,,"9086192.67",,,,,,""
"2021-04-21","'3133KJFZ0'","MBS","UMBS MORTPASS 2.5% 04/50","30yr",,,,,"9071439.99",,,,,,""
"2021-04-21","'3132KFAA0'","MBS","FHLMCGLD 2.5% 09/30","15yr",,,,,"9064127.26",,,,,,""
"2021-04-21","'3140H8FN0'","MBS","UMBS MORTPASS 4% 01/48","30yr",,,,,"9051287.14",,,,,,""
"2021-04-21","'3140K3NS7'","MBS","UMBS MORTPASS 3% 02/50","30yr",,,,,"9043693.77",,,,,,""
"2021-04-21","'3131YCM86'","MBS","UMBS MORTPASS 4% 05/49","30yr",,,,,"9039682.73",,,,,,""
"2021-04-21","'3131XYS26'","MBS","UMBS MORTPASS 4% 12/47","30yr",,,,,"9020108.25",,,,,,""
"2021-04-21","'31307UEK0'","MBS","FHLMCGLD 3% 07/32","15yr",,,,,"9016637.6",,,,,,""
"2021-04-21","'3140QBB64'","MBS","UMBS MORTPASS 3.5% 06/49","30yr",,,,,"9016018.12",,,,,,""
"2021-04-21","'31418AP36'","MBS","UMBS MORTPASS 2.5% 02/23","Other",,,,,"9013022.34",,,,,,""
"2021-04-21","'31346YPY3'","MBS","UMBS MORTPASS 2.5% 11/49","30yr",,,,,"8997089.48",,,,,,""
"2021-04-21","'31418CSK1'","MBS","UMBS MORTPASS 3% 12/27","Other",,,,,"8991947.28",,,,,,""
"2021-04-21","'3133KJLA8'","MBS","UMBS MORTPASS 2.5% 07/50","30yr",,,,,"8989620.69",,,,,,""
"2021-04-21","'3133A3G28'","MBS","UMBS 2.5%","30yr",,,,,"8980807.44",,,,,,""
"2021-04-21","'31334XTG4'","MBS","UMBS MORTPASS 3% 08/49","30yr",,,,,"8975819.27",,,,,,""
"2021-04-21","'3138WWKH1'","MBS","UMBS MORTPASS 3.5% 06/43","30yr",,,,,"8974692.52",,,,,,""
"2021-04-21","'3138ELH30'","MBS","UMBS MORTPASS 3% 06/28","15yr",,,,,"8967877.27",,,,,,""
"2021-04-21","'3132A9UP0'","MBS","UMBS MORTPASS 3% 03/33","15yr",,,,,"8965151.56",,,,,,""
"2021-04-21","'3140HFK40'","MBS","UMBS MORTPASS 2.5% 02/30","Other",,,,,"8963860.66",,,,,,""
"2021-04-21","'3140X4VT0'","MBS","UMBS MORTPASS 3.5% 02/49","30yr",,,,,"8953248.83",,,,,,""
"2021-04-21","'31368HM42'","MBS","UMBS MORTPASS 5.5% 05/37","30yr",,,,,"8938479.52",,,,,,""
"2021-04-21","'3140JL4L5'","MBS","UMBS MORTPASS 4.5% 01/49","30yr",,,,,"8935740.89",,,,,,""
"2021-04-21","'3140KG2N2'","MBS","UMBS MORTPASS 2.5% 06/50","30yr",,,,,"8931727.89",,,,,,""
"2021-04-21","'3131X7SP4'","MBS","UMBS MORTPASS 3% 05/27","15yr",,,,,"8928120.7",,,,,,""
"2021-04-21","'31329PUD3'","MBS","UMBS MORTPASS 3% 08/47","30yr",,,,,"8917831.65",,,,,,""
"2021-04-21","'3140X4TX4'","MBS","UMBS MORTPASS 3% 05/30","15yr",,,,,"8912752.13",,,,,,""
"2021-04-21","'3140JPNH4'","MBS","UMBS MORTPASS 4% 06/49","30yr",,,,,"8908443.72",,,,,,""
"2021-04-21","'3133G83Q2'","MBS","UMBS MORTPASS 2% 06/35","15yr",,,,,"8906429.14",,,,,,""
"2021-04-21","'3138XGUT8'","MBS","UMBS MORTPASS 4% 03/44","30yr",,,,,"8905725.28",,,,,,""
"2021-04-21","'3133AFUC3'","MBS","UMBS MORTPASS 2% 02/51","30yr",,,,,"8902220.41",,,,,,""
"2021-04-21","'3133LPS40'","MBS","UMBS MORTPASS 2% 10/30","Other",,,,,"8897822.55",,,,,,""
"2021-04-21","'3133A2RT9'","MBS","UMBS MORTPASS 2.5% 03/50","30yr",,,,,"8872015.48",,,,,,""
"2021-04-21","'3140HMXF6'","MBS","UMBS MORTPASS 4.5% 07/48","30yr",,,,,"8866308.78",,,,,,""
"2021-04-21","'3140K0TA6'","MBS","UMBS MORTPASS 3% 09/49","30yr",,,,,"8861963.99",,,,,,""
"2021-04-21","'31307VYC4'","MBS","FHLMCGLD 3% 04/33","15yr",,,,,"8860897.94",,,,,,""
"2021-04-21","'3140H3ZJ8'","MBS","UMBS MORTPASS 3% 12/37","Other",,,,,"8858650.66",,,,,,""
"2021-04-21","'3132A8TR0'","MBS","UMBS MORTPASS 2.5% 10/29","15yr",,,,,"8853802.97",,,,,,""
"2021-04-21","'3140QDBW3'","MBS","UMBS MORTPASS 3% 03/50","30yr",,,,,"8851052.84",,,,,,""
"2021-04-21","'3140JG6Y6'","MBS","UMBS MORTPASS 4% 11/48","30yr",,,,,"8844056.33",,,,,,""
"2021-04-21","'3133G94E6'","MBS","UMBS MORTPASS 2% 09/35","15yr",,,,,"8843363.29",,,,,,""
"2021-04-21","'3140HN3B6'","MBS","UMBS MORTPASS 4% 10/48","30yr",,,,,"8831963.45",,,,,,""
"2021-04-21","'3138ELA37'","MBS","UMBS MORTPASS 3% 04/28","15yr",,,,,"8829273.04",,,,,,""
"2021-04-21","'3133A2EX4'","MBS","UMBS MORTPASS 3% 02/50","30yr",,,,,"8825439.93",,,,,,""
"2021-04-21","'3138EHFJ6'","MBS","UMBS MORTPASS 4.5% 10/24","15yr",,,,,"8823129.96",,,,,,"Y"
"2021-04-21","'3132DMD77'","MBS","UMBS MORTPASS 3% 09/49","30yr",,,,,"8817468.72",,,,,,""
"2021-04-21","'3140K3J60'","MBS","UMBS MORTPASS 3.5% 12/49","30yr",,,,,"8810697.57",,,,,,""
"2021-04-21","'3133KGUN6'","MBS","UMBS MORTPASS 4.5% 10/49","30yr",,,,,"8809585.05",,,,,,""
"2021-04-21","'3133KGQ35'","MBS","UMBS MORTPASS 3.5% 09/49","30yr",,,,,"8808272.77",,,,,,""
"2021-04-21","'3140Q9WN9'","MBS","UMBS MORTPASS 3.5% 09/48","30yr",,,,,"8808043.45",,,,,,""
"2021-04-21","'3140L33K5'","MBS","UMBS MORTPASS 2% 03/51","30yr",,,,,"8804778.69",,,,,,""
"2021-04-21","'3140KSA64'","MBS","UMBS MORTPASS 2% 11/35","15yr",,,,,"8798785.64",,,,,,""
"2021-04-21","'3140JNW71'","MBS","UMBS MORTPASS 4% 05/49","30yr",,,,,"8787945.81",,,,,,""
"2021-04-21","'31346YJ61'","MBS","UMBS MORTPASS 3.5% 11/49","30yr",,,,,"8785344.65",,,,,,""
"2021-04-21","'36179MX54'","MBS","GNMA II MORTPASS 4% 01/43","30yr",,,,,"8780284.28",,,,,,""
"2021-04-21","'3132A8CS6'","MBS","UMBS MORTPASS 2.5% 08/28","15yr",,,,,"8779795.15",,,,,,""
"2021-04-21","'3140HBGA0'","MBS","UMBS MORTPASS 3.5% 05/33","15yr",,,,,"8778488.58",,,,,,""
"2021-04-21","'3138MFFN2'","MBS","UMBS MORTPASS 3.5% 11/42","30yr",,,,,"8771295.46",,,,,,""
"2021-04-21","'3138WAGV3'","MBS","UMBS MORTPASS 4% 11/43","30yr",,,,,"8763985.25",,,,,,""
"2021-04-21","'3140KAML7'","MBS","UMBS MORTPASS 3% 03/50","30yr",,,,,"8762007.74",,,,,,""
"2021-04-21","'3140QCKG0'","MBS","UMBS MORTPASS 3% 12/49","30yr",,,,,"8760590.94",,,,,,""
"2021-04-21","'3140GXFK2'","MBS","UMBS MORTPASS 3.5% 09/47","30yr",,,,,"8756191.89",,,,,,""
"2021-04-21","'31418BG67'","MBS","UMBS MORTPASS 2.5% 09/24","Other",,,,,"8749338.94",,,,,,""
"2021-04-21","'3140JUUH5'","MBS","UMBS MORTPASS 3.5% 07/49","30yr",,,,,"8724928.86",,,,,,""
"2021-04-21","'3133A8RG4'","MBS","UMBS MORTPASS 2% 09/50","30yr",,,,,"8723472.76",,,,,,""
"2021-04-21","'3140JY6U5'","MBS","UMBS MORTPASS 3% 08/49","30yr",,,,,"8706526.14",,,,,,""
"2021-04-21","'31339SFR1'","MBS","UMBS MORTPASS 4% 09/49","30yr",,,,,"8697699.72",,,,,,""
"2021-04-21","'3140L4QL6'","MBS","UMBS MORTPASS 2% 02/51","30yr",,,,,"8694494.14",,,,,,""
"2021-04-21","'3132A5HL2'","MBS","UMBS MORTPASS 3.5% 09/47","30yr",,,,,"8680281.1",,,,,,""
"2021-04-21","'31418CZ31'","MBS","UMBS MORTPASS 3% 09/33","15yr",,,,,"8677178.22",,,,,,""
"2021-04-21","'3133AEBX1'","MBS","UMBS MORTPASS 2% 01/51","30yr",,,,,"8641446.5",,,,,,""
"2021-04-21","'3132L5CG6'","MBS","FHLMCGLD 3.5% 05/43","30yr",,,,,"8636342.95",,,,,,""
"2021-04-21","'31418C2M5'","MBS","UMBS MORTPASS 3% 09/48","30yr",,,,,"8635602.73",,,,,,""
"2021-04-21","'3140X4Q58'","MBS","UMBS MORTPASS 3% 06/29","Other",,,,,"8634909.51",,,,,,""
"2021-04-21","'3140X6WP2'","MBS","UMBS MORTPASS 3% 04/50","30yr",,,,,"8630101.23",,,,,,""
"2021-04-21","'31417DN41'","MBS","UMBS MORTPASS 3.5% 10/42","30yr",,,,,"8623266.49",,,,,,""
"2021-04-21","'3132DMH40'","MBS","UMBS MORTPASS 4% 06/49","30yr",,,,,"8620077.79",,,,,,""
"2021-04-21","'31418DEJ7'","MBS","UMBS MORTPASS 3.5% 07/29","Other",,,,,"8618242.69",,,,,,""
"2021-04-21","'3140L6M68'","MBS","UMBS MORTPASS 1.5% 03/51","30yr",,,,,"8614200.23",,,,,,""
"2021-04-21","'3140HJG47'","MBS","UMBS MORTPASS 4% 09/48","30yr",,,,,"8603432.94",,,,,,""
"2021-04-21","'3131Y1YD6'","MBS","UMBS MORTPASS 4.5% 06/48","30yr",,,,,"8602547.51",,,,,,""
"2021-04-21","'3140JL5Q3'","MBS","UMBS MORTPASS 4.5% 01/49","30yr",,,,,"8596457.77",,,,,,""
"2021-04-21","'3133KHVS2'","MBS","UMBS MORTPASS 3% 04/50","30yr",,,,,"8595750.16",,,,,,""
"2021-04-21","'3140F9UP8'","MBS","UMBS MORTPASS 2.5% 12/31","15yr",,,,,"8591046.42",,,,,,""
"2021-04-21","'3140X43J3'","MBS","UMBS MORTPASS 2.5% 10/34","15yr",,,,,"8588115.37",,,,,,""
"2021-04-21","'3140HDEF7'","MBS","UMBS MORTPASS 4% 02/48","30yr",,,,,"8583412.98",,,,,,""
"2021-04-21","'31329LDC3'","MBS","UMBS MORTPASS 2% 12/27","15yr",,,,,"8572000.76",,,,,,""
"2021-04-21","'31307TD57'","MBS","FHLMCGLD 2.5% 02/32","15yr",,,,,"8569905.6",,,,,,""
"2021-04-21","'3131YATP5'","MBS","UMBS MORTPASS 4% 03/49","30yr",,,,,"8564101.45",,,,,,""
"2021-04-21","'3140K76R9'","MBS","UMBS MORTPASS 3% 01/50","30yr",,,,,"8562786.89",,,,,,""
"2021-04-21","'3133KGK80'","MBS","UMBS MORTPASS 3.5% 08/49","30yr",,,,,"8551214.55",,,,,,""
"2021-04-21","'3128MJVH0'","MBS","FHLMCGLD 3.5% 11/44","30yr",,,,,"8540721.07",,,,,,""
"2021-04-21","'3131Y7V38'","MBS","UMBS MORTPASS 4.5% 11/48","30yr",,,,,"8539642.96",,,,,,""
"2021-04-21","'3140JVBW1'","MBS","UMBS MORTPASS 4% 06/49","30yr",,,,,"8536537.89",,,,,,""
"2021-04-21","'3140K1FL5'","MBS","UMBS MORTPASS 3% 09/49","30yr",,,,,"8535215.91",,,,,,""
"2021-04-21","'31419HCG5'","MBS","UMBS MORTPASS 4% 12/40","30yr",,,,,"8535090.75",,,,,,""
"2021-04-21","'3140X6AW1'","MBS","UMBS MORTPASS 3.5% 12/39","Other",,,,,"8532508.11",,,,,,""
"2021-04-21","'3131Y8GF6'","MBS","UMBS MORTPASS 4% 12/48","30yr",,,,,"8526268.26",,,,,,""
"2021-04-21","'3138WTGG5'","MBS","UMBS MORTPASS 3% 04/43","30yr",,,,,"8520582.72",,,,,,""
"2021-04-21","'31418ASV1'","MBS","UMBS MORTPASS 2.5% 05/23","Other",,,,,"8519479.68",,,,,,""
"2021-04-21","'3140KY3B8'","MBS","UMBS MORTPASS 1.5% 01/51","30yr",,,,,"8515828.61",,,,,,""
"2021-04-21","'36202FV94'","MBS","GNMA II 4.5% 08/41","30yr",,,,,"8511533.12",,,,,,""
"2021-04-21","'3140L53L8'","MBS","UMBS MORTPASS 1.5% 04/36","15yr",,,,,"8501920",,,,,,""
"2021-04-21","'3140KRV55'","MBS","UMBS MORTPASS 2.5% 10/50","30yr",,,,,"8494787.33",,,,,,""
"2021-04-21","'3138AW4W0'","MBS","UMBS MORTPASS 3% 11/26","15yr",,,,,"8494505.65",,,,,,""
"2021-04-21","'3133A7LF4'","MBS","UMBS MORTPASS 2.5% 07/50","30yr",,,,,"8482519.83",,,,,,""
"2021-04-21","'3133ABSB7'","MBS","UMBS MORTPASS 1.5% 11/50","30yr",,,,,"8479108.56",,,,,,""
"2021-04-21","'3140JPQD0'","MBS","UMBS MORTPASS 2.5% 06/34","15yr",,,,,"8478303.75",,,,,,""
"2021-04-21","'3140X5V26'","MBS","UMBS MORTPASS 3% 02/50","30yr",,,,,"8469156.35",,,,,,""
"2021-04-21","'3128M8V92'","MBS","FHLMCGLD 5.5% 11/38","30yr",,,,,"8452876.41",,,,,,"Y"
"2021-04-21","'3140HEAW2'","MBS","UMBS MORTPASS 4% 07/48","30yr",,,,,"8450564.36",,,,,,""
"2021-04-21","'3140JJEP0'","MBS","UMBS MORTPASS 4% 10/48","30yr",,,,,"8446632.41",,,,,,""
"2021-04-21","'36179SNT0'","MBS","GNMA II 2.5% 10/46","30yr",,,,,"8437509.76",,,,,,""
"2021-04-21","'3131X8CG9'","MBS","UMBS MORTPASS 2.5% 10/27","15yr",,,,,"8436169.72",,,,,,""
"2021-04-21","'3140KYRU0'","MBS","UMBS MORTPASS 2.5% 03/51","30yr",,,,,"8435938.34",,,,,,""
"2021-04-21","'3132A5JY2'","MBS","UMBS MORTPASS 3% 06/48","30yr",,,,,"8429824.42",,,,,,""
"2021-04-21","'31307ASB9'","MBS","FHLMCGLD 2.5% 02/28","15yr",,,,,"8418861.3",,,,,,""
"2021-04-21","'31418ARU4'","MBS","UMBS MORTPASS 2.5% 04/23","Other",,,,,"8413853.75",,,,,,""
"2021-04-21","'3133GAXR2'","MBS","UMBS MORTPASS 1.5% 11/35","15yr",,,,,"8404385.92",,,,,,""
"2021-04-21","'3140KY5Q3'","MBS","UMBS MORTPASS 2% 03/36","15yr",,,,,"8378885.9",,,,,,""
"2021-04-21","'31334YHS9'","MBS","UMBS MORTPASS 3% 08/49","30yr",,,,,"8370101.14",,,,,,""
"2021-04-21","'3140HJZX2'","MBS","UMBS MORTPASS 4% 05/48","30yr",,,,,"8366674.69",,,,,,""
"2021-04-21","'3133L7RM1'","MBS","UMBS MORTPASS 3% 01/30","15yr",,,,,"8363036.83",,,,,,""
"2021-04-21","'3140HAMP2'","MBS","UMBS MORTPASS 3% 08/49","30yr",,,,,"8359343.2",,,,,,""
"2021-04-21","'3132XXRB7'","MBS","FHLMCGLD 3% 03/48","30yr",,,,,"8357239.17",,,,,,""
"2021-04-21","'31418AV54'","MBS","UMBS MORTPASS 2% 08/23","Other",,,,,"8356905.43",,,,,,""
"2021-04-21","'3140H46S8'","MBS","UMBS MORTPASS 4% 12/47","30yr",,,,,"8348304.39",,,,,,""
"2021-04-21","'31307VTF3'","MBS","FHLMCGLD 3% 03/33","15yr",,,,,"8347524.25",,,,,,""
"2021-04-21","'3140JPYM1'","MBS","UMBS MORTPASS 4% 05/49","30yr",,,,,"8344237.08",,,,,,""
"2021-04-21","'3133KHAZ9'","MBS","UMBS MORTPASS 3.5% 08/49","30yr",,,,,"8343798.75",,,,,,""
"2021-04-21","'3140X9X59'","MBS","UMBS MORTPASS 2% 02/51","30yr",,,,,"8335352.25",,,,,,""
"2021-04-21","'3140X6M81'","MBS","UMBS MORTPASS 3% 11/48","30yr",,,,,"8332873.02",,,,,,""
"2021-04-21","'3133A3GL6'","MBS","UMBS MORTPASS 2.5% 03/50","30yr",,,,,"8330809.39",,,,,,""
"2021-04-21","'3131XWXB4'","MBS","UMBS MORTPASS 3.5% 06/47","30yr",,,,,"8325064.56",,,,,,""
"2021-04-21","'3140KES41'","MBS","UMBS MORTPASS 2% 05/35","15yr",,,,,"8323817.84",,,,,,""
"2021-04-21","'3133AFXF3'","MBS","UMBS MORTPASS 1.5% 02/51","30yr",,,,,"8317814.11",,,,,,""
"2021-04-21","'3140JSPU7'","MBS","UMBS MORTPASS 3% 06/49","30yr",,,,,"8315273.46",,,,,,""
"2021-04-21","'3132ADYE2'","MBS","UMBS MORTPASS 3% 01/34","15yr",,,,,"8311382.93",,,,,,""
"2021-04-21","'31307UX78'","MBS","FHLMCGLD 2.5% 11/32","15yr",,,,,"8310709.99",,,,,,""
"2021-04-21","'3140KBLY8'","MBS","UMBS MORTPASS 3% 03/50","30yr",,,,,"8302636.91",,,,,,""
"2021-04-21","'3133A6WK3'","MBS","UMBS MORTPASS 3% 06/50","30yr",,,,,"8295916.48",,,,,,""
"2021-04-21","'3140KVPG9'","MBS","UMBS MORTPASS 2% 01/51","30yr",,,,,"8291135.54",,,,,,""
"2021-04-21","'3140QEAY8'","MBS","UMBS MORTPASS 2.5% 07/50","30yr",,,,,"8289014.7",,,,,,""
"2021-04-21","'3138EGQF4'","MBS","UMBS MORTPASS 4% 12/24","15yr",,,,,"8287509.85",,,,,,"Y"
"2021-04-21","'36179RQ36'","MBS","GNMA II MORTPASS 4% 10/45","30yr",,,,,"8284844.21",,,,,,""
"2021-04-21","'3133AGK57'","MBS","UMBS MORTPASS 1.5% 02/51","30yr",,,,,"8281102.91",,,,,,""
"2021-04-21","'3140HK2M9'","MBS","UMBS MORTPASS 4% 11/48","30yr",,,,,"8264140.64",,,,,,""
"2021-04-21","'3140X4WA0'","MBS","UMBS MORTPASS 4% 09/49","30yr",,,,,"8262411.09",,,,,,""
"2021-04-21","'3140K1UE4'","MBS","UMBS MORTPASS 3% 12/49","30yr",,,,,"8255649.58",,,,,,""
"2021-04-21","'31346Y3D3'","MBS","UMBS MORTPASS 3% 12/49","30yr",,,,,"8251199.26",,,,,,""
"2021-04-21","'3133GAXH4'","MBS","UMBS MORTPASS 2% 11/35","15yr",,,,,"8250414.16",,,,,,""
"2021-04-21","'3140K1C87'","MBS","UMBS MORTPASS 3% 11/49","30yr",,,,,"8242620.62",,,,,,""
"2021-04-21","'3140HDQS6'","MBS","UMBS MORTPASS 3.5% 12/49","30yr",,,,,"8237046.58",,,,,,""
"2021-04-21","'3140JLMJ0'","MBS","UMBS MORTPASS 4.5% 01/49","30yr",,,,,"8229695.12",,,,,,""
"2021-04-21","'3132L5UR2'","MBS","FHLMCGLD 4% 11/43","30yr",,,,,"8228951.8",,,,,,""
"2021-04-21","'3138NXF51'","MBS","UMBS MORTPASS 2.5% 02/28","15yr",,,,,"8198214.95",,,,,,""
"2021-04-21","'3138E7KX1'","MBS","UMBS MORTPASS 3.5% 06/42","30yr",,,,,"8198168.23",,,,,,""
"2021-04-21","'3138LTKY3'","MBS","UMBS MORTPASS 3% 05/27","15yr",,,,,"8197331.18",,,,,,""
"2021-04-21","'31417CHJ7'","MBS","UMBS MORTPASS 3% 07/27","15yr",,,,,"8193713.59",,,,,,""
"2021-04-21","'31418DKN1'","MBS","UMBS MORTPASS 3% 01/30","Other",,,,,"8191904.34",,,,,,""
"2021-04-21","'3140X94G7'","MBS","UMBS MORTPASS 1.5% 02/36","15yr",,,,,"8191555.31",,,,,,""
"2021-04-21","'3133A6PB1'","MBS","UMBS MORTPASS 3% 06/50","30yr",,,,,"8191074.59",,,,,,""
"2021-04-21","'3133A2HV5'","MBS","UMBS MORTPASS 3% 01/50","30yr",,,,,"8183619.58",,,,,,""
"2021-04-21","'3131XBNA3'","MBS","UMBS MORTPASS 3% 01/29","15yr",,,,,"8173515.57",,,,,,""
"2021-04-21","'3140HFKB4'","MBS","UMBS MORTPASS 2.5% 03/50","30yr",,,,,"8172830.73",,,,,,""
"2021-04-21","'3133GCB50'","MBS","UMBS MORTPASS 1.5% 03/36","15yr",,,,,"8164295",,,,,,""
"2021-04-21","'3140X4K70'","MBS","UMBS MORTPASS 3.5% 07/49","30yr",,,,,"8155410.37",,,,,,""
"2021-04-21","'3131Y32U9'","MBS","UMBS MORTPASS 4.5% 10/48","30yr",,,,,"8153902.68",,,,,,""
"2021-04-21","'3133A3PZ5'","MBS","UMBS MORTPASS 3% 03/50","30yr",,,,,"8153599.61",,,,,,""
"2021-04-21","'3131X8H25'","MBS","UMBS MORTPASS 2.5% 12/27","15yr",,,,,"8149437.9",,,,,,""
"2021-04-21","'3133ADUC8'","MBS","UMBS MORTPASS 2% 12/50","30yr",,,,,"8148104.99",,,,,,""
"2021-04-21","'3131YCVY9'","MBS","UMBS MORTPASS 3.5% 05/49","30yr",,,,,"8132653.61",,,,,,""
"2021-04-21","'3140K8SJ1'","MBS","UMBS MORTPASS 3% 03/50","30yr",,,,,"8130430.64",,,,,,""
"2021-04-21","'3131XUUG0'","MBS","UMBS MORTPASS 3.5% 08/46","30yr",,,,,"8126224.47",,,,,,""
"2021-04-21","'3140QAL99'","MBS","UMBS MORTPASS 4.5% 02/49","30yr",,,,,"8124492.55",,,,,,""
"2021-04-21","'3140KV7C8'","MBS","UMBS MORTPASS 1.5% 12/50","30yr",,,,,"8123070.99",,,,,,""
"2021-04-21","'3138Y47J2'","MBS","UMBS MORTPASS 3% 07/27","15yr",,,,,"8114257.83",,,,,,""
"2021-04-21","'3131Y06J6'","MBS","UMBS MORTPASS 4% 04/48","30yr",,,,,"8110877.74",,,,,,""
"2021-04-21","'31334YVK0'","MBS","UMBS MORTPASS 3% 09/49","30yr",,,,,"8109416.5",,,,,,""
"2021-04-21","'3131X8XA9'","MBS","UMBS MORTPASS 2% 03/28","15yr",,,,,"8107515.89",,,,,,""
"2021-04-21","'3131YCXR2'","MBS","UMBS MORTPASS 3.5% 05/49","30yr",,,,,"8107046.52",,,,,,""
"2021-04-21","'3140KRSY6'","MBS","UMBS MORTPASS 2% 11/50","30yr",,,,,"8102483.51",,,,,,""
"2021-04-21","'3140HJ7M7'","MBS","UMBS MORTPASS 4% 07/48","30yr",,,,,"8101836.64",,,,,,""
"2021-04-21","'3140JNW63'","MBS","UMBS MORTPASS 4% 05/49","30yr",,,,,"8096706.34",,,,,,""
"2021-04-21","'3133ABQY9'","MBS","UMBS MORTPASS 2% 11/50","30yr",,,,,"8093402.67",,,,,,""
"2021-04-21","'3140JY3G9'","MBS","UMBS MORTPASS 2.5% 04/50","30yr",,,,,"8090964.79",,,,,,""
"2021-04-21","'3140KRHM4'","MBS","UMBS MORTPASS 2% 10/50","30yr",,,,,"8090286.04",,,,,,""
"2021-04-21","'3138EH7H9'","MBS","UMBS MORTPASS 3% 04/27","15yr",,,,,"8087714.57",,,,,,""
"2021-04-21","'3140X4LT1'","MBS","UMBS MORTPASS 2.5% 01/24","Other",,,,,"8086852.5",,,,,,""
"2021-04-21","'31339UEV8'","MBS","UMBS MORTPASS 3.5% 08/49","30yr",,,,,"8082470.12",,,,,,""
"2021-04-21","'36179MVU1'","MBS","GNMA II 4.5% 12/42","30yr",,,,,"8081419.25",,,,,,""
"2021-04-21","'3128PXA71'","MBS","FHLMCGLD 3% 11/26","15yr",,,,,"8080658.21",,,,,,""
"2021-04-21","'3140L5AQ9'","MBS","UMBS MORTPASS 1.5% 04/51","30yr",,,,,"8067160",,,,,,""
"2021-04-21","'3133G8PG0'","MBS","UMBS MORTPASS 2% 05/35","15yr",,,,,"8066335.36",,,,,,""
"2021-04-21","'3132CWJC9'","MBS","UMBS MORTPASS 3% 11/31","15yr",,,,,"8066049.78",,,,,,""
"2021-04-21","'31418B2X3'","MBS","UMBS MORTPASS 3% 04/26","Other",,,,,"8065382.4",,,,,,""
"2021-04-21","'3133AGYJ2'","MBS","UMBS MORTPASS 1.5% 03/51","30yr",,,,,"8062278",,,,,,""
"2021-04-21","'3133KYR68'","MBS","UMBS MORTPASS 3% 08/39","Other",,,,,"8055223.42",,,,,,""
"2021-04-21","'3140QC4U7'","MBS","UMBS MORTPASS 3% 08/49","30yr",,,,,"8054787.08",,,,,,""
"2021-04-21","'31418DEQ1'","MBS","UMBS MORTPASS 3.5% 08/39","Other",,,,,"8052998.21",,,,,,""
"2021-04-21","'3140KALR5'","MBS","UMBS MORTPASS 3% 03/50","30yr",,,,,"8047956.86",,,,,,""
"2021-04-21","'3132DMH32'","MBS","UMBS MORTPASS 4% 06/48","30yr",,,,,"8039422.43",,,,,,""
"2021-04-21","'3138EQCN0'","MBS","UMBS MORTPASS 2% 08/30","15yr",,,,,"8031294.29",,,,,,""
"2021-04-21","'3140HLSY3'","MBS","UMBS MORTPASS 4% 06/48","30yr",,,,,"8027520.19",,,,,,""
"2021-04-21","'3133A6FE6'","MBS","UMBS MORTPASS 2.5% 06/50","30yr",,,,,"8025897.21",,,,,,""
"2021-04-21","'31418B3W4'","MBS","UMBS MORTPASS 2.5% 05/26","Other",,,,,"8014671.34",,,,,,""
"2021-04-21","'31417F7A0'","MBS","UMBS MORTPASS 2% 04/28","15yr",,,,,"8005214.2",,,,,,""
"2021-04-21","'3140L7R95'","MBS","UMBS MORTPASS 1.5% 04/36","15yr",,,,,"8000000",,,,,,""
"2021-04-21","'3140KEK72'","MBS","UMBS MORTPASS 1.5% 08/50","30yr",,,,,"7999999.39",,,,,,""
"2021-04-21","'3133A1W24'","MBS","UMBS MORTPASS 3% 02/50","30yr",,,,,"7999568.18",,,,,,""
"2021-04-21","'3133ACQ27'","MBS","UMBS MORTPASS 2.5% 11/50","30yr",,,,,"7992561.19",,,,,,""
"2021-04-21","'3133GAG34'","MBS","UMBS MORTPASS 2% 10/35","15yr",,,,,"7991654.56",,,,,,""
"2021-04-21","'3132JAZ32'","MBS","FHLMCGLD 3.5% 06/43","30yr",,,,,"7990886.51",,,,,,""
"2021-04-21","'3140K55F0'","MBS","UMBS MORTPASS 3.5% 12/49","30yr",,,,,"7988992.11",,,,,,""
"2021-04-21","'3140K3CA8'","MBS","UMBS MORTPASS 3% 01/35","15yr",,,,,"7987120.21",,,,,,""
"2021-04-21","'3132AC2U3'","MBS","UMBS MORTPASS 4% 10/48","30yr",,,,,"7983451.08",,,,,,""
"2021-04-21","'31418ASD1'","MBS","UMBS MORTPASS 2% 04/23","Other",,,,,"7980881.69",,,,,,""
"2021-04-21","'3132A9TN7'","MBS","UMBS MORTPASS 3% 06/32","15yr",,,,,"7976595.71",,,,,,""
"2021-04-21","'3140JNN22'","MBS","UMBS MORTPASS 4.5% 02/49","30yr",,,,,"7970653.14",,,,,,""
"2021-04-21","'3133AD2Y1'","MBS","UMBS MORTPASS 2% 01/51","30yr",,,,,"7967861.87",,,,,,""
"2021-04-21","'31418CWZ3'","MBS","UMBS MORTPASS 3% 05/33","15yr",,,,,"7967739.06",,,,,,""
"2021-04-21","'3133AGAZ2'","MBS","UMBS MORTPASS 1.5% 02/51","30yr",,,,,"7963042.62",,,,,,""
"2021-04-21","'3140K8R45'","MBS","UMBS MORTPASS 2.5% 03/50","30yr",,,,,"7962015.07",,,,,,""
"2021-04-21","'3140KQAT8'","MBS","UMBS MORTPASS 2.5% 02/51","30yr",,,,,"7959954.98",,,,,,""
"2021-04-21","'3140FRNF8'","MBS","UMBS MORTPASS 3% 02/47","30yr",,,,,"7959425.31",,,,,,""
"2021-04-21","'3140QAJH4'","MBS","UMBS MORTPASS 4.5% 01/49","30yr",,,,,"7955244.22",,,,,,""
"2021-04-21","'3140H9JV6'","MBS","UMBS MORTPASS 4.5% 12/48","30yr",,,,,"7947466.14",,,,,,""
"2021-04-21","'3140HN4Y5'","MBS","UMBS MORTPASS 4% 08/48","30yr",,,,,"7939773.89",,,,,,""
"2021-04-21","'3133A1A69'","MBS","UMBS MORTPASS 3.5% 01/50","30yr",,,,,"7939152.66",,,,,,""
"2021-04-21","'3133ABFG0'","MBS","UMBS MORTPASS 2.5% 10/50","30yr",,,,,"7936759.5",,,,,,""
"2021-04-21","'3140HHS22'","MBS","UMBS MORTPASS 4.5% 01/49","30yr",,,,,"7933092.34",,,,,,""
"2021-04-21","'3140HFPT0'","MBS","UMBS MORTPASS 2.5% 03/50","30yr",,,,,"7925116.75",,,,,,""
"2021-04-21","'3140H7J32'","MBS","UMBS MORTPASS 3% 02/33","15yr",,,,,"7917978.91",,,,,,""
"2021-04-21","'3140K3Z39'","MBS","UMBS MORTPASS 3% 03/50","30yr",,,,,"7916446.43",,,,,,""
"2021-04-21","'3140QA6E5'","MBS","UMBS MORTPASS 4% 11/48","30yr",,,,,"7916001.34",,,,,,""
"2021-04-21","'3140K7G31'","MBS","UMBS MORTPASS 3% 03/50","30yr",,,,,"7912132.04",,,,,,""
"2021-04-21","'3140KXJB3'","MBS","UMBS MORTPASS 2% 01/51","30yr",,,,,"7906196.19",,,,,,""
"2021-04-21","'3131Y75R4'","MBS","UMBS MORTPASS 4% 12/48","30yr",,,,,"7903811",,,,,,""
"2021-04-21","'3140X7WW5'","MBS","UMBS MORTPASS 2.5% 09/50","30yr",,,,,"7899883.21",,,,,,""
"2021-04-21","'3133GACV6'","MBS","UMBS MORTPASS 2% 10/35","15yr",,,,,"7895537.45",,,,,,""
"2021-04-21","'3140HHSY2'","MBS","UMBS MORTPASS 4.5% 11/48","30yr",,,,,"7894514.22",,,,,,""
"2021-04-21","'3140KLK76'","MBS","UMBS MORTPASS 2% 08/35","15yr",,,,,"7889716.71",,,,,,""
"2021-04-21","'3140HHT47'","MBS","UMBS MORTPASS 3.5% 04/48","30yr",,,,,"7884625.73",,,,,,""
"2021-04-21","'3140KKSY1'","MBS","UMBS MORTPASS 2.5% 09/50","30yr",,,,,"7882972.03",,,,,,""
"2021-04-21","'31418C5A8'","MBS","UMBS MORTPASS 3.5% 12/33","15yr",,,,,"7861137.45",,,,,,""
"2021-04-21","'3131YBFX1'","MBS","UMBS MORTPASS 4% 04/49","30yr",,,,,"7860679.82",,,,,,""
"2021-04-21","'3133ACWT1'","MBS","UMBS MORTPASS 2% 12/50","30yr",,,,,"7858501.67",,,,,,""
"2021-04-21","'31329QHU8'","MBS","UMBS MORTPASS 4.5% 03/49","30yr",,,,,"7854855.76",,,,,,""
"2021-04-21","'31334XZZ5'","MBS","UMBS MORTPASS 3% 08/49","30yr",,,,,"7853765.3",,,,,,""
"2021-04-21","'3140JVVK5'","MBS","UMBS MORTPASS 4% 07/49","30yr",,,,,"7852622.09",,,,,,""
"2021-04-21","'3140QCKE5'","MBS","UMBS MORTPASS 3% 12/49","30yr",,,,,"7841480.87",,,,,,""
"2021-04-21","'3138WXWQ6'","MBS","UMBS MORTPASS 3.5% 06/43","30yr",,,,,"7840960.14",,,,,,""
"2021-04-21","'3140QDDE1'","MBS","UMBS MORTPASS 2.5% 01/35","15yr",,,,,"7826587.32",,,,,,""
"2021-04-21","'3140JQJ87'","MBS","UMBS MORTPASS 1.5% 02/36","15yr",,,,,"7825615.31",,,,,,""
"2021-04-21","'3133A86F9'","MBS","UMBS MORTPASS 2% 08/50","30yr",,,,,"7822165.51",,,,,,""
"2021-04-21","'3140QAHW3'","MBS","UMBS MORTPASS 4% 01/49","30yr",,,,,"7819362.79",,,,,,""
"2021-04-21","'3131YCZP4'","MBS","UMBS MORTPASS 4% 05/49","30yr",,,,,"7811945.71",,,,,,""
"2021-04-21","'3140JNZB9'","MBS","UMBS MORTPASS 4.5% 02/49","30yr",,,,,"7799123.99",,,,,,""
"2021-04-21","'3132CWBE3'","MBS","UMBS MORTPASS 2.5% 12/27","15yr",,,,,"7797712.92",,,,,,""
"2021-04-21","'3133A4QJ8'","MBS","UMBS MORTPASS 2.5% 05/50","30yr",,,,,"7777919.86",,,,,,""
"2021-04-21","'3131YAUQ1'","MBS","UMBS MORTPASS 4.5% 03/49","30yr",,,,,"7777886.22",,,,,,""
"2021-04-21","'3133A1HY1'","MBS","UMBS MORTPASS 3% 02/50","30yr",,,,,"7777410.75",,,,,,""
"2021-04-21","'3140KDQ86'","MBS","UMBS MORTPASS 2.5% 06/50","30yr",,,,,"7771045.79",,,,,,""
"2021-04-21","'3133ADYN0'","MBS","UMBS MORTPASS 2% 12/50","30yr",,,,,"7769959.21",,,,,,""
"2021-04-21","'3133GCMX7'","MBS","UMBS MORTPASS 1.5% 04/36","15yr",,,,,"7768708",,,,,,""
"2021-04-21","'3140JLB52'","MBS","UMBS MORTPASS 3.5% 03/49","30yr",,,,,"7768567.83",,,,,,""
"2021-04-21","'36179MSY7'","MBS","GNMA II MORTPASS 4% 11/42","30yr",,,,,"7754491.2",,,,,,""
"2021-04-21","'31334W6T3'","MBS","UMBS MORTPASS 3% 07/49","30yr",,,,,"7752261.51",,,,,,""
"2021-04-21","'3140K5BB2'","MBS","UMBS MORTPASS 3% 02/50","30yr",,,,,"7750164.37",,,,,,""
"2021-04-21","'3128MJVB3'","MBS","FHLMCGLD 3.5% 10/44","30yr",,,,,"7749822.11",,,,,,""
"2021-04-21","'31417GLB0'","MBS","UMBS MORTPASS 2% 05/28","15yr",,,,,"7748105.86",,,,,,""
"2021-04-21","'3140KVR51'","MBS","UMBS MORTPASS 2% 11/35","15yr",,,,,"7745861.75",,,,,,""
"2021-04-21","'3133G8DF5'","MBS","UMBS MORTPASS 2.5% 04/35","15yr",,,,,"7732174.53",,,,,,""
"2021-04-21","'3133G9VT3'","MBS","UMBS MORTPASS 1.5% 08/35","15yr",,,,,"7726760.71",,,,,,""
"2021-04-21","'3138WEFK0'","MBS","UMBS MORTPASS 2.5% 03/30","15yr",,,,,"7722741.12",,,,,,""
"2021-04-21","'3131Y7UB1'","MBS","UMBS MORTPASS 4.5% 11/48","30yr",,,,,"7718898.32",,,,,,""
"2021-04-21","'3131Y1YF1'","MBS","UMBS MORTPASS 4.5% 06/48","30yr",,,,,"7708928.9",,,,,,""
"2021-04-21","'3133AJ4C4'","MBS","UMBS MORTPASS 2.5% 04/51","30yr",,,,,"7707400",,,,,,""
"2021-04-21","'31418AYS1'","MBS","UMBS MORTPASS 2.5% 10/23","Other",,,,,"7701449.1",,,,,,""
"2021-04-21","'3140KMJA9'","MBS","UMBS MORTPASS 2.5% 09/50","30yr",,,,,"7701419.5",,,,,,""
"2021-04-21","'36202FWD4'","MBS","GNMA II 3.5% 08/41","30yr",,,,,"7697191.6",,,,,,""
"2021-04-21","'3140KLU59'","MBS","UMBS MORTPASS 2% 08/35","15yr",,,,,"7693846.74",,,,,,""
"2021-04-21","'3140KHVZ1'","MBS","UMBS MORTPASS 2.5% 06/50","30yr",,,,,"7686963.74",,,,,,""
"2021-04-21","'3140HFMG1'","MBS","UMBS MORTPASS 2.5% 03/50","30yr",,,,,"7680081.87",,,,,,""
"2021-04-21","'3133KHT89'","MBS","UMBS MORTPASS 2% 03/50","30yr",,,,,"7679876.81",,,,,,""
"2021-04-21","'3140JVPZ9'","MBS","UMBS MORTPASS 3% 08/49","30yr",,,,,"7679631.22",,,,,,""
"2021-04-21","'3140F7JQ3'","MBS","UMBS MORTPASS 2.5% 07/31","15yr",,,,,"7679455.09",,,,,,""
"2021-04-21","'31418DGE6'","MBS","UMBS MORTPASS 3% 10/29","Other",,,,,"7673502.71",,,,,,""
"2021-04-21","'3140X9TC9'","MBS","UMBS MORTPASS 1.5% 02/51","30yr",,,,,"7660670.28",,,,,,""
"2021-04-21","'3133A4ZB5'","MBS","UMBS MORTPASS 3% 05/50","30yr",,,,,"7657038.26",,,,,,""
"2021-04-21","'31418CZE7'","MBS","UMBS MORTPASS 3.5% 08/38","Other",,,,,"7654545.03",,,,,,""
"2021-04-21","'31418DDC3'","MBS","UMBS MORTPASS 3.5% 07/39","Other",,,,,"7644236.4",,,,,,""
"2021-04-21","'31418DAN2'","MBS","UMBS MORTPASS 4% 03/39","Other",,,,,"7643514.03",,,,,,""
"2021-04-21","'3140K4LQ1'","MBS","UMBS MORTPASS 3% 04/50","30yr",,,,,"7642107.76",,,,,,""
"2021-04-21","'3131Y0Z88'","MBS","UMBS MORTPASS 4% 04/48","30yr",,,,,"7636264.25",,,,,,""
"2021-04-21","'3133GCF49'","MBS","UMBS MORTPASS 1.5% 03/36","15yr",,,,,"7633987",,,,,,""
"2021-04-21","'31329QYP0'","MBS","UMBS MORTPASS 3.5% 05/49","30yr",,,,,"7629270.96",,,,,,""
"2021-04-21","'3140KRHR3'","MBS","UMBS MORTPASS 2.5% 11/50","30yr",,,,,"7627995.61",,,,,,""
"2021-04-21","'31418BK70'","MBS","UMBS MORTPASS 2.5% 12/24","Other",,,,,"7621091.38",,,,,,""
"2021-04-21","'3133D3HJ7'","MBS","UMBS MORTPASS 3% 03/40","Other",,,,,"7614251.02",,,,,,""
"2021-04-21","'31307WCV4'","MBS","FHLMCGLD 3.5% 06/33","15yr",,,,,"7606600.64",,,,,,""
"2021-04-21","'3133A4HV1'","MBS","UMBS MORTPASS 2.5% 05/50","30yr",,,,,"7604785.28",,,,,,""
"2021-04-21","'3140HLJB3'","MBS","UMBS MORTPASS 4.5% 07/48","30yr",,,,,"7603095.23",,,,,,""
"2021-04-21","'3138WN5G0'","MBS","UMBS MORTPASS 3.5% 04/43","30yr",,,,,"7591467.45",,,,,,""
"2021-04-21","'3138X6M85'","MBS","UMBS MORTPASS 3% 09/28","15yr",,,,,"7586377.61",,,,,,""
"2021-04-21","'3140K9SJ9'","MBS","UMBS MORTPASS 3% 02/50","30yr",,,,,"7586376.8",,,,,,""
"2021-04-21","'3140JGV36'","MBS","UMBS MORTPASS 4% 09/48","30yr",,,,,"7580757.63",,,,,,""
"2021-04-21","'31418B2C9'","MBS","UMBS MORTPASS 3% 03/26","Other",,,,,"7572731.08",,,,,,""
"2021-04-21","'3140QD4W1'","MBS","UMBS MORTPASS 3.5% 04/50","30yr",,,,,"7566871.21",,,,,,""
"2021-04-21","'3131XXUS8'","MBS","UMBS MORTPASS 3.5% 09/47","30yr",,,,,"7559068.96",,,,,,""
"2021-04-21","'36202FTT3'","MBS","GNMA II 3.5% 05/41","30yr",,,,,"7551774.92",,,,,,""
"2021-04-21","'3138MPWW1'","MBS","UMBS MORTPASS 2.5% 12/27","15yr",,,,,"7551614.92",,,,,,""
"2021-04-21","'3140XAUV2'","MBS","UMBS MORTPASS 2% 03/51","30yr",,,,,"7547056",,,,,,""
"2021-04-21","'3140KPEN9'","MBS","UMBS MORTPASS 2% 09/50","30yr",,,,,"7544891.67",,,,,,""
"2021-04-21","'3133A15G3'","MBS","UMBS MORTPASS 4% 02/50","30yr",,,,,"7542160.59",,,,,,""
"2021-04-21","'3140X4MU7'","MBS","UMBS MORTPASS 4.5% 06/49","30yr",,,,,"7540969.85",,,,,,""
"2021-04-21","'3133A1SQ6'","MBS","UMBS MORTPASS 3% 02/50","30yr",,,,,"7540253.61",,,,,,""
"2021-04-21","'31334W4W8'","MBS","UMBS MORTPASS 3.5% 07/49","30yr",,,,,"7533523.62",,,,,,""
"2021-04-21","'31418C4Q4'","MBS","UMBS MORTPASS 3% 10/48","30yr",,,,,"7531584.14",,,,,,""
"2021-04-21","'3140X8XF9'","MBS","UMBS MORTPASS 2% 12/50","30yr",,,,,"7520084.24",,,,,,""
"2021-04-21","'3140KAK88'","MBS","UMBS MORTPASS 3% 03/50","30yr",,,,,"7516326.46",,,,,,""
"2021-04-21","'31417FUD8'","MBS","UMBS MORTPASS 2% 03/28","15yr",,,,,"7514210.79",,,,,,""
"2021-04-21","'3140JUBM5'","MBS","UMBS MORTPASS 3% 10/49","30yr",,,,,"7511742.19",,,,,,""
"2021-04-21","'3131X7VB1'","MBS","UMBS MORTPASS 3% 06/27","15yr",,,,,"7511256.48",,,,,,""
"2021-04-21","'31418ALX4'","MBS","UMBS MORTPASS 2.5% 11/22","Other",,,,,"7507285.89",,,,,,""
"2021-04-21","'3131Y73F2'","MBS","UMBS MORTPASS 4.5% 12/48","30yr",,,,,"7506363.58",,,,,,""
"2021-04-21","'31307WA38'","MBS","FHLMCGLD 3% 05/33","15yr",,,,,"7499858.14",,,,,,""
"2021-04-21","'3133GCQ62'","MBS","UMBS MORTPASS 1.5% 04/36","15yr",,,,,"7498711",,,,,,""
"2021-04-21","'3132DMC37'","MBS","UMBS MORTPASS 3.5% 07/49","30yr",,,,,"7496051.27",,,,,,""
"2021-04-21","'3140X9ZG3'","MBS","UMBS MORTPASS 2% 03/36","15yr",,,,,"7494447.63",,,,,,""
"2021-04-21","'3140JWK66'","MBS","UMBS MORTPASS 3.5% 09/49","30yr",,,,,"7491020.3",,,,,,""
"2021-04-21","'3140KAMG8'","MBS","UMBS MORTPASS 2.5% 03/50","30yr",,,,,"7484713.2",,,,,,""
"2021-04-21","'31418CUL6'","MBS","UMBS MORTPASS 3% 02/28","Other",,,,,"7483867.43",,,,,,""
"2021-04-21","'3140JXP93'","MBS","UMBS MORTPASS 3% 11/49","30yr",,,,,"7482806.67",,,,,,""
"2021-04-21","'3140KG2G7'","MBS","UMBS MORTPASS 2.5% 06/50","30yr",,,,,"7477647.71",,,,,,""
"2021-04-21","'3133GCLD2'","MBS","UMBS MORTPASS 1.5% 03/36","15yr",,,,,"7472182",,,,,,""
"2021-04-21","'3131X85Q5'","MBS","UMBS MORTPASS 2% 04/28","15yr",,,,,"7471505.12",,,,,,""
"2021-04-21","'36179UH39'","MBS","GNMA II 3.5% 12/48","30yr",,,,,"7469105.14",,,,,,""
"2021-04-21","'3140KYZZ0'","MBS","UMBS MORTPASS 2% 02/36","15yr",,,,,"7467000.61",,,,,,""
"2021-04-21","'3140K7BB8'","MBS","UMBS MORTPASS 2.5% 12/34","15yr",,,,,"7466864.73",,,,,,""
"2021-04-21","'3138EHL59'","MBS","UMBS MORTPASS 3% 01/27","15yr",,,,,"7465512.2",,,,,,""
"2021-04-21","'31417GWE2'","MBS","UMBS MORTPASS 2% 06/28","15yr",,,,,"7462096.15",,,,,,""
"2021-04-21","'3138EGVX9'","MBS","UMBS MORTPASS 5% 12/39","30yr",,,,,"7458347.88",,,,,,"Y"
"2021-04-21","'3140JNYA2'","MBS","UMBS MORTPASS 3.5% 06/49","30yr",,,,,"7457177.71",,,,,,""
"2021-04-21","'3140KLM82'","MBS","UMBS MORTPASS 2.5% 08/50","30yr",,,,,"7456679.75",,,,,,""
"2021-04-21","'3133AGKN8'","MBS","UMBS MORTPASS 1.5% 02/51","30yr",,,,,"7451324.06",,,,,,""
"2021-04-21","'36202F4S2'","MBS","GNMA II 4.5% 03/42","30yr",,,,,"7449603.71",,,,,,""
"2021-04-21","'3140X5DH3'","MBS","UMBS MORTPASS 3% 11/34","15yr",,,,,"7448180.41",,,,,,""
"2021-04-21","'3140K3HP0'","MBS","UMBS MORTPASS 3% 11/49","30yr",,,,,"7446998.16",,,,,,""
"2021-04-21","'3140KPH63'","MBS","UMBS MORTPASS 2.5% 09/50","30yr",,,,,"7441370.93",,,,,,""
"2021-04-21","'3140QHDN2'","MBS","UMBS MORTPASS 2.5% 12/50","30yr",,,,,"7441135.59",,,,,,""
"2021-04-21","'3131XYWF2'","MBS","UMBS MORTPASS 4% 12/47","30yr",,,,,"7426780.1",,,,,,""
"2021-04-21","'3128MJ2L3'","MBS","FHLMCGLD 3% 09/47","30yr",,,,,"7422290.57",,,,,,""
"2021-04-21","'3140H5NN7'","MBS","UMBS MORTPASS 3.5% 02/48","30yr",,,,,"7418716.88",,,,,,""
"2021-04-21","'3133KJN24'","MBS","UMBS MORTPASS 2.5% 07/50","30yr",,,,,"7416244.4",,,,,,""
"2021-04-21","'3132A8SU4'","MBS","UMBS MORTPASS 2% 11/23","Other",,,,,"7416080.01",,,,,,""
"2021-04-21","'3133A2GS3'","MBS","UMBS 3.0%","30yr",,,,,"7414840.84",,,,,,""
"2021-04-21","'3133KYRY7'","MBS","UMBS MORTPASS 3.5% 08/39","Other",,,,,"7412908.56",,,,,,""
"2021-04-21","'31418BRG3'","MBS","UMBS MORTPASS 2.5% 06/25","Other",,,,,"7407533.27",,,,,,""
"2021-04-21","'3140QCS49'","MBS","UMBS MORTPASS 3% 11/31","15yr",,,,,"7406878.43",,,,,,""
"2021-04-21","'31307TKZ3'","MBS","FHLMCGLD 2.5% 03/32","15yr",,,,,"7403635.99",,,,,,""
"2021-04-21","'31418DT77'","MBS","UMBS MORTPASS 2% 11/30","Other",,,,,"7402054.83",,,,,,""
"2021-04-21","'3140H2J33'","MBS","UMBS MORTPASS 3.5% 02/48","30yr",,,,,"7400677.83",,,,,,""
"2021-04-21","'3133L7RH2'","MBS","UMBS MORTPASS 2.5% 01/30","15yr",,,,,"7399387.36",,,,,,""
"2021-04-21","'3133A4H25'","MBS","UMBS MORTPASS 2.5% 05/50","30yr",,,,,"7395803.42",,,,,,""
"2021-04-21","'31374CPN0'","MBS","UMBS MORTPASS 3.5% 07/27","15yr",,,,,"7389600.16",,,,,,""
"2021-04-21","'31417APT0'","MBS","UMBS MORTPASS 3% 12/26","15yr",,,,,"7387044.71",,,,,,""
"2021-04-21","'3140QCZG4'","MBS","UMBS MORTPASS 3.5% 09/49","30yr",,,,,"7385559.41",,,,,,""
"2021-04-21","'3132DV5F8'","MBS","UMBS MORTPASS 4% 02/50","30yr",,,,,"7385266.24",,,,,,""
"2021-04-21","'3140KPTF0'","MBS","UMBS MORTPASS 2.5% 10/50","30yr",,,,,"7381181.95",,,,,,""
"2021-04-21","'3140QDNR1'","MBS","UMBS MORTPASS 3% 10/34","15yr",,,,,"7380870.67",,,,,,""
"2021-04-21","'31418B5Y8'","MBS","UMBS MORTPASS 2% 06/31","15yr",,,,,"7375401.93",,,,,,""
"2021-04-21","'3140L5ES1'","MBS","UMBS MORTPASS 2.5% 03/51","30yr",,,,,"7370090.39",,,,,,""
"2021-04-21","'3138EGV27'","MBS","UMBS MORTPASS 6.5% 10/37","30yr",,,,,"7367792.46",,,,,,"Y"
"2021-04-21","'3133A6FH9'","MBS","UMBS MORTPASS 3% 06/50","30yr",,,,,"7357611.34",,,,,,""
"2021-04-21","'3133A0B94'","MBS","UMBS MORTPASS 3% 12/49","30yr",,,,,"7357400.28",,,,,,""
"2021-04-21","'31418AU22'","MBS","UMBS MORTPASS 2% 07/23","Other",,,,,"7350585.08",,,,,,""
"2021-04-21","'31346YSV6'","MBS","UMBS MORTPASS 3% 12/49","30yr",,,,,"7349633.52",,,,,,""
"2021-04-21","'3140JVBZ4'","MBS","UMBS MORTPASS 3.5% 06/49","30yr",,,,,"7343485.08",,,,,,""
"2021-04-21","'3133KYSU4'","MBS","UMBS MORTPASS 2.5% 12/39","Other",,,,,"7334772.65",,,,,,""
"2021-04-21","'3133A4P83'","MBS","UMBS MORTPASS 3% 05/50","30yr",,,,,"7330740.58",,,,,,""
"2021-04-21","'3140KGA29'","MBS","UMBS MORTPASS 2.5% 06/50","30yr",,,,,"7330235.35",,,,,,""
"2021-04-21","'3140KLP97'","MBS","UMBS MORTPASS 2.5% 08/50","30yr",,,,,"7323168.06",,,,,,""
"2021-04-21","'3133G9TH2'","MBS","UMBS MORTPASS 2% 08/35","15yr",,,,,"7318715.8",,,,,,""
"2021-04-21","'3131X8FN1'","MBS","UMBS MORTPASS 2.5% 11/27","15yr",,,,,"7317316.95",,,,,,""
"2021-04-21","'31335CJL9'","MBS","FHLMCGLD 6.5% 04/39","30yr",,,,,"7310842.67",,,,,,"Y"
"2021-04-21","'3133A8HU4'","MBS","UMBS MORTPASS 2.5% 08/50","30yr",,,,,"7307593.66",,,,,,""
"2021-04-21","'3140QBB98'","MBS","UMBS MORTPASS 3.5% 06/49","30yr",,,,,"7307442.44",,,,,,""
"2021-04-21","'3140QEDZ2'","MBS","UMBS MORTPASS 3% 12/49","30yr",,,,,"7305997.85",,,,,,""
"2021-04-21","'3140KESQ2'","MBS","UMBS MORTPASS 2.5% 05/50","30yr",,,,,"7304675.03",,,,,,""
"2021-04-21","'31307TAP6'","MBS","FHLMCGLD 2.5% 02/32","15yr",,,,,"7304088.49",,,,,,""
"2021-04-21","'36202FDX1'","MBS","GNMA II MORTPASS 5% 01/40","30yr",,,,,"7296063.29",,,,,,""
"2021-04-21","'3140KABR6'","MBS","UMBS MORTPASS 2.5% 05/50","30yr",,,,,"7292817.23",,,,,,""
"2021-04-21","'31334XTZ2'","MBS","UMBS MORTPASS 3.5% 08/49","30yr",,,,,"7287533.29",,,,,,""
"2021-04-21","'3140KMYL8'","MBS","UMBS MORTPASS 2% 09/50","30yr",,,,,"7287390.75",,,,,,""
"2021-04-21","'3140KRKA6'","MBS","UMBS MORTPASS 2% 11/50","30yr",,,,,"7279953.75",,,,,,""
"2021-04-21","'3133A7SL4'","MBS","UMBS MORTPASS 2% 07/50","30yr",,,,,"7268460.44",,,,,,""
"2021-04-21","'3132A9NF0'","MBS","UMBS MORTPASS 2.5% 06/28","15yr",,,,,"7266709.25",,,,,,""
"2021-04-21","'3131YBN20'","MBS","UMBS MORTPASS 3.5% 04/49","30yr",,,,,"7261930.65",,,,,,""
"2021-04-21","'3132KFWH1'","MBS","FHLMCGLD 2.5% 02/32","15yr",,,,,"7261409.4",,,,,,""
"2021-04-21","'3132VNDU4'","MBS","FHLMCGLD 3.5% 03/49","30yr",,,,,"7256515.49",,,,,,""
"2021-04-21","'3140HKJ33'","MBS","UMBS MORTPASS 2% 10/50","30yr",,,,,"7254180.32",,,,,,""
"2021-04-21","'3140L4XJ3'","MBS","UMBS MORTPASS 2% 02/51","30yr",,,,,"7252181.81",,,,,,""
"2021-04-21","'3140JML26'","MBS","UMBS MORTPASS 3.5% 03/49","30yr",,,,,"7244315.52",,,,,,""
"2021-04-21","'3131X7SR0'","MBS","UMBS MORTPASS 3% 05/27","15yr",,,,,"7243296.52",,,,,,""
"2021-04-21","'3620AASM1'","MBS","GNMA I 4.5% 08/39","30yr",,,,,"7233422.57",,,,,,""
"2021-04-21","'31417DJ79'","MBS","UMBS MORTPASS 2.5% 10/42","30yr",,,,,"7229962.53",,,,,,""
"2021-04-21","'31346YN58'","MBS","UMBS MORTPASS 2.5% 12/49","30yr",,,,,"7227027.48",,,,,,""
"2021-04-21","'3140H76H5'","MBS","UMBS MORTPASS 3% 10/49","30yr",,,,,"7223432.78",,,,,,""
"2021-04-21","'3131YBQM3'","MBS","UMBS MORTPASS 4.5% 04/49","30yr",,,,,"7219035.08",,,,,,""
"2021-04-21","'31346YGB3'","MBS","UMBS MORTPASS 4% 11/49","30yr",,,,,"7217243.25",,,,,,""
"2021-04-21","'3140K37C0'","MBS","UMBS MORTPASS 3% 11/49","30yr",,,,,"7212795.46",,,,,,""
"2021-04-21","'31339U3D0'","MBS","UMBS MORTPASS 2.5% 11/49","30yr",,,,,"7207617.34",,,,,,""
"2021-04-21","'3132AEC79'","MBS","UMBS MORTPASS 3.5% 04/29","Other",,,,,"7203978.43",,,,,,""
"2021-04-21","'3133AELL6'","MBS","UMBS MORTPASS 2.5% 01/51","30yr",,,,,"7197312.28",,,,,,""
"2021-04-21","'3140KDKK5'","MBS","UMBS MORTPASS 2.5% 06/50","30yr",,,,,"7191734.31",,,,,,""
"2021-04-21","'3140JRGR6'","MBS","UMBS MORTPASS 4.5% 07/49","30yr",,,,,"7189833.11",,,,,,""
"2021-04-21","'31307PWK1'","MBS","FHLMCGLD 3% 12/30","15yr",,,,,"7187232.84",,,,,,""
"2021-04-21","'3140L5GP5'","MBS","UMBS MORTPASS 1.5% 03/36","15yr",,,,,"7185232",,,,,,""
"2021-04-21","'3140K8MG3'","MBS","UMBS MORTPASS 3.5% 01/50","30yr",,,,,"7184448.36",,,,,,""
"2021-04-21","'3140KHMU2'","MBS","UMBS MORTPASS 2% 07/50","30yr",,,,,"7184367.11",,,,,,""
"2021-04-21","'3140KAMM5'","MBS","UMBS MORTPASS 3% 03/50","30yr",,,,,"7179068.65",,,,,,""
"2021-04-21","'3133ADPF7'","MBS","UMBS MORTPASS 2% 12/50","30yr",,,,,"7178634.43",,,,,,""
"2021-04-21","'3140K9NT2'","MBS","UMBS MORTPASS 2.5% 03/50","30yr",,,,,"7175135.42",,,,,,""
"2021-04-21","'36179MK90'","MBS","GNMA II 4.5% 08/42","30yr",,,,,"7172581.29",,,,,,""
"2021-04-21","'31329QTQ4'","MBS","UMBS MORTPASS 3.5% 05/39","Other",,,,,"7172457.34",,,,,,""
"2021-04-21","'3133ABZ45'","MBS","UMBS MORTPASS 2.5% 11/50","30yr",,,,,"7162632.71",,,,,,""
"2021-04-21","'3133A0KG8'","MBS","UMBS MORTPASS 3% 12/49","30yr",,,,,"7158692.78",,,,,,""
"2021-04-21","'3140FG3K3'","MBS","UMBS MORTPASS 3% 05/30","15yr",,,,,"7157308.73",,,,,,""
"2021-04-21","'3131X8AC0'","MBS","UMBS MORTPASS 2.5% 10/27","15yr",,,,,"7146896.57",,,,,,""
"2021-04-21","'3140H1BB5'","MBS","UMBS MORTPASS 4% 12/47","30yr",,,,,"7142761.04",,,,,,""
"2021-04-21","'3128MJ3R9'","MBS","FHLMCGLD 3% 04/48","30yr",,,,,"7138755.14",,,,,,""
"2021-04-21","'3128MMWF6'","MBS","FHLMCGLD 3.5% 05/32","15yr",,,,,"7136619.21",,,,,,""
"2021-04-21","'31418AXF0'","MBS","UMBS MORTPASS 2.5% 09/23","Other",,,,,"7134642.74",,,,,,""
"2021-04-21","'3138MKQP4'","MBS","UMBS MORTPASS 2.5% 04/28","15yr",,,,,"7132903.73",,,,,,""
"2021-04-21","'31307S4W0'","MBS","FHLMCGLD 2.5% 02/32","15yr",,,,,"7131823.63",,,,,,""
"2021-04-21","'3133AG5B1'","MBS","UMBS MORTPASS 2% 03/51","30yr",,,,,"7130144",,,,,,""
"2021-04-21","'3140KHFG1'","MBS","UMBS MORTPASS 2% 08/50","30yr",,,,,"7129388.87",,,,,,""
"2021-04-21","'3140KCEA6'","MBS","UMBS MORTPASS 3% 04/50","30yr",,,,,"7123030.22",,,,,,""
"2021-04-21","'31418C4B7'","MBS","UMBS MORTPASS 3.5% 11/33","15yr",,,,,"7119037.34",,,,,,""
"2021-04-21","'3133GAYX8'","MBS","UMBS MORTPASS 2% 11/35","15yr",,,,,"7117286.55",,,,,,""
"2021-04-21","'3140Q9MS9'","MBS","UMBS MORTPASS 4.5% 08/48","30yr",,,,,"7116727.89",,,,,,""
"2021-04-21","'31334YHT7'","MBS","UMBS MORTPASS 3% 08/49","30yr",,,,,"7107829.24",,,,,,""
"2021-04-21","'3140JVTT9'","MBS","UMBS MORTPASS 3% 10/49","30yr",,,,,"7107461.9",,,,,,""
"2021-04-21","'3140JUNU4'","MBS","UMBS MORTPASS 4% 06/49","30yr",,,,,"7105517.75",,,,,,""
"2021-04-21","'3133A0ZG2'","MBS","UMBS MORTPASS 4% 01/50","30yr",,,,,"7102723.88",,,,,,""
"2021-04-21","'3140KBHS6'","MBS","UMBS MORTPASS 2.5% 03/50","30yr",,,,,"7101312.09",,,,,,""
"2021-04-21","'3132A9M61'","MBS","UMBS MORTPASS 2% 02/28","15yr",,,,,"7094047.54",,,,,,""
"2021-04-21","'36297F2S0'","MBS","GNMA I 4.5% 11/39","30yr",,,,,"7093702.03",,,,,,""
"2021-04-21","'3133A6G47'","MBS","UMBS MORTPASS 2% 06/50","30yr",,,,,"7090856.04",,,,,,""
"2021-04-21","'3140L6QP2'","MBS","UMBS MORTPASS 1.5% 04/36","15yr",,,,,"7090377",,,,,,""
"2021-04-21","'3132KE7M1'","MBS","FHLMCGLD 2.5% 08/30","15yr",,,,,"7089630.37",,,,,,""
"2021-04-21","'3133G93J6'","MBS","UMBS MORTPASS 2% 09/35","15yr",,,,,"7089028.91",,,,,,""
"2021-04-21","'3140KY3A0'","MBS","UMBS MORTPASS 2% 01/51","30yr",,,,,"7087786.94",,,,,,""
"2021-04-21","'36202FQ58'","MBS","GNMA II 3.5% 03/41","30yr",,,,,"7082984.12",,,,,,""
"2021-04-21","'3133GALK0'","MBS","UMBS MORTPASS 2% 10/35","15yr",,,,,"7081420.58",,,,,,""
"2021-04-21","'3140K46V7'","MBS","UMBS MORTPASS 3% 01/50","30yr",,,,,"7077653.24",,,,,,""
"2021-04-21","'3140K9LD9'","MBS","UMBS MORTPASS 3.5% 02/50","30yr",,,,,"7065167.51",,,,,,""
"2021-04-21","'3140X5ZZ9'","MBS","UMBS MORTPASS 2% 02/30","Other",,,,,"7063003.07",,,,,,""
"2021-04-21","'31329KW83'","MBS","UMBS MORTPASS 3% 09/37","Other",,,,,"7062408.47",,,,,,""
"2021-04-21","'3133D3DL6'","MBS","UMBS MORTPASS 3% 11/39","Other",,,,,"7059680.57",,,,,,""
"2021-04-21","'31418AS90'","MBS","UMBS MORTPASS 2% 05/23","Other",,,,,"7059230.48",,,,,,""
"2021-04-21","'3140JGLK9'","MBS","UMBS MORTPASS 4.5% 12/48","30yr",,,,,"7058975.18",,,,,,""
"2021-04-21","'3140JRFS5'","MBS","UMBS MORTPASS 3.5% 06/49","30yr",,,,,"7051977.57",,,,,,""
"2021-04-21","'3140JN7C8'","MBS","UMBS MORTPASS 3% 05/49","30yr",,,,,"7051616.74",,,,,,""
"2021-04-21","'3140JXKT4'","MBS","UMBS MORTPASS 3% 10/34","15yr",,,,,"7044998.7",,,,,,""
"2021-04-21","'3131YAXN5'","MBS","UMBS MORTPASS 3.5% 03/49","30yr",,,,,"7042548.46",,,,,,""
"2021-04-21","'3140Q8ST3'","MBS","UMBS MORTPASS 3% 03/33","15yr",,,,,"7040210.27",,,,,,""
"2021-04-21","'3140L72N1'","MBS","UMBS MORTPASS 2% 04/51","30yr",,,,,"7035575",,,,,,""
"2021-04-21","'3140KGHH9'","MBS","UMBS MORTPASS 2.5% 06/50","30yr",,,,,"7032238.24",,,,,,""
"2021-04-21","'3140X5BR3'","MBS","UMBS MORTPASS 2.5% 10/39","Other",,,,,"7031305.43",,,,,,""
"2021-04-21","'3140KLQF2'","MBS","UMBS MORTPASS 2% 09/50","30yr",,,,,"7030128.41",,,,,,""
"2021-04-21","'3140JKB54'","MBS","UMBS MORTPASS 4% 11/48","30yr",,,,,"7024159.15",,,,,,""
"2021-04-21","'3133A4HU3'","MBS","UMBS MORTPASS 2.5% 04/50","30yr",,,,,"7024128.39",,,,,,""
"2021-04-21","'3132DMCH6'","MBS","UMBS MORTPASS 3.5% 09/49","30yr",,,,,"7023006.83",,,,,,""
"2021-04-21","'3140KR5Q8'","MBS","UMBS MORTPASS 2.5% 12/50","30yr",,,,,"7020959.55",,,,,,""
"2021-04-21","'3132A9UW5'","MBS","UMBS MORTPASS 3% 05/33","15yr",,,,,"7019922.97",,,,,,""
"2021-04-21","'31292SCD0'","MBS","FHLMCGLD 3.5% 11/44","30yr",,,,,"7008551.34",,,,,,""
"2021-04-21","'3133AG3W7'","MBS","UMBS MORTPASS 1.5% 03/51","30yr",,,,,"7003002.55",,,,,,""
"2021-04-21","'3133KHGV2'","MBS","UMBS MORTPASS 3.5% 01/50","30yr",,,,,"7001607.74",,,,,,""
"2021-04-21","'3140X42R6'","MBS","UMBS MORTPASS 2.5% 08/34","15yr",,,,,"7000198.38",,,,,,""
"2021-04-21","'3140L6MG6'","MBS","UMBS MORTPASS 1.5% 03/36","15yr",,,,,"6997105",,,,,,""
"2021-04-21","'3133KHUA2'","MBS","UMBS MORTPASS 4% 12/49","30yr",,,,,"6985195.98",,,,,,""
"2021-04-21","'3140E8GT9'","MBS","UMBS MORTPASS 2.5% 06/31","15yr",,,,,"6984459.36",,,,,,""
"2021-04-21","'3140J5SN0'","MBS","UMBS MORTPASS 2.5% 09/31","15yr",,,,,"6983518.35",,,,,,""
"2021-04-21","'3140JYRH1'","MBS","UMBS MORTPASS 3% 10/49","30yr",,,,,"6982985.94",,,,,,""
"2021-04-21","'31334XYM5'","MBS","UMBS MORTPASS 3.5% 08/49","30yr",,,,,"6973874.34",,,,,,""
"2021-04-21","'3140HFGF0'","MBS","UMBS MORTPASS 3.5% 04/48","30yr",,,,,"6973318.27",,,,,,""
"2021-04-21","'3140KMER7'","MBS","UMBS MORTPASS 2.5% 08/50","30yr",,,,,"6970344.17",,,,,,""
"2021-04-21","'3140KUHT2'","MBS","UMBS MORTPASS 2% 12/50","30yr",,,,,"6968848.65",,,,,,""
"2021-04-21","'3133A4L87'","MBS","UMBS MORTPASS 3% 05/50","30yr",,,,,"6967564.36",,,,,,""
"2021-04-21","'36179NX78'","MBS","GNMA II 4.5% 01/44","30yr",,,,,"6967438.65",,,,,,""
"2021-04-21","'3133A4KK1'","MBS","UMBS MORTPASS 2% 05/50","30yr",,,,,"6964579.44",,,,,,""
"2021-04-21","'3140HFPE3'","MBS","UMBS MORTPASS 3% 03/35","15yr",,,,,"6961715.31",,,,,,""
"2021-04-21","'3133G7VX8'","MBS","UMBS MORTPASS 3% 02/35","15yr",,,,,"6961477.57",,,,,,""
"2021-04-21","'3140JQQM8'","MBS","UMBS MORTPASS 3.5% 07/49","30yr",,,,,"6954671.49",,,,,,""
"2021-04-21","'36202FZZ2'","MBS","GNMA II 4.5% 12/41","30yr",,,,,"6947633.28",,,,,,""
"2021-04-21","'3138EGQP2'","MBS","UMBS MORTPASS 4% 09/29","Other",,,,,"6942789.93",,,,,,"Y"
"2021-04-21","'3140JRN56'","MBS","UMBS MORTPASS 4% 05/49","30yr",,,,,"6938802.47",,,,,,""
"2021-04-21","'3140HHSX4'","MBS","UMBS MORTPASS 4.5% 10/48","30yr",,,,,"6934885.91",,,,,,""
"2021-04-21","'3140HNDN9'","MBS","UMBS MORTPASS 2% 11/50","30yr",,,,,"6934388.93",,,,,,""
"2021-04-21","'3128M8X66'","MBS","FHLMCGLD 5% 11/38","30yr",,,,,"6931411.88",,,,,,"Y"
"2021-04-21","'3140K7CC5'","MBS","UMBS MORTPASS 3% 01/50","30yr",,,,,"6921727.36",,,,,,""
"2021-04-21","'3131X8BW5'","MBS","UMBS MORTPASS 2.5% 10/27","15yr",,,,,"6918117.8",,,,,,""
"2021-04-21","'3133GBA20'","MBS","UMBS MORTPASS 2% 12/35","15yr",,,,,"6915249.18",,,,,,""
"2021-04-21","'3133AJ6B4'","MBS","UMBS MORTPASS 1.5% 04/51","30yr",,,,,"6908897",,,,,,""
"2021-04-21","'3140JWVQ0'","MBS","UMBS MORTPASS 2.5% 09/34","15yr",,,,,"6905175.74",,,,,,""
"2021-04-21","'3131Y1X96'","MBS","UMBS MORTPASS 4% 06/48","30yr",,,,,"6904630",,,,,,""
"2021-04-21","'31418AM47'","MBS","UMBS MORTPASS 2.5% 12/22","Other",,,,,"6903361.82",,,,,,""
"2021-04-21","'3140K2SB1'","MBS","UMBS MORTPASS 2.5% 10/49","30yr",,,,,"6892746.19",,,,,,""
"2021-04-21","'3132ADX29'","MBS","UMBS MORTPASS 3% 12/48","30yr",,,,,"6892351.06",,,,,,""
"2021-04-21","'3140KQWW7'","MBS","UMBS MORTPASS 2% 12/50","30yr",,,,,"6887278.92",,,,,,""
"2021-04-21","'3132A9QA8'","MBS","UMBS MORTPASS 2.5% 01/30","15yr",,,,,"6881075.2",,,,,,""
"2021-04-21","'3138X0A24'","MBS","UMBS MORTPASS 3.5% 07/43","30yr",,,,,"6880686.67",,,,,,""
"2021-04-21","'3140F87L5'","MBS","UMBS MORTPASS 2.5% 07/31","15yr",,,,,"6878701.95",,,,,,""
"2021-04-21","'3133A3HK7'","MBS","UMBS MORTPASS 3% 03/50","30yr",,,,,"6874810.15",,,,,,""
"2021-04-21","'3140QDBH6'","MBS","UMBS MORTPASS 2% 01/50","30yr",,,,,"6873573.78",,,,,,""
"2021-04-21","'3133A0GW8'","MBS","UMBS MORTPASS 3% 12/49","30yr",,,,,"6870743.23",,,,,,""
"2021-04-21","'31307UCS5'","MBS","FHLMCGLD 2.5% 07/32","15yr",,,,,"6869148.89",,,,,,""
"2021-04-21","'3140JYTA4'","MBS","UMBS MORTPASS 3% 08/49","30yr",,,,,"6868887.32",,,,,,""
"2021-04-21","'3140KBH56'","MBS","UMBS MORTPASS 3% 03/50","30yr",,,,,"6864218.35",,,,,,""
"2021-04-21","'3133KHPB6'","MBS","UMBS MORTPASS 3.5% 11/48","30yr",,,,,"6855181.27",,,,,,""
"2021-04-21","'3140KBGD0'","MBS","UMBS MORTPASS 3% 03/50","30yr",,,,,"6854550.42",,,,,,""
"2021-04-21","'3140KPSA2'","MBS","UMBS MORTPASS 2% 09/50","30yr",,,,,"6837778.8",,,,,,""
"2021-04-21","'3131X8CS3'","MBS","UMBS MORTPASS 2.5% 10/27","15yr",,,,,"6833977.43",,,,,,""
"2021-04-21","'3133KGJ90'","MBS","UMBS MORTPASS 4.5% 08/49","30yr",,,,,"6829601.44",,,,,,""
"2021-04-21","'3133KHBA3'","MBS","UMBS MORTPASS 4% 10/49","30yr",,,,,"6825599.04",,,,,,""
"2021-04-21","'3138MQGB3'","MBS","UMBS MORTPASS 3.5% 12/42","30yr",,,,,"6817144.62",,,,,,""
"2021-04-21","'3133KGZ35'","MBS","UMBS MORTPASS 3.5% 11/48","30yr",,,,,"6814719.58",,,,,,""
"2021-04-21","'3140Q8WM3'","MBS","UMBS MORTPASS 4% 04/48","30yr",,,,,"6814584.71",,,,,,""
"2021-04-21","'3140KHDY4'","MBS","UMBS MORTPASS 2% 07/50","30yr",,,,,"6810272.63",,,,,,""
"2021-04-21","'31418AZ35'","MBS","UMBS MORTPASS 2.5% 11/23","Other",,,,,"6806928.87",,,,,,""
"2021-04-21","'3140KVBL3'","MBS","UMBS MORTPASS 2% 11/50","30yr",,,,,"6797219.88",,,,,,""
"2021-04-21","'31329P6A6'","MBS","UMBS MORTPASS 4.5% 01/49","30yr",,,,,"6792217.93",,,,,,""
"2021-04-21","'31418CYE8'","MBS","UMBS MORTPASS 3.5% 07/28","Other",,,,,"6791970.04",,,,,,""
"2021-04-21","'36179QRX1'","MBS","GNMA II MORTPASS 3% 10/44","30yr",,,,,"6789761.59",,,,,,""
"2021-04-21","'3133A33X4'","MBS","UMBS 3.0%","30yr",,,,,"6788634.67",,,,,,""
"2021-04-21","'3140HBJZ2'","MBS","UMBS MORTPASS 3.5% 02/48","30yr",,,,,"6781226.22",,,,,,""
"2021-04-21","'31418BTW6'","MBS","UMBS MORTPASS 2.5% 08/25","Other",,,,,"6776210.01",,,,,,""
"2021-04-21","'3133KJFX5'","MBS","UMBS MORTPASS 2.5% 06/50","30yr",,,,,"6774022.11",,,,,,""
"2021-04-21","'3133KGGT9'","MBS","UMBS MORTPASS 3.5% 07/49","30yr",,,,,"6773965.16",,,,,,""
"2021-04-21","'3140KYRL0'","MBS","UMBS MORTPASS 1.5% 03/36","15yr",,,,,"6773430",,,,,,""
"2021-04-21","'3140F9AH8'","MBS","UMBS MORTPASS 2.5% 07/31","15yr",,,,,"6772659.69",,,,,,""
"2021-04-21","'3132A5HT5'","MBS","UMBS MORTPASS 3% 11/47","30yr",,,,,"6760488.96",,,,,,""
"2021-04-21","'3140JNA26'","MBS","UMBS MORTPASS 3.5% 04/49","30yr",,,,,"6751674.31",,,,,,""
"2021-04-21","'3140KVZH6'","MBS","UMBS MORTPASS 1.5% 02/51","30yr",,,,,"6747264.28",,,,,,""
"2021-04-21","'3132A8BG3'","MBS","UMBS MORTPASS 2.5% 06/28","15yr",,,,,"6746157.98",,,,,,""
"2021-04-21","'31339S5Q4'","MBS","UMBS MORTPASS 2.5% 10/49","30yr",,,,,"6745590.12",,,,,,""
"2021-04-21","'3138WD7G0'","MBS","UMBS MORTPASS 2.5% 02/30","15yr",,,,,"6739522.97",,,,,,""
"2021-04-21","'3132A9M20'","MBS","UMBS MORTPASS 2.5% 12/27","15yr",,,,,"6738564.23",,,,,,""
"2021-04-21","'31418CBT0'","MBS","UMBS MORTPASS 2.5% 09/36","Other",,,,,"6736954.26",,,,,,""
"2021-04-21","'3133A2VY3'","MBS","UMBS MORTPASS 3% 03/50","30yr",,,,,"6735324.39",,,,,,""
"2021-04-21","'36296WAL0'","MBS","GNMA I 4.5% 05/39","30yr",,,,,"6735249.85",,,,,,""
"2021-04-21","'3133A4S49'","MBS","UMBS MORTPASS 3% 05/50","30yr",,,,,"6731248.28",,,,,,""
"2021-04-21","'3140K1CA2'","MBS","UMBS MORTPASS 3.5% 11/49","30yr",,,,,"6726540.78",,,,,,""
"2021-04-21","'3138W16F9'","MBS","UMBS MORTPASS 2% 03/28","15yr",,,,,"6725965.24",,,,,,""
"2021-04-21","'3133G8U82'","MBS","UMBS MORTPASS 2% 06/35","15yr",,,,,"6722707.9",,,,,,""
"2021-04-21","'3132A5JC0'","MBS","UMBS MORTPASS 3.5% 03/48","30yr",,,,,"6708858.54",,,,,,""
"2021-04-21","'3140KVMD9'","MBS","UMBS MORTPASS 1.5% 12/35","15yr",,,,,"6683868.6",,,,,,""
"2021-04-21","'3133A2DJ6'","MBS","UMBS MORTPASS 3% 02/50","30yr",,,,,"6683781.21",,,,,,""
"2021-04-21","'31418BHZ2'","MBS","UMBS MORTPASS 2.5% 10/24","Other",,,,,"6681252.1",,,,,,""
"2021-04-21","'3128MC4Q5'","MBS","FHLMCGLD 4.5% 01/25","15yr",,,,,"6680116.06",,,,,,"Y"
"2021-04-21","'3131YAXV7'","MBS","UMBS MORTPASS 4% 03/49","30yr",,,,,"6679755",,,,,,""
"2021-04-21","'3140KF7M1'","MBS","UMBS MORTPASS 2% 08/50","30yr",,,,,"6678733.07",,,,,,""
"2021-04-21","'3133A4NE2'","MBS","UMBS MORTPASS 2.5% 05/50","30yr",,,,,"6671828.32",,,,,,""
"2021-04-21","'3133ACG93'","MBS","UMBS MORTPASS 1.5% 11/50","30yr",,,,,"6671301.8",,,,,,""
"2021-04-21","'3140J8CT8'","MBS","UMBS MORTPASS 2.5% 05/30","15yr",,,,,"6667762.08",,,,,,""
"2021-04-21","'3140KHGG0'","MBS","UMBS MORTPASS 2% 08/50","30yr",,,,,"6665631.69",,,,,,""
"2021-04-21","'3140QFND7'","MBS","UMBS MORTPASS 1.5% 11/50","30yr",,,,,"6663182.61",,,,,,""
"2021-04-21","'3138YKG56'","MBS","UMBS MORTPASS 3% 06/45","30yr",,,,,"6660764.5",,,,,,""
"2021-04-21","'3138ETU87'","MBS","UMBS MORTPASS 2.5% 03/29","15yr",,,,,"6660382.51",,,,,,""
"2021-04-21","'31339SVP7'","MBS","UMBS MORTPASS 2.5% 10/49","30yr",,,,,"6657187.54",,,,,,""
"2021-04-21","'3128MFQQ4'","MBS","FHLMCGLD 3.5% 06/33","15yr",,,,,"6651997.77",,,,,,""
"2021-04-21","'3140KCXY3'","MBS","UMBS MORTPASS 2.5% 04/50","30yr",,,,,"6636410.81",,,,,,""
"2021-04-21","'3140Q9ZD8'","MBS","UMBS MORTPASS 4% 10/48","30yr",,,,,"6636299.28",,,,,,""
"2021-04-21","'3128MMXV0'","MBS","FHLMCGLD 3% 06/33","15yr",,,,,"6628872.65",,,,,,""
"2021-04-21","'3131XBNL9'","MBS","UMBS MORTPASS 3% 02/24","Other",,,,,"6627947.08",,,,,,""
"2021-04-21","'3133A3GY8'","MBS","UMBS 2.5%","30yr",,,,,"6617193.08",,,,,,""
"2021-04-21","'3133ADYH3'","MBS","UMBS MORTPASS 2.5% 12/50","30yr",,,,,"6613474.14",,,,,,""
"2021-04-21","'31418C6Z2'","MBS","UMBS MORTPASS 3% 02/34","15yr",,,,,"6610107.51",,,,,,""
"2021-04-21","'3140K0LV8'","MBS","UMBS MORTPASS 3% 09/49","30yr",,,,,"6606684.32",,,,,,""
"2021-04-21","'3140HDW75'","MBS","UMBS MORTPASS 3.5% 02/50","30yr",,,,,"6603654.91",,,,,,""
"2021-04-21","'31417GLD6'","MBS","UMBS MORTPASS 2% 05/28","15yr",,,,,"6593479.63",,,,,,""
"2021-04-21","'3140X6AZ4'","MBS","UMBS MORTPASS 2.5% 04/35","15yr",,,,,"6592766.82",,,,,,""
"2021-04-21","'31334Y2C0'","MBS","UMBS MORTPASS 3% 09/49","30yr",,,,,"6591571.25",,,,,,""
"2021-04-21","'31417C3D5'","MBS","UMBS MORTPASS 2.5% 09/27","15yr",,,,,"6579736.47",,,,,,""
"2021-04-21","'3132AAMC5'","MBS","UMBS MORTPASS 2.5% 03/38","Other",,,,,"6578771.91",,,,,,""
"2021-04-21","'3128M8WN0'","MBS","FHLMCGLD 5.5% 03/39","30yr",,,,,"6571796.15",,,,,,"Y"
"2021-04-21","'3128MJUR9'","MBS","FHLMCGLD 3.5% 06/44","30yr",,,,,"6571025",,,,,,""
"2021-04-21","'3140HDM43'","MBS","UMBS MORTPASS 2.5% 11/34","15yr",,,,,"6567203.54",,,,,,""
"2021-04-21","'31329PTC7'","MBS","UMBS MORTPASS 4.5% 11/48","30yr",,,,,"6557713.58",,,,,,""
"2021-04-21","'3140Q7UN5'","MBS","UMBS MORTPASS 2.5% 10/32","15yr",,,,,"6557360.12",,,,,,""
"2021-04-21","'3131Y8MA0'","MBS","UMBS MORTPASS 4% 12/48","30yr",,,,,"6553851.33",,,,,,""
"2021-04-21","'3132WLTS5'","MBS","FHLMCGLD 3% 03/47","30yr",,,,,"6553107.77",,,,,,""
"2021-04-21","'3140JNAD2'","MBS","UMBS MORTPASS 4.5% 04/49","30yr",,,,,"6519709.4",,,,,,""
"2021-04-21","'3140JKKX3'","MBS","UMBS MORTPASS 4% 11/48","30yr",,,,,"6516393.94",,,,,,""
"2021-04-21","'3140L0XA0'","MBS","UMBS MORTPASS 1.5% 01/51","30yr",,,,,"6506983.42",,,,,,""
"2021-04-21","'3140JHSQ7'","MBS","UMBS MORTPASS 4% 09/48","30yr",,,,,"6506835.86",,,,,,""
"2021-04-21","'3140HKK72'","MBS","UMBS MORTPASS 3.5% 05/33","15yr",,,,,"6504707.14",,,,,,""
"2021-04-21","'36178DPE5'","MBS","GNMA I MORTPASS 3% 11/42","30yr",,,,,"6503387.86",,,,,,""
"2021-04-21","'3133ADKA3'","MBS","UMBS MORTPASS 2% 12/50","30yr",,,,,"6503181.33",,,,,,""
"2021-04-21","'3138WGPX6'","MBS","UMBS MORTPASS 2.5% 03/31","15yr",,,,,"6499503.94",,,,,,""
"2021-04-21","'3132J4Q85'","MBS","FHLMCGLD 4.5% 03/34","Other",,,,,"6496191.71",,,,,,""
"2021-04-21","'3140JYLQ7'","MBS","UMBS MORTPASS 3% 09/49","30yr",,,,,"6492788.86",,,,,,""
"2021-04-21","'3132A8CQ0'","MBS","UMBS MORTPASS 2.5% 01/29","15yr",,,,,"6488519.66",,,,,,""
"2021-04-21","'3131Y0BA9'","MBS","UMBS MORTPASS 3.5% 01/48","30yr",,,,,"6487849.93",,,,,,""
"2021-04-21","'31416YXK9'","MBS","UMBS MORTPASS 3.5% 08/26","15yr",,,,,"6485094.26",,,,,,""
"2021-04-21","'3140Q8S89'","MBS","UMBS MORTPASS 3% 03/33","15yr",,,,,"6482404.16",,,,,,""
"2021-04-21","'31334WH53'","MBS","UMBS MORTPASS 4.5% 06/49","30yr",,,,,"6480720.45",,,,,,""
"2021-04-21","'3133A85F0'","MBS","UMBS MORTPASS 2.5% 08/50","30yr",,,,,"6479320.07",,,,,,""
"2021-04-21","'3140J9NK3'","MBS","UMBS MORTPASS 4% 11/48","30yr",,,,,"6474177.74",,,,,,""
"2021-04-21","'3140L23A9'","MBS","UMBS MORTPASS 1.5% 03/51","30yr",,,,,"6472637.15",,,,,,""
"2021-04-21","'31334XGW3'","MBS","UMBS MORTPASS 4.5% 07/49","30yr",,,,,"6471916.09",,,,,,""
"2021-04-21","'3133AJ6V0'","MBS","UMBS MORTPASS 2% 04/51","30yr",,,,,"6471301",,,,,,""
"2021-04-21","'3138XDUX6'","MBS","UMBS MORTPASS 3% 01/29","15yr",,,,,"6469565.44",,,,,,""
"2021-04-21","'3133AAX80'","MBS","UMBS MORTPASS 2.5% 10/50","30yr",,,,,"6467020.58",,,,,,""
"2021-04-21","'3131XBM63'","MBS","UMBS MORTPASS 3% 03/27","15yr",,,,,"6459024.29",,,,,,""
"2021-04-21","'3140L3JP7'","MBS","UMBS MORTPASS 2% 03/36","15yr",,,,,"6448252.66",,,,,,""
"2021-04-21","'3133ADVE3'","MBS","UMBS MORTPASS 1.5% 12/50","30yr",,,,,"6447462.22",,,,,,""
"2021-04-21","'3140QBT81'","MBS","UMBS MORTPASS 4% 02/49","30yr",,,,,"6446699.86",,,,,,""
"2021-04-21","'3140QBGZ5'","MBS","UMBS MORTPASS 3.5% 07/44","30yr",,,,,"6444931.03",,,,,,""
"2021-04-21","'3140JXEA2'","MBS","UMBS MORTPASS 3% 09/49","30yr",,,,,"6436283.18",,,,,,""
"2021-04-21","'3140KMC32'","MBS","UMBS MORTPASS 2% 09/50","30yr",,,,,"6423779.95",,,,,,""
"2021-04-21","'3140H7K30'","MBS","UMBS MORTPASS 4% 04/48","30yr",,,,,"6423641.63",,,,,,""
"2021-04-21","'3133KHVL7'","MBS","UMBS MORTPASS 3.5% 04/50","30yr",,,,,"6420453.02",,,,,,""
"2021-04-21","'3133A6QC8'","MBS","UMBS MORTPASS 3% 06/50","30yr",,,,,"6417767.47",,,,,,""
"2021-04-21","'3138EGXQ2'","MBS","UMBS MORTPASS 5% 07/39","30yr",,,,,"6414639.26",,,,,,"Y"
"2021-04-21","'3133GATM8'","MBS","UMBS MORTPASS 1.5% 11/35","15yr",,,,,"6413148.29",,,,,,""
"2021-04-21","'3140K3PG1'","MBS","UMBS MORTPASS 3% 03/50","30yr",,,,,"6412986.16",,,,,,""
"2021-04-21","'3140K4MF4'","MBS","UMBS MORTPASS 2% 05/35","15yr",,,,,"6407789.87",,,,,,""
"2021-04-21","'36297GMT4'","MBS","GNMA I 4.5% 11/39","30yr",,,,,"6407608.21",,,,,,""
"2021-04-21","'3140K14V5'","MBS","UMBS MORTPASS 3% 12/34","15yr",,,,,"6406735.62",,,,,,""
"2021-04-21","'3140HFJJ9'","MBS","UMBS MORTPASS 3% 02/50","30yr",,,,,"6404233.98",,,,,,""
"2021-04-21","'3138ELF24'","MBS","UMBS MORTPASS 2% 07/28","15yr",,,,,"6400066.17",,,,,,""
"2021-04-21","'3131YBKP2'","MBS","UMBS MORTPASS 4% 04/49","30yr",,,,,"6396773.59",,,,,,""
"2021-04-21","'3132L7SL4'","MBS","FHLMCGLD 3.5% 03/45","30yr",,,,,"6392964.46",,,,,,""
"2021-04-21","'3140JUDR2'","MBS","UMBS MORTPASS 3.5% 06/49","30yr",,,,,"6385606.65",,,,,,""
"2021-04-21","'3140QG4F1'","MBS","UMBS MORTPASS 1.5% 02/51","30yr",,,,,"6381403.47",,,,,,""
"2021-04-21","'36296WAK2'","MBS","GNMA I MORTPASS 4% 05/39","30yr",,,,,"6380351.81",,,,,,""
"2021-04-21","'3138ELGJ6'","MBS","UMBS MORTPASS 3% 05/28","15yr",,,,,"6378633.23",,,,,,""
"2021-04-21","'31334X2E8'","MBS","UMBS MORTPASS 4% 08/49","30yr",,,,,"6377454.22",,,,,,""
"2021-04-21","'3140JUKB9'","MBS","UMBS MORTPASS 3.5% 05/49","30yr",,,,,"6375374.74",,,,,,""
"2021-04-21","'3133HMB73'","MBS","UMBS MORTPASS 2.5% 02/30","Other",,,,,"6374279.57",,,,,,""
"2021-04-21","'3132JPVJ8'","MBS","FHLMCGLD 4% 10/43","30yr",,,,,"6373138.92",,,,,,""
"2021-04-21","'31329LFE7'","MBS","UMBS MORTPASS 2.5% 03/28","15yr",,,,,"6353217.05",,,,,,""
"2021-04-21","'3138WGR48'","MBS","UMBS MORTPASS 2.5% 03/31","15yr",,,,,"6351455.94",,,,,,""
"2021-04-21","'3133A96C4'","MBS","UMBS MORTPASS 2% 08/50","30yr",,,,,"6345826.24",,,,,,""
"2021-04-21","'3133G6VS1'","MBS","UMBS MORTPASS 2.5% 09/34","15yr",,,,,"6345469.71",,,,,,""
"2021-04-21","'3140L3GL9'","MBS","UMBS MORTPASS 1.5% 03/36","15yr",,,,,"6344821.44",,,,,,""
"2021-04-21","'3133G8KA8'","MBS","UMBS MORTPASS 2.5% 04/35","15yr",,,,,"6340793.48",,,,,,""
"2021-04-21","'3140KBRK2'","MBS","UMBS MORTPASS 3% 06/50","30yr",,,,,"6339849.02",,,,,,""
"2021-04-21","'3138E0SE0'","MBS","UMBS MORTPASS 3% 12/26","15yr",,,,,"6336866.36",,,,,,""
"2021-04-21","'31334XA58'","MBS","UMBS MORTPASS 3.5% 07/49","30yr",,,,,"6335142.96",,,,,,""
"2021-04-21","'3140X4FD3'","MBS","UMBS MORTPASS 2% 09/29","15yr",,,,,"6334760.62",,,,,,""
"2021-04-21","'3140KCCH3'","MBS","UMBS MORTPASS 2.5% 03/50","30yr",,,,,"6330819.23",,,,,,""
"2021-04-21","'3140F4X35'","MBS","UMBS MORTPASS 2.5% 05/31","15yr",,,,,"6329160.1",,,,,,""
"2021-04-21","'3133A2T26'","MBS","UMBS MORTPASS 3% 03/50","30yr",,,,,"6326518.48",,,,,,""
"2021-04-21","'3128MMXC2'","MBS","FHLMCGLD 3.5% 01/33","15yr",,,,,"6326032.76",,,,,,""
"2021-04-21","'3140X6E49'","MBS","UMBS MORTPASS 2.5% 04/38","Other",,,,,"6323420.96",,,,,,""
"2021-04-21","'31417GWM4'","MBS","UMBS MORTPASS 2.5% 06/28","15yr",,,,,"6322707.01",,,,,,""
"2021-04-21","'3140F9AS4'","MBS","UMBS MORTPASS 2.5% 08/31","15yr",,,,,"6321469.74",,,,,,""
"2021-04-21","'3140K06S2'","MBS","UMBS MORTPASS 3% 12/49","30yr",,,,,"6311278.44",,,,,,""
"2021-04-21","'3140HFPG8'","MBS","UMBS MORTPASS 2.5% 03/35","15yr",,,,,"6310838.08",,,,,,""
"2021-04-21","'3128MMXG3'","MBS","FHLMCGLD 3.5% 02/33","15yr",,,,,"6310061.13",,,,,,""
"2021-04-21","'3140X55G4'","MBS","UMBS MORTPASS 2.5% 03/40","Other",,,,,"6301926.58",,,,,,""
"2021-04-21","'3140X7H36'","MBS","UMBS MORTPASS 2% 07/35","15yr",,,,,"6296532.82",,,,,,""
"2021-04-21","'3131X7VQ8'","MBS","UMBS MORTPASS 2.5% 06/27","15yr",,,,,"6294464.87",,,,,,""
"2021-04-21","'3140X4XP6'","MBS","UMBS MORTPASS 3% 09/49","30yr",,,,,"6289441.81",,,,,,""
"2021-04-21","'31417FN38'","MBS","UMBS MORTPASS 3% 02/43","30yr",,,,,"6281615.26",,,,,,""
"2021-04-21","'3140K8R60'","MBS","UMBS MORTPASS 2.5% 03/50","30yr",,,,,"6279461.87",,,,,,""
"2021-04-21","'3140HGLP0'","MBS","UMBS MORTPASS 1.5% 09/35","15yr",,,,,"6278036.61",,,,,,""
"2021-04-21","'3140K1W77'","MBS","UMBS MORTPASS 2.5% 02/51","30yr",,,,,"6271217.38",,,,,,""
"2021-04-21","'31307RR98'","MBS","FHLMCGLD 2.5% 08/31","15yr",,,,,"6270649.22",,,,,,""
"2021-04-21","'3140JLR48'","MBS","UMBS MORTPASS 2% 12/50","30yr",,,,,"6270093.7",,,,,,""
"2021-04-21","'3140K8NK3'","MBS","UMBS MORTPASS 3.5% 02/50","30yr",,,,,"6268756.59",,,,,,""
"2021-04-21","'3140HNAW2'","MBS","UMBS MORTPASS 2% 10/50","30yr",,,,,"6250457.55",,,,,,""
"2021-04-21","'3140QBPS1'","MBS","UMBS MORTPASS 4% 05/49","30yr",,,,,"6249633.67",,,,,,""
"2021-04-21","'36179TV77'","MBS","GNMA II 4.5% 04/48","30yr",,,,,"6248859.91",,,,,,""
"2021-04-21","'3140K1VE3'","MBS","UMBS MORTPASS 3% 01/50","30yr",,,,,"6241483.74",,,,,,""
"2021-04-21","'3138LRMM1'","MBS","UMBS MORTPASS 3% 01/43","30yr",,,,,"6240016.39",,,,,,""
"2021-04-21","'3140JUB45'","MBS","UMBS MORTPASS 3% 10/49","30yr",,,,,"6230965.64",,,,,,""
"2021-04-21","'3133GCAS1'","MBS","UMBS MORTPASS 1.5% 02/36","15yr",,,,,"6230915.24",,,,,,""
"2021-04-21","'3140L3AT8'","MBS","UMBS MORTPASS 2% 02/51","30yr",,,,,"6230548.85",,,,,,""
"2021-04-21","'31307V6G6'","MBS","FHLMCGLD 3.5% 05/33","15yr",,,,,"6229529.95",,,,,,""
"2021-04-21","'3133KHNS1'","MBS","UMBS MORTPASS 3% 02/50","30yr",,,,,"6224589.32",,,,,,""
"2021-04-21","'31418AJN9'","MBS","UMBS MORTPASS 2.5% 09/22","Other",,,,,"6221250.54",,,,,,""
"2021-04-21","'3133L77L5'","MBS","UMBS MORTPASS 1.5% 12/35","15yr",,,,,"6216809.18",,,,,,""
"2021-04-21","'3140KLR53'","MBS","UMBS MORTPASS 2.5% 08/50","30yr",,,,,"6216244.57",,,,,,""
"2021-04-21","'31346YUZ4'","MBS","UMBS MORTPASS 3% 12/44","30yr",,,,,"6209604.13",,,,,,""
"2021-04-21","'3133ADXC5'","MBS","UMBS MORTPASS 2.5% 12/50","30yr",,,,,"6205406.79",,,,,,""
"2021-04-21","'3133AGAB5'","MBS","UMBS MORTPASS 2.5% 02/51","30yr",,,,,"6189470.91",,,,,,""
"2021-04-21","'3140JHH89'","MBS","UMBS MORTPASS 4% 11/48","30yr",,,,,"6185862.37",,,,,,""
"2021-04-21","'3140EY2Y6'","MBS","UMBS MORTPASS 2.5% 04/31","15yr",,,,,"6185384.78",,,,,,""
"2021-04-21","'31418DAK8'","MBS","UMBS MORTPASS 3% 03/34","15yr",,,,,"6183026.77",,,,,,""
"2021-04-21","'3140KLS94'","MBS","UMBS MORTPASS 2% 08/50","30yr",,,,,"6180882.13",,,,,,""
"2021-04-21","'31339SK87'","MBS","UMBS MORTPASS 3.5% 09/49","30yr",,,,,"6179533.45",,,,,,""
"2021-04-21","'3140KAB47'","MBS","UMBS MORTPASS 3% 04/50","30yr",,,,,"6176913.4",,,,,,""
"2021-04-21","'3133L7RT6'","MBS","UMBS MORTPASS 2% 02/28","15yr",,,,,"6175581.29",,,,,,""
"2021-04-21","'3131XBM71'","MBS","UMBS MORTPASS 3% 03/27","15yr",,,,,"6172950.72",,,,,,""
"2021-04-21","'3131Y1RT9'","MBS","UMBS MORTPASS 4% 06/48","30yr",,,,,"6169763.22",,,,,,""
"2021-04-21","'3140HD3Q5'","MBS","UMBS MORTPASS 4% 04/48","30yr",,,,,"6162865.48",,,,,,""
"2021-04-21","'3140QCGZ3'","MBS","UMBS MORTPASS 3% 11/34","15yr",,,,,"6154148.53",,,,,,""
"2021-04-21","'3140X6CC3'","MBS","UMBS MORTPASS 2% 02/32","15yr",,,,,"6150714.67",,,,,,""
"2021-04-21","'3140FNCB8'","MBS","UMBS MORTPASS 4% 12/47","30yr",,,,,"6149638.77",,,,,,""
"2021-04-21","'3140KLWZ1'","MBS","UMBS MORTPASS 2.5% 09/50","30yr",,,,,"6139837.17",,,,,,""
"2021-04-21","'3132A9SJ7'","MBS","UMBS MORTPASS 2.5% 09/31","15yr",,,,,"6134691.25",,,,,,""
"2021-04-21","'3140X4ZE9'","MBS","UMBS MORTPASS 2.5% 04/30","15yr",,,,,"6133384.5",,,,,,""
"2021-04-21","'3138A8HV1'","MBS","UMBS MORTPASS 4% 02/41","30yr",,,,,"6131137.82",,,,,,""
"2021-04-21","'31417DF24'","MBS","UMBS MORTPASS 2.5% 10/27","15yr",,,,,"6131133.87",,,,,,""
"2021-04-21","'3133ACBN7'","MBS","UMBS MORTPASS 2% 11/50","30yr",,,,,"6131004.13",,,,,,""
"2021-04-21","'3140FDYN0'","MBS","UMBS MORTPASS 2.5% 08/31","15yr",,,,,"6130489.17",,,,,,""
"2021-04-21","'3140KDNY2'","MBS","UMBS MORTPASS 3% 05/50","30yr",,,,,"6128229.78",,,,,,""
"2021-04-21","'3131X7KV9'","MBS","UMBS MORTPASS 3% 02/27","15yr",,,,,"6125469.43",,,,,,""
"2021-04-21","'3131X8XB7'","MBS","UMBS MORTPASS 2.5% 03/28","15yr",,,,,"6121833.35",,,,,,""
"2021-04-21","'31307VM29'","MBS","FHLMCGLD 2.5% 02/33","15yr",,,,,"6114831.17",,,,,,""
"2021-04-21","'3133A2ZC7'","MBS","UMBS MORTPASS 3% 03/50","30yr",,,,,"6105309.74",,,,,,""
"2021-04-21","'3132L6A76'","MBS","FHLMCGLD 4% 12/43","30yr",,,,,"6103995.69",,,,,,""
"2021-04-21","'3133KGUP1'","MBS","UMBS MORTPASS 4% 10/49","30yr",,,,,"6103036.69",,,,,,""
"2021-04-21","'3128MFKH0'","MBS","FHLMCGLD 3.5% 02/33","15yr",,,,,"6101408.04",,,,,,""
"2021-04-21","'3132A87K9'","MBS","UMBS MORTPASS 2.5% 01/31","15yr",,,,,"6096459.57",,,,,,""
"2021-04-21","'3133KH3X2'","MBS","UMBS MORTPASS 3.5% 03/50","30yr",,,,,"6094044.32",,,,,,""
"2021-04-21","'3138MDYW6'","MBS","UMBS MORTPASS 2.5% 10/42","30yr",,,,,"6090189.35",,,,,,""
"2021-04-21","'3133A9TG0'","MBS","UMBS MORTPASS 2.5% 09/50","30yr",,,,,"6087838.89",,,,,,""
"2021-04-21","'3128MMWJ8'","MBS","FHLMCGLD 3.5% 06/32","15yr",,,,,"6086960.8",,,,,,""
"2021-04-21","'3133A8YM3'","MBS","UMBS MORTPASS 2.5% 08/50","30yr",,,,,"6083933.77",,,,,,""
"2021-04-21","'31418BSL1'","MBS","UMBS MORTPASS 2.5% 07/25","Other",,,,,"6083702.57",,,,,,""
"2021-04-21","'31334XJR1'","MBS","UMBS MORTPASS 3.5% 07/49","30yr",,,,,"6081162.01",,,,,,""
"2021-04-21","'31329QWW7'","MBS","UMBS MORTPASS 3.5% 01/48","30yr",,,,,"6073514.91",,,,,,""
"2021-04-21","'3138WCZ55'","MBS","UMBS MORTPASS 3% 10/29","15yr",,,,,"6068892.35",,,,,,""
"2021-04-21","'3140KUYX4'","MBS","UMBS MORTPASS 2.5% 12/50","30yr",,,,,"6061562.59",,,,,,""
"2021-04-21","'3133LPTF4'","MBS","UMBS MORTPASS 2% 02/31","Other",,,,,"6059771.89",,,,,,""
"2021-04-21","'31418CE59'","MBS","UMBS MORTPASS 2% 12/26","Other",,,,,"6059409.01",,,,,,""
"2021-04-21","'3132ACWR7'","MBS","UMBS MORTPASS 3.5% 08/28","Other",,,,,"6056458.53",,,,,,""
"2021-04-21","'31418B4P8'","MBS","UMBS MORTPASS 3% 05/26","Other",,,,,"6050269.98",,,,,,""
"2021-04-21","'31334YQH3'","MBS","UMBS MORTPASS 3% 09/49","30yr",,,,,"6045120.51",,,,,,""
"2021-04-21","'31418CNS9'","MBS","UMBS MORTPASS 3% 08/37","Other",,,,,"6044537.42",,,,,,""
"2021-04-21","'3133KYT90'","MBS","UMBS MORTPASS 2% 08/40","Other",,,,,"6042864.22",,,,,,""
"2021-04-21","'3140KVKP4'","MBS","UMBS MORTPASS 1.5% 12/35","15yr",,,,,"6040804.28",,,,,,""
"2021-04-21","'3140X4X27'","MBS","UMBS MORTPASS 3.5% 05/49","30yr",,,,,"6038382.3",,,,,,""
"2021-04-21","'3140HLS72'","MBS","UMBS MORTPASS 4% 06/48","30yr",,,,,"6036717.49",,,,,,""
"2021-04-21","'3140Q9W74'","MBS","UMBS MORTPASS 4% 10/48","30yr",,,,,"6029647.75",,,,,,""
"2021-04-21","'3132A9PZ4'","MBS","UMBS MORTPASS 3% 10/29","15yr",,,,,"6025311.46",,,,,,""
"2021-04-21","'3140JJLM9'","MBS","UMBS MORTPASS 4% 10/48","30yr",,,,,"6023774.64",,,,,,""
"2021-04-21","'36179M5P1'","MBS","GNMA II 4.5% 03/43","30yr",,,,,"6022315.99",,,,,,""
"2021-04-21","'3138AXWS6'","MBS","UMBS MORTPASS 3% 12/26","15yr",,,,,"6017764.18",,,,,,""
"2021-04-21","'3132A5HU2'","MBS","UMBS MORTPASS 3.5% 11/47","30yr",,,,,"6017230.2",,,,,,""
"2021-04-21","'3140X86N2'","MBS","UMBS MORTPASS 2% 01/36","15yr",,,,,"6016515.62",,,,,,""
"2021-04-21","'3140GYKE8'","MBS","UMBS MORTPASS 3% 02/33","15yr",,,,,"6013965.34",,,,,,""
"2021-04-21","'31418DJE3'","MBS","UMBS MORTPASS 2% 11/29","Other",,,,,"6012128.43",,,,,,""
"2021-04-21","'3132A8SM2'","MBS","UMBS MORTPASS 2.5% 02/30","15yr",,,,,"6007026.61",,,,,,""
"2021-04-21","'3140QDTL8'","MBS","UMBS MORTPASS 3% 11/49","30yr",,,,,"6005725.47",,,,,,""
"2021-04-21","'31329PW25'","MBS","UMBS MORTPASS 3.5% 07/48","30yr",,,,,"6003470.68",,,,,,""
"2021-04-21","'3140FVUG9'","MBS","UMBS MORTPASS 3% 04/32","15yr",,,,,"6001316.39",,,,,,""
"2021-04-21","'3133AJGF4'","MBS","UMBS MORTPASS 2% 04/51","30yr",,,,,"6001064",,,,,,""
"2021-04-21","'3133L7R74'","MBS","UMBS MORTPASS 2% 01/30","15yr",,,,,"5997699.77",,,,,,""
"2021-04-21","'3132DV6S9'","MBS","UMBS MORTPASS 1.5% 09/50","30yr",,,,,"5996624.7",,,,,,""
"2021-04-21","'36180KJJ1'","MBS","GNMA I MORTPASS 3% 04/43","30yr",,,,,"5993393.41",,,,,,""
"2021-04-21","'3140K7DT7'","MBS","UMBS MORTPASS 3% 12/34","15yr",,,,,"5991961.2",,,,,,""
"2021-04-21","'3140KLTP7'","MBS","UMBS MORTPASS 2% 08/35","15yr",,,,,"5991150.53",,,,,,""
"2021-04-21","'3138E5F78'","MBS","UMBS MORTPASS 3% 01/27","15yr",,,,,"5987249.28",,,,,,""
"2021-04-21","'3128MEWP2'","MBS","FHLMCGLD 3% 02/26","15yr",,,,,"5986821.04",,,,,,""
"2021-04-21","'3131XBNG0'","MBS","UMBS MORTPASS 2.5% 11/28","15yr",,,,,"5982898.3",,,,,,""
"2021-04-21","'3133AGE21'","MBS","UMBS MORTPASS 2% 02/51","30yr",,,,,"5982281.91",,,,,,""
"2021-04-21","'3133A0E67'","MBS","UMBS MORTPASS 3% 12/49","30yr",,,,,"5975554.96",,,,,,""
"2021-04-21","'3140HHSW6'","MBS","UMBS MORTPASS 4.5% 09/48","30yr",,,,,"5970825.33",,,,,,""
"2021-04-21","'3133A1NE8'","MBS","UMBS MORTPASS 3% 02/50","30yr",,,,,"5970761.81",,,,,,""
"2021-04-21","'3132A8SX8'","MBS","UMBS MORTPASS 2% 01/31","15yr",,,,,"5968505.81",,,,,,""
"2021-04-21","'3140HHUD5'","MBS","UMBS MORTPASS 4% 04/48","30yr",,,,,"5968324.68",,,,,,""
"2021-04-21","'3138EHBJ0'","MBS","UMBS MORTPASS 5% 01/39","30yr",,,,,"5966953.05",,,,,,"Y"
"2021-04-21","'3133A4EB8'","MBS","UMBS MORTPASS 2% 04/50","30yr",,,,,"5963047.98",,,,,,""
"2021-04-21","'3140JVEP3'","MBS","UMBS MORTPASS 4% 08/49","30yr",,,,,"5961711.9",,,,,,""
"2021-04-21","'3133D3B38'","MBS","UMBS MORTPASS 3% 09/39","Other",,,,,"5960936.9",,,,,,""
"2021-04-21","'3140L2DC4'","MBS","UMBS MORTPASS 1.5% 02/36","15yr",,,,,"5958695.8",,,,,,""
"2021-04-21","'3140JG4W2'","MBS","UMBS MORTPASS 2.5% 04/50","30yr",,,,,"5956794.76",,,,,,""
"2021-04-21","'31329PS95'","MBS","UMBS MORTPASS 4% 11/48","30yr",,,,,"5954699.85",,,,,,""
"2021-04-21","'31418CFD1'","MBS","UMBS MORTPASS 3% 01/47","30yr",,,,,"5954375.5",,,,,,""
"2021-04-21","'3140KKCE2'","MBS","UMBS MORTPASS 2.5% 07/50","30yr",,,,,"5952917.51",,,,,,""
"2021-04-21","'3132A5HK4'","MBS","UMBS MORTPASS 3% 09/47","30yr",,,,,"5945221.47",,,,,,""
"2021-04-21","'3140JUC28'","MBS","UMBS MORTPASS 2.5% 11/49","30yr",,,,,"5939027.21",,,,,,""
"2021-04-21","'3133AGN62'","MBS","UMBS MORTPASS 1.5% 03/51","30yr",,,,,"5938182.78",,,,,,""
"2021-04-21","'36202EZ93'","MBS","GNMA II 4.5% 02/39","30yr",,,,,"5937188.17",,,,,,""
"2021-04-21","'31329KXH2'","MBS","UMBS MORTPASS 3% 11/37","Other",,,,,"5934197.02",,,,,,""
"2021-04-21","'36178EDD8'","MBS","GNMA I MORTPASS 3% 05/43","30yr",,,,,"5927555.7",,,,,,""
"2021-04-21","'3132CWRX4'","MBS","UMBS MORTPASS 1.5% 02/36","15yr",,,,,"5925008.26",,,,,,""
"2021-04-21","'3140JURT3'","MBS","UMBS MORTPASS 3.5% 05/34","15yr",,,,,"5913224.18",,,,,,""
"2021-04-21","'3132CWGF5'","MBS","UMBS MORTPASS 3% 02/30","15yr",,,,,"5912906.92",,,,,,""
"2021-04-21","'3140KAMD5'","MBS","UMBS MORTPASS 2.5% 03/50","30yr",,,,,"5911456.37",,,,,,""
"2021-04-21","'31334YLW5'","MBS","UMBS MORTPASS 3.5% 08/49","30yr",,,,,"5901950.5",,,,,,""
"2021-04-21","'3140QESY9'","MBS","UMBS MORTPASS 3% 02/50","30yr",,,,,"5899203.24",,,,,,""
"2021-04-21","'31416Y5M6'","MBS","UMBS MORTPASS 3% 09/26","15yr",,,,,"5896762.86",,,,,,""
"2021-04-21","'3133A3HM3'","MBS","UMBS MORTPASS 3% 03/50","30yr",,,,,"5896591.89",,,,,,""
"2021-04-21","'3140KEWT1'","MBS","UMBS MORTPASS 3% 06/50","30yr",,,,,"5894123.49",,,,,,""
"2021-04-21","'3133A2MY3'","MBS","UMBS MORTPASS 3% 03/50","30yr",,,,,"5892618.21",,,,,,""
"2021-04-21","'31334XK73'","MBS","UMBS MORTPASS 3.5% 07/49","30yr",,,,,"5885094.59",,,,,,""
"2021-04-21","'3140KS6W2'","MBS","UMBS MORTPASS 2% 10/50","30yr",,,,,"5882472.41",,,,,,""
"2021-04-21","'3133A36H6'","MBS","UMBS MORTPASS 2.5% 04/50","30yr",,,,,"5879159.39",,,,,,""
"2021-04-21","'3133A1YL0'","MBS","UMBS MORTPASS 3% 02/50","30yr",,,,,"5875889.8",,,,,,""
"2021-04-21","'31329PTE3'","MBS","UMBS MORTPASS 4.5% 11/48","30yr",,,,,"5869882.38",,,,,,""
"2021-04-21","'3138ERAY6'","MBS","UMBS MORTPASS 2% 03/28","15yr",,,,,"5866777.3",,,,,,""
"2021-04-21","'31417G2K1'","MBS","UMBS MORTPASS 2.5% 07/28","15yr",,,,,"5865676.96",,,,,,""
"2021-04-21","'31334YUB1'","MBS","UMBS MORTPASS 3% 09/49","30yr",,,,,"5865434.6",,,,,,""
"2021-04-21","'3133ACRM2'","MBS","UMBS MORTPASS 2% 11/50","30yr",,,,,"5864594.98",,,,,,""
"2021-04-21","'3140L1RU1'","MBS","UMBS MORTPASS 1.5% 02/51","30yr",,,,,"5862272",,,,,,""
"2021-04-21","'3140JVPN6'","MBS","UMBS MORTPASS 3% 08/49","30yr",,,,,"5855277.23",,,,,,""
"2021-04-21","'3133KKZB8'","MBS","UMBS MORTPASS 1.5% 01/51","30yr",,,,,"5853500.63",,,,,,""
"2021-04-21","'3140L3S51'","MBS","UMBS MORTPASS 2.5% 02/51","30yr",,,,,"5853026.31",,,,,,""
"2021-04-21","'3140L1QL2'","MBS","UMBS MORTPASS 1.5% 02/51","30yr",,,,,"5852028.7",,,,,,""
"2021-04-21","'3140KM4B3'","MBS","UMBS MORTPASS 2% 10/50","30yr",,,,,"5845413.78",,,,,,""
"2021-04-21","'3140KUD74'","MBS","UMBS MORTPASS 2% 11/50","30yr",,,,,"5844700.97",,,,,,""
"2021-04-21","'3140KHDZ1'","MBS","UMBS MORTPASS 2.5% 07/50","30yr",,,,,"5843924.27",,,,,,""
"2021-04-21","'3133KH3E4'","MBS","UMBS MORTPASS 2.5% 05/50","30yr",,,,,"5841182.08",,,,,,""
"2021-04-21","'3140JXJC3'","MBS","UMBS MORTPASS 4% 09/49","30yr",,,,,"5840644.36",,,,,,""
"2021-04-21","'31417GYY6'","MBS","UMBS MORTPASS 2.5% 06/28","15yr",,,,,"5836710.26",,,,,,""
"2021-04-21","'3140QCCA2'","MBS","UMBS MORTPASS 3.5% 11/49","30yr",,,,,"5836370.51",,,,,,""
"2021-04-21","'3131YBEP9'","MBS","UMBS MORTPASS 3.5% 12/48","30yr",,,,,"5832489.15",,,,,,""
"2021-04-21","'31418BYX8'","MBS","UMBS MORTPASS 3% 02/26","Other",,,,,"5818518.58",,,,,,""
"2021-04-21","'3133KGZX9'","MBS","UMBS MORTPASS 3.5% 02/48","30yr",,,,,"5813249.09",,,,,,""
"2021-04-21","'3138ERDK3'","MBS","UMBS MORTPASS 4.5% 10/46","30yr",,,,,"5808366.32",,,,,,""
"2021-04-21","'3140L3SL6'","MBS","UMBS MORTPASS 2% 02/36","15yr",,,,,"5799471.45",,,,,,""
"2021-04-21","'3133ACVB1'","MBS","UMBS MORTPASS 2.5% 12/50","30yr",,,,,"5798522.71",,,,,,""
"2021-04-21","'3140JR6G1'","MBS","UMBS MORTPASS 1.5% 02/36","15yr",,,,,"5797970.47",,,,,,""
"2021-04-21","'3140GXBT7'","MBS","UMBS MORTPASS 3.5% 11/47","30yr",,,,,"5794774.2",,,,,,""
"2021-04-21","'3140KHV57'","MBS","UMBS MORTPASS 2.5% 06/50","30yr",,,,,"5789384.68",,,,,,""
"2021-04-21","'31417FXR4'","MBS","UMBS MORTPASS 2% 03/28","15yr",,,,,"5780699.94",,,,,,""
"2021-04-21","'3140L5ZU3'","MBS","UMBS MORTPASS 2% 03/51","30yr",,,,,"5774012",,,,,,""
"2021-04-21","'3140JXD47'","MBS","UMBS MORTPASS 3% 10/49","30yr",,,,,"5771203.68",,,,,,""
"2021-04-21","'31329QH20'","MBS","UMBS MORTPASS 4% 03/49","30yr",,,,,"5770751.59",,,,,,""
"2021-04-21","'3132ADPE2'","MBS","UMBS MORTPASS 4.5% 11/48","30yr",,,,,"5770299.51",,,,,,""
"2021-04-21","'3140F26C9'","MBS","UMBS MORTPASS 2.5% 07/31","15yr",,,,,"5766037.92",,,,,,""
"2021-04-21","'31418ARF7'","MBS","UMBS MORTPASS 2% 03/23","Other",,,,,"5763988.74",,,,,,""
"2021-04-21","'3133G7QV8'","MBS","UMBS MORTPASS 3% 01/35","15yr",,,,,"5763794.15",,,,,,""
"2021-04-21","'3131Y2LM8'","MBS","UMBS MORTPASS 4% 08/48","30yr",,,,,"5760195.39",,,,,,""
"2021-04-21","'31329PJW4'","MBS","UMBS MORTPASS 4% 09/48","30yr",,,,,"5753293.96",,,,,,""
"2021-04-21","'3140KTPA7'","MBS","UMBS MORTPASS 2.5% 11/50","30yr",,,,,"5752158",,,,,,""
"2021-04-21","'3140L3MC2'","MBS","UMBS MORTPASS 2% 02/51","30yr",,,,,"5751262",,,,,,""
"2021-04-21","'3140X54F7'","MBS","UMBS MORTPASS 2.5% 03/40","Other",,,,,"5737984.53",,,,,,""
"2021-04-21","'3620A8CV3'","MBS","GNMA I MORTPASS 3% 04/43","30yr",,,,,"5723105.52",,,,,,""
"2021-04-21","'3140L06R3'","MBS","UMBS MORTPASS 1.5% 02/36","15yr",,,,,"5721955.11",,,,,,""
"2021-04-21","'3140KRYP8'","MBS","UMBS MORTPASS 2% 10/50","30yr",,,,,"5718530.45",,,,,,""
"2021-04-21","'3133A2HL7'","MBS","UMBS MORTPASS 3% 03/50","30yr",,,,,"5715309.56",,,,,,""
"2021-04-21","'3140K52G1'","MBS","UMBS MORTPASS 2.5% 12/34","15yr",,,,,"5711720.44",,,,,,""
"2021-04-21","'3140JQQS5'","MBS","UMBS MORTPASS 4% 07/49","30yr",,,,,"5704507.39",,,,,,""
"2021-04-21","'3133A3KQ0'","MBS","UMBS MORTPASS 2.5% 04/50","30yr",,,,,"5698614.84",,,,,,""
"2021-04-21","'3133KHBM7'","MBS","UMBS MORTPASS 3.5% 11/49","30yr",,,,,"5691993.43",,,,,,""
"2021-04-21","'3140Q8D77'","MBS","UMBS MORTPASS 4.5% 01/48","30yr",,,,,"5689294.98",,,,,,""
"2021-04-21","'3133A6V99'","MBS","UMBS MORTPASS 3% 06/50","30yr",,,,,"5686372.03",,,,,,""
"2021-04-21","'36241LCA2'","MBS","GNMA I MORTPASS 5% 09/39","30yr",,,,,"5680767.12",,,,,,""
"2021-04-21","'3140KRHN2'","MBS","UMBS MORTPASS 2.5% 10/50","30yr",,,,,"5677426.69",,,,,,""
"2021-04-21","'3138NXET0'","MBS","UMBS MORTPASS 2.5% 01/28","15yr",,,,,"5673556",,,,,,""
"2021-04-21","'3131Y9Q89'","MBS","UMBS MORTPASS 4.5% 02/49","30yr",,,,,"5670345.26",,,,,,""
"2021-04-21","'3140JRAF8'","MBS","UMBS MORTPASS 4% 03/49","30yr",,,,,"5670197.44",,,,,,""
"2021-04-21","'3140L3GK1'","MBS","UMBS MORTPASS 1.5% 03/36","15yr",,,,,"5667386.4",,,,,,""
"2021-04-21","'3128MJYS3'","MBS","FHLMCGLD 4.5% 08/46","30yr",,,,,"5660453.73",,,,,,""
"2021-04-21","'3132M4QW8'","MBS","FHLMCGLD 3.5% 01/44","30yr",,,,,"5652799.5",,,,,,""
"2021-04-21","'3132D55F5'","MBS","UMBS MORTPASS 3% 05/35","15yr",,,,,"5652258.66",,,,,,""
"2021-04-21","'3131X7TT5'","MBS","UMBS MORTPASS 3% 05/27","15yr",,,,,"5650445.29",,,,,,""
"2021-04-21","'31307TSN2'","MBS","FHLMCGLD 3.5% 04/32","15yr",,,,,"5647066.03",,,,,,""
"2021-04-21","'36179QPF2'","MBS","GNMA II MORTPASS 3% 09/44","30yr",,,,,"5646318.76",,,,,,""
"2021-04-21","'3140KCDY5'","MBS","UMBS MORTPASS 2.5% 04/50","30yr",,,,,"5642894.99",,,,,,""
"2021-04-21","'3140JNWE6'","MBS","UMBS MORTPASS 4% 04/49","30yr",,,,,"5639971.36",,,,,,""
"2021-04-21","'3133GCNV0'","MBS","UMBS MORTPASS 1.5% 04/36","15yr",,,,,"5634018",,,,,,""
"2021-04-21","'31329LBT8'","MBS","UMBS MORTPASS 3% 06/27","15yr",,,,,"5633466.21",,,,,,""
"2021-04-21","'3140X9YR0'","MBS","UMBS MORTPASS 1.5% 01/51","30yr",,,,,"5630630",,,,,,""
"2021-04-21","'3140KLPU0'","MBS","UMBS MORTPASS 2% 08/50","30yr",,,,,"5627873.44",,,,,,""
"2021-04-21","'3138WHZ47'","MBS","UMBS MORTPASS 2% 09/26","Other",,,,,"5625244.67",,,,,,""
"2021-04-21","'3140X5VW0'","MBS","UMBS MORTPASS 3% 02/40","Other",,,,,"5619905.95",,,,,,""
"2021-04-21","'31334WTT8'","MBS","UMBS MORTPASS 3.5% 06/49","30yr",,,,,"5615937.57",,,,,,""
"2021-04-21","'3133ADLY0'","MBS","UMBS MORTPASS 1.5% 11/50","30yr",,,,,"5615250.74",,,,,,""
"2021-04-21","'3140F9AC9'","MBS","UMBS MORTPASS 2.5% 07/31","15yr",,,,,"5614737.61",,,,,,""
"2021-04-21","'31418CSF2'","MBS","UMBS MORTPASS 2.5% 12/32","15yr",,,,,"5614712.37",,,,,,""
"2021-04-21","'31307VFU5'","MBS","FHLMCGLD 2.5% 01/33","15yr",,,,,"5603002.03",,,,,,""
"2021-04-21","'3133AFTN1'","MBS","UMBS MORTPASS 1.5% 02/51","30yr",,,,,"5601885.41",,,,,,""
"2021-04-21","'31418DBC5'","MBS","UMBS MORTPASS 3.5% 04/39","Other",,,,,"5594846.75",,,,,,""
"2021-04-21","'3138WDYH8'","MBS","UMBS MORTPASS 2.5% 01/30","15yr",,,,,"5594130.48",,,,,,""
"2021-04-21","'3140Q8WZ4'","MBS","UMBS MORTPASS 4.5% 04/48","30yr",,,,,"5593025.19",,,,,,""
"2021-04-21","'3132JARR8'","MBS","FHLMCGLD 3.5% 06/43","30yr",,,,,"5592591.37",,,,,,""
"2021-04-21","'3138MGR31'","MBS","UMBS MORTPASS 3% 10/42","30yr",,,,,"5587049.9",,,,,,""
"2021-04-21","'31334WZH7'","MBS","UMBS MORTPASS 3.5% 01/49","30yr",,,,,"5582474.54",,,,,,""
"2021-04-21","'3140L3HP9'","MBS","UMBS MORTPASS 1.5% 03/36","15yr",,,,,"5579829.61",,,,,,""
"2021-04-21","'31418DNE8'","MBS","UMBS MORTPASS 3% 04/40","Other",,,,,"5577982.9",,,,,,""
"2021-04-21","'31374CPD2'","MBS","UMBS MORTPASS 3% 11/26","15yr",,,,,"5573502.71",,,,,,""
"2021-04-21","'3132L5P80'","MBS","FHLMCGLD 4% 09/43","30yr",,,,,"5571765.63",,,,,,""
"2021-04-21","'3140KQJR3'","MBS","UMBS MORTPASS 2% 11/50","30yr",,,,,"5571028.77",,,,,,""
"2021-04-21","'3140X8EJ2'","MBS","UMBS MORTPASS 2% 10/50","30yr",,,,,"5569775.85",,,,,,""
"2021-04-21","'3140K8G70'","MBS","UMBS MORTPASS 2% 03/35","15yr",,,,,"5569735.45",,,,,,""
"2021-04-21","'3133AAQK1'","MBS","UMBS MORTPASS 2% 09/50","30yr",,,,,"5568493.65",,,,,,""
"2021-04-21","'3133A2NG1'","MBS","UMBS MORTPASS 2.5% 03/50","30yr",,,,,"5563576.2",,,,,,""
"2021-04-21","'3140KCR61'","MBS","UMBS MORTPASS 3% 05/50","30yr",,,,,"5559570.13",,,,,,""
"2021-04-21","'3132CWGU2'","MBS","UMBS MORTPASS 2.5% 05/30","15yr",,,,,"5557971.52",,,,,,""
"2021-04-21","'3140KVJ43'","MBS","UMBS MORTPASS 1.5% 12/35","15yr",,,,,"5555221.57",,,,,,""
"2021-04-21","'3140K54J3'","MBS","UMBS MORTPASS 3% 12/49","30yr",,,,,"5554869.57",,,,,,""
"2021-04-21","'3140L3ZR5'","MBS","UMBS MORTPASS 2% 02/51","30yr",,,,,"5554052.92",,,,,,""
"2021-04-21","'3140JG5L5'","MBS","UMBS MORTPASS 4% 10/48","30yr",,,,,"5553508.03",,,,,,""
"2021-04-21","'3140JQND1'","MBS","UMBS MORTPASS 3% 06/49","30yr",,,,,"5553118.69",,,,,,""
"2021-04-21","'3140H6EF2'","MBS","UMBS MORTPASS 3.5% 03/48","30yr",,,,,"5551519.68",,,,,,""
"2021-04-21","'31329MBY5'","MBS","UMBS MORTPASS 2.5% 08/28","15yr",,,,,"5550013.32",,,,,,""
"2021-04-21","'3140JLWP5'","MBS","UMBS MORTPASS 3.5% 03/34","15yr",,,,,"5549269.54",,,,,,""
"2021-04-21","'3138E9YL8'","MBS","UMBS MORTPASS 3% 04/27","15yr",,,,,"5548852.75",,,,,,""
"2021-04-21","'3133A0DW1'","MBS","UMBS MORTPASS 3% 12/49","30yr",,,,,"5547893.97",,,,,,""
"2021-04-21","'3133AFWJ6'","MBS","UMBS MORTPASS 1.5% 02/51","30yr",,,,,"5547417.64",,,,,,""
"2021-04-21","'3140JSAW9'","MBS","UMBS MORTPASS 2.5% 02/51","30yr",,,,,"5543300.64",,,,,,""
"2021-04-21","'3140L6TK0'","MBS","UMBS MORTPASS 2.5% 03/51","30yr",,,,,"5541748.56",,,,,,""
"2021-04-21","'312939BG5'","MBS","FHLMCGLD 5% 02/40","30yr",,,,,"5541365.51",,,,,,""
"2021-04-21","'3140JUNL4'","MBS","UMBS MORTPASS 4.5% 06/49","30yr",,,,,"5536032.5",,,,,,""
"2021-04-21","'3140JSC23'","MBS","UMBS MORTPASS 1.5% 03/36","15yr",,,,,"5533681",,,,,,""
"2021-04-21","'3140KXF76'","MBS","UMBS MORTPASS 1.5% 12/35","15yr",,,,,"5530510.21",,,,,,""
"2021-04-21","'3140K0TB4'","MBS","UMBS MORTPASS 3% 09/49","30yr",,,,,"5529096.16",,,,,,""
"2021-04-21","'31339SYA7'","MBS","UMBS MORTPASS 3% 10/49","30yr",,,,,"5528738.47",,,,,,""
"2021-04-21","'3138E2MD4'","MBS","UMBS MORTPASS 3% 01/27","15yr",,,,,"5527136.14",,,,,,""
"2021-04-21","'36179MNK2'","MBS","GNMA II 4.5% 09/42","30yr",,,,,"5522020.57",,,,,,""
"2021-04-21","'31346YKH5'","MBS","UMBS MORTPASS 3% 11/49","30yr",,,,,"5520661.2",,,,,,""
"2021-04-21","'3140X4FB7'","MBS","UMBS MORTPASS 4% 03/49","30yr",,,,,"5519889.76",,,,,,""
"2021-04-21","'3133A9KV6'","MBS","UMBS MORTPASS 2% 09/50","30yr",,,,,"5517887.65",,,,,,""
"2021-04-21","'3133A12X9'","MBS","UMBS MORTPASS 3.5% 01/50","30yr",,,,,"5509343.55",,,,,,""
"2021-04-21","'3140KUQE5'","MBS","UMBS MORTPASS 2% 12/50","30yr",,,,,"5495922.36",,,,,,""
"2021-04-21","'36179SSN8'","MBS","GNMA II 2.5% 12/46","30yr",,,,,"5495110.76",,,,,,""
"2021-04-21","'3140Q85E1'","MBS","UMBS MORTPASS 4% 05/48","30yr",,,,,"5493357.03",,,,,,""
"2021-04-21","'31417GGW0'","MBS","UMBS MORTPASS 2% 05/28","15yr",,,,,"5493242.6",,,,,,""
"2021-04-21","'3140JVRK0'","MBS","UMBS MORTPASS 3.5% 07/49","30yr",,,,,"5490590.66",,,,,,""
"2021-04-21","'3133G6U60'","MBS","UMBS MORTPASS 2.5% 09/34","15yr",,,,,"5489173.63",,,,,,""
"2021-04-21","'3140QART9'","MBS","UMBS MORTPASS 3.5% 03/49","30yr",,,,,"5488882.96",,,,,,""
"2021-04-21","'3140K34P4'","MBS","UMBS MORTPASS 2% 12/50","30yr",,,,,"5487469.21",,,,,,""
"2021-04-21","'3140GVMS1'","MBS","UMBS MORTPASS 4% 08/47","30yr",,,,,"5486632.23",,,,,,""
"2021-04-21","'3133ABGH7'","MBS","UMBS MORTPASS 2% 10/50","30yr",,,,,"5486192.77",,,,,,""
"2021-04-21","'3140K84G3'","MBS","UMBS MORTPASS 2% 09/50","30yr",,,,,"5485833.43",,,,,,""
"2021-04-21","'31418DPF3'","MBS","UMBS MORTPASS 3.5% 05/50","30yr",,,,,"5481598.23",,,,,,""
"2021-04-21","'3140K8Z20'","MBS","UMBS MORTPASS 2.5% 02/50","30yr",,,,,"5481592.59",,,,,,""
"2021-04-21","'3131YBUA4'","MBS","UMBS MORTPASS 3.5% 04/49","30yr",,,,,"5476161.42",,,,,,""
"2021-04-21","'3132ACNP1'","MBS","UMBS MORTPASS 4.5% 11/47","30yr",,,,,"5472518.64",,,,,,""
"2021-04-21","'3131X7QP6'","MBS","UMBS MORTPASS 2.5% 04/27","15yr",,,,,"5472150.12",,,,,,""
"2021-04-21","'31334YRX7'","MBS","UMBS MORTPASS 4.5% 07/49","30yr",,,,,"5468854.74",,,,,,""
"2021-04-21","'3140KY4E1'","MBS","UMBS MORTPASS 1.5% 01/36","15yr",,,,,"5457080.42",,,,,,""
"2021-04-21","'31339UL99'","MBS","UMBS MORTPASS 3.5% 10/49","30yr",,,,,"5455031.63",,,,,,""
"2021-04-21","'3140KKM68'","MBS","UMBS MORTPASS 2.5% 08/50","30yr",,,,,"5451491.94",,,,,,""
"2021-04-21","'36179WDR6'","MBS","GNMA II 2.5% 04/51","30yr",,,,,"5450611",,,,,,""
"2021-04-21","'3140JJGQ6'","MBS","UMBS MORTPASS 4% 01/49","30yr",,,,,"5448584.09",,,,,,""
"2021-04-21","'31292ME82'","MBS","FHLMCGLD 3% 03/43","30yr",,,,,"5435845.69",,,,,,""
"2021-04-21","'3140Q9N33'","MBS","UMBS MORTPASS 4.5% 08/48","30yr",,,,,"5435518.41",,,,,,""
"2021-04-21","'36202FY75'","MBS","GNMA II 4.5% 11/41","30yr",,,,,"5434294.39",,,,,,""
"2021-04-21","'3140KEBG2'","MBS","UMBS MORTPASS 2.5% 05/50","30yr",,,,,"5433922.57",,,,,,""
"2021-04-21","'3140F1YF3'","MBS","UMBS MORTPASS 3.5% 06/46","30yr",,,,,"5432843.65",,,,,,""
"2021-04-21","'31307UMP0'","MBS","FHLMCGLD 2.5% 09/32","15yr",,,,,"5431679.26",,,,,,""
"2021-04-21","'3140F9BG9'","MBS","UMBS MORTPASS 2.5% 08/31","15yr",,,,,"5430390.45",,,,,,""
"2021-04-21","'3140KLNY4'","MBS","UMBS MORTPASS 2.5% 08/50","30yr",,,,,"5426622.64",,,,,,""
"2021-04-21","'3140X55C3'","MBS","UMBS MORTPASS 2.5% 05/28","Other",,,,,"5426228.36",,,,,,""
"2021-04-21","'3140X4NR3'","MBS","UMBS MORTPASS 3% 07/49","30yr",,,,,"5424055.44",,,,,,""
"2021-04-21","'3140K54L8'","MBS","UMBS MORTPASS 3% 12/49","30yr",,,,,"5422321.44",,,,,,""
"2021-04-21","'3140HNDR0'","MBS","UMBS MORTPASS 2% 11/50","30yr",,,,,"5419978.27",,,,,,""
"2021-04-21","'31307TJY8'","MBS","FHLMCGLD 2.5% 03/32","15yr",,,,,"5418967.76",,,,,,""
"2021-04-21","'31329KW59'","MBS","UMBS MORTPASS 3% 08/37","Other",,,,,"5409748.93",,,,,,""
"2021-04-21","'3133AA7M8'","MBS","UMBS MORTPASS 2% 10/50","30yr",,,,,"5409186.51",,,,,,""
"2021-04-21","'3140KMV72'","MBS","UMBS MORTPASS 2% 08/35","15yr",,,,,"5398935.34",,,,,,""
"2021-04-21","'3140L2PL1'","MBS","UMBS MORTPASS 2% 02/51","30yr",,,,,"5393090.58",,,,,,""
"2021-04-21","'3140QHFW0'","MBS","UMBS MORTPASS 1.5% 02/36","15yr",,,,,"5387597.13",,,,,,""
"2021-04-21","'3140H1BA7'","MBS","UMBS MORTPASS 4% 12/47","30yr",,,,,"5384159.12",,,,,,""
"2021-04-21","'3140J8MC4'","MBS","UMBS MORTPASS 2.5% 12/28","15yr",,,,,"5380940.53",,,,,,""
"2021-04-21","'31418BVT0'","MBS","UMBS MORTPASS 3% 10/30","15yr",,,,,"5380832.73",,,,,,""
"2021-04-21","'3138EJH68'","MBS","UMBS MORTPASS 3.5% 02/26","15yr",,,,,"5379210.58",,,,,,""
"2021-04-21","'31418CRC0'","MBS","UMBS MORTPASS 3.5% 11/47","30yr",,,,,"5377968.04",,,,,,""
"2021-04-21","'3140JLRT3'","MBS","UMBS MORTPASS 2% 11/50","30yr",,,,,"5374308.13",,,,,,""
"2021-04-21","'3140KQJ36'","MBS","UMBS MORTPASS 2% 09/50","30yr",,,,,"5372858.47",,,,,,""
"2021-04-21","'31329QCZ2'","MBS","UMBS MORTPASS 4.5% 02/49","30yr",,,,,"5370962.78",,,,,,""
"2021-04-21","'3140K9JD2'","MBS","UMBS MORTPASS 2.5% 03/35","15yr",,,,,"5367613.17",,,,,,""
"2021-04-21","'3140KYNN0'","MBS","UMBS MORTPASS 2.5% 01/51","30yr",,,,,"5362010.66",,,,,,""
"2021-04-21","'36230LKX6'","MBS","GNMA I MORTPASS 3% 12/42","30yr",,,,,"5359196.78",,,,,,""
"2021-04-21","'3140QCXN1'","MBS","UMBS MORTPASS 4.5% 12/49","30yr",,,,,"5357968.78",,,,,,""
"2021-04-21","'3138LTKX5'","MBS","UMBS MORTPASS 2.5% 05/27","15yr",,,,,"5354174.27",,,,,,""
"2021-04-21","'3138W9HR4'","MBS","UMBS MORTPASS 4% 08/43","30yr",,,,,"5353806.22",,,,,,""
"2021-04-21","'3140FHVQ7'","MBS","UMBS MORTPASS 3% 10/46","30yr",,,,,"5353517.03",,,,,,""
"2021-04-21","'3140F3MY1'","MBS","UMBS MORTPASS 2.5% 05/31","15yr",,,,,"5349576.09",,,,,,""
"2021-04-21","'31418DFH0'","MBS","UMBS MORTPASS 3.5% 08/29","Other",,,,,"5349439.98",,,,,,""
"2021-04-21","'31417EB59'","MBS","UMBS MORTPASS 3% 12/27","15yr",,,,,"5349437.25",,,,,,""
"2021-04-21","'3133G9JZ3'","MBS","UMBS MORTPASS 2% 08/35","15yr",,,,,"5348256.46",,,,,,""
"2021-04-21","'31307TR37'","MBS","FHLMCGLD 2.5% 04/32","15yr",,,,,"5345385.51",,,,,,""
"2021-04-21","'3133D3BG9'","MBS","UMBS MORTPASS 2.5% 09/39","Other",,,,,"5334222.49",,,,,,""
"2021-04-21","'3140L3PT2'","MBS","UMBS MORTPASS 2.5% 04/51","30yr",,,,,"5331400",,,,,,""
"2021-04-21","'3140HEAR3'","MBS","UMBS MORTPASS 4% 07/48","30yr",,,,,"5329478.19",,,,,,""
"2021-04-21","'3140KLHQ8'","MBS","UMBS MORTPASS 2% 10/50","30yr",,,,,"5328170.2",,,,,,""
"2021-04-21","'3138EGFX7'","MBS","UMBS MORTPASS 6% 05/39","30yr",,,,,"5324330.57",,,,,,"Y"
"2021-04-21","'3133AAUS9'","MBS","UMBS MORTPASS 2% 10/50","30yr",,,,,"5320584.37",,,,,,""
"2021-04-21","'3140KBGC2'","MBS","UMBS MORTPASS 3% 03/40","Other",,,,,"5318630.13",,,,,,""
"2021-04-21","'3140JWRE2'","MBS","UMBS MORTPASS 3% 07/49","30yr",,,,,"5318287.85",,,,,,""
"2021-04-21","'3131X8WS1'","MBS","UMBS MORTPASS 2.5% 03/28","15yr",,,,,"5317920.05",,,,,,""
"2021-04-21","'31418AU63'","MBS","UMBS MORTPASS 2% 07/28","15yr",,,,,"5317112.93",,,,,,""
"2021-04-21","'3140J87M9'","MBS","UMBS MORTPASS 4% 09/48","30yr",,,,,"5315662.16",,,,,,""
"2021-04-21","'31329LAS1'","MBS","UMBS MORTPASS 3% 03/27","15yr",,,,,"5309398.05",,,,,,""
"2021-04-21","'3140H7FY8'","MBS","UMBS MORTPASS 2% 04/35","15yr",,,,,"5308592.49",,,,,,""
"2021-04-21","'3131XUNM5'","MBS","UMBS MORTPASS 3.5% 06/46","30yr",,,,,"5305474.01",,,,,,""
"2021-04-21","'3140K92N8'","MBS","UMBS MORTPASS 3% 06/50","30yr",,,,,"5304577.18",,,,,,""
"2021-04-21","'3138EGN91'","MBS","UMBS MORTPASS 6.5% 11/37","30yr",,,,,"5298818.51",,,,,,"Y"
"2021-04-21","'3133GCGB2'","MBS","UMBS MORTPASS 1.5% 03/36","15yr",,,,,"5295556",,,,,,""
"2021-04-21","'3140KQC66'","MBS","UMBS MORTPASS 2.5% 10/50","30yr",,,,,"5293903.95",,,,,,""
"2021-04-21","'3140L3C58'","MBS","UMBS MORTPASS 1.5% 04/36","15yr",,,,,"5291301",,,,,,""
"2021-04-21","'3140KFZP3'","MBS","UMBS MORTPASS 2% 06/40","Other",,,,,"5288844.02",,,,,,""
"2021-04-21","'3131YABW9'","MBS","UMBS MORTPASS 3% 02/34","15yr",,,,,"5286345.91",,,,,,""
"2021-04-21","'3138ECTY9'","MBS","UMBS MORTPASS 2.5% 03/27","15yr",,,,,"5284215.46",,,,,,""
"2021-04-21","'31418CTD6'","MBS","UMBS MORTPASS 3% 01/33","15yr",,,,,"5279610.06",,,,,,""
"2021-04-21","'31418BJ23'","MBS","UMBS MORTPASS 2.5% 11/24","Other",,,,,"5271966.48",,,,,,""
"2021-04-21","'3133A4CW4'","MBS","UMBS MORTPASS 3% 04/45","30yr",,,,,"5271131.68",,,,,,""
"2021-04-21","'31339S4P7'","MBS","UMBS MORTPASS 3.5% 10/49","30yr",,,,,"5266663.37",,,,,,""
"2021-04-21","'3140QCSK3'","MBS","UMBS MORTPASS 3.5% 01/50","30yr",,,,,"5266203.82",,,,,,""
"2021-04-21","'31418CDF8'","MBS","UMBS MORTPASS 2.5% 11/26","Other",,,,,"5265270.05",,,,,,""
"2021-04-21","'36296WAA4'","MBS","GNMA I MORTPASS 4% 04/39","30yr",,,,,"5261759.02",,,,,,""
"2021-04-21","'3128M8QW7'","MBS","FHLMCGLD 6.5% 11/38","30yr",,,,,"5259278.07",,,,,,"Y"
"2021-04-21","'3140K3HE5'","MBS","UMBS MORTPASS 3% 11/49","30yr",,,,,"5258417.42",,,,,,""
"2021-04-21","'3133GCD82'","MBS","UMBS MORTPASS 1.5% 03/36","15yr",,,,,"5253316.45",,,,,,""
"2021-04-21","'3140KVV64'","MBS","UMBS MORTPASS 2.5% 12/50","30yr",,,,,"5251180.35",,,,,,""
"2021-04-21","'31307S3G6'","MBS","FHLMCGLD 3% 02/32","15yr",,,,,"5251001.86",,,,,,""
"2021-04-21","'3140QHPK5'","MBS","UMBS MORTPASS 1.5% 03/36","15yr",,,,,"5250840",,,,,,""
"2021-04-21","'31418BUR5'","MBS","UMBS MORTPASS 2.5% 09/25","Other",,,,,"5248526.49",,,,,,""
"2021-04-21","'3140QFRV3'","MBS","UMBS MORTPASS 1.5% 11/50","30yr",,,,,"5247950.66",,,,,,""
"2021-04-21","'3131YATB6'","MBS","UMBS MORTPASS 3.5% 03/49","30yr",,,,,"5247613.78",,,,,,""
"2021-04-21","'3140KPT37'","MBS","UMBS MORTPASS 2% 11/50","30yr",,,,,"5240088.83",,,,,,""
"2021-04-21","'31418C5J9'","MBS","UMBS MORTPASS 3.5% 12/48","30yr",,,,,"5239746.58",,,,,,""
"2021-04-21","'3131Y1PS3'","MBS","UMBS MORTPASS 4.5% 06/48","30yr",,,,,"5239021.9",,,,,,""
"2021-04-21","'3140K8ZF1'","MBS","UMBS MORTPASS 3% 02/50","30yr",,,,,"5238387.53",,,,,,""
"2021-04-21","'3140KUZM7'","MBS","UMBS MORTPASS 1.5% 12/35","15yr",,,,,"5234695.68",,,,,,""
"2021-04-21","'3140X5HN6'","MBS","UMBS MORTPASS 3% 06/38","Other",,,,,"5232567.28",,,,,,""
"2021-04-21","'3140KCCF7'","MBS","UMBS MORTPASS 2.5% 03/50","30yr",,,,,"5231009.21",,,,,,""
"2021-04-21","'3140HL4J2'","MBS","UMBS MORTPASS 3.5% 07/33","15yr",,,,,"5226767.43",,,,,,""
"2021-04-21","'31307UEM6'","MBS","FHLMCGLD 2.5% 07/32","15yr",,,,,"5223926.48",,,,,,""
"2021-04-21","'3140QCKC9'","MBS","UMBS MORTPASS 3% 12/44","30yr",,,,,"5223517.01",,,,,,""
"2021-04-21","'3140KFSR7'","MBS","UMBS MORTPASS 2.5% 09/50","30yr",,,,,"5223111.03",,,,,,""
"2021-04-21","'3140JRRC7'","MBS","UMBS MORTPASS 3.5% 08/49","30yr",,,,,"5218394.08",,,,,,""
"2021-04-21","'3138WQS86'","MBS","UMBS MORTPASS 2.5% 06/28","15yr",,,,,"5218168.34",,,,,,""
"2021-04-21","'3140KSCH8'","MBS","UMBS MORTPASS 1.5% 11/35","15yr",,,,,"5217938.62",,,,,,""
"2021-04-21","'3140JG4V4'","MBS","UMBS MORTPASS 2.5% 04/50","30yr",,,,,"5217154.6",,,,,,""
"2021-04-21","'3138ERQE3'","MBS","UMBS MORTPASS 3.5% 10/24","Other",,,,,"5216590",,,,,,"Y"
"2021-04-21","'3138XYT79'","MBS","UMBS MORTPASS 3% 07/29","15yr",,,,,"5215115.15",,,,,,""
"2021-04-21","'3140L3G54'","MBS","UMBS MORTPASS 2% 03/51","30yr",,,,,"5215044.17",,,,,,""
"2021-04-21","'31418A6Z6'","MBS","UMBS MORTPASS 2.5% 02/24","Other",,,,,"5206240.2",,,,,,""
"2021-04-21","'3140KKES9'","MBS","UMBS MORTPASS 2.5% 03/50","30yr",,,,,"5200106.93",,,,,,""
"2021-04-21","'3132A5JR7'","MBS","UMBS MORTPASS 4% 06/48","30yr",,,,,"5197963.11",,,,,,""
"2021-04-21","'3138X0Z27'","MBS","UMBS MORTPASS 2.5% 07/28","15yr",,,,,"5195878.18",,,,,,""
"2021-04-21","'3140ECSE0'","MBS","UMBS MORTPASS 2.5% 05/31","15yr",,,,,"5193323.9",,,,,,""
"2021-04-21","'3140KBP40'","MBS","UMBS MORTPASS 2.5% 04/50","30yr",,,,,"5192760.94",,,,,,""
"2021-04-21","'3140X6EY3'","MBS","UMBS MORTPASS 4% 01/50","30yr",,,,,"5192078.09",,,,,,""
"2021-04-21","'3140X8QU4'","MBS","UMBS MORTPASS 2.5% 12/50","30yr",,,,,"5188996.92",,,,,,""
"2021-04-21","'3140X6AF8'","MBS","UMBS MORTPASS 2.5% 10/31","15yr",,,,,"5187811.61",,,,,,""
"2021-04-21","'3131X8AE6'","MBS","UMBS MORTPASS 2.5% 10/27","15yr",,,,,"5187258.15",,,,,,""
"2021-04-21","'3132A7G54'","MBS","UMBS MORTPASS 3% 06/27","15yr",,,,,"5183388.59",,,,,,""
"2021-04-21","'3132QRNM8'","MBS","FHLMCGLD 3.5% 07/45","30yr",,,,,"5180633.82",,,,,,""
"2021-04-21","'3140L4V63'","MBS","UMBS MORTPASS 2.5% 02/51","30yr",,,,,"5180349.98",,,,,,""
"2021-04-21","'3133A1YJ5'","MBS","UMBS MORTPASS 3% 02/50","30yr",,,,,"5180003.18",,,,,,""
"2021-04-21","'31418DA93'","MBS","UMBS MORTPASS 3% 04/34","15yr",,,,,"5179858.13",,,,,,""
"2021-04-21","'3138WENL9'","MBS","UMBS MORTPASS 2.5% 05/30","15yr",,,,,"5179076.81",,,,,,""
"2021-04-21","'3138LX5L9'","MBS","UMBS MORTPASS 3% 08/32","Other",,,,,"5176029.14",,,,,,""
"2021-04-21","'3140L1TK1'","MBS","UMBS MORTPASS 1.5% 02/51","30yr",,,,,"5174857.24",,,,,,""
"2021-04-21","'3132A9UB1'","MBS","UMBS MORTPASS 2.5% 12/32","15yr",,,,,"5171008.61",,,,,,""
"2021-04-21","'31307W6K5'","MBS","FHLMCGLD 3.5% 11/33","15yr",,,,,"5168551.81",,,,,,""
"2021-04-21","'31339SNH4'","MBS","UMBS MORTPASS 3% 09/49","30yr",,,,,"5166462.71",,,,,,""
"2021-04-21","'3132A9RG4'","MBS","UMBS MORTPASS 2.5% 11/30","15yr",,,,,"5163733.31",,,,,,""
"2021-04-21","'31418DAX0'","MBS","UMBS MORTPASS 3.5% 03/39","Other",,,,,"5163390.13",,,,,,""
"2021-04-21","'3140K3HG0'","MBS","UMBS MORTPASS 3% 10/49","30yr",,,,,"5159123.57",,,,,,""
"2021-04-21","'3140K3NT5'","MBS","UMBS MORTPASS 3% 02/50","30yr",,,,,"5158094.78",,,,,,""
"2021-04-21","'3140KSBJ5'","MBS","UMBS MORTPASS 2.5% 11/50","30yr",,,,,"5157851.76",,,,,,""
"2021-04-21","'3140FHAC1'","MBS","UMBS MORTPASS 3% 11/31","15yr",,,,,"5156364.71",,,,,,""
"2021-04-21","'31418DLX8'","MBS","UMBS MORTPASS 2% 02/35","15yr",,,,,"5154346.04",,,,,,""
"2021-04-21","'3140KJA64'","MBS","UMBS MORTPASS 2.5% 07/50","30yr",,,,,"5141586.94",,,,,,""
"2021-04-21","'3140X3AA6'","MBS","UMBS MORTPASS 2.5% 12/24","Other",,,,,"5136324.84",,,,,,""
"2021-04-21","'3140FH6Z5'","MBS","UMBS MORTPASS 2.5% 07/50","30yr",,,,,"5134813.55",,,,,,""
"2021-04-21","'3128MMUU5'","MBS","FHLMCGLD 2% 03/31","15yr",,,,,"5134697.28",,,,,,""
"2021-04-21","'3140GREK6'","MBS","UMBS MORTPASS 3.5% 11/47","30yr",,,,,"5131605.09",,,,,,""
"2021-04-21","'3140L42A6'","MBS","UMBS MORTPASS 1.5% 03/36","15yr",,,,,"5126985",,,,,,""
"2021-04-21","'3138WKLD5'","MBS","UMBS MORTPASS 2.5% 03/32","15yr",,,,,"5126815.68",,,,,,""
"2021-04-21","'3140F9AW5'","MBS","UMBS MORTPASS 2.5% 08/31","15yr",,,,,"5125554.13",,,,,,""
"2021-04-21","'3133G8KW0'","MBS","UMBS MORTPASS 2% 05/35","15yr",,,,,"5124219.17",,,,,,""
"2021-04-21","'3140KBJH8'","MBS","UMBS MORTPASS 3% 03/50","30yr",,,,,"5122468.21",,,,,,""
"2021-04-21","'3132A7KP5'","MBS","UMBS MORTPASS 2.5% 11/27","15yr",,,,,"5122441.41",,,,,,""
"2021-04-21","'3140JHH63'","MBS","UMBS MORTPASS 4.5% 11/48","30yr",,,,,"5121102.24",,,,,,""
"2021-04-21","'3140L42U2'","MBS","UMBS MORTPASS 2% 03/51","30yr",,,,,"5118354.33",,,,,,""
"2021-04-21","'3133AFV65'","MBS","UMBS MORTPASS 1.5% 02/51","30yr",,,,,"5112524.11",,,,,,""
"2021-04-21","'3140KNZB7'","MBS","UMBS MORTPASS 2.5% 09/50","30yr",,,,,"5110657.01",,,,,,""
"2021-04-21","'36297FV82'","MBS","GNMA I 4.5% 09/39","30yr",,,,,"5110006.6",,,,,,""
"2021-04-21","'3131XDE43'","MBS","UMBS MORTPASS 2.5% 01/33","15yr",,,,,"5105914.77",,,,,,""
"2021-04-21","'3140JXKQ0'","MBS","UMBS MORTPASS 2.5% 09/34","15yr",,,,,"5105889.89",,,,,,""
"2021-04-21","'31334WXT3'","MBS","UMBS MORTPASS 4% 07/49","30yr",,,,,"5103448.08",,,,,,""
"2021-04-21","'36202FVG8'","MBS","GNMA II 4.5% 07/41","30yr",,,,,"5102785.18",,,,,,""
"2021-04-21","'3140K1HJ8'","MBS","UMBS MORTPASS 3% 09/49","30yr",,,,,"5101523.22",,,,,,""
"2021-04-21","'3138EHQV7'","MBS","UMBS MORTPASS 3% 02/27","15yr",,,,,"5096134.13",,,,,,""
"2021-04-21","'3140HKAJ7'","MBS","UMBS MORTPASS 4% 08/48","30yr",,,,,"5095509.25",,,,,,""
"2021-04-21","'3138WZU91'","MBS","UMBS MORTPASS 3% 08/43","30yr",,,,,"5094440.63",,,,,,""
"2021-04-21","'3128MEKR1'","MBS","FHLMCGLD 3.5% 07/27","15yr",,,,,"5092908.08",,,,,,""
"2021-04-21","'3133A0WF7'","MBS","UMBS MORTPASS 3.5% 01/50","30yr",,,,,"5089539.52",,,,,,""
"2021-04-21","'3131Y8MV4'","MBS","UMBS MORTPASS 4% 12/48","30yr",,,,,"5087069.37",,,,,,""
"2021-04-21","'3140JNW48'","MBS","UMBS MORTPASS 4.5% 05/49","30yr",,,,,"5085573.54",,,,,,""
"2021-04-21","'36202F2R6'","MBS","GNMA II MORTPASS 3% 01/42","30yr",,,,,"5082052.34",,,,,,""
"2021-04-21","'3132QLVN0'","MBS","FHLMCGLD 3.5% 01/45","30yr",,,,,"5080134.73",,,,,,""
"2021-04-21","'3140X6C41'","MBS","UMBS MORTPASS 3% 01/35","15yr",,,,,"5078623.89",,,,,,""
"2021-04-21","'31418DRV6'","MBS","UMBS MORTPASS 2.5% 08/35","15yr",,,,,"5074553.32",,,,,,""
"2021-04-21","'3140KBJJ4'","MBS","UMBS MORTPASS 2.5% 03/50","30yr",,,,,"5070723.02",,,,,,""
"2021-04-21","'3138WZSG8'","MBS","UMBS MORTPASS 2.5% 08/28","15yr",,,,,"5070585.07",,,,,,""
"2021-04-21","'3133L7PJ0'","MBS","UMBS MORTPASS 2% 04/35","15yr",,,,,"5067659.17",,,,,,""
"2021-04-21","'3140K2ZB3'","MBS","UMBS MORTPASS 3% 11/49","30yr",,,,,"5057031.75",,,,,,""
"2021-04-21","'3140K9Y60'","MBS","UMBS MORTPASS 2.5% 04/50","30yr",,,,,"5053851.21",,,,,,""
"2021-04-21","'3132A9U47'","MBS","UMBS MORTPASS 2.5% 07/33","15yr",,,,,"5051539.23",,,,,,""
"2021-04-21","'3140QCRK4'","MBS","UMBS MORTPASS 4% 06/49","30yr",,,,,"5049480.83",,,,,,""
"2021-04-21","'3140L3DP3'","MBS","UMBS MORTPASS 2.5% 03/51","30yr",,,,,"5046858.55",,,,,,""
"2021-04-21","'3138WAZM2'","MBS","UMBS MORTPASS 3% 02/29","15yr",,,,,"5045288.02",,,,,,""
"2021-04-21","'3138MLU85'","MBS","UMBS MORTPASS 2.5% 11/27","15yr",,,,,"5044679.16",,,,,,""
"2021-04-21","'36202FZ66'","MBS","GNMA II MORTPASS 3% 12/41","30yr",,,,,"5040456.69",,,,,,""
"2021-04-21","'3140JW2W9'","MBS","UMBS MORTPASS 3.5% 08/49","30yr",,,,,"5039969.98",,,,,,""
"2021-04-21","'3132J8C73'","MBS","FHLMCGLD 3.5% 04/43","30yr",,,,,"5034851.77",,,,,,""
"2021-04-21","'3132KE2L8'","MBS","FHLMCGLD 3% 04/30","15yr",,,,,"5034713.41",,,,,,""
"2021-04-21","'3140FGGZ6'","MBS","UMBS MORTPASS 3% 12/46","30yr",,,,,"5033319.31",,,,,,""
"2021-04-21","'3138ENT74'","MBS","UMBS MORTPASS 2.5% 08/28","15yr",,,,,"5032680.33",,,,,,""
"2021-04-21","'3133AAR79'","MBS","UMBS MORTPASS 2% 10/50","30yr",,,,,"5030265.26",,,,,,""
"2021-04-21","'3138ERTG5'","MBS","UMBS MORTPASS 2.5% 07/25","Other",,,,,"5028555.54",,,,,,""
"2021-04-21","'3140L3QE4'","MBS","UMBS MORTPASS 2% 02/51","30yr",,,,,"5026576.15",,,,,,""
"2021-04-21","'3138EGPK4'","MBS","UMBS MORTPASS 6.5% 12/38","30yr",,,,,"5022910.04",,,,,,"Y"
"2021-04-21","'3138MPY82'","MBS","UMBS MORTPASS 3.5% 12/42","30yr",,,,,"5013557.37",,,,,,""
"2021-04-21","'36297GUW8'","MBS","GNMA I MORTPASS 3% 12/42","30yr",,,,,"5012479.12",,,,,,""
"2021-04-21","'3140QBPX0'","MBS","UMBS MORTPASS 4.5% 05/49","30yr",,,,,"5011697.2",,,,,,""
"2021-04-21","'3133HMCG2'","MBS","UMBS MORTPASS 3% 03/30","Other",,,,,"5007120.19",,,,,,""
"2021-04-21","'3133GASX5'","MBS","UMBS MORTPASS 2% 12/35","15yr",,,,,"5006369.51",,,,,,""
"2021-04-21","'3140JP3N3'","MBS","UMBS MORTPASS 3% 01/50","30yr",,,,,"5004565.43",,,,,,""
"2021-04-21","'3128MMYR8'","MBS","FHLMCGLD 3% 01/34","15yr",,,,,"5001900.84",,,,,,""
"2021-04-21","'3140JL4K7'","MBS","UMBS MORTPASS 4.5% 01/49","30yr",,,,,"4999975.63",,,,,,""
"2021-04-21","'3133A0DE1'","MBS","UMBS MORTPASS 4.5% 12/49","30yr",,,,,"4998872.76",,,,,,""
"2021-04-21","'3133GCEE8'","MBS","UMBS MORTPASS 1.5% 03/36","15yr",,,,,"4993082",,,,,,""
"2021-04-21","'3140L3VK4'","MBS","UMBS MORTPASS 2% 01/36","15yr",,,,,"4991511.17",,,,,,""
"2021-04-21","'3140Q9SP9'","MBS","UMBS MORTPASS 3.5% 09/48","30yr",,,,,"4991414.81",,,,,,""
"2021-04-21","'3140JVEB4'","MBS","UMBS MORTPASS 4% 08/49","30yr",,,,,"4991284.06",,,,,,""
"2021-04-21","'3132A9MU8'","MBS","UMBS MORTPASS 2.5% 09/27","15yr",,,,,"4990471.72",,,,,,""
"2021-04-21","'3140K4TC4'","MBS","UMBS MORTPASS 3.5% 02/50","30yr",,,,,"4990164.41",,,,,,""
"2021-04-21","'3140JRNH0'","MBS","UMBS MORTPASS 3.5% 01/49","30yr",,,,,"4985551.31",,,,,,""
"2021-04-21","'31339SBM6'","MBS","UMBS MORTPASS 3% 09/49","30yr",,,,,"4984888",,,,,,""
"2021-04-21","'31417DR88'","MBS","UMBS MORTPASS 2.5% 11/27","15yr",,,,,"4981824.51",,,,,,""
"2021-04-21","'36297GVA5'","MBS","GNMA I MORTPASS 3% 01/43","30yr",,,,,"4981575.62",,,,,,""
"2021-04-21","'31334WTP6'","MBS","UMBS MORTPASS 3.5% 06/49","30yr",,,,,"4981278.71",,,,,,""
"2021-04-21","'3132XXQB8'","MBS","FHLMCGLD 4% 03/48","30yr",,,,,"4977210.67",,,,,,""
"2021-04-21","'3140L42Z1'","MBS","UMBS MORTPASS 2.5% 03/51","30yr",,,,,"4976869.73",,,,,,""
"2021-04-21","'3140JPJA4'","MBS","UMBS MORTPASS 4% 02/49","30yr",,,,,"4974984.69",,,,,,""
"2021-04-21","'3132AC3C2'","MBS","UMBS MORTPASS 3% 08/28","Other",,,,,"4973697.19",,,,,,""
"2021-04-21","'3140JJS75'","MBS","UMBS MORTPASS 4.5% 11/48","30yr",,,,,"4973630.18",,,,,,""
"2021-04-21","'3132ADWH7'","MBS","UMBS MORTPASS 3% 11/48","30yr",,,,,"4971056.95",,,,,,""
"2021-04-21","'31418DNX6'","MBS","UMBS MORTPASS 2% 04/30","Other",,,,,"4970799.04",,,,,,""
"2021-04-21","'3138MGR64'","MBS","UMBS MORTPASS 3% 10/42","30yr",,,,,"4970510.6",,,,,,""
"2021-04-21","'3140QF5N5'","MBS","UMBS MORTPASS 2% 12/35","15yr",,,,,"4969321.59",,,,,,""
"2021-04-21","'3132A7KG5'","MBS","UMBS MORTPASS 2.5% 11/27","15yr",,,,,"4965529.31",,,,,,""
"2021-04-21","'3131Y9SU8'","MBS","UMBS MORTPASS 3.5% 02/49","30yr",,,,,"4961095.48",,,,,,""
"2021-04-21","'36179TG66'","MBS","GNMA II 4.5% 09/47","30yr",,,,,"4958804.23",,,,,,""
"2021-04-21","'3133ABKF6'","MBS","UMBS MORTPASS 2% 10/50","30yr",,,,,"4951222.11",,,,,,""
"2021-04-21","'3140JLQC1'","MBS","UMBS MORTPASS 4% 01/49","30yr",,,,,"4949404.55",,,,,,""
"2021-04-21","'3131Y9XC2'","MBS","UMBS MORTPASS 4% 02/49","30yr",,,,,"4940693.08",,,,,,""
"2021-04-21","'31329QLW9'","MBS","UMBS MORTPASS 3.5% 04/49","30yr",,,,,"4939387.43",,,,,,""
"2021-04-21","'3133A93A1'","MBS","UMBS MORTPASS 2% 09/50","30yr",,,,,"4937894.62",,,,,,""
"2021-04-21","'3133AGVD8'","MBS","UMBS MORTPASS 2.5% 03/51","30yr",,,,,"4936021.47",,,,,,""
"2021-04-21","'3132ADST6'","MBS","UMBS MORTPASS 2% 01/32","15yr",,,,,"4935280.47",,,,,,""
"2021-04-21","'3140Q7M38'","MBS","UMBS MORTPASS 3% 09/47","30yr",,,,,"4933468.77",,,,,,""
"2021-04-21","'3140JUJ62'","MBS","UMBS MORTPASS 4.5% 05/49","30yr",,,,,"4927569.09",,,,,,""
"2021-04-21","'3140X8KA4'","MBS","UMBS MORTPASS 2% 11/50","30yr",,,,,"4926535.7",,,,,,""
"2021-04-21","'3133A2YR5'","MBS","UMBS MORTPASS 3% 03/50","30yr",,,,,"4924589.17",,,,,,""
"2021-04-21","'31418CFK5'","MBS","UMBS MORTPASS 2.5% 01/27","Other",,,,,"4923634.73",,,,,,""
"2021-04-21","'3140KAK96'","MBS","UMBS MORTPASS 3% 03/50","30yr",,,,,"4921260.06",,,,,,""
"2021-04-21","'3140JXU30'","MBS","UMBS MORTPASS 2.5% 09/34","15yr",,,,,"4919410.66",,,,,,""
"2021-04-21","'31329PYR8'","MBS","UMBS MORTPASS 4.5% 12/48","30yr",,,,,"4919008.53",,,,,,""
"2021-04-21","'3131XVMX0'","MBS","UMBS MORTPASS 3.5% 12/46","30yr",,,,,"4917196.76",,,,,,""
"2021-04-21","'3140KPUW1'","MBS","UMBS MORTPASS 2% 11/50","30yr",,,,,"4916513.9",,,,,,""
"2021-04-21","'3140L1K87'","MBS","UMBS MORTPASS 1.5% 03/51","30yr",,,,,"4916209.09",,,,,,""
"2021-04-21","'3140HJ3N9'","MBS","UMBS MORTPASS 4% 06/48","30yr",,,,,"4910098.21",,,,,,""
"2021-04-21","'3133A7LJ6'","MBS","UMBS MORTPASS 2.5% 07/50","30yr",,,,,"4908969.17",,,,,,""
"2021-04-21","'3140QB2A5'","MBS","UMBS MORTPASS 4% 07/49","30yr",,,,,"4907922.58",,,,,,""
"2021-04-21","'31329LDM1'","MBS","UMBS MORTPASS 2.5% 02/28","15yr",,,,,"4906401.57",,,,,,""
"2021-04-21","'3133A7WF2'","MBS","UMBS MORTPASS 2.5% 07/50","30yr",,,,,"4904153.54",,,,,,""
"2021-04-21","'3140E7F39'","MBS","UMBS MORTPASS 3% 10/45","30yr",,,,,"4904047.87",,,,,,""
"2021-04-21","'3140HNFK3'","MBS","UMBS MORTPASS 2.5% 11/50","30yr",,,,,"4901244.43",,,,,,""
"2021-04-21","'31334XD22'","MBS","UMBS MORTPASS 2.5% 07/49","30yr",,,,,"4900393.45",,,,,,""
"2021-04-21","'3140HJR52'","MBS","UMBS MORTPASS 4% 06/48","30yr",,,,,"4898575.94",,,,,,""
"2021-04-21","'36296WBD7'","MBS","GNMA I 4.5% 07/39","30yr",,,,,"4893959.76",,,,,,""
"2021-04-21","'3133KYSD2'","MBS","UMBS MORTPASS 2.5% 09/39","Other",,,,,"4892297.39",,,,,,""
"2021-04-21","'3140L5WP7'","MBS","UMBS MORTPASS 2.5% 04/51","30yr",,,,,"4891610.88",,,,,,""
"2021-04-21","'3140H7FU6'","MBS","UMBS MORTPASS 2.5% 03/35","15yr",,,,,"4887413.76",,,,,,""
"2021-04-21","'31334YR74'","MBS","UMBS MORTPASS 3% 09/44","30yr",,,,,"4882602.12",,,,,,""
"2021-04-21","'3140JVVH2'","MBS","UMBS MORTPASS 3% 07/49","30yr",,,,,"4878324.73",,,,,,""
"2021-04-21","'3140GN2S1'","MBS","UMBS MORTPASS 4% 04/47","30yr",,,,,"4873924.57",,,,,,""
"2021-04-21","'3140K5JY4'","MBS","UMBS MORTPASS 2% 02/35","15yr",,,,,"4871525.73",,,,,,""
"2021-04-21","'3131YC4M5'","MBS","UMBS MORTPASS 4% 05/49","30yr",,,,,"4868102.76",,,,,,""
"2021-04-21","'3131X83H7'","MBS","UMBS MORTPASS 2.5% 04/28","15yr",,,,,"4865906.77",,,,,,""
"2021-04-21","'31307U3X4'","MBS","FHLMCGLD 2.5% 11/32","15yr",,,,,"4861258",,,,,,""
"2021-04-21","'3140L4UE7'","MBS","UMBS MORTPASS 2% 02/51","30yr",,,,,"4861186.88",,,,,,""
"2021-04-21","'3140KBKY9'","MBS","UMBS MORTPASS 3% 03/50","30yr",,,,,"4860458.97",,,,,,""
"2021-04-21","'3140K8AB7'","MBS","UMBS MORTPASS 3% 01/50","30yr",,,,,"4856370.79",,,,,,""
"2021-04-21","'36296QVA4'","MBS","GNMA I 4.5% 06/39","30yr",,,,,"4852546.77",,,,,,""
"2021-04-21","'3140L5EQ5'","MBS","UMBS MORTPASS 1.5% 03/51","30yr",,,,,"4852546",,,,,,""
"2021-04-21","'3140JGLQ6'","MBS","UMBS MORTPASS 4% 12/48","30yr",,,,,"4849079.77",,,,,,""
"2021-04-21","'3140FG5J4'","MBS","UMBS MORTPASS 3% 11/31","15yr",,,,,"4846722.53",,,,,,""
"2021-04-21","'3140JACW6'","MBS","UMBS MORTPASS 4% 03/49","30yr",,,,,"4846541.88",,,,,,""
"2021-04-21","'3140JML75'","MBS","UMBS MORTPASS 3.5% 03/49","30yr",,,,,"4846406.58",,,,,,""
"2021-04-21","'3140L73A8'","MBS","UMBS MORTPASS 1.5% 04/51","30yr",,,,,"4842969",,,,,,""
"2021-04-21","'3138EHRB0'","MBS","UMBS MORTPASS 3% 02/27","15yr",,,,,"4841200.7",,,,,,""
"2021-04-21","'36179VTX8'","MBS","GNMA II MORTPASS 3% 09/50","30yr",,,,,"4838043.42",,,,,,""
"2021-04-21","'31329PTF0'","MBS","UMBS MORTPASS 4.5% 11/48","30yr",,,,,"4837522.78",,,,,,""
"2021-04-21","'3133G8W31'","MBS","UMBS MORTPASS 2.5% 06/35","15yr",,,,,"4836981.31",,,,,,""
"2021-04-21","'3140HJJQ5'","MBS","UMBS MORTPASS 4.5% 08/48","30yr",,,,,"4829369.9",,,,,,""
"2021-04-21","'3140HD5T7'","MBS","UMBS MORTPASS 3% 06/33","15yr",,,,,"4828501.69",,,,,,""
"2021-04-21","'31329LBU5'","MBS","UMBS MORTPASS 3% 06/27","15yr",,,,,"4828339.11",,,,,,""
"2021-04-21","'31418AK23'","MBS","UMBS MORTPASS 2.5% 10/22","Other",,,,,"4823852.7",,,,,,""
"2021-04-21","'3140KFRN7'","MBS","UMBS MORTPASS 3% 06/50","30yr",,,,,"4823052.2",,,,,,""
"2021-04-21","'3140Q8BN4'","MBS","UMBS MORTPASS 2.5% 12/32","15yr",,,,,"4820516.98",,,,,,""
"2021-04-21","'3140KNW46'","MBS","UMBS MORTPASS 2% 09/35","15yr",,,,,"4815169.93",,,,,,""
"2021-04-21","'3140JXDD7'","MBS","UMBS MORTPASS 2.5% 08/49","30yr",,,,,"4814822.17",,,,,,""
"2021-04-21","'3138NXVB0'","MBS","UMBS MORTPASS 3.5% 12/42","30yr",,,,,"4813467.73",,,,,,""
"2021-04-21","'3140KGTB9'","MBS","UMBS MORTPASS 2.5% 07/50","30yr",,,,,"4813425.73",,,,,,""
"2021-04-21","'31307GTV1'","MBS","FHLMCGLD 3.5% 03/29","15yr",,,,,"4811308.04",,,,,,""
"2021-04-21","'3140X5AG8'","MBS","UMBS MORTPASS 2.5% 07/25","Other",,,,,"4808966.99",,,,,,""
"2021-04-21","'3140HHJM8'","MBS","UMBS MORTPASS 3.5% 04/48","30yr",,,,,"4804561.97",,,,,,""
"2021-04-21","'3133KKYQ6'","MBS","UMBS MORTPASS 1.5% 10/50","30yr",,,,,"4801831.25",,,,,,""
"2021-04-21","'3133A2E55'","MBS","UMBS MORTPASS 3% 02/50","30yr",,,,,"4798073.06",,,,,,""
"2021-04-21","'36179MSZ4'","MBS","GNMA II 4.5% 11/42","30yr",,,,,"4796723.97",,,,,,""
"2021-04-21","'3140HN4V1'","MBS","UMBS MORTPASS 4% 09/48","30yr",,,,,"4795966.49",,,,,,""
"2021-04-21","'3140L62P8'","MBS","UMBS MORTPASS 2.5% 04/51","30yr",,,,,"4795236",,,,,,""
"2021-04-21","'3140F7BU2'","MBS","UMBS MORTPASS 2.5% 05/31","15yr",,,,,"4791646.97",,,,,,""
"2021-04-21","'3140KE6V5'","MBS","UMBS MORTPASS 3% 06/50","30yr",,,,,"4781625.89",,,,,,""
"2021-04-21","'3138WVRJ2'","MBS","UMBS MORTPASS 3% 06/43","30yr",,,,,"4781375.72",,,,,,""
"2021-04-21","'3140JVB35'","MBS","UMBS MORTPASS 4% 06/49","30yr",,,,,"4781010.06",,,,,,""
"2021-04-21","'3138WHGY2'","MBS","UMBS MORTPASS 4.5% 06/46","30yr",,,,,"4779561.74",,,,,,""
"2021-04-21","'3133GAYF7'","MBS","UMBS MORTPASS 2% 12/35","15yr",,,,,"4777176.97",,,,,,""
"2021-04-21","'3140K7ZF3'","MBS","UMBS MORTPASS 3% 01/50","30yr",,,,,"4776411.77",,,,,,""
"2021-04-21","'3138XTR64'","MBS","UMBS MORTPASS 3.5% 04/29","15yr",,,,,"4774035.32",,,,,,""
"2021-04-21","'3140X4UX2'","MBS","UMBS MORTPASS 4% 09/49","30yr",,,,,"4773209.82",,,,,,""
"2021-04-21","'3138W9CC2'","MBS","UMBS MORTPASS 2.5% 08/23","Other",,,,,"4769248.49",,,,,,""
"2021-04-21","'3140KB3V4'","MBS","UMBS MORTPASS 3% 05/50","30yr",,,,,"4765152.98",,,,,,""
"2021-04-21","'31417DY72'","MBS","UMBS MORTPASS 2.5% 11/27","15yr",,,,,"4762864.47",,,,,,""
"2021-04-21","'3133AE4B7'","MBS","UMBS MORTPASS 2.5% 01/51","30yr",,,,,"4760658.55",,,,,,""
"2021-04-21","'3140QBSK5'","MBS","UMBS MORTPASS 3% 09/49","30yr",,,,,"4757819.7",,,,,,""
"2021-04-21","'3138MBLV6'","MBS","UMBS MORTPASS 3% 09/27","15yr",,,,,"4756683.05",,,,,,""
"2021-04-21","'31418BN85'","MBS","UMBS MORTPASS 3% 03/25","Other",,,,,"4755311.69",,,,,,""
"2021-04-21","'3140KNWS3'","MBS","UMBS MORTPASS 2% 08/35","15yr",,,,,"4743029.8",,,,,,""
"2021-04-21","'3138WJJ82'","MBS","UMBS MORTPASS 2.5% 11/31","15yr",,,,,"4742637.31",,,,,,""
"2021-04-21","'36179MC32'","MBS","GNMA II 4.5% 05/42","30yr",,,,,"4741279.95",,,,,,""
"2021-04-21","'3138X15N2'","MBS","UMBS MORTPASS 3% 09/28","15yr",,,,,"4740327.32",,,,,,""
"2021-04-21","'3138MPCT0'","MBS","UMBS MORTPASS 2% 12/27","15yr",,,,,"4738762.24",,,,,,""
"2021-04-21","'31307M4S2'","MBS","FHLMCGLD 3% 05/30","15yr",,,,,"4734138.13",,,,,,""
"2021-04-21","'3133G7A45'","MBS","UMBS MORTPASS 2% 11/34","15yr",,,,,"4732611.33",,,,,,""
"2021-04-21","'31339SW76'","MBS","UMBS MORTPASS 3% 10/49","30yr",,,,,"4731713.23",,,,,,""
"2021-04-21","'3140L5HH2'","MBS","UMBS MORTPASS 1.5% 03/36","15yr",,,,,"4730384",,,,,,""
"2021-04-21","'3140L4QU6'","MBS","UMBS MORTPASS 2.5% 02/51","30yr",,,,,"4722534.61",,,,,,""
"2021-04-21","'36178NMH9'","MBS","GNMA I MORTPASS 3% 11/42","30yr",,,,,"4718730.44",,,,,,""
"2021-04-21","'31307WEQ3'","MBS","FHLMCGLD 3.5% 06/33","15yr",,,,,"4718585.83",,,,,,""
"2021-04-21","'3131X8ZZ2'","MBS","UMBS MORTPASS 2.5% 04/28","15yr",,,,,"4714630.5",,,,,,""
"2021-04-21","'3140JSUX5'","MBS","UMBS MORTPASS 4% 04/49","30yr",,,,,"4712912.6",,,,,,""
"2021-04-21","'3140KXSF4'","MBS","UMBS MORTPASS 2% 12/50","30yr",,,,,"4711815.17",,,,,,""
"2021-04-21","'31334WTQ4'","MBS","UMBS MORTPASS 3.5% 06/49","30yr",,,,,"4711417.29",,,,,,""
"2021-04-21","'3138MKQQ2'","MBS","UMBS MORTPASS 2.5% 04/28","15yr",,,,,"4708359.17",,,,,,""
"2021-04-21","'31418AN38'","MBS","UMBS MORTPASS 2.5% 01/23","Other",,,,,"4708195.42",,,,,,""
"2021-04-21","'3140L3JJ1'","MBS","UMBS MORTPASS 1.5% 03/36","15yr",,,,,"4708097.72",,,,,,""
"2021-04-21","'3140HA2L3'","MBS","UMBS MORTPASS 3.5% 03/48","30yr",,,,,"4707595.11",,,,,,""
"2021-04-21","'3140JX4S4'","MBS","UMBS MORTPASS 3% 12/49","30yr",,,,,"4704820.2",,,,,,""
"2021-04-21","'3140L6JE5'","MBS","UMBS MORTPASS 2% 04/36","15yr",,,,,"4698847",,,,,,""
"2021-04-21","'3140X4KX3'","MBS","UMBS MORTPASS 4% 06/49","30yr",,,,,"4697810.43",,,,,,""
"2021-04-21","'3140F2PG9'","MBS","UMBS MORTPASS 2.5% 05/31","15yr",,,,,"4696723.44",,,,,,""
"2021-04-21","'3140K0ZM3'","MBS","UMBS MORTPASS 3% 09/49","30yr",,,,,"4690075.42",,,,,,""
"2021-04-21","'31292LVN2'","MBS","FHLMCGLD 3% 08/42","30yr",,,,,"4683012.59",,,,,,""
"2021-04-21","'3140JQQ63'","MBS","UMBS MORTPASS 4% 08/49","30yr",,,,,"4682786.07",,,,,,""
"2021-04-21","'3140JV7M8'","MBS","UMBS MORTPASS 3% 07/49","30yr",,,,,"4681953.82",,,,,,""
"2021-04-21","'3140K7ZG1'","MBS","UMBS MORTPASS 3% 01/50","30yr",,,,,"4680153.25",,,,,,""
"2021-04-21","'3133GA7J9'","MBS","UMBS MORTPASS 1.5% 12/35","15yr",,,,,"4680069.87",,,,,,""
"2021-04-21","'3140K9G94'","MBS","UMBS MORTPASS 3% 02/50","30yr",,,,,"4679149.35",,,,,,""
"2021-04-21","'3138XGTS2'","MBS","UMBS MORTPASS 3% 02/29","15yr",,,,,"4677637.39",,,,,,""
"2021-04-21","'3140QAKF6'","MBS","UMBS MORTPASS 4% 06/48","30yr",,,,,"4677626.86",,,,,,""
"2021-04-21","'3133GCF98'","MBS","UMBS MORTPASS 2% 03/36","15yr",,,,,"4675735",,,,,,""
"2021-04-21","'3138WVQC8'","MBS","UMBS MORTPASS 3% 06/28","15yr",,,,,"4673383.3",,,,,,""
"2021-04-21","'36202FDW3'","MBS","GNMA II 4.5% 01/40","30yr",,,,,"4673268.84",,,,,,""
"2021-04-21","'3140JNWH9'","MBS","UMBS MORTPASS 4% 05/49","30yr",,,,,"4671111.84",,,,,,""
"2021-04-21","'3140KMMM9'","MBS","UMBS MORTPASS 2.5% 09/50","30yr",,,,,"4669330.07",,,,,,""
"2021-04-21","'31335CJK1'","MBS","FHLMCGLD 6% 12/39","30yr",,,,,"4666764.59",,,,,,"Y"
"2021-04-21","'3133G8KV2'","MBS","UMBS MORTPASS 2% 04/35","15yr",,,,,"4666662.38",,,,,,""
"2021-04-21","'3138YVD55'","MBS","UMBS MORTPASS 3% 07/45","30yr",,,,,"4665919.18",,,,,,""
"2021-04-21","'3140JXDZ8'","MBS","UMBS MORTPASS 4% 08/49","30yr",,,,,"4664741.9",,,,,,""
"2021-04-21","'3140JJLS6'","MBS","UMBS MORTPASS 4% 11/48","30yr",,,,,"4663085.73",,,,,,""
"2021-04-21","'3133G74Z3'","MBS","UMBS MORTPASS 2.5% 03/35","15yr",,,,,"4659140.62",,,,,,""
"2021-04-21","'3140K9H36'","MBS","UMBS MORTPASS 3% 03/50","30yr",,,,,"4654504.88",,,,,,""
"2021-04-21","'3138W3L50'","MBS","UMBS MORTPASS 3% 02/43","30yr",,,,,"4653879.07",,,,,,""
"2021-04-21","'3140JL2W3'","MBS","UMBS MORTPASS 3.5% 03/49","30yr",,,,,"4651314.85",,,,,,""
"2021-04-21","'3140KVKQ2'","MBS","UMBS MORTPASS 1.5% 12/35","15yr",,,,,"4650121.95",,,,,,""
"2021-04-21","'3140L3BL4'","MBS","UMBS MORTPASS 2.5% 02/51","30yr",,,,,"4646624.55",,,,,,""
"2021-04-21","'3140JQZN6'","MBS","UMBS MORTPASS 4% 08/49","30yr",,,,,"4644001.52",,,,,,""
"2021-04-21","'3131X7FQ6'","MBS","UMBS MORTPASS 3% 12/26","15yr",,,,,"4639437.61",,,,,,""
"2021-04-21","'3140JN4E7'","MBS","UMBS MORTPASS 4.5% 03/49","30yr",,,,,"4638836.34",,,,,,""
"2021-04-21","'3133KHJH0'","MBS","UMBS MORTPASS 4.5% 01/50","30yr",,,,,"4633673.33",,,,,,""
"2021-04-21","'3140F2HU7'","MBS","UMBS MORTPASS 2% 05/31","15yr",,,,,"4629817.49",,,,,,""
"2021-04-21","'3140KYRM8'","MBS","UMBS MORTPASS 2% 03/36","15yr",,,,,"4626195.12",,,,,,""
"2021-04-21","'3140QDNN0'","MBS","UMBS MORTPASS 2.5% 12/34","15yr",,,,,"4625400.18",,,,,,""
"2021-04-21","'3133AGK24'","MBS","UMBS MORTPASS 1.5% 03/51","30yr",,,,,"4623829.84",,,,,,""
"2021-04-21","'3131X8HY5'","MBS","UMBS MORTPASS 2.5% 11/27","15yr",,,,,"4614079.71",,,,,,""
"2021-04-21","'3132A8XM6'","MBS","UMBS MORTPASS 2.5% 10/27","Other",,,,,"4612239.54",,,,,,""
"2021-04-21","'3128MDJ61'","MBS","FHLMCGLD 4% 10/26","15yr",,,,,"4611630.46",,,,,,""
"2021-04-21","'3133AE6W9'","MBS","UMBS MORTPASS 2% 01/51","30yr",,,,,"4611139.24",,,,,,""
"2021-04-21","'31418BZS8'","MBS","UMBS MORTPASS 2.5% 03/26","Other",,,,,"4609639.27",,,,,,""
"2021-04-21","'3133GCLS9'","MBS","UMBS MORTPASS 1.5% 03/36","15yr",,,,,"4607481",,,,,,""
"2021-04-21","'3140JYSY3'","MBS","UMBS MORTPASS 3.5% 08/49","30yr",,,,,"4605411.33",,,,,,""
"2021-04-21","'3140L0VQ7'","MBS","UMBS MORTPASS 2% 01/51","30yr",,,,,"4602918.3",,,,,,""
"2021-04-21","'3128MMYJ6'","MBS","FHLMCGLD 3% 11/33","15yr",,,,,"4602560.93",,,,,,""
"2021-04-21","'3140QBPQ5'","MBS","UMBS MORTPASS 4% 08/49","30yr",,,,,"4598625.66",,,,,,""
"2021-04-21","'31418CC36'","MBS","UMBS MORTPASS 2.5% 10/36","Other",,,,,"4597722.16",,,,,,""
"2021-04-21","'3131Y0Z70'","MBS","UMBS MORTPASS 4% 04/48","30yr",,,,,"4597683.33",,,,,,""
"2021-04-21","'31329P5V1'","MBS","UMBS MORTPASS 4% 01/49","30yr",,,,,"4593859.47",,,,,,""
"2021-04-21","'3140KAM60'","MBS","UMBS MORTPASS 2.5% 03/50","30yr",,,,,"4591177.35",,,,,,""
"2021-04-21","'31417EBS9'","MBS","UMBS MORTPASS 2.5% 12/27","15yr",,,,,"4590120.96",,,,,,""
"2021-04-21","'3140QCLD6'","MBS","UMBS MORTPASS 4% 12/49","30yr",,,,,"4588793.82",,,,,,""
"2021-04-21","'31418A6C7'","MBS","UMBS MORTPASS 2.5% 01/24","Other",,,,,"4587028.72",,,,,,""
"2021-04-21","'3133A3ZN1'","MBS","UMBS MORTPASS 3% 04/45","30yr",,,,,"4586990.32",,,,,,""
"2021-04-21","'3133G6ZL2'","MBS","UMBS MORTPASS 2.5% 10/34","15yr",,,,,"4586847.77",,,,,,""
"2021-04-21","'3140F2PD6'","MBS","UMBS MORTPASS 2.5% 05/31","15yr",,,,,"4584835.07",,,,,,""
"2021-04-21","'3133G6GH2'","MBS","UMBS MORTPASS 2.5% 07/34","15yr",,,,,"4575359.65",,,,,,""
"2021-04-21","'3132ADSM1'","MBS","UMBS MORTPASS 3% 11/28","Other",,,,,"4575308.62",,,,,,""
"2021-04-21","'3140JRAG6'","MBS","UMBS MORTPASS 3.5% 03/49","30yr",,,,,"4567411.09",,,,,,""
"2021-04-21","'3133A0AF1'","MBS","UMBS MORTPASS 3% 11/49","30yr",,,,,"4567408.18",,,,,,""
"2021-04-21","'31416AFC9'","MBS","UMBS MORTPASS 3.5% 05/39","30yr",,,,,"4566523.59",,,,,,""
"2021-04-21","'3140JJQK8'","MBS","UMBS MORTPASS 4% 02/49","30yr",,,,,"4562467.71",,,,,,""
"2021-04-21","'31334WF71'","MBS","UMBS MORTPASS 3% 06/49","30yr",,,,,"4558552.45",,,,,,""
"2021-04-21","'3140QARA0'","MBS","UMBS MORTPASS 4% 08/48","30yr",,,,,"4556474.34",,,,,,""
"2021-04-21","'3133A2ZF0'","MBS","UMBS MORTPASS 3% 03/50","30yr",,,,,"4555954.05",,,,,,""
"2021-04-21","'3140Q9CC5'","MBS","UMBS MORTPASS 3% 04/48","30yr",,,,,"4555242.33",,,,,,""
"2021-04-21","'3140KABV7'","MBS","UMBS MORTPASS 2% 05/35","15yr",,,,,"4554666.96",,,,,,""
"2021-04-21","'31334WPC9'","MBS","UMBS MORTPASS 4% 06/49","30yr",,,,,"4552984.54",,,,,,""
"2021-04-21","'3132JMKY4'","MBS","FHLMCGLD 3% 07/43","30yr",,,,,"4552644.42",,,,,,""
"2021-04-21","'3140L5HJ8'","MBS","UMBS MORTPASS 1.5% 04/36","15yr",,,,,"4551895",,,,,,""
"2021-04-21","'3131Y9XE8'","MBS","UMBS MORTPASS 4% 02/49","30yr",,,,,"4551594.61",,,,,,""
"2021-04-21","'3140JW6U9'","MBS","UMBS MORTPASS 3.5% 07/49","30yr",,,,,"4549280.72",,,,,,""
"2021-04-21","'3140H7YM3'","MBS","UMBS MORTPASS 4% 01/48","30yr",,,,,"4548100.91",,,,,,""
"2021-04-21","'3131Y2SU3'","MBS","UMBS MORTPASS 4% 08/48","30yr",,,,,"4544734.4",,,,,,""
"2021-04-21","'31418BED4'","MBS","UMBS MORTPASS 2.5% 06/24","Other",,,,,"4542649.42",,,,,,""
"2021-04-21","'3133KJE24'","MBS","UMBS MORTPASS 2.5% 06/50","30yr",,,,,"4541711.77",,,,,,""
"2021-04-21","'3140QDQ98'","MBS","UMBS MORTPASS 2.5% 12/49","30yr",,,,,"4538434.01",,,,,,""
"2021-04-21","'3133A3QC5'","MBS","UMBS MORTPASS 2.5% 03/50","30yr",,,,,"4534123.42",,,,,,""
"2021-04-21","'3140X72G3'","MBS","UMBS MORTPASS 2% 09/50","30yr",,,,,"4529447.98",,,,,,""
"2021-04-21","'3138MJWJ4'","MBS","UMBS MORTPASS 2.5% 11/27","15yr",,,,,"4526654.27",,,,,,""
"2021-04-21","'3140QDBE3'","MBS","UMBS MORTPASS 3% 03/50","30yr",,,,,"4524477.03",,,,,,""
"2021-04-21","'3131Y2US5'","MBS","UMBS MORTPASS 4.5% 08/48","30yr",,,,,"4522057.24",,,,,,""
"2021-04-21","'31418AHR2'","MBS","UMBS MORTPASS 2.5% 08/22","Other",,,,,"4521392.65",,,,,,""
"2021-04-21","'31418DJH6'","MBS","UMBS MORTPASS 2% 12/34","15yr",,,,,"4516706.26",,,,,,""
"2021-04-21","'31418DAD4'","MBS","UMBS MORTPASS 3% 02/49","30yr",,,,,"4515108.51",,,,,,""
"2021-04-21","'3140K0WQ7'","MBS","UMBS MORTPASS 3.5% 10/49","30yr",,,,,"4510847.62",,,,,,""
"2021-04-21","'3133A0GC2'","MBS","UMBS MORTPASS 3% 12/49","30yr",,,,,"4508291.51",,,,,,""
"2021-04-21","'3140F86D4'","MBS","UMBS MORTPASS 2.5% 07/31","15yr",,,,,"4507389.56",,,,,,""
"2021-04-21","'3140H6NH8'","MBS","UMBS MORTPASS 3% 03/33","15yr",,,,,"4504020.11",,,,,,""
"2021-04-21","'3133A2TG5'","MBS","UMBS MORTPASS 3% 03/50","30yr",,,,,"4503527.5",,,,,,""
"2021-04-21","'3140X6F30'","MBS","UMBS MORTPASS 3% 12/48","30yr",,,,,"4501836.48",,,,,,""
"2021-04-21","'31418DFG2'","MBS","UMBS MORTPASS 3% 09/29","Other",,,,,"4499039.81",,,,,,""
"2021-04-21","'31418CVZ4'","MBS","UMBS MORTPASS 3% 04/48","30yr",,,,,"4494976.56",,,,,,""
"2021-04-21","'3140K14E3'","MBS","UMBS MORTPASS 3% 12/49","30yr",,,,,"4492674.08",,,,,,""
"2021-04-21","'3131Y2PP7'","MBS","UMBS MORTPASS 4% 08/48","30yr",,,,,"4490766.63",,,,,,""
"2021-04-21","'3128MJXK1'","MBS","FHLMCGLD 3.5% 12/45","30yr",,,,,"4489431.65",,,,,,""
"2021-04-21","'3140H5N98'","MBS","UMBS MORTPASS 3.5% 02/48","30yr",,,,,"4484440.52",,,,,,""
"2021-04-21","'3140K75G4'","MBS","UMBS MORTPASS 2.5% 01/35","15yr",,,,,"4484172.43",,,,,,""
"2021-04-21","'3620A9PM7'","MBS","GNMA I MORTPASS 5% 10/39","30yr",,,,,"4483491.73",,,,,,""
"2021-04-21","'3133A0PZ1'","MBS","UMBS MORTPASS 3% 01/50","30yr",,,,,"4480084.05",,,,,,""
"2021-04-21","'3140J9VA6'","MBS","UMBS MORTPASS 3% 02/33","15yr",,,,,"4475540.14",,,,,,""
"2021-04-21","'3140JVEN8'","MBS","UMBS MORTPASS 3% 09/49","30yr",,,,,"4474464.94",,,,,,""
"2021-04-21","'3140HHEZ4'","MBS","UMBS MORTPASS 3% 05/33","15yr",,,,,"4471806.84",,,,,,""
"2021-04-21","'3140L4Z77'","MBS","UMBS MORTPASS 2% 03/51","30yr",,,,,"4469954.32",,,,,,""
"2021-04-21","'3133AG3Y3'","MBS","UMBS MORTPASS 2% 03/51","30yr",,,,,"4469107",,,,,,""
"2021-04-21","'3140KBKG8'","MBS","UMBS MORTPASS 2.5% 03/50","30yr",,,,,"4467933.02",,,,,,""
"2021-04-21","'3140X4TN6'","MBS","UMBS MORTPASS 2.5% 09/28","15yr",,,,,"4467259.22",,,,,,""
"2021-04-21","'36202FUF1'","MBS","GNMA II 4.5% 06/41","30yr",,,,,"4464399.81",,,,,,""
"2021-04-21","'3133A1HX3'","MBS","UMBS MORTPASS 3% 02/50","30yr",,,,,"4460210.05",,,,,,""
"2021-04-21","'3140K2UN2'","MBS","UMBS MORTPASS 3.5% 10/49","30yr",,,,,"4457689.44",,,,,,""
"2021-04-21","'31329PMJ9'","MBS","UMBS MORTPASS 4% 11/48","30yr",,,,,"4454465.03",,,,,,""
"2021-04-21","'3140Q92A0'","MBS","UMBS MORTPASS 3% 10/28","Other",,,,,"4450318.99",,,,,,""
"2021-04-21","'36179NDP0'","MBS","GNMA II 2.5% 05/43","30yr",,,,,"4443621.68",,,,,,""
"2021-04-21","'3133A3UX4'","MBS","UMBS MORTPASS 3% 04/50","30yr",,,,,"4443168.63",,,,,,""
"2021-04-21","'3131Y03P5'","MBS","UMBS MORTPASS 4% 04/48","30yr",,,,,"4440031.09",,,,,,""
"2021-04-21","'3140KEW38'","MBS","UMBS MORTPASS 3% 05/50","30yr",,,,,"4436698.98",,,,,,""
"2021-04-21","'3140K2CW2'","MBS","UMBS MORTPASS 3% 01/50","30yr",,,,,"4436644.86",,,,,,""
"2021-04-21","'3132A7SA0'","MBS","UMBS MORTPASS 2.5% 10/23","Other",,,,,"4436120.37",,,,,,""
"2021-04-21","'3140Q8F42'","MBS","UMBS MORTPASS 2.5% 02/33","15yr",,,,,"4435370.34",,,,,,""
"2021-04-21","'3138X6M36'","MBS","UMBS MORTPASS 2.5% 09/28","15yr",,,,,"4434659.53",,,,,,""
"2021-04-21","'3128MJ6N5'","MBS","FHLMCGLD 3.5% 05/49","30yr",,,,,"4432362.19",,,,,,""
"2021-04-21","'3140KCNU2'","MBS","UMBS MORTPASS 2.5% 07/50","30yr",,,,,"4424651.01",,,,,,""
"2021-04-21","'3140X4RS7'","MBS","UMBS MORTPASS 3% 07/30","15yr",,,,,"4423575.05",,,,,,""
"2021-04-21","'3138WS5L8'","MBS","UMBS MORTPASS 3% 05/43","30yr",,,,,"4423234.52",,,,,,""
"2021-04-21","'3140EXA45'","MBS","UMBS MORTPASS 2.5% 05/31","15yr",,,,,"4418652.97",,,,,,""
"2021-04-21","'31417CWP6'","MBS","UMBS MORTPASS 2.5% 09/27","15yr",,,,,"4413109.39",,,,,,""
"2021-04-21","'31334WT43'","MBS","UMBS MORTPASS 3.5% 06/49","30yr",,,,,"4412486.76",,,,,,""
"2021-04-21","'31329N2C1'","MBS","UMBS MORTPASS 3.5% 03/48","30yr",,,,,"4409869.96",,,,,,""
"2021-04-21","'3133A1QQ8'","MBS","UMBS MORTPASS 3% 02/50","30yr",,,,,"4409519.73",,,,,,""
"2021-04-21","'3138LRMY5'","MBS","UMBS MORTPASS 3% 05/43","30yr",,,,,"4408885.97",,,,,,""
"2021-04-21","'3140EU4Q9'","MBS","UMBS MORTPASS 3% 04/46","30yr",,,,,"4403318.1",,,,,,""
"2021-04-21","'3133D3EN1'","MBS","UMBS MORTPASS 2.5% 12/39","Other",,,,,"4403315.98",,,,,,""
"2021-04-21","'31418BFK7'","MBS","UMBS MORTPASS 2.5% 07/24","Other",,,,,"4400388.7",,,,,,""
"2021-04-21","'3132L9GH2'","MBS","FHLMCGLD 3% 12/47","30yr",,,,,"4399651.47",,,,,,""
"2021-04-21","'3140KRXT1'","MBS","UMBS MORTPASS 2.5% 10/50","30yr",,,,,"4397302.65",,,,,,""
"2021-04-21","'36202FVL7'","MBS","GNMA II 3.5% 07/41","30yr",,,,,"4394982.61",,,,,,""
"2021-04-21","'3140HEKV3'","MBS","UMBS MORTPASS 3.5% 02/48","30yr",,,,,"4394836.88",,,,,,""
"2021-04-21","'31307F4Q1'","MBS","FHLMCGLD 3% 01/29","15yr",,,,,"4393922.03",,,,,,""
"2021-04-21","'3138WWN54'","MBS","UMBS MORTPASS 2.5% 08/28","15yr",,,,,"4390802.29",,,,,,""
"2021-04-21","'3128MDVQ3'","MBS","FHLMCGLD 3% 10/23","15yr",,,,,"4390252.05",,,,,,""
"2021-04-21","'3131X65A4'","MBS","UMBS MORTPASS 3% 09/26","15yr",,,,,"4386100.12",,,,,,""
"2021-04-21","'3140K1BL9'","MBS","UMBS MORTPASS 2.5% 11/49","30yr",,,,,"4382915.84",,,,,,""
"2021-04-21","'36179UH47'","MBS","GNMA II MORTPASS 4% 12/48","30yr",,,,,"4382301.58",,,,,,""
"2021-04-21","'3140H6CN7'","MBS","UMBS MORTPASS 3% 01/33","15yr",,,,,"4376059.13",,,,,,""
"2021-04-21","'3133GBNS9'","MBS","UMBS MORTPASS 2% 12/35","15yr",,,,,"4375313.76",,,,,,""
"2021-04-21","'3140KRNF2'","MBS","UMBS MORTPASS 2% 11/35","15yr",,,,,"4372877.19",,,,,,""
"2021-04-21","'3140HFQ93'","MBS","UMBS MORTPASS 3% 03/45","30yr",,,,,"4370581.82",,,,,,""
"2021-04-21","'31418C5V2'","MBS","UMBS MORTPASS 3.5% 01/34","15yr",,,,,"4368202.02",,,,,,""
"2021-04-21","'36202E4F3'","MBS","GNMA II MORTPASS 4% 04/39","30yr",,,,,"4366311.01",,,,,,""
"2021-04-21","'3131Y9AD5'","MBS","UMBS MORTPASS 4% 01/49","30yr",,,,,"4357398.3",,,,,,""
"2021-04-21","'3133AGLH0'","MBS","UMBS MORTPASS 2% 03/51","30yr",,,,,"4357353.48",,,,,,""
"2021-04-21","'3132A9RN9'","MBS","UMBS MORTPASS 2.5% 01/31","15yr",,,,,"4355508.71",,,,,,""
"2021-04-21","'3140JGVY8'","MBS","UMBS MORTPASS 4% 09/48","30yr",,,,,"4355338.82",,,,,,""
"2021-04-21","'3133A2M23'","MBS","UMBS MORTPASS 3% 03/50","30yr",,,,,"4354735.07",,,,,,""
"2021-04-21","'3622A2CF7'","MBS","GNMA II MORTPASS 3% 09/42","30yr",,,,,"4352394.17",,,,,,""
"2021-04-21","'3132A9M79'","MBS","UMBS MORTPASS 2% 03/28","15yr",,,,,"4350344.82",,,,,,""
"2021-04-21","'3140H2GK8'","MBS","UMBS MORTPASS 3.5% 10/47","30yr",,,,,"4347397.34",,,,,,""
"2021-04-21","'3132DV4Y8'","MBS","UMBS MORTPASS 4% 01/50","30yr",,,,,"4346714.91",,,,,,""
"2021-04-21","'3132A5J97'","MBS","UMBS MORTPASS 3% 09/48","30yr",,,,,"4343661.78",,,,,,""
"2021-04-21","'3132WKGK8'","MBS","FHLMCGLD 3% 01/47","30yr",,,,,"4342576.63",,,,,,""
"2021-04-21","'3140X6UV1'","MBS","UMBS MORTPASS 2% 12/32","15yr",,,,,"4337121.76",,,,,,""
"2021-04-21","'3140QBY69'","MBS","UMBS MORTPASS 2% 10/49","30yr",,,,,"4336955.33",,,,,,""
"2021-04-21","'3140KU6N7'","MBS","UMBS MORTPASS 2% 12/35","15yr",,,,,"4334673.89",,,,,,""
"2021-04-21","'3138ELFW8'","MBS","UMBS MORTPASS 3% 06/28","15yr",,,,,"4333955.21",,,,,,""
"2021-04-21","'3140HA2V1'","MBS","UMBS MORTPASS 3.5% 03/48","30yr",,,,,"4330003.52",,,,,,""
"2021-04-21","'3138E4X63'","MBS","UMBS MORTPASS 3% 02/27","15yr",,,,,"4329041.65",,,,,,""
"2021-04-21","'3140K84V0'","MBS","UMBS MORTPASS 2% 01/51","30yr",,,,,"4326862.18",,,,,,""
"2021-04-21","'3133AFP21'","MBS","UMBS MORTPASS 2% 02/51","30yr",,,,,"4326388.97",,,,,,""
"2021-04-21","'31307UP44'","MBS","FHLMCGLD 2.5% 09/32","15yr",,,,,"4323100.05",,,,,,""
"2021-04-21","'36179UB92'","MBS","GNMA II MORTPASS 3% 09/48","30yr",,,,,"4319617.1",,,,,,""
"2021-04-21","'31418CQD9'","MBS","UMBS MORTPASS 3% 10/37","Other",,,,,"4312945.35",,,,,,""
"2021-04-21","'3133KGKJ6'","MBS","UMBS MORTPASS 4% 08/49","30yr",,,,,"4311854.46",,,,,,""
"2021-04-21","'3138MD2J0'","MBS","UMBS MORTPASS 2.5% 10/27","15yr",,,,,"4309419.25",,,,,,""
"2021-04-21","'3140X7VZ9'","MBS","UMBS MORTPASS 2.5% 09/50","30yr",,,,,"4308908.96",,,,,,""
"2021-04-21","'3140QDW67'","MBS","UMBS MORTPASS 2% 06/50","30yr",,,,,"4304964.75",,,,,,""
"2021-04-21","'3140JHFH1'","MBS","UMBS MORTPASS 4.5% 11/48","30yr",,,,,"4304600.76",,,,,,""
"2021-04-21","'3140KKHQ0'","MBS","UMBS MORTPASS 2.5% 08/50","30yr",,,,,"4302045.48",,,,,,""
"2021-04-21","'3140HJJS1'","MBS","UMBS MORTPASS 4% 08/48","30yr",,,,,"4298931.99",,,,,,""
"2021-04-21","'31418CLH5'","MBS","UMBS MORTPASS 4% 06/47","30yr",,,,,"4297597.63",,,,,,""
"2021-04-21","'3140H7HN0'","MBS","UMBS MORTPASS 3.5% 02/48","30yr",,,,,"4295819.8",,,,,,""
"2021-04-21","'3132KE3C7'","MBS","FHLMCGLD 2.5% 05/30","15yr",,,,,"4294694.68",,,,,,""
"2021-04-21","'3132J9YL6'","MBS","FHLMCGLD 3% 05/43","30yr",,,,,"4294262.23",,,,,,""
"2021-04-21","'3140HEKX9'","MBS","UMBS MORTPASS 3% 02/33","15yr",,,,,"4293863.52",,,,,,""
"2021-04-21","'3140JVLH3'","MBS","UMBS MORTPASS 3.5% 06/49","30yr",,,,,"4291948.64",,,,,,""
"2021-04-21","'3140K8BB6'","MBS","UMBS MORTPASS 2.5% 03/50","30yr",,,,,"4291059.51",,,,,,""
"2021-04-21","'31307NPJ7'","MBS","FHLMCGLD 2.5% 07/30","15yr",,,,,"4288555.99",,,,,,""
"2021-04-21","'3132DV6V2'","MBS","UMBS MORTPASS 3% 08/50","30yr",,,,,"4288098.54",,,,,,""
"2021-04-21","'3132D54J8'","MBS","UMBS MORTPASS 2% 11/34","15yr",,,,,"4286860.53",,,,,,""
"2021-04-21","'3128MJWU0'","MBS","FHLMCGLD 3% 08/45","30yr",,,,,"4284991.72",,,,,,""
"2021-04-21","'36297GMA5'","MBS","GNMA I 4.5% 09/39","30yr",,,,,"4284279.56",,,,,,""
"2021-04-21","'36180KJL6'","MBS","GNMA I MORTPASS 3% 04/43","30yr",,,,,"4283463.95",,,,,,""
"2021-04-21","'31307LY51'","MBS","FHLMCGLD 2.5% 02/30","15yr",,,,,"4279724.08",,,,,,""
"2021-04-21","'3140KGRL9'","MBS","UMBS MORTPASS 2% 06/35","15yr",,,,,"4279410.37",,,,,,""
"2021-04-21","'3140L43N7'","MBS","UMBS MORTPASS 1.5% 03/36","15yr",,,,,"4278262",,,,,,""
"2021-04-21","'3140JGV85'","MBS","UMBS MORTPASS 4.5% 09/48","30yr",,,,,"4275819.21",,,,,,""
"2021-04-21","'3138YJE77'","MBS","UMBS MORTPASS 3.5% 08/46","30yr",,,,,"4269613.66",,,,,,""
"2021-04-21","'3140HGAE7'","MBS","UMBS MORTPASS 2.5% 06/50","30yr",,,,,"4262505.98",,,,,,""
"2021-04-21","'31417BFP7'","MBS","UMBS MORTPASS 3% 03/27","15yr",,,,,"4261826.58",,,,,,""
"2021-04-21","'3140K8MZ1'","MBS","UMBS MORTPASS 3% 02/50","30yr",,,,,"4258387.9",,,,,,""
"2021-04-21","'3133A2AE0'","MBS","UMBS 3.5%","30yr",,,,,"4255544.66",,,,,,""
"2021-04-21","'31329LE57'","MBS","UMBS MORTPASS 2.5% 10/27","15yr",,,,,"4252912.66",,,,,,""
"2021-04-21","'3140HNNW8'","MBS","UMBS MORTPASS 1.5% 01/51","30yr",,,,,"4251482.46",,,,,,""
"2021-04-21","'3140KRNE5'","MBS","UMBS MORTPASS 2% 11/35","15yr",,,,,"4250094.28",,,,,,""
"2021-04-21","'3138WJU63'","MBS","UMBS MORTPASS 2% 02/32","15yr",,,,,"4249403.58",,,,,,""
"2021-04-21","'3133G9JT7'","MBS","UMBS MORTPASS 2% 08/35","15yr",,,,,"4247613.89",,,,,,""
"2021-04-21","'3140HNUX8'","MBS","UMBS MORTPASS 4% 07/48","30yr",,,,,"4247013.94",,,,,,""
"2021-04-21","'3138EMZY0'","MBS","UMBS MORTPASS 3.5% 04/29","15yr",,,,,"4245147.07",,,,,,""
"2021-04-21","'3140KRZ51'","MBS","UMBS MORTPASS 2% 11/50","30yr",,,,,"4240672.97",,,,,,""
"2021-04-21","'3140HN4W9'","MBS","UMBS MORTPASS 4% 09/48","30yr",,,,,"4240196.54",,,,,,""
"2021-04-21","'3140JYPG5'","MBS","UMBS MORTPASS 2.5% 09/34","15yr",,,,,"4238901.66",,,,,,""
"2021-04-21","'3138MLRS5'","MBS","UMBS MORTPASS 2.5% 12/27","15yr",,,,,"4236774.2",,,,,,""
"2021-04-21","'3133G6EJ0'","MBS","UMBS MORTPASS 3% 07/34","15yr",,,,,"4235427.05",,,,,,""
"2021-04-21","'3140K5Q59'","MBS","UMBS MORTPASS 3% 12/49","30yr",,,,,"4229420.08",,,,,,""
"2021-04-21","'3133G9AE9'","MBS","UMBS MORTPASS 2% 07/35","15yr",,,,,"4227776.14",,,,,,""
"2021-04-21","'3140KCXF4'","MBS","UMBS MORTPASS 3% 04/50","30yr",,,,,"4221581.08",,,,,,""
"2021-04-21","'3140FHXP7'","MBS","UMBS MORTPASS 3% 12/46","30yr",,,,,"4221106.58",,,,,,""
"2021-04-21","'3133A4FC5'","MBS","UMBS MORTPASS 3% 04/50","30yr",,,,,"4216739.58",,,,,,""
"2021-04-21","'3138WQCF7'","MBS","UMBS MORTPASS 2% 05/28","15yr",,,,,"4216164.05",,,,,,""
"2021-04-21","'3131XY4R7'","MBS","UMBS MORTPASS 3% 01/48","30yr",,,,,"4212804.02",,,,,,""
"2021-04-21","'31418CMJ0'","MBS","UMBS MORTPASS 3% 07/32","15yr",,,,,"4211719.21",,,,,,""
"2021-04-21","'3138WDVD0'","MBS","UMBS MORTPASS 3% 01/25","Other",,,,,"4210889.99",,,,,,""
"2021-04-21","'3138YXQA6'","MBS","UMBS MORTPASS 3% 07/45","30yr",,,,,"4208999.74",,,,,,""
"2021-04-21","'3140JYXT8'","MBS","UMBS MORTPASS 3% 10/49","30yr",,,,,"4207938.97",,,,,,""
"2021-04-21","'3138WEE88'","MBS","UMBS MORTPASS 2.5% 03/30","15yr",,,,,"4207424.94",,,,,,""
"2021-04-21","'3128MMW25'","MBS","FHLMCGLD 3.5% 10/32","15yr",,,,,"4203052.04",,,,,,""
"2021-04-21","'3133L7R66'","MBS","UMBS MORTPASS 3% 01/33","15yr",,,,,"4200947.68",,,,,,""
"2021-04-21","'3140K83S8'","MBS","UMBS MORTPASS 2.5% 06/50","30yr",,,,,"4198712.46",,,,,,""
"2021-04-21","'3140KUX64'","MBS","UMBS MORTPASS 1.5% 11/35","15yr",,,,,"4197786.57",,,,,,""
"2021-04-21","'3140L3C74'","MBS","UMBS MORTPASS 1.5% 04/36","15yr",,,,,"4197724",,,,,,""
"2021-04-21","'3131X82S4'","MBS","UMBS MORTPASS 2.5% 04/28","15yr",,,,,"4196543.8",,,,,,""
"2021-04-21","'3133ABXN5'","MBS","UMBS MORTPASS 2.5% 10/50","30yr",,,,,"4193102.11",,,,,,""
"2021-04-21","'3131Y3Q74'","MBS","UMBS MORTPASS 4% 10/48","30yr",,,,,"4189084.42",,,,,,""
"2021-04-21","'3132A9NA1'","MBS","UMBS MORTPASS 2% 04/28","15yr",,,,,"4188914.01",,,,,,""
"2021-04-21","'3133G6L60'","MBS","UMBS MORTPASS 3% 08/34","15yr",,,,,"4188669.53",,,,,,""
"2021-04-21","'3140L3L90'","MBS","UMBS MORTPASS 2.5% 02/51","30yr",,,,,"4187684.45",,,,,,""
"2021-04-21","'3140QDSM7'","MBS","UMBS MORTPASS 3% 05/35","15yr",,,,,"4187055.65",,,,,,""
"2021-04-21","'3133A3K80'","MBS","UMBS MORTPASS 2.5% 04/50","30yr",,,,,"4186383.07",,,,,,""
"2021-04-21","'3132QP5E0'","MBS","FHLMCGLD 3% 05/45","30yr",,,,,"4184732.5",,,,,,""
"2021-04-21","'31417FZ43'","MBS","UMBS MORTPASS 2.5% 04/28","15yr",,,,,"4180903.04",,,,,,""
"2021-04-21","'3140H5YZ8'","MBS","UMBS MORTPASS 3% 01/33","15yr",,,,,"4180725.27",,,,,,""
"2021-04-21","'3132A8NP0'","MBS","UMBS MORTPASS 3% 10/30","15yr",,,,,"4180607.71",,,,,,""
"2021-04-21","'3140JL2Z6'","MBS","UMBS MORTPASS 3% 03/49","30yr",,,,,"4179477.22",,,,,,""
"2021-04-21","'3138WNVZ9'","MBS","UMBS MORTPASS 2.5% 05/28","15yr",,,,,"4178526.04",,,,,,""
"2021-04-21","'31307WMW1'","MBS","FHLMCGLD 3.5% 08/33","15yr",,,,,"4177522.24",,,,,,""
"2021-04-21","'3133KHJQ0'","MBS","UMBS MORTPASS 3.5% 11/48","30yr",,,,,"4175081.93",,,,,,""
"2021-04-21","'3132KEZK4'","MBS","FHLMCGLD 2.5% 03/30","15yr",,,,,"4174713.49",,,,,,""
"2021-04-21","'3132J77A4'","MBS","FHLMCGLD 3.5% 03/43","30yr",,,,,"4173608.72",,,,,,""
"2021-04-21","'3140JR5V9'","MBS","UMBS MORTPASS 3.5% 04/49","30yr",,,,,"4170743.98",,,,,,""
"2021-04-21","'3140KGRD7'","MBS","UMBS MORTPASS 2.5% 05/50","30yr",,,,,"4167363.29",,,,,,""
"2021-04-21","'36179UMJ8'","MBS","GNMA II MORTPASS 3% 02/49","30yr",,,,,"4164731.68",,,,,,""
"2021-04-21","'3620AASL3'","MBS","GNMA I 4.5% 08/39","30yr",,,,,"4162064.63",,,,,,""
"2021-04-21","'3140EW4T9'","MBS","UMBS MORTPASS 2.5% 11/31","15yr",,,,,"4160718.44",,,,,,""
"2021-04-21","'3138WH2W1'","MBS","UMBS MORTPASS 2.5% 04/31","15yr",,,,,"4159719.84",,,,,,""
"2021-04-21","'3138LVE66'","MBS","UMBS MORTPASS 2.5% 10/27","15yr",,,,,"4159196.12",,,,,,""
"2021-04-21","'3140JNYY0'","MBS","UMBS MORTPASS 4.5% 02/49","30yr",,,,,"4157466.85",,,,,,""
"2021-04-21","'3140QBWV6'","MBS","UMBS MORTPASS 2.5% 09/34","15yr",,,,,"4155978.97",,,,,,""
"2021-04-21","'3140KVSC5'","MBS","UMBS MORTPASS 1.5% 12/50","30yr",,,,,"4155605.09",,,,,,""
"2021-04-21","'3131X8SD9'","MBS","UMBS MORTPASS 2% 02/28","15yr",,,,,"4154289.42",,,,,,""
"2021-04-21","'3140JGTQ8'","MBS","UMBS MORTPASS 4% 10/48","30yr",,,,,"4153900.21",,,,,,""
"2021-04-21","'3140L3CG4'","MBS","UMBS MORTPASS 2% 02/51","30yr",,,,,"4153533.6",,,,,,""
"2021-04-21","'3128M5KV1'","MBS","FHLMCGLD 6% 08/37","30yr",,,,,"4150352.5",,,,,,""
"2021-04-21","'3140L1FJ9'","MBS","UMBS MORTPASS 2% 01/51","30yr",,,,,"4147945.72",,,,,,""
"2021-04-21","'3140HFRR2'","MBS","UMBS MORTPASS 3% 04/50","30yr",,,,,"4147870.5",,,,,,""
"2021-04-21","'3138ETC61'","MBS","UMBS MORTPASS 2.5% 03/29","15yr",,,,,"4147576.34",,,,,,""
"2021-04-21","'31418BF35'","MBS","UMBS MORTPASS 2.5% 08/24","Other",,,,,"4144168.63",,,,,,""
"2021-04-21","'31334XHH5'","MBS","UMBS MORTPASS 3.5% 07/49","30yr",,,,,"4143901.18",,,,,,""
"2021-04-21","'3132XUZ24'","MBS","FHLMCGLD 3% 12/47","30yr",,,,,"4142105.44",,,,,,""
"2021-04-21","'3138LX4V8'","MBS","UMBS MORTPASS 3% 07/32","Other",,,,,"4141820.21",,,,,,""
"2021-04-21","'3131X8NT9'","MBS","UMBS MORTPASS 2.5% 01/28","15yr",,,,,"4139433.81",,,,,,""
"2021-04-21","'3133AECB8'","MBS","UMBS MORTPASS 2.5% 12/50","30yr",,,,,"4139081.84",,,,,,""
"2021-04-21","'3140HKFJ2'","MBS","UMBS MORTPASS 2% 09/50","30yr",,,,,"4136029.09",,,,,,""
"2021-04-21","'31329Q5A5'","MBS","UMBS MORTPASS 3% 06/49","30yr",,,,,"4136013.02",,,,,,""
"2021-04-21","'3140GN2B8'","MBS","UMBS MORTPASS 3% 12/49","30yr",,,,,"4134578.45",,,,,,""
"2021-04-21","'3138WFBN5'","MBS","UMBS MORTPASS 3% 07/45","30yr",,,,,"4133050.14",,,,,,""
"2021-04-21","'3140K7GT4'","MBS","UMBS MORTPASS 3% 02/50","30yr",,,,,"4131178.71",,,,,,""
"2021-04-21","'36178D7H8'","MBS","GNMA I MORTPASS 3% 04/43","30yr",,,,,"4130135.26",,,,,,""
"2021-04-21","'36176EME8'","MBS","GNMA I 3.5% 07/43","30yr",,,,,"4130067.7",,,,,,""
"2021-04-21","'3132J9TQ1'","MBS","FHLMCGLD 3% 05/43","30yr",,,,,"4126114.53",,,,,,""
"2021-04-21","'3132A9NL7'","MBS","UMBS MORTPASS 2.5% 08/28","15yr",,,,,"4125331.35",,,,,,""
"2021-04-21","'31418CAQ7'","MBS","UMBS MORTPASS 2% 08/31","15yr",,,,,"4121534.09",,,,,,""
"2021-04-21","'3131XAJ28'","MBS","UMBS MORTPASS 3% 04/29","15yr",,,,,"4120366.09",,,,,,""
"2021-04-21","'3133AANX6'","MBS","UMBS MORTPASS 2% 10/50","30yr",,,,,"4119043.79",,,,,,""
"2021-04-21","'31334WYJ4'","MBS","UMBS MORTPASS 3% 06/49","30yr",,,,,"4118312.76",,,,,,""
"2021-04-21","'3133A84E4'","MBS","UMBS MORTPASS 2% 08/50","30yr",,,,,"4116039.61",,,,,,""
"2021-04-21","'3140KS2J5'","MBS","UMBS MORTPASS 2.5% 10/50","30yr",,,,,"4114949.6",,,,,,""
"2021-04-21","'3133KHNU6'","MBS","UMBS MORTPASS 3.5% 11/49","30yr",,,,,"4114328.94",,,,,,""
"2021-04-21","'3133A8H59'","MBS","UMBS MORTPASS 2.5% 08/50","30yr",,,,,"4113953.91",,,,,,""
"2021-04-21","'3140KCSJ2'","MBS","UMBS MORTPASS 2.5% 05/45","30yr",,,,,"4112259.21",,,,,,""
"2021-04-21","'3140KAN36'","MBS","UMBS MORTPASS 2.5% 03/50","30yr",,,,,"4111873.58",,,,,,""
"2021-04-21","'3133A43P9'","MBS","UMBS MORTPASS 3% 05/50","30yr",,,,,"4110107.07",,,,,,""
"2021-04-21","'3140JX4R6'","MBS","UMBS MORTPASS 3% 12/49","30yr",,,,,"4106534.45",,,,,,""
"2021-04-21","'3140HNNY4'","MBS","UMBS MORTPASS 2% 12/50","30yr",,,,,"4105515.5",,,,,,""
"2021-04-21","'31418DHJ4'","MBS","UMBS MORTPASS 3.5% 11/39","Other",,,,,"4104546.87",,,,,,""
"2021-04-21","'3140GV2D6'","MBS","UMBS MORTPASS 4.5% 12/47","30yr",,,,,"4103464.92",,,,,,""
"2021-04-21","'31418BN28'","MBS","UMBS MORTPASS 2.5% 03/25","Other",,,,,"4099690.86",,,,,,""
"2021-04-21","'3133AFRF0'","MBS","UMBS MORTPASS 2% 01/51","30yr",,,,,"4099178.63",,,,,,""
"2021-04-21","'3140JART7'","MBS","UMBS MORTPASS 3.5% 05/48","30yr",,,,,"4098443.61",,,,,,""
"2021-04-21","'31418DA69'","MBS","UMBS MORTPASS 2.5% 03/34","15yr",,,,,"4096693.12",,,,,,""
"2021-04-21","'31368HMY6'","MBS","UMBS MORTPASS 5.5% 11/36","30yr",,,,,"4096290.29",,,,,,""
"2021-04-21","'3140QDQH0'","MBS","UMBS MORTPASS 4% 05/49","30yr",,,,,"4093011.02",,,,,,""
"2021-04-21","'3140K84M0'","MBS","UMBS MORTPASS 2% 10/50","30yr",,,,,"4087554.3",,,,,,""
"2021-04-21","'3131Y9DK6'","MBS","UMBS MORTPASS 4.5% 01/49","30yr",,,,,"4084833.72",,,,,,""
"2021-04-21","'3140FG6M6'","MBS","UMBS MORTPASS 3% 11/31","15yr",,,,,"4084424.69",,,,,,""
"2021-04-21","'3133A6UZ2'","MBS","UMBS MORTPASS 2.5% 06/50","30yr",,,,,"4081553.77",,,,,,""
"2021-04-21","'31307VHN9'","MBS","FHLMCGLD 3% 01/33","15yr",,,,,"4071956.84",,,,,,""
"2021-04-21","'3140JYRM0'","MBS","UMBS MORTPASS 2.5% 12/34","15yr",,,,,"4070434.72",,,,,,""
"2021-04-21","'3132A9MS3'","MBS","UMBS MORTPASS 2.5% 08/27","15yr",,,,,"4069698.94",,,,,,""
"2021-04-21","'3140X4K96'","MBS","UMBS MORTPASS 4% 07/49","30yr",,,,,"4069595.2",,,,,,""
"2021-04-21","'3132CJAH6'","MBS","UMBS MORTPASS 2.5% 09/29","Other",,,,,"4068249.08",,,,,,""
"2021-04-21","'3140QHEJ0'","MBS","UMBS MORTPASS 1.5% 02/36","15yr",,,,,"4067937.93",,,,,,""
"2021-04-21","'3140HNKR2'","MBS","UMBS MORTPASS 1.5% 12/50","30yr",,,,,"4065574.47",,,,,,""
"2021-04-21","'3133GBX82'","MBS","UMBS MORTPASS 2% 02/36","15yr",,,,,"4058646.86",,,,,,""
"2021-04-21","'3140HK3A4'","MBS","UMBS MORTPASS 4% 11/48","30yr",,,,,"4057486.84",,,,,,""
"2021-04-21","'3140K8RB9'","MBS","UMBS MORTPASS 2.5% 03/50","30yr",,,,,"4056772.19",,,,,,""
"2021-04-21","'3132QLU50'","MBS","FHLMCGLD 3.5% 01/45","30yr",,,,,"4056653.79",,,,,,""
"2021-04-21","'3132CWAY0'","MBS","UMBS MORTPASS 3% 10/33","15yr",,,,,"4053591.5",,,,,,""
"2021-04-21","'3133G7GY3'","MBS","UMBS MORTPASS 3% 12/34","15yr",,,,,"4051946.38",,,,,,""
"2021-04-21","'3620A8GE7'","MBS","GNMA I 4.5% 12/39","30yr",,,,,"4049903.83",,,,,,""
"2021-04-21","'3133A2WT3'","MBS","UMBS MORTPASS 3% 03/50","30yr",,,,,"4049564.2",,,,,,""
"2021-04-21","'3140K3HD7'","MBS","UMBS MORTPASS 3% 11/49","30yr",,,,,"4045249.04",,,,,,""
"2021-04-21","'3133KHBF2'","MBS","UMBS MORTPASS 3.5% 08/49","30yr",,,,,"4045104.13",,,,,,""
"2021-04-21","'36296WA63'","MBS","GNMA I MORTPASS 4% 06/39","30yr",,,,,"4040763.21",,,,,,""
"2021-04-21","'31329QWR8'","MBS","UMBS MORTPASS 3% 01/48","30yr",,,,,"4036694",,,,,,""
"2021-04-21","'3140QBE46'","MBS","UMBS MORTPASS 3% 06/34","15yr",,,,,"4035433.64",,,,,,""
"2021-04-21","'31346YXW8'","MBS","UMBS MORTPASS 3% 12/49","30yr",,,,,"4031724.75",,,,,,""
"2021-04-21","'3133AJCN1'","MBS","UMBS MORTPASS 2% 02/51","30yr",,,,,"4029511.66",,,,,,""
"2021-04-21","'3140JLZR8'","MBS","UMBS MORTPASS 3.5% 02/49","30yr",,,,,"4026743.67",,,,,,""
"2021-04-21","'3140L25E9'","MBS","UMBS MORTPASS 2% 03/51","30yr",,,,,"4026735.19",,,,,,""
"2021-04-21","'3140L5HG4'","MBS","UMBS MORTPASS 1.5% 03/36","15yr",,,,,"4024009",,,,,,""
"2021-04-21","'31418A4F2'","MBS","UMBS MORTPASS 2.5% 12/23","Other",,,,,"4020596.09",,,,,,""
"2021-04-21","'3132A9QM2'","MBS","UMBS MORTPASS 2% 03/30","15yr",,,,,"4020536.58",,,,,,""
"2021-04-21","'3133AESR6'","MBS","UMBS MORTPASS 1.5% 01/51","30yr",,,,,"4019385.09",,,,,,""
"2021-04-21","'3132L6GK1'","MBS","FHLMCGLD 4% 04/44","30yr",,,,,"4018777.05",,,,,,""
"2021-04-21","'31418DLK6'","MBS","UMBS MORTPASS 3% 02/30","Other",,,,,"4015693.69",,,,,,""
"2021-04-21","'3140X5KH5'","MBS","UMBS MORTPASS 3% 01/50","30yr",,,,,"4015573.38",,,,,,""
"2021-04-21","'3138W5ME5'","MBS","UMBS MORTPASS 3% 03/43","30yr",,,,,"4013881.39",,,,,,""
"2021-04-21","'3140EW3Y9'","MBS","UMBS MORTPASS 3% 10/46","30yr",,,,,"4013715.25",,,,,,""
"2021-04-21","'3132A9MW4'","MBS","UMBS MORTPASS 2% 11/27","15yr",,,,,"4007571.66",,,,,,""
"2021-04-21","'3133GCAD4'","MBS","UMBS MORTPASS 1.5% 02/36","15yr",,,,,"4007204.48",,,,,,""
"2021-04-21","'3140JHMH3'","MBS","UMBS MORTPASS 4% 10/48","30yr",,,,,"4005991.44",,,,,,""
"2021-04-21","'36296UGZ7'","MBS","GNMA I 4.5% 04/39","30yr",,,,,"4004747.26",,,,,,""
"2021-04-21","'3140KEZH4'","MBS","UMBS MORTPASS 2% 08/50","30yr",,,,,"4003670.32",,,,,,""
"2021-04-21","'3133A2M80'","MBS","UMBS MORTPASS 3% 03/50","30yr",,,,,"4001830.52",,,,,,""
"2021-04-21","'3140F1SM5'","MBS","UMBS MORTPASS 2.5% 05/31","15yr",,,,,"4000908.99",,,,,,""
"2021-04-21","'31417B5S2'","MBS","UMBS MORTPASS 2.5% 06/27","15yr",,,,,"4000459.74",,,,,,""
"2021-04-21","'3140KUM74'","MBS","UMBS MORTPASS 2.5% 12/50","30yr",,,,,"4000003.75",,,,,,""
"2021-04-21","'3140FLPK8'","MBS","UMBS MORTPASS 2% 09/31","15yr",,,,,"3999392.33",,,,,,""
"2021-04-21","'3132JAB95'","MBS","FHLMCGLD 3.5% 05/43","30yr",,,,,"3995391.55",,,,,,""
"2021-04-21","'36297GMU1'","MBS","GNMA I MORTPASS 5% 11/39","30yr",,,,,"3992958.67",,,,,,""
"2021-04-21","'3140JYQQ2'","MBS","UMBS MORTPASS 3.5% 12/49","30yr",,,,,"3992194.89",,,,,,""
"2021-04-21","'36179SLQ8'","MBS","GNMA II 2.5% 09/46","30yr",,,,,"3991983.5",,,,,,""
"2021-04-21","'3140QC4V5'","MBS","UMBS MORTPASS 3% 01/47","30yr",,,,,"3990773.14",,,,,,""
"2021-04-21","'3133HMAR0'","MBS","UMBS MORTPASS 2.5% 08/29","Other",,,,,"3987532.4",,,,,,""
"2021-04-21","'31334WY47'","MBS","UMBS MORTPASS 3.5% 07/49","30yr",,,,,"3979309.39",,,,,,""
"2021-04-21","'3140K7FW8'","MBS","UMBS MORTPASS 3% 01/50","30yr",,,,,"3976512.82",,,,,,""
"2021-04-21","'3138XR6H7'","MBS","UMBS MORTPASS 3.5% 10/44","30yr",,,,,"3976499.93",,,,,,""
"2021-04-21","'3140J85K5'","MBS","UMBS MORTPASS 3.5% 08/33","15yr",,,,,"3975341.17",,,,,,""
"2021-04-21","'3140X5H63'","MBS","UMBS MORTPASS 2.5% 05/28","Other",,,,,"3974917.11",,,,,,""
"2021-04-21","'3140X6SH5'","MBS","UMBS MORTPASS 2% 06/35","15yr",,,,,"3973037.63",,,,,,""
"2021-04-21","'3140JMBL5'","MBS","UMBS MORTPASS 4.5% 02/49","30yr",,,,,"3972332.96",,,,,,""
"2021-04-21","'3140KVRM4'","MBS","UMBS MORTPASS 2.5% 11/50","30yr",,,,,"3970740.6",,,,,,""
"2021-04-21","'3140FBCN8'","MBS","UMBS MORTPASS 2.5% 08/31","15yr",,,,,"3969822.98",,,,,,""
"2021-04-21","'3140HDYQ1'","MBS","UMBS MORTPASS 3% 01/50","30yr",,,,,"3969759.69",,,,,,""
"2021-04-21","'31334WMM0'","MBS","UMBS MORTPASS 4% 06/49","30yr",,,,,"3969656.88",,,,,,""
"2021-04-21","'3140K4PN4'","MBS","UMBS MORTPASS 3.5% 01/50","30yr",,,,,"3968185.04",,,,,,""
"2021-04-21","'3140JVTN2'","MBS","UMBS MORTPASS 4% 09/49","30yr",,,,,"3967450.74",,,,,,""
"2021-04-21","'3138WK4R3'","MBS","UMBS MORTPASS 4% 06/47","30yr",,,,,"3967081.98",,,,,,""
"2021-04-21","'3138X4EU0'","MBS","UMBS MORTPASS 4% 08/43","30yr",,,,,"3966907.39",,,,,,""
"2021-04-21","'3138WJE79'","MBS","UMBS MORTPASS 2% 11/26","Other",,,,,"3965680.29",,,,,,""
"2021-04-21","'31418DJ86'","MBS","UMBS MORTPASS 3.5% 12/29","Other",,,,,"3965214.77",,,,,,""
"2021-04-21","'31417EBL4'","MBS","UMBS MORTPASS 2% 12/27","15yr",,,,,"3964631.7",,,,,,""
"2021-04-21","'3140H7Y92'","MBS","UMBS MORTPASS 3% 01/48","30yr",,,,,"3960211.98",,,,,,""
"2021-04-21","'3140F9A62'","MBS","UMBS MORTPASS 2.5% 08/31","15yr",,,,,"3956368.79",,,,,,""
"2021-04-21","'31417EG39'","MBS","UMBS MORTPASS 2.5% 12/27","15yr",,,,,"3956196.27",,,,,,""
"2021-04-21","'31307UDH8'","MBS","FHLMCGLD 3.5% 07/32","15yr",,,,,"3953890.57",,,,,,""
"2021-04-21","'31418DAZ5'","MBS","UMBS MORTPASS 3.5% 03/29","Other",,,,,"3950138.12",,,,,,""
"2021-04-21","'3133LPSB4'","MBS","UMBS MORTPASS 2.5% 12/29","Other",,,,,"3949127.13",,,,,,""
"2021-04-21","'31418AT99'","MBS","UMBS MORTPASS 2% 06/23","Other",,,,,"3948661.29",,,,,,""
"2021-04-21","'3140JVV74'","MBS","UMBS MORTPASS 3.5% 07/49","30yr",,,,,"3945015.05",,,,,,""
"2021-04-21","'36202FKN5'","MBS","GNMA II 4.5% 09/40","30yr",,,,,"3940234.02",,,,,,""
"2021-04-21","'3140KQFP1'","MBS","UMBS MORTPASS 1.5% 11/35","15yr",,,,,"3939279.88",,,,,,""
"2021-04-21","'31417GF76'","MBS","UMBS MORTPASS 2.5% 04/28","15yr",,,,,"3938348.19",,,,,,""
"2021-04-21","'3140L4ER6'","MBS","UMBS 2.0%","30yr",,,,,"3931952",,,,,,""
"2021-04-21","'31329KW34'","MBS","UMBS MORTPASS 3% 07/37","Other",,,,,"3928059.42",,,,,,""
"2021-04-21","'3140KC6M9'","MBS","UMBS MORTPASS 2.5% 06/50","30yr",,,,,"3923688.32",,,,,,""
"2021-04-21","'3133A3EJ3'","MBS","UMBS MORTPASS 2.5% 03/50","30yr",,,,,"3923161.75",,,,,,""
"2021-04-21","'3140X5XH1'","MBS","UMBS MORTPASS 2.5% 07/33","15yr",,,,,"3922594.04",,,,,,""
"2021-04-21","'3140JYGZ3'","MBS","UMBS MORTPASS 3% 08/49","30yr",,,,,"3918686.25",,,,,,""
"2021-04-21","'3132HRKZ2'","MBS","FHLMCGLD 3% 01/43","30yr",,,,,"3913330.16",,,,,,""
"2021-04-21","'3133ACGD4'","MBS","UMBS MORTPASS 2.5% 11/50","30yr",,,,,"3909708.04",,,,,,""
"2021-04-21","'3140Q8KB0'","MBS","UMBS MORTPASS 3.5% 02/48","30yr",,,,,"3908501.75",,,,,,""
"2021-04-21","'3133L72V8'","MBS","UMBS MORTPASS 2% 01/36","15yr",,,,,"3907271.88",,,,,,""
"2021-04-21","'3133A1LW0'","MBS","UMBS MORTPASS 2.5% 01/45","30yr",,,,,"3906360.7",,,,,,""
"2021-04-21","'31418CYX6'","MBS","UMBS MORTPASS 3% 06/48","30yr",,,,,"3904490.14",,,,,,""
"2021-04-21","'3140Q8YY5'","MBS","UMBS MORTPASS 3% 04/33","15yr",,,,,"3902835.72",,,,,,""
"2021-04-21","'3132A9NE3'","MBS","UMBS MORTPASS 2% 06/28","15yr",,,,,"3899231.55",,,,,,""
"2021-04-21","'3138W4NZ0'","MBS","UMBS MORTPASS 2% 02/28","15yr",,,,,"3898897.46",,,,,,""
"2021-04-21","'31417DBE2'","MBS","UMBS MORTPASS 2.5% 10/27","15yr",,,,,"3898342.61",,,,,,""
"2021-04-21","'3140JLSS4'","MBS","UMBS MORTPASS 1.5% 04/36","15yr",,,,,"3897158",,,,,,""
"2021-04-21","'3133ADPH3'","MBS","UMBS MORTPASS 2% 12/50","30yr",,,,,"3897104.25",,,,,,""
"2021-04-21","'3140K7ZJ5'","MBS","UMBS MORTPASS 3% 12/49","30yr",,,,,"3896325.27",,,,,,""
"2021-04-21","'3133KHA22'","MBS","UMBS MORTPASS 4% 08/49","30yr",,,,,"3894143.89",,,,,,""
"2021-04-21","'3132KEUH6'","MBS","FHLMCGLD 2.5% 08/29","15yr",,,,,"3891908.49",,,,,,""
"2021-04-21","'3138XHFQ9'","MBS","UMBS MORTPASS 4.5% 01/44","30yr",,,,,"3891611.78",,,,,,""
"2021-04-21","'3140HJW49'","MBS","UMBS MORTPASS 3.5% 06/48","30yr",,,,,"3890059.17",,,,,,""
"2021-04-21","'31418BBA3'","MBS","UMBS MORTPASS 2.5% 03/24","Other",,,,,"3887138.08",,,,,,""
"2021-04-21","'312934HS4'","MBS","FHLMCGLD 4% 07/39","30yr",,,,,"3884868.26",,,,,,""
"2021-04-21","'3138WVYA3'","MBS","UMBS MORTPASS 4% 07/43","30yr",,,,,"3880636.97",,,,,,""
"2021-04-21","'3133A4JZ0'","MBS","UMBS MORTPASS 3% 05/50","30yr",,,,,"3878892.38",,,,,,""
"2021-04-21","'36180EQP3'","MBS","GNMA I MORTPASS 3% 06/43","30yr",,,,,"3878329.44",,,,,,""
"2021-04-21","'31307TLC3'","MBS","FHLMCGLD 3.5% 03/32","15yr",,,,,"3877655.9",,,,,,""
"2021-04-21","'31334YXM4'","MBS","UMBS MORTPASS 3% 09/49","30yr",,,,,"3876850.11",,,,,,""
"2021-04-21","'3133KGX94'","MBS","UMBS MORTPASS 3.5% 10/49","30yr",,,,,"3875361.7",,,,,,""
"2021-04-21","'3133KYUQ0'","MBS","UMBS MORTPASS 2.5% 12/40","Other",,,,,"3872288.26",,,,,,""
"2021-04-21","'3140QD4E1'","MBS","UMBS MORTPASS 2% 12/34","15yr",,,,,"3871627.43",,,,,,""
"2021-04-21","'3140KEKN7'","MBS","UMBS MORTPASS 1.5% 08/35","15yr",,,,,"3869475.87",,,,,,""
"2021-04-21","'3140F5A37'","MBS","UMBS MORTPASS 3% 11/46","30yr",,,,,"3868267.01",,,,,,""
"2021-04-21","'3140QBTQ1'","MBS","UMBS MORTPASS 3.5% 09/44","30yr",,,,,"3866646.47",,,,,,""
"2021-04-21","'36180KB67'","MBS","GNMA I MORTPASS 3% 03/43","30yr",,,,,"3863099.15",,,,,,""
"2021-04-21","'3140KRN54'","MBS","UMBS MORTPASS 2% 11/35","15yr",,,,,"3862905.44",,,,,,""
"2021-04-21","'3140JAKU1'","MBS","UMBS MORTPASS 2% 06/30","15yr",,,,,"3859535.39",,,,,,""
"2021-04-21","'3140JYTZ9'","MBS","UMBS MORTPASS 3.5% 08/49","30yr",,,,,"3858039.96",,,,,,""
"2021-04-21","'3140KFUA1'","MBS","UMBS MORTPASS 2.5% 01/51","30yr",,,,,"3856532.06",,,,,,""
"2021-04-21","'3132WMPX6'","MBS","FHLMCGLD 3% 04/47","30yr",,,,,"3856024.38",,,,,,""
"2021-04-21","'3133L8CZ6'","MBS","UMBS MORTPASS 2% 03/36","15yr",,,,,"3855526.87",,,,,,""
"2021-04-21","'3132L7FN4'","MBS","FHLMCGLD 3.5% 10/45","30yr",,,,,"3855166.01",,,,,,""
"2021-04-21","'36230TZX3'","MBS","GNMA I MORTPASS 3% 02/43","30yr",,,,,"3853904.23",,,,,,""
"2021-04-21","'3140JHTH6'","MBS","UMBS MORTPASS 4% 10/48","30yr",,,,,"3853585.18",,,,,,""
"2021-04-21","'31419A3T2'","MBS","UMBS MORTPASS 5.5% 09/34","30yr",,,,,"3853547.13",,,,,,"Y"
"2021-04-21","'3133A36K9'","MBS","UMBS MORTPASS 2.5% 04/45","30yr",,,,,"3838134.24",,,,,,""
"2021-04-21","'3140EWPH2'","MBS","UMBS MORTPASS 2.5% 05/31","15yr",,,,,"3838023.98",,,,,,""
"2021-04-21","'3140X6A84'","MBS","UMBS MORTPASS 2.5% 03/50","30yr",,,,,"3837624.46",,,,,,""
"2021-04-21","'3140KXCB0'","MBS","UMBS MORTPASS 1.5% 01/36","15yr",,,,,"3837446.59",,,,,,""
"2021-04-21","'31418DDG4'","MBS","UMBS MORTPASS 3% 06/39","Other",,,,,"3837228.49",,,,,,""
"2021-04-21","'31307VB96'","MBS","FHLMCGLD 2.5% 12/32","15yr",,,,,"3836686.82",,,,,,""
"2021-04-21","'3140X76N4'","MBS","UMBS MORTPASS 2% 10/50","30yr",,,,,"3832409.99",,,,,,""
"2021-04-21","'31417CU45'","MBS","UMBS MORTPASS 2.5% 08/42","30yr",,,,,"3830293.59",,,,,,""
"2021-04-21","'3140HDNY6'","MBS","UMBS MORTPASS 3.5% 12/49","30yr",,,,,"3826035.75",,,,,,""
"2021-04-21","'3140KAP75'","MBS","UMBS MORTPASS 2.5% 03/35","15yr",,,,,"3824948.93",,,,,,""
"2021-04-21","'3138ENNW5'","MBS","UMBS MORTPASS 2.5% 03/29","15yr",,,,,"3824578.57",,,,,,""
"2021-04-21","'3140X42H8'","MBS","UMBS MORTPASS 3% 10/49","30yr",,,,,"3823475.13",,,,,,""
"2021-04-21","'3138EAAN7'","MBS","UMBS MORTPASS 3% 03/27","15yr",,,,,"3821279.84",,,,,,""
"2021-04-21","'31417CCY9'","MBS","UMBS MORTPASS 3% 07/27","15yr",,,,,"3813398.91",,,,,,""
"2021-04-21","'31418AYY8'","MBS","UMBS MORTPASS 2% 10/23","Other",,,,,"3813339.07",,,,,,""
"2021-04-21","'31418CYJ7'","MBS","UMBS MORTPASS 3.5% 07/38","Other",,,,,"3811910.89",,,,,,""
"2021-04-21","'3133G7SB0'","MBS","UMBS MORTPASS 3% 01/35","15yr",,,,,"3811645.97",,,,,,""
"2021-04-21","'3131YDNB6'","MBS","UMBS MORTPASS 2.5% 06/49","30yr",,,,,"3805300.59",,,,,,""
"2021-04-21","'3133KGX60'","MBS","UMBS MORTPASS 3.5% 08/49","30yr",,,,,"3803881.62",,,,,,""
"2021-04-21","'3140JWBA7'","MBS","UMBS MORTPASS 2.5% 07/34","15yr",,,,,"3800255.39",,,,,,""
"2021-04-21","'3133GCG30'","MBS","UMBS MORTPASS 1.5% 03/36","15yr",,,,,"3797202",,,,,,""
"2021-04-21","'3140QHJG1'","MBS","UMBS MORTPASS 1.5% 02/51","30yr",,,,,"3793381.03",,,,,,""
"2021-04-21","'3140X8ZW0'","MBS","UMBS MORTPASS 2.5% 12/50","30yr",,,,,"3793313.74",,,,,,""
"2021-04-21","'3140KLJF0'","MBS","UMBS MORTPASS 2.5% 08/50","30yr",,,,,"3788680.35",,,,,,""
"2021-04-21","'3140QCB54'","MBS","UMBS MORTPASS 3.5% 11/44","30yr",,,,,"3787868.52",,,,,,""
"2021-04-21","'3140K76S7'","MBS","UMBS MORTPASS 3% 12/49","30yr",,,,,"3786652.38",,,,,,""
"2021-04-21","'3133KKGE3'","MBS","UMBS MORTPASS 1.5% 10/50","30yr",,,,,"3784135.77",,,,,,""
"2021-04-21","'31416AEN6'","MBS","UMBS MORTPASS 3.5% 03/39","30yr",,,,,"3781801.05",,,,,,""
"2021-04-21","'3138XC4N9'","MBS","UMBS MORTPASS 3% 11/28","15yr",,,,,"3781174.45",,,,,,""
"2021-04-21","'31418CDJ0'","MBS","UMBS MORTPASS 3% 11/36","Other",,,,,"3779824.41",,,,,,""
"2021-04-21","'3133A2M98'","MBS","UMBS MORTPASS 3% 03/50","30yr",,,,,"3776007.25",,,,,,""
"2021-04-21","'3140L2X73'","MBS","UMBS MORTPASS 2% 02/51","30yr",,,,,"3774137",,,,,,""
"2021-04-21","'3138MRZR5'","MBS","UMBS MORTPASS 2.5% 02/28","15yr",,,,,"3773707",,,,,,""
"2021-04-21","'3140K9YW3'","MBS","UMBS MORTPASS 2.5% 04/50","30yr",,,,,"3773251.17",,,,,,""
"2021-04-21","'3140JNXB1'","MBS","UMBS MORTPASS 4.5% 05/49","30yr",,,,,"3769477.9",,,,,,""
"2021-04-21","'3132A8D63'","MBS","UMBS MORTPASS 2.5% 07/29","15yr",,,,,"3765876.99",,,,,,""
"2021-04-21","'36179MX62'","MBS","GNMA II 4.5% 01/43","30yr",,,,,"3760589.82",,,,,,""
"2021-04-21","'3133L77M3'","MBS","UMBS MORTPASS 1.5% 12/35","15yr",,,,,"3760054.63",,,,,,""
"2021-04-21","'31418CNZ3'","MBS","UMBS MORTPASS 2.5% 08/27","Other",,,,,"3758944.53",,,,,,""
"2021-04-21","'3140QDQA5'","MBS","UMBS MORTPASS 3.5% 10/48","30yr",,,,,"3758881.92",,,,,,""
"2021-04-21","'36296XSK1'","MBS","GNMA I 4.5% 03/39","30yr",,,,,"3758671.12",,,,,,""
"2021-04-21","'3140L4XD6'","MBS","UMBS MORTPASS 2% 02/51","30yr",,,,,"3758411.06",,,,,,""
"2021-04-21","'3132A8L98'","MBS","UMBS MORTPASS 2.5% 04/29","15yr",,,,,"3756615.76",,,,,,""
"2021-04-21","'3132JBDE0'","MBS","FHLMCGLD 3% 07/43","30yr",,,,,"3756440.57",,,,,,""
"2021-04-21","'3133ABDJ6'","MBS","UMBS MORTPASS 2% 10/50","30yr",,,,,"3755584.73",,,,,,""
"2021-04-21","'3138M8H22'","MBS","UMBS MORTPASS 3% 08/27","15yr",,,,,"3750535.13",,,,,,""
"2021-04-21","'3132CJAM5'","MBS","UMBS MORTPASS 3.5% 07/29","Other",,,,,"3750335.93",,,,,,""
"2021-04-21","'3132A7UX7'","MBS","UMBS MORTPASS 2.5% 01/23","Other",,,,,"3746984.71",,,,,,""
"2021-04-21","'3132JNAE7'","MBS","FHLMCGLD 3.5% 08/43","30yr",,,,,"3743626.68",,,,,,""
"2021-04-21","'3133KHCP9'","MBS","UMBS MORTPASS 3.5% 12/49","30yr",,,,,"3742371.7",,,,,,""
"2021-04-21","'3133G9R92'","MBS","UMBS MORTPASS 1.5% 08/35","15yr",,,,,"3741119.24",,,,,,""
"2021-04-21","'3132HPKL7'","MBS","FHLMCGLD 3% 11/42","30yr",,,,,"3740819",,,,,,""
"2021-04-21","'36295R4Q8'","MBS","GNMA I MORTPASS 4% 05/39","30yr",,,,,"3740096.25",,,,,,""
"2021-04-21","'3133A1WG3'","MBS","UMBS MORTPASS 3% 02/50","30yr",,,,,"3739975.44",,,,,,""
"2021-04-21","'3133KGQP6'","MBS","UMBS MORTPASS 4% 09/49","30yr",,,,,"3736970.81",,,,,,""
"2021-04-21","'31418CR71'","MBS","UMBS MORTPASS 3% 12/47","30yr",,,,,"3732748.98",,,,,,""
"2021-04-21","'3138MB6H4'","MBS","UMBS MORTPASS 3.5% 09/42","30yr",,,,,"3731549.6",,,,,,""
"2021-04-21","'3133G8TH4'","MBS","UMBS MORTPASS 2% 05/35","15yr",,,,,"3729858.89",,,,,,""
"2021-04-21","'3132WKW53'","MBS","FHLMCGLD 3% 01/47","30yr",,,,,"3728893.58",,,,,,""
"2021-04-21","'3140JYA63'","MBS","UMBS MORTPASS 2.5% 10/49","30yr",,,,,"3725928.41",,,,,,""
"2021-04-21","'3138X77G2'","MBS","UMBS MORTPASS 3% 09/28","15yr",,,,,"3723522.65",,,,,,""
"2021-04-21","'31329QN31'","MBS","UMBS MORTPASS 3.5% 04/49","30yr",,,,,"3721517.42",,,,,,""
"2021-04-21","'3138WJDS4'","MBS","UMBS MORTPASS 2.5% 10/31","15yr",,,,,"3721221.56",,,,,,""
"2021-04-21","'3132AEDH6'","MBS","UMBS MORTPASS 4% 03/49","30yr",,,,,"3717266.1",,,,,,""
"2021-04-21","'3140JV7E6'","MBS","UMBS MORTPASS 3% 07/49","30yr",,,,,"3716768.78",,,,,,""
"2021-04-21","'31418DGY2'","MBS","UMBS MORTPASS 3.5% 10/39","Other",,,,,"3714751.15",,,,,,""
"2021-04-21","'3140JUR48'","MBS","UMBS MORTPASS 3.5% 05/49","30yr",,,,,"3712762.93",,,,,,""
"2021-04-21","'3132L5RK1'","MBS","FHLMCGLD 4% 10/43","30yr",,,,,"3709165.99",,,,,,""
"2021-04-21","'31418DNB4'","MBS","UMBS MORTPASS 3% 04/35","15yr",,,,,"3708052.3",,,,,,""
"2021-04-21","'3140HAXD7'","MBS","UMBS MORTPASS 3% 09/49","30yr",,,,,"3705226.06",,,,,,""
"2021-04-21","'3131Y1F54'","MBS","UMBS MORTPASS 4.5% 05/48","30yr",,,,,"3704371.12",,,,,,""
"2021-04-21","'3140KV2S8'","MBS","UMBS MORTPASS 2% 12/50","30yr",,,,,"3702248.04",,,,,,""
"2021-04-21","'3138MFUC9'","MBS","UMBS MORTPASS 2.5% 11/27","15yr",,,,,"3701287.45",,,,,,""
"2021-04-21","'3140KTFG5'","MBS","UMBS MORTPASS 2% 11/50","30yr",,,,,"3699184.2",,,,,,""
"2021-04-21","'31418CQL1'","MBS","UMBS MORTPASS 2.5% 10/27","Other",,,,,"3696635",,,,,,""
"2021-04-21","'3138Y3BQ3'","MBS","UMBS MORTPASS 3% 10/29","15yr",,,,,"3695817.67",,,,,,""
"2021-04-21","'3138YGYF3'","MBS","UMBS MORTPASS 2.5% 04/30","15yr",,,,,"3695324.51",,,,,,""
"2021-04-21","'3138MFYJ0'","MBS","UMBS MORTPASS 2.5% 12/27","15yr",,,,,"3692072.33",,,,,,""
"2021-04-21","'31418BX50'","MBS","UMBS MORTPASS 2.5% 01/26","Other",,,,,"3689967.34",,,,,,""
"2021-04-21","'3132L5SN4'","MBS","FHLMCGLD 4% 10/43","30yr",,,,,"3689587.64",,,,,,""
"2021-04-21","'3132A72G5'","MBS","UMBS MORTPASS 3% 12/24","Other",,,,,"3689553.7",,,,,,""
"2021-04-21","'3132HNTX7'","MBS","FHLMCGLD 3% 11/42","30yr",,,,,"3687584.67",,,,,,""
"2021-04-21","'3140QBBW7'","MBS","UMBS MORTPASS 3% 06/49","30yr",,,,,"3687550.72",,,,,,""
"2021-04-21","'3140K9LT4'","MBS","UMBS MORTPASS 4% 02/50","30yr",,,,,"3687183.98",,,,,,""
"2021-04-21","'3131X72G2'","MBS","UMBS MORTPASS 3% 08/27","15yr",,,,,"3683378.08",,,,,,""
"2021-04-21","'3133A8A49'","MBS","UMBS MORTPASS 2.5% 07/50","30yr",,,,,"3683330.5",,,,,,""
"2021-04-21","'3132M6S27'","MBS","FHLMCGLD 3.5% 05/44","30yr",,,,,"3681901.48",,,,,,""
"2021-04-21","'31339UYL8'","MBS","UMBS MORTPASS 2.5% 11/49","30yr",,,,,"3679355.45",,,,,,""
"2021-04-21","'3140X4TM8'","MBS","UMBS MORTPASS 2.5% 07/30","15yr",,,,,"3677715.6",,,,,,""
"2021-04-21","'3133A84D6'","MBS","UMBS MORTPASS 2% 08/50","30yr",,,,,"3677608.17",,,,,,""
"2021-04-21","'3131X7DH8'","MBS","UMBS MORTPASS 3% 11/26","15yr",,,,,"3677567.33",,,,,,""
"2021-04-21","'3140HHGV1'","MBS","UMBS MORTPASS 3.5% 05/48","30yr",,,,,"3677118.57",,,,,,""
"2021-04-21","'3132A7XV8'","MBS","UMBS MORTPASS 2% 01/29","15yr",,,,,"3675614.11",,,,,,""
"2021-04-21","'3133A44Y9'","MBS","UMBS MORTPASS 3% 05/50","30yr",,,,,"3675573.61",,,,,,""
"2021-04-21","'36179JR41'","MBS","GNMA I MORTPASS 3% 12/42","30yr",,,,,"3674558.16",,,,,,""
"2021-04-21","'31329LDQ2'","MBS","UMBS MORTPASS 2.5% 01/28","15yr",,,,,"3671716.94",,,,,,""
"2021-04-21","'31307Q3X3'","MBS","FHLMCGLD 2.5% 05/31","15yr",,,,,"3668683.49",,,,,,""
"2021-04-21","'3140KGRJ4'","MBS","UMBS MORTPASS 3% 06/50","30yr",,,,,"3665955.95",,,,,,""
"2021-04-21","'3140F9AK1'","MBS","UMBS MORTPASS 2.5% 07/31","15yr",,,,,"3663422.18",,,,,,""
"2021-04-21","'3140Q9LP6'","MBS","UMBS MORTPASS 3% 07/33","15yr",,,,,"3661240.41",,,,,,""
"2021-04-21","'3140X5FA6'","MBS","UMBS MORTPASS 4% 05/49","30yr",,,,,"3658308.25",,,,,,""
"2021-04-21","'3128ME5A5'","MBS","FHLMCGLD 3.5% 11/31","15yr",,,,,"3655446.58",,,,,,""
"2021-04-21","'3140QANR7'","MBS","UMBS MORTPASS 4.5% 11/48","30yr",,,,,"3646941.92",,,,,,""
"2021-04-21","'3138MDSJ2'","MBS","UMBS MORTPASS 2.5% 10/27","15yr",,,,,"3641645.89",,,,,,""
"2021-04-21","'3138EKAT2'","MBS","UMBS MORTPASS 3% 11/27","15yr",,,,,"3639014.77",,,,,,""
"2021-04-21","'3138MDVA7'","MBS","UMBS MORTPASS 2.5% 10/42","30yr",,,,,"3639005.6",,,,,,""
"2021-04-21","'3138WD6D8'","MBS","UMBS MORTPASS 3% 02/30","15yr",,,,,"3634906.4",,,,,,""
"2021-04-21","'3131X7ZK7'","MBS","UMBS MORTPASS 3% 08/27","15yr",,,,,"3634066.33",,,,,,""
"2021-04-21","'3140HJ2Q3'","MBS","UMBS MORTPASS 4% 06/48","30yr",,,,,"3632261.52",,,,,,""
"2021-04-21","'3138EN4M8'","MBS","UMBS MORTPASS 2.5% 12/29","15yr",,,,,"3630991.35",,,,,,""
"2021-04-21","'3132A9QT7'","MBS","UMBS MORTPASS 2.5% 05/30","15yr",,,,,"3629518.65",,,,,,""
"2021-04-21","'3140FPBK4'","MBS","UMBS MORTPASS 3% 05/32","15yr",,,,,"3629406.75",,,,,,""
"2021-04-21","'3133GBRU0'","MBS","UMBS MORTPASS 1.5% 01/36","15yr",,,,,"3628981.42",,,,,,""
"2021-04-21","'3140HJZA2'","MBS","UMBS MORTPASS 4% 05/48","30yr",,,,,"3626411.09",,,,,,""
"2021-04-21","'3131Y1P46'","MBS","UMBS MORTPASS 4.5% 06/48","30yr",,,,,"3626084.17",,,,,,""
"2021-04-21","'3132XSVX5'","MBS","FHLMCGLD 3% 09/47","30yr",,,,,"3625862.25",,,,,,""
"2021-04-21","'3140QBCP1'","MBS","UMBS MORTPASS 4% 03/49","30yr",,,,,"3625201.46",,,,,,""
"2021-04-21","'3138Y9CL0'","MBS","UMBS MORTPASS 3.5% 12/29","15yr",,,,,"3624864.84",,,,,,""
"2021-04-21","'3622A2MZ2'","MBS","GNMA II 3.5% 04/43","30yr",,,,,"3622707.65",,,,,,""
"2021-04-21","'31307TEG2'","MBS","FHLMCGLD 3.5% 02/32","15yr",,,,,"3621454.86",,,,,,""
"2021-04-21","'3132CWJU9'","MBS","UMBS MORTPASS 2.5% 06/33","15yr",,,,,"3618754.92",,,,,,""
"2021-04-21","'3140JR5W7'","MBS","UMBS MORTPASS 3.5% 04/49","30yr",,,,,"3616782.79",,,,,,""
"2021-04-21","'3132L55H2'","MBS","FHLMCGLD 4% 11/43","30yr",,,,,"3615541.24",,,,,,""
"2021-04-21","'31334XU80'","MBS","UMBS MORTPASS 4% 07/49","30yr",,,,,"3609403.96",,,,,,""
"2021-04-21","'3131Y9TA1'","MBS","UMBS MORTPASS 4.5% 02/49","30yr",,,,,"3608605.4",,,,,,""
"2021-04-21","'31418BUS3'","MBS","UMBS MORTPASS 3% 09/25","Other",,,,,"3603555.72",,,,,,""
"2021-04-21","'3140QCZP4'","MBS","UMBS MORTPASS 4% 09/49","30yr",,,,,"3600442.04",,,,,,""
"2021-04-21","'3140F9BV6'","MBS","UMBS MORTPASS 2.5% 08/31","15yr",,,,,"3599404.51",,,,,,""
"2021-04-21","'3131Y0Z54'","MBS","UMBS MORTPASS 4% 04/48","30yr",,,,,"3595689.78",,,,,,""
"2021-04-21","'3138WSTK4'","MBS","UMBS MORTPASS 3.5% 05/43","30yr",,,,,"3593062.57",,,,,,""
"2021-04-21","'3140KCCL4'","MBS","UMBS MORTPASS 3% 03/50","30yr",,,,,"3593044.91",,,,,,""
"2021-04-21","'3133AFD40'","MBS","UMBS MORTPASS 1.5% 01/51","30yr",,,,,"3590921.55",,,,,,""
"2021-04-21","'3140JW7G9'","MBS","UMBS MORTPASS 3% 07/49","30yr",,,,,"3590151.04",,,,,,""
"2021-04-21","'31334XKG3'","MBS","UMBS MORTPASS 3% 07/49","30yr",,,,,"3589151.55",,,,,,""
"2021-04-21","'3140EU5N5'","MBS","UMBS MORTPASS 2.5% 04/31","15yr",,,,,"3588670.7",,,,,,""
"2021-04-21","'31307AE24'","MBS","FHLMCGLD 2.5% 01/28","15yr",,,,,"3587998.98",,,,,,""
"2021-04-21","'3133ABGD6'","MBS","UMBS MORTPASS 2% 09/50","30yr",,,,,"3587802.18",,,,,,""
"2021-04-21","'3138WXWR4'","MBS","UMBS MORTPASS 4% 07/43","30yr",,,,,"3586667.43",,,,,,""
"2021-04-21","'3133LPTC1'","MBS","UMBS MORTPASS 2% 01/31","Other",,,,,"3584587.55",,,,,,""
"2021-04-21","'3132JNHT7'","MBS","FHLMCGLD 3.5% 08/43","30yr",,,,,"3584450.8",,,,,,""
"2021-04-21","'3133AEYA6'","MBS","UMBS MORTPASS 1.5% 01/51","30yr",,,,,"3583464.91",,,,,,""
"2021-04-21","'3131XCFW2'","MBS","UMBS MORTPASS 2% 09/31","15yr",,,,,"3580990.38",,,,,,""
"2021-04-21","'3132HPGN8'","MBS","FHLMCGLD 3% 11/42","30yr",,,,,"3579671.68",,,,,,""
"2021-04-21","'31418DEH1'","MBS","UMBS MORTPASS 3% 08/29","Other",,,,,"3579623.84",,,,,,""
"2021-04-21","'31307SSL8'","MBS","FHLMCGLD 3% 12/31","15yr",,,,,"3579347.44",,,,,,""
"2021-04-21","'3138AXVW8'","MBS","UMBS MORTPASS 3% 11/26","15yr",,,,,"3578247.06",,,,,,""
"2021-04-21","'31346YBF9'","MBS","UMBS MORTPASS 3% 11/49","30yr",,,,,"3576777.91",,,,,,""
"2021-04-21","'3132WPUJ4'","MBS","FHLMCGLD 3% 07/47","30yr",,,,,"3576707.81",,,,,,""
"2021-04-21","'31418CDH4'","MBS","UMBS MORTPASS 2.5% 11/31","15yr",,,,,"3573968.49",,,,,,""
"2021-04-21","'3140K1MD5'","MBS","UMBS MORTPASS 3% 11/49","30yr",,,,,"3573514.62",,,,,,""
"2021-04-21","'31418DBQ4'","MBS","UMBS MORTPASS 3% 04/39","Other",,,,,"3573197.82",,,,,,""
"2021-04-21","'36296WAB2'","MBS","GNMA I 4.5% 04/39","30yr",,,,,"3572610.05",,,,,,""
"2021-04-21","'3138M7KF1'","MBS","UMBS MORTPASS 2.5% 10/42","30yr",,,,,"3571881.21",,,,,,""
"2021-04-21","'3132DMJN6'","MBS","UMBS MORTPASS 6% 04/40","30yr",,,,,"3571708.85",,,,,,""
"2021-04-21","'3140KYMQ4'","MBS","UMBS MORTPASS 2% 12/35","15yr",,,,,"3571379.66",,,,,,""
"2021-04-21","'3140KC3U4'","MBS","UMBS MORTPASS 2.5% 04/35","15yr",,,,,"3570750.42",,,,,,""
"2021-04-21","'3138WQTB8'","MBS","UMBS MORTPASS 2.5% 06/28","15yr",,,,,"3567848.17",,,,,,""
"2021-04-21","'31417D2N2'","MBS","UMBS MORTPASS 2.5% 11/27","15yr",,,,,"3564988.56",,,,,,""
"2021-04-21","'3138W3VH3'","MBS","UMBS MORTPASS 2.5% 02/28","15yr",,,,,"3562320.67",,,,,,""
"2021-04-21","'3133KHA71'","MBS","UMBS MORTPASS 4.5% 09/49","30yr",,,,,"3561298.8",,,,,,""
"2021-04-21","'3140EXFH1'","MBS","UMBS MORTPASS 2.5% 09/31","15yr",,,,,"3557561.64",,,,,,""
"2021-04-21","'3140L33F6'","MBS","UMBS MORTPASS 2% 03/51","30yr",,,,,"3557155.1",,,,,,""
"2021-04-21","'3140JMDN9'","MBS","UMBS MORTPASS 3.5% 09/49","30yr",,,,,"3554593.84",,,,,,""
"2021-04-21","'3140J9GJ4'","MBS","UMBS MORTPASS 2.5% 06/28","Other",,,,,"3554394.84",,,,,,""
"2021-04-21","'3140QHJC0'","MBS","UMBS MORTPASS 1.5% 02/51","30yr",,,,,"3553963.99",,,,,,""
"2021-04-21","'3140HKEC8'","MBS","UMBS MORTPASS 2.5% 09/50","30yr",,,,,"3553888.2",,,,,,""
"2021-04-21","'3138W0LW7'","MBS","UMBS MORTPASS 2% 01/28","15yr",,,,,"3553709.36",,,,,,""
"2021-04-21","'31418B4D5'","MBS","UMBS MORTPASS 2% 05/31","15yr",,,,,"3549791.35",,,,,,""
"2021-04-21","'3132A7HS3'","MBS","UMBS MORTPASS 3% 07/27","15yr",,,,,"3546712.94",,,,,,""
"2021-04-21","'3140H2CF3'","MBS","UMBS MORTPASS 2.5% 11/32","15yr",,,,,"3546399.02",,,,,,""
"2021-04-21","'3138E44F5'","MBS","UMBS MORTPASS 4% 01/42","30yr",,,,,"3544761.25",,,,,,""
"2021-04-21","'3131Y17L8'","MBS","UMBS MORTPASS 4% 07/48","30yr",,,,,"3542082.5",,,,,,""
"2021-04-21","'3140JHFF5'","MBS","UMBS MORTPASS 3.5% 11/33","15yr",,,,,"3541209.69",,,,,,""
"2021-04-21","'3140H5NH0'","MBS","UMBS MORTPASS 3% 02/33","15yr",,,,,"3540470.66",,,,,,""
"2021-04-21","'31418CTC8'","MBS","UMBS MORTPASS 2.5% 01/33","15yr",,,,,"3538870.35",,,,,,""
"2021-04-21","'3133GAK62'","MBS","UMBS MORTPASS 2% 10/35","15yr",,,,,"3537691.63",,,,,,""
"2021-04-21","'3131Y8CK9'","MBS","UMBS MORTPASS 4% 12/48","30yr",,,,,"3535634.78",,,,,,""
"2021-04-21","'3133AALZ3'","MBS","UMBS MORTPASS 2.5% 09/50","30yr",,,,,"3535158.9",,,,,,""
"2021-04-21","'3138W9CB4'","MBS","UMBS MORTPASS 2% 08/23","Other",,,,,"3534654.66",,,,,,""
"2021-04-21","'3133KJ6P2'","MBS","UMBS MORTPASS 2% 09/50","30yr",,,,,"3533792.46",,,,,,""
"2021-04-21","'3140HNXH0'","MBS","UMBS MORTPASS 3.5% 07/33","15yr",,,,,"3530253.73",,,,,,""
"2021-04-21","'31417G3W4'","MBS","UMBS MORTPASS 2.5% 07/28","15yr",,,,,"3530175.28",,,,,,""
"2021-04-21","'31334X3W7'","MBS","UMBS MORTPASS 3% 08/49","30yr",,,,,"3530113.13",,,,,,""
"2021-04-21","'3140JUB94'","MBS","UMBS MORTPASS 3% 10/49","30yr",,,,,"3528567.49",,,,,,""
"2021-04-21","'3140KF3V5'","MBS","UMBS MORTPASS 2% 06/35","15yr",,,,,"3523946.9",,,,,,""
"2021-04-21","'3138YFAZ7'","MBS","UMBS MORTPASS 3% 01/45","30yr",,,,,"3523107.89",,,,,,""
"2021-04-21","'36296XXE9'","MBS","GNMA I 4.5% 06/39","30yr",,,,,"3522301.57",,,,,,""
"2021-04-21","'3132A7RT0'","MBS","UMBS MORTPASS 2.5% 03/23","Other",,,,,"3520859.93",,,,,,""
"2021-04-21","'3133AEAS3'","MBS","UMBS MORTPASS 2% 11/50","30yr",,,,,"3519722.68",,,,,,""
"2021-04-21","'36296QVE6'","MBS","GNMA I 4.5% 06/39","30yr",,,,,"3517715.68",,,,,,""
"2021-04-21","'3140L33S8'","MBS","UMBS MORTPASS 1.5% 04/36","15yr",,,,,"3517711.2",,,,,,""
"2021-04-21","'3140X6HS3'","MBS","UMBS MORTPASS 2.5% 01/28","15yr",,,,,"3516440.63",,,,,,""
"2021-04-21","'3132JNYK7'","MBS","FHLMCGLD 3.5% 09/43","30yr",,,,,"3515698.01",,,,,,""
"2021-04-21","'3140JVR87'","MBS","UMBS MORTPASS 3.5% 09/49","30yr",,,,,"3514749.86",,,,,,""
"2021-04-21","'3138W7VG6'","MBS","UMBS MORTPASS 3.5% 03/43","30yr",,,,,"3511730.2",,,,,,""
"2021-04-21","'3140JNXG0'","MBS","UMBS MORTPASS 4% 06/49","30yr",,,,,"3509776.95",,,,,,""
"2021-04-21","'3140F2PQ7'","MBS","UMBS MORTPASS 2.5% 05/31","15yr",,,,,"3508514.18",,,,,,""
"2021-04-21","'3140L22X0'","MBS","UMBS MORTPASS 1.5% 03/51","30yr",,,,,"3508015.28",,,,,,""
"2021-04-21","'3133A24V9'","MBS","UMBS MORTPASS 3% 03/50","30yr",,,,,"3507238.95",,,,,,""
"2021-04-21","'3140K3LS9'","MBS","UMBS MORTPASS 2.5% 11/34","15yr",,,,,"3506608.34",,,,,,""
"2021-04-21","'36297FY22'","MBS","GNMA I MORTPASS 5% 10/39","30yr",,,,,"3504999.68",,,,,,""
"2021-04-21","'3132JM7J2'","MBS","FHLMCGLD 3.5% 08/43","30yr",,,,,"3501922.69",,,,,,""
"2021-04-21","'3140HPAR8'","MBS","UMBS MORTPASS 3% 09/33","15yr",,,,,"3500502.22",,,,,,""
"2021-04-21","'3132A82E8'","MBS","UMBS MORTPASS 2.5% 07/30","15yr",,,,,"3499531.58",,,,,,""
"2021-04-21","'3140KCCA8'","MBS","UMBS MORTPASS 3% 04/50","30yr",,,,,"3499319.94",,,,,,""
"2021-04-21","'3128MMYV9'","MBS","FHLMCGLD 3.5% 02/34","15yr",,,,,"3499067.19",,,,,,""
"2021-04-21","'3620ALHH0'","MBS","GNMA I 4.5% 01/40","30yr",,,,,"3498302.38",,,,,,""
"2021-04-21","'3138EJ3T3'","MBS","UMBS MORTPASS 2.5% 11/27","15yr",,,,,"3497309.23",,,,,,""
"2021-04-21","'3140GVQZ1'","MBS","UMBS MORTPASS 3% 09/32","15yr",,,,,"3496022.64",,,,,,""
"2021-04-21","'3128MMW58'","MBS","FHLMCGLD 3.5% 11/32","15yr",,,,,"3493800.66",,,,,,""
"2021-04-21","'3140JUZD9'","MBS","UMBS MORTPASS 3.5% 06/49","30yr",,,,,"3486999.51",,,,,,""
"2021-04-21","'3132A7ZH7'","MBS","UMBS MORTPASS 2.5% 10/24","Other",,,,,"3486880.57",,,,,,""
"2021-04-21","'31410LNS7'","MBS","UMBS MORTPASS 2.5% 10/24","Other",,,,,"3484732.8",,,,,,""
"2021-04-21","'3140F2P87'","MBS","UMBS MORTPASS 2.5% 05/31","15yr",,,,,"3484029.13",,,,,,""
"2021-04-21","'31418CPS7'","MBS","UMBS MORTPASS 3.5% 09/27","Other",,,,,"3482286.42",,,,,,""
"2021-04-21","'3140KNHB7'","MBS","UMBS MORTPASS 1.5% 10/50","30yr",,,,,"3481977.75",,,,,,""
"2021-04-21","'3140GYKF5'","MBS","UMBS MORTPASS 3.5% 02/33","15yr",,,,,"3481433.03",,,,,,""
"2021-04-21","'3140KFR64'","MBS","UMBS MORTPASS 2% 08/35","15yr",,,,,"3480760.73",,,,,,""
"2021-04-21","'31346YHB2'","MBS","UMBS MORTPASS 3.5% 11/49","30yr",,,,,"3478158.9",,,,,,""
"2021-04-21","'3140K9G78'","MBS","UMBS MORTPASS 3% 02/50","30yr",,,,,"3476521.32",,,,,,""
"2021-04-21","'3140KY6B5'","MBS","UMBS MORTPASS 1.5% 02/36","15yr",,,,,"3473912.68",,,,,,""
"2021-04-21","'3133L7RW9'","MBS","UMBS MORTPASS 2.5% 10/31","15yr",,,,,"3472306.04",,,,,,""
"2021-04-21","'3140X6ZB0'","MBS","UMBS MORTPASS 3% 02/49","30yr",,,,,"3471827.17",,,,,,""
"2021-04-21","'31329KXP4'","MBS","UMBS MORTPASS 3% 12/37","Other",,,,,"3467457.88",,,,,,""
"2021-04-21","'3140KUZL9'","MBS","UMBS MORTPASS 2% 12/35","15yr",,,,,"3465939",,,,,,""
"2021-04-21","'3140JULS1'","MBS","UMBS MORTPASS 4% 05/49","30yr",,,,,"3465359.74",,,,,,""
"2021-04-21","'3140K8N80'","MBS","UMBS MORTPASS 3% 02/50","30yr",,,,,"3464578.05",,,,,,""
"2021-04-21","'31418AS41'","MBS","UMBS MORTPASS 2.5% 05/28","15yr",,,,,"3463222.94",,,,,,""
"2021-04-21","'3140HEFT4'","MBS","UMBS MORTPASS 3.5% 06/33","15yr",,,,,"3462850.4",,,,,,""
"2021-04-21","'3128MMWC3'","MBS","FHLMCGLD 3.5% 04/32","15yr",,,,,"3460980.24",,,,,,""
"2021-04-21","'3128E5WC9'","MBS","FHLMCGLD 4% 08/31","Other",,,,,"3459352.08",,,,,,""
"2021-04-21","'3128MDLC5'","MBS","FHLMCGLD 4% 08/26","15yr",,,,,"3458708.32",,,,,,""
"2021-04-21","'3138MRP47'","MBS","UMBS MORTPASS 2% 12/27","15yr",,,,,"3456130.33",,,,,,""
"2021-04-21","'31307M5E2'","MBS","FHLMCGLD 2.5% 05/30","15yr",,,,,"3450717.35",,,,,,""
"2021-04-21","'3620A6AG2'","MBS","GNMA I 4.5% 06/39","30yr",,,,,"3450688.08",,,,,,""
"2021-04-21","'3140JQZ30'","MBS","UMBS MORTPASS 4% 03/49","30yr",,,,,"3449101.78",,,,,,""
"2021-04-21","'3140QF7C7'","MBS","UMBS MORTPASS 1.5% 12/50","30yr",,,,,"3448558.59",,,,,,""
"2021-04-21","'3140JUQB3'","MBS","UMBS MORTPASS 4.5% 07/49","30yr",,,,,"3447314.17",,,,,,""
"2021-04-21","'3138YLYP0'","MBS","UMBS MORTPASS 3% 04/45","30yr",,,,,"3447138.99",,,,,,""
"2021-04-21","'31418DLU4'","MBS","UMBS MORTPASS 4% 02/50","30yr",,,,,"3445265.73",,,,,,""
"2021-04-21","'3140HPC39'","MBS","UMBS MORTPASS 4.5% 01/49","30yr",,,,,"3444567.51",,,,,,""
"2021-04-21","'3131Y0ZP0'","MBS","UMBS MORTPASS 4% 04/48","30yr",,,,,"3443851.35",,,,,,""
"2021-04-21","'3140H7E29'","MBS","UMBS MORTPASS 2.5% 09/34","15yr",,,,,"3442619.25",,,,,,""
"2021-04-21","'3133G7DN0'","MBS","UMBS MORTPASS 3% 11/34","15yr",,,,,"3438710.79",,,,,,""
"2021-04-21","'3133A2TF7'","MBS","UMBS MORTPASS 2.5% 03/50","30yr",,,,,"3438662.37",,,,,,""
"2021-04-21","'3138EJH43'","MBS","UMBS MORTPASS 3.5% 10/26","15yr",,,,,"3436840.33",,,,,,""
"2021-04-21","'36296V7B8'","MBS","GNMA I 4.5% 03/39","30yr",,,,,"3435899.01",,,,,,""
"2021-04-21","'3140L53H7'","MBS","UMBS MORTPASS 1.5% 04/36","15yr",,,,,"3435808",,,,,,""
"2021-04-21","'3140KPNA7'","MBS","UMBS MORTPASS 2.5% 10/50","30yr",,,,,"3433240.6",,,,,,""
"2021-04-21","'3140FPFH7'","MBS","UMBS MORTPASS 3.5% 07/47","30yr",,,,,"3432200",,,,,,""
"2021-04-21","'3140HHGG4'","MBS","UMBS MORTPASS 3.5% 04/48","30yr",,,,,"3429483.16",,,,,,""
"2021-04-21","'3138WTJT4'","MBS","UMBS MORTPASS 3% 06/43","30yr",,,,,"3429160.85",,,,,,""
"2021-04-21","'3132A9MP9'","MBS","UMBS MORTPASS 2.5% 06/27","15yr",,,,,"3427432.94",,,,,,""
"2021-04-21","'3140HPBG1'","MBS","UMBS MORTPASS 3.5% 10/33","15yr",,,,,"3419854.51",,,,,,""
"2021-04-21","'3131YC2L9'","MBS","UMBS MORTPASS 4% 05/49","30yr",,,,,"3417574.03",,,,,,""
"2021-04-21","'3140JRHL8'","MBS","UMBS MORTPASS 4.5% 09/49","30yr",,,,,"3415012.58",,,,,,""
"2021-04-21","'3133A4AZ9'","MBS","UMBS MORTPASS 3% 04/50","30yr",,,,,"3414752.8",,,,,,""
"2021-04-21","'31346YM83'","MBS","UMBS MORTPASS 3% 12/49","30yr",,,,,"3414333.23",,,,,,""
"2021-04-21","'3140HF4B2'","MBS","UMBS MORTPASS 2% 06/45","30yr",,,,,"3413719.71",,,,,,""
"2021-04-21","'3140GVRJ6'","MBS","UMBS MORTPASS 3% 09/32","15yr",,,,,"3412827.34",,,,,,""
"2021-04-21","'3133G6VW2'","MBS","UMBS MORTPASS 3% 09/34","15yr",,,,,"3411959.13",,,,,,""
"2021-04-21","'3138EMN56'","MBS","UMBS MORTPASS 3% 10/27","15yr",,,,,"3410208.17",,,,,,""
"2021-04-21","'3138ERW30'","MBS","UMBS MORTPASS 3% 12/26","Other",,,,,"3407888.57",,,,,,""
"2021-04-21","'3133A2FP0'","MBS","UMBS MORTPASS 3% 02/50","30yr",,,,,"3407402.82",,,,,,""
"2021-04-21","'31307UPQ5'","MBS","FHLMCGLD 2.5% 09/32","15yr",,,,,"3405864.57",,,,,,""
"2021-04-21","'3133AGUT4'","MBS","UMBS MORTPASS 2% 02/51","30yr",,,,,"3405369",,,,,,""
"2021-04-21","'3140HJX89'","MBS","UMBS MORTPASS 4% 08/48","30yr",,,,,"3404743.66",,,,,,""
"2021-04-21","'3140L33Q2'","MBS","UMBS MORTPASS 1.5% 04/36","15yr",,,,,"3402791",,,,,,""
"2021-04-21","'3132A5J22'","MBS","UMBS MORTPASS 4.5% 07/48","30yr",,,,,"3401840.7",,,,,,""
"2021-04-21","'3140QASS0'","MBS","UMBS MORTPASS 4.5% 03/49","30yr",,,,,"3401047.7",,,,,,""
"2021-04-21","'3133G7KT9'","MBS","UMBS MORTPASS 3% 12/34","15yr",,,,,"3400140.57",,,,,,""
"2021-04-21","'3133A7NE5'","MBS","UMBS MORTPASS 2% 07/50","30yr",,,,,"3398543.61",,,,,,""
"2021-04-21","'3132DMEL5'","MBS","UMBS MORTPASS 3.5% 11/49","30yr",,,,,"3397770.18",,,,,,""
"2021-04-21","'31417FUE6'","MBS","UMBS MORTPASS 2% 03/28","15yr",,,,,"3396646.59",,,,,,""
"2021-04-21","'3131X6Z29'","MBS","UMBS MORTPASS 3% 08/26","15yr",,,,,"3395148.02",,,,,,""
"2021-04-21","'3140JUC36'","MBS","UMBS MORTPASS 2.5% 11/49","30yr",,,,,"3393604.1",,,,,,""
"2021-04-21","'3140K7JE4'","MBS","UMBS MORTPASS 2.5% 12/34","15yr",,,,,"3391045.68",,,,,,""
"2021-04-21","'31307VED4'","MBS","FHLMCGLD 2.5% 12/32","15yr",,,,,"3390921.1",,,,,,""
"2021-04-21","'3133A6WP2'","MBS","UMBS MORTPASS 3% 06/50","30yr",,,,,"3388320.88",,,,,,""
"2021-04-21","'31417BZK6'","MBS","UMBS MORTPASS 2.5% 05/42","30yr",,,,,"3388314.68",,,,,,""
"2021-04-21","'31418DM74'","MBS","UMBS MORTPASS 2.5% 04/30","Other",,,,,"3386124.86",,,,,,""
"2021-04-21","'3132CWJH8'","MBS","UMBS MORTPASS 2.5% 02/35","15yr",,,,,"3385221.76",,,,,,""
"2021-04-21","'3138ERQ78'","MBS","UMBS MORTPASS 2% 08/26","Other",,,,,"3382875.16",,,,,,""
"2021-04-21","'3128MJT83'","MBS","FHLMCGLD 4.5% 02/44","30yr",,,,,"3381665.64",,,,,,""
"2021-04-21","'3140Q9WH2'","MBS","UMBS MORTPASS 3% 03/48","30yr",,,,,"3381425.32",,,,,,""
"2021-04-21","'3140K3H62'","MBS","UMBS MORTPASS 4% 11/49","30yr",,,,,"3380248.66",,,,,,""
"2021-04-21","'3132JBLX9'","MBS","FHLMCGLD 3% 06/43","30yr",,,,,"3378469.29",,,,,,""
"2021-04-21","'31307WF74'","MBS","FHLMCGLD 3.5% 07/33","15yr",,,,,"3376751.84",,,,,,""
"2021-04-21","'3132HRJU5'","MBS","FHLMCGLD 3% 01/43","30yr",,,,,"3373771.63",,,,,,""
"2021-04-21","'3140JNBX7'","MBS","UMBS MORTPASS 4% 01/49","30yr",,,,,"3369410.32",,,,,,""
"2021-04-21","'31417DFW8'","MBS","UMBS MORTPASS 2.5% 10/27","15yr",,,,,"3366147.22",,,,,,""
"2021-04-21","'3133D3KK0'","MBS","UMBS MORTPASS 2.5% 06/40","Other",,,,,"3363609.53",,,,,,""
"2021-04-21","'3140GXDJ7'","MBS","UMBS MORTPASS 3% 10/32","15yr",,,,,"3363273.74",,,,,,""
"2021-04-21","'3140KAC38'","MBS","UMBS MORTPASS 3% 04/50","30yr",,,,,"3362867.59",,,,,,""
"2021-04-21","'3133LPSH1'","MBS","UMBS MORTPASS 2.5% 02/30","Other",,,,,"3361979.79",,,,,,""
"2021-04-21","'3140Q94P5'","MBS","UMBS MORTPASS 4% 11/43","30yr",,,,,"3359409.08",,,,,,""
"2021-04-21","'3133G7WS8'","MBS","UMBS MORTPASS 2% 02/35","15yr",,,,,"3356434.29",,,,,,""
"2021-04-21","'3140JMDY5'","MBS","UMBS MORTPASS 3% 09/49","30yr",,,,,"3356337.76",,,,,,""
"2021-04-21","'3140Q9M83'","MBS","UMBS MORTPASS 3.5% 08/48","30yr",,,,,"3354738.62",,,,,,""
"2021-04-21","'3138X0B31'","MBS","UMBS MORTPASS 3% 08/28","15yr",,,,,"3354548.22",,,,,,""
"2021-04-21","'3133LPS81'","MBS","UMBS MORTPASS 2% 12/30","Other",,,,,"3353399.24",,,,,,""
"2021-04-21","'3138WFTT3'","MBS","UMBS MORTPASS 2.5% 10/30","15yr",,,,,"3349989.33",,,,,,""
"2021-04-21","'3140X4TL0'","MBS","UMBS MORTPASS 2.5% 09/28","15yr",,,,,"3346147.71",,,,,,""
"2021-04-21","'3133A84P9'","MBS","UMBS MORTPASS 2% 08/50","30yr",,,,,"3345920.06",,,,,,""
"2021-04-21","'3138MJWK1'","MBS","UMBS MORTPASS 2.5% 11/27","15yr",,,,,"3345872.95",,,,,,""
"2021-04-21","'3133AGBE8'","MBS","UMBS MORTPASS 1.5% 02/51","30yr",,,,,"3342670.85",,,,,,""
"2021-04-21","'3133A0KD5'","MBS","UMBS MORTPASS 3% 01/50","30yr",,,,,"3337524.02",,,,,,""
"2021-04-21","'3131Y7PC5'","MBS","UMBS MORTPASS 4.5% 11/48","30yr",,,,,"3336774.73",,,,,,""
"2021-04-21","'31418DSQ6'","MBS","UMBS MORTPASS 2% 09/30","Other",,,,,"3336249.74",,,,,,""
"2021-04-21","'31417C6E0'","MBS","UMBS MORTPASS 3% 09/32","Other",,,,,"3335941.34",,,,,,""
"2021-04-21","'3132CWAW4'","MBS","UMBS MORTPASS 2.5% 06/34","15yr",,,,,"3333986.6",,,,,,""
"2021-04-21","'3140Q9WY5'","MBS","UMBS MORTPASS 4% 10/43","30yr",,,,,"3333721.42",,,,,,""
"2021-04-21","'3140JVMU3'","MBS","UMBS MORTPASS 3.5% 07/49","30yr",,,,,"3332046.97",,,,,,""
"2021-04-21","'3138MJHS1'","MBS","UMBS MORTPASS 2.5% 01/28","15yr",,,,,"3330926.51",,,,,,""
"2021-04-21","'31307WGT5'","MBS","FHLMCGLD 3.5% 07/33","15yr",,,,,"3329935.66",,,,,,""
"2021-04-21","'3133KYR92'","MBS","UMBS MORTPASS 3.5% 10/39","Other",,,,,"3329768.15",,,,,,""
"2021-04-21","'3140Q8EZ4'","MBS","UMBS MORTPASS 3.5% 01/48","30yr",,,,,"3327800.93",,,,,,""
"2021-04-21","'3140JKB96'","MBS","UMBS MORTPASS 4.5% 11/48","30yr",,,,,"3327553.9",,,,,,""
"2021-04-21","'3140KU3M2'","MBS","UMBS MORTPASS 2% 11/35","15yr",,,,,"3325297.68",,,,,,""
"2021-04-21","'31417AND7'","MBS","UMBS MORTPASS 4% 12/41","30yr",,,,,"3323167.86",,,,,,""
"2021-04-21","'3138ERL99'","MBS","UMBS MORTPASS 3% 10/31","15yr",,,,,"3322482.08",,,,,,""
"2021-04-21","'3140HDRP1'","MBS","UMBS MORTPASS 3% 11/49","30yr",,,,,"3319669.23",,,,,,""
"2021-04-21","'31416W6K3'","MBS","UMBS MORTPASS 3% 11/25","15yr",,,,,"3319410.96",,,,,,""
"2021-04-21","'3131YAEF3'","MBS","UMBS MORTPASS 3% 03/34","15yr",,,,,"3317979.41",,,,,,""
"2021-04-21","'31307BXF2'","MBS","FHLMCGLD 2% 04/28","15yr",,,,,"3317427.32",,,,,,""
"2021-04-21","'3140X4TF3'","MBS","UMBS MORTPASS 3.5% 09/49","30yr",,,,,"3317085.95",,,,,,""
"2021-04-21","'3140JL2N3'","MBS","UMBS MORTPASS 3% 03/49","30yr",,,,,"3308739.97",,,,,,""
"2021-04-21","'3133A3AN8'","MBS","UMBS MORTPASS 3% 03/50","30yr",,,,,"3305670.8",,,,,,""
"2021-04-21","'3140GNZ48'","MBS","UMBS MORTPASS 2.5% 10/49","30yr",,,,,"3301137.41",,,,,,""
"2021-04-21","'36178NLL1'","MBS","GNMA I MORTPASS 3% 10/42","30yr",,,,,"3301046.33",,,,,,""
"2021-04-21","'3133A24A5'","MBS","UMBS MORTPASS 3% 03/50","30yr",,,,,"3300882",,,,,,""
"2021-04-21","'31417GG42'","MBS","UMBS MORTPASS 2.5% 05/28","15yr",,,,,"3300341.44",,,,,,""
"2021-04-21","'3131YDNF7'","MBS","UMBS MORTPASS 3.5% 06/49","30yr",,,,,"3300003.08",,,,,,""
"2021-04-21","'31418B5D4'","MBS","UMBS MORTPASS 3% 06/36","Other",,,,,"3299526.52",,,,,,""
"2021-04-21","'3133A7YK9'","MBS","UMBS MORTPASS 3% 07/50","30yr",,,,,"3298792.84",,,,,,""
"2021-04-21","'3132J6G81'","MBS","FHLMCGLD 3% 02/43","30yr",,,,,"3297932.34",,,,,,""
"2021-04-21","'3138WDU66'","MBS","UMBS MORTPASS 2.5% 01/30","15yr",,,,,"3295924.76",,,,,,""
"2021-04-21","'3138W6QM1'","MBS","UMBS MORTPASS 3% 04/27","15yr",,,,,"3295905.07",,,,,,""
"2021-04-21","'3140JXQ84'","MBS","UMBS MORTPASS 4% 10/49","30yr",,,,,"3295620.96",,,,,,""
"2021-04-21","'3140KJA72'","MBS","UMBS MORTPASS 2.5% 07/50","30yr",,,,,"3295024.41",,,,,,""
"2021-04-21","'3140L46N4'","MBS","UMBS MORTPASS 1.5% 03/36","15yr",,,,,"3294448",,,,,,""
"2021-04-21","'3140Q7XH5'","MBS","UMBS MORTPASS 3% 11/47","30yr",,,,,"3294234.01",,,,,,""
"2021-04-21","'3133GBG24'","MBS","UMBS MORTPASS 1.5% 12/35","15yr",,,,,"3291474.13",,,,,,""
"2021-04-21","'3140K37A4'","MBS","UMBS MORTPASS 3% 11/39","Other",,,,,"3291412.97",,,,,,""
"2021-04-21","'3132XTL55'","MBS","FHLMCGLD 3% 10/47","30yr",,,,,"3290686.34",,,,,,""
"2021-04-21","'3620AVAU6'","MBS","GNMA I MORTPASS 3% 11/42","30yr",,,,,"3289747.15",,,,,,""
"2021-04-21","'3140JG3Q6'","MBS","UMBS MORTPASS 3% 01/50","30yr",,,,,"3287871.08",,,,,,""
"2021-04-21","'31335APZ5'","MBS","FHLMCGLD 3.5% 03/46","30yr",,,,,"3287666.62",,,,,,""
"2021-04-21","'3128MDM34'","MBS","FHLMCGLD 4% 12/26","15yr",,,,,"3286686.64",,,,,,""
"2021-04-21","'3133A1X64'","MBS","UMBS MORTPASS 3.5% 02/50","30yr",,,,,"3286361.21",,,,,,""
"2021-04-21","'31418AN79'","MBS","UMBS MORTPASS 2% 01/23","Other",,,,,"3284907.13",,,,,,""
"2021-04-21","'31346YKY8'","MBS","UMBS MORTPASS 3% 11/49","30yr",,,,,"3284887.33",,,,,,""
"2021-04-21","'31339UQC7'","MBS","UMBS MORTPASS 3.5% 10/49","30yr",,,,,"3284230.46",,,,,,""
"2021-04-21","'36181D6T8'","MBS","GNMA I MORTPASS 3% 05/43","30yr",,,,,"3283938.92",,,,,,""
"2021-04-21","'36180KJK8'","MBS","GNMA I MORTPASS 3% 04/43","30yr",,,,,"3283912.17",,,,,,""
"2021-04-21","'31417BPM3'","MBS","UMBS MORTPASS 3% 04/27","15yr",,,,,"3282371.61",,,,,,""
"2021-04-21","'3131X8VW3'","MBS","UMBS MORTPASS 2% 03/23","Other",,,,,"3280706.78",,,,,,""
"2021-04-21","'31346YWG4'","MBS","UMBS MORTPASS 4.5% 12/49","30yr",,,,,"3279664.34",,,,,,""
"2021-04-21","'3131Y9QF3'","MBS","UMBS MORTPASS 4% 02/49","30yr",,,,,"3277818.97",,,,,,""
"2021-04-21","'3133A8BU0'","MBS","UMBS MORTPASS 3% 03/50","30yr",,,,,"3276676.38",,,,,,""
"2021-04-21","'3128MFGJ1'","MBS","FHLMCGLD 3.5% 04/32","15yr",,,,,"3275023.18",,,,,,""
"2021-04-21","'3132A9QQ3'","MBS","UMBS MORTPASS 3% 04/30","15yr",,,,,"3274172.18",,,,,,""
"2021-04-21","'3140L4UB3'","MBS","UMBS MORTPASS 2% 02/51","30yr",,,,,"3273371.86",,,,,,""
"2021-04-21","'31307RSN6'","MBS","FHLMCGLD 2.5% 08/31","15yr",,,,,"3270475.97",,,,,,""
"2021-04-21","'3140K3BZ4'","MBS","UMBS MORTPASS 2% 01/35","15yr",,,,,"3270056.61",,,,,,""
"2021-04-21","'3140K8VY4'","MBS","UMBS MORTPASS 3% 02/50","30yr",,,,,"3269429.06",,,,,,""
"2021-04-21","'3133GB5A8'","MBS","UMBS MORTPASS 1.5% 01/36","15yr",,,,,"3268413.47",,,,,,""
"2021-04-21","'31418CEY6'","MBS","UMBS MORTPASS 3% 12/26","Other",,,,,"3265057.56",,,,,,""
"2021-04-21","'3140KC3J9'","MBS","UMBS MORTPASS 3% 04/50","30yr",,,,,"3263153.51",,,,,,""
"2021-04-21","'3140HD4G6'","MBS","UMBS MORTPASS 3% 02/33","15yr",,,,,"3261996.49",,,,,,""
"2021-04-21","'3140JWVB3'","MBS","UMBS MORTPASS 3% 08/34","15yr",,,,,"3260293.39",,,,,,""
"2021-04-21","'3140FHZV2'","MBS","UMBS MORTPASS 2.5% 11/31","15yr",,,,,"3259045.72",,,,,,""
"2021-04-21","'3140Q8NT8'","MBS","UMBS MORTPASS 3.5% 02/33","15yr",,,,,"3258685.71",,,,,,""
"2021-04-21","'31307QN45'","MBS","FHLMCGLD 3% 04/31","15yr",,,,,"3258249.45",,,,,,""
"2021-04-21","'3131Y2F78'","MBS","UMBS MORTPASS 4% 06/48","30yr",,,,,"3257949.74",,,,,,""
"2021-04-21","'3140GWQT3'","MBS","UMBS MORTPASS 3.5% 10/47","30yr",,,,,"3257380.28",,,,,,""
"2021-04-21","'3133A13F7'","MBS","UMBS MORTPASS 4.5% 02/50","30yr",,,,,"3257306.81",,,,,,""
"2021-04-21","'3140JG3Y9'","MBS","UMBS MORTPASS 3% 03/50","30yr",,,,,"3256000.35",,,,,,""
"2021-04-21","'36296V7H5'","MBS","GNMA I MORTPASS 4% 04/39","30yr",,,,,"3255515.43",,,,,,""
"2021-04-21","'3132WLBW5'","MBS","FHLMCGLD 3.5% 02/47","30yr",,,,,"3253954.04",,,,,,""
"2021-04-21","'3138MAK64'","MBS","UMBS MORTPASS 3.5% 08/42","30yr",,,,,"3253429.29",,,,,,""
"2021-04-21","'31418CNG5'","MBS","UMBS MORTPASS 3% 08/32","15yr",,,,,"3251290.03",,,,,,""
"2021-04-21","'3140L3TC5'","MBS","UMBS MORTPASS 1.5% 02/36","15yr",,,,,"3250855.86",,,,,,""
"2021-04-21","'3138MQH55'","MBS","UMBS MORTPASS 2.5% 01/28","15yr",,,,,"3249256.7",,,,,,""
"2021-04-21","'3138MK3Q7'","MBS","UMBS MORTPASS 3.5% 10/42","30yr",,,,,"3248008.39",,,,,,""
"2021-04-21","'31418CD76'","MBS","UMBS MORTPASS 4.5% 11/46","30yr",,,,,"3247244.46",,,,,,""
"2021-04-21","'3132WLU53'","MBS","FHLMCGLD 4.5% 03/47","30yr",,,,,"3246816.79",,,,,,""
"2021-04-21","'3140QC5Z5'","MBS","UMBS MORTPASS 4% 08/49","30yr",,,,,"3246558.07",,,,,,""
"2021-04-21","'3133A2MJ6'","MBS","UMBS MORTPASS 3% 02/45","30yr",,,,,"3244087.57",,,,,,""
"2021-04-21","'3138WFTU0'","MBS","UMBS MORTPASS 2.5% 10/30","15yr",,,,,"3241958.98",,,,,,""
"2021-04-21","'31417ARG6'","MBS","UMBS MORTPASS 3% 12/26","15yr",,,,,"3241836.98",,,,,,""
"2021-04-21","'36180KB83'","MBS","GNMA I MORTPASS 3% 03/43","30yr",,,,,"3240303.14",,,,,,""
"2021-04-21","'31418BBB1'","MBS","UMBS MORTPASS 3% 03/24","Other",,,,,"3237896.83",,,,,,""
"2021-04-21","'3128MJZK9'","MBS","FHLMCGLD 4.5% 01/47","30yr",,,,,"3236974",,,,,,""
"2021-04-21","'3140HPA98'","MBS","UMBS MORTPASS 3% 10/33","15yr",,,,,"3235393.74",,,,,,""
"2021-04-21","'3140JSDE6'","MBS","UMBS MORTPASS 2% 02/51","30yr",,,,,"3234001.81",,,,,,""
"2021-04-21","'3140KSBA4'","MBS","UMBS MORTPASS 2% 11/50","30yr",,,,,"3230582.01",,,,,,""
"2021-04-21","'31418C7A6'","MBS","UMBS MORTPASS 3.5% 02/34","15yr",,,,,"3230151.99",,,,,,""
"2021-04-21","'3138EGHC1'","MBS","UMBS MORTPASS 6.5% 01/39","30yr",,,,,"3229510.5",,,,,,"Y"
"2021-04-21","'3138XKSU9'","MBS","UMBS MORTPASS 3% 01/29","15yr",,,,,"3228893.24",,,,,,""
"2021-04-21","'3140X7WF2'","MBS","UMBS MORTPASS 2.5% 09/50","30yr",,,,,"3226457.53",,,,,,""
"2021-04-21","'36181D6U5'","MBS","GNMA I MORTPASS 3% 05/43","30yr",,,,,"3226338.33",,,,,,""
"2021-04-21","'3133A2GY0'","MBS","UMBS MORTPASS 3.5% 02/50","30yr",,,,,"3225615.88",,,,,,""
"2021-04-21","'3138AXGX3'","MBS","UMBS MORTPASS 3% 02/27","15yr",,,,,"3225025.35",,,,,,""
"2021-04-21","'31417ENR8'","MBS","UMBS MORTPASS 3% 01/43","30yr",,,,,"3225005.49",,,,,,""
"2021-04-21","'3140KAKT2'","MBS","UMBS MORTPASS 2.5% 05/50","30yr",,,,,"3224343.34",,,,,,""
"2021-04-21","'3140JVDT6'","MBS","UMBS MORTPASS 3.5% 08/49","30yr",,,,,"3220639.44",,,,,,""
"2021-04-21","'3140KABK1'","MBS","UMBS MORTPASS 2.5% 05/35","15yr",,,,,"3219151.42",,,,,,""
"2021-04-21","'3140KBKF0'","MBS","UMBS MORTPASS 2.5% 03/50","30yr",,,,,"3218953.1",,,,,,""
"2021-04-21","'3140JVD25'","MBS","UMBS MORTPASS 4% 07/49","30yr",,,,,"3218577.04",,,,,,""
"2021-04-21","'3140L1KF1'","MBS","UMBS MORTPASS 2% 02/51","30yr",,,,,"3217590.27",,,,,,""
"2021-04-21","'31307WR97'","MBS","FHLMCGLD 3.5% 09/33","15yr",,,,,"3215749.67",,,,,,""
"2021-04-21","'3133LPSJ7'","MBS","UMBS MORTPASS 3% 02/30","Other",,,,,"3215635.29",,,,,,""
"2021-04-21","'3140F24B3'","MBS","UMBS MORTPASS 2.5% 06/31","15yr",,,,,"3215614.98",,,,,,""
"2021-04-21","'3140J8FS7'","MBS","UMBS MORTPASS 2.5% 04/28","Other",,,,,"3215403.76",,,,,,""
"2021-04-21","'3133AGLQ0'","MBS","UMBS MORTPASS 1.5% 03/51","30yr",,,,,"3211941.67",,,,,,""
"2021-04-21","'3140JQYE7'","MBS","UMBS MORTPASS 4.5% 06/49","30yr",,,,,"3210077.48",,,,,,""
"2021-04-21","'3140L2DG5'","MBS","UMBS MORTPASS 1.5% 02/51","30yr",,,,,"3208376.68",,,,,,""
"2021-04-21","'3140QEBF8'","MBS","UMBS MORTPASS 2.5% 07/50","30yr",,,,,"3207409.3",,,,,,""
"2021-04-21","'3140HFLE7'","MBS","UMBS MORTPASS 3% 01/50","30yr",,,,,"3205969.63",,,,,,""
"2021-04-21","'3133GARY4'","MBS","UMBS MORTPASS 2% 11/35","15yr",,,,,"3205953.38",,,,,,""
"2021-04-21","'3132A9M46'","MBS","UMBS MORTPASS 2% 01/28","15yr",,,,,"3202832.07",,,,,,""
"2021-04-21","'3132J9UW6'","MBS","FHLMCGLD 3% 05/43","30yr",,,,,"3202829.56",,,,,,""
"2021-04-21","'31307WJ21'","MBS","FHLMCGLD 3% 07/33","15yr",,,,,"3199205.92",,,,,,""
"2021-04-21","'3132DV5Z4'","MBS","UMBS MORTPASS 4% 05/50","30yr",,,,,"3199148.73",,,,,,""
"2021-04-21","'3133A5BM4'","MBS","UMBS MORTPASS 2% 06/50","30yr",,,,,"3199070.94",,,,,,""
"2021-04-21","'3132J9RS9'","MBS","FHLMCGLD 3% 05/43","30yr",,,,,"3197645.03",,,,,,""
"2021-04-21","'3140K1JP2'","MBS","UMBS MORTPASS 2.5% 09/34","15yr",,,,,"3196072.59",,,,,,""
"2021-04-21","'3138MBVY9'","MBS","UMBS MORTPASS 2.5% 09/27","15yr",,,,,"3194131.37",,,,,,""
"2021-04-21","'3138EKLX1'","MBS","UMBS MORTPASS 2% 02/28","15yr",,,,,"3193681.89",,,,,,""
"2021-04-21","'3140JPUH6'","MBS","UMBS MORTPASS 2.5% 01/51","30yr",,,,,"3192320.97",,,,,,""
"2021-04-21","'3138MLEZ3'","MBS","UMBS MORTPASS 3.5% 11/42","30yr",,,,,"3192288.09",,,,,,""
"2021-04-21","'3140GNZR7'","MBS","UMBS MORTPASS 3% 07/49","30yr",,,,,"3191058.95",,,,,,""
"2021-04-21","'3138ET4L7'","MBS","UMBS MORTPASS 2% 01/24","Other",,,,,"3188192.58",,,,,,""
"2021-04-21","'3140X8EL7'","MBS","UMBS MORTPASS 2.5% 10/50","30yr",,,,,"3187839.26",,,,,,""
"2021-04-21","'3138E9W71'","MBS","UMBS MORTPASS 3% 04/27","15yr",,,,,"3187202.78",,,,,,""
"2021-04-21","'31307NZ72'","MBS","FHLMCGLD 2.5% 08/30","15yr",,,,,"3186645.34",,,,,,""
"2021-04-21","'31417GXB7'","MBS","UMBS MORTPASS 3.5% 06/43","30yr",,,,,"3185842.82",,,,,,""
"2021-04-21","'3140K84A6'","MBS","UMBS MORTPASS 2% 08/50","30yr",,,,,"3184087.21",,,,,,""
"2021-04-21","'3133G8YC9'","MBS","UMBS MORTPASS 2% 06/35","15yr",,,,,"3181834.76",,,,,,""
"2021-04-21","'3128MMYC1'","MBS","FHLMCGLD 3% 09/33","15yr",,,,,"3181481.53",,,,,,""
"2021-04-21","'3132A5JS5'","MBS","UMBS MORTPASS 4.5% 06/48","30yr",,,,,"3178300.75",,,,,,""
"2021-04-21","'3138W36E8'","MBS","UMBS MORTPASS 3% 03/43","30yr",,,,,"3177250.28",,,,,,""
"2021-04-21","'31307UKJ6'","MBS","FHLMCGLD 2.5% 08/32","15yr",,,,,"3177215.79",,,,,,""
"2021-04-21","'31418C2N3'","MBS","UMBS MORTPASS 3% 08/28","Other",,,,,"3176628.97",,,,,,""
"2021-04-21","'31329PZD8'","MBS","UMBS MORTPASS 4.5% 12/48","30yr",,,,,"3176443.51",,,,,,""
"2021-04-21","'3140KC3R1'","MBS","UMBS MORTPASS 2% 04/35","15yr",,,,,"3175312.49",,,,,,""
"2021-04-21","'3140JPMS1'","MBS","UMBS MORTPASS 3% 06/49","30yr",,,,,"3175253.39",,,,,,""
"2021-04-21","'3133A4LK0'","MBS","UMBS MORTPASS 2.5% 04/50","30yr",,,,,"3172623.98",,,,,,""
"2021-04-21","'3140JWVA5'","MBS","UMBS MORTPASS 2.5% 08/34","15yr",,,,,"3166221.02",,,,,,""
"2021-04-21","'31418CF66'","MBS","UMBS MORTPASS 2.5% 01/47","30yr",,,,,"3164947.35",,,,,,""
"2021-04-21","'3140JMNB4'","MBS","UMBS MORTPASS 3.5% 04/49","30yr",,,,,"3164355.2",,,,,,""
"2021-04-21","'3140JYSX5'","MBS","UMBS MORTPASS 3% 08/49","30yr",,,,,"3164041.73",,,,,,""
"2021-04-21","'31339U6Q8'","MBS","UMBS MORTPASS 3.5% 11/49","30yr",,,,,"3163350.18",,,,,,""
"2021-04-21","'31307JTN3'","MBS","FHLMCGLD 3% 10/29","15yr",,,,,"3163261.93",,,,,,""
"2021-04-21","'3140JGWE1'","MBS","UMBS MORTPASS 4.5% 09/48","30yr",,,,,"3159807.96",,,,,,""
"2021-04-21","'3140K0G93'","MBS","UMBS MORTPASS 3% 11/34","15yr",,,,,"3158759.32",,,,,,""
"2021-04-21","'31346YSG9'","MBS","UMBS MORTPASS 3.5% 12/49","30yr",,,,,"3158446.52",,,,,,""
"2021-04-21","'3131YDAM6'","MBS","UMBS MORTPASS 4.5% 05/49","30yr",,,,,"3156722.19",,,,,,""
"2021-04-21","'3131X7PJ1'","MBS","UMBS MORTPASS 3% 04/27","15yr",,,,,"3155575",,,,,,""
"2021-04-21","'3140K8P39'","MBS","UMBS MORTPASS 3% 02/50","30yr",,,,,"3153498.9",,,,,,""
"2021-04-21","'3140KBRQ9'","MBS","UMBS MORTPASS 2.5% 06/50","30yr",,,,,"3150490.47",,,,,,""
"2021-04-21","'3138WRTL4'","MBS","UMBS MORTPASS 3.5% 05/43","30yr",,,,,"3148872.87",,,,,,""
"2021-04-21","'3133ADYL4'","MBS","UMBS MORTPASS 1.5% 12/50","30yr",,,,,"3148355.66",,,,,,""
"2021-04-21","'3133A2W55'","MBS","UMBS MORTPASS 2.5% 03/50","30yr",,,,,"3145363.79",,,,,,""
"2021-04-21","'3140QCWH5'","MBS","UMBS MORTPASS 3% 07/48","30yr",,,,,"3144350.73",,,,,,""
"2021-04-21","'36297GLV0'","MBS","GNMA I 4.5% 07/39","30yr",,,,,"3144282.52",,,,,,""
"2021-04-21","'3133ACRC4'","MBS","UMBS MORTPASS 2% 10/50","30yr",,,,,"3143809.22",,,,,,""
"2021-04-21","'3140X5DF7'","MBS","UMBS MORTPASS 2.5% 11/34","15yr",,,,,"3142510.11",,,,,,""
"2021-04-21","'3140JPE35'","MBS","UMBS MORTPASS 3.5% 06/49","30yr",,,,,"3142453.58",,,,,,""
"2021-04-21","'3140JAKB3'","MBS","UMBS MORTPASS 2.5% 03/24","Other",,,,,"3141263.09",,,,,,""
"2021-04-21","'3140JW2T6'","MBS","UMBS MORTPASS 3.5% 08/49","30yr",,,,,"3138434.92",,,,,,""
"2021-04-21","'3133L7R58'","MBS","UMBS MORTPASS 2.5% 01/33","15yr",,,,,"3137337.6",,,,,,""
"2021-04-21","'3133GCFR8'","MBS","UMBS MORTPASS 2% 03/36","15yr",,,,,"3135365",,,,,,""
"2021-04-21","'31339UFX3'","MBS","UMBS MORTPASS 2.5% 10/49","30yr",,,,,"3134744.48",,,,,,""
"2021-04-21","'3131YDKT0'","MBS","UMBS MORTPASS 3% 06/49","30yr",,,,,"3132939.88",,,,,,""
"2021-04-21","'3140JSCY3'","MBS","UMBS MORTPASS 1.5% 03/36","15yr",,,,,"3130323",,,,,,""
"2021-04-21","'3140HNNX6'","MBS","UMBS MORTPASS 2.5% 12/50","30yr",,,,,"3129454.85",,,,,,""
"2021-04-21","'3138M0NP1'","MBS","UMBS MORTPASS 2.5% 06/27","15yr",,,,,"3124021.34",,,,,,""
"2021-04-21","'3132AC2M1'","MBS","UMBS MORTPASS 2.5% 01/30","15yr",,,,,"3123888.65",,,,,,""
"2021-04-21","'31329PS87'","MBS","UMBS MORTPASS 4% 11/48","30yr",,,,,"3123612.59",,,,,,""
"2021-04-21","'3140K04L9'","MBS","UMBS MORTPASS 3% 11/49","30yr",,,,,"3122046.1",,,,,,""
"2021-04-21","'3133HMD55'","MBS","UMBS MORTPASS 1.5% 11/30","Other",,,,,"3119905.68",,,,,,""
"2021-04-21","'3132A76N6'","MBS","UMBS MORTPASS 2.5% 10/28","15yr",,,,,"3119505.52",,,,,,""
"2021-04-21","'3138M4LA8'","MBS","UMBS MORTPASS 2.5% 09/27","15yr",,,,,"3119111.83",,,,,,""
"2021-04-21","'3132A9RX7'","MBS","UMBS MORTPASS 3% 03/31","15yr",,,,,"3118792.33",,,,,,""
"2021-04-21","'31334YXG7'","MBS","UMBS MORTPASS 3% 09/49","30yr",,,,,"3118722.49",,,,,,""
"2021-04-21","'3140K2C69'","MBS","UMBS MORTPASS 3% 12/49","30yr",,,,,"3117124.5",,,,,,""
"2021-04-21","'31307QTG2'","MBS","FHLMCGLD 3% 04/31","15yr",,,,,"3116682.75",,,,,,""
"2021-04-21","'3138ECF57'","MBS","UMBS MORTPASS 3% 03/27","15yr",,,,,"3116207.57",,,,,,""
"2021-04-21","'3140KER91'","MBS","UMBS MORTPASS 2% 05/35","15yr",,,,,"3115209.61",,,,,,""
"2021-04-21","'31307GJD2'","MBS","FHLMCGLD 3% 02/29","15yr",,,,,"3115183.3",,,,,,""
"2021-04-21","'3133A35V6'","MBS","UMBS MORTPASS 3% 04/50","30yr",,,,,"3114643.52",,,,,,""
"2021-04-21","'31307SLU5'","MBS","FHLMCGLD 2% 11/31","15yr",,,,,"3114022.38",,,,,,""
"2021-04-21","'3133GCGG1'","MBS","UMBS MORTPASS 2% 03/36","15yr",,,,,"3112212.13",,,,,,""
"2021-04-21","'36202FFT8'","MBS","GNMA II 4.5% 04/40","30yr",,,,,"3111989.64",,,,,,""
"2021-04-21","'31307FGE5'","MBS","FHLMCGLD 3% 11/28","15yr",,,,,"3110424.22",,,,,,""
"2021-04-21","'3140QCKD7'","MBS","UMBS MORTPASS 3% 05/49","30yr",,,,,"3109575.04",,,,,,""
"2021-04-21","'36202FQ74'","MBS","GNMA II 4.5% 03/41","30yr",,,,,"3107868.28",,,,,,""
"2021-04-21","'3132A9QJ9'","MBS","UMBS MORTPASS 2.5% 03/30","15yr",,,,,"3107036.61",,,,,,""
"2021-04-21","'3132J8HK9'","MBS","FHLMCGLD 3% 04/43","30yr",,,,,"3106823.44",,,,,,""
"2021-04-21","'3138M94G3'","MBS","UMBS MORTPASS 2.5% 09/27","15yr",,,,,"3106773.81",,,,,,""
"2021-04-21","'3140K7NN9'","MBS","UMBS MORTPASS 3% 03/50","30yr",,,,,"3106222.26",,,,,,""
"2021-04-21","'3132A7P96'","MBS","UMBS MORTPASS 2% 07/23","Other",,,,,"3103637.5",,,,,,""
"2021-04-21","'3140HPUX3'","MBS","UMBS MORTPASS 4% 08/48","30yr",,,,,"3101465.79",,,,,,""
"2021-04-21","'3128ME6Z9'","MBS","FHLMCGLD 2.5% 02/32","15yr",,,,,"3100210.53",,,,,,""
"2021-04-21","'3133A0AK0'","MBS","UMBS MORTPASS 3% 12/49","30yr",,,,,"3100126.22",,,,,,""
"2021-04-21","'3140L15Z4'","MBS","UMBS MORTPASS 2.5% 12/50","30yr",,,,,"3099355.22",,,,,,""
"2021-04-21","'3138LSLX6'","MBS","UMBS MORTPASS 3.5% 05/42","30yr",,,,,"3099338.7",,,,,,""
"2021-04-21","'31307VH25'","MBS","FHLMCGLD 2.5% 01/33","15yr",,,,,"3099154",,,,,,""
"2021-04-21","'31329N2A5'","MBS","UMBS MORTPASS 3% 02/48","30yr",,,,,"3098671.63",,,,,,""
"2021-04-21","'3133KKHY8'","MBS","UMBS MORTPASS 2.5% 10/50","30yr",,,,,"3098213.42",,,,,,""
"2021-04-21","'3138WJR83'","MBS","UMBS MORTPASS 3% 01/32","15yr",,,,,"3097991.59",,,,,,""
"2021-04-21","'3140JY2S4'","MBS","UMBS MORTPASS 3.5% 09/49","30yr",,,,,"3095494.57",,,,,,""
"2021-04-21","'3131X8BZ8'","MBS","UMBS MORTPASS 2.5% 10/27","15yr",,,,,"3095443.85",,,,,,""
"2021-04-21","'3133KHN44'","MBS","UMBS MORTPASS 3% 07/48","30yr",,,,,"3092703.31",,,,,,""
"2021-04-21","'3138MC3B8'","MBS","UMBS MORTPASS 3% 10/42","30yr",,,,,"3092522.25",,,,,,""
"2021-04-21","'3140QCLP9'","MBS","UMBS MORTPASS 4.5% 12/49","30yr",,,,,"3089632.96",,,,,,""
"2021-04-21","'3138EAAH0'","MBS","UMBS MORTPASS 3% 03/27","15yr",,,,,"3089081.33",,,,,,""
"2021-04-21","'3138XB5U4'","MBS","UMBS MORTPASS 4% 10/43","30yr",,,,,"3089072.8",,,,,,""
"2021-04-21","'36178B3Z6'","MBS","GNMA I MORTPASS 3% 09/42","30yr",,,,,"3085743.83",,,,,,""
"2021-04-21","'3133AANR9'","MBS","UMBS MORTPASS 2% 09/50","30yr",,,,,"3083973.32",,,,,,""
"2021-04-21","'31418C6X7'","MBS","UMBS MORTPASS 3.5% 02/29","Other",,,,,"3083828.68",,,,,,""
"2021-04-21","'3132DMAX3'","MBS","UMBS MORTPASS 4.5% 02/49","30yr",,,,,"3082554.59",,,,,,""
"2021-04-21","'3133GASG2'","MBS","UMBS MORTPASS 1.5% 11/35","15yr",,,,,"3079787.79",,,,,,""
"2021-04-21","'31339UVV9'","MBS","UMBS MORTPASS 3% 10/49","30yr",,,,,"3078027.91",,,,,,""
"2021-04-21","'3140QC6L5'","MBS","UMBS MORTPASS 4% 12/49","30yr",,,,,"3077693.64",,,,,,""
"2021-04-21","'3140HFEA3'","MBS","UMBS MORTPASS 3% 02/33","15yr",,,,,"3077556.8",,,,,,""
"2021-04-21","'3133A2CJ7'","MBS","UMBS MORTPASS 2.5% 01/50","30yr",,,,,"3075614.67",,,,,,""
"2021-04-21","'31417ER52'","MBS","UMBS MORTPASS 2% 01/28","15yr",,,,,"3075327.07",,,,,,""
"2021-04-21","'3131X75M6'","MBS","UMBS MORTPASS 2.5% 09/27","15yr",,,,,"3074974.38",,,,,,""
"2021-04-21","'3138WJK56'","MBS","UMBS MORTPASS 3% 11/46","30yr",,,,,"3073262.46",,,,,,""
"2021-04-21","'3133G6XH3'","MBS","UMBS MORTPASS 2.5% 10/34","15yr",,,,,"3072586.82",,,,,,""
"2021-04-21","'3140K3V82'","MBS","UMBS MORTPASS 2.5% 04/50","30yr",,,,,"3072004.13",,,,,,""
"2021-04-21","'3140K3LH3'","MBS","UMBS MORTPASS 3% 01/50","30yr",,,,,"3071626.54",,,,,,""
"2021-04-21","'36296WA71'","MBS","GNMA I 4.5% 06/39","30yr",,,,,"3070636.67",,,,,,""
"2021-04-21","'3138WTJU1'","MBS","UMBS MORTPASS 3.5% 06/43","30yr",,,,,"3070196.75",,,,,,""
"2021-04-21","'3140H7J73'","MBS","UMBS MORTPASS 3.5% 02/48","30yr",,,,,"3070179.49",,,,,,""
"2021-04-21","'3140X4Y83'","MBS","UMBS MORTPASS 3.5% 06/49","30yr",,,,,"3068211.35",,,,,,""
"2021-04-21","'3140JSAN9'","MBS","UMBS MORTPASS 1.5% 02/51","30yr",,,,,"3066234.01",,,,,,""
"2021-04-21","'3138EQLQ3'","MBS","UMBS MORTPASS 2.5% 02/29","15yr",,,,,"3065721.8",,,,,,""
"2021-04-21","'31418AM39'","MBS","UMBS MORTPASS 2.5% 12/27","15yr",,,,,"3064568",,,,,,""
"2021-04-21","'3140EWUN3'","MBS","UMBS MORTPASS 3.5% 02/46","30yr",,,,,"3063082.99",,,,,,""
"2021-04-21","'3132D54X7'","MBS","UMBS MORTPASS 2% 02/35","15yr",,,,,"3060268.25",,,,,,""
"2021-04-21","'3132DV5N1'","MBS","UMBS MORTPASS 4.5% 03/50","30yr",,,,,"3060038.83",,,,,,""
"2021-04-21","'3138MC5N0'","MBS","UMBS MORTPASS 2.5% 09/27","15yr",,,,,"3059459.96",,,,,,""
"2021-04-21","'3131X8CA2'","MBS","UMBS MORTPASS 2.5% 10/27","15yr",,,,,"3058735.15",,,,,,""
"2021-04-21","'3140HKCC0'","MBS","UMBS MORTPASS 3% 05/33","15yr",,,,,"3056569.56",,,,,,""
"2021-04-21","'36295R4M7'","MBS","GNMA I MORTPASS 4% 04/39","30yr",,,,,"3056427.77",,,,,,""
"2021-04-21","'3140KQJF9'","MBS","UMBS MORTPASS 2.5% 10/50","30yr",,,,,"3053719.5",,,,,,""
"2021-04-21","'3132A8KS7'","MBS","UMBS MORTPASS 3% 08/29","15yr",,,,,"3053641.47",,,,,,""
"2021-04-21","'3138WVNX5'","MBS","UMBS MORTPASS 3.5% 06/43","30yr",,,,,"3053477.46",,,,,,""
"2021-04-21","'3140X5B44'","MBS","UMBS MORTPASS 2.5% 11/34","15yr",,,,,"3053457.31",,,,,,""
"2021-04-21","'3132A7XW6'","MBS","UMBS MORTPASS 2.5% 07/29","15yr",,,,,"3052248.08",,,,,,""
"2021-04-21","'3133A0ER1'","MBS","UMBS MORTPASS 2.5% 12/49","30yr",,,,,"3051604.51",,,,,,""
"2021-04-21","'3140L7CA8'","MBS","UMBS MORTPASS 1.5% 04/36","15yr",,,,,"3051588",,,,,,""
"2021-04-21","'3132DMS48'","MBS","UMBS MORTPASS 1.5% 02/51","30yr",,,,,"3051218.36",,,,,,""
"2021-04-21","'3138W1H91'","MBS","UMBS MORTPASS 3% 02/43","30yr",,,,,"3049758.42",,,,,,""
"2021-04-21","'31418BVL7'","MBS","UMBS MORTPASS 2.5% 10/25","Other",,,,,"3048197.11",,,,,,""
"2021-04-21","'3140HKEM6'","MBS","UMBS MORTPASS 2% 09/50","30yr",,,,,"3047993.93",,,,,,""
"2021-04-21","'3140X8LB1'","MBS","UMBS MORTPASS 1.5% 11/50","30yr",,,,,"3047768.98",,,,,,""
"2021-04-21","'3132A9NC7'","MBS","UMBS MORTPASS 2% 05/28","15yr",,,,,"3047089.2",,,,,,""
"2021-04-21","'3131X8N36'","MBS","UMBS MORTPASS 2.5% 01/28","15yr",,,,,"3045963.31",,,,,,""
"2021-04-21","'3138ERFS4'","MBS","UMBS MORTPASS 2.5% 09/31","15yr",,,,,"3044712.83",,,,,,""
"2021-04-21","'3132ADP51'","MBS","UMBS MORTPASS 3% 11/33","15yr",,,,,"3043389.11",,,,,,""
"2021-04-21","'3131Y1D80'","MBS","UMBS MORTPASS 4% 05/48","30yr",,,,,"3040254.45",,,,,,""
"2021-04-21","'31307R2K0'","MBS","FHLMCGLD 3% 09/31","15yr",,,,,"3040144.65",,,,,,""
"2021-04-21","'3132KFSQ6'","MBS","FHLMCGLD 2.5% 12/31","15yr",,,,,"3039071.66",,,,,,""
"2021-04-21","'3140J5D55'","MBS","UMBS MORTPASS 2.5% 05/26","Other",,,,,"3037938.76",,,,,,""
"2021-04-21","'3138YBS79'","MBS","UMBS MORTPASS 2.5% 02/30","15yr",,,,,"3036575.76",,,,,,""
"2021-04-21","'3140K7PN7'","MBS","UMBS MORTPASS 3.5% 03/50","30yr",,,,,"3036454.08",,,,,,""
"2021-04-21","'3140KQ2M2'","MBS","UMBS MORTPASS 2% 10/35","15yr",,,,,"3036426.27",,,,,,""
"2021-04-21","'3140KUUF7'","MBS","UMBS MORTPASS 2% 11/50","30yr",,,,,"3034680.55",,,,,,""
"2021-04-21","'3131XY7A1'","MBS","UMBS MORTPASS 3.5% 01/48","30yr",,,,,"3031499.57",,,,,,""
"2021-04-21","'3138AYLN7'","MBS","UMBS MORTPASS 3% 11/26","15yr",,,,,"3030947.52",,,,,,""
"2021-04-21","'3138WMCQ2'","MBS","UMBS MORTPASS 3% 04/43","30yr",,,,,"3030748.12",,,,,,""
"2021-04-21","'3140H7LB1'","MBS","UMBS MORTPASS 3.5% 05/48","30yr",,,,,"3030175.04",,,,,,""
"2021-04-21","'31417AJC4'","MBS","UMBS MORTPASS 3% 11/26","15yr",,,,,"3029788.59",,,,,,""
"2021-04-21","'3140K1VT0'","MBS","UMBS MORTPASS 3.5% 01/50","30yr",,,,,"3028735.74",,,,,,""
"2021-04-21","'3133KGK98'","MBS","UMBS MORTPASS 3.5% 08/49","30yr",,,,,"3027154.39",,,,,,""
"2021-04-21","'31307WET7'","MBS","FHLMCGLD 3.5% 06/33","15yr",,,,,"3027043.42",,,,,,""
"2021-04-21","'3132A9SS7'","MBS","UMBS MORTPASS 2.5% 11/31","15yr",,,,,"3026875.29",,,,,,""
"2021-04-21","'36176H6C3'","MBS","GNMA I MORTPASS 3% 07/43","30yr",,,,,"3025795.31",,,,,,""
"2021-04-21","'3138WPVE1'","MBS","UMBS MORTPASS 3% 05/43","30yr",,,,,"3023102.04",,,,,,""
"2021-04-21","'3138MHMX8'","MBS","UMBS MORTPASS 3% 11/42","30yr",,,,,"3018734",,,,,,""
"2021-04-21","'3138WJSG4'","MBS","UMBS MORTPASS 2.5% 01/27","Other",,,,,"3018231.92",,,,,,""
"2021-04-21","'3128M8RH9'","MBS","FHLMCGLD 6.5% 04/39","30yr",,,,,"3017824.32",,,,,,"Y"
"2021-04-21","'3140KCKT8'","MBS","UMBS MORTPASS 2.5% 04/50","30yr",,,,,"3015273.15",,,,,,""
"2021-04-21","'3138EGWP5'","MBS","UMBS MORTPASS 5.5% 05/39","30yr",,,,,"3014833.07",,,,,,"Y"
"2021-04-21","'36296V7A0'","MBS","GNMA I MORTPASS 4% 03/39","30yr",,,,,"3013862.29",,,,,,""
"2021-04-21","'3132J7EP3'","MBS","FHLMCGLD 3.5% 03/43","30yr",,,,,"3013513.87",,,,,,""
"2021-04-21","'3131X8HB5'","MBS","UMBS MORTPASS 2.5% 11/27","15yr",,,,,"3012909.37",,,,,,""
"2021-04-21","'31307TY39'","MBS","FHLMCGLD 3.5% 05/32","15yr",,,,,"3012869.5",,,,,,""
"2021-04-21","'3140H6U64'","MBS","UMBS MORTPASS 3% 12/32","15yr",,,,,"3012323.4",,,,,,""
"2021-04-21","'3140KUF98'","MBS","UMBS MORTPASS 2% 11/35","15yr",,,,,"3010709.17",,,,,,""
"2021-04-21","'3140JVRW4'","MBS","UMBS MORTPASS 4.5% 09/49","30yr",,,,,"3010371.3",,,,,,""
"2021-04-21","'3140F7EZ8'","MBS","UMBS MORTPASS 2.5% 05/31","15yr",,,,,"3008294.95",,,,,,""
"2021-04-21","'3140HMQN7'","MBS","UMBS MORTPASS 4.5% 10/48","30yr",,,,,"3007680.59",,,,,,""
"2021-04-21","'3140FNYA6'","MBS","UMBS MORTPASS 3% 01/32","15yr",,,,,"3003380.75",,,,,,""
"2021-04-21","'36297AH89'","MBS","GNMA I MORTPASS 3% 10/42","30yr",,,,,"3003024.7",,,,,,""
"2021-04-21","'3133GBWU4'","MBS","UMBS MORTPASS 1.5% 02/36","15yr",,,,,"3000658.65",,,,,,""
"2021-04-21","'3140X9XT7'","MBS","UMBS MORTPASS 2% 02/36","15yr",,,,,"3000001.38",,,,,,""
"2021-04-21","'3140L2DS9'","MBS","UMBS MORTPASS 2% 02/51","30yr",,,,,"3000000.5",,,,,,""
"2021-04-21","'3140KRG60'","MBS","UMBS MORTPASS 2.5% 09/50","30yr",,,,,"2998909.32",,,,,,""
"2021-04-21","'3138EHCN0'","MBS","UMBS MORTPASS 5.5% 02/38","30yr",,,,,"2998872.11",,,,,,"Y"
"2021-04-21","'3133A0E34'","MBS","UMBS 3.0%","30yr",,,,,"2998573.95",,,,,,""
"2021-04-21","'3138ATNG1'","MBS","UMBS MORTPASS 4% 10/41","30yr",,,,,"2997202.79",,,,,,""
"2021-04-21","'3140HEE73'","MBS","UMBS MORTPASS 3.5% 04/33","15yr",,,,,"2997017.26",,,,,,""
"2021-04-21","'3131Y94P5'","MBS","UMBS MORTPASS 4% 02/49","30yr",,,,,"2995525.34",,,,,,""
"2021-04-21","'3140X7MY2'","MBS","UMBS MORTPASS 2.5% 08/50","30yr",,,,,"2991384.89",,,,,,""
"2021-04-21","'36230T3B6'","MBS","GNMA I MORTPASS 3% 05/43","30yr",,,,,"2991239.23",,,,,,""
"2021-04-21","'31339SKK0'","MBS","UMBS MORTPASS 4% 09/49","30yr",,,,,"2990912.42",,,,,,""
"2021-04-21","'3140QBTC2'","MBS","UMBS MORTPASS 3% 02/49","30yr",,,,,"2990722.13",,,,,,""
"2021-04-21","'3140L3SE2'","MBS","UMBS MORTPASS 2.5% 02/51","30yr",,,,,"2990546.69",,,,,,""
"2021-04-21","'3138X5AR8'","MBS","UMBS MORTPASS 3.5% 08/43","30yr",,,,,"2989324.28",,,,,,""
"2021-04-21","'36295CFX4'","MBS","GNMA I MORTPASS 3% 11/42","30yr",,,,,"2989091.62",,,,,,""
"2021-04-21","'3131YAXW5'","MBS","UMBS MORTPASS 4.5% 03/49","30yr",,,,,"2987052.02",,,,,,""
"2021-04-21","'3131XY6H7'","MBS","UMBS MORTPASS 3.5% 01/48","30yr",,,,,"2987035.91",,,,,,""
"2021-04-21","'31418CCR3'","MBS","UMBS MORTPASS 2% 10/26","Other",,,,,"2985942.59",,,,,,""
"2021-04-21","'3140HCBD7'","MBS","UMBS MORTPASS 3.5% 04/48","30yr",,,,,"2985666.92",,,,,,""
"2021-04-21","'31418CBJ2'","MBS","UMBS MORTPASS 2.5% 09/26","Other",,,,,"2984523.4",,,,,,""
"2021-04-21","'31418ABX5'","MBS","UMBS MORTPASS 3% 01/27","15yr",,,,,"2984311.28",,,,,,""
"2021-04-21","'3140KPGY3'","MBS","UMBS MORTPASS 1.5% 11/35","15yr",,,,,"2983071.74",,,,,,""
"2021-04-21","'31418DRM6'","MBS","UMBS MORTPASS 2% 08/30","Other",,,,,"2981316.14",,,,,,""
"2021-04-21","'3138WT2A3'","MBS","UMBS MORTPASS 3% 10/28","15yr",,,,,"2978902.25",,,,,,""
"2021-04-21","'3140JKYH3'","MBS","UMBS MORTPASS 4% 01/49","30yr",,,,,"2978743.9",,,,,,""
"2021-04-21","'3140HCAJ5'","MBS","UMBS MORTPASS 3.5% 03/48","30yr",,,,,"2977981.71",,,,,,""
"2021-04-21","'3138MK3P9'","MBS","UMBS MORTPASS 3% 11/42","30yr",,,,,"2977042.06",,,,,,""
"2021-04-21","'3140X6JJ1'","MBS","UMBS MORTPASS 2% 04/31","15yr",,,,,"2976289.87",,,,,,""
"2021-04-21","'3140H6C64'","MBS","UMBS MORTPASS 4% 02/48","30yr",,,,,"2975319.59",,,,,,""
"2021-04-21","'3133AA6B3'","MBS","UMBS MORTPASS 1.5% 10/50","30yr",,,,,"2975093.3",,,,,,""
"2021-04-21","'3140JQTA1'","MBS","UMBS MORTPASS 3.5% 09/49","30yr",,,,,"2974991.45",,,,,,""
"2021-04-21","'31418AFV5'","MBS","UMBS MORTPASS 2.5% 06/22","Other",,,,,"2974754.82",,,,,,""
"2021-04-21","'3131YBJV1'","MBS","UMBS MORTPASS 4% 04/49","30yr",,,,,"2973598.58",,,,,,""
"2021-04-21","'31339UFS4'","MBS","UMBS MORTPASS 3% 10/49","30yr",,,,,"2972902.93",,,,,,""
"2021-04-21","'3140JK5G7'","MBS","UMBS MORTPASS 4.5% 11/48","30yr",,,,,"2970862.96",,,,,,""
"2021-04-21","'3620A8C76'","MBS","GNMA I MORTPASS 3% 01/43","30yr",,,,,"2970859.96",,,,,,""
"2021-04-21","'3138LUCZ6'","MBS","UMBS MORTPASS 3% 06/27","15yr",,,,,"2970458.28",,,,,,""
"2021-04-21","'3140FEHQ0'","MBS","UMBS MORTPASS 3% 10/46","30yr",,,,,"2970406.86",,,,,,""
"2021-04-21","'3140HAVT4'","MBS","UMBS MORTPASS 3.5% 07/48","30yr",,,,,"2967353.68",,,,,,""
"2021-04-21","'3131X7MH8'","MBS","UMBS MORTPASS 3% 03/27","15yr",,,,,"2966654.36",,,,,,""
"2021-04-21","'3138ECPQ0'","MBS","UMBS MORTPASS 3.5% 03/42","30yr",,,,,"2965861.48",,,,,,""
"2021-04-21","'3128MFGA0'","MBS","FHLMCGLD 3.5% 03/32","15yr",,,,,"2963683.85",,,,,,""
"2021-04-21","'3140JYTL0'","MBS","UMBS MORTPASS 4% 08/49","30yr",,,,,"2963331.72",,,,,,""
"2021-04-21","'31307SPS6'","MBS","FHLMCGLD 2.5% 12/31","15yr",,,,,"2962423.08",,,,,,""
"2021-04-21","'3133A7CC1'","MBS","UMBS MORTPASS 2.5% 07/50","30yr",,,,,"2961213.51",,,,,,""
"2021-04-21","'3133AAPZ9'","MBS","UMBS MORTPASS 2% 10/50","30yr",,,,,"2960949.36",,,,,,""
"2021-04-21","'3140X6BL4'","MBS","UMBS MORTPASS 3% 08/29","Other",,,,,"2960004.88",,,,,,""
"2021-04-21","'36176H2R4'","MBS","GNMA I MORTPASS 3% 10/42","30yr",,,,,"2959272.72",,,,,,""
"2021-04-21","'36296USV3'","MBS","GNMA I 4.5% 03/39","30yr",,,,,"2958084.8",,,,,,""
"2021-04-21","'3132A9TV9'","MBS","UMBS MORTPASS 2.5% 08/32","15yr",,,,,"2955696.61",,,,,,""
"2021-04-21","'3138MP4N2'","MBS","UMBS MORTPASS 3% 01/43","30yr",,,,,"2955094.43",,,,,,""
"2021-04-21","'3133A9R49'","MBS","UMBS MORTPASS 2% 09/50","30yr",,,,,"2954236.11",,,,,,""
"2021-04-21","'36202F4P8'","MBS","GNMA II MORTPASS 3% 03/42","30yr",,,,,"2952493.33",,,,,,""
"2021-04-21","'3140H2CM8'","MBS","UMBS MORTPASS 2.5% 11/32","15yr",,,,,"2950453.32",,,,,,""
"2021-04-21","'3140KCCN0'","MBS","UMBS MORTPASS 3% 03/50","30yr",,,,,"2949245.19",,,,,,""
"2021-04-21","'3133KGUW6'","MBS","UMBS MORTPASS 3% 10/49","30yr",,,,,"2948337.04",,,,,,""
"2021-04-21","'3140JWTG5'","MBS","UMBS MORTPASS 2.5% 11/49","30yr",,,,,"2945550.02",,,,,,""
"2021-04-21","'3140FKRX0'","MBS","UMBS MORTPASS 2.5% 10/31","15yr",,,,,"2942177.95",,,,,,""
"2021-04-21","'3138XSGT8'","MBS","UMBS MORTPASS 3% 05/29","15yr",,,,,"2941679.39",,,,,,""
"2021-04-21","'3138ETFN1'","MBS","UMBS MORTPASS 3.5% 03/31","15yr",,,,,"2941634.7",,,,,,""
"2021-04-21","'3620A3T61'","MBS","GNMA I MORTPASS 5% 10/39","30yr",,,,,"2940582.62",,,,,,""
"2021-04-21","'3140KKTR5'","MBS","UMBS MORTPASS 2.5% 10/50","30yr",,,,,"2938685.51",,,,,,""
"2021-04-21","'3140JGWC5'","MBS","UMBS MORTPASS 4% 09/48","30yr",,,,,"2936208.77",,,,,,""
"2021-04-21","'31416YBV9'","MBS","UMBS MORTPASS 3.5% 04/26","15yr",,,,,"2934714.07",,,,,,""
"2021-04-21","'3133A4NK8'","MBS","UMBS MORTPASS 3% 05/50","30yr",,,,,"2933231.55",,,,,,""
"2021-04-21","'3140JUA79'","MBS","UMBS MORTPASS 3% 09/49","30yr",,,,,"2931347.58",,,,,,""
"2021-04-21","'3128P7RE5'","MBS","FHLMCGLD 4% 08/31","Other",,,,,"2929016.47",,,,,,""
"2021-04-21","'3133HMED7'","MBS","UMBS MORTPASS 2% 12/30","Other",,,,,"2928468.59",,,,,,""
"2021-04-21","'3140F54N0'","MBS","UMBS MORTPASS 3% 09/46","30yr",,,,,"2928270.94",,,,,,""
"2021-04-21","'3140JKPS9'","MBS","UMBS MORTPASS 4.5% 04/49","30yr",,,,,"2926220.94",,,,,,""
"2021-04-21","'3133KGU22'","MBS","UMBS MORTPASS 3% 10/49","30yr",,,,,"2925225.43",,,,,,""
"2021-04-21","'3140K1HF6'","MBS","UMBS MORTPASS 3.5% 09/49","30yr",,,,,"2919609.07",,,,,,""
"2021-04-21","'3133G9N21'","MBS","UMBS MORTPASS 2% 08/35","15yr",,,,,"2919236.4",,,,,,""
"2021-04-21","'31410K5K6'","MBS","UMBS MORTPASS 6.5% 11/38","30yr",,,,,"2918666.84",,,,,,""
"2021-04-21","'3132J7CG5'","MBS","FHLMCGLD 3.5% 02/43","30yr",,,,,"2918049.15",,,,,,""
"2021-04-21","'3140JMKT8'","MBS","UMBS MORTPASS 3.5% 02/49","30yr",,,,,"2917448.5",,,,,,""
"2021-04-21","'3140K5BL0'","MBS","UMBS MORTPASS 3.5% 02/50","30yr",,,,,"2917437.73",,,,,,""
"2021-04-21","'31307QR82'","MBS","FHLMCGLD 2.5% 04/31","15yr",,,,,"2917126.14",,,,,,""
"2021-04-21","'3140L44D8'","MBS","UMBS MORTPASS 1.5% 03/51","30yr",,,,,"2915917.43",,,,,,""
"2021-04-21","'3140FLNR5'","MBS","UMBS MORTPASS 3.5% 12/46","30yr",,,,,"2915900.76",,,,,,""
"2021-04-21","'36179NF52'","MBS","GNMA II 2.5% 06/43","30yr",,,,,"2915612.78",,,,,,""
"2021-04-21","'36202FTL0'","MBS","GNMA II 4.5% 05/41","30yr",,,,,"2915131.46",,,,,,""
"2021-04-21","'3133A9B95'","MBS","UMBS MORTPASS 2% 08/50","30yr",,,,,"2915128.28",,,,,,""
"2021-04-21","'3140Q8EY7'","MBS","UMBS MORTPASS 3% 01/48","30yr",,,,,"2913753.99",,,,,,""
"2021-04-21","'3140HBJG4'","MBS","UMBS MORTPASS 4.5% 06/48","30yr",,,,,"2911045.58",,,,,,""
"2021-04-21","'31418CJT2'","MBS","UMBS MORTPASS 3% 04/27","Other",,,,,"2909857.43",,,,,,""
"2021-04-21","'3131YAHG8'","MBS","UMBS MORTPASS 4.5% 03/49","30yr",,,,,"2908604.64",,,,,,""
"2021-04-21","'3131Y9ER0'","MBS","UMBS MORTPASS 4% 01/49","30yr",,,,,"2908177.98",,,,,,""
"2021-04-21","'3132A7YK1'","MBS","UMBS MORTPASS 2.5% 08/24","Other",,,,,"2907858.99",,,,,,""
"2021-04-21","'3140X8AZ0'","MBS","UMBS MORTPASS 2% 10/50","30yr",,,,,"2907257.58",,,,,,""
"2021-04-21","'3133A2M64'","MBS","UMBS MORTPASS 3.5% 12/49","30yr",,,,,"2906725.11",,,,,,""
"2021-04-21","'3138W4T43'","MBS","UMBS MORTPASS 2% 02/28","15yr",,,,,"2904629.78",,,,,,""
"2021-04-21","'3133G6MK8'","MBS","UMBS MORTPASS 3% 08/34","15yr",,,,,"2903908.22",,,,,,""
"2021-04-21","'31307T6Z9'","MBS","FHLMCGLD 2.5% 06/32","15yr",,,,,"2903312.29",,,,,,""
"2021-04-21","'3140H1H52'","MBS","UMBS MORTPASS 4.5% 09/47","30yr",,,,,"2901303.59",,,,,,""
"2021-04-21","'3138WHKH4'","MBS","UMBS MORTPASS 2.5% 07/31","15yr",,,,,"2901224.5",,,,,,""
"2021-04-21","'3138X0ZC5'","MBS","UMBS MORTPASS 3% 07/28","15yr",,,,,"2900512.04",,,,,,""
"2021-04-21","'3140KCKS0'","MBS","UMBS MORTPASS 3% 04/50","30yr",,,,,"2898902.39",,,,,,""
"2021-04-21","'31307NXC3'","MBS","FHLMCGLD 2.5% 08/30","15yr",,,,,"2897974.15",,,,,,""
"2021-04-21","'31418CM50'","MBS","UMBS MORTPASS 2.5% 07/27","Other",,,,,"2895782.46",,,,,,""
"2021-04-21","'3131X8A89'","MBS","UMBS MORTPASS 2.5% 10/27","15yr",,,,,"2893655.69",,,,,,""
"2021-04-21","'31418BPZ3'","MBS","UMBS MORTPASS 3% 04/25","Other",,,,,"2893142.85",,,,,,""
"2021-04-21","'3133G9KF5'","MBS","UMBS MORTPASS 2% 08/35","15yr",,,,,"2892887.45",,,,,,""
"2021-04-21","'3138WXGG6'","MBS","UMBS MORTPASS 3.5% 07/43","30yr",,,,,"2889961.93",,,,,,""
"2021-04-21","'3140X83S4'","MBS","UMBS MORTPASS 2% 12/50","30yr",,,,,"2889933.31",,,,,,""
"2021-04-21","'3133AGFM6'","MBS","UMBS MORTPASS 2% 11/50","30yr",,,,,"2888366.78",,,,,,""
"2021-04-21","'3140HGWY9'","MBS","UMBS MORTPASS 3% 03/33","15yr",,,,,"2887308.62",,,,,,""
"2021-04-21","'3140HNWZ1'","MBS","UMBS MORTPASS 3.5% 08/49","30yr",,,,,"2887108.3",,,,,,""
"2021-04-21","'31307EHY3'","MBS","FHLMCGLD 3% 09/28","15yr",,,,,"2886450.59",,,,,,""
"2021-04-21","'3138Y8UU2'","MBS","UMBS MORTPASS 2.5% 11/29","15yr",,,,,"2885635.82",,,,,,""
"2021-04-21","'3140L3C82'","MBS","UMBS MORTPASS 1.5% 04/36","15yr",,,,,"2884585",,,,,,""
"2021-04-21","'3140H72X4'","MBS","UMBS MORTPASS 4% 02/48","30yr",,,,,"2884081.82",,,,,,""
"2021-04-21","'3132DV4D4'","MBS","UMBS MORTPASS 2.5% 08/49","30yr",,,,,"2883428.18",,,,,,""
"2021-04-21","'3140QAVZ0'","MBS","UMBS MORTPASS 4% 04/44","30yr",,,,,"2881722.54",,,,,,""
"2021-04-21","'3140K4K90'","MBS","UMBS MORTPASS 3.5% 03/50","30yr",,,,,"2878319.73",,,,,,""
"2021-04-21","'3138W0W62'","MBS","UMBS MORTPASS 2.5% 02/28","15yr",,,,,"2872600.61",,,,,,""
"2021-04-21","'31418B5C6'","MBS","UMBS MORTPASS 3.5% 06/46","30yr",,,,,"2871378.97",,,,,,""
"2021-04-21","'3138AYXB0'","MBS","UMBS MORTPASS 3% 11/26","15yr",,,,,"2870710.4",,,,,,""
"2021-04-21","'3133G63R4'","MBS","UMBS MORTPASS 3% 10/34","15yr",,,,,"2870608.61",,,,,,""
"2021-04-21","'3138X15R3'","MBS","UMBS MORTPASS 3% 09/28","15yr",,,,,"2868461.75",,,,,,""
"2021-04-21","'3138WWTH2'","MBS","UMBS MORTPASS 3% 07/43","30yr",,,,,"2868430.23",,,,,,""
"2021-04-21","'3133AG3X5'","MBS","UMBS MORTPASS 2% 03/51","30yr",,,,,"2867650",,,,,,""
"2021-04-21","'31417C5C5'","MBS","UMBS MORTPASS 3.5% 09/42","30yr",,,,,"2865829.65",,,,,,""
"2021-04-21","'3138M1FM5'","MBS","UMBS MORTPASS 3% 07/27","15yr",,,,,"2864802.99",,,,,,""
"2021-04-21","'31339UED8'","MBS","UMBS MORTPASS 3% 10/49","30yr",,,,,"2864332.41",,,,,,""
"2021-04-21","'31417GFW1'","MBS","UMBS MORTPASS 2% 05/23","Other",,,,,"2863376.18",,,,,,""
"2021-04-21","'3140X57A5'","MBS","UMBS MORTPASS 2.5% 07/29","15yr",,,,,"2862573.88",,,,,,""
"2021-04-21","'3128M8QE7'","MBS","FHLMCGLD 6% 05/39","30yr",,,,,"2859346.34",,,,,,"Y"
"2021-04-21","'3132JAV28'","MBS","FHLMCGLD 3% 06/43","30yr",,,,,"2858969.28",,,,,,""
"2021-04-21","'3140KUEB4'","MBS","UMBS MORTPASS 2% 11/50","30yr",,,,,"2853804.93",,,,,,""
"2021-04-21","'3138M6B30'","MBS","UMBS MORTPASS 3% 11/27","15yr",,,,,"2852211.32",,,,,,""
"2021-04-21","'3138WEM63'","MBS","UMBS MORTPASS 2.5% 05/25","Other",,,,,"2850931.63",,,,,,""
"2021-04-21","'3132A9M95'","MBS","UMBS MORTPASS 2.5% 04/28","15yr",,,,,"2849101.57",,,,,,""
"2021-04-21","'31416TY37'","MBS","UMBS MORTPASS 4% 07/39","30yr",,,,,"2848233.2",,,,,,""
"2021-04-21","'3140JVBV3'","MBS","UMBS MORTPASS 4% 06/49","30yr",,,,,"2847063.27",,,,,,""
"2021-04-21","'3132D9BB9'","MBS","UMBS MORTPASS 5% 02/30","Other",,,,,"2846267.54",,,,,,""
"2021-04-21","'3140JXUL0'","MBS","UMBS MORTPASS 2.5% 08/34","15yr",,,,,"2845317.03",,,,,,""
"2021-04-21","'3133ABFK1'","MBS","UMBS MORTPASS 2% 09/50","30yr",,,,,"2843859.82",,,,,,""
"2021-04-21","'31307RMZ5'","MBS","FHLMCGLD 2.5% 07/31","15yr",,,,,"2841981.43",,,,,,""
"2021-04-21","'3140K4L99'","MBS","UMBS MORTPASS 2% 04/35","15yr",,,,,"2841935.04",,,,,,""
"2021-04-21","'3140KEEC8'","MBS","UMBS MORTPASS 2% 06/35","15yr",,,,,"2839750.78",,,,,,""
"2021-04-21","'3138ENGM5'","MBS","UMBS MORTPASS 3% 11/27","15yr",,,,,"2839249.25",,,,,,""
"2021-04-21","'31334YDL8'","MBS","UMBS MORTPASS 3.5% 08/49","30yr",,,,,"2836820.79",,,,,,""
"2021-04-21","'3140K02V9'","MBS","UMBS MORTPASS 3% 09/49","30yr",,,,,"2832764.37",,,,,,""
"2021-04-21","'3140KV2Q2'","MBS","UMBS MORTPASS 2% 12/50","30yr",,,,,"2832693.95",,,,,,""
"2021-04-21","'3138X6FQ3'","MBS","UMBS MORTPASS 4.5% 02/44","30yr",,,,,"2830525.65",,,,,,""
"2021-04-21","'3620A8CN1'","MBS","GNMA I MORTPASS 3% 02/43","30yr",,,,,"2826459.73",,,,,,""
"2021-04-21","'3131YALV0'","MBS","UMBS MORTPASS 3.5% 03/49","30yr",,,,,"2825357.34",,,,,,""
"2021-04-21","'3140HN5P3'","MBS","UMBS MORTPASS 3.5% 09/33","15yr",,,,,"2823858.47",,,,,,""
"2021-04-21","'31417BQQ3'","MBS","UMBS MORTPASS 4% 04/42","30yr",,,,,"2823158.67",,,,,,""
"2021-04-21","'3132JAHF5'","MBS","FHLMCGLD 3.5% 06/43","30yr",,,,,"2821540",,,,,,""
"2021-04-21","'3132M92P8'","MBS","FHLMCGLD 3.5% 10/44","30yr",,,,,"2820415.66",,,,,,""
"2021-04-21","'31418DKY7'","MBS","UMBS MORTPASS 2% 01/35","15yr",,,,,"2819270.38",,,,,,""
"2021-04-21","'3133AFZB0'","MBS","UMBS MORTPASS 1.5% 01/51","30yr",,,,,"2818979.71",,,,,,""
"2021-04-21","'3140KBPV0'","MBS","UMBS MORTPASS 3% 02/50","30yr",,,,,"2817934.94",,,,,,""
"2021-04-21","'3140K35S7'","MBS","UMBS MORTPASS 1.5% 04/36","15yr",,,,,"2816535",,,,,,""
"2021-04-21","'3140JKY42'","MBS","UMBS MORTPASS 4% 01/49","30yr",,,,,"2816068.87",,,,,,""
"2021-04-21","'36297GMM9'","MBS","GNMA I MORTPASS 5% 10/39","30yr",,,,,"2815865.8",,,,,,""
"2021-04-21","'31307TYA3'","MBS","FHLMCGLD 3.5% 05/32","15yr",,,,,"2815755.7",,,,,,""
"2021-04-21","'3620A8CM3'","MBS","GNMA I MORTPASS 3% 02/43","30yr",,,,,"2815332.8",,,,,,""
"2021-04-21","'3140J9R60'","MBS","UMBS MORTPASS 2.5% 08/27","Other",,,,,"2813276.23",,,,,,""
"2021-04-21","'3133LPSX6'","MBS","UMBS MORTPASS 2% 09/30","Other",,,,,"2811312.56",,,,,,""
"2021-04-21","'31334W3T6'","MBS","UMBS MORTPASS 3.5% 07/49","30yr",,,,,"2811118.64",,,,,,""
"2021-04-21","'3132A9VE4'","MBS","UMBS MORTPASS 2.5% 06/33","15yr",,,,,"2810542.14",,,,,,""
"2021-04-21","'3133AEWV2'","MBS","UMBS MORTPASS 2.5% 01/51","30yr",,,,,"2810373.45",,,,,,""
"2021-04-21","'3140HPYC5'","MBS","UMBS MORTPASS 4% 08/48","30yr",,,,,"2809985.33",,,,,,""
"2021-04-21","'3140JVES7'","MBS","UMBS MORTPASS 4.5% 09/49","30yr",,,,,"2809365.71",,,,,,""
"2021-04-21","'3140JUBC7'","MBS","UMBS MORTPASS 3% 09/49","30yr",,,,,"2807126.94",,,,,,""
"2021-04-21","'3140HEA44'","MBS","UMBS MORTPASS 3.5% 07/33","15yr",,,,,"2805680.14",,,,,,""
"2021-04-21","'3133GBL28'","MBS","UMBS MORTPASS 2% 01/36","15yr",,,,,"2803412.79",,,,,,""
"2021-04-21","'3132A75T4'","MBS","UMBS MORTPASS 2.5% 09/29","15yr",,,,,"2802579.63",,,,,,""
"2021-04-21","'3140Q9FJ7'","MBS","UMBS MORTPASS 3.5% 06/33","15yr",,,,,"2802558.71",,,,,,""
"2021-04-21","'31346YXL2'","MBS","UMBS MORTPASS 2.5% 12/49","30yr",,,,,"2802171.22",,,,,,""
"2021-04-21","'3138MJK24'","MBS","UMBS MORTPASS 2.5% 03/43","30yr",,,,,"2801367.22",,,,,,""
"2021-04-21","'3140KMDF4'","MBS","UMBS MORTPASS 2% 09/50","30yr",,,,,"2800401.29",,,,,,""
"2021-04-21","'3128MJZ78'","MBS","FHLMCGLD 3% 06/47","30yr",,,,,"2800193.11",,,,,,""
"2021-04-21","'3132L6SG7'","MBS","FHLMCGLD 3.5% 12/44","30yr",,,,,"2799853.91",,,,,,""
"2021-04-21","'3133GCSV5'","MBS","UMBS MORTPASS 1.5% 04/36","15yr",,,,,"2797550",,,,,,""
"2021-04-21","'3128MJUX6'","MBS","FHLMCGLD 3.5% 07/44","30yr",,,,,"2795357.77",,,,,,""
"2021-04-21","'3133AD5Z5'","MBS","UMBS MORTPASS 2% 01/51","30yr",,,,,"2793312.08",,,,,,""
"2021-04-21","'3138E8YW6'","MBS","UMBS MORTPASS 3% 05/42","30yr",,,,,"2792810.47",,,,,,""
"2021-04-21","'3140HKLY2'","MBS","UMBS MORTPASS 4% 05/48","30yr",,,,,"2792343.78",,,,,,""
"2021-04-21","'3140JYBU9'","MBS","UMBS MORTPASS 2.5% 11/49","30yr",,,,,"2791466.82",,,,,,""
"2021-04-21","'3138MFX51'","MBS","UMBS MORTPASS 2.5% 11/27","15yr",,,,,"2791218.77",,,,,,""
"2021-04-21","'3140K4SK7'","MBS","UMBS MORTPASS 3.5% 12/49","30yr",,,,,"2790300.11",,,,,,""
"2021-04-21","'3138AXWM9'","MBS","UMBS MORTPASS 3% 12/26","15yr",,,,,"2789061.9",,,,,,""
"2021-04-21","'3140L3Q61'","MBS","UMBS MORTPASS 2% 02/51","30yr",,,,,"2787617.32",,,,,,""
"2021-04-21","'36179M2R0'","MBS","GNMA II MORTPASS 4% 02/43","30yr",,,,,"2786169.18",,,,,,""
"2021-04-21","'3133ACRV2'","MBS","UMBS MORTPASS 2% 12/50","30yr",,,,,"2785946.25",,,,,,""
"2021-04-21","'3140HG2T3'","MBS","UMBS MORTPASS 3.5% 03/33","15yr",,,,,"2785115.71",,,,,,""
"2021-04-21","'3138ERXC9'","MBS","UMBS MORTPASS 3% 04/26","Other",,,,,"2784993.69",,,,,,""
"2021-04-21","'3140JL2P8'","MBS","UMBS MORTPASS 3.5% 03/49","30yr",,,,,"2784796.86",,,,,,""
"2021-04-21","'3140H4KF0'","MBS","UMBS MORTPASS 3.5% 01/48","30yr",,,,,"2782750.58",,,,,,""
"2021-04-21","'31307VGK6'","MBS","FHLMCGLD 2.5% 01/33","15yr",,,,,"2780380.28",,,,,,""
"2021-04-21","'3132A7RB9'","MBS","UMBS MORTPASS 2.5% 06/23","Other",,,,,"2779259.32",,,,,,""
"2021-04-21","'3140KMPB0'","MBS","UMBS MORTPASS 2% 10/35","15yr",,,,,"2778965.79",,,,,,""
"2021-04-21","'3140L42B4'","MBS","UMBS MORTPASS 1.5% 03/36","15yr",,,,,"2777679.57",,,,,,""
"2021-04-21","'31307NYF5'","MBS","FHLMCGLD 2.5% 08/30","15yr",,,,,"2776968.36",,,,,,""
"2021-04-21","'3138W9UD0'","MBS","UMBS MORTPASS 2.5% 09/23","Other",,,,,"2776908.78",,,,,,""
"2021-04-21","'3140KS2K2'","MBS","UMBS MORTPASS 2% 10/35","15yr",,,,,"2774139.45",,,,,,""
"2021-04-21","'3138EAAM9'","MBS","UMBS MORTPASS 3% 03/27","15yr",,,,,"2772733.36",,,,,,""
"2021-04-21","'3140JMD33'","MBS","UMBS MORTPASS 3.5% 09/49","30yr",,,,,"2771677.09",,,,,,""
"2021-04-21","'3131YBJX7'","MBS","UMBS MORTPASS 4.5% 04/49","30yr",,,,,"2767831.63",,,,,,""
"2021-04-21","'3132JA4Q5'","MBS","FHLMCGLD 3.5% 06/43","30yr",,,,,"2767288.28",,,,,,""
"2021-04-21","'3138NYK20'","MBS","UMBS MORTPASS 2.5% 01/28","15yr",,,,,"2766521.23",,,,,,""
"2021-04-21","'3133AGJU4'","MBS","UMBS MORTPASS 2% 03/51","30yr",,,,,"2765845.05",,,,,,""
"2021-04-21","'3140X4H90'","MBS","UMBS MORTPASS 2.5% 06/32","15yr",,,,,"2765708.5",,,,,,""
"2021-04-21","'3133HMD97'","MBS","UMBS MORTPASS 2% 11/30","Other",,,,,"2764913.35",,,,,,""
"2021-04-21","'31417GGG5'","MBS","UMBS MORTPASS 2.5% 05/28","15yr",,,,,"2763410.94",,,,,,""
"2021-04-21","'3140K4WR7'","MBS","UMBS MORTPASS 3% 03/50","30yr",,,,,"2761642.67",,,,,,""
"2021-04-21","'3140KHGV7'","MBS","UMBS MORTPASS 2% 09/35","15yr",,,,,"2761437.23",,,,,,""
"2021-04-21","'3133A0ME1'","MBS","UMBS MORTPASS 3% 12/49","30yr",,,,,"2760989.94",,,,,,""
"2021-04-21","'3138X2NF7'","MBS","UMBS MORTPASS 3.5% 07/43","30yr",,,,,"2760785.49",,,,,,""
"2021-04-21","'3133KHEK8'","MBS","UMBS MORTPASS 4.5% 09/49","30yr",,,,,"2760784.68",,,,,,""
"2021-04-21","'3131XYVT3'","MBS","UMBS MORTPASS 4.5% 12/47","30yr",,,,,"2760459.52",,,,,,""
"2021-04-21","'3133GCK27'","MBS","UMBS MORTPASS 1.5% 03/36","15yr",,,,,"2755936",,,,,,""
"2021-04-21","'3140QF3E7'","MBS","UMBS MORTPASS 2% 12/50","30yr",,,,,"2752799.51",,,,,,""
"2021-04-21","'3138EAMM6'","MBS","UMBS MORTPASS 2.5% 04/27","15yr",,,,,"2749607.36",,,,,,""
"2021-04-21","'3140KY5L4'","MBS","UMBS MORTPASS 1.5% 04/36","15yr",,,,,"2749440",,,,,,""
"2021-04-21","'3132DMEY7'","MBS","UMBS MORTPASS 4% 06/49","30yr",,,,,"2749159.31",,,,,,""
"2021-04-21","'31418CPQ1'","MBS","UMBS MORTPASS 2.5% 09/27","Other",,,,,"2748883.07",,,,,,""
"2021-04-21","'3132DMEH4'","MBS","UMBS MORTPASS 3% 10/49","30yr",,,,,"2747302.51",,,,,,""
"2021-04-21","'3140JWVY3'","MBS","UMBS MORTPASS 4% 07/49","30yr",,,,,"2746385.66",,,,,,""
"2021-04-21","'31410LUF7'","MBS","UMBS MORTPASS 2% 05/28","15yr",,,,,"2744734.1",,,,,,""
"2021-04-21","'3138EGFY5'","MBS","UMBS MORTPASS 6.5% 11/38","30yr",,,,,"2744360.92",,,,,,"Y"
"2021-04-21","'3140JRTU5'","MBS","UMBS MORTPASS 3.5% 04/49","30yr",,,,,"2742261.67",,,,,,""
"2021-04-21","'3140JVNQ1'","MBS","UMBS MORTPASS 3% 07/34","15yr",,,,,"2741394.99",,,,,,""
"2021-04-21","'3140HKKD9'","MBS","UMBS MORTPASS 2.5% 10/50","30yr",,,,,"2740964.25",,,,,,""
"2021-04-21","'3140Q87M1'","MBS","UMBS MORTPASS 3.5% 05/33","15yr",,,,,"2740206.82",,,,,,""
"2021-04-21","'3140F9DP7'","MBS","UMBS MORTPASS 2.5% 07/31","15yr",,,,,"2739643.46",,,,,,""
"2021-04-21","'3131Y8V69'","MBS","UMBS MORTPASS 4.5% 01/49","30yr",,,,,"2739471.6",,,,,,""
"2021-04-21","'3133KLHM2'","MBS","UMBS MORTPASS 1.5% 03/51","30yr",,,,,"2739027.8",,,,,,""
"2021-04-21","'3140HL4K9'","MBS","UMBS MORTPASS 4% 07/48","30yr",,,,,"2737482.1",,,,,,""
"2021-04-21","'3140EWWY7'","MBS","UMBS MORTPASS 3% 02/31","15yr",,,,,"2737133.27",,,,,,""
"2021-04-21","'3140JYR99'","MBS","UMBS MORTPASS 3% 08/49","30yr",,,,,"2736243.85",,,,,,""
"2021-04-21","'3138XRLG2'","MBS","UMBS MORTPASS 4% 03/44","30yr",,,,,"2735423.32",,,,,,""
"2021-04-21","'3138MHQR7'","MBS","UMBS MORTPASS 3% 10/27","15yr",,,,,"2731475.69",,,,,,""
"2021-04-21","'3133A6PL9'","MBS","UMBS MORTPASS 3% 06/50","30yr",,,,,"2730819.43",,,,,,""
"2021-04-21","'3138MRMU2'","MBS","UMBS MORTPASS 2% 01/28","15yr",,,,,"2727658.95",,,,,,""
"2021-04-21","'3140KACQ7'","MBS","UMBS MORTPASS 3% 04/50","30yr",,,,,"2727591.6",,,,,,""
"2021-04-21","'31339UZJ2'","MBS","UMBS MORTPASS 3% 11/49","30yr",,,,,"2726635.53",,,,,,""
"2021-04-21","'3140JNS92'","MBS","UMBS MORTPASS 3% 06/49","30yr",,,,,"2725978.37",,,,,,""
"2021-04-21","'3133AAKG6'","MBS","UMBS MORTPASS 2% 10/50","30yr",,,,,"2724945.11",,,,,,""
"2021-04-21","'31339SL86'","MBS","UMBS MORTPASS 3% 09/49","30yr",,,,,"2723536.83",,,,,,""
"2021-04-21","'3140JUEC4'","MBS","UMBS MORTPASS 2.5% 07/34","15yr",,,,,"2721074.01",,,,,,""
"2021-04-21","'36179JAT4'","MBS","GNMA I MORTPASS 3% 01/43","30yr",,,,,"2717495.28",,,,,,""
"2021-04-21","'31339SRF4'","MBS","UMBS MORTPASS 3% 09/49","30yr",,,,,"2716196.96",,,,,,""
"2021-04-21","'3140X5DL4'","MBS","UMBS MORTPASS 2.5% 12/29","Other",,,,,"2716172.36",,,,,,""
"2021-04-21","'31418BXD3'","MBS","UMBS MORTPASS 2.5% 12/25","Other",,,,,"2715901.25",,,,,,""
"2021-04-21","'3132A9SV0'","MBS","UMBS MORTPASS 2.5% 12/31","15yr",,,,,"2715654.98",,,,,,""
"2021-04-21","'3133ADS56'","MBS","UMBS MORTPASS 2% 12/50","30yr",,,,,"2715506.9",,,,,,""
"2021-04-21","'3140H7E60'","MBS","UMBS MORTPASS 2.5% 10/34","15yr",,,,,"2712953.28",,,,,,""
"2021-04-21","'3140L4UW7'","MBS","UMBS MORTPASS 2% 03/51","30yr",,,,,"2711578",,,,,,""
"2021-04-21","'31416YPU6'","MBS","UMBS MORTPASS 3.5% 06/26","15yr",,,,,"2709958.14",,,,,,""
"2021-04-21","'3140JP3U7'","MBS","UMBS MORTPASS 3% 02/50","30yr",,,,,"2709310.64",,,,,,""
"2021-04-21","'31307UTN8'","MBS","FHLMCGLD 3.5% 09/32","15yr",,,,,"2706909.83",,,,,,""
"2021-04-21","'3140JKX68'","MBS","UMBS MORTPASS 4% 12/48","30yr",,,,,"2705155.6",,,,,,""
"2021-04-21","'3132A9PX9'","MBS","UMBS MORTPASS 3% 09/29","15yr",,,,,"2703668.78",,,,,,""
"2021-04-21","'3140L6X66'","MBS","UMBS MORTPASS 1.5% 03/36","15yr",,,,,"2702744",,,,,,""
"2021-04-21","'3140L6LU6'","MBS","UMBS MORTPASS 1.5% 02/36","15yr",,,,,"2702415",,,,,,""
"2021-04-21","'3140X4K21'","MBS","UMBS MORTPASS 4% 07/49","30yr",,,,,"2700466.53",,,,,,""
"2021-04-21","'3138ERCB4'","MBS","UMBS MORTPASS 3% 09/31","15yr",,,,,"2700240.06",,,,,,""
"2021-04-21","'3138W4WQ0'","MBS","UMBS MORTPASS 3% 02/43","30yr",,,,,"2698394.68",,,,,,""
"2021-04-21","'31329LC91'","MBS","UMBS MORTPASS 2.5% 11/27","15yr",,,,,"2694550.18",,,,,,""
"2021-04-21","'3138X2F58'","MBS","UMBS MORTPASS 3% 08/28","15yr",,,,,"2694319.7",,,,,,""
"2021-04-21","'3140JNX62'","MBS","UMBS MORTPASS 4.5% 05/49","30yr",,,,,"2693802.5",,,,,,""
"2021-04-21","'31307URH3'","MBS","FHLMCGLD 2.5% 10/32","15yr",,,,,"2693724.76",,,,,,""
"2021-04-21","'3131X75T1'","MBS","UMBS MORTPASS 3% 09/27","15yr",,,,,"2693352.4",,,,,,""
"2021-04-21","'3132J7PD8'","MBS","FHLMCGLD 3.5% 03/43","30yr",,,,,"2692373.57",,,,,,""
"2021-04-21","'3140L6P24'","MBS","UMBS MORTPASS 2% 03/51","30yr",,,,,"2691315",,,,,,""
"2021-04-21","'31329LDG4'","MBS","UMBS MORTPASS 2.5% 01/28","15yr",,,,,"2690828.77",,,,,,""
"2021-04-21","'3131YC6F8'","MBS","UMBS MORTPASS 4.5% 05/49","30yr",,,,,"2690326.79",,,,,,""
"2021-04-21","'31374CPQ3'","MBS","UMBS MORTPASS 3% 04/28","15yr",,,,,"2686593.25",,,,,,""
"2021-04-21","'3138XZJJ1'","MBS","UMBS MORTPASS 4% 07/44","30yr",,,,,"2686131.23",,,,,,""
"2021-04-21","'3140J6C54'","MBS","UMBS MORTPASS 2.5% 07/28","15yr",,,,,"2682213.96",,,,,,""
"2021-04-21","'3132A7XG1'","MBS","UMBS MORTPASS 2.5% 05/29","15yr",,,,,"2681672.51",,,,,,""
"2021-04-21","'3133LPSK4'","MBS","UMBS MORTPASS 2.5% 04/30","Other",,,,,"2679815.66",,,,,,""
"2021-04-21","'3140K83M1'","MBS","UMBS MORTPASS 2.5% 05/50","30yr",,,,,"2679303.76",,,,,,""
"2021-04-21","'3132QLXG3'","MBS","FHLMCGLD 3.5% 01/45","30yr",,,,,"2678587.15",,,,,,""
"2021-04-21","'3140KLRG9'","MBS","UMBS MORTPASS 2.5% 08/50","30yr",,,,,"2678376.09",,,,,,""
"2021-04-21","'3140JJNV7'","MBS","UMBS MORTPASS 4% 12/48","30yr",,,,,"2676922.99",,,,,,""
"2021-04-21","'3140JVQE5'","MBS","UMBS MORTPASS 4% 08/49","30yr",,,,,"2676455.43",,,,,,""
"2021-04-21","'3132J66S8'","MBS","FHLMCGLD 3% 02/43","30yr",,,,,"2674757.55",,,,,,""
"2021-04-21","'3140FNJ70'","MBS","UMBS MORTPASS 3.5% 02/32","15yr",,,,,"2674165.73",,,,,,""
"2021-04-21","'3140X4V78'","MBS","UMBS MORTPASS 3% 10/27","Other",,,,,"2672559.56",,,,,,""
"2021-04-21","'3132J7R46'","MBS","FHLMCGLD 3% 03/43","30yr",,,,,"2672226.24",,,,,,""
"2021-04-21","'3140K8LP4'","MBS","UMBS MORTPASS 3.5% 01/50","30yr",,,,,"2668331.72",,,,,,""
"2021-04-21","'3138NYCY9'","MBS","UMBS MORTPASS 3% 01/43","30yr",,,,,"2665335.21",,,,,,""
"2021-04-21","'36181D6R2'","MBS","GNMA I MORTPASS 3% 05/43","30yr",,,,,"2664151.56",,,,,,""
"2021-04-21","'3140X4DE3'","MBS","UMBS MORTPASS 3% 04/47","30yr",,,,,"2663831.71",,,,,,""
"2021-04-21","'3133A0GV0'","MBS","UMBS MORTPASS 3.5% 12/49","30yr",,,,,"2660663.84",,,,,,""
"2021-04-21","'3140JW6F2'","MBS","UMBS MORTPASS 3.5% 07/49","30yr",,,,,"2660438.54",,,,,,""
"2021-04-21","'31417FZN1'","MBS","UMBS MORTPASS 2.5% 04/23","Other",,,,,"2660347.48",,,,,,""
"2021-04-21","'3138W1GD3'","MBS","UMBS MORTPASS 3% 02/43","30yr",,,,,"2659418.01",,,,,,""
"2021-04-21","'3132DMGT6'","MBS","UMBS MORTPASS 3% 12/49","30yr",,,,,"2659154.97",,,,,,""
"2021-04-21","'3131Y3Q58'","MBS","UMBS MORTPASS 4% 10/48","30yr",,,,,"2659152.92",,,,,,""
"2021-04-21","'3140QCZN9'","MBS","UMBS MORTPASS 4% 07/49","30yr",,,,,"2657216.06",,,,,,""
"2021-04-21","'3138NXDV6'","MBS","UMBS MORTPASS 2.5% 02/28","15yr",,,,,"2655344.07",,,,,,""
"2021-04-21","'31307TY62'","MBS","FHLMCGLD 3.5% 05/32","15yr",,,,,"2652057.45",,,,,,""
"2021-04-21","'3138MRYQ8'","MBS","UMBS MORTPASS 3.5% 01/43","30yr",,,,,"2651021.83",,,,,,""
"2021-04-21","'3133A7EJ4'","MBS","UMBS MORTPASS 2% 07/50","30yr",,,,,"2650940.82",,,,,,""
"2021-04-21","'3140QCWK8'","MBS","UMBS MORTPASS 3% 07/49","30yr",,,,,"2650614.02",,,,,,""
"2021-04-21","'36241LZF6'","MBS","GNMA II MORTPASS 4% 09/41","30yr",,,,,"2650081.42",,,,,,""
"2021-04-21","'31417G5G7'","MBS","UMBS MORTPASS 2.5% 07/28","15yr",,,,,"2648989.24",,,,,,""
"2021-04-21","'3133A3EG9'","MBS","UMBS MORTPASS 3% 02/50","30yr",,,,,"2646554.64",,,,,,""
"2021-04-21","'3138ECPM9'","MBS","UMBS MORTPASS 3.5% 03/42","30yr",,,,,"2646213.61",,,,,,""
"2021-04-21","'3133ACEW4'","MBS","UMBS MORTPASS 1.5% 11/50","30yr",,,,,"2645459.02",,,,,,""
"2021-04-21","'3140L5JU1'","MBS","UMBS MORTPASS 2% 03/51","30yr",,,,,"2645019",,,,,,""
"2021-04-21","'3138EKQ40'","MBS","UMBS MORTPASS 2.5% 02/28","15yr",,,,,"2641125.57",,,,,,""
"2021-04-21","'3138WB6R1'","MBS","UMBS MORTPASS 3% 06/29","15yr",,,,,"2637915.09",,,,,,""
"2021-04-21","'3138MC4L5'","MBS","UMBS MORTPASS 2.5% 11/27","15yr",,,,,"2635613.3",,,,,,""
"2021-04-21","'3140KFSN6'","MBS","UMBS MORTPASS 2% 08/50","30yr",,,,,"2635491.51",,,,,,""
"2021-04-21","'3140QGJX6'","MBS","UMBS MORTPASS 1.5% 12/35","15yr",,,,,"2634867.32",,,,,,""
"2021-04-21","'3132A8UZ0'","MBS","UMBS MORTPASS 2.5% 07/30","15yr",,,,,"2633190.62",,,,,,""
"2021-04-21","'3140HDXU3'","MBS","UMBS MORTPASS 3.5% 01/50","30yr",,,,,"2632203.33",,,,,,""
"2021-04-21","'3140JVS45'","MBS","UMBS MORTPASS 3% 10/49","30yr",,,,,"2631818.54",,,,,,""
"2021-04-21","'3131Y2WH7'","MBS","UMBS MORTPASS 4% 08/48","30yr",,,,,"2630536.9",,,,,,""
"2021-04-21","'3132WGB63'","MBS","FHLMCGLD 3% 08/46","30yr",,,,,"2630519.08",,,,,,""
"2021-04-21","'3140L4XC8'","MBS","UMBS MORTPASS 2% 02/51","30yr",,,,,"2628985.51",,,,,,""
"2021-04-21","'3133A4JW7'","MBS","UMBS MORTPASS 2.5% 05/50","30yr",,,,,"2628629.93",,,,,,""
"2021-04-21","'3132A9NU7'","MBS","UMBS MORTPASS 2.5% 10/28","15yr",,,,,"2628427.76",,,,,,""
"2021-04-21","'3133AF3H2'","MBS","UMBS MORTPASS 1.5% 02/51","30yr",,,,,"2626283.57",,,,,,""
"2021-04-21","'31418CSC9'","MBS","UMBS MORTPASS 3% 12/37","Other",,,,,"2625480.26",,,,,,""
"2021-04-21","'3140K4L24'","MBS","UMBS MORTPASS 2% 04/35","15yr",,,,,"2622050.38",,,,,,""
"2021-04-21","'3140J82U6'","MBS","UMBS MORTPASS 2.5% 08/30","15yr",,,,,"2621575.82",,,,,,""
"2021-04-21","'3140L2BW2'","MBS","UMBS MORTPASS 2.5% 01/51","30yr",,,,,"2619983.57",,,,,,""
"2021-04-21","'3138WFZJ8'","MBS","UMBS MORTPASS 2.5% 11/30","15yr",,,,,"2618935.33",,,,,,""
"2021-04-21","'3138X5VK0'","MBS","UMBS MORTPASS 2.5% 09/28","15yr",,,,,"2618532.93",,,,,,""
"2021-04-21","'3128MMYN7'","MBS","FHLMCGLD 3.5% 12/33","15yr",,,,,"2618167.19",,,,,,""
"2021-04-21","'36297F4F6'","MBS","GNMA I MORTPASS 5% 12/39","30yr",,,,,"2616882.85",,,,,,""
"2021-04-21","'3140Q9H97'","MBS","UMBS MORTPASS 4.5% 07/48","30yr",,,,,"2616608.12",,,,,,""
"2021-04-21","'3138WGCB8'","MBS","UMBS MORTPASS 2.5% 12/25","Other",,,,,"2615578.33",,,,,,""
"2021-04-21","'3140HBJR0'","MBS","UMBS MORTPASS 4% 01/48","30yr",,,,,"2615499.25",,,,,,""
"2021-04-21","'3128MEKE0'","MBS","FHLMCGLD 3.5% 05/27","15yr",,,,,"2615138.78",,,,,,""
"2021-04-21","'31334WCL3'","MBS","UMBS MORTPASS 3.5% 06/49","30yr",,,,,"2615069.97",,,,,,""
"2021-04-21","'3140HASD3'","MBS","UMBS MORTPASS 3.5% 05/48","30yr",,,,,"2612884",,,,,,""
"2021-04-21","'31418CU93'","MBS","UMBS MORTPASS 4.5% 03/48","30yr",,,,,"2612211.62",,,,,,""
"2021-04-21","'3140K3MY5'","MBS","UMBS MORTPASS 3% 01/50","30yr",,,,,"2612182.38",,,,,,""
"2021-04-21","'3131YBTH1'","MBS","UMBS MORTPASS 4.5% 04/49","30yr",,,,,"2611331.52",,,,,,""
"2021-04-21","'3138ER5U0'","MBS","UMBS MORTPASS 3% 03/30","15yr",,,,,"2608183.83",,,,,,""
"2021-04-21","'3138LWTS0'","MBS","UMBS MORTPASS 3% 06/27","15yr",,,,,"2607164.17",,,,,,""
"2021-04-21","'3140HNDD1'","MBS","UMBS MORTPASS 2% 11/45","30yr",,,,,"2606834.04",,,,,,""
"2021-04-21","'3140HBM47'","MBS","UMBS MORTPASS 3% 01/48","30yr",,,,,"2602915.96",,,,,,""
"2021-04-21","'3133A1JA1'","MBS","UMBS MORTPASS 3% 02/50","30yr",,,,,"2601514.47",,,,,,""
"2021-04-21","'3140FLK72'","MBS","UMBS MORTPASS 3% 11/46","30yr",,,,,"2599659.86",,,,,,""
"2021-04-21","'3138Y7C67'","MBS","UMBS MORTPASS 2.5% 12/30","15yr",,,,,"2598941.39",,,,,,""
"2021-04-21","'3131YDGG3'","MBS","UMBS MORTPASS 3.5% 06/49","30yr",,,,,"2598751.02",,,,,,""
"2021-04-21","'3140KTGH2'","MBS","UMBS MORTPASS 1.5% 04/51","30yr",,,,,"2597938.76",,,,,,""
"2021-04-21","'3140H5LG4'","MBS","UMBS MORTPASS 3.5% 12/47","30yr",,,,,"2597369.98",,,,,,""
"2021-04-21","'3140K7HK2'","MBS","UMBS MORTPASS 3% 03/50","30yr",,,,,"2595359.43",,,,,,""
"2021-04-21","'3140JUBQ6'","MBS","UMBS MORTPASS 3% 10/49","30yr",,,,,"2594328.7",,,,,,""
"2021-04-21","'3133AJBE2'","MBS","UMBS MORTPASS 2% 03/51","30yr",,,,,"2593731",,,,,,""
"2021-04-21","'3138WUNB5'","MBS","UMBS MORTPASS 2.5% 05/28","15yr",,,,,"2592539.31",,,,,,""
"2021-04-21","'3133AGGS2'","MBS","UMBS MORTPASS 1.5% 02/51","30yr",,,,,"2590620.24",,,,,,""
"2021-04-21","'3140J5MF3'","MBS","UMBS MORTPASS 2.5% 04/37","Other",,,,,"2588054.76",,,,,,""
"2021-04-21","'3140H7KS5'","MBS","UMBS MORTPASS 3% 03/33","15yr",,,,,"2587802.44",,,,,,""
"2021-04-21","'3140QDMT8'","MBS","UMBS MORTPASS 4.5% 02/50","30yr",,,,,"2587152.56",,,,,,""
"2021-04-21","'3140QDZM9'","MBS","UMBS MORTPASS 1.5% 06/35","15yr",,,,,"2585695.28",,,,,,""
"2021-04-21","'3140JNWJ5'","MBS","UMBS MORTPASS 4.5% 05/49","30yr",,,,,"2585688.48",,,,,,""
"2021-04-21","'3140L8N89'","MBS","UMBS MORTPASS 2% 04/51","30yr",,,,,"2585607",,,,,,""
"2021-04-21","'3131Y25E4'","MBS","UMBS MORTPASS 4% 09/48","30yr",,,,,"2585281.92",,,,,,""
"2021-04-21","'3133ABJ35'","MBS","UMBS MORTPASS 2% 10/50","30yr",,,,,"2585201.32",,,,,,""
"2021-04-21","'3138E0SC4'","MBS","UMBS MORTPASS 3% 12/26","15yr",,,,,"2583219.68",,,,,,""
"2021-04-21","'3140HL2Q8'","MBS","UMBS MORTPASS 4% 06/48","30yr",,,,,"2582910.67",,,,,,""
"2021-04-21","'3620ADSL7'","MBS","GNMA I MORTPASS 5% 11/39","30yr",,,,,"2581781.27",,,,,,""
"2021-04-21","'3140K8RX1'","MBS","UMBS MORTPASS 3% 03/50","30yr",,,,,"2579924.7",,,,,,""
"2021-04-21","'3140JQQN6'","MBS","UMBS MORTPASS 3% 07/49","30yr",,,,,"2578723.49",,,,,,""
"2021-04-21","'3140GNZ89'","MBS","UMBS MORTPASS 2.5% 11/49","30yr",,,,,"2578208.96",,,,,,""
"2021-04-21","'3140JSZQ5'","MBS","UMBS MORTPASS 3.5% 04/49","30yr",,,,,"2577955.83",,,,,,""
"2021-04-21","'31418CRJ5'","MBS","UMBS MORTPASS 3% 11/32","15yr",,,,,"2576288.4",,,,,,""
"2021-04-21","'3140K3N65'","MBS","UMBS MORTPASS 3% 02/50","30yr",,,,,"2574870.78",,,,,,""
"2021-04-21","'3131X8R40'","MBS","UMBS MORTPASS 2.5% 02/28","15yr",,,,,"2573918.08",,,,,,""
"2021-04-21","'3138WC3H4'","MBS","UMBS MORTPASS 2.5% 10/29","15yr",,,,,"2573806.62",,,,,,""
"2021-04-21","'3132A9SZ1'","MBS","UMBS MORTPASS 2.5% 01/32","15yr",,,,,"2570643.02",,,,,,""
"2021-04-21","'31346YAP8'","MBS","UMBS MORTPASS 3.5% 10/49","30yr",,,,,"2570407.02",,,,,,""
"2021-04-21","'3128MDPG2'","MBS","FHLMCGLD 2% 04/28","15yr",,,,,"2567872.75",,,,,,""
"2021-04-21","'3138WFBP0'","MBS","UMBS MORTPASS 3% 07/45","30yr",,,,,"2567526.89",,,,,,""
"2021-04-21","'3133AEM50'","MBS","UMBS MORTPASS 2% 12/50","30yr",,,,,"2566662.93",,,,,,""
"2021-04-21","'3138WXMY0'","MBS","UMBS MORTPASS 3.5% 07/43","30yr",,,,,"2564345.6",,,,,,""
"2021-04-21","'3140HMHC1'","MBS","UMBS MORTPASS 3.5% 08/48","30yr",,,,,"2563925.65",,,,,,""
"2021-04-21","'3133G7P49'","MBS","UMBS MORTPASS 2% 01/35","15yr",,,,,"2563906.35",,,,,,""
"2021-04-21","'3140HKHR2'","MBS","UMBS MORTPASS 2.5% 09/50","30yr",,,,,"2563206.84",,,,,,""
"2021-04-21","'3140KY2K9'","MBS","UMBS MORTPASS 2% 02/36","15yr",,,,,"2562265.68",,,,,,""
"2021-04-21","'31307CFA1'","MBS","FHLMCGLD 2.5% 05/28","15yr",,,,,"2561618.07",,,,,,""
"2021-04-21","'3140JSSS9'","MBS","UMBS MORTPASS 3% 06/49","30yr",,,,,"2561094.15",,,,,,""
"2021-04-21","'31329MKN9'","MBS","UMBS MORTPASS 2.5% 01/32","15yr",,,,,"2559228.69",,,,,,""
"2021-04-21","'3133GCBE1'","MBS","UMBS MORTPASS 1.5% 03/36","15yr",,,,,"2558738.94",,,,,,""
"2021-04-21","'31307GKL2'","MBS","FHLMCGLD 3% 03/29","15yr",,,,,"2558584.52",,,,,,""
"2021-04-21","'3133AG4A4'","MBS","UMBS MORTPASS 2% 03/51","30yr",,,,,"2557116",,,,,,""
"2021-04-21","'31417DT29'","MBS","UMBS MORTPASS 2.5% 11/27","15yr",,,,,"2556709.81",,,,,,""
"2021-04-21","'31417AKQ1'","MBS","UMBS MORTPASS 3% 11/26","15yr",,,,,"2554906.88",,,,,,""
"2021-04-21","'3128MMYF4'","MBS","FHLMCGLD 3% 10/33","15yr",,,,,"2554519.78",,,,,,""
"2021-04-21","'31418C3S1'","MBS","UMBS MORTPASS 3% 09/48","30yr",,,,,"2554445.25",,,,,,""
"2021-04-21","'3138MFXV4'","MBS","UMBS MORTPASS 2.5% 10/27","15yr",,,,,"2554291.19",,,,,,""
"2021-04-21","'3138X0ZW1'","MBS","UMBS MORTPASS 2.5% 07/28","15yr",,,,,"2554225.01",,,,,,""
"2021-04-21","'3140JMB35'","MBS","UMBS MORTPASS 4.5% 01/49","30yr",,,,,"2551866.56",,,,,,""
"2021-04-21","'3132J6AQ7'","MBS","FHLMCGLD 3% 01/43","30yr",,,,,"2550610.72",,,,,,""
"2021-04-21","'31307SSK0'","MBS","FHLMCGLD 2.5% 12/31","15yr",,,,,"2548492.59",,,,,,""
"2021-04-21","'3140KCCM2'","MBS","UMBS MORTPASS 3% 03/50","30yr",,,,,"2548480.64",,,,,,""
"2021-04-21","'3140H7D38'","MBS","UMBS MORTPASS 3.5% 05/33","15yr",,,,,"2548047.76",,,,,,""
"2021-04-21","'3138W0YS2'","MBS","UMBS MORTPASS 3% 01/43","30yr",,,,,"2547804.36",,,,,,""
"2021-04-21","'3140HBKT4'","MBS","UMBS MORTPASS 3.5% 02/48","30yr",,,,,"2547505.64",,,,,,""
"2021-04-21","'3138YKYP2'","MBS","UMBS MORTPASS 2.5% 06/30","15yr",,,,,"2546699.41",,,,,,""
"2021-04-21","'36179SQU4'","MBS","GNMA II 2.5% 11/46","30yr",,,,,"2544032.43",,,,,,""
"2021-04-21","'3140JHSU8'","MBS","UMBS MORTPASS 4% 09/48","30yr",,,,,"2543114.11",,,,,,""
"2021-04-21","'31329KYQ1'","MBS","UMBS MORTPASS 3.5% 08/38","Other",,,,,"2542172.63",,,,,,""
"2021-04-21","'3140JR4B4'","MBS","UMBS MORTPASS 4.5% 06/49","30yr",,,,,"2541749.43",,,,,,""
"2021-04-21","'3138MBW93'","MBS","UMBS MORTPASS 3% 09/27","15yr",,,,,"2540449.5",,,,,,""
"2021-04-21","'3140HH2Z7'","MBS","UMBS MORTPASS 3.5% 04/33","15yr",,,,,"2539151.56",,,,,,""
"2021-04-21","'3133KHQT6'","MBS","UMBS MORTPASS 3% 01/50","30yr",,,,,"2537229.36",,,,,,""
"2021-04-21","'3140L1SQ9'","MBS","UMBS MORTPASS 2% 01/36","15yr",,,,,"2536247.87",,,,,,""
"2021-04-21","'3138Y1DW2'","MBS","UMBS MORTPASS 4% 09/44","30yr",,,,,"2535425.65",,,,,,""
"2021-04-21","'3140GQDS2'","MBS","UMBS MORTPASS 4.5% 12/47","30yr",,,,,"2534108.02",,,,,,""
"2021-04-21","'3140HGR90'","MBS","UMBS MORTPASS 4.5% 03/48","30yr",,,,,"2533336.16",,,,,,""
"2021-04-21","'3138M7KE4'","MBS","UMBS MORTPASS 2.5% 10/42","30yr",,,,,"2533015.91",,,,,,""
"2021-04-21","'3133AFLH2'","MBS","UMBS MORTPASS 1.5% 01/51","30yr",,,,,"2532687.75",,,,,,""
"2021-04-21","'31307NAC8'","MBS","FHLMCGLD 3% 06/30","15yr",,,,,"2532103.64",,,,,,""
"2021-04-21","'3140HDRD8'","MBS","UMBS MORTPASS 3% 11/49","30yr",,,,,"2530518.87",,,,,,""
"2021-04-21","'3132J82S8'","MBS","FHLMCGLD 3% 03/43","30yr",,,,,"2529281.92",,,,,,""
"2021-04-21","'31418CWU4'","MBS","UMBS MORTPASS 4.5% 05/48","30yr",,,,,"2528983.76",,,,,,""
"2021-04-21","'3133ADP91'","MBS","UMBS MORTPASS 2.5% 12/50","30yr",,,,,"2528352.07",,,,,,""
"2021-04-21","'3140JVP71'","MBS","UMBS MORTPASS 3.5% 08/49","30yr",,,,,"2527442.65",,,,,,""
"2021-04-21","'36296WF92'","MBS","GNMA I MORTPASS 3% 11/42","30yr",,,,,"2525079.76",,,,,,""
"2021-04-21","'3140JVTB8'","MBS","UMBS MORTPASS 3% 10/49","30yr",,,,,"2524952.84",,,,,,""
"2021-04-21","'3132A9SG3'","MBS","UMBS MORTPASS 2% 08/31","15yr",,,,,"2524560.48",,,,,,""
"2021-04-21","'3138M7RP2'","MBS","UMBS MORTPASS 3.5% 09/42","30yr",,,,,"2523246.97",,,,,,""
"2021-04-21","'3128PXDP8'","MBS","FHLMCGLD 3% 11/26","15yr",,,,,"2522683.23",,,,,,""
"2021-04-21","'3133HMCP2'","MBS","UMBS MORTPASS 2% 03/30","Other",,,,,"2522061.88",,,,,,""
"2021-04-21","'3132JAUP8'","MBS","FHLMCGLD 3% 06/43","30yr",,,,,"2520775.42",,,,,,""
"2021-04-21","'3140EWGP4'","MBS","UMBS MORTPASS 2.5% 05/31","15yr",,,,,"2520083.36",,,,,,""
"2021-04-21","'3133AF3V1'","MBS","UMBS MORTPASS 1.5% 01/51","30yr",,,,,"2518459.92",,,,,,""
"2021-04-21","'3138XYCC6'","MBS","UMBS MORTPASS 3% 02/27","15yr",,,,,"2515723.07",,,,,,""
"2021-04-21","'3140HFKY4'","MBS","UMBS MORTPASS 3% 02/45","30yr",,,,,"2514234.98",,,,,,""
"2021-04-21","'31418CWF7'","MBS","UMBS MORTPASS 3.5% 04/28","Other",,,,,"2511771.21",,,,,,""
"2021-04-21","'3140L3CX7'","MBS","UMBS MORTPASS 1.5% 03/36","15yr",,,,,"2507660.74",,,,,,""
"2021-04-21","'31418DFB3'","MBS","UMBS MORTPASS 2.5% 08/39","Other",,,,,"2506194.9",,,,,,""
"2021-04-21","'3131X8KH8'","MBS","UMBS MORTPASS 2.5% 12/27","15yr",,,,,"2505799.38",,,,,,""
"2021-04-21","'3132JAZX6'","MBS","FHLMCGLD 4% 06/43","30yr",,,,,"2505456.33",,,,,,""
"2021-04-21","'3140HPM20'","MBS","UMBS MORTPASS 3.5% 10/33","15yr",,,,,"2504683.25",,,,,,""
"2021-04-21","'3133D3BV6'","MBS","UMBS MORTPASS 2.5% 09/39","Other",,,,,"2502961.09",,,,,,""
"2021-04-21","'31307EKC7'","MBS","FHLMCGLD 3% 09/28","15yr",,,,,"2502811.16",,,,,,""
"2021-04-21","'31307Q5G8'","MBS","FHLMCGLD 3.5% 05/31","15yr",,,,,"2502109.63",,,,,,""
"2021-04-21","'3140K8A43'","MBS","UMBS MORTPASS 3.5% 01/50","30yr",,,,,"2501626.56",,,,,,""
"2021-04-21","'3140KPH71'","MBS","UMBS MORTPASS 2% 09/35","15yr",,,,,"2501536.02",,,,,,""
"2021-04-21","'3133A0A79'","MBS","UMBS MORTPASS 3% 12/49","30yr",,,,,"2501302.87",,,,,,""
"2021-04-21","'3140JVJP8'","MBS","UMBS MORTPASS 3.5% 07/49","30yr",,,,,"2501279.13",,,,,,""
"2021-04-21","'31307TX30'","MBS","FHLMCGLD 2.5% 05/32","15yr",,,,,"2500545.45",,,,,,""
"2021-04-21","'3132A9MQ7'","MBS","UMBS MORTPASS 2.5% 07/27","15yr",,,,,"2500410.79",,,,,,""
"2021-04-21","'3133L7R33'","MBS","UMBS MORTPASS 2.5% 11/33","15yr",,,,,"2500213.78",,,,,,""
"2021-04-21","'31418B6Y7'","MBS","UMBS MORTPASS 3% 07/26","Other",,,,,"2498570.69",,,,,,""
"2021-04-21","'3140QA2K5'","MBS","UMBS MORTPASS 3.5% 05/49","30yr",,,,,"2496574.85",,,,,,""
"2021-04-21","'3140KCHH8'","MBS","UMBS MORTPASS 2% 04/35","15yr",,,,,"2495253.78",,,,,,""
"2021-04-21","'3140KUD58'","MBS","UMBS MORTPASS 2% 11/50","30yr",,,,,"2494279.9",,,,,,""
"2021-04-21","'31346YBT9'","MBS","UMBS MORTPASS 2.5% 11/49","30yr",,,,,"2493952.02",,,,,,""
"2021-04-21","'31417EFN6'","MBS","UMBS MORTPASS 2% 12/27","15yr",,,,,"2492649.47",,,,,,""
"2021-04-21","'31418BZE9'","MBS","UMBS MORTPASS 2.5% 02/26","Other",,,,,"2491114.23",,,,,,""
"2021-04-21","'3133G8LR0'","MBS","UMBS MORTPASS 2% 05/35","15yr",,,,,"2490941.21",,,,,,""
"2021-04-21","'31339UZL7'","MBS","UMBS MORTPASS 2.5% 11/49","30yr",,,,,"2490340.52",,,,,,""
"2021-04-21","'3138W9AB6'","MBS","UMBS MORTPASS 2% 07/28","15yr",,,,,"2487918.88",,,,,,""
"2021-04-21","'3140K8Q79'","MBS","UMBS MORTPASS 3% 03/50","30yr",,,,,"2487660.08",,,,,,""
"2021-04-21","'3140KKLN2'","MBS","UMBS MORTPASS 2% 07/50","30yr",,,,,"2486869.98",,,,,,""
"2021-04-21","'3138WDUN9'","MBS","UMBS MORTPASS 2.5% 01/30","15yr",,,,,"2486866.65",,,,,,""
"2021-04-21","'31412UV49'","MBS","UMBS MORTPASS 5% 01/40","30yr",,,,,"2486752.03",,,,,,""
"2021-04-21","'31346YVM2'","MBS","UMBS MORTPASS 3.5% 11/49","30yr",,,,,"2486121.39",,,,,,""
"2021-04-21","'3140JWCC2'","MBS","UMBS MORTPASS 3.5% 07/49","30yr",,,,,"2484429.99",,,,,,""
"2021-04-21","'3140L5J72'","MBS","UMBS MORTPASS 2% 03/51","30yr",,,,,"2484335",,,,,,""
"2021-04-21","'3620AARH3'","MBS","GNMA I MORTPASS 5% 08/39","30yr",,,,,"2483819.63",,,,,,""
"2021-04-21","'3132A9Q34'","MBS","UMBS MORTPASS 3% 07/30","15yr",,,,,"2483053.34",,,,,,""
"2021-04-21","'3140KMGU8'","MBS","UMBS MORTPASS 1.5% 09/35","15yr",,,,,"2482759.39",,,,,,""
"2021-04-21","'3140JW4V9'","MBS","UMBS MORTPASS 3% 10/49","30yr",,,,,"2482708.4",,,,,,""
"2021-04-21","'31418ATB4'","MBS","UMBS MORTPASS 2% 05/28","15yr",,,,,"2479900.19",,,,,,""
"2021-04-21","'3133AFZV6'","MBS","UMBS MORTPASS 2% 01/51","30yr",,,,,"2479815.45",,,,,,""
"2021-04-21","'3140L4Q36'","MBS","UMBS MORTPASS 1.5% 02/51","30yr",,,,,"2479087.54",,,,,,""
"2021-04-21","'3138E5J82'","MBS","UMBS MORTPASS 3.5% 01/42","30yr",,,,,"2479081.14",,,,,,""
"2021-04-21","'3140QEYR7'","MBS","UMBS MORTPASS 2% 09/50","30yr",,,,,"2478495.02",,,,,,""
"2021-04-21","'3132M5T85'","MBS","FHLMCGLD 4% 03/44","30yr",,,,,"2477028.66",,,,,,""
"2021-04-21","'3132DMDG7'","MBS","UMBS MORTPASS 3.5% 12/48","30yr",,,,,"2475383.32",,,,,,""
"2021-04-21","'3133AFGL9'","MBS","UMBS MORTPASS 1.5% 02/51","30yr",,,,,"2474999.01",,,,,,""
"2021-04-21","'31418AGN2'","MBS","UMBS MORTPASS 2.5% 07/22","Other",,,,,"2473256.76",,,,,,""
"2021-04-21","'3138W6QL3'","MBS","UMBS MORTPASS 3% 05/27","15yr",,,,,"2472595.54",,,,,,""
"2021-04-21","'3140KBVW1'","MBS","UMBS MORTPASS 2% 06/35","15yr",,,,,"2472340.5",,,,,,""
"2021-04-21","'3140QGD46'","MBS","UMBS MORTPASS 1.5% 12/50","30yr",,,,,"2471524.24",,,,,,""
"2021-04-21","'3140X5VU4'","MBS","UMBS MORTPASS 3% 02/50","30yr",,,,,"2470626.06",,,,,,""
"2021-04-21","'3132A9R74'","MBS","UMBS MORTPASS 2.5% 05/31","15yr",,,,,"2469033.98",,,,,,""
"2021-04-21","'3138MP2T1'","MBS","UMBS MORTPASS 3% 12/42","30yr",,,,,"2468690.46",,,,,,""
"2021-04-21","'3140HEKM3'","MBS","UMBS MORTPASS 4% 02/48","30yr",,,,,"2468681.49",,,,,,""
"2021-04-21","'3140J96T3'","MBS","UMBS MORTPASS 3% 06/28","15yr",,,,,"2468258.16",,,,,,""
"2021-04-21","'3133KHJT4'","MBS","UMBS MORTPASS 4% 10/49","30yr",,,,,"2467731.15",,,,,,""
"2021-04-21","'3133A9YM1'","MBS","UMBS MORTPASS 2.5% 09/50","30yr",,,,,"2466373.2",,,,,,""
"2021-04-21","'3140K2A61'","MBS","UMBS MORTPASS 2.5% 10/34","15yr",,,,,"2465794.8",,,,,,""
"2021-04-21","'3140HHEF8'","MBS","UMBS MORTPASS 3.5% 04/48","30yr",,,,,"2465610.59",,,,,,""
"2021-04-21","'3140KRGZ6'","MBS","UMBS MORTPASS 2% 09/50","30yr",,,,,"2464438.25",,,,,,""
"2021-04-21","'3140HHTK1'","MBS","UMBS MORTPASS 3.5% 04/33","15yr",,,,,"2464331.04",,,,,,""
"2021-04-21","'3140K4SH4'","MBS","UMBS MORTPASS 3% 12/49","30yr",,,,,"2463802.52",,,,,,""
"2021-04-21","'31417AVC0'","MBS","UMBS MORTPASS 3% 01/27","15yr",,,,,"2462880.33",,,,,,""
"2021-04-21","'3140KXGK6'","MBS","UMBS MORTPASS 2.5% 01/51","30yr",,,,,"2462636.23",,,,,,""
"2021-04-21","'3132JM4U0'","MBS","FHLMCGLD 3% 08/43","30yr",,,,,"2461935.99",,,,,,""
"2021-04-21","'3138YN2G1'","MBS","UMBS MORTPASS 3% 04/45","30yr",,,,,"2461819.49",,,,,,""
"2021-04-21","'3620AJCK3'","MBS","GNMA I MORTPASS 5% 01/40","30yr",,,,,"2457126.44",,,,,,""
"2021-04-21","'3140QAHJ2'","MBS","UMBS MORTPASS 3.5% 12/48","30yr",,,,,"2457104.34",,,,,,""
"2021-04-21","'3620A8DD2'","MBS","GNMA I MORTPASS 3% 06/43","30yr",,,,,"2457091.2",,,,,,""
"2021-04-21","'3140L4UK3'","MBS","UMBS MORTPASS 2% 02/51","30yr",,,,,"2454598.25",,,,,,""
"2021-04-21","'3140E8GJ1'","MBS","UMBS MORTPASS 2.5% 04/31","15yr",,,,,"2453038.16",,,,,,""
"2021-04-21","'3138WDZY0'","MBS","UMBS MORTPASS 3% 01/25","Other",,,,,"2451007.44",,,,,,""
"2021-04-21","'3132A7PV7'","MBS","UMBS MORTPASS 2.5% 07/23","Other",,,,,"2450151.76",,,,,,""
"2021-04-21","'3138XW3B2'","MBS","UMBS MORTPASS 3.5% 07/29","15yr",,,,,"2449179.8",,,,,,""
"2021-04-21","'3140JYS49'","MBS","UMBS MORTPASS 3% 09/49","30yr",,,,,"2448463.9",,,,,,""
"2021-04-21","'3132CWK60'","MBS","UMBS MORTPASS 3% 07/33","15yr",,,,,"2447929.11",,,,,,""
"2021-04-21","'3140X4ZT6'","MBS","UMBS MORTPASS 3.5% 09/49","30yr",,,,,"2443947.63",,,,,,""
"2021-04-21","'3131YDFY5'","MBS","UMBS MORTPASS 3% 06/49","30yr",,,,,"2443460.26",,,,,,""
"2021-04-21","'3138WBZF5'","MBS","UMBS MORTPASS 3% 05/29","15yr",,,,,"2442653.97",,,,,,""
"2021-04-21","'3131X8TH9'","MBS","UMBS MORTPASS 2.5% 02/28","15yr",,,,,"2442430.31",,,,,,""
"2021-04-21","'3133AACP5'","MBS","UMBS MORTPASS 2% 09/50","30yr",,,,,"2442327.86",,,,,,""
"2021-04-21","'3133A7VR7'","MBS","UMBS MORTPASS 2% 07/50","30yr",,,,,"2442291.64",,,,,,""
"2021-04-21","'31417A6W4'","MBS","UMBS MORTPASS 3% 02/27","15yr",,,,,"2441942.4",,,,,,""
"2021-04-21","'3140HPVJ3'","MBS","UMBS MORTPASS 3.5% 10/48","30yr",,,,,"2441205.43",,,,,,""
"2021-04-21","'3140JRZZ7'","MBS","UMBS MORTPASS 3% 05/49","30yr",,,,,"2441041.07",,,,,,""
"2021-04-21","'3140F2TG5'","MBS","UMBS MORTPASS 2.5% 05/31","15yr",,,,,"2440666.83",,,,,,""
"2021-04-21","'3138YD2C2'","MBS","UMBS MORTPASS 3% 03/45","30yr",,,,,"2439641.55",,,,,,""
"2021-04-21","'3138MFM46'","MBS","UMBS MORTPASS 2.5% 10/27","15yr",,,,,"2438967.82",,,,,,""
"2021-04-21","'31307VGP5'","MBS","FHLMCGLD 3% 01/33","15yr",,,,,"2437833.8",,,,,,""
"2021-04-21","'31307DXN1'","MBS","FHLMCGLD 3% 08/28","15yr",,,,,"2437804.06",,,,,,""
"2021-04-21","'3140H7MU8'","MBS","UMBS MORTPASS 3.5% 02/48","30yr",,,,,"2437703.66",,,,,,""
"2021-04-21","'3138YHFM7'","MBS","UMBS MORTPASS 3% 03/45","30yr",,,,,"2437556.61",,,,,,""
"2021-04-21","'312939BB6'","MBS","FHLMCGLD 4.5% 02/40","30yr",,,,,"2437383.64",,,,,,""
"2021-04-21","'3140L45G0'","MBS","UMBS MORTPASS 2% 03/51","30yr",,,,,"2435551.36",,,,,,""
"2021-04-21","'31307NXD1'","MBS","FHLMCGLD 2.5% 08/30","15yr",,,,,"2435327.33",,,,,,""
"2021-04-21","'3133KKZ28'","MBS","UMBS MORTPASS 1.5% 01/51","30yr",,,,,"2435120.43",,,,,,""
"2021-04-21","'3140GN2E2'","MBS","UMBS MORTPASS 3% 01/50","30yr",,,,,"2435051.86",,,,,,""
"2021-04-21","'36180KJM4'","MBS","GNMA I MORTPASS 3% 04/43","30yr",,,,,"2433718.15",,,,,,""
"2021-04-21","'3140KC5F5'","MBS","UMBS MORTPASS 2.5% 05/35","15yr",,,,,"2433640.21",,,,,,""
"2021-04-21","'3140HJSY8'","MBS","UMBS MORTPASS 3.5% 06/48","30yr",,,,,"2433060.78",,,,,,""
"2021-04-21","'31307C3D8'","MBS","FHLMCGLD 3% 06/28","15yr",,,,,"2432409.66",,,,,,""
"2021-04-21","'3133A1JP8'","MBS","UMBS MORTPASS 3% 02/50","30yr",,,,,"2430108.48",,,,,,""
"2021-04-21","'3132KFNL2'","MBS","FHLMCGLD 2.5% 08/31","15yr",,,,,"2429801.65",,,,,,""
"2021-04-21","'31416XMW7'","MBS","UMBS MORTPASS 4% 02/41","30yr",,,,,"2428825.8",,,,,,""
"2021-04-21","'36176EMG3'","MBS","GNMA I 3.5% 07/43","30yr",,,,,"2426298.74",,,,,,""
"2021-04-21","'3140JVRA2'","MBS","UMBS MORTPASS 2.5% 06/34","15yr",,,,,"2425602.99",,,,,,""
"2021-04-21","'3132QMGQ8'","MBS","FHLMCGLD 3.5% 12/44","30yr",,,,,"2425307.38",,,,,,""
"2021-04-21","'3140HATZ3'","MBS","UMBS MORTPASS 4.5% 02/48","30yr",,,,,"2425119.66",,,,,,""
"2021-04-21","'3140Q9HL0'","MBS","UMBS MORTPASS 4% 07/43","30yr",,,,,"2423854.36",,,,,,""
"2021-04-21","'3140XACK6'","MBS","UMBS MORTPASS 2% 07/25","Other",,,,,"2423709.97",,,,,,""
"2021-04-21","'3140QDZH0'","MBS","UMBS MORTPASS 2.5% 06/50","30yr",,,,,"2423704.4",,,,,,""
"2021-04-21","'3132A9QP5'","MBS","UMBS MORTPASS 2.5% 04/30","15yr",,,,,"2423081.26",,,,,,""
"2021-04-21","'3140HGAJ6'","MBS","UMBS MORTPASS 2.5% 06/35","15yr",,,,,"2422957.34",,,,,,""
"2021-04-21","'3140H5BM2'","MBS","UMBS MORTPASS 3% 01/33","15yr",,,,,"2422508.87",,,,,,""
"2021-04-21","'31307WS21'","MBS","FHLMCGLD 3% 09/33","15yr",,,,,"2419987.55",,,,,,""
"2021-04-21","'3138WC3G6'","MBS","UMBS MORTPASS 2.5% 10/29","15yr",,,,,"2417681.93",,,,,,""
"2021-04-21","'36178B5A9'","MBS","GNMA I MORTPASS 3% 05/43","30yr",,,,,"2417567.45",,,,,,""
"2021-04-21","'31417FP51'","MBS","UMBS MORTPASS 2.5% 03/28","15yr",,,,,"2417542.06",,,,,,""
"2021-04-21","'3140H7R25'","MBS","UMBS MORTPASS 3% 03/33","15yr",,,,,"2416927.62",,,,,,""
"2021-04-21","'31307RLC7'","MBS","FHLMCGLD 2.5% 07/31","15yr",,,,,"2413006.86",,,,,,""
"2021-04-21","'31329LFJ6'","MBS","UMBS MORTPASS 2.5% 04/28","15yr",,,,,"2412167.17",,,,,,""
"2021-04-21","'31329KXD1'","MBS","UMBS MORTPASS 3% 10/37","Other",,,,,"2410367.5",,,,,,""
"2021-04-21","'3133L7R25'","MBS","UMBS MORTPASS 3% 01/34","15yr",,,,,"2407070.05",,,,,,""
"2021-04-21","'3140KTZV0'","MBS","UMBS MORTPASS 1.5% 12/50","30yr",,,,,"2405562.94",,,,,,""
"2021-04-21","'3138E2MC6'","MBS","UMBS MORTPASS 3% 01/27","15yr",,,,,"2402456.18",,,,,,""
"2021-04-21","'31417F7K8'","MBS","UMBS MORTPASS 2.5% 04/28","15yr",,,,,"2402416.91",,,,,,""
"2021-04-21","'3138YKMV2'","MBS","UMBS MORTPASS 3% 04/30","15yr",,,,,"2401654.1",,,,,,""
"2021-04-21","'3133ABST8'","MBS","UMBS MORTPASS 1.5% 11/50","30yr",,,,,"2401564.22",,,,,,""
"2021-04-21","'3132JNRE9'","MBS","FHLMCGLD 3.5% 09/43","30yr",,,,,"2400727.13",,,,,,""
"2021-04-21","'3140K9KY4'","MBS","UMBS MORTPASS 2.5% 01/50","30yr",,,,,"2400650.47",,,,,,""
"2021-04-21","'31418BRF5'","MBS","UMBS MORTPASS 2% 05/30","15yr",,,,,"2399451.64",,,,,,""
"2021-04-21","'31339SMW2'","MBS","UMBS MORTPASS 3% 09/49","30yr",,,,,"2399329.83",,,,,,""
"2021-04-21","'3140JGR80'","MBS","UMBS MORTPASS 4% 10/48","30yr",,,,,"2398099.52",,,,,,""
"2021-04-21","'3138EKGS8'","MBS","UMBS MORTPASS 3% 08/27","15yr",,,,,"2397664.61",,,,,,""
"2021-04-21","'31307F4N8'","MBS","FHLMCGLD 3% 01/29","15yr",,,,,"2396829.1",,,,,,""
"2021-04-21","'3128MEJG7'","MBS","FHLMCGLD 3% 07/30","15yr",,,,,"2395749.37",,,,,,""
"2021-04-21","'3128MJVN7'","MBS","FHLMCGLD 3.5% 12/44","30yr",,,,,"2395654.36",,,,,,""
"2021-04-21","'3138W6PG5'","MBS","UMBS MORTPASS 3.5% 05/43","30yr",,,,,"2394991.11",,,,,,""
"2021-04-21","'3138EHBG6'","MBS","UMBS MORTPASS 5.5% 04/39","30yr",,,,,"2394891.28",,,,,,"Y"
"2021-04-21","'31339SPU3'","MBS","UMBS MORTPASS 4% 09/49","30yr",,,,,"2394171.97",,,,,,""
"2021-04-21","'3138NYBK0'","MBS","UMBS MORTPASS 2.5% 12/27","15yr",,,,,"2393793.34",,,,,,""
"2021-04-21","'3140KBV35'","MBS","UMBS MORTPASS 2% 05/35","15yr",,,,,"2393038.93",,,,,,""
"2021-04-21","'3620AHFB4'","MBS","GNMA I MORTPASS 5% 12/39","30yr",,,,,"2389794.71",,,,,,""
"2021-04-21","'31418BC61'","MBS","UMBS MORTPASS 3% 05/24","Other",,,,,"2389727.93",,,,,,""
"2021-04-21","'3138AXGW5'","MBS","UMBS MORTPASS 3% 02/27","15yr",,,,,"2387591.62",,,,,,""
"2021-04-21","'3133A4H90'","MBS","UMBS MORTPASS 2.5% 04/50","30yr",,,,,"2387203.65",,,,,,""
"2021-04-21","'36181EC28'","MBS","GNMA I MORTPASS 3% 06/43","30yr",,,,,"2386800.41",,,,,,""
"2021-04-21","'3133KH6M3'","MBS","UMBS MORTPASS 2% 06/50","30yr",,,,,"2386254.13",,,,,,""
"2021-04-21","'3140HAQS2'","MBS","UMBS MORTPASS 3.5% 03/48","30yr",,,,,"2386064.52",,,,,,""
"2021-04-21","'36179DAJ9'","MBS","GNMA I MORTPASS 3% 03/43","30yr",,,,,"2383723.08",,,,,,""
"2021-04-21","'3131X8U79'","MBS","UMBS MORTPASS 2% 03/28","15yr",,,,,"2381799.34",,,,,,""
"2021-04-21","'3138WFZH2'","MBS","UMBS MORTPASS 2.5% 11/30","15yr",,,,,"2381038.65",,,,,,""
"2021-04-21","'3138MK5Y8'","MBS","UMBS MORTPASS 2.5% 12/27","15yr",,,,,"2380986.73",,,,,,""
"2021-04-21","'31339UCN8'","MBS","UMBS MORTPASS 2.5% 10/49","30yr",,,,,"2380090.26",,,,,,""
"2021-04-21","'3138MKAX4'","MBS","UMBS MORTPASS 2.5% 11/27","15yr",,,,,"2380077.64",,,,,,""
"2021-04-21","'3138WJPY8'","MBS","UMBS MORTPASS 2.5% 12/26","Other",,,,,"2379418.31",,,,,,""
"2021-04-21","'3138WFX35'","MBS","UMBS MORTPASS 2.5% 11/25","Other",,,,,"2378119.92",,,,,,""
"2021-04-21","'31329QCQ2'","MBS","UMBS MORTPASS 4% 03/49","30yr",,,,,"2378046.38",,,,,,""
"2021-04-21","'3138WQFL1'","MBS","UMBS MORTPASS 3.5% 06/43","30yr",,,,,"2376609.65",,,,,,""
"2021-04-21","'3140HFLC1'","MBS","UMBS MORTPASS 2.5% 01/50","30yr",,,,,"2376397.15",,,,,,""
"2021-04-21","'3140J7ZX6'","MBS","UMBS MORTPASS 2% 09/28","15yr",,,,,"2376212.08",,,,,,""
"2021-04-21","'31307Q4Y0'","MBS","FHLMCGLD 2.5% 05/31","15yr",,,,,"2375849.8",,,,,,""
"2021-04-21","'3133KJJC7'","MBS","UMBS MORTPASS 2.5% 07/50","30yr",,,,,"2375788.33",,,,,,""
"2021-04-21","'31418AEV6'","MBS","UMBS MORTPASS 2.5% 04/27","15yr",,,,,"2375469.46",,,,,,""
"2021-04-21","'31418CDG6'","MBS","UMBS MORTPASS 2% 11/31","15yr",,,,,"2375211.65",,,,,,""
"2021-04-21","'3140X7V22'","MBS","UMBS MORTPASS 2% 09/35","15yr",,,,,"2375004.7",,,,,,""
"2021-04-21","'3140KFQ65'","MBS","UMBS MORTPASS 2.5% 06/50","30yr",,,,,"2374527.91",,,,,,""
"2021-04-21","'3132A9RT6'","MBS","UMBS MORTPASS 3% 02/31","15yr",,,,,"2374449.06",,,,,,""
"2021-04-21","'3140KEN95'","MBS","UMBS MORTPASS 2% 09/50","30yr",,,,,"2374135.45",,,,,,""
"2021-04-21","'31418DMC3'","MBS","UMBS MORTPASS 3% 03/30","Other",,,,,"2373714.03",,,,,,""
"2021-04-21","'3140H7TQ0'","MBS","UMBS MORTPASS 3% 02/33","15yr",,,,,"2373012.07",,,,,,""
"2021-04-21","'3140HHSU0'","MBS","UMBS MORTPASS 4.5% 07/48","30yr",,,,,"2370373.81",,,,,,""
"2021-04-21","'3138ELFP3'","MBS","UMBS MORTPASS 3% 06/28","15yr",,,,,"2369190.41",,,,,,""
"2021-04-21","'36176H5Y6'","MBS","GNMA I MORTPASS 3% 06/43","30yr",,,,,"2368982",,,,,,""
"2021-04-21","'3140K4A34'","MBS","UMBS MORTPASS 3% 11/49","30yr",,,,,"2368633.51",,,,,,""
"2021-04-21","'31416YBY3'","MBS","UMBS MORTPASS 3.5% 04/26","15yr",,,,,"2367435.44",,,,,,""
"2021-04-21","'36176H5W0'","MBS","GNMA I MORTPASS 3% 06/43","30yr",,,,,"2367382.12",,,,,,""
"2021-04-21","'3132A8EU9'","MBS","UMBS MORTPASS 2.5% 07/29","15yr",,,,,"2366984.76",,,,,,""
"2021-04-21","'3140X7HE2'","MBS","UMBS MORTPASS 1.5% 08/50","30yr",,,,,"2366357.19",,,,,,""
"2021-04-21","'31417EZS3'","MBS","UMBS MORTPASS 3% 02/43","30yr",,,,,"2365681.85",,,,,,""
"2021-04-21","'3140H1DJ6'","MBS","UMBS MORTPASS 3.5% 10/47","30yr",,,,,"2364596.07",,,,,,""
"2021-04-21","'3131Y1QU7'","MBS","UMBS MORTPASS 4.5% 06/48","30yr",,,,,"2364367.51",,,,,,""
"2021-04-21","'3140L15P6'","MBS","UMBS MORTPASS 2% 01/51","30yr",,,,,"2363623.11",,,,,,""
"2021-04-21","'3140KMET3'","MBS","UMBS MORTPASS 2% 08/35","15yr",,,,,"2361742.09",,,,,,""
"2021-04-21","'3131YBMC9'","MBS","UMBS MORTPASS 4% 04/49","30yr",,,,,"2360609.24",,,,,,""
"2021-04-21","'31417CKY0'","MBS","UMBS MORTPASS 2.5% 07/27","15yr",,,,,"2355383.43",,,,,,""
"2021-04-21","'3140K7DM2'","MBS","UMBS MORTPASS 3% 12/49","30yr",,,,,"2353974.2",,,,,,""
"2021-04-21","'3131X8T63'","MBS","UMBS MORTPASS 2.5% 03/28","15yr",,,,,"2352154.29",,,,,,""
"2021-04-21","'3138MA6U7'","MBS","UMBS MORTPASS 3% 10/42","30yr",,,,,"2350564.89",,,,,,""
"2021-04-21","'31418CGM0'","MBS","UMBS MORTPASS 3% 02/32","15yr",,,,,"2350449.79",,,,,,""
"2021-04-21","'31418CKK9'","MBS","UMBS MORTPASS 3% 05/32","15yr",,,,,"2350097.45",,,,,,""
"2021-04-21","'36179RBY4'","MBS","GNMA II MORTPASS 4% 04/45","30yr",,,,,"2349538.27",,,,,,""
"2021-04-21","'3140KWB23'","MBS","UMBS MORTPASS 1.5% 02/36","15yr",,,,,"2348563.64",,,,,,""
"2021-04-21","'3140X9CU7'","MBS","UMBS MORTPASS 1.5% 01/51","30yr",,,,,"2347995.7",,,,,,""
"2021-04-21","'3132M6CS7'","MBS","FHLMCGLD 4% 04/44","30yr",,,,,"2347357.99",,,,,,""
"2021-04-21","'36297GPW4'","MBS","GNMA I MORTPASS 4% 10/40","30yr",,,,,"2345405.24",,,,,,""
"2021-04-21","'31334X4P1'","MBS","UMBS MORTPASS 3.5% 08/49","30yr",,,,,"2343356.82",,,,,,""
"2021-04-21","'3138MBLA2'","MBS","UMBS MORTPASS 3% 09/27","15yr",,,,,"2343018.84",,,,,,""
"2021-04-21","'3140QDNU4'","MBS","UMBS MORTPASS 3% 12/34","15yr",,,,,"2342318.68",,,,,,""
"2021-04-21","'3140H5ML2'","MBS","UMBS MORTPASS 3% 01/33","15yr",,,,,"2342288.14",,,,,,""
"2021-04-21","'3140L3UM1'","MBS","UMBS MORTPASS 2.5% 03/51","30yr",,,,,"2342219",,,,,,""
"2021-04-21","'36181BKH2'","MBS","GNMA I 3.5% 06/43","30yr",,,,,"2342033.73",,,,,,""
"2021-04-21","'3133A6M73'","MBS","UMBS MORTPASS 2.5% 05/50","30yr",,,,,"2341641.51",,,,,,""
"2021-04-21","'36179QDX6'","MBS","GNMA II MORTPASS 3% 05/44","30yr",,,,,"2341614.09",,,,,,""
"2021-04-21","'3133KJSE3'","MBS","UMBS MORTPASS 1.5% 08/50","30yr",,,,,"2341228.19",,,,,,""
"2021-04-21","'3138ADEX9'","MBS","UMBS MORTPASS 4% 04/41","30yr",,,,,"2341075.19",,,,,,""
"2021-04-21","'3132J7X72'","MBS","FHLMCGLD 3% 03/43","30yr",,,,,"2340867.99",,,,,,""
"2021-04-21","'3132AD7G7'","MBS","UMBS MORTPASS 2.5% 07/30","15yr",,,,,"2340149.43",,,,,,""
"2021-04-21","'3140HDQU1'","MBS","UMBS MORTPASS 3% 12/44","30yr",,,,,"2340009.2",,,,,,""
"2021-04-21","'31329KYK4'","MBS","UMBS MORTPASS 3.5% 07/38","Other",,,,,"2338124.97",,,,,,""
"2021-04-21","'36202EZ85'","MBS","GNMA II MORTPASS 4% 02/39","30yr",,,,,"2337999.33",,,,,,""
"2021-04-21","'3131X75P9'","MBS","UMBS MORTPASS 2.5% 09/27","15yr",,,,,"2336858.69",,,,,,""
"2021-04-21","'3140KEBJ6'","MBS","UMBS MORTPASS 2.5% 05/35","15yr",,,,,"2336523.11",,,,,,""
"2021-04-21","'31417BLC9'","MBS","UMBS MORTPASS 3% 04/42","30yr",,,,,"2336074.66",,,,,,""
"2021-04-21","'3140HNXY3'","MBS","UMBS MORTPASS 4% 08/48","30yr",,,,,"2333296.69",,,,,,""
"2021-04-21","'31307SMN0'","MBS","FHLMCGLD 3% 11/31","15yr",,,,,"2329662.57",,,,,,""
"2021-04-21","'3140KTYJ8'","MBS","UMBS MORTPASS 2% 11/50","30yr",,,,,"2328867.55",,,,,,""
"2021-04-21","'3140L1L45'","MBS","UMBS MORTPASS 2% 03/36","15yr",,,,,"2328475",,,,,,""
"2021-04-21","'31339U6T2'","MBS","UMBS MORTPASS 3% 11/49","30yr",,,,,"2328128.09",,,,,,""
"2021-04-21","'3140H5NQ0'","MBS","UMBS MORTPASS 3.5% 02/48","30yr",,,,,"2326067.85",,,,,,""
"2021-04-21","'3138WPKS2'","MBS","UMBS MORTPASS 3.5% 04/43","30yr",,,,,"2325977.44",,,,,,""
"2021-04-21","'3132QLJD6'","MBS","FHLMCGLD 3.5% 12/44","30yr",,,,,"2323596.42",,,,,,""
"2021-04-21","'36176EMQ1'","MBS","GNMA I 3.5% 08/43","30yr",,,,,"2322848.02",,,,,,""
"2021-04-21","'3138XPC50'","MBS","UMBS MORTPASS 3.5% 05/29","15yr",,,,,"2321936.34",,,,,,""
"2021-04-21","'3140K34G4'","MBS","UMBS MORTPASS 2.5% 11/50","30yr",,,,,"2320929.73",,,,,,""
"2021-04-21","'3132J7XV9'","MBS","FHLMCGLD 3% 03/43","30yr",,,,,"2319649.38",,,,,,""
"2021-04-21","'3133AFMP3'","MBS","UMBS MORTPASS 2% 02/51","30yr",,,,,"2318577.47",,,,,,""
"2021-04-21","'3133A2VT4'","MBS","UMBS MORTPASS 2.5% 03/50","30yr",,,,,"2317872.78",,,,,,""
"2021-04-21","'3132J8JN1'","MBS","FHLMCGLD 3.5% 04/43","30yr",,,,,"2315785.67",,,,,,""
"2021-04-21","'31417EX22'","MBS","UMBS MORTPASS 2% 02/28","15yr",,,,,"2315483.79",,,,,,""
"2021-04-21","'3138ER6F2'","MBS","UMBS MORTPASS 2.5% 10/31","15yr",,,,,"2314489.32",,,,,,""
"2021-04-21","'31417CT47'","MBS","UMBS MORTPASS 3% 08/27","15yr",,,,,"2312268.58",,,,,,""
"2021-04-21","'31418BNB8'","MBS","UMBS MORTPASS 3% 02/25","Other",,,,,"2311090.81",,,,,,""
"2021-04-21","'31418CQ98'","MBS","UMBS MORTPASS 3% 11/47","30yr",,,,,"2309977.69",,,,,,""
"2021-04-21","'3138EN4L0'","MBS","UMBS MORTPASS 2.5% 01/30","15yr",,,,,"2309305.85",,,,,,""
"2021-04-21","'31418CRL0'","MBS","UMBS MORTPASS 3% 11/27","Other",,,,,"2309291.82",,,,,,""
"2021-04-21","'3133ADKQ8'","MBS","UMBS MORTPASS 2% 12/50","30yr",,,,,"2307623.96",,,,,,""
"2021-04-21","'3132A9T80'","MBS","UMBS MORTPASS 2.5% 11/32","15yr",,,,,"2307374.45",,,,,,""
"2021-04-21","'3128MMXM0'","MBS","FHLMCGLD 2.5% 04/33","15yr",,,,,"2305532.08",,,,,,""
"2021-04-21","'3133AE6V1'","MBS","UMBS MORTPASS 1.5% 01/51","30yr",,,,,"2304599.25",,,,,,""
"2021-04-21","'31417BTY3'","MBS","UMBS MORTPASS 3% 05/27","15yr",,,,,"2304135.19",,,,,,""
"2021-04-21","'31339UY95'","MBS","UMBS MORTPASS 3% 11/49","30yr",,,,,"2302182.87",,,,,,""
"2021-04-21","'3140L4Q93'","MBS","UMBS MORTPASS 1.5% 03/51","30yr",,,,,"2300999.47",,,,,,""
"2021-04-21","'3138AXWP2'","MBS","UMBS MORTPASS 3% 12/26","15yr",,,,,"2300543.38",,,,,,""
"2021-04-21","'3131YA7J3'","MBS","UMBS MORTPASS 3.5% 03/49","30yr",,,,,"2300207.86",,,,,,""
"2021-04-21","'3132A5HR9'","MBS","UMBS MORTPASS 4% 10/47","30yr",,,,,"2299479.42",,,,,,""
"2021-04-21","'3140HCCG9'","MBS","UMBS MORTPASS 4% 05/48","30yr",,,,,"2299259.28",,,,,,""
"2021-04-21","'3140JG6P5'","MBS","UMBS MORTPASS 4.5% 11/48","30yr",,,,,"2297735.62",,,,,,""
"2021-04-21","'3138AXJT9'","MBS","UMBS MORTPASS 3% 11/26","15yr",,,,,"2293896.72",,,,,,""
"2021-04-21","'3140EWRY3'","MBS","UMBS MORTPASS 3% 02/46","30yr",,,,,"2293346.96",,,,,,""
"2021-04-21","'3133A0WB6'","MBS","UMBS MORTPASS 3.5% 01/50","30yr",,,,,"2292173.75",,,,,,""
"2021-04-21","'3140QDJC9'","MBS","UMBS MORTPASS 2.5% 05/50","30yr",,,,,"2291567.2",,,,,,""
"2021-04-21","'36296WAS5'","MBS","GNMA I MORTPASS 4% 05/39","30yr",,,,,"2291120.03",,,,,,""
"2021-04-21","'36180JA95'","MBS","GNMA I MORTPASS 3% 05/43","30yr",,,,,"2290400.73",,,,,,""
"2021-04-21","'3140L42E8'","MBS","UMBS MORTPASS 1.5% 02/51","30yr",,,,,"2289514.1",,,,,,""
"2021-04-21","'31307S7K3'","MBS","FHLMCGLD 2.5% 02/32","15yr",,,,,"2289344.39",,,,,,""
"2021-04-21","'36295RNS3'","MBS","GNMA I 4.5% 04/39","30yr",,,,,"2288930.45",,,,,,""
"2021-04-21","'3133ADCX2'","MBS","UMBS MORTPASS 1.5% 12/50","30yr",,,,,"2288616.5",,,,,,""
"2021-04-21","'3140JVEJ7'","MBS","UMBS MORTPASS 4.5% 08/49","30yr",,,,,"2288007.33",,,,,,""
"2021-04-21","'31417C3A1'","MBS","UMBS MORTPASS 2.5% 09/27","15yr",,,,,"2287749.52",,,,,,""
"2021-04-21","'31418B5F9'","MBS","UMBS MORTPASS 2.5% 06/26","Other",,,,,"2287613.24",,,,,,""
"2021-04-21","'3140H1XB1'","MBS","UMBS MORTPASS 3% 03/33","15yr",,,,,"2286739.5",,,,,,""
"2021-04-21","'36177L2G8'","MBS","GNMA I 3.5% 12/41","30yr",,,,,"2286442.84",,,,,,""
"2021-04-21","'3133ADSP2'","MBS","UMBS MORTPASS 2.5% 12/50","30yr",,,,,"2286330.58",,,,,,""
"2021-04-21","'3138MD2L5'","MBS","UMBS MORTPASS 2.5% 10/27","15yr",,,,,"2286327.55",,,,,,""
"2021-04-21","'3140X5KX0'","MBS","UMBS MORTPASS 3.5% 12/49","30yr",,,,,"2283997.83",,,,,,""
"2021-04-21","'3140JJWB1'","MBS","UMBS MORTPASS 4% 11/48","30yr",,,,,"2283387.16",,,,,,""
"2021-04-21","'3140QACT5'","MBS","UMBS MORTPASS 3% 09/48","30yr",,,,,"2281225.08",,,,,,""
"2021-04-21","'3140HHTD7'","MBS","UMBS MORTPASS 3.5% 04/33","15yr",,,,,"2281176.71",,,,,,""
"2021-04-21","'31329MG46'","MBS","UMBS MORTPASS 3% 06/30","15yr",,,,,"2280567.94",,,,,,""
"2021-04-21","'3138M0SA9'","MBS","UMBS MORTPASS 3% 07/27","15yr",,,,,"2280313.86",,,,,,""
"2021-04-21","'3140KMCD0'","MBS","UMBS MORTPASS 2% 09/50","30yr",,,,,"2278960.89",,,,,,""
"2021-04-21","'3128MMUT8'","MBS","FHLMCGLD 3.5% 03/31","15yr",,,,,"2278498.48",,,,,,""
"2021-04-21","'3133G7JT1'","MBS","UMBS MORTPASS 2.5% 12/34","15yr",,,,,"2277717.61",,,,,,""
"2021-04-21","'3140QARJ1'","MBS","UMBS MORTPASS 2.5% 08/32","15yr",,,,,"2276779.99",,,,,,""
"2021-04-21","'3132A9P76'","MBS","UMBS MORTPASS 2.5% 12/29","15yr",,,,,"2275627.1",,,,,,""
"2021-04-21","'3140X5FV0'","MBS","UMBS MORTPASS 2% 11/23","Other",,,,,"2275254.81",,,,,,""
"2021-04-21","'3131XXLZ2'","MBS","UMBS MORTPASS 3.5% 08/47","30yr",,,,,"2274823.87",,,,,,""
"2021-04-21","'3140QCQ66'","MBS","UMBS MORTPASS 3% 01/50","30yr",,,,,"2274507.13",,,,,,""
"2021-04-21","'31418BMP8'","MBS","UMBS MORTPASS 2.5% 02/25","Other",,,,,"2271387.45",,,,,,""
"2021-04-21","'3132J9LC0'","MBS","FHLMCGLD 3% 05/43","30yr",,,,,"2271364.01",,,,,,""
"2021-04-21","'31417A4E6'","MBS","UMBS MORTPASS 3% 02/27","15yr",,,,,"2269560.67",,,,,,""
"2021-04-21","'3132A74Z1'","MBS","UMBS MORTPASS 2% 01/29","15yr",,,,,"2269494.13",,,,,,""
"2021-04-21","'31307JKA0'","MBS","FHLMCGLD 3% 09/29","15yr",,,,,"2269190",,,,,,""
"2021-04-21","'3131XBNN5'","MBS","UMBS MORTPASS 2.5% 11/28","15yr",,,,,"2269012.44",,,,,,""
"2021-04-21","'3133AGZT9'","MBS","UMBS MORTPASS 2% 03/51","30yr",,,,,"2268775",,,,,,""
"2021-04-21","'31329MGE4'","MBS","UMBS MORTPASS 2.5% 05/25","Other",,,,,"2268329.5",,,,,,""
"2021-04-21","'3132A7VL2'","MBS","UMBS MORTPASS 2.5% 03/24","Other",,,,,"2267699.3",,,,,,""
"2021-04-21","'3140QDXB5'","MBS","UMBS MORTPASS 2.5% 06/50","30yr",,,,,"2266917.14",,,,,,""
"2021-04-21","'3132ADQY7'","MBS","UMBS MORTPASS 3% 12/47","30yr",,,,,"2264784.54",,,,,,""
"2021-04-21","'31417CC45'","MBS","UMBS MORTPASS 3% 07/27","15yr",,,,,"2264587.12",,,,,,""
"2021-04-21","'3138E4VS7'","MBS","UMBS MORTPASS 3% 01/27","15yr",,,,,"2264434",,,,,,""
"2021-04-21","'31417GNJ1'","MBS","UMBS MORTPASS 2.5% 05/23","Other",,,,,"2264291.64",,,,,,""
"2021-04-21","'3140QCMJ2'","MBS","UMBS MORTPASS 3% 12/49","30yr",,,,,"2264144.43",,,,,,""
"2021-04-21","'3128M8VB7'","MBS","FHLMCGLD 3.5% 01/41","30yr",,,,,"2263533",,,,,,""
"2021-04-21","'3140JRZ95'","MBS","UMBS MORTPASS 3% 05/49","30yr",,,,,"2262766.1",,,,,,""
"2021-04-21","'31417ELT6'","MBS","UMBS MORTPASS 2.5% 01/28","15yr",,,,,"2262757.36",,,,,,""
"2021-04-21","'3131X8TJ5'","MBS","UMBS MORTPASS 2.5% 02/28","15yr",,,,,"2262186.44",,,,,,""
"2021-04-21","'3140K2BS2'","MBS","UMBS MORTPASS 3% 12/49","30yr",,,,,"2260557.6",,,,,,""
"2021-04-21","'31307FFU0'","MBS","FHLMCGLD 3% 11/23","15yr",,,,,"2260269.98",,,,,,""
"2021-04-21","'3140GVD36'","MBS","UMBS MORTPASS 3% 01/33","15yr",,,,,"2259747.33",,,,,,""
"2021-04-21","'3140K33W0'","MBS","UMBS MORTPASS 2.5% 03/50","30yr",,,,,"2259724.87",,,,,,""
"2021-04-21","'3138YXUL7'","MBS","UMBS MORTPASS 3% 07/45","30yr",,,,,"2259200.2",,,,,,""
"2021-04-21","'3140HEWB4'","MBS","UMBS MORTPASS 3.5% 07/33","15yr",,,,,"2259056.4",,,,,,""
"2021-04-21","'3131X8G42'","MBS","UMBS MORTPASS 2.5% 12/27","15yr",,,,,"2258795.53",,,,,,""
"2021-04-21","'31418BSZ0'","MBS","UMBS MORTPASS 3% 07/25","Other",,,,,"2256676.28",,,,,,""
"2021-04-21","'3140EAPH0'","MBS","UMBS MORTPASS 3% 11/30","15yr",,,,,"2256578.18",,,,,,""
"2021-04-21","'3140H9KL6'","MBS","UMBS MORTPASS 3.5% 12/43","30yr",,,,,"2255116.21",,,,,,""
"2021-04-21","'3138YMK32'","MBS","UMBS MORTPASS 2.5% 04/30","15yr",,,,,"2254559.7",,,,,,""
"2021-04-21","'31417DT45'","MBS","UMBS MORTPASS 2.5% 11/27","15yr",,,,,"2254370.59",,,,,,""
"2021-04-21","'3140JUAM6'","MBS","UMBS MORTPASS 3% 08/49","30yr",,,,,"2251639.73",,,,,,""
"2021-04-21","'3138WND30'","MBS","UMBS MORTPASS 2.5% 05/28","15yr",,,,,"2251322.53",,,,,,""
"2021-04-21","'31307DQ33'","MBS","FHLMCGLD 3% 08/28","15yr",,,,,"2249279.86",,,,,,""
"2021-04-21","'3133AGUU1'","MBS","UMBS MORTPASS 2% 03/51","30yr",,,,,"2249035",,,,,,""
"2021-04-21","'3140K5MX2'","MBS","UMBS MORTPASS 2% 08/50","30yr",,,,,"2247616.91",,,,,,""
"2021-04-21","'31307GSX8'","MBS","FHLMCGLD 3% 03/29","15yr",,,,,"2244308.24",,,,,,""
"2021-04-21","'3133A4HH2'","MBS","UMBS MORTPASS 2.5% 04/45","30yr",,,,,"2242466.08",,,,,,""
"2021-04-21","'3140KHHM6'","MBS","UMBS MORTPASS 2.5% 07/50","30yr",,,,,"2239612.49",,,,,,""
"2021-04-21","'3140KXSH0'","MBS","UMBS MORTPASS 2% 12/50","30yr",,,,,"2238664.48",,,,,,""
"2021-04-21","'3133KHEV4'","MBS","UMBS MORTPASS 3% 01/50","30yr",,,,,"2238020.52",,,,,,""
"2021-04-21","'3133AGYC7'","MBS","UMBS MORTPASS 1.5% 02/51","30yr",,,,,"2235078",,,,,,""
"2021-04-21","'3140K2CT9'","MBS","UMBS MORTPASS 3% 02/50","30yr",,,,,"2233986.57",,,,,,""
"2021-04-21","'31307VC79'","MBS","FHLMCGLD 2.5% 12/32","15yr",,,,,"2233713.04",,,,,,""
"2021-04-21","'3620AJKV0'","MBS","GNMA I 4.5% 01/40","30yr",,,,,"2233570.77",,,,,,""
"2021-04-21","'3133A14X7'","MBS","UMBS MORTPASS 3% 01/50","30yr",,,,,"2233320.71",,,,,,""
"2021-04-21","'3133A6XJ5'","MBS","UMBS MORTPASS 3% 06/50","30yr",,,,,"2232831.91",,,,,,""
"2021-04-21","'3132QRFN5'","MBS","FHLMCGLD 3.5% 07/45","30yr",,,,,"2232070.09",,,,,,""
"2021-04-21","'3133G6HZ1'","MBS","UMBS MORTPASS 3% 07/34","15yr",,,,,"2231885.73",,,,,,""
"2021-04-21","'36180XDC4'","MBS","GNMA I 3.5% 06/43","30yr",,,,,"2231825.47",,,,,,""
"2021-04-21","'3140L44C0'","MBS","UMBS MORTPASS 1.5% 03/51","30yr",,,,,"2228536.68",,,,,,""
"2021-04-21","'3132CWBR4'","MBS","UMBS MORTPASS 3% 08/34","15yr",,,,,"2228113.39",,,,,,""
"2021-04-21","'3140K53U9'","MBS","UMBS MORTPASS 4% 12/49","30yr",,,,,"2227878.48",,,,,,""
"2021-04-21","'3132A7YY1'","MBS","UMBS MORTPASS 3% 09/29","15yr",,,,,"2226037.31",,,,,,""
"2021-04-21","'3133KGGQ5'","MBS","UMBS MORTPASS 3.5% 07/49","30yr",,,,,"2223103.95",,,,,,""
"2021-04-21","'3140GNG56'","MBS","UMBS MORTPASS 3% 04/37","Other",,,,,"2222247.5",,,,,,""
"2021-04-21","'3133AJC43'","MBS","UMBS MORTPASS 1.5% 03/51","30yr",,,,,"2221005",,,,,,""
"2021-04-21","'3131Y8BS3'","MBS","UMBS MORTPASS 4.5% 12/48","30yr",,,,,"2220799.15",,,,,,""
"2021-04-21","'3133KHRM0'","MBS","UMBS MORTPASS 4.5% 12/49","30yr",,,,,"2220735.47",,,,,,""
"2021-04-21","'3140QAT75'","MBS","UMBS MORTPASS 2.5% 03/33","15yr",,,,,"2220714.34",,,,,,""
"2021-04-21","'31417GRE8'","MBS","UMBS MORTPASS 2.5% 05/28","15yr",,,,,"2220547.66",,,,,,""
"2021-04-21","'3132HN3S6'","MBS","FHLMCGLD 3% 11/42","30yr",,,,,"2220258.36",,,,,,""
"2021-04-21","'3138MGR98'","MBS","UMBS MORTPASS 3% 12/42","30yr",,,,,"2219618.06",,,,,,""
"2021-04-21","'3132A9MZ7'","MBS","UMBS MORTPASS 2% 12/27","15yr",,,,,"2219270.49",,,,,,""
"2021-04-21","'3138AXV24'","MBS","UMBS MORTPASS 3% 11/26","15yr",,,,,"2218884.4",,,,,,""
"2021-04-21","'3138EEQV4'","MBS","UMBS MORTPASS 3% 03/27","15yr",,,,,"2218705.37",,,,,,""
"2021-04-21","'31334WMN8'","MBS","UMBS MORTPASS 4.5% 06/49","30yr",,,,,"2215420.08",,,,,,""
"2021-04-21","'3131X7MT2'","MBS","UMBS MORTPASS 3% 03/27","15yr",,,,,"2215401.24",,,,,,""
"2021-04-21","'3140JHAV5'","MBS","UMBS MORTPASS 4.5% 12/48","30yr",,,,,"2213846.93",,,,,,""
"2021-04-21","'3131XBH77'","MBS","UMBS MORTPASS 3% 11/28","15yr",,,,,"2212802.79",,,,,,""
"2021-04-21","'3140JM2N1'","MBS","UMBS MORTPASS 3% 02/49","30yr",,,,,"2212748.25",,,,,,""
"2021-04-21","'3138XZAC5'","MBS","UMBS MORTPASS 3.5% 08/29","15yr",,,,,"2212692.67",,,,,,""
"2021-04-21","'3131XABB6'","MBS","UMBS MORTPASS 3% 01/29","15yr",,,,,"2211530.16",,,,,,""
"2021-04-21","'3138WF6G6'","MBS","UMBS MORTPASS 2.5% 12/30","15yr",,,,,"2210600.34",,,,,,""
"2021-04-21","'3140EVEV5'","MBS","UMBS MORTPASS 2.5% 04/31","15yr",,,,,"2210276.56",,,,,,""
"2021-04-21","'3131YCRU2'","MBS","UMBS MORTPASS 3.5% 05/49","30yr",,,,,"2209860.59",,,,,,""
"2021-04-21","'3140KMBV1'","MBS","UMBS MORTPASS 2% 09/50","30yr",,,,,"2209611.49",,,,,,""
"2021-04-21","'3138MJH44'","MBS","UMBS MORTPASS 2.5% 11/42","30yr",,,,,"2208527.83",,,,,,""
"2021-04-21","'3138MLT53'","MBS","UMBS MORTPASS 2.5% 01/28","15yr",,,,,"2208358.4",,,,,,""
"2021-04-21","'3138XQL90'","MBS","UMBS MORTPASS 3% 05/29","15yr",,,,,"2207489.05",,,,,,""
"2021-04-21","'3140K3NN8'","MBS","UMBS MORTPASS 3% 02/50","30yr",,,,,"2206630.55",,,,,,""
"2021-04-21","'3132A9ME4'","MBS","UMBS MORTPASS 2.5% 02/27","15yr",,,,,"2205752",,,,,,""
"2021-04-21","'3140KCRL8'","MBS","UMBS MORTPASS 2.5% 04/45","30yr",,,,,"2204594.1",,,,,,""
"2021-04-21","'3140HDLQ5'","MBS","UMBS MORTPASS 3% 11/49","30yr",,,,,"2204177.2",,,,,,""
"2021-04-21","'3140JVMA7'","MBS","UMBS MORTPASS 3% 06/49","30yr",,,,,"2203652.71",,,,,,""
"2021-04-21","'3140K7CG6'","MBS","UMBS MORTPASS 3% 01/35","15yr",,,,,"2203638.93",,,,,,""
"2021-04-21","'3133KHGT7'","MBS","UMBS MORTPASS 3.5% 01/50","30yr",,,,,"2203600.39",,,,,,""
"2021-04-21","'3140Q93M3'","MBS","UMBS MORTPASS 3% 10/48","30yr",,,,,"2202107.12",,,,,,""
"2021-04-21","'3620A7QC2'","MBS","GNMA I 4.5% 12/39","30yr",,,,,"2200703.08",,,,,,""
"2021-04-21","'3138WSRW0'","MBS","UMBS MORTPASS 2.5% 05/28","15yr",,,,,"2200367.28",,,,,,""
"2021-04-21","'3140HJWZ0'","MBS","UMBS MORTPASS 3.5% 06/33","15yr",,,,,"2199684.95",,,,,,""
"2021-04-21","'3131YBSZ2'","MBS","UMBS MORTPASS 4.5% 04/49","30yr",,,,,"2196615.44",,,,,,""
"2021-04-21","'3140QDP32'","MBS","UMBS MORTPASS 3% 05/48","30yr",,,,,"2193740.36",,,,,,""
"2021-04-21","'3140KCCT7'","MBS","UMBS MORTPASS 3% 03/50","30yr",,,,,"2193165.8",,,,,,""
"2021-04-21","'3140K1RG3'","MBS","UMBS MORTPASS 3% 11/49","30yr",,,,,"2190655.48",,,,,,""
"2021-04-21","'3128MDEX7'","MBS","FHLMCGLD 3.5% 10/26","15yr",,,,,"2190163.28",,,,,,""
"2021-04-21","'31306YE64'","MBS","FHLMCGLD 2.5% 11/27","15yr",,,,,"2189661.14",,,,,,""
"2021-04-21","'3138X5YM3'","MBS","UMBS MORTPASS 3% 09/28","15yr",,,,,"2188873.04",,,,,,""
"2021-04-21","'3620AHE66'","MBS","GNMA I 4.5% 12/39","30yr",,,,,"2187936.67",,,,,,""
"2021-04-21","'3140E2UU3'","MBS","UMBS MORTPASS 2.5% 12/30","15yr",,,,,"2186598.63",,,,,,""
"2021-04-21","'3132QLHM8'","MBS","FHLMCGLD 3.5% 12/44","30yr",,,,,"2185697.92",,,,,,""
"2021-04-21","'3140KC6L1'","MBS","UMBS MORTPASS 2% 06/50","30yr",,,,,"2184904.04",,,,,,""
"2021-04-21","'3140HGBF3'","MBS","UMBS MORTPASS 2% 07/45","30yr",,,,,"2183415.44",,,,,,""
"2021-04-21","'3138XACZ7'","MBS","UMBS MORTPASS 4% 10/43","30yr",,,,,"2181371.14",,,,,,""
"2021-04-21","'3138WMWL1'","MBS","UMBS MORTPASS 3.5% 04/43","30yr",,,,,"2180793.14",,,,,,""
"2021-04-21","'3140FHYV3'","MBS","UMBS MORTPASS 2.5% 10/31","15yr",,,,,"2180126.41",,,,,,""
"2021-04-21","'3133A8GN1'","MBS","UMBS MORTPASS 2% 08/50","30yr",,,,,"2180089.06",,,,,,""
"2021-04-21","'31339UE22'","MBS","UMBS MORTPASS 3% 10/49","30yr",,,,,"2178485.3",,,,,,""
"2021-04-21","'31418CF25'","MBS","UMBS MORTPASS 2% 01/27","Other",,,,,"2176527.12",,,,,,""
"2021-04-21","'3140HJQY0'","MBS","UMBS MORTPASS 3.5% 05/48","30yr",,,,,"2175475.83",,,,,,""
"2021-04-21","'3140L46T1'","MBS","UMBS MORTPASS 2% 03/36","15yr",,,,,"2174100",,,,,,""
"2021-04-21","'3132XWHL8'","MBS","FHLMCGLD 3.5% 01/48","30yr",,,,,"2171985.65",,,,,,""
"2021-04-21","'3138MJBJ7'","MBS","UMBS MORTPASS 2% 10/27","15yr",,,,,"2171908.67",,,,,,""
"2021-04-21","'3133AD5S1'","MBS","UMBS MORTPASS 1.5% 01/51","30yr",,,,,"2171386.05",,,,,,""
"2021-04-21","'3140H7J81'","MBS","UMBS MORTPASS 3.5% 02/33","15yr",,,,,"2171341.83",,,,,,""
"2021-04-21","'3138WZJ29'","MBS","UMBS MORTPASS 2.5% 07/28","15yr",,,,,"2170973.74",,,,,,""
"2021-04-21","'3140J5XZ7'","MBS","UMBS MORTPASS 2.5% 03/31","15yr",,,,,"2169003.71",,,,,,""
"2021-04-21","'3140HETT9'","MBS","UMBS MORTPASS 3.5% 04/48","30yr",,,,,"2168123.95",,,,,,""
"2021-04-21","'3133GBW42'","MBS","UMBS MORTPASS 1.5% 02/36","15yr",,,,,"2166589.61",,,,,,""
"2021-04-21","'3140K76N8'","MBS","UMBS MORTPASS 3% 01/50","30yr",,,,,"2165260.19",,,,,,""
"2021-04-21","'31339STY1'","MBS","UMBS MORTPASS 3% 09/49","30yr",,,,,"2164862.24",,,,,,""
"2021-04-21","'3133GA2C9'","MBS","UMBS MORTPASS 1.5% 12/35","15yr",,,,,"2163067.86",,,,,,""
"2021-04-21","'31417DXT5'","MBS","UMBS MORTPASS 3.5% 11/42","30yr",,,,,"2162907.74",,,,,,""
"2021-04-21","'3138MCWY6'","MBS","UMBS MORTPASS 2.5% 10/27","15yr",,,,,"2162808.86",,,,,,""
"2021-04-21","'3140KMGY0'","MBS","UMBS MORTPASS 1.5% 09/35","15yr",,,,,"2161966.39",,,,,,""
"2021-04-21","'3140JHLJ0'","MBS","UMBS MORTPASS 4.5% 02/49","30yr",,,,,"2161295.57",,,,,,""
"2021-04-21","'31418DNK4'","MBS","UMBS MORTPASS 4% 04/50","30yr",,,,,"2160358.13",,,,,,""
"2021-04-21","'36176H5X8'","MBS","GNMA I MORTPASS 3% 06/43","30yr",,,,,"2157459.51",,,,,,""
"2021-04-21","'3131YBMQ8'","MBS","UMBS MORTPASS 4% 04/49","30yr",,,,,"2155550.67",,,,,,""
"2021-04-21","'3138YD4D8'","MBS","UMBS MORTPASS 3% 04/45","30yr",,,,,"2154345.3",,,,,,""
"2021-04-21","'31416XEE6'","MBS","UMBS MORTPASS 3% 12/25","15yr",,,,,"2151265",,,,,,""
"2021-04-21","'3138M3QE7'","MBS","UMBS MORTPASS 3% 07/27","15yr",,,,,"2151186.59",,,,,,""
"2021-04-21","'36177MPF3'","MBS","GNMA I 3.5% 02/42","30yr",,,,,"2151145.33",,,,,,""
"2021-04-21","'3140HFPJ2'","MBS","UMBS MORTPASS 2% 03/35","15yr",,,,,"2148911.48",,,,,,""
"2021-04-21","'3133A3XC7'","MBS","UMBS MORTPASS 3% 03/50","30yr",,,,,"2148745.66",,,,,,""
"2021-04-21","'3140X6Y96'","MBS","UMBS MORTPASS 2.5% 06/40","Other",,,,,"2148323.04",,,,,,""
"2021-04-21","'3140Q9N66'","MBS","UMBS MORTPASS 4.5% 08/48","30yr",,,,,"2145614.48",,,,,,""
"2021-04-21","'3138WBB61'","MBS","UMBS MORTPASS 3% 03/29","15yr",,,,,"2144996.36",,,,,,""
"2021-04-21","'3132CWHR8'","MBS","UMBS MORTPASS 2.5% 01/35","15yr",,,,,"2144773.97",,,,,,""
"2021-04-21","'36295CGC9'","MBS","GNMA I MORTPASS 3% 12/42","30yr",,,,,"2142327.07",,,,,,""
"2021-04-21","'31417A4H9'","MBS","UMBS MORTPASS 3% 02/27","15yr",,,,,"2140719.51",,,,,,""
"2021-04-21","'3138ERJE1'","MBS","UMBS MORTPASS 3.5% 06/31","15yr",,,,,"2140130.49",,,,,,""
"2021-04-21","'3131X7PY8'","MBS","UMBS MORTPASS 3% 03/27","15yr",,,,,"2139413.07",,,,,,""
"2021-04-21","'3138M7QA6'","MBS","UMBS MORTPASS 2.5% 08/27","15yr",,,,,"2137633.49",,,,,,""
"2021-04-21","'3140JARF7'","MBS","UMBS MORTPASS 2% 08/26","Other",,,,,"2136728.29",,,,,,""
"2021-04-21","'3138MCR97'","MBS","UMBS MORTPASS 2.5% 11/27","15yr",,,,,"2136296.71",,,,,,""
"2021-04-21","'3132XS4V9'","MBS","FHLMCGLD 3% 09/47","30yr",,,,,"2132694.26",,,,,,""
"2021-04-21","'3140X4ZF6'","MBS","UMBS MORTPASS 2.5% 01/29","15yr",,,,,"2131364.33",,,,,,""
"2021-04-21","'3140HLK96'","MBS","UMBS MORTPASS 3.5% 06/48","30yr",,,,,"2130683.91",,,,,,""
"2021-04-21","'3138EMGB1'","MBS","UMBS MORTPASS 3% 08/28","15yr",,,,,"2129165.07",,,,,,""
"2021-04-21","'3138YKXY4'","MBS","UMBS MORTPASS 3.5% 06/45","30yr",,,,,"2128437.68",,,,,,""
"2021-04-21","'3140JUDJ0'","MBS","UMBS MORTPASS 3% 05/49","30yr",,,,,"2128037.29",,,,,,""
"2021-04-21","'3132A8T33'","MBS","UMBS MORTPASS 2.5% 04/27","Other",,,,,"2127958.83",,,,,,""
"2021-04-21","'3138XZSF9'","MBS","UMBS MORTPASS 3% 02/45","30yr",,,,,"2127484.32",,,,,,""
"2021-04-21","'36294UWR9'","MBS","GNMA I MORTPASS 3% 09/42","30yr",,,,,"2127195.26",,,,,,""
"2021-04-21","'3132A7DQ1'","MBS","UMBS MORTPASS 3% 01/27","15yr",,,,,"2126017.18",,,,,,""
"2021-04-21","'31334YK63'","MBS","UMBS MORTPASS 3.5% 08/49","30yr",,,,,"2125797.63",,,,,,""
"2021-04-21","'3138MLJV7'","MBS","UMBS MORTPASS 2.5% 12/27","15yr",,,,,"2125174.18",,,,,,""
"2021-04-21","'3138E0KE8'","MBS","UMBS MORTPASS 3% 12/26","15yr",,,,,"2124901.33",,,,,,""
"2021-04-21","'3140Q9FN8'","MBS","UMBS MORTPASS 3.5% 06/33","15yr",,,,,"2123137.41",,,,,,""
"2021-04-21","'31418BEH5'","MBS","UMBS MORTPASS 3% 06/24","Other",,,,,"2123095.51",,,,,,""
"2021-04-21","'3140H3DC7'","MBS","UMBS MORTPASS 3% 11/47","30yr",,,,,"2122574.94",,,,,,""
"2021-04-21","'31307VV78'","MBS","FHLMCGLD 3.5% 03/33","15yr",,,,,"2122181.5",,,,,,""
"2021-04-21","'36296XSF2'","MBS","GNMA I 4.5% 03/39","30yr",,,,,"2121894.74",,,,,,""
"2021-04-21","'31418DD58'","MBS","UMBS MORTPASS 2.5% 06/49","30yr",,,,,"2120162.03",,,,,,""
"2021-04-21","'3140JVKT8'","MBS","UMBS MORTPASS 3% 06/49","30yr",,,,,"2117492.65",,,,,,""
"2021-04-21","'3133A83Y1'","MBS","UMBS MORTPASS 2% 08/50","30yr",,,,,"2117471.41",,,,,,""
"2021-04-21","'31329QHT1'","MBS","UMBS MORTPASS 4.5% 03/49","30yr",,,,,"2116259.41",,,,,,""
"2021-04-21","'3132A9S65'","MBS","UMBS MORTPASS 2.5% 02/32","15yr",,,,,"2111965.39",,,,,,""
"2021-04-21","'3140K8M24'","MBS","UMBS MORTPASS 3% 01/50","30yr",,,,,"2111934.82",,,,,,""
"2021-04-21","'3140JWVP2'","MBS","UMBS MORTPASS 2.5% 08/34","15yr",,,,,"2111895.23",,,,,,""
"2021-04-21","'3131Y9F24'","MBS","UMBS MORTPASS 4.5% 01/49","30yr",,,,,"2111816.73",,,,,,""
"2021-04-21","'31307VWF9'","MBS","FHLMCGLD 3.5% 03/33","15yr",,,,,"2111357.06",,,,,,""
"2021-04-21","'3140K33P5'","MBS","UMBS MORTPASS 2.5% 01/50","30yr",,,,,"2109801.87",,,,,,""
"2021-04-21","'3133AGLS6'","MBS","UMBS MORTPASS 1.5% 03/51","30yr",,,,,"2109329.4",,,,,,""
"2021-04-21","'3138MF7E1'","MBS","UMBS MORTPASS 3% 10/42","30yr",,,,,"2108598.91",,,,,,""
"2021-04-21","'31307NFX7'","MBS","FHLMCGLD 2.5% 06/30","15yr",,,,,"2108458.04",,,,,,""
"2021-04-21","'31307S3K7'","MBS","FHLMCGLD 3.5% 02/32","15yr",,,,,"2107446.22",,,,,,""
"2021-04-21","'3140K84S7'","MBS","UMBS MORTPASS 2% 12/50","30yr",,,,,"2106799.33",,,,,,""
"2021-04-21","'3140HEDP4'","MBS","UMBS MORTPASS 3.5% 02/48","30yr",,,,,"2106681.65",,,,,,""
"2021-04-21","'3138X4KP4'","MBS","UMBS MORTPASS 3% 09/28","15yr",,,,,"2105966.51",,,,,,""
"2021-04-21","'31418AQC5'","MBS","UMBS MORTPASS 2% 02/23","Other",,,,,"2105455.61",,,,,,""
"2021-04-21","'3140JLSF2'","MBS","UMBS MORTPASS 2.5% 02/51","30yr",,,,,"2104622.59",,,,,,""
"2021-04-21","'31410LUL4'","MBS","UMBS MORTPASS 2.5% 10/31","15yr",,,,,"2103756.75",,,,,,""
"2021-04-21","'3138ABU31'","MBS","UMBS MORTPASS 3% 01/27","15yr",,,,,"2103149.96",,,,,,""
"2021-04-21","'3138WXGF8'","MBS","UMBS MORTPASS 3% 07/43","30yr",,,,,"2101238.35",,,,,,""
"2021-04-21","'3131X8DH6'","MBS","UMBS MORTPASS 2.5% 11/27","15yr",,,,,"2101168.7",,,,,,""
"2021-04-21","'36180EPV1'","MBS","GNMA I MORTPASS 3% 04/43","30yr",,,,,"2100523.32",,,,,,""
"2021-04-21","'3138LRL91'","MBS","UMBS MORTPASS 3.5% 05/42","30yr",,,,,"2100473.36",,,,,,""
"2021-04-21","'3140EYWU1'","MBS","UMBS MORTPASS 2.5% 05/31","15yr",,,,,"2096510.29",,,,,,""
"2021-04-21","'36295R5K0'","MBS","GNMA I 4.5% 12/39","30yr",,,,,"2095716.67",,,,,,""
"2021-04-21","'3138WVW31'","MBS","UMBS MORTPASS 3% 06/28","15yr",,,,,"2093979.79",,,,,,""
"2021-04-21","'3138EHJN3'","MBS","UMBS MORTPASS 3.5% 01/26","15yr",,,,,"2092347.62",,,,,,""
"2021-04-21","'3140HKET1'","MBS","UMBS MORTPASS 2.5% 09/50","30yr",,,,,"2090133.71",,,,,,""
"2021-04-21","'3140JXJK5'","MBS","UMBS MORTPASS 3% 09/49","30yr",,,,,"2088346.9",,,,,,""
"2021-04-21","'36296WAT3'","MBS","GNMA I 4.5% 05/39","30yr",,,,,"2087126.09",,,,,,""
"2021-04-21","'3132WKKV9'","MBS","FHLMCGLD 3% 01/47","30yr",,,,,"2086306.71",,,,,,""
"2021-04-21","'3138WHXR8'","MBS","UMBS MORTPASS 3% 09/41","30yr",,,,,"2086208.57",,,,,,""
"2021-04-21","'3140EWR23'","MBS","UMBS MORTPASS 3.5% 02/46","30yr",,,,,"2085917.68",,,,,,""
"2021-04-21","'36179AZM1'","MBS","GNMA I MORTPASS 3% 02/43","30yr",,,,,"2085888.95",,,,,,""
"2021-04-21","'3132MAUE9'","MBS","FHLMCGLD 3.5% 10/44","30yr",,,,,"2085393.71",,,,,,""
"2021-04-21","'3140HNKT8'","MBS","UMBS MORTPASS 2.5% 01/51","30yr",,,,,"2083309.16",,,,,,""
"2021-04-21","'31418CV84'","MBS","UMBS MORTPASS 2.5% 04/33","15yr",,,,,"2083240.64",,,,,,""
"2021-04-21","'3131XYUL1'","MBS","UMBS MORTPASS 3% 12/47","30yr",,,,,"2082175.51",,,,,,""
"2021-04-21","'31307GGZ6'","MBS","FHLMCGLD 3% 02/29","15yr",,,,,"2079817.35",,,,,,""
"2021-04-21","'3138WTHU3'","MBS","UMBS MORTPASS 2.5% 06/28","15yr",,,,,"2079286.97",,,,,,""
"2021-04-21","'36297FSY9'","MBS","GNMA I MORTPASS 5% 08/39","30yr",,,,,"2076349.74",,,,,,""
"2021-04-21","'3138X7N66'","MBS","UMBS MORTPASS 3% 09/28","15yr",,,,,"2076261.77",,,,,,""
"2021-04-21","'3132A9Q75'","MBS","UMBS MORTPASS 3% 08/30","15yr",,,,,"2076222.03",,,,,,""
"2021-04-21","'3140QCNB8'","MBS","UMBS MORTPASS 3% 12/34","15yr",,,,,"2074662.76",,,,,,""
"2021-04-21","'3140K4TK6'","MBS","UMBS MORTPASS 3% 02/50","30yr",,,,,"2073608.06",,,,,,""
"2021-04-21","'3133G7HG1'","MBS","UMBS MORTPASS 2.5% 12/34","15yr",,,,,"2072608.77",,,,,,""
"2021-04-21","'36178QKK7'","MBS","GNMA I MORTPASS 3% 02/43","30yr",,,,,"2071172.39",,,,,,""
"2021-04-21","'3140L3MA6'","MBS","UMBS MORTPASS 2% 02/36","15yr",,,,,"2068842.09",,,,,,""
"2021-04-21","'31339SQH1'","MBS","UMBS MORTPASS 3.5% 09/49","30yr",,,,,"2066839.42",,,,,,""
"2021-04-21","'3140FEGH1'","MBS","UMBS MORTPASS 2.5% 09/31","15yr",,,,,"2066623.67",,,,,,""
"2021-04-21","'31417GYZ3'","MBS","UMBS MORTPASS 2.5% 06/28","15yr",,,,,"2066564.08",,,,,,""
"2021-04-21","'3132A7MF5'","MBS","UMBS MORTPASS 2% 03/28","15yr",,,,,"2066160.56",,,,,,""
"2021-04-21","'3140L1RT4'","MBS","UMBS MORTPASS 1.5% 02/51","30yr",,,,,"2066068",,,,,,""
"2021-04-21","'3140JUAG9'","MBS","UMBS MORTPASS 3.5% 08/49","30yr",,,,,"2063854.85",,,,,,""
"2021-04-21","'36297JPM0'","MBS","GNMA I MORTPASS 5% 05/39","30yr",,,,,"2062348.31",,,,,,""
"2021-04-21","'3133KHQS8'","MBS","UMBS MORTPASS 3% 11/49","30yr",,,,,"2061215.32",,,,,,""
"2021-04-21","'3140JPVN2'","MBS","UMBS MORTPASS 2% 01/51","30yr",,,,,"2061054.22",,,,,,""
"2021-04-21","'3140JUKP8'","MBS","UMBS MORTPASS 4% 05/49","30yr",,,,,"2060709.95",,,,,,""
"2021-04-21","'3140HEKF8'","MBS","UMBS MORTPASS 3.5% 02/48","30yr",,,,,"2059662.46",,,,,,""
"2021-04-21","'3140HE6Z0'","MBS","UMBS MORTPASS 3% 02/33","15yr",,,,,"2059142.08",,,,,,""
"2021-04-21","'3140QCCU8'","MBS","UMBS MORTPASS 4.5% 08/49","30yr",,,,,"2058897.83",,,,,,""
"2021-04-21","'3140K0ZL5'","MBS","UMBS MORTPASS 3% 09/49","30yr",,,,,"2058554.57",,,,,,""
"2021-04-21","'3133G8R78'","MBS","UMBS MORTPASS 2% 05/35","15yr",,,,,"2057643.13",,,,,,""
"2021-04-21","'3132A76X4'","MBS","UMBS MORTPASS 3% 03/30","15yr",,,,,"2057635.55",,,,,,""
"2021-04-21","'31418BZR0'","MBS","UMBS MORTPASS 2.5% 03/31","15yr",,,,,"2057335.97",,,,,,""
"2021-04-21","'3138E0SD2'","MBS","UMBS MORTPASS 3% 12/26","15yr",,,,,"2056728.13",,,,,,""
"2021-04-21","'36230LKK4'","MBS","GNMA I MORTPASS 3% 12/42","30yr",,,,,"2055330.83",,,,,,""
"2021-04-21","'3140H6M89'","MBS","UMBS MORTPASS 3.5% 03/48","30yr",,,,,"2054451.46",,,,,,""
"2021-04-21","'36295CFW6'","MBS","GNMA I MORTPASS 3% 11/42","30yr",,,,,"2053892.48",,,,,,""
"2021-04-21","'3140X8HH3'","MBS","UMBS MORTPASS 2% 11/35","15yr",,,,,"2053587.28",,,,,,""
"2021-04-21","'3140JUCY8'","MBS","UMBS MORTPASS 3% 11/49","30yr",,,,,"2053105.02",,,,,,""
"2021-04-21","'3138M05J5'","MBS","UMBS MORTPASS 3.5% 07/42","30yr",,,,,"2052940.39",,,,,,""
"2021-04-21","'3140JHMQ3'","MBS","UMBS MORTPASS 4.5% 01/49","30yr",,,,,"2052665.54",,,,,,""
"2021-04-21","'3133ACPX0'","MBS","UMBS MORTPASS 2.5% 11/50","30yr",,,,,"2049917.19",,,,,,""
"2021-04-21","'3133GBYQ1'","MBS","UMBS MORTPASS 1.5% 02/36","15yr",,,,,"2048257.48",,,,,,""
"2021-04-21","'3140H7A72'","MBS","UMBS MORTPASS 3.5% 03/33","15yr",,,,,"2047991.77",,,,,,""
"2021-04-21","'3140H9SW4'","MBS","UMBS MORTPASS 3.5% 04/49","30yr",,,,,"2047232.13",,,,,,""
"2021-04-21","'3131YAXH8'","MBS","UMBS MORTPASS 3% 03/49","30yr",,,,,"2047224.28",,,,,,""
"2021-04-21","'3138W2LL7'","MBS","UMBS MORTPASS 2.5% 01/28","15yr",,,,,"2045435.65",,,,,,""
"2021-04-21","'3131X75L8'","MBS","UMBS MORTPASS 2.5% 09/27","15yr",,,,,"2045231.1",,,,,,""
"2021-04-21","'3138EKA47'","MBS","UMBS MORTPASS 2.5% 12/27","15yr",,,,,"2044905.86",,,,,,""
"2021-04-21","'3140HFER6'","MBS","UMBS MORTPASS 3% 04/33","15yr",,,,,"2044660.18",,,,,,""
"2021-04-21","'36179VME7'","MBS","GNMA II 3.5% 05/50","30yr",,,,,"2043583.32",,,,,,""
"2021-04-21","'3131Y9RZ8'","MBS","UMBS MORTPASS 4% 02/49","30yr",,,,,"2043006.39",,,,,,""
"2021-04-21","'31307QSV0'","MBS","FHLMCGLD 3% 04/31","15yr",,,,,"2042596.51",,,,,,""
"2021-04-21","'3620AC4G6'","MBS","GNMA I MORTPASS 5% 09/39","30yr",,,,,"2039658.46",,,,,,""
"2021-04-21","'3133A4LL8'","MBS","UMBS MORTPASS 3% 04/50","30yr",,,,,"2039497.49",,,,,,""
"2021-04-21","'3133A1HV7'","MBS","UMBS MORTPASS 3% 02/50","30yr",,,,,"2039022.78",,,,,,""
"2021-04-21","'31334YFT9'","MBS","UMBS MORTPASS 4.5% 08/49","30yr",,,,,"2036904.03",,,,,,""
"2021-04-21","'3140X5SX2'","MBS","UMBS MORTPASS 3.5% 02/50","30yr",,,,,"2036096.39",,,,,,""
"2021-04-21","'31410GJ79'","MBS","UMBS MORTPASS 6.5% 09/37","30yr",,,,,"2034612.33",,,,,,""
"2021-04-21","'3133A1L83'","MBS","UMBS MORTPASS 3% 02/50","30yr",,,,,"2033873.11",,,,,,""
"2021-04-21","'3132KGAD2'","MBS","FHLMCGLD 3.5% 10/32","15yr",,,,,"2033708.81",,,,,,""
"2021-04-21","'3132J8WQ9'","MBS","FHLMCGLD 3.5% 04/43","30yr",,,,,"2033433.09",,,,,,""
"2021-04-21","'31334YSX6'","MBS","UMBS MORTPASS 3.5% 08/49","30yr",,,,,"2033314.7",,,,,,""
"2021-04-21","'3140GNZ97'","MBS","UMBS MORTPASS 3% 11/49","30yr",,,,,"2032995.5",,,,,,""
"2021-04-21","'3132A8BZ1'","MBS","UMBS MORTPASS 2.5% 10/25","Other",,,,,"2032004.77",,,,,,""
"2021-04-21","'3140F9AJ4'","MBS","UMBS MORTPASS 2.5% 07/31","15yr",,,,,"2031121.71",,,,,,""
"2021-04-21","'3132A9NT0'","MBS","UMBS MORTPASS 3% 10/28","15yr",,,,,"2030884.47",,,,,,""
"2021-04-21","'3138AXVY4'","MBS","UMBS MORTPASS 3% 11/26","15yr",,,,,"2030776.37",,,,,,""
"2021-04-21","'3138WEF79'","MBS","UMBS MORTPASS 2.5% 03/30","15yr",,,,,"2030603.35",,,,,,""
"2021-04-21","'3140QCCH7'","MBS","UMBS MORTPASS 4% 11/49","30yr",,,,,"2030328.48",,,,,,""
"2021-04-21","'31334WRM5'","MBS","UMBS MORTPASS 4.5% 06/49","30yr",,,,,"2029627.48",,,,,,""
"2021-04-21","'3138M8HU0'","MBS","UMBS MORTPASS 2.5% 08/27","15yr",,,,,"2029617.81",,,,,,""
"2021-04-21","'36296XXL3'","MBS","GNMA I MORTPASS 4% 06/39","30yr",,,,,"2028383.71",,,,,,""
"2021-04-21","'3138XJKT3'","MBS","UMBS MORTPASS 4% 04/44","30yr",,,,,"2026866.81",,,,,,""
"2021-04-21","'3138X2NL4'","MBS","UMBS MORTPASS 3.5% 07/43","30yr",,,,,"2024698.06",,,,,,""
"2021-04-21","'3138EJW38'","MBS","UMBS MORTPASS 3% 10/27","15yr",,,,,"2024138.14",,,,,,""
"2021-04-21","'3138MHQS5'","MBS","UMBS MORTPASS 3% 11/27","15yr",,,,,"2023931.26",,,,,,""
"2021-04-21","'31307GSL4'","MBS","FHLMCGLD 3% 03/29","15yr",,,,,"2019966.85",,,,,,""
"2021-04-21","'3140X7XJ3'","MBS","UMBS MORTPASS 2% 09/50","30yr",,,,,"2018732.66",,,,,,""
"2021-04-21","'3132JMKC2'","MBS","FHLMCGLD 3.5% 07/43","30yr",,,,,"2018422.17",,,,,,""
"2021-04-21","'36176H6D1'","MBS","GNMA I MORTPASS 3% 07/43","30yr",,,,,"2018089.1",,,,,,""
"2021-04-21","'31418A3X4'","MBS","UMBS MORTPASS 2% 11/23","Other",,,,,"2016360.2",,,,,,""
"2021-04-21","'3140HMKE3'","MBS","UMBS MORTPASS 4.5% 06/48","30yr",,,,,"2016301.43",,,,,,""
"2021-04-21","'3138XWN79'","MBS","UMBS MORTPASS 3% 07/29","15yr",,,,,"2016014.24",,,,,,""
"2021-04-21","'31307U6B9'","MBS","FHLMCGLD 3.5% 12/32","15yr",,,,,"2015941.88",,,,,,""
"2021-04-21","'3140JVEF5'","MBS","UMBS MORTPASS 3.5% 08/49","30yr",,,,,"2013569.69",,,,,,""
"2021-04-21","'3140JXWS3'","MBS","UMBS MORTPASS 3% 08/49","30yr",,,,,"2011930.11",,,,,,""
"2021-04-21","'3138WZYB2'","MBS","UMBS MORTPASS 3% 08/28","15yr",,,,,"2011279.96",,,,,,""
"2021-04-21","'31307NPK4'","MBS","FHLMCGLD 2.5% 07/30","15yr",,,,,"2010585.98",,,,,,""
"2021-04-21","'3140J9RT0'","MBS","UMBS MORTPASS 3% 08/38","Other",,,,,"2010039.2",,,,,,""
"2021-04-21","'31307RS71'","MBS","FHLMCGLD 2.5% 08/31","15yr",,,,,"2009999.4",,,,,,""
"2021-04-21","'3132JBDX8'","MBS","FHLMCGLD 4% 06/43","30yr",,,,,"2009759.97",,,,,,""
"2021-04-21","'3140L6JB1'","MBS","UMBS MORTPASS 1.5% 04/51","30yr",,,,,"2009744",,,,,,""
"2021-04-21","'3140X5FC2'","MBS","UMBS MORTPASS 3.5% 11/49","30yr",,,,,"2008023.86",,,,,,""
"2021-04-21","'3132A7GF2'","MBS","UMBS MORTPASS 2.5% 05/27","15yr",,,,,"2007818.81",,,,,,""
"2021-04-21","'3140H9QU0'","MBS","UMBS MORTPASS 4.5% 02/49","30yr",,,,,"2005856.32",,,,,,""
"2021-04-21","'3140HPVR5'","MBS","UMBS MORTPASS 4% 10/48","30yr",,,,,"2003186.9",,,,,,""
"2021-04-21","'3131X9E83'","MBS","UMBS MORTPASS 2% 06/23","Other",,,,,"2002991.28",,,,,,""
"2021-04-21","'3133A2GV6'","MBS","UMBS MORTPASS 3% 03/50","30yr",,,,,"2000868.35",,,,,,""
"2021-04-21","'36176H5C4'","MBS","GNMA I MORTPASS 3% 04/43","30yr",,,,,"2000706.53",,,,,,""
"2021-04-21","'3140L8CT5'","MBS","UMBS MORTPASS 2% 05/51","30yr",,,,,"2000000",,,,,,""
"2021-04-21","'31416SYH8'","MBS","UMBS MORTPASS 4% 06/39","30yr",,,,,"1999625.06",,,,,,""
"2021-04-21","'3140K4U24'","MBS","UMBS MORTPASS 3% 03/50","30yr",,,,,"1999177.08",,,,,,""
"2021-04-21","'3138W9RJ1'","MBS","UMBS MORTPASS 2.5% 09/28","15yr",,,,,"1997721.89",,,,,,""
"2021-04-21","'3140KUED0'","MBS","UMBS MORTPASS 2.5% 11/50","30yr",,,,,"1995012.45",,,,,,""
"2021-04-21","'3140JHE58'","MBS","UMBS MORTPASS 3% 10/33","15yr",,,,,"1994266.09",,,,,,""
"2021-04-21","'3140H5YY1'","MBS","UMBS MORTPASS 2.5% 01/33","15yr",,,,,"1993783.32",,,,,,""
"2021-04-21","'3133G9KM0'","MBS","UMBS MORTPASS 1.5% 08/35","15yr",,,,,"1993753.13",,,,,,""
"2021-04-21","'3140K9H44'","MBS","UMBS MORTPASS 3% 03/50","30yr",,,,,"1993073.37",,,,,,""
"2021-04-21","'31307PEF2'","MBS","FHLMCGLD 2.5% 09/30","15yr",,,,,"1991905.57",,,,,,""
"2021-04-21","'3138ER6N5'","MBS","UMBS MORTPASS 2.5% 11/30","15yr",,,,,"1991869.35",,,,,,""
"2021-04-21","'3131Y1BZ2'","MBS","UMBS MORTPASS 3.5% 05/48","30yr",,,,,"1991713.15",,,,,,""
"2021-04-21","'3140F7R76'","MBS","UMBS MORTPASS 4% 07/46","30yr",,,,,"1991353.9",,,,,,""
"2021-04-21","'3138W02V0'","MBS","UMBS MORTPASS 2.5% 01/43","30yr",,,,,"1990808.67",,,,,,""
"2021-04-21","'3140L1KK0'","MBS","UMBS MORTPASS 1.5% 02/51","30yr",,,,,"1990757.73",,,,,,""
"2021-04-21","'31329LE32'","MBS","UMBS MORTPASS 3% 09/27","15yr",,,,,"1990691.42",,,,,,""
"2021-04-21","'3131X8B96'","MBS","UMBS MORTPASS 2.5% 10/27","15yr",,,,,"1989190.89",,,,,,""
"2021-04-21","'3140JYP26'","MBS","UMBS MORTPASS 3.5% 10/49","30yr",,,,,"1988882.37",,,,,,""
"2021-04-21","'31416YD47'","MBS","UMBS MORTPASS 2.5% 03/26","15yr",,,,,"1988479.92",,,,,,""
"2021-04-21","'36297FS45'","MBS","GNMA I MORTPASS 5% 08/39","30yr",,,,,"1988322.87",,,,,,""
"2021-04-21","'31307V4E3'","MBS","FHLMCGLD 3.5% 05/33","15yr",,,,,"1988183.17",,,,,,""
"2021-04-21","'3140GV2J3'","MBS","UMBS MORTPASS 2.5% 12/32","15yr",,,,,"1987635.57",,,,,,""
"2021-04-21","'3132KE5M3'","MBS","FHLMCGLD 2.5% 04/30","15yr",,,,,"1985919.3",,,,,,""
"2021-04-21","'31418BTX4'","MBS","UMBS MORTPASS 3% 08/25","Other",,,,,"1985554.02",,,,,,""
"2021-04-21","'36179HZQ7'","MBS","GNMA I MORTPASS 3% 01/43","30yr",,,,,"1985306.88",,,,,,""
"2021-04-21","'3140KRKZ1'","MBS","UMBS MORTPASS 2% 11/35","15yr",,,,,"1985086.03",,,,,,""
"2021-04-21","'3140KQ6B2'","MBS","UMBS MORTPASS 2.5% 09/50","30yr",,,,,"1982536.29",,,,,,""
"2021-04-21","'3133ADUM6'","MBS","UMBS MORTPASS 2.5% 12/50","30yr",,,,,"1981549.24",,,,,,""
"2021-04-21","'3138EB7D1'","MBS","UMBS MORTPASS 3% 04/27","15yr",,,,,"1980253.94",,,,,,""
"2021-04-21","'3133ACE20'","MBS","UMBS MORTPASS 2.5% 11/50","30yr",,,,,"1979075.78",,,,,,""
"2021-04-21","'3140KA7A8'","MBS","UMBS MORTPASS 2.5% 03/50","30yr",,,,,"1978519.79",,,,,,""
"2021-04-21","'3138ET4J2'","MBS","UMBS MORTPASS 3% 12/30","15yr",,,,,"1977977.46",,,,,,""
"2021-04-21","'3138Y3LM1'","MBS","UMBS MORTPASS 3% 10/44","30yr",,,,,"1976658.43",,,,,,""
"2021-04-21","'3133ADTV8'","MBS","UMBS MORTPASS 2% 11/50","30yr",,,,,"1975866.44",,,,,,""
"2021-04-21","'31339UM49'","MBS","UMBS MORTPASS 3% 10/49","30yr",,,,,"1975054.37",,,,,,""
"2021-04-21","'3138W14A2'","MBS","UMBS MORTPASS 2.5% 02/28","15yr",,,,,"1974855.68",,,,,,""
"2021-04-21","'3133A9MM4'","MBS","UMBS MORTPASS 2.5% 05/50","30yr",,,,,"1974476.04",,,,,,""
"2021-04-21","'3138ESCN6'","MBS","UMBS MORTPASS 2.5% 09/30","15yr",,,,,"1971110.09",,,,,,""
"2021-04-21","'3140FFJE2'","MBS","UMBS MORTPASS 2.5% 10/31","15yr",,,,,"1970975.5",,,,,,""
"2021-04-21","'3140QAVA5'","MBS","UMBS MORTPASS 3.5% 04/49","30yr",,,,,"1970855.49",,,,,,""
"2021-04-21","'3138AMZ99'","MBS","UMBS MORTPASS 4% 09/41","30yr",,,,,"1970307.88",,,,,,""
"2021-04-21","'3140JVKF8'","MBS","UMBS MORTPASS 4% 06/49","30yr",,,,,"1969611.78",,,,,,""
"2021-04-21","'3132A5FM2'","MBS","UMBS MORTPASS 3.5% 08/46","30yr",,,,,"1969487.88",,,,,,""
"2021-04-21","'3140Q9XX6'","MBS","UMBS MORTPASS 4.5% 10/48","30yr",,,,,"1969006.02",,,,,,""
"2021-04-21","'3133A0Y24'","MBS","UMBS MORTPASS 3% 12/44","30yr",,,,,"1968775.23",,,,,,""
"2021-04-21","'3138M9EB3'","MBS","UMBS MORTPASS 2.5% 09/27","15yr",,,,,"1968085.68",,,,,,""
"2021-04-21","'3138MFRF6'","MBS","UMBS MORTPASS 2% 10/27","15yr",,,,,"1966779.67",,,,,,""
"2021-04-21","'36176H6F6'","MBS","GNMA I 3.5% 06/43","30yr",,,,,"1966437.07",,,,,,""
"2021-04-21","'36178QLF7'","MBS","GNMA I MORTPASS 3% 03/43","30yr",,,,,"1965392.23",,,,,,""
"2021-04-21","'3131X84G8'","MBS","UMBS MORTPASS 2% 04/28","15yr",,,,,"1964617.46",,,,,,""
"2021-04-21","'3140JMC91'","MBS","UMBS MORTPASS 3.5% 08/49","30yr",,,,,"1964603.92",,,,,,""
"2021-04-21","'3140X8QX8'","MBS","UMBS MORTPASS 2% 12/50","30yr",,,,,"1962713.69",,,,,,""
"2021-04-21","'31307SGD9'","MBS","FHLMCGLD 2% 11/31","15yr",,,,,"1962597.06",,,,,,""
"2021-04-21","'3131X64Z0'","MBS","UMBS MORTPASS 3% 09/26","15yr",,,,,"1961845.11",,,,,,""
"2021-04-21","'3140JNWB2'","MBS","UMBS MORTPASS 4.5% 04/49","30yr",,,,,"1961361.58",,,,,,""
"2021-04-21","'31307VB88'","MBS","FHLMCGLD 3.5% 12/32","15yr",,,,,"1961029.15",,,,,,""
"2021-04-21","'3140JUST2'","MBS","UMBS MORTPASS 4.5% 06/49","30yr",,,,,"1960225.18",,,,,,""
"2021-04-21","'3133G9HB8'","MBS","UMBS MORTPASS 2% 08/35","15yr",,,,,"1960106.87",,,,,,""
"2021-04-21","'3140HHF83'","MBS","UMBS MORTPASS 3.5% 12/33","15yr",,,,,"1959100.99",,,,,,""
"2021-04-21","'3140JYPN0'","MBS","UMBS MORTPASS 3% 11/49","30yr",,,,,"1959081.06",,,,,,""
"2021-04-21","'3132A8ML0'","MBS","UMBS MORTPASS 3% 12/31","15yr",,,,,"1958808.02",,,,,,""
"2021-04-21","'3140HF7B9'","MBS","UMBS MORTPASS 2.5% 06/45","30yr",,,,,"1957753.8",,,,,,""
"2021-04-21","'3620AS3F4'","MBS","GNMA I 3.5% 10/41","30yr",,,,,"1957369.1",,,,,,""
"2021-04-21","'3132CWCG7'","MBS","UMBS MORTPASS 2.5% 05/30","15yr",,,,,"1956946.16",,,,,,""
"2021-04-21","'3138WAY92'","MBS","UMBS MORTPASS 3% 02/24","Other",,,,,"1956907.66",,,,,,""
"2021-04-21","'36230SLN2'","MBS","GNMA I 3.5% 07/42","30yr",,,,,"1956275.19",,,,,,""
"2021-04-21","'3140Q9TY9'","MBS","UMBS MORTPASS 3.5% 09/48","30yr",,,,,"1955357.09",,,,,,""
"2021-04-21","'3140K24F8'","MBS","UMBS MORTPASS 3% 11/34","15yr",,,,,"1954871.94",,,,,,""
"2021-04-21","'3133ABMT4'","MBS","UMBS MORTPASS 2% 10/50","30yr",,,,,"1954410.22",,,,,,""
"2021-04-21","'3140KU7J5'","MBS","UMBS MORTPASS 2.5% 12/50","30yr",,,,,"1951136.48",,,,,,""
"2021-04-21","'3138X4H45'","MBS","UMBS MORTPASS 3.5% 09/43","30yr",,,,,"1951014.04",,,,,,""
"2021-04-21","'31339UMD9'","MBS","UMBS MORTPASS 3% 09/49","30yr",,,,,"1950780.58",,,,,,""
"2021-04-21","'3133D3EJ0'","MBS","UMBS MORTPASS 2.5% 12/39","Other",,,,,"1950162.49",,,,,,""
"2021-04-21","'36176H6E9'","MBS","GNMA I MORTPASS 3% 07/43","30yr",,,,,"1945818.03",,,,,,""
"2021-04-21","'3140JPEB7'","MBS","UMBS MORTPASS 4% 02/49","30yr",,,,,"1945808.6",,,,,,""
"2021-04-21","'3140JNZH6'","MBS","UMBS MORTPASS 4% 02/49","30yr",,,,,"1944976.54",,,,,,""
"2021-04-21","'3138WNBP3'","MBS","UMBS MORTPASS 3% 04/43","30yr",,,,,"1944560.75",,,,,,""
"2021-04-21","'31307VW77'","MBS","FHLMCGLD 3% 03/33","15yr",,,,,"1944347.34",,,,,,""
"2021-04-21","'3133KHKH8'","MBS","UMBS MORTPASS 3% 02/50","30yr",,,,,"1943196.13",,,,,,""
"2021-04-21","'3140EXAR4'","MBS","UMBS MORTPASS 3% 04/31","15yr",,,,,"1943110.47",,,,,,""
"2021-04-21","'3131Y7CT2'","MBS","UMBS MORTPASS 3% 10/48","30yr",,,,,"1942917.61",,,,,,""
"2021-04-21","'31307GJ26'","MBS","FHLMCGLD 3% 02/29","15yr",,,,,"1942367.39",,,,,,""
"2021-04-21","'3132AD4B1'","MBS","UMBS MORTPASS 2% 07/30","15yr",,,,,"1940593.32",,,,,,""
"2021-04-21","'3138M0R36'","MBS","UMBS MORTPASS 3% 07/27","15yr",,,,,"1940517.84",,,,,,""
"2021-04-21","'3132J7ZG0'","MBS","FHLMCGLD 3.5% 03/43","30yr",,,,,"1940056.66",,,,,,""
"2021-04-21","'36297HZD3'","MBS","GNMA I 4.5% 05/39","30yr",,,,,"1939713.48",,,,,,""
"2021-04-21","'3133AAHG0'","MBS","UMBS MORTPASS 2% 09/50","30yr",,,,,"1937607.82",,,,,,""
"2021-04-21","'36179UGA4'","MBS","GNMA II MORTPASS 3% 11/48","30yr",,,,,"1937503.74",,,,,,""
"2021-04-21","'31307EHF4'","MBS","FHLMCGLD 3% 09/28","15yr",,,,,"1937465.79",,,,,,""
"2021-04-21","'3140X8UR6'","MBS","UMBS MORTPASS 1.5% 12/50","30yr",,,,,"1937077",,,,,,""
"2021-04-21","'31418BEP7'","MBS","UMBS MORTPASS 3.5% 06/24","Other",,,,,"1936680.33",,,,,,""
"2021-04-21","'3131X8Y34'","MBS","UMBS MORTPASS 2.5% 04/28","15yr",,,,,"1936337.68",,,,,,""
"2021-04-21","'3138W6TT3'","MBS","UMBS MORTPASS 3% 03/28","15yr",,,,,"1935768.32",,,,,,""
"2021-04-21","'3140HNKQ4'","MBS","UMBS MORTPASS 1.5% 12/35","15yr",,,,,"1935086.96",,,,,,""
"2021-04-21","'3140KERS9'","MBS","UMBS MORTPASS 2.5% 05/50","30yr",,,,,"1934887.65",,,,,,""
"2021-04-21","'3140JYZQ2'","MBS","UMBS MORTPASS 3% 09/49","30yr",,,,,"1934669.59",,,,,,""
"2021-04-21","'3140K4A75'","MBS","UMBS MORTPASS 3% 11/49","30yr",,,,,"1932262.45",,,,,,""
"2021-04-21","'3138YXS71'","MBS","UMBS MORTPASS 3% 10/45","30yr",,,,,"1932149.73",,,,,,""
"2021-04-21","'3133AEYZ1'","MBS","UMBS MORTPASS 2.5% 01/51","30yr",,,,,"1931762.14",,,,,,""
"2021-04-21","'3133G7J79'","MBS","UMBS MORTPASS 3% 12/34","15yr",,,,,"1930144.54",,,,,,""
"2021-04-21","'36177WUA6'","MBS","GNMA I 3.5% 06/42","30yr",,,,,"1929831.91",,,,,,""
"2021-04-21","'3131X8T22'","MBS","UMBS MORTPASS 2% 03/28","15yr",,,,,"1928939.92",,,,,,""
"2021-04-21","'31417CLJ2'","MBS","UMBS MORTPASS 2.5% 07/42","30yr",,,,,"1928670.08",,,,,,""
"2021-04-21","'31418AEJ3'","MBS","UMBS MORTPASS 2.5% 04/22","Other",,,,,"1927212.67",,,,,,""
"2021-04-21","'36202FHX7'","MBS","GNMA II 4.5% 07/40","30yr",,,,,"1926634.96",,,,,,""
"2021-04-21","'31329QN64'","MBS","UMBS MORTPASS 3.5% 04/49","30yr",,,,,"1926199.21",,,,,,""
"2021-04-21","'3140F15F5'","MBS","UMBS MORTPASS 2.5% 06/31","15yr",,,,,"1926175.74",,,,,,""
"2021-04-21","'3132J8ZB9'","MBS","FHLMCGLD 3% 04/43","30yr",,,,,"1925359.93",,,,,,""
"2021-04-21","'3138E7TW4'","MBS","UMBS MORTPASS 3% 02/27","15yr",,,,,"1923860.7",,,,,,""
"2021-04-21","'3133A1K50'","MBS","UMBS MORTPASS 3.5% 01/50","30yr",,,,,"1923538.43",,,,,,""
"2021-04-21","'3140H2XH6'","MBS","UMBS MORTPASS 3.5% 02/48","30yr",,,,,"1923524.48",,,,,,""
"2021-04-21","'3138WDM65'","MBS","UMBS MORTPASS 2.5% 12/29","15yr",,,,,"1921508.34",,,,,,""
"2021-04-21","'3140H5NT4'","MBS","UMBS MORTPASS 3.5% 02/48","30yr",,,,,"1918461.65",,,,,,""
"2021-04-21","'31307U6L7'","MBS","FHLMCGLD 2.5% 11/32","15yr",,,,,"1916310.27",,,,,,""
"2021-04-21","'3140HKCR7'","MBS","UMBS MORTPASS 3.5% 07/33","15yr",,,,,"1915075.15",,,,,,""
"2021-04-21","'3138WQXV9'","MBS","UMBS MORTPASS 3.5% 08/43","30yr",,,,,"1913294.17",,,,,,""
"2021-04-21","'3131XDG82'","MBS","UMBS MORTPASS 3% 01/33","15yr",,,,,"1912266.27",,,,,,""
"2021-04-21","'3131Y1UL2'","MBS","UMBS MORTPASS 3% 05/48","30yr",,,,,"1911460",,,,,,""
"2021-04-21","'36202EVP1'","MBS","GNMA II MORTPASS 6% 08/38","30yr",,,,,"1911392.73",,,,,,""
"2021-04-21","'3138YAJA4'","MBS","UMBS MORTPASS 3% 04/45","30yr",,,,,"1910662.81",,,,,,""
"2021-04-21","'3133KHJS6'","MBS","UMBS MORTPASS 4% 11/48","30yr",,,,,"1910118.45",,,,,,""
"2021-04-21","'3140JGW76'","MBS","UMBS MORTPASS 4.5% 09/48","30yr",,,,,"1909837.36",,,,,,""
"2021-04-21","'31329QYX3'","MBS","UMBS MORTPASS 4% 05/49","30yr",,,,,"1909293.69",,,,,,""
"2021-04-21","'3138WZVA7'","MBS","UMBS MORTPASS 3.5% 08/43","30yr",,,,,"1909223.66",,,,,,""
"2021-04-21","'3140E24A6'","MBS","UMBS MORTPASS 4% 09/45","30yr",,,,,"1908679.06",,,,,,""
"2021-04-21","'3131Y3DG8'","MBS","UMBS MORTPASS 4.5% 09/48","30yr",,,,,"1907638.11",,,,,,""
"2021-04-21","'3132QPYA6'","MBS","FHLMCGLD 3.5% 05/45","30yr",,,,,"1906734.78",,,,,,""
"2021-04-21","'3140X4MT0'","MBS","UMBS MORTPASS 4% 06/49","30yr",,,,,"1906638.05",,,,,,""
"2021-04-21","'3133AD6A9'","MBS","UMBS MORTPASS 1.5% 01/51","30yr",,,,,"1906359.37",,,,,,""
"2021-04-21","'3132J83P3'","MBS","FHLMCGLD 3.5% 04/43","30yr",,,,,"1906195.72",,,,,,""
"2021-04-21","'3138MDVR0'","MBS","UMBS MORTPASS 2% 10/27","15yr",,,,,"1906114.12",,,,,,""
"2021-04-21","'3131YDF41'","MBS","UMBS MORTPASS 4.5% 06/49","30yr",,,,,"1904352.25",,,,,,""
"2021-04-21","'3140KEX60'","MBS","UMBS MORTPASS 2% 07/50","30yr",,,,,"1904130.93",,,,,,""
"2021-04-21","'3140KADG8'","MBS","UMBS MORTPASS 3% 04/50","30yr",,,,,"1903124.03",,,,,,""
"2021-04-21","'3140E5LB8'","MBS","UMBS MORTPASS 2.5% 05/31","15yr",,,,,"1902693.04",,,,,,""
"2021-04-21","'3138XJ2M8'","MBS","UMBS MORTPASS 2.5% 08/30","15yr",,,,,"1902196.52",,,,,,""
"2021-04-21","'3133AASJ2'","MBS","UMBS MORTPASS 2% 10/50","30yr",,,,,"1902152.19",,,,,,""
"2021-04-21","'3140L3FY2'","MBS","UMBS MORTPASS 1.5% 04/36","15yr",,,,,"1902051",,,,,,""
"2021-04-21","'31329P7A5'","MBS","UMBS MORTPASS 4% 02/39","Other",,,,,"1901561.38",,,,,,""
"2021-04-21","'3133A4HA7'","MBS","UMBS MORTPASS 3% 05/50","30yr",,,,,"1901058.32",,,,,,""
"2021-04-21","'3140X5ZA4'","MBS","UMBS MORTPASS 2% 08/30","15yr",,,,,"1900890.09",,,,,,""
"2021-04-21","'31307PUH0'","MBS","FHLMCGLD 2.5% 11/30","15yr",,,,,"1900849.32",,,,,,""
"2021-04-21","'3138W3TX1'","MBS","UMBS MORTPASS 3% 02/43","30yr",,,,,"1900806.43",,,,,,""
"2021-04-21","'31418BYK6'","MBS","UMBS MORTPASS 3% 01/26","Other",,,,,"1899694.1",,,,,,""
"2021-04-21","'3131X8G34'","MBS","UMBS MORTPASS 2.5% 12/27","15yr",,,,,"1899606.75",,,,,,""
"2021-04-21","'3138WFA22'","MBS","UMBS MORTPASS 3% 06/30","15yr",,,,,"1899358.15",,,,,,""
"2021-04-21","'31416XYF1'","MBS","UMBS MORTPASS 3% 03/26","15yr",,,,,"1897443.91",,,,,,""
"2021-04-21","'3140HFTM1'","MBS","UMBS MORTPASS 2.5% 04/35","15yr",,,,,"1897254.68",,,,,,""
"2021-04-21","'36176H5B6'","MBS","GNMA I MORTPASS 3% 04/43","30yr",,,,,"1896440.44",,,,,,""
"2021-04-21","'3132KE4T9'","MBS","FHLMCGLD 2.5% 06/30","15yr",,,,,"1896399.52",,,,,,""
"2021-04-21","'3133AF2A8'","MBS","UMBS MORTPASS 2% 01/51","30yr",,,,,"1896398.95",,,,,,""
"2021-04-21","'3131YDLM4'","MBS","UMBS MORTPASS 4% 06/49","30yr",,,,,"1894335.77",,,,,,""
"2021-04-21","'31339SZP3'","MBS","UMBS MORTPASS 3% 10/49","30yr",,,,,"1894185.9",,,,,,""
"2021-04-21","'3140KC4A7'","MBS","UMBS MORTPASS 2.5% 03/35","15yr",,,,,"1894181.25",,,,,,""
"2021-04-21","'3140KRJM2'","MBS","UMBS MORTPASS 2% 11/35","15yr",,,,,"1893629.33",,,,,,""
"2021-04-21","'31307F7L9'","MBS","FHLMCGLD 3% 01/29","15yr",,,,,"1893359.03",,,,,,""
"2021-04-21","'3132GJG29'","MBS","FHLMCGLD 4% 09/41","30yr",,,,,"1892928.22",,,,,,""
"2021-04-21","'3138M0NW6'","MBS","UMBS MORTPASS 3% 06/27","15yr",,,,,"1892589.8",,,,,,""
"2021-04-21","'3140L3QS3'","MBS","UMBS MORTPASS 2% 02/51","30yr",,,,,"1890031.73",,,,,,""
"2021-04-21","'31418C2T0'","MBS","UMBS MORTPASS 3% 09/28","Other",,,,,"1889998",,,,,,""
"2021-04-21","'3140H7TM9'","MBS","UMBS MORTPASS 3.5% 04/48","30yr",,,,,"1886676.06",,,,,,""
"2021-04-21","'3140JRR78'","MBS","UMBS MORTPASS 4.5% 04/49","30yr",,,,,"1885676.51",,,,,,""
"2021-04-21","'31418CFN9'","MBS","UMBS MORTPASS 4.5% 01/47","30yr",,,,,"1884235.32",,,,,,""
"2021-04-21","'3140HNJK9'","MBS","UMBS MORTPASS 2% 12/35","15yr",,,,,"1884025.93",,,,,,""
"2021-04-21","'3131XAWL1'","MBS","UMBS MORTPASS 3% 10/24","Other",,,,,"1884016.15",,,,,,""
"2021-04-21","'3132A9SR9'","MBS","UMBS MORTPASS 2% 11/31","15yr",,,,,"1883728.07",,,,,,""
"2021-04-21","'3140E9J72'","MBS","UMBS MORTPASS 2.5% 02/31","15yr",,,,,"1883507.14",,,,,,""
"2021-04-21","'3133A42N5'","MBS","UMBS MORTPASS 3% 05/50","30yr",,,,,"1882946.6",,,,,,""
"2021-04-21","'3140H7T56'","MBS","UMBS MORTPASS 3.5% 04/33","15yr",,,,,"1882813.14",,,,,,""
"2021-04-21","'3133G7S79'","MBS","UMBS MORTPASS 2.5% 01/35","15yr",,,,,"1880882.52",,,,,,""
"2021-04-21","'3132M4T39'","MBS","FHLMCGLD 3.5% 01/44","30yr",,,,,"1879727.11",,,,,,""
"2021-04-21","'3132A9TG2'","MBS","UMBS MORTPASS 3% 04/32","15yr",,,,,"1879685.55",,,,,,""
"2021-04-21","'3133ACXS2'","MBS","UMBS MORTPASS 2% 11/50","30yr",,,,,"1879395.22",,,,,,""
"2021-04-21","'3140QCMY9'","MBS","UMBS MORTPASS 2.5% 06/28","Other",,,,,"1879213.2",,,,,,""
"2021-04-21","'3140HFWB1'","MBS","UMBS MORTPASS 2.5% 05/50","30yr",,,,,"1879115.54",,,,,,""
"2021-04-21","'31334WQU8'","MBS","UMBS MORTPASS 4% 06/49","30yr",,,,,"1878657.09",,,,,,""
"2021-04-21","'31307HBU0'","MBS","FHLMCGLD 3% 05/29","15yr",,,,,"1877850.88",,,,,,""
"2021-04-21","'3138XPQ89'","MBS","UMBS MORTPASS 4% 02/44","30yr",,,,,"1877759.55",,,,,,""
"2021-04-21","'3131YBYP7'","MBS","UMBS MORTPASS 3.5% 04/49","30yr",,,,,"1876448.01",,,,,,""
"2021-04-21","'3140K46U9'","MBS","UMBS MORTPASS 2.5% 01/50","30yr",,,,,"1876411.75",,,,,,""
"2021-04-21","'31307SX65'","MBS","FHLMCGLD 3% 01/32","15yr",,,,,"1876281.66",,,,,,""
"2021-04-21","'3133A22Y5'","MBS","UMBS MORTPASS 3% 03/50","30yr",,,,,"1875646.01",,,,,,""
"2021-04-21","'3138X4KN9'","MBS","UMBS MORTPASS 3% 09/28","15yr",,,,,"1875243.55",,,,,,""
"2021-04-21","'31417NRU7'","MBS","UMBS MORTPASS 4% 08/39","30yr",,,,,"1874905.35",,,,,,""
"2021-04-21","'3620A0AK6'","MBS","GNMA I 4.5% 06/39","30yr",,,,,"1874364.29",,,,,,""
"2021-04-21","'3132M6RG7'","MBS","FHLMCGLD 4% 05/44","30yr",,,,,"1873292.62",,,,,,""
"2021-04-21","'3140KLRM6'","MBS","UMBS MORTPASS 2.5% 08/50","30yr",,,,,"1872882.01",,,,,,""
"2021-04-21","'3133A0MQ4'","MBS","UMBS MORTPASS 3% 01/50","30yr",,,,,"1872061.02",,,,,,""
"2021-04-21","'3140HMPP3'","MBS","UMBS MORTPASS 3% 09/33","15yr",,,,,"1871871.05",,,,,,""
"2021-04-21","'3140X4VR4'","MBS","UMBS MORTPASS 2.5% 08/29","Other",,,,,"1870765.39",,,,,,""
"2021-04-21","'3140J6FV4'","MBS","UMBS MORTPASS 3% 09/30","15yr",,,,,"1870442.2",,,,,,""
"2021-04-21","'3131X9HQ0'","MBS","UMBS MORTPASS 2.5% 06/23","Other",,,,,"1870255.53",,,,,,""
"2021-04-21","'36297KLS8'","MBS","GNMA I 4.5% 06/39","30yr",,,,,"1869490.78",,,,,,""
"2021-04-21","'31307VFH4'","MBS","FHLMCGLD 3% 01/33","15yr",,,,,"1868965.94",,,,,,""
"2021-04-21","'3132ACRZ5'","MBS","UMBS MORTPASS 3% 04/47","30yr",,,,,"1868526.91",,,,,,""
"2021-04-21","'3140QCVU7'","MBS","UMBS MORTPASS 3% 02/50","30yr",,,,,"1868473.94",,,,,,""
"2021-04-21","'31307RTQ8'","MBS","FHLMCGLD 2.5% 08/31","15yr",,,,,"1868326.45",,,,,,""
"2021-04-21","'3140H7RM1'","MBS","UMBS MORTPASS 3.5% 05/33","15yr",,,,,"1867874.52",,,,,,""
"2021-04-21","'3131YCQP4'","MBS","UMBS MORTPASS 3.5% 05/49","30yr",,,,,"1867786.94",,,,,,""
"2021-04-21","'31418CV43'","MBS","UMBS MORTPASS 4.5% 04/48","30yr",,,,,"1867668.55",,,,,,""
"2021-04-21","'31418BX43'","MBS","UMBS MORTPASS 3% 01/31","15yr",,,,,"1867504.43",,,,,,""
"2021-04-21","'31307ALA8'","MBS","FHLMCGLD 3% 02/28","15yr",,,,,"1867141.62",,,,,,""
"2021-04-21","'3133A8TB3'","MBS","UMBS MORTPASS 2% 08/50","30yr",,,,,"1867080.08",,,,,,""
"2021-04-21","'3140HNBB7'","MBS","UMBS MORTPASS 2% 10/45","30yr",,,,,"1866279.03",,,,,,""
"2021-04-21","'3133AAKP6'","MBS","UMBS MORTPASS 2% 09/50","30yr",,,,,"1865351.51",,,,,,""
"2021-04-21","'31417DMB6'","MBS","UMBS MORTPASS 2.5% 10/27","15yr",,,,,"1864080.36",,,,,,""
"2021-04-21","'3140QDNG5'","MBS","UMBS MORTPASS 2.5% 07/33","15yr",,,,,"1861818.26",,,,,,""
"2021-04-21","'3131X9BS2'","MBS","UMBS MORTPASS 2.5% 05/28","15yr",,,,,"1861693.84",,,,,,""
"2021-04-21","'3131X9J39'","MBS","UMBS MORTPASS 2.5% 06/28","15yr",,,,,"1859768.78",,,,,,""
"2021-04-21","'3138E2GA7'","MBS","UMBS MORTPASS 3% 01/27","15yr",,,,,"1858526.29",,,,,,""
"2021-04-21","'3138A1HR5'","MBS","UMBS MORTPASS 4% 12/40","30yr",,,,,"1858093.27",,,,,,""
"2021-04-21","'36202FBG0'","MBS","GNMA II MORTPASS 4% 09/39","30yr",,,,,"1857966.39",,,,,,""
"2021-04-21","'3140Q8N50'","MBS","UMBS MORTPASS 3.5% 10/27","Other",,,,,"1857162.07",,,,,,""
"2021-04-21","'31346YNN9'","MBS","UMBS MORTPASS 3% 12/49","30yr",,,,,"1856595.97",,,,,,""
"2021-04-21","'3138WABT3'","MBS","UMBS MORTPASS 3% 11/28","15yr",,,,,"1856070.77",,,,,,""
"2021-04-21","'3140FQBW6'","MBS","UMBS MORTPASS 2.5% 01/32","15yr",,,,,"1855964.71",,,,,,""
"2021-04-21","'3138M1FT0'","MBS","UMBS MORTPASS 3% 07/27","15yr",,,,,"1855234.88",,,,,,""
"2021-04-21","'36180C3Y3'","MBS","GNMA I MORTPASS 3% 02/43","30yr",,,,,"1854798.03",,,,,,""
"2021-04-21","'3133G72H5'","MBS","UMBS MORTPASS 2.5% 02/35","15yr",,,,,"1854609.2",,,,,,""
"2021-04-21","'31412QN88'","MBS","UMBS MORTPASS 5.5% 09/39","30yr",,,,,"1854307.87",,,,,,""
"2021-04-21","'3132GJVL0'","MBS","FHLMCGLD 4% 10/41","30yr",,,,,"1854305.78",,,,,,""
"2021-04-21","'31307WEZ3'","MBS","FHLMCGLD 3.5% 06/33","15yr",,,,,"1854293.91",,,,,,""
"2021-04-21","'31307GJ42'","MBS","FHLMCGLD 3% 02/29","15yr",,,,,"1854094.27",,,,,,""
"2021-04-21","'3132JMF20'","MBS","FHLMCGLD 3% 07/43","30yr",,,,,"1853739.68",,,,,,""
"2021-04-21","'3138YTL77'","MBS","UMBS MORTPASS 3.5% 07/45","30yr",,,,,"1853323.03",,,,,,""
"2021-04-21","'3131X8C53'","MBS","UMBS MORTPASS 2.5% 10/27","15yr",,,,,"1853144.46",,,,,,""
"2021-04-21","'3138WJLF3'","MBS","UMBS MORTPASS 2.5% 12/26","Other",,,,,"1852367.35",,,,,,""
"2021-04-21","'3131X8L87'","MBS","UMBS MORTPASS 2.5% 01/28","15yr",,,,,"1851516.32",,,,,,""
"2021-04-21","'3133ACLQ9'","MBS","UMBS MORTPASS 2.5% 11/50","30yr",,,,,"1851169.26",,,,,,""
"2021-04-21","'3132M8GK6'","MBS","FHLMCGLD 4% 08/44","30yr",,,,,"1849229.41",,,,,,""
"2021-04-21","'3140K4MC1'","MBS","UMBS MORTPASS 3% 05/50","30yr",,,,,"1849016.49",,,,,,""
"2021-04-21","'31329Q5T4'","MBS","UMBS MORTPASS 4.5% 06/49","30yr",,,,,"1848571.25",,,,,,""
"2021-04-21","'3140JXH35'","MBS","UMBS MORTPASS 3.5% 08/49","30yr",,,,,"1848287.49",,,,,,""
"2021-04-21","'3140JYAH9'","MBS","UMBS MORTPASS 2.5% 08/34","15yr",,,,,"1846872.62",,,,,,""
"2021-04-21","'3140QESZ6'","MBS","UMBS MORTPASS 3% 06/50","30yr",,,,,"1846410.56",,,,,,""
"2021-04-21","'36294UT51'","MBS","GNMA I 3.5% 12/41","30yr",,,,,"1845595.26",,,,,,""
"2021-04-21","'3140JAJT6'","MBS","UMBS MORTPASS 3.5% 11/48","30yr",,,,,"1845455.03",,,,,,""
"2021-04-21","'3128MMY49'","MBS","FHLMCGLD 3.5% 04/34","15yr",,,,,"1844750.48",,,,,,""
"2021-04-21","'3138ATGA2'","MBS","UMBS MORTPASS 3% 10/26","15yr",,,,,"1844494.82",,,,,,""
"2021-04-21","'3128MMV83'","MBS","FHLMCGLD 3.5% 03/32","15yr",,,,,"1844176.96",,,,,,""
"2021-04-21","'31307MFE1'","MBS","FHLMCGLD 3% 03/30","15yr",,,,,"1844094.68",,,,,,""
"2021-04-21","'36202FUL8'","MBS","GNMA II 3.5% 06/41","30yr",,,,,"1843484.25",,,,,,""
"2021-04-21","'3140GS6U1'","MBS","UMBS MORTPASS 3.5% 01/48","30yr",,,,,"1843319.92",,,,,,""
"2021-04-21","'3131X8BA3'","MBS","UMBS MORTPASS 2.5% 10/27","15yr",,,,,"1842846.54",,,,,,""
"2021-04-21","'3140HADH0'","MBS","UMBS MORTPASS 3% 01/33","15yr",,,,,"1842576.92",,,,,,""
"2021-04-21","'3140HPVC8'","MBS","UMBS MORTPASS 3.5% 09/48","30yr",,,,,"1841924.39",,,,,,""
"2021-04-21","'3140JUPF5'","MBS","UMBS MORTPASS 4.5% 06/49","30yr",,,,,"1841770.17",,,,,,""
"2021-04-21","'3133GCGR7'","MBS","UMBS MORTPASS 1.5% 02/36","15yr",,,,,"1841469",,,,,,""
"2021-04-21","'3138W9DM9'","MBS","UMBS MORTPASS 3% 08/28","15yr",,,,,"1841292.68",,,,,,""
"2021-04-21","'3131X6CB4'","MBS","UMBS MORTPASS 3.5% 12/25","15yr",,,,,"1840563.15",,,,,,""
"2021-04-21","'3140L2AJ2'","MBS","UMBS MORTPASS 1.5% 01/36","15yr",,,,,"1840087.79",,,,,,""
"2021-04-21","'31418CXF6'","MBS","UMBS MORTPASS 3% 05/48","30yr",,,,,"1839847.39",,,,,,""
"2021-04-21","'3140JPQB4'","MBS","UMBS MORTPASS 3% 06/34","15yr",,,,,"1839621.53",,,,,,""
"2021-04-21","'3140H76P7'","MBS","UMBS MORTPASS 2.5% 10/34","15yr",,,,,"1839404.68",,,,,,""
"2021-04-21","'3140GTEP1'","MBS","UMBS MORTPASS 4.5% 06/47","30yr",,,,,"1838889.09",,,,,,""
"2021-04-21","'3138M1FE3'","MBS","UMBS MORTPASS 3% 07/27","15yr",,,,,"1838359.66",,,,,,""
"2021-04-21","'31307VJ23'","MBS","FHLMCGLD 3% 01/33","15yr",,,,,"1837632.83",,,,,,""
"2021-04-21","'31329NF52'","MBS","UMBS MORTPASS 3% 06/41","30yr",,,,,"1837558.85",,,,,,""
"2021-04-21","'31417GCV6'","MBS","UMBS MORTPASS 2.5% 04/23","Other",,,,,"1837262.46",,,,,,""
"2021-04-21","'3140GYUV9'","MBS","UMBS MORTPASS 3.5% 09/47","30yr",,,,,"1835849.6",,,,,,""
"2021-04-21","'3620A9YU9'","MBS","GNMA I 4.5% 12/39","30yr",,,,,"1835731.33",,,,,,""
"2021-04-21","'3140J9PC9'","MBS","UMBS MORTPASS 4% 11/48","30yr",,,,,"1835652.85",,,,,,""
"2021-04-21","'3138LX7G8'","MBS","UMBS MORTPASS 3% 09/27","15yr",,,,,"1835458.83",,,,,,""
"2021-04-21","'3140QD5A8'","MBS","UMBS MORTPASS 1.5% 07/35","15yr",,,,,"1835186.69",,,,,,""
"2021-04-21","'3140KGWG4'","MBS","UMBS MORTPASS 2.5% 07/50","30yr",,,,,"1834588.27",,,,,,""
"2021-04-21","'3138EL6A6'","MBS","UMBS MORTPASS 2.5% 06/28","15yr",,,,,"1833343.07",,,,,,""
"2021-04-21","'3138WCTT0'","MBS","UMBS MORTPASS 2.5% 09/29","15yr",,,,,"1832028.76",,,,,,""
"2021-04-21","'3140L7SE3'","MBS","UMBS MORTPASS 2% 04/36","15yr",,,,,"1829548",,,,,,""
"2021-04-21","'3131Y9L84'","MBS","UMBS MORTPASS 4% 01/49","30yr",,,,,"1828973.53",,,,,,""
"2021-04-21","'3140EVA49'","MBS","UMBS MORTPASS 2.5% 05/31","15yr",,,,,"1828761.37",,,,,,""
"2021-04-21","'3138MBSA5'","MBS","UMBS MORTPASS 2.5% 10/42","30yr",,,,,"1828495.65",,,,,,""
"2021-04-21","'3140E2GM7'","MBS","UMBS MORTPASS 3% 10/45","30yr",,,,,"1827177.48",,,,,,""
"2021-04-21","'31307V4R4'","MBS","FHLMCGLD 3.5% 05/33","15yr",,,,,"1826503.09",,,,,,""
"2021-04-21","'3138XSKT3'","MBS","UMBS MORTPASS 3% 10/29","15yr",,,,,"1825580.65",,,,,,""
"2021-04-21","'3131X9JK1'","MBS","UMBS MORTPASS 2.5% 06/28","15yr",,,,,"1825527.69",,,,,,""
"2021-04-21","'3138MGNK7'","MBS","UMBS MORTPASS 2.5% 02/28","15yr",,,,,"1825139.92",,,,,,""
"2021-04-21","'31334YXR3'","MBS","UMBS MORTPASS 3% 08/49","30yr",,,,,"1823701.03",,,,,,""
"2021-04-21","'3138MP3Q6'","MBS","UMBS MORTPASS 3% 01/43","30yr",,,,,"1822765.17",,,,,,""
"2021-04-21","'3138WFWW2'","MBS","UMBS MORTPASS 3% 10/30","15yr",,,,,"1821883.69",,,,,,""
"2021-04-21","'31339S3W3'","MBS","UMBS MORTPASS 3% 10/49","30yr",,,,,"1821519.89",,,,,,""
"2021-04-21","'36180JA87'","MBS","GNMA I MORTPASS 3% 05/43","30yr",,,,,"1821464.39",,,,,,""
"2021-04-21","'31418DP55'","MBS","UMBS MORTPASS 3% 06/35","15yr",,,,,"1821349.03",,,,,,""
"2021-04-21","'31334WGQ8'","MBS","UMBS MORTPASS 4.5% 06/49","30yr",,,,,"1820479.32",,,,,,""
"2021-04-21","'31417EFR7'","MBS","UMBS MORTPASS 2.5% 12/27","15yr",,,,,"1819826.2",,,,,,""
"2021-04-21","'3140JY2R6'","MBS","UMBS MORTPASS 3% 10/49","30yr",,,,,"1819811.61",,,,,,""
"2021-04-21","'3131X9TS3'","MBS","UMBS MORTPASS 3% 09/28","15yr",,,,,"1819758.61",,,,,,""
"2021-04-21","'3138W6T48'","MBS","UMBS MORTPASS 3% 03/28","15yr",,,,,"1817134.62",,,,,,""
"2021-04-21","'3138WDH79'","MBS","UMBS MORTPASS 3% 11/44","30yr",,,,,"1817107.73",,,,,,""
"2021-04-21","'3140JKY83'","MBS","UMBS MORTPASS 4% 01/49","30yr",,,,,"1817044.26",,,,,,""
"2021-04-21","'3133A9BV6'","MBS","UMBS MORTPASS 2.5% 08/50","30yr",,,,,"1816710.41",,,,,,""
"2021-04-21","'3131Y2UM8'","MBS","UMBS MORTPASS 4% 08/48","30yr",,,,,"1816074.99",,,,,,""
"2021-04-21","'3138WPWR1'","MBS","UMBS MORTPASS 3% 05/28","15yr",,,,,"1816034.54",,,,,,""
"2021-04-21","'3140K4K25'","MBS","UMBS MORTPASS 3.5% 02/50","30yr",,,,,"1815692.23",,,,,,""
"2021-04-21","'3138YD2A6'","MBS","UMBS MORTPASS 3% 03/45","30yr",,,,,"1815250.56",,,,,,""
"2021-04-21","'3133G74T7'","MBS","UMBS MORTPASS 2% 03/35","15yr",,,,,"1814206.5",,,,,,""
"2021-04-21","'31417GNL6'","MBS","UMBS MORTPASS 2.5% 05/23","Other",,,,,"1813228.16",,,,,,""
"2021-04-21","'31307GE88'","MBS","FHLMCGLD 3% 02/29","15yr",,,,,"1812645.04",,,,,,""
"2021-04-21","'3140JNA75'","MBS","UMBS MORTPASS 4% 01/49","30yr",,,,,"1812572.02",,,,,,""
"2021-04-21","'3138ER5Y2'","MBS","UMBS MORTPASS 3% 05/30","15yr",,,,,"1812564.41",,,,,,""
"2021-04-21","'36230SLM4'","MBS","GNMA I 3.5% 07/42","30yr",,,,,"1812505.07",,,,,,""
"2021-04-21","'3140KB6J8'","MBS","UMBS MORTPASS 2.5% 04/35","15yr",,,,,"1811281.19",,,,,,""
"2021-04-21","'3131X83P9'","MBS","UMBS MORTPASS 2.5% 04/28","15yr",,,,,"1810535.72",,,,,,""
"2021-04-21","'3138XSMM6'","MBS","UMBS MORTPASS 3% 04/29","15yr",,,,,"1810326.49",,,,,,""
"2021-04-21","'3132HQ5R9'","MBS","FHLMCGLD 3% 01/43","30yr",,,,,"1809680.23",,,,,,""
"2021-04-21","'36295RNR5'","MBS","GNMA I MORTPASS 4% 04/39","30yr",,,,,"1809178.67",,,,,,""
"2021-04-21","'3132HNCV9'","MBS","FHLMCGLD 3% 10/42","30yr",,,,,"1807109.88",,,,,,""
"2021-04-21","'3132M7U97'","MBS","FHLMCGLD 4% 08/44","30yr",,,,,"1806612.06",,,,,,""
"2021-04-21","'3133A6W64'","MBS","UMBS MORTPASS 2% 06/50","30yr",,,,,"1805923.36",,,,,,""
"2021-04-21","'3131YAAJ9'","MBS","UMBS MORTPASS 3% 02/34","15yr",,,,,"1805473.62",,,,,,""
"2021-04-21","'3140X6RY9'","MBS","UMBS MORTPASS 3.5% 10/49","30yr",,,,,"1804917.4",,,,,,""
"2021-04-21","'3132HRJE1'","MBS","FHLMCGLD 3% 01/43","30yr",,,,,"1804782.67",,,,,,""
"2021-04-21","'3138XLDR0'","MBS","UMBS MORTPASS 3.5% 02/29","15yr",,,,,"1803310.96",,,,,,""
"2021-04-21","'3132A9MM6'","MBS","UMBS MORTPASS 2.5% 05/27","15yr",,,,,"1803125.93",,,,,,""
"2021-04-21","'3140JXRL4'","MBS","UMBS MORTPASS 2.5% 10/49","30yr",,,,,"1802543.88",,,,,,""
"2021-04-21","'3131YACN8'","MBS","UMBS MORTPASS 3% 02/34","15yr",,,,,"1802057.76",,,,,,""
"2021-04-21","'3138XKT46'","MBS","UMBS MORTPASS 4% 01/44","30yr",,,,,"1800781.46",,,,,,""
"2021-04-21","'3140X5FT5'","MBS","UMBS MORTPASS 4.5% 01/49","30yr",,,,,"1800714.59",,,,,,""
"2021-04-21","'31307NYG3'","MBS","FHLMCGLD 2.5% 08/30","15yr",,,,,"1800176.81",,,,,,""
"2021-04-21","'36177UWP5'","MBS","GNMA I 3.5% 07/42","30yr",,,,,"1800077.42",,,,,,""
"2021-04-21","'31417KMC8'","MBS","UMBS MORTPASS 4% 08/39","30yr",,,,,"1798548.16",,,,,,""
"2021-04-21","'3140JGVQ5'","MBS","UMBS MORTPASS 4.5% 01/49","30yr",,,,,"1797576.41",,,,,,""
"2021-04-21","'3140KYQ49'","MBS","UMBS MORTPASS 1.5% 02/36","15yr",,,,,"1796827.34",,,,,,""
"2021-04-21","'3140K7GE7'","MBS","UMBS MORTPASS 3% 02/50","30yr",,,,,"1796739.22",,,,,,""
"2021-04-21","'3133A0V43'","MBS","UMBS MORTPASS 3.5% 01/50","30yr",,,,,"1796671.72",,,,,,""
"2021-04-21","'3128MC4T9'","MBS","FHLMCGLD 4.5% 12/23","15yr",,,,,"1796384.84",,,,,,"Y"
"2021-04-21","'3138EE3D9'","MBS","UMBS MORTPASS 3.5% 04/42","30yr",,,,,"1796156.03",,,,,,""
"2021-04-21","'3140H5KB6'","MBS","UMBS MORTPASS 3% 12/47","30yr",,,,,"1796106.36",,,,,,""
"2021-04-21","'3140FFJA0'","MBS","UMBS MORTPASS 3.5% 10/46","30yr",,,,,"1795848.29",,,,,,""
"2021-04-21","'31417C2B0'","MBS","UMBS MORTPASS 2.5% 09/27","15yr",,,,,"1794512.68",,,,,,""
"2021-04-21","'36179JB89'","MBS","GNMA I MORTPASS 3% 01/43","30yr",,,,,"1793331.7",,,,,,""
"2021-04-21","'36178GSL9'","MBS","GNMA I MORTPASS 3% 01/43","30yr",,,,,"1792566.59",,,,,,""
"2021-04-21","'3140X6M65'","MBS","UMBS MORTPASS 4% 02/49","30yr",,,,,"1792451.17",,,,,,""
"2021-04-21","'3140K83D1'","MBS","UMBS MORTPASS 3% 02/50","30yr",,,,,"1791888.99",,,,,,""
"2021-04-21","'31418WDZ0'","MBS","UMBS MORTPASS 4% 10/25","15yr",,,,,"1790884.04",,,,,,""
"2021-04-21","'3140K83B5'","MBS","UMBS MORTPASS 2.5% 02/50","30yr",,,,,"1790856.98",,,,,,""
"2021-04-21","'3133D3A54'","MBS","UMBS MORTPASS 3% 07/39","Other",,,,,"1790506.96",,,,,,""
"2021-04-21","'3132WLCJ3'","MBS","FHLMCGLD 3% 02/47","30yr",,,,,"1789878.87",,,,,,""
"2021-04-21","'3140K6CF0'","MBS","UMBS MORTPASS 2.5% 07/27","Other",,,,,"1789618.81",,,,,,""
"2021-04-21","'31334WZJ3'","MBS","UMBS MORTPASS 4% 01/49","30yr",,,,,"1787376.1",,,,,,""
"2021-04-21","'3140J85J8'","MBS","UMBS MORTPASS 3.5% 08/33","15yr",,,,,"1787273.7",,,,,,""
"2021-04-21","'3140JGV69'","MBS","UMBS MORTPASS 4% 09/48","30yr",,,,,"1786980.38",,,,,,""
"2021-04-21","'3131Y1Q29'","MBS","UMBS MORTPASS 4% 06/48","30yr",,,,,"1786112.82",,,,,,""
"2021-04-21","'31417FZM3'","MBS","UMBS MORTPASS 2% 04/23","Other",,,,,"1785696.37",,,,,,""
"2021-04-21","'3140H4J54'","MBS","UMBS MORTPASS 3% 02/48","30yr",,,,,"1785684.14",,,,,,""
"2021-04-21","'3140JRQ79'","MBS","UMBS MORTPASS 3% 07/49","30yr",,,,,"1785233.46",,,,,,""
"2021-04-21","'3140KDEN6'","MBS","UMBS MORTPASS 3% 06/50","30yr",,,,,"1784986.15",,,,,,""
"2021-04-21","'3131X8R65'","MBS","UMBS MORTPASS 2.5% 02/28","15yr",,,,,"1784861.73",,,,,,""
"2021-04-21","'3133AAKV3'","MBS","UMBS MORTPASS 2% 09/50","30yr",,,,,"1784264.24",,,,,,""
"2021-04-21","'3138M9C66'","MBS","UMBS MORTPASS 2.5% 09/27","15yr",,,,,"1783417.92",,,,,,""
"2021-04-21","'3138XXGD2'","MBS","UMBS MORTPASS 3% 02/27","15yr",,,,,"1781884.53",,,,,,""
"2021-04-21","'31329KV27'","MBS","UMBS MORTPASS 2.5% 10/36","Other",,,,,"1781297.42",,,,,,""
"2021-04-21","'31346YZT3'","MBS","UMBS MORTPASS 2.5% 12/49","30yr",,,,,"1779978.18",,,,,,""
"2021-04-21","'31307CYB8'","MBS","FHLMCGLD 2.5% 06/28","15yr",,,,,"1779827.75",,,,,,""
"2021-04-21","'31334YN86'","MBS","UMBS MORTPASS 3.5% 08/49","30yr",,,,,"1779788.65",,,,,,""
"2021-04-21","'3138YBXQ1'","MBS","UMBS MORTPASS 3% 07/45","30yr",,,,,"1779718.84",,,,,,""
"2021-04-21","'3138W9AJ9'","MBS","UMBS MORTPASS 3% 07/28","15yr",,,,,"1778732.93",,,,,,""
"2021-04-21","'3131YCQS8'","MBS","UMBS MORTPASS 4% 05/49","30yr",,,,,"1777441.69",,,,,,""
"2021-04-21","'3138NYDU6'","MBS","UMBS MORTPASS 3% 01/43","30yr",,,,,"1775889.14",,,,,,""
"2021-04-21","'3140GYNE5'","MBS","UMBS MORTPASS 3% 10/32","15yr",,,,,"1774962.07",,,,,,""
"2021-04-21","'31417HCD4'","MBS","UMBS MORTPASS 4% 07/43","30yr",,,,,"1773965.23",,,,,,""
"2021-04-21","'31334XHX0'","MBS","UMBS MORTPASS 4.5% 07/49","30yr",,,,,"1772859.17",,,,,,""
"2021-04-21","'31417DMC4'","MBS","UMBS MORTPASS 2.5% 10/27","15yr",,,,,"1772767.56",,,,,,""
"2021-04-21","'3140HNWS7'","MBS","UMBS MORTPASS 3.5% 07/49","30yr",,,,,"1772602.05",,,,,,""
"2021-04-21","'3620AVA69'","MBS","GNMA I MORTPASS 3% 06/43","30yr",,,,,"1771461.56",,,,,,""
"2021-04-21","'3138WAVT1'","MBS","UMBS MORTPASS 3% 01/29","15yr",,,,,"1769772.86",,,,,,""
"2021-04-21","'3138XRM48'","MBS","UMBS MORTPASS 4% 03/44","30yr",,,,,"1768959.34",,,,,,""
"2021-04-21","'36241KZP6'","MBS","GNMA II MORTPASS 5% 02/39","30yr",,,,,"1768004.89",,,,,,""
"2021-04-21","'3140F86Q5'","MBS","UMBS MORTPASS 2.5% 07/31","15yr",,,,,"1767271.61",,,,,,""
"2021-04-21","'3133KGYF9'","MBS","UMBS MORTPASS 3% 09/49","30yr",,,,,"1765870.97",,,,,,""
"2021-04-21","'3131Y86A8'","MBS","UMBS MORTPASS 4% 01/49","30yr",,,,,"1765714.55",,,,,,""
"2021-04-21","'3138ABUW7'","MBS","UMBS MORTPASS 3% 12/26","15yr",,,,,"1765479.63",,,,,,""
"2021-04-21","'3140L6YJ7'","MBS","UMBS MORTPASS 1.5% 04/51","30yr",,,,,"1765141.98",,,,,,""
"2021-04-21","'3132M5DQ2'","MBS","FHLMCGLD 4.5% 02/44","30yr",,,,,"1764661.13",,,,,,""
"2021-04-21","'3138XFH99'","MBS","UMBS MORTPASS 4% 11/43","30yr",,,,,"1763406.48",,,,,,""
"2021-04-21","'3140X7FU8'","MBS","UMBS MORTPASS 2.5% 08/50","30yr",,,,,"1763365.98",,,,,,""
"2021-04-21","'3133A6ZD6'","MBS","UMBS MORTPASS 3% 06/50","30yr",,,,,"1762366.76",,,,,,""
"2021-04-21","'36177WGM6'","MBS","GNMA I MORTPASS 4% 05/42","30yr",,,,,"1762325.94",,,,,,""
"2021-04-21","'3140HDRQ9'","MBS","UMBS MORTPASS 2.5% 12/34","15yr",,,,,"1759808.14",,,,,,""
"2021-04-21","'3140HMHK3'","MBS","UMBS MORTPASS 3.5% 08/48","30yr",,,,,"1759341.96",,,,,,""
"2021-04-21","'3140HAP95'","MBS","UMBS MORTPASS 3.5% 03/48","30yr",,,,,"1759322.13",,,,,,""
"2021-04-21","'3140FMKK1'","MBS","UMBS MORTPASS 3.5% 12/46","30yr",,,,,"1757464.79",,,,,,""
"2021-04-21","'36230SLH5'","MBS","GNMA I 3.5% 06/42","30yr",,,,,"1756550.03",,,,,,""
"2021-04-21","'36294UWZ1'","MBS","GNMA I MORTPASS 3% 10/42","30yr",,,,,"1756289.83",,,,,,""
"2021-04-21","'3140HEHP0'","MBS","UMBS MORTPASS 4% 02/48","30yr",,,,,"1756121.01",,,,,,""
"2021-04-21","'3140L7BM3'","MBS","UMBS MORTPASS 1.5% 03/36","15yr",,,,,"1754671",,,,,,""
"2021-04-21","'3140JKZ82'","MBS","UMBS MORTPASS 4% 02/49","30yr",,,,,"1753805.49",,,,,,""
"2021-04-21","'3138E72S2'","MBS","UMBS MORTPASS 3% 02/27","15yr",,,,,"1752903.91",,,,,,""
"2021-04-21","'31417EYA3'","MBS","UMBS MORTPASS 2.5% 02/28","15yr",,,,,"1752193.98",,,,,,""
"2021-04-21","'31307Q6W2'","MBS","FHLMCGLD 3% 06/31","15yr",,,,,"1751778.84",,,,,,""
"2021-04-21","'3138X6G25'","MBS","UMBS MORTPASS 3% 08/28","15yr",,,,,"1751036.49",,,,,,""
"2021-04-21","'36295CFK2'","MBS","GNMA I MORTPASS 3% 10/42","30yr",,,,,"1750415.63",,,,,,""
"2021-04-21","'31418ATZ1'","MBS","UMBS MORTPASS 2% 06/28","15yr",,,,,"1750013.52",,,,,,""
"2021-04-21","'3138W3UC5'","MBS","UMBS MORTPASS 3.5% 02/43","30yr",,,,,"1748595.25",,,,,,""
"2021-04-21","'3138LYT98'","MBS","UMBS MORTPASS 2.5% 06/27","15yr",,,,,"1748337.57",,,,,,""
"2021-04-21","'3138WDFA4'","MBS","UMBS MORTPASS 3% 11/44","30yr",,,,,"1748210.6",,,,,,""
"2021-04-21","'3138X6TX3'","MBS","UMBS MORTPASS 3% 09/28","15yr",,,,,"1746860.16",,,,,,""
"2021-04-21","'3140FAQH8'","MBS","UMBS MORTPASS 2.5% 09/31","15yr",,,,,"1746217.71",,,,,,""
"2021-04-21","'3131Y9BU6'","MBS","UMBS MORTPASS 4.5% 01/49","30yr",,,,,"1745521.91",,,,,,""
"2021-04-21","'3133KYR76'","MBS","UMBS MORTPASS 2.5% 07/39","Other",,,,,"1745311.93",,,,,,""
"2021-04-21","'3131X8M45'","MBS","UMBS MORTPASS 2.5% 01/28","15yr",,,,,"1744540.24",,,,,,""
"2021-04-21","'3138X4ES5'","MBS","UMBS MORTPASS 3% 08/43","30yr",,,,,"1743740.4",,,,,,""
"2021-04-21","'3133A0R30'","MBS","UMBS MORTPASS 3% 12/49","30yr",,,,,"1743373.85",,,,,,""
"2021-04-21","'3140F4F68'","MBS","UMBS MORTPASS 2.5% 05/31","15yr",,,,,"1743176.48",,,,,,""
"2021-04-21","'3140JNSP6'","MBS","UMBS MORTPASS 3% 04/34","15yr",,,,,"1742006.59",,,,,,""
"2021-04-21","'3133ABGJ3'","MBS","UMBS MORTPASS 2.5% 09/50","30yr",,,,,"1741607.5",,,,,,""
"2021-04-21","'3138X9G86'","MBS","UMBS MORTPASS 3% 09/28","15yr",,,,,"1741444.51",,,,,,""
"2021-04-21","'3140HARA0'","MBS","UMBS MORTPASS 3.5% 04/48","30yr",,,,,"1741389.89",,,,,,""
"2021-04-21","'3140HFTY5'","MBS","UMBS MORTPASS 3% 04/45","30yr",,,,,"1740121.7",,,,,,""
"2021-04-21","'3140JSVS5'","MBS","UMBS MORTPASS 3.5% 04/49","30yr",,,,,"1739897.73",,,,,,""
"2021-04-21","'3140JVQY1'","MBS","UMBS MORTPASS 4% 06/49","30yr",,,,,"1739367.29",,,,,,""
"2021-04-21","'3138WHCJ9'","MBS","UMBS MORTPASS 2.5% 06/31","15yr",,,,,"1739355.45",,,,,,""
"2021-04-21","'31417DT37'","MBS","UMBS MORTPASS 2.5% 11/27","15yr",,,,,"1739347.09",,,,,,""
"2021-04-21","'3133A9AJ4'","MBS","UMBS MORTPASS 2.5% 08/50","30yr",,,,,"1739158.01",,,,,,""
"2021-04-21","'31307QKU0'","MBS","FHLMCGLD 3% 02/31","15yr",,,,,"1738371.01",,,,,,""
"2021-04-21","'3138Y7M33'","MBS","UMBS MORTPASS 3% 10/29","15yr",,,,,"1738327.55",,,,,,""
"2021-04-21","'3132A7BG5'","MBS","UMBS MORTPASS 3% 11/26","15yr",,,,,"1737783.62",,,,,,""
"2021-04-21","'3138MBLQ7'","MBS","UMBS MORTPASS 2.5% 09/27","15yr",,,,,"1737651.01",,,,,,""
"2021-04-21","'3140JSSD2'","MBS","UMBS MORTPASS 3% 05/34","15yr",,,,,"1736573.93",,,,,,""
"2021-04-21","'31418CA46'","MBS","UMBS MORTPASS 3% 08/26","Other",,,,,"1735959.35",,,,,,""
"2021-04-21","'3132JPRM6'","MBS","FHLMCGLD 3.5% 09/43","30yr",,,,,"1735929.39",,,,,,""
"2021-04-21","'3132A5FW0'","MBS","UMBS MORTPASS 2.5% 10/46","30yr",,,,,"1735669.24",,,,,,""
"2021-04-21","'3140KQQT1'","MBS","UMBS MORTPASS 2% 10/35","15yr",,,,,"1733650.93",,,,,,""
"2021-04-21","'3138X8XS5'","MBS","UMBS MORTPASS 3% 10/28","15yr",,,,,"1732807.06",,,,,,""
"2021-04-21","'3138ERWN6'","MBS","UMBS MORTPASS 3% 01/32","15yr",,,,,"1732399.35",,,,,,""
"2021-04-21","'3131Y8ZX6'","MBS","UMBS MORTPASS 4.5% 12/48","30yr",,,,,"1732295.87",,,,,,""
"2021-04-21","'31334W3B5'","MBS","UMBS MORTPASS 3% 07/49","30yr",,,,,"1731748.72",,,,,,""
"2021-04-21","'3133AGW54'","MBS","UMBS MORTPASS 2% 03/51","30yr",,,,,"1729727.66",,,,,,""
"2021-04-21","'3133KHLW4'","MBS","UMBS MORTPASS 4% 02/50","30yr",,,,,"1729521.61",,,,,,""
"2021-04-21","'3133A86W2'","MBS","UMBS MORTPASS 2% 08/50","30yr",,,,,"1729520.34",,,,,,""
"2021-04-21","'3133AF3U3'","MBS","UMBS MORTPASS 2% 01/51","30yr",,,,,"1728935.26",,,,,,""
"2021-04-21","'3140L1SS5'","MBS","UMBS MORTPASS 2% 02/36","15yr",,,,,"1728307.97",,,,,,""
"2021-04-21","'3138XGTU7'","MBS","UMBS MORTPASS 3% 02/29","15yr",,,,,"1727102.02",,,,,,""
"2021-04-21","'3140HARJ1'","MBS","UMBS MORTPASS 3.5% 04/33","15yr",,,,,"1726647.76",,,,,,""
"2021-04-21","'31418C2U7'","MBS","UMBS MORTPASS 3.5% 10/28","Other",,,,,"1726465.41",,,,,,""
"2021-04-21","'3140K82W0'","MBS","UMBS MORTPASS 3% 01/50","30yr",,,,,"1726316.98",,,,,,""
"2021-04-21","'31307QMJ3'","MBS","FHLMCGLD 2.5% 03/31","15yr",,,,,"1726155.51",,,,,,""
"2021-04-21","'3138AVA47'","MBS","UMBS MORTPASS 3% 11/26","15yr",,,,,"1725785.54",,,,,,""
"2021-04-21","'3140H5LM1'","MBS","UMBS MORTPASS 3.5% 12/47","30yr",,,,,"1724464.02",,,,,,""
"2021-04-21","'3140HNVQ2'","MBS","UMBS MORTPASS 4.5% 09/48","30yr",,,,,"1722552.39",,,,,,""
"2021-04-21","'3140H2XD5'","MBS","UMBS MORTPASS 3.5% 02/48","30yr",,,,,"1722339.84",,,,,,""
"2021-04-21","'3140JHAF0'","MBS","UMBS MORTPASS 4% 11/48","30yr",,,,,"1722070.01",,,,,,""
"2021-04-21","'3140GTX88'","MBS","UMBS MORTPASS 3.5% 07/47","30yr",,,,,"1721735.69",,,,,,""
"2021-04-21","'36202FB21'","MBS","GNMA II MORTPASS 4% 10/39","30yr",,,,,"1721519.52",,,,,,""
"2021-04-21","'3140F1WH1'","MBS","UMBS MORTPASS 2.5% 06/31","15yr",,,,,"1721296.21",,,,,,""
"2021-04-21","'3138YDFH7'","MBS","UMBS MORTPASS 3.5% 01/45","30yr",,,,,"1721026.84",,,,,,""
"2021-04-21","'31307LSV1'","MBS","FHLMCGLD 2.5% 01/30","15yr",,,,,"1720049.9",,,,,,""
"2021-04-21","'3140Q75U7'","MBS","UMBS MORTPASS 3.5% 12/47","30yr",,,,,"1719648.98",,,,,,""
"2021-04-21","'3133AFZ95'","MBS","UMBS MORTPASS 1.5% 01/51","30yr",,,,,"1718227.33",,,,,,""
"2021-04-21","'3138YKKB8'","MBS","UMBS MORTPASS 3% 03/30","15yr",,,,,"1717749.86",,,,,,""
"2021-04-21","'31417CZA6'","MBS","UMBS MORTPASS 2.5% 09/27","15yr",,,,,"1717520.75",,,,,,""
"2021-04-21","'3131XAJ69'","MBS","UMBS MORTPASS 2.5% 04/24","Other",,,,,"1717415.24",,,,,,""
"2021-04-21","'31416CAB2'","MBS","UMBS MORTPASS 6.5% 04/39","30yr",,,,,"1715617.21",,,,,,""
"2021-04-21","'3131YAK58'","MBS","UMBS MORTPASS 4% 03/49","30yr",,,,,"1715398.89",,,,,,""
"2021-04-21","'3133A4G75'","MBS","UMBS MORTPASS 3% 04/50","30yr",,,,,"1715318.86",,,,,,""
"2021-04-21","'31339SBB0'","MBS","UMBS MORTPASS 3% 09/49","30yr",,,,,"1715179.82",,,,,,""
"2021-04-21","'3140E0KS3'","MBS","UMBS MORTPASS 3% 10/30","15yr",,,,,"1712584.87",,,,,,""
"2021-04-21","'3128MEXH9'","MBS","FHLMCGLD 3% 08/26","15yr",,,,,"1712206.77",,,,,,""
"2021-04-21","'3140KTGC3'","MBS","UMBS MORTPASS 1.5% 02/51","30yr",,,,,"1712168.32",,,,,,""
"2021-04-21","'31334WVN8'","MBS","UMBS MORTPASS 3.5% 06/44","30yr",,,,,"1711816.12",,,,,,""
"2021-04-21","'3140K83L3'","MBS","UMBS MORTPASS 3% 04/50","30yr",,,,,"1711793.97",,,,,,""
"2021-04-21","'3138EAFH5'","MBS","UMBS MORTPASS 3% 04/27","15yr",,,,,"1711336.23",,,,,,""
"2021-04-21","'31329LDH2'","MBS","UMBS MORTPASS 2.5% 12/27","15yr",,,,,"1710884.28",,,,,,""
"2021-04-21","'3132A8YQ6'","MBS","UMBS MORTPASS 2.5% 10/31","15yr",,,,,"1710252.79",,,,,,""
"2021-04-21","'3140JMEJ7'","MBS","UMBS MORTPASS 3% 10/49","30yr",,,,,"1709131.94",,,,,,""
"2021-04-21","'3140QA5X4'","MBS","UMBS MORTPASS 3% 06/28","Other",,,,,"1708782.63",,,,,,""
"2021-04-21","'3140JG2U8'","MBS","UMBS MORTPASS 3.5% 08/49","30yr",,,,,"1708605.28",,,,,,""
"2021-04-21","'3140K9PX1'","MBS","UMBS MORTPASS 2.5% 03/50","30yr",,,,,"1707045.27",,,,,,""
"2021-04-21","'3138WJKT4'","MBS","UMBS MORTPASS 2% 11/31","15yr",,,,,"1707004.75",,,,,,""
"2021-04-21","'3138LYHH3'","MBS","UMBS MORTPASS 2.5% 08/27","15yr",,,,,"1706876.32",,,,,,""
"2021-04-21","'3140QC5G7'","MBS","UMBS MORTPASS 3.5% 07/48","30yr",,,,,"1706593.41",,,,,,""
"2021-04-21","'3140KVQV5'","MBS","UMBS MORTPASS 2% 03/36","15yr",,,,,"1706053",,,,,,""
"2021-04-21","'36297JT46'","MBS","GNMA I 4.5% 06/39","30yr",,,,,"1705512.64",,,,,,""
"2021-04-21","'31307WCY8'","MBS","FHLMCGLD 3% 06/33","15yr",,,,,"1705350.28",,,,,,""
"2021-04-21","'3138ED5K3'","MBS","UMBS MORTPASS 3% 05/27","15yr",,,,,"1704264.01",,,,,,""
"2021-04-21","'3138EJ3S5'","MBS","UMBS MORTPASS 2.5% 11/27","15yr",,,,,"1704098.81",,,,,,""
"2021-04-21","'3131YBY85'","MBS","UMBS MORTPASS 4.5% 04/49","30yr",,,,,"1703359.27",,,,,,""
"2021-04-21","'3138WJN53'","MBS","UMBS MORTPASS 2.5% 12/31","15yr",,,,,"1702845.92",,,,,,""
"2021-04-21","'3132A8SY6'","MBS","UMBS MORTPASS 2% 01/32","15yr",,,,,"1702488.23",,,,,,""
"2021-04-21","'3132J9XD5'","MBS","FHLMCGLD 3% 04/43","30yr",,,,,"1701285.78",,,,,,""
"2021-04-21","'3131X7MD7'","MBS","UMBS MORTPASS 3% 03/27","15yr",,,,,"1699649.37",,,,,,""
"2021-04-21","'3140FBK25'","MBS","UMBS MORTPASS 2.5% 08/31","15yr",,,,,"1699606.84",,,,,,""
"2021-04-21","'31307WEB6'","MBS","FHLMCGLD 3% 06/33","15yr",,,,,"1699542.43",,,,,,""
"2021-04-21","'3620C4L57'","MBS","GNMA I 3.5% 01/42","30yr",,,,,"1699468.4",,,,,,""
"2021-04-21","'3133ADGW0'","MBS","UMBS MORTPASS 2.5% 12/50","30yr",,,,,"1699405.96",,,,,,""
"2021-04-21","'36180HTJ7'","MBS","GNMA I MORTPASS 3% 03/43","30yr",,,,,"1698958.44",,,,,,""
"2021-04-21","'3140JL6M1'","MBS","UMBS MORTPASS 4.5% 01/49","30yr",,,,,"1698470.26",,,,,,""
"2021-04-21","'3138EJXF0'","MBS","UMBS MORTPASS 2% 09/27","15yr",,,,,"1697579.85",,,,,,""
"2021-04-21","'3133LPR82'","MBS","UMBS MORTPASS 2% 10/29","Other",,,,,"1697232.83",,,,,,""
"2021-04-21","'3140K4EK2'","MBS","UMBS MORTPASS 3% 11/49","30yr",,,,,"1696216.79",,,,,,""
"2021-04-21","'3140EVQH3'","MBS","UMBS MORTPASS 3.5% 02/46","30yr",,,,,"1695420.42",,,,,,""
"2021-04-21","'3140JSRW1'","MBS","UMBS MORTPASS 4% 05/49","30yr",,,,,"1694912.18",,,,,,""
"2021-04-21","'3140Q9WP4'","MBS","UMBS MORTPASS 3.5% 10/48","30yr",,,,,"1693440.8",,,,,,""
"2021-04-21","'3132A9UR6'","MBS","UMBS MORTPASS 2.5% 04/33","15yr",,,,,"1692516.91",,,,,,""
"2021-04-21","'36297GM49'","MBS","GNMA I MORTPASS 5% 12/39","30yr",,,,,"1691291.3",,,,,,""
"2021-04-21","'3140H5JR3'","MBS","UMBS MORTPASS 2.5% 12/32","15yr",,,,,"1691002.25",,,,,,""
"2021-04-21","'31294NVQ9'","MBS","FHLMCGLD 2.5% 01/28","15yr",,,,,"1689846.38",,,,,,""
"2021-04-21","'31307WDJ0'","MBS","FHLMCGLD 3.5% 06/33","15yr",,,,,"1689581.34",,,,,,""
"2021-04-21","'3133ADYM2'","MBS","UMBS MORTPASS 2% 12/50","30yr",,,,,"1689364.77",,,,,,""
"2021-04-21","'3133A9PL3'","MBS","UMBS MORTPASS 2.5% 08/50","30yr",,,,,"1688915.21",,,,,,""
"2021-04-21","'3138YKTF0'","MBS","UMBS MORTPASS 3% 05/45","30yr",,,,,"1688331.46",,,,,,""
"2021-04-21","'3131X7BM9'","MBS","UMBS MORTPASS 3% 10/26","15yr",,,,,"1686912.6",,,,,,""
"2021-04-21","'3132CJAB9'","MBS","UMBS MORTPASS 3% 02/26","Other",,,,,"1686526.03",,,,,,""
"2021-04-21","'31418AE79'","MBS","UMBS MORTPASS 2.5% 05/22","Other",,,,,"1686178.52",,,,,,""
"2021-04-21","'3133KYUP2'","MBS","UMBS MORTPASS 2% 12/40","Other",,,,,"1685602.1",,,,,,""
"2021-04-21","'31334YCG0'","MBS","UMBS MORTPASS 4% 07/49","30yr",,,,,"1685347.95",,,,,,""
"2021-04-21","'3138MJT82'","MBS","UMBS MORTPASS 3% 11/42","30yr",,,,,"1685167.02",,,,,,""
"2021-04-21","'3138AXCL3'","MBS","UMBS MORTPASS 3% 10/26","15yr",,,,,"1684998.24",,,,,,""
"2021-04-21","'31329K5S9'","MBS","UMBS MORTPASS 3% 09/26","15yr",,,,,"1684724.95",,,,,,""
"2021-04-21","'3132ADKP2'","MBS","UMBS MORTPASS 2.5% 01/28","Other",,,,,"1684649.45",,,,,,""
"2021-04-21","'3138W4XU0'","MBS","UMBS MORTPASS 2.5% 02/28","15yr",,,,,"1684631.85",,,,,,""
"2021-04-21","'31418BDS2'","MBS","UMBS MORTPASS 3% 04/44","30yr",,,,,"1684340.08",,,,,,""
"2021-04-21","'3133A85X1'","MBS","UMBS MORTPASS 2.5% 08/50","30yr",,,,,"1683260.55",,,,,,""
"2021-04-21","'3138XBBY9'","MBS","UMBS MORTPASS 4.5% 11/43","30yr",,,,,"1683019.02",,,,,,""
"2021-04-21","'31418CJK1'","MBS","UMBS MORTPASS 2.5% 04/27","Other",,,,,"1682923.52",,,,,,""
"2021-04-21","'3133G7H97'","MBS","UMBS MORTPASS 3% 12/34","15yr",,,,,"1682878.4",,,,,,""
"2021-04-21","'3138Y6ZD9'","MBS","UMBS MORTPASS 3.5% 11/29","15yr",,,,,"1682363.72",,,,,,""
"2021-04-21","'31307UDF2'","MBS","FHLMCGLD 3.5% 07/32","15yr",,,,,"1682216.84",,,,,,""
"2021-04-21","'36295YFR9'","MBS","GNMA I MORTPASS 5% 10/39","30yr",,,,,"1681507.87",,,,,,""
"2021-04-21","'3140H5N23'","MBS","UMBS MORTPASS 3.5% 02/48","30yr",,,,,"1681481.05",,,,,,""
"2021-04-21","'31307Q3W5'","MBS","FHLMCGLD 2.5% 05/31","15yr",,,,,"1681309.71",,,,,,""
"2021-04-21","'3140FVD29'","MBS","UMBS MORTPASS 4% 03/47","30yr",,,,,"1680507.14",,,,,,""
"2021-04-21","'3138W4X22'","MBS","UMBS MORTPASS 3% 12/42","30yr",,,,,"1680367.44",,,,,,""
"2021-04-21","'3133A0ZP2'","MBS","UMBS MORTPASS 4.5% 12/49","30yr",,,,,"1680256.12",,,,,,""
"2021-04-21","'31417BUV7'","MBS","UMBS MORTPASS 3% 05/27","15yr",,,,,"1679583.53",,,,,,""
"2021-04-21","'3133ADSW7'","MBS","UMBS MORTPASS 2.5% 12/50","30yr",,,,,"1677856.26",,,,,,""
"2021-04-21","'36297GM31'","MBS","GNMA I 4.5% 12/39","30yr",,,,,"1677194.57",,,,,,""
"2021-04-21","'31418BZF6'","MBS","UMBS MORTPASS 2.5% 02/31","15yr",,,,,"1676132.58",,,,,,""
"2021-04-21","'31307NJU9'","MBS","FHLMCGLD 3% 07/30","15yr",,,,,"1675684.67",,,,,,""
"2021-04-21","'3140Q8TG0'","MBS","UMBS MORTPASS 3.5% 03/33","15yr",,,,,"1675574.17",,,,,,""
"2021-04-21","'3131YBJ74'","MBS","UMBS MORTPASS 3.5% 04/49","30yr",,,,,"1675413.15",,,,,,""
"2021-04-21","'3138LYUN5'","MBS","UMBS MORTPASS 3% 08/27","15yr",,,,,"1674575.35",,,,,,""
"2021-04-21","'3140KRKV0'","MBS","UMBS MORTPASS 2% 11/35","15yr",,,,,"1674556.73",,,,,,""
"2021-04-21","'3138EP3R3'","MBS","UMBS MORTPASS 2.5% 11/24","Other",,,,,"1674542.19",,,,,,""
"2021-04-21","'31418DAC6'","MBS","UMBS MORTPASS 3.5% 02/39","Other",,,,,"1673444.99",,,,,,""
"2021-04-21","'3131X8EE2'","MBS","UMBS MORTPASS 2.5% 11/27","15yr",,,,,"1672766.15",,,,,,""
"2021-04-21","'3140KUFM9'","MBS","UMBS MORTPASS 2% 12/35","15yr",,,,,"1672511.09",,,,,,""
"2021-04-21","'3140JMEH1'","MBS","UMBS MORTPASS 3% 11/49","30yr",,,,,"1671415.42",,,,,,""
"2021-04-21","'3138WJR91'","MBS","UMBS MORTPASS 3% 01/32","15yr",,,,,"1671353.05",,,,,,""
"2021-04-21","'3138ELKQ5'","MBS","UMBS MORTPASS 3% 08/23","Other",,,,,"1670940.7",,,,,,""
"2021-04-21","'3140HB7A0'","MBS","UMBS MORTPASS 3% 11/44","30yr",,,,,"1670878.82",,,,,,""
"2021-04-21","'3140H7K55'","MBS","UMBS MORTPASS 3% 04/33","15yr",,,,,"1670740.83",,,,,,""
"2021-04-21","'3128P7M75'","MBS","FHLMCGLD 4% 12/29","Other",,,,,"1670337.67",,,,,,""
"2021-04-21","'3140L0T49'","MBS","UMBS MORTPASS 1.5% 01/51","30yr",,,,,"1669923.58",,,,,,""
"2021-04-21","'3140H5NX5'","MBS","UMBS MORTPASS 3.5% 02/48","30yr",,,,,"1669507.36",,,,,,""
"2021-04-21","'3138W1V46'","MBS","UMBS MORTPASS 3% 02/43","30yr",,,,,"1669303.13",,,,,,""
"2021-04-21","'31329P5W9'","MBS","UMBS MORTPASS 4% 01/49","30yr",,,,,"1669130.11",,,,,,""
"2021-04-21","'31417G3G9'","MBS","UMBS MORTPASS 2% 07/23","Other",,,,,"1668620.18",,,,,,""
"2021-04-21","'3140QDQG2'","MBS","UMBS MORTPASS 4% 10/49","30yr",,,,,"1668105.99",,,,,,""
"2021-04-21","'31418AMN5'","MBS","UMBS MORTPASS 2% 11/22","Other",,,,,"1667920.8",,,,,,""
"2021-04-21","'3138YNGF8'","MBS","UMBS MORTPASS 2.5% 04/30","15yr",,,,,"1667839.75",,,,,,""
"2021-04-21","'3133AJR21'","MBS","UMBS MORTPASS 1.5% 04/51","30yr",,,,,"1667487.2",,,,,,""
"2021-04-21","'36176P3G9'","MBS","GNMA I 3.5% 04/42","30yr",,,,,"1666301.36",,,,,,""
"2021-04-21","'31334YXK8'","MBS","UMBS MORTPASS 3.5% 09/49","30yr",,,,,"1666241.34",,,,,,""
"2021-04-21","'3140X7FB0'","MBS","UMBS MORTPASS 1.5% 08/35","15yr",,,,,"1666231.44",,,,,,""
"2021-04-21","'3140JYRN8'","MBS","UMBS MORTPASS 2.5% 10/34","15yr",,,,,"1665821.99",,,,,,""
"2021-04-21","'31339U3M0'","MBS","UMBS MORTPASS 3% 11/49","30yr",,,,,"1664941.06",,,,,,""
"2021-04-21","'36181UW95'","MBS","GNMA I MORTPASS 4% 10/43","30yr",,,,,"1664443.3",,,,,,""
"2021-04-21","'3132A9N52'","MBS","UMBS MORTPASS 2.5% 01/29","15yr",,,,,"1663989.81",,,,,,""
"2021-04-21","'3140X8QM2'","MBS","UMBS MORTPASS 2% 12/50","30yr",,,,,"1663936.59",,,,,,""
"2021-04-21","'3138A9NK6'","MBS","UMBS MORTPASS 4% 03/41","30yr",,,,,"1663859.4",,,,,,""
"2021-04-21","'36241L7B6'","MBS","GNMA II 4.5% 06/41","30yr",,,,,"1662501.08",,,,,,""
"2021-04-21","'3140JUSQ8'","MBS","UMBS MORTPASS 4% 06/49","30yr",,,,,"1662120.82",,,,,,""
"2021-04-21","'3138MJKH1'","MBS","UMBS MORTPASS 2.5% 02/43","30yr",,,,,"1662005.96",,,,,,""
"2021-04-21","'3140HN5H1'","MBS","UMBS MORTPASS 3.5% 09/48","30yr",,,,,"1661859.52",,,,,,""
"2021-04-21","'3138WEQP7'","MBS","UMBS MORTPASS 3% 05/30","15yr",,,,,"1661846.57",,,,,,""
"2021-04-21","'3131X7HM3'","MBS","UMBS MORTPASS 3% 02/27","15yr",,,,,"1661349.44",,,,,,""
"2021-04-21","'3132J9GQ5'","MBS","FHLMCGLD 3% 05/43","30yr",,,,,"1661082.39",,,,,,""
"2021-04-21","'3138ETSL1'","MBS","UMBS MORTPASS 2.5% 05/36","Other",,,,,"1660993.1",,,,,,""
"2021-04-21","'31329LCV2'","MBS","UMBS MORTPASS 2.5% 11/27","15yr",,,,,"1660728.32",,,,,,""
"2021-04-21","'31307LAR9'","MBS","FHLMCGLD 3% 12/29","15yr",,,,,"1660100.59",,,,,,""
"2021-04-21","'31339UUD0'","MBS","UMBS MORTPASS 3% 11/49","30yr",,,,,"1660094.99",,,,,,""
"2021-04-21","'3133GBBS2'","MBS","UMBS MORTPASS 2% 11/35","15yr",,,,,"1659907.7",,,,,,""
"2021-04-21","'3133ACLH9'","MBS","UMBS MORTPASS 2% 10/50","30yr",,,,,"1659385.6",,,,,,""
"2021-04-21","'3140L4T74'","MBS","UMBS MORTPASS 2% 02/51","30yr",,,,,"1657837.49",,,,,,""
"2021-04-21","'3140KAPG5'","MBS","UMBS MORTPASS 2.5% 03/35","15yr",,,,,"1657045.33",,,,,,""
"2021-04-21","'3132ADQF8'","MBS","UMBS MORTPASS 2.5% 12/46","30yr",,,,,"1655996.41",,,,,,""
"2021-04-21","'3140K7D34'","MBS","UMBS MORTPASS 2.5% 12/34","15yr",,,,,"1655712.44",,,,,,""
"2021-04-21","'3132WLHZ2'","MBS","FHLMCGLD 3% 02/47","30yr",,,,,"1655507.95",,,,,,""
"2021-04-21","'3138YV3D9'","MBS","UMBS MORTPASS 3% 07/30","15yr",,,,,"1654864.19",,,,,,""
"2021-04-21","'3140KVSM3'","MBS","UMBS MORTPASS 1.5% 11/50","30yr",,,,,"1654240.62",,,,,,""
"2021-04-21","'3133HMCQ0'","MBS","UMBS MORTPASS 3% 02/30","Other",,,,,"1654205.04",,,,,,""
"2021-04-21","'3133ADMQ6'","MBS","UMBS MORTPASS 2.5% 11/50","30yr",,,,,"1653929.77",,,,,,""
"2021-04-21","'3133A2VA5'","MBS","UMBS MORTPASS 3% 03/50","30yr",,,,,"1653762.46",,,,,,""
"2021-04-21","'3133ADYP5'","MBS","UMBS MORTPASS 1.5% 12/50","30yr",,,,,"1653644.61",,,,,,""
"2021-04-21","'3138M6HK6'","MBS","UMBS MORTPASS 2.5% 09/27","15yr",,,,,"1652835.14",,,,,,""
"2021-04-21","'3132HMRF0'","MBS","FHLMCGLD 3% 09/42","30yr",,,,,"1652583.84",,,,,,""
"2021-04-21","'3138XXHJ8'","MBS","UMBS MORTPASS 3% 01/27","15yr",,,,,"1652329.78",,,,,,""
"2021-04-21","'3133A2AZ3'","MBS","UMBS MORTPASS 3% 01/50","30yr",,,,,"1651991.34",,,,,,""
"2021-04-21","'3140E8GV4'","MBS","UMBS MORTPASS 2.5% 06/31","15yr",,,,,"1651476.05",,,,,,""
"2021-04-21","'3131YDHZ0'","MBS","UMBS MORTPASS 3.5% 03/44","30yr",,,,,"1651132.86",,,,,,""
"2021-04-21","'3140JVCE0'","MBS","UMBS MORTPASS 4% 06/49","30yr",,,,,"1651077.38",,,,,,""
"2021-04-21","'3138MP5E1'","MBS","UMBS MORTPASS 3% 02/43","30yr",,,,,"1649732.19",,,,,,""
"2021-04-21","'3132JPS94'","MBS","FHLMCGLD 4% 10/43","30yr",,,,,"1649261.43",,,,,,""
"2021-04-21","'3140FVBU9'","MBS","UMBS MORTPASS 3% 04/32","15yr",,,,,"1648981.45",,,,,,""
"2021-04-21","'3140H9UX9'","MBS","UMBS MORTPASS 3.5% 05/49","30yr",,,,,"1647316.64",,,,,,""
"2021-04-21","'3138W1S73'","MBS","UMBS MORTPASS 3% 02/43","30yr",,,,,"1646795.78",,,,,,""
"2021-04-21","'36296JMS1'","MBS","GNMA I MORTPASS 5% 05/39","30yr",,,,,"1646515.42",,,,,,""
"2021-04-21","'3140HARR3'","MBS","UMBS MORTPASS 3.5% 04/33","15yr",,,,,"1645747.31",,,,,,""
"2021-04-21","'3140H5EU1'","MBS","UMBS MORTPASS 2.5% 12/32","15yr",,,,,"1645697.24",,,,,,""
"2021-04-21","'31416XT83'","MBS","UMBS MORTPASS 4% 03/41","30yr",,,,,"1645449.12",,,,,,""
"2021-04-21","'3131Y82D6'","MBS","UMBS MORTPASS 3.5% 01/49","30yr",,,,,"1645313.28",,,,,,""
"2021-04-21","'31307SLM3'","MBS","FHLMCGLD 2.5% 11/31","15yr",,,,,"1644060.46",,,,,,""
"2021-04-21","'3140JNWX4'","MBS","UMBS MORTPASS 4.5% 05/49","30yr",,,,,"1643620.23",,,,,,""
"2021-04-21","'31417F7F9'","MBS","UMBS MORTPASS 2.5% 04/28","15yr",,,,,"1643553.83",,,,,,""
"2021-04-21","'3138XZA84'","MBS","UMBS MORTPASS 3.5% 08/29","15yr",,,,,"1642941.45",,,,,,""
"2021-04-21","'3132A8JU4'","MBS","UMBS MORTPASS 2.5% 08/26","Other",,,,,"1642565.2",,,,,,""
"2021-04-21","'3138ETRB4'","MBS","UMBS MORTPASS 2.5% 06/29","15yr",,,,,"1641911.18",,,,,,""
"2021-04-21","'31417AJD2'","MBS","UMBS MORTPASS 3% 11/26","15yr",,,,,"1641889.51",,,,,,""
"2021-04-21","'3132J6PY4'","MBS","FHLMCGLD 3% 02/43","30yr",,,,,"1641022.64",,,,,,""
"2021-04-21","'3140K8P21'","MBS","UMBS MORTPASS 2.5% 02/50","30yr",,,,,"1640534.97",,,,,,""
"2021-04-21","'3140K8HS3'","MBS","UMBS MORTPASS 3.5% 01/50","30yr",,,,,"1640049.77",,,,,,""
"2021-04-21","'3140J74Z5'","MBS","UMBS MORTPASS 3% 10/30","15yr",,,,,"1639485.96",,,,,,""
"2021-04-21","'3133A4AY2'","MBS","UMBS MORTPASS 2.5% 03/50","30yr",,,,,"1638840.76",,,,,,""
"2021-04-21","'3133ADKR6'","MBS","UMBS MORTPASS 1.5% 12/50","30yr",,,,,"1638047.23",,,,,,""
"2021-04-21","'3140FNLE2'","MBS","UMBS MORTPASS 3% 12/31","15yr",,,,,"1637963.96",,,,,,""
"2021-04-21","'31418BCE4'","MBS","UMBS MORTPASS 2.5% 04/24","Other",,,,,"1637326.99",,,,,,""
"2021-04-21","'36296WBC9'","MBS","GNMA I MORTPASS 4% 07/39","30yr",,,,,"1637177.91",,,,,,""
"2021-04-21","'3140X7Y78'","MBS","UMBS MORTPASS 2.5% 02/27","Other",,,,,"1635954.03",,,,,,""
"2021-04-21","'31307PDM8'","MBS","FHLMCGLD 3% 10/30","15yr",,,,,"1635416.89",,,,,,""
"2021-04-21","'3133A9MV4'","MBS","UMBS MORTPASS 2.5% 09/50","30yr",,,,,"1635022.35",,,,,,""
"2021-04-21","'3140HBVA3'","MBS","UMBS MORTPASS 3.5% 09/49","30yr",,,,,"1634986.11",,,,,,""
"2021-04-21","'36297F6G2'","MBS","GNMA I MORTPASS 5% 01/40","30yr",,,,,"1633457.91",,,,,,""
"2021-04-21","'36177UWD2'","MBS","GNMA I 3.5% 07/42","30yr",,,,,"1633425.86",,,,,,""
"2021-04-21","'3140KNKS6'","MBS","UMBS MORTPASS 2% 10/50","30yr",,,,,"1633218.61",,,,,,""
"2021-04-21","'3133AAKR2'","MBS","UMBS MORTPASS 2% 09/50","30yr",,,,,"1632434.36",,,,,,""
"2021-04-21","'3132J9VC9'","MBS","FHLMCGLD 4% 05/43","30yr",,,,,"1632324.96",,,,,,""
"2021-04-21","'31307LMY1'","MBS","FHLMCGLD 3% 01/30","15yr",,,,,"1632204.19",,,,,,""
"2021-04-21","'3140F86N2'","MBS","UMBS MORTPASS 2.5% 07/31","15yr",,,,,"1631387.16",,,,,,""
"2021-04-21","'31418CGZ1'","MBS","UMBS MORTPASS 3% 02/27","Other",,,,,"1631198.26",,,,,,""
"2021-04-21","'36179JAW7'","MBS","GNMA I MORTPASS 3% 01/43","30yr",,,,,"1631121",,,,,,""
"2021-04-21","'36181D4J2'","MBS","GNMA I MORTPASS 3% 06/43","30yr",,,,,"1630851.12",,,,,,""
"2021-04-21","'3133A2RL6'","MBS","UMBS MORTPASS 2.5% 01/50","30yr",,,,,"1630710.32",,,,,,""
"2021-04-21","'31307SJW4'","MBS","FHLMCGLD 3% 11/31","15yr",,,,,"1630706.43",,,,,,""
"2021-04-21","'3138WWBY4'","MBS","UMBS MORTPASS 3% 06/43","30yr",,,,,"1630245.23",,,,,,""
"2021-04-21","'3140E43S4'","MBS","UMBS MORTPASS 2.5% 09/30","15yr",,,,,"1629856.74",,,,,,""
"2021-04-21","'36177PEV3'","MBS","GNMA I MORTPASS 3% 07/42","30yr",,,,,"1629767.77",,,,,,""
"2021-04-21","'3138AWBD4'","MBS","UMBS MORTPASS 3% 11/26","15yr",,,,,"1629758.56",,,,,,""
"2021-04-21","'3133GBK29'","MBS","UMBS MORTPASS 1.5% 10/35","15yr",,,,,"1629621.63",,,,,,""
"2021-04-21","'31334YZP5'","MBS","UMBS MORTPASS 3.5% 09/49","30yr",,,,,"1629382.24",,,,,,""
"2021-04-21","'3140KBRD8'","MBS","UMBS MORTPASS 2% 05/35","15yr",,,,,"1628599.08",,,,,,""
"2021-04-21","'31416AGJ3'","MBS","UMBS MORTPASS 3.5% 07/39","30yr",,,,,"1628511.54",,,,,,""
"2021-04-21","'3140K2XY5'","MBS","UMBS MORTPASS 3% 11/49","30yr",,,,,"1628407.98",,,,,,""
"2021-04-21","'3128MMV75'","MBS","FHLMCGLD 3.5% 02/32","15yr",,,,,"1628100.42",,,,,,""
"2021-04-21","'3138XZJH5'","MBS","UMBS MORTPASS 3% 08/29","15yr",,,,,"1627957.36",,,,,,""
"2021-04-21","'3132A7UW9'","MBS","UMBS MORTPASS 2.5% 05/23","Other",,,,,"1627464.5",,,,,,""
"2021-04-21","'3138WHMS8'","MBS","UMBS MORTPASS 4.5% 07/46","30yr",,,,,"1627400.58",,,,,,""
"2021-04-21","'3140QBZH4'","MBS","UMBS MORTPASS 3% 03/49","30yr",,,,,"1626802.05",,,,,,""
"2021-04-21","'3131X7C55'","MBS","UMBS MORTPASS 3% 11/26","15yr",,,,,"1626253.36",,,,,,""
"2021-04-21","'3140Q76X0'","MBS","UMBS MORTPASS 3% 12/37","Other",,,,,"1626223.9",,,,,,""
"2021-04-21","'3133A85D5'","MBS","UMBS MORTPASS 2.5% 09/50","30yr",,,,,"1625200.95",,,,,,""
"2021-04-21","'3138NYDX0'","MBS","UMBS MORTPASS 2.5% 01/28","15yr",,,,,"1625156.61",,,,,,""
"2021-04-21","'3138WAE86'","MBS","UMBS MORTPASS 2% 11/28","15yr",,,,,"1624948.36",,,,,,""
"2021-04-21","'3140KMC24'","MBS","UMBS MORTPASS 2% 09/35","15yr",,,,,"1624415.44",,,,,,""
"2021-04-21","'31417FPS1'","MBS","UMBS MORTPASS 2% 03/23","Other",,,,,"1624107.1",,,,,,""
"2021-04-21","'3140K0TD0'","MBS","UMBS MORTPASS 3% 09/49","30yr",,,,,"1623938.47",,,,,,""
"2021-04-21","'31334WW64'","MBS","UMBS MORTPASS 3.5% 07/49","30yr",,,,,"1623823.84",,,,,,""
"2021-04-21","'31329QDF5'","MBS","UMBS MORTPASS 3.5% 03/39","Other",,,,,"1622738.27",,,,,,""
"2021-04-21","'3138ELAW3'","MBS","UMBS MORTPASS 2.5% 05/23","Other",,,,,"1621788.79",,,,,,""
"2021-04-21","'3138AP3N6'","MBS","UMBS MORTPASS 3.5% 08/26","15yr",,,,,"1621347.81",,,,,,""
"2021-04-21","'3140X5QW6'","MBS","UMBS MORTPASS 2.5% 01/35","15yr",,,,,"1621346.39",,,,,,""
"2021-04-21","'36179CFF4'","MBS","GNMA I 3.5% 10/42","30yr",,,,,"1621094.29",,,,,,""
"2021-04-21","'3140HJAL5'","MBS","UMBS MORTPASS 3.5% 04/33","15yr",,,,,"1620916.8",,,,,,""
"2021-04-21","'3140KCRA2'","MBS","UMBS MORTPASS 2.5% 04/35","15yr",,,,,"1620639.4",,,,,,""
"2021-04-21","'3140L2LZ4'","MBS","UMBS MORTPASS 2% 02/51","30yr",,,,,"1619425",,,,,,""
"2021-04-21","'3140KRJT7'","MBS","UMBS MORTPASS 2% 11/35","15yr",,,,,"1619245.53",,,,,,""
"2021-04-21","'31329QH53'","MBS","UMBS MORTPASS 4.5% 04/49","30yr",,,,,"1618262.92",,,,,,""
"2021-04-21","'3133GCDJ8'","MBS","UMBS MORTPASS 2% 03/36","15yr",,,,,"1616869",,,,,,""
"2021-04-21","'3131Y8L29'","MBS","UMBS MORTPASS 4.5% 12/48","30yr",,,,,"1616680.29",,,,,,""
"2021-04-21","'3138X0QL5'","MBS","UMBS MORTPASS 3% 07/28","15yr",,,,,"1616511.48",,,,,,""
"2021-04-21","'3132A7QV6'","MBS","UMBS MORTPASS 2.5% 08/23","Other",,,,,"1615775.13",,,,,,""
"2021-04-21","'3133KHEP7'","MBS","UMBS 3.0%","30yr",,,,,"1615751.26",,,,,,""
"2021-04-21","'31307TSJ1'","MBS","FHLMCGLD 3.5% 04/32","15yr",,,,,"1615465.86",,,,,,""
"2021-04-21","'3140HASS0'","MBS","UMBS MORTPASS 3.5% 05/48","30yr",,,,,"1614997.58",,,,,,""
"2021-04-21","'3140HPX85'","MBS","UMBS MORTPASS 4% 12/48","30yr",,,,,"1614151.73",,,,,,""
"2021-04-21","'3140HPH42'","MBS","UMBS MORTPASS 3.5% 08/48","30yr",,,,,"1614134.29",,,,,,""
"2021-04-21","'3140JLY81'","MBS","UMBS MORTPASS 4.5% 02/49","30yr",,,,,"1613143.17",,,,,,""
"2021-04-21","'3140H7D61'","MBS","UMBS MORTPASS 3.5% 04/33","15yr",,,,,"1612671.21",,,,,,""
"2021-04-21","'31418DRT1'","MBS","UMBS MORTPASS 3% 08/50","30yr",,,,,"1611041.85",,,,,,""
"2021-04-21","'3140HPNE3'","MBS","UMBS MORTPASS 3.5% 08/33","15yr",,,,,"1610943.17",,,,,,""
"2021-04-21","'3131YBPE2'","MBS","UMBS MORTPASS 3.5% 04/49","30yr",,,,,"1609937.25",,,,,,""
"2021-04-21","'3140FQCB1'","MBS","UMBS MORTPASS 2.5% 02/32","15yr",,,,,"1608883.02",,,,,,""
"2021-04-21","'31418ACZ9'","MBS","UMBS MORTPASS 3% 02/32","Other",,,,,"1608485.38",,,,,,""
"2021-04-21","'3131YBTP3'","MBS","UMBS MORTPASS 2.5% 04/49","30yr",,,,,"1608213.07",,,,,,""
"2021-04-21","'3132QQJX1'","MBS","FHLMCGLD 3.5% 06/45","30yr",,,,,"1607641.72",,,,,,""
"2021-04-21","'31307VRC2'","MBS","FHLMCGLD 3.5% 02/33","15yr",,,,,"1607172.18",,,,,,""
"2021-04-21","'3140HPXF9'","MBS","UMBS MORTPASS 4% 12/48","30yr",,,,,"1606944.69",,,,,,""
"2021-04-21","'31307UPD4'","MBS","FHLMCGLD 3.5% 09/32","15yr",,,,,"1606009.52",,,,,,""
"2021-04-21","'3133GA5M4'","MBS","UMBS MORTPASS 2% 12/35","15yr",,,,,"1605628.22",,,,,,""
"2021-04-21","'31307ULB2'","MBS","FHLMCGLD 3% 09/32","15yr",,,,,"1604082",,,,,,""
"2021-04-21","'3140K7CU5'","MBS","UMBS MORTPASS 2.5% 12/34","15yr",,,,,"1604052.42",,,,,,""
"2021-04-21","'3133A2RR3'","MBS","UMBS MORTPASS 3% 02/50","30yr",,,,,"1603856.88",,,,,,""
"2021-04-21","'31418AXG8'","MBS","UMBS MORTPASS 3% 09/23","Other",,,,,"1603464.05",,,,,,""
"2021-04-21","'3138ERYD6'","MBS","UMBS MORTPASS 3% 05/29","15yr",,,,,"1603458.92",,,,,,""
"2021-04-21","'3138MAA81'","MBS","UMBS MORTPASS 4% 09/42","30yr",,,,,"1602401.15",,,,,,""
"2021-04-21","'3132A9UV7'","MBS","UMBS MORTPASS 2.5% 05/33","15yr",,,,,"1602321.39",,,,,,""
"2021-04-21","'3138MPDB8'","MBS","UMBS MORTPASS 2.5% 12/27","15yr",,,,,"1602188.57",,,,,,""
"2021-04-21","'3140K5Z59'","MBS","UMBS MORTPASS 3% 02/50","30yr",,,,,"1600140.44",,,,,,""
"2021-04-21","'3140HEQH8'","MBS","UMBS MORTPASS 4% 03/48","30yr",,,,,"1598506.82",,,,,,""
"2021-04-21","'3133KJGC0'","MBS","UMBS MORTPASS 2.5% 06/50","30yr",,,,,"1597878.94",,,,,,""
"2021-04-21","'31418CPK4'","MBS","UMBS MORTPASS 3% 09/32","15yr",,,,,"1597845.12",,,,,,""
"2021-04-21","'31418CRA4'","MBS","UMBS MORTPASS 3.5% 11/32","15yr",,,,,"1597427.16",,,,,,""
"2021-04-21","'3140JRAT8'","MBS","UMBS MORTPASS 4% 03/49","30yr",,,,,"1597066.21",,,,,,""
"2021-04-21","'3131XCRC3'","MBS","UMBS MORTPASS 3% 02/32","15yr",,,,,"1596917.99",,,,,,""
"2021-04-21","'3133A45H5'","MBS","UMBS MORTPASS 2.5% 05/50","30yr",,,,,"1596550.9",,,,,,""
"2021-04-21","'3140KYZN7'","MBS","UMBS MORTPASS 1.5% 02/51","30yr",,,,,"1593330.35",,,,,,""
"2021-04-21","'3140QFMX4'","MBS","UMBS MORTPASS 2.5% 11/50","30yr",,,,,"1592188.4",,,,,,""
"2021-04-21","'3132A9MG9'","MBS","UMBS MORTPASS 2.5% 03/27","15yr",,,,,"1590766.41",,,,,,""
"2021-04-21","'31307NXB5'","MBS","FHLMCGLD 2.5% 08/30","15yr",,,,,"1590363.03",,,,,,""
"2021-04-21","'3133GBX58'","MBS","UMBS MORTPASS 1.5% 02/36","15yr",,,,,"1590184.73",,,,,,""
"2021-04-21","'3133A36A1'","MBS","UMBS MORTPASS 3% 04/50","30yr",,,,,"1588833.74",,,,,,""
"2021-04-21","'3138YTM68'","MBS","UMBS MORTPASS 3% 07/30","15yr",,,,,"1588656.06",,,,,,""
"2021-04-21","'3138WGZN7'","MBS","UMBS MORTPASS 2.5% 04/31","15yr",,,,,"1588473.87",,,,,,""
"2021-04-21","'31307TFJ5'","MBS","FHLMCGLD 2.5% 03/32","15yr",,,,,"1586146.11",,,,,,""
"2021-04-21","'3140JWMV9'","MBS","UMBS MORTPASS 4.5% 07/49","30yr",,,,,"1585602.78",,,,,,""
"2021-04-21","'3133A1SR4'","MBS","UMBS MORTPASS 3% 02/50","30yr",,,,,"1585515.02",,,,,,""
"2021-04-21","'31417DXZ1'","MBS","UMBS MORTPASS 2.5% 11/22","Other",,,,,"1584837.82",,,,,,""
"2021-04-21","'3133A0TE4'","MBS","UMBS MORTPASS 4.5% 12/49","30yr",,,,,"1584787.36",,,,,,""
"2021-04-21","'3138WMCB5'","MBS","UMBS MORTPASS 3% 03/43","30yr",,,,,"1584322.36",,,,,,""
"2021-04-21","'3138X9G94'","MBS","UMBS MORTPASS 3% 09/28","15yr",,,,,"1584237.74",,,,,,""
"2021-04-21","'312931W20'","MBS","FHLMCGLD 5% 03/39","30yr",,,,,"1583835.57",,,,,,""
"2021-04-21","'31417G2M7'","MBS","UMBS MORTPASS 2.5% 07/28","15yr",,,,,"1583422.66",,,,,,""
"2021-04-21","'31334X4L0'","MBS","UMBS MORTPASS 3% 08/49","30yr",,,,,"1583129.14",,,,,,""
"2021-04-21","'3128P7RJ4'","MBS","FHLMCGLD 4% 08/31","Other",,,,,"1582269.34",,,,,,""
"2021-04-21","'3138WFTY2'","MBS","UMBS MORTPASS 3% 10/30","15yr",,,,,"1581768.84",,,,,,""
"2021-04-21","'31339UKC3'","MBS","UMBS MORTPASS 3% 10/49","30yr",,,,,"1581289.48",,,,,,""
"2021-04-21","'3138WQGC0'","MBS","UMBS MORTPASS 2.5% 05/28","15yr",,,,,"1580496.6",,,,,,""
"2021-04-21","'3133A63A7'","MBS","UMBS MORTPASS 3% 06/50","30yr",,,,,"1579157.31",,,,,,""
"2021-04-21","'3133A1FV9'","MBS","UMBS MORTPASS 3% 01/50","30yr",,,,,"1578778.57",,,,,,""
"2021-04-21","'3132A9N29'","MBS","UMBS MORTPASS 3% 01/29","15yr",,,,,"1576730.35",,,,,,""
"2021-04-21","'3133G8PB1'","MBS","UMBS MORTPASS 2.5% 05/35","15yr",,,,,"1576544.63",,,,,,""
"2021-04-21","'3131X85K8'","MBS","UMBS MORTPASS 2.5% 04/28","15yr",,,,,"1576049.96",,,,,,""
"2021-04-21","'3140KUXR8'","MBS","UMBS MORTPASS 1.5% 11/50","30yr",,,,,"1575974.32",,,,,,""
"2021-04-21","'3140JPVT9'","MBS","UMBS MORTPASS 2% 02/51","30yr",,,,,"1575945.45",,,,,,""
"2021-04-21","'3620A0AR1'","MBS","GNMA I MORTPASS 5% 06/39","30yr",,,,,"1575831.12",,,,,,""
"2021-04-21","'3132A9S57'","MBS","UMBS MORTPASS 2% 02/32","15yr",,,,,"1575687.46",,,,,,""
"2021-04-21","'3140K7GQ0'","MBS","UMBS MORTPASS 3% 01/50","30yr",,,,,"1575586.08",,,,,,""
"2021-04-21","'3138WX4X2'","MBS","UMBS MORTPASS 3.5% 06/43","30yr",,,,,"1575345.41",,,,,,""
"2021-04-21","'3140KHDX6'","MBS","UMBS MORTPASS 2.5% 06/40","Other",,,,,"1574731.75",,,,,,""
"2021-04-21","'3138LYVG9'","MBS","UMBS MORTPASS 3% 06/27","15yr",,,,,"1574243.19",,,,,,""
"2021-04-21","'3131YAE22'","MBS","UMBS MORTPASS 2.5% 04/34","15yr",,,,,"1573850.36",,,,,,""
"2021-04-21","'3133G72Y8'","MBS","UMBS MORTPASS 3% 10/34","15yr",,,,,"1573481.59",,,,,,""
"2021-04-21","'31307PMU0'","MBS","FHLMCGLD 2.5% 10/30","15yr",,,,,"1572836.51",,,,,,""
"2021-04-21","'3140JMBK7'","MBS","UMBS MORTPASS 4% 02/49","30yr",,,,,"1572651.93",,,,,,""
"2021-04-21","'3138W3E74'","MBS","UMBS MORTPASS 3% 02/43","30yr",,,,,"1572411.85",,,,,,""
"2021-04-21","'3140HPH34'","MBS","UMBS MORTPASS 3.5% 08/48","30yr",,,,,"1571785.69",,,,,,""
"2021-04-21","'31307QXC6'","MBS","FHLMCGLD 2.5% 04/31","15yr",,,,,"1571583.39",,,,,,""
"2021-04-21","'31418CWC4'","MBS","UMBS MORTPASS 3% 04/28","Other",,,,,"1571136.65",,,,,,""
"2021-04-21","'3131X85L6'","MBS","UMBS MORTPASS 2.5% 04/28","15yr",,,,,"1570265.09",,,,,,""
"2021-04-21","'3140L3LV1'","MBS","UMBS MORTPASS 1.5% 02/51","30yr",,,,,"1569561.81",,,,,,""
"2021-04-21","'3131X6FX3'","MBS","UMBS MORTPASS 3% 01/26","15yr",,,,,"1568803.73",,,,,,""
"2021-04-21","'36179F6Z3'","MBS","GNMA I MORTPASS 3% 02/43","30yr",,,,,"1568487.47",,,,,,""
"2021-04-21","'31307GQT9'","MBS","FHLMCGLD 3% 03/29","15yr",,,,,"1568438.44",,,,,,""
"2021-04-21","'3138W9DN7'","MBS","UMBS MORTPASS 3% 08/28","15yr",,,,,"1568076.69",,,,,,""
"2021-04-21","'3140KC3W0'","MBS","UMBS MORTPASS 2% 04/35","15yr",,,,,"1567517.9",,,,,,""
"2021-04-21","'31339SPS8'","MBS","UMBS MORTPASS 3.5% 09/49","30yr",,,,,"1567494.56",,,,,,""
"2021-04-21","'3620AASB5'","MBS","GNMA I 4.5% 08/39","30yr",,,,,"1567354.16",,,,,,""
"2021-04-21","'3138X0CC0'","MBS","UMBS MORTPASS 3% 08/28","15yr",,,,,"1566675.48",,,,,,""
"2021-04-21","'36177T4L8'","MBS","GNMA I 3.5% 04/42","30yr",,,,,"1566531.78",,,,,,""
"2021-04-21","'3138MCVX9'","MBS","UMBS MORTPASS 2.5% 10/42","30yr",,,,,"1566123.3",,,,,,""
"2021-04-21","'3138YKV75'","MBS","UMBS MORTPASS 3% 05/45","30yr",,,,,"1565943.08",,,,,,""
"2021-04-21","'31307WF66'","MBS","FHLMCGLD 3.5% 06/33","15yr",,,,,"1564354.73",,,,,,""
"2021-04-21","'3133A2DN7'","MBS","UMBS MORTPASS 2.5% 01/50","30yr",,,,,"1563823.22",,,,,,""
"2021-04-21","'31307PHG7'","MBS","FHLMCGLD 2.5% 10/30","15yr",,,,,"1563765.21",,,,,,""
"2021-04-21","'3132AAMK7'","MBS","UMBS MORTPASS 4% 08/38","Other",,,,,"1563685.86",,,,,,""
"2021-04-21","'3131Y7LW5'","MBS","UMBS MORTPASS 4% 11/48","30yr",,,,,"1563489.67",,,,,,""
"2021-04-21","'31307WT95'","MBS","FHLMCGLD 3.5% 09/33","15yr",,,,,"1563417.95",,,,,,""
"2021-04-21","'3133AFY21'","MBS","UMBS MORTPASS 2.5% 02/51","30yr",,,,,"1562347.87",,,,,,""
"2021-04-21","'3132QL7A5'","MBS","FHLMCGLD 3.5% 01/45","30yr",,,,,"1561759.08",,,,,,""
"2021-04-21","'3132J9P36'","MBS","FHLMCGLD 3% 05/43","30yr",,,,,"1561728.76",,,,,,""
"2021-04-21","'3131YCPP5'","MBS","UMBS MORTPASS 4.5% 05/49","30yr",,,,,"1561204.94",,,,,,""
"2021-04-21","'31329PZR7'","MBS","UMBS MORTPASS 4% 01/39","Other",,,,,"1560410.71",,,,,,""
"2021-04-21","'3138X4HZ6'","MBS","UMBS MORTPASS 4% 09/43","30yr",,,,,"1558892.94",,,,,,""
"2021-04-21","'3133A3QD3'","MBS","UMBS MORTPASS 3% 04/50","30yr",,,,,"1557225.29",,,,,,""
"2021-04-21","'31417DPQ0'","MBS","UMBS MORTPASS 2.5% 10/22","Other",,,,,"1555791.93",,,,,,""
"2021-04-21","'3138XMHG8'","MBS","UMBS MORTPASS 3% 03/29","15yr",,,,,"1555207.9",,,,,,""
"2021-04-21","'3140L3D57'","MBS","UMBS MORTPASS 1.5% 03/51","30yr",,,,,"1555197.41",,,,,,""
"2021-04-21","'3140L2MA8'","MBS","UMBS MORTPASS 2% 02/51","30yr",,,,,"1554589.29",,,,,,""
"2021-04-21","'3140Q82H7'","MBS","UMBS MORTPASS 3% 04/48","30yr",,,,,"1553324.3",,,,,,""
"2021-04-21","'3131X8FD3'","MBS","UMBS MORTPASS 2.5% 11/27","15yr",,,,,"1553168.13",,,,,,""
"2021-04-21","'31418BMZ6'","MBS","UMBS MORTPASS 2% 02/25","Other",,,,,"1551771.82",,,,,,""
"2021-04-21","'3133GARW8'","MBS","UMBS MORTPASS 1.5% 10/35","15yr",,,,,"1551483.68",,,,,,""
"2021-04-21","'3138LQ2Y9'","MBS","UMBS MORTPASS 3% 04/27","15yr",,,,,"1550942.55",,,,,,""
"2021-04-21","'3140QDP81'","MBS","UMBS MORTPASS 3% 12/49","30yr",,,,,"1550666.48",,,,,,""
"2021-04-21","'36297HZK7'","MBS","GNMA I MORTPASS 5% 05/39","30yr",,,,,"1550379.79",,,,,,""
"2021-04-21","'3138EJKE7'","MBS","UMBS MORTPASS 3% 07/27","15yr",,,,,"1550353.24",,,,,,""
"2021-04-21","'3138Y7CY6'","MBS","UMBS MORTPASS 2.5% 10/30","15yr",,,,,"1550083.81",,,,,,""
"2021-04-21","'3138WGED2'","MBS","UMBS MORTPASS 2.5% 01/31","15yr",,,,,"1549702.78",,,,,,""
"2021-04-21","'31418DE81'","MBS","UMBS MORTPASS 2.5% 08/49","30yr",,,,,"1549487.03",,,,,,""
"2021-04-21","'3140JNBN9'","MBS","UMBS MORTPASS 4.5% 01/49","30yr",,,,,"1549030.51",,,,,,""
"2021-04-21","'3132A9ST5'","MBS","UMBS MORTPASS 3% 11/31","15yr",,,,,"1548983.49",,,,,,""
"2021-04-21","'31418CCL6'","MBS","UMBS MORTPASS 2% 10/31","15yr",,,,,"1548675.16",,,,,,""
"2021-04-21","'3132JACA1'","MBS","FHLMCGLD 3% 05/43","30yr",,,,,"1547866.29",,,,,,""
"2021-04-21","'3132A9MD6'","MBS","UMBS MORTPASS 3% 03/27","15yr",,,,,"1547828.47",,,,,,""
"2021-04-21","'3140JQUB7'","MBS","UMBS MORTPASS 3.5% 04/49","30yr",,,,,"1547029.72",,,,,,""
"2021-04-21","'3140L5AH9'","MBS","UMBS MORTPASS 1.5% 04/51","30yr",,,,,"1546812",,,,,,""
"2021-04-21","'31307GTP4'","MBS","FHLMCGLD 3% 03/29","15yr",,,,,"1546597.59",,,,,,""
"2021-04-21","'31339S5R2'","MBS","UMBS MORTPASS 3.5% 10/49","30yr",,,,,"1546177.73",,,,,,""
"2021-04-21","'3140X6UW9'","MBS","UMBS MORTPASS 2.5% 05/35","15yr",,,,,"1545062.2",,,,,,""
"2021-04-21","'3140HEYX4'","MBS","UMBS MORTPASS 3.5% 02/48","30yr",,,,,"1544621.39",,,,,,""
"2021-04-21","'3140JG3K9'","MBS","UMBS MORTPASS 4% 11/49","30yr",,,,,"1543929.8",,,,,,""
"2021-04-21","'3140JKJJ6'","MBS","UMBS MORTPASS 4.5% 10/48","30yr",,,,,"1543708.23",,,,,,""
"2021-04-21","'3138EMZU8'","MBS","UMBS MORTPASS 3% 11/27","15yr",,,,,"1543095.76",,,,,,""
"2021-04-21","'3133GCNE8'","MBS","UMBS MORTPASS 1.5% 03/36","15yr",,,,,"1542494",,,,,,""
"2021-04-21","'36178GS21'","MBS","GNMA I MORTPASS 3% 02/43","30yr",,,,,"1541406.72",,,,,,""
"2021-04-21","'3133G8NG2'","MBS","UMBS MORTPASS 2% 05/35","15yr",,,,,"1540067.9",,,,,,""
"2021-04-21","'3140H5N49'","MBS","UMBS MORTPASS 3% 02/33","15yr",,,,,"1539217.18",,,,,,""
"2021-04-21","'3138W2EA9'","MBS","UMBS MORTPASS 2.5% 02/28","15yr",,,,,"1538482.13",,,,,,""
"2021-04-21","'3140HJTG6'","MBS","UMBS MORTPASS 3.5% 05/48","30yr",,,,,"1538461",,,,,,""
"2021-04-21","'3140L7CB6'","MBS","UMBS MORTPASS 2% 04/36","15yr",,,,,"1537873",,,,,,""
"2021-04-21","'3140L5KU9'","MBS","UMBS MORTPASS 2% 03/51","30yr",,,,,"1537091.09",,,,,,""
"2021-04-21","'31417BHB6'","MBS","UMBS MORTPASS 3% 03/27","15yr",,,,,"1537020.11",,,,,,""
"2021-04-21","'3140X44X1'","MBS","UMBS MORTPASS 3% 10/49","30yr",,,,,"1536801.17",,,,,,""
"2021-04-21","'3140HGR25'","MBS","UMBS MORTPASS 3.5% 03/48","30yr",,,,,"1536502.09",,,,,,""
"2021-04-21","'3132A7UJ8'","MBS","UMBS MORTPASS 2.5% 01/24","Other",,,,,"1536451.73",,,,,,""
"2021-04-21","'3132A9SM0'","MBS","UMBS MORTPASS 2.5% 10/31","15yr",,,,,"1536275.54",,,,,,""
"2021-04-21","'31334XQY8'","MBS","UMBS MORTPASS 4.5% 07/49","30yr",,,,,"1534794.97",,,,,,""
"2021-04-21","'36230SLE2'","MBS","GNMA I 3.5% 06/42","30yr",,,,,"1534284.64",,,,,,""
"2021-04-21","'3138MJFX2'","MBS","UMBS MORTPASS 3% 12/27","15yr",,,,,"1534163.5",,,,,,""
"2021-04-21","'3138E5YG7'","MBS","UMBS MORTPASS 3% 01/27","15yr",,,,,"1533936.87",,,,,,""
"2021-04-21","'3132HQ6S6'","MBS","FHLMCGLD 3% 12/42","30yr",,,,,"1533082.11",,,,,,""
"2021-04-21","'3132DMG74'","MBS","UMBS MORTPASS 3% 02/50","30yr",,,,,"1532903.26",,,,,,""
"2021-04-21","'36210BYP4'","MBS","GNMA I MORTPASS 5% 03/39","30yr",,,,,"1532790.57",,,,,,""
"2021-04-21","'3138E1PY7'","MBS","UMBS MORTPASS 3% 01/27","15yr",,,,,"1532330.84",,,,,,""
"2021-04-21","'3140L3L82'","MBS","UMBS MORTPASS 2% 02/51","30yr",,,,,"1532143.21",,,,,,""
"2021-04-21","'3138MDR79'","MBS","UMBS MORTPASS 2.5% 09/27","15yr",,,,,"1532047.52",,,,,,""
"2021-04-21","'31418CZV9'","MBS","UMBS MORTPASS 3% 08/48","30yr",,,,,"1531903.29",,,,,,""
"2021-04-21","'3133AFDL2'","MBS","UMBS MORTPASS 1.5% 01/51","30yr",,,,,"1531705.52",,,,,,""
"2021-04-21","'31412RLR6'","MBS","UMBS MORTPASS 3% 12/25","15yr",,,,,"1531578.04",,,,,,""
"2021-04-21","'3140JRN49'","MBS","UMBS MORTPASS 3.5% 05/49","30yr",,,,,"1530934.79",,,,,,""
"2021-04-21","'3138EBQ40'","MBS","UMBS MORTPASS 3% 03/27","15yr",,,,,"1530882.27",,,,,,""
"2021-04-21","'36179RGA1'","MBS","GNMA II MORTPASS 4% 06/45","30yr",,,,,"1530478.12",,,,,,""
"2021-04-21","'3138WEMF3'","MBS","UMBS MORTPASS 2.5% 04/25","Other",,,,,"1530462.72",,,,,,""
"2021-04-21","'3133D3MU6'","MBS","UMBS MORTPASS 2.5% 07/40","Other",,,,,"1529066.98",,,,,,""
"2021-04-21","'3128MMY64'","MBS","FHLMCGLD 3% 05/34","15yr",,,,,"1527826.38",,,,,,""
"2021-04-21","'36297BE56'","MBS","GNMA I 4.5% 08/39","30yr",,,,,"1527067.96",,,,,,""
"2021-04-21","'3133GATF3'","MBS","UMBS MORTPASS 1.5% 11/35","15yr",,,,,"1527058.92",,,,,,""
"2021-04-21","'3140EYZG9'","MBS","UMBS MORTPASS 2.5% 03/31","15yr",,,,,"1526770.17",,,,,,""
"2021-04-21","'31417G3M6'","MBS","UMBS MORTPASS 2.5% 07/23","Other",,,,,"1525898.88",,,,,,""
"2021-04-21","'3140J92W0'","MBS","UMBS MORTPASS 3.5% 01/34","15yr",,,,,"1525619.97",,,,,,""
"2021-04-21","'31418CTF1'","MBS","UMBS MORTPASS 2.5% 01/28","Other",,,,,"1524397.67",,,,,,""
"2021-04-21","'36179CFJ6'","MBS","GNMA I 3.5% 10/42","30yr",,,,,"1524316.86",,,,,,""
"2021-04-21","'3133A7NH8'","MBS","UMBS MORTPASS 2% 07/50","30yr",,,,,"1523707.03",,,,,,""
"2021-04-21","'31307HNZ6'","MBS","FHLMCGLD 3% 06/29","15yr",,,,,"1523368.18",,,,,,""
"2021-04-21","'3138AR2R4'","MBS","UMBS MORTPASS 4% 09/41","30yr",,,,,"1522775.31",,,,,,""
"2021-04-21","'3140JUK45'","MBS","UMBS MORTPASS 4% 05/49","30yr",,,,,"1522578.92",,,,,,""
"2021-04-21","'3140HF5L9'","MBS","UMBS MORTPASS 2.5% 06/45","30yr",,,,,"1522552.26",,,,,,""
"2021-04-21","'3131X83R5'","MBS","UMBS MORTPASS 2.5% 04/28","15yr",,,,,"1522546.57",,,,,,""
"2021-04-21","'31418AFX1'","MBS","UMBS MORTPASS 2.5% 06/27","15yr",,,,,"1522333.57",,,,,,""
"2021-04-21","'36176H5S9'","MBS","GNMA I MORTPASS 3% 06/43","30yr",,,,,"1522313.39",,,,,,""
"2021-04-21","'31307F6L0'","MBS","FHLMCGLD 3% 01/29","15yr",,,,,"1521747.11",,,,,,""
"2021-04-21","'31307HDR5'","MBS","FHLMCGLD 3% 05/29","15yr",,,,,"1521721.48",,,,,,""
"2021-04-21","'3138AXFW6'","MBS","UMBS MORTPASS 3% 01/27","15yr",,,,,"1521717.06",,,,,,""
"2021-04-21","'31329KXW9'","MBS","UMBS MORTPASS 3% 02/38","Other",,,,,"1521113.89",,,,,,""
"2021-04-21","'3140K5Q42'","MBS","UMBS MORTPASS 3% 12/49","30yr",,,,,"1520671.04",,,,,,""
"2021-04-21","'3138X2GC2'","MBS","UMBS MORTPASS 3% 08/28","15yr",,,,,"1520407.26",,,,,,""
"2021-04-21","'3138ECGS6'","MBS","UMBS MORTPASS 3% 03/27","15yr",,,,,"1519605.89",,,,,,""
"2021-04-21","'312940SW0'","MBS","FHLMCGLD 4.5% 05/40","30yr",,,,,"1517913.22",,,,,,""
"2021-04-21","'31346YCS0'","MBS","UMBS MORTPASS 2.5% 11/49","30yr",,,,,"1517146.98",,,,,,""
"2021-04-21","'3132KE6U4'","MBS","FHLMCGLD 3% 06/30","15yr",,,,,"1516189.14",,,,,,""
"2021-04-21","'3138LT2E7'","MBS","UMBS MORTPASS 3% 06/27","15yr",,,,,"1516029.59",,,,,,""
"2021-04-21","'3132M4UE3'","MBS","FHLMCGLD 4.5% 01/44","30yr",,,,,"1515755.41",,,,,,""
"2021-04-21","'3140KDPC8'","MBS","UMBS MORTPASS 3% 05/50","30yr",,,,,"1515729.23",,,,,,""
"2021-04-21","'3132MAQX2'","MBS","FHLMCGLD 3.5% 11/44","30yr",,,,,"1515194.84",,,,,,""
"2021-04-21","'31418C5C4'","MBS","UMBS MORTPASS 3.5% 12/28","Other",,,,,"1515185.41",,,,,,""
"2021-04-21","'36177L2J2'","MBS","GNMA I 3.5% 12/41","30yr",,,,,"1514279.67",,,,,,""
"2021-04-21","'3138E5J90'","MBS","UMBS MORTPASS 4% 01/42","30yr",,,,,"1513607.05",,,,,,""
"2021-04-21","'3140F2UM0'","MBS","UMBS MORTPASS 3% 06/46","30yr",,,,,"1513540.42",,,,,,""
"2021-04-21","'3138LRM66'","MBS","UMBS MORTPASS 3.5% 07/43","30yr",,,,,"1513019.57",,,,,,""
"2021-04-21","'3132M4P25'","MBS","FHLMCGLD 3.5% 01/44","30yr",,,,,"1512508.72",,,,,,""
"2021-04-21","'31417GG83'","MBS","UMBS MORTPASS 3% 05/28","15yr",,,,,"1511692.61",,,,,,""
"2021-04-21","'31307VMC7'","MBS","FHLMCGLD 2.5% 01/33","15yr",,,,,"1511493.29",,,,,,""
"2021-04-21","'3138NYD28'","MBS","UMBS MORTPASS 2.5% 01/23","Other",,,,,"1511129.78",,,,,,""
"2021-04-21","'36176H4T8'","MBS","GNMA I MORTPASS 3% 03/43","30yr",,,,,"1510426.72",,,,,,""
"2021-04-21","'31410LNZ1'","MBS","UMBS MORTPASS 2.5% 09/28","15yr",,,,,"1510423.08",,,,,,""
"2021-04-21","'31329LE40'","MBS","UMBS MORTPASS 2.5% 09/27","15yr",,,,,"1509997.27",,,,,,""
"2021-04-21","'3132J6YB4'","MBS","FHLMCGLD 3% 02/43","30yr",,,,,"1509398.85",,,,,,""
"2021-04-21","'31334Y4K0'","MBS","UMBS MORTPASS 3% 09/49","30yr",,,,,"1507423.59",,,,,,""
"2021-04-21","'31307HDT1'","MBS","FHLMCGLD 3% 05/29","15yr",,,,,"1507404.09",,,,,,""
"2021-04-21","'3131X8F43'","MBS","UMBS MORTPASS 2.5% 11/27","15yr",,,,,"1507217.22",,,,,,""
"2021-04-21","'3133ABXF2'","MBS","UMBS MORTPASS 2% 11/50","30yr",,,,,"1507052.96",,,,,,""
"2021-04-21","'3131X9JJ4'","MBS","UMBS MORTPASS 2% 06/23","Other",,,,,"1506749.02",,,,,,""
"2021-04-21","'31329KYJ7'","MBS","UMBS MORTPASS 3% 06/38","Other",,,,,"1506548.11",,,,,,""
"2021-04-21","'3133A0P99'","MBS","UMBS MORTPASS 3% 01/50","30yr",,,,,"1506425.2",,,,,,""
"2021-04-21","'31307QPF8'","MBS","FHLMCGLD 3% 03/31","15yr",,,,,"1506371.29",,,,,,""
"2021-04-21","'31346YYS6'","MBS","UMBS MORTPASS 3.5% 12/49","30yr",,,,,"1506298.25",,,,,,""
"2021-04-21","'3138ENHP7'","MBS","UMBS MORTPASS 2.5% 04/29","15yr",,,,,"1506121.37",,,,,,""
"2021-04-21","'3131Y2RK6'","MBS","UMBS MORTPASS 3.5% 08/48","30yr",,,,,"1506011.12",,,,,,""
"2021-04-21","'3140KKCH5'","MBS","UMBS MORTPASS 2.5% 07/35","15yr",,,,,"1505510.8",,,,,,""
"2021-04-21","'3128KU3H8'","MBS","FHLMCGLD 6% 08/37","30yr",,,,,"1505213.85",,,,,,""
"2021-04-21","'3133A6EU1'","MBS","UMBS MORTPASS 3% 06/50","30yr",,,,,"1504943.08",,,,,,""
"2021-04-21","'3131X74N5'","MBS","UMBS MORTPASS 3% 09/27","15yr",,,,,"1504719.03",,,,,,""
"2021-04-21","'31307SBF9'","MBS","FHLMCGLD 2.5% 10/31","15yr",,,,,"1502888.32",,,,,,""
"2021-04-21","'3140H2Z43'","MBS","UMBS MORTPASS 3.5% 12/47","30yr",,,,,"1502870.17",,,,,,""
"2021-04-21","'3140KFTQ8'","MBS","UMBS MORTPASS 2% 11/50","30yr",,,,,"1502586.42",,,,,,""
"2021-04-21","'3138WABW6'","MBS","UMBS MORTPASS 3% 11/28","15yr",,,,,"1502330.84",,,,,,""
"2021-04-21","'3138X8YE5'","MBS","UMBS MORTPASS 3% 11/28","15yr",,,,,"1502101.07",,,,,,""
"2021-04-21","'31329MLP3'","MBS","UMBS MORTPASS 3% 11/32","15yr",,,,,"1501099.98",,,,,,""
"2021-04-21","'3140HL4D5'","MBS","UMBS MORTPASS 4.5% 07/48","30yr",,,,,"1500584.21",,,,,,""
"2021-04-21","'3131Y9QV8'","MBS","UMBS MORTPASS 4% 02/49","30yr",,,,,"1499206.89",,,,,,""
"2021-04-21","'31329QN56'","MBS","UMBS MORTPASS 3.5% 04/49","30yr",,,,,"1498489.23",,,,,,""
"2021-04-21","'31418BB54'","MBS","UMBS MORTPASS 3% 04/24","Other",,,,,"1498421.45",,,,,,""
"2021-04-21","'31418SRM3'","MBS","UMBS MORTPASS 5% 07/40","30yr",,,,,"1498243.31",,,,,,""
"2021-04-21","'3140K3NK4'","MBS","UMBS MORTPASS 3% 02/50","30yr",,,,,"1497670.29",,,,,,""
"2021-04-21","'3622AAHC1'","MBS","GNMA II 2.5% 09/49","30yr",,,,,"1496810.45",,,,,,""
"2021-04-21","'31418CHA5'","MBS","UMBS MORTPASS 2.5% 03/27","Other",,,,,"1496550.05",,,,,,""
"2021-04-21","'31417EGZ8'","MBS","UMBS MORTPASS 2.5% 12/27","15yr",,,,,"1495121.2",,,,,,""
"2021-04-21","'3138EMDB4'","MBS","UMBS MORTPASS 4% 01/44","30yr",,,,,"1494598.99",,,,,,""
"2021-04-21","'3131XBNF2'","MBS","UMBS MORTPASS 3% 01/29","15yr",,,,,"1494283.09",,,,,,""
"2021-04-21","'3133A2PJ3'","MBS","UMBS MORTPASS 3% 03/50","30yr",,,,,"1493665.36",,,,,,""
"2021-04-21","'3140JYPP5'","MBS","UMBS MORTPASS 3% 08/49","30yr",,,,,"1493368.11",,,,,,""
"2021-04-21","'3140QATW0'","MBS","UMBS MORTPASS 4% 08/48","30yr",,,,,"1493361.95",,,,,,""
"2021-04-21","'3131YDG99'","MBS","UMBS MORTPASS 4.5% 05/49","30yr",,,,,"1493352.46",,,,,,""
"2021-04-21","'31307SW66'","MBS","FHLMCGLD 3% 02/32","15yr",,,,,"1493144.94",,,,,,""
"2021-04-21","'3140HA2J8'","MBS","UMBS MORTPASS 3.5% 02/48","30yr",,,,,"1492615.44",,,,,,""
"2021-04-21","'3132QTPD2'","MBS","FHLMCGLD 3.5% 10/45","30yr",,,,,"1492562.98",,,,,,""
"2021-04-21","'3140H8TK1'","MBS","UMBS MORTPASS 3% 05/33","15yr",,,,,"1492198.67",,,,,,""
"2021-04-21","'3140HDRV8'","MBS","UMBS MORTPASS 3% 12/34","15yr",,,,,"1491864.04",,,,,,""
"2021-04-21","'3132A9RA7'","MBS","UMBS MORTPASS 2.5% 09/30","15yr",,,,,"1491482.69",,,,,,""
"2021-04-21","'3140X4H58'","MBS","UMBS MORTPASS 2.5% 07/30","15yr",,,,,"1491456.53",,,,,,""
"2021-04-21","'3132M6X70'","MBS","FHLMCGLD 3.5% 05/44","30yr",,,,,"1490002.05",,,,,,""
"2021-04-21","'3140L22E2'","MBS","UMBS MORTPASS 1.5% 02/36","15yr",,,,,"1489638.25",,,,,,""
"2021-04-21","'3140KUYC0'","MBS","UMBS MORTPASS 2% 11/50","30yr",,,,,"1489442.17",,,,,,""
"2021-04-21","'3131X7BK3'","MBS","UMBS MORTPASS 3% 11/26","15yr",,,,,"1489271.27",,,,,,""
"2021-04-21","'3140H5PR6'","MBS","UMBS MORTPASS 3.5% 02/48","30yr",,,,,"1488759.03",,,,,,""
"2021-04-21","'3132A8JV2'","MBS","UMBS MORTPASS 3% 08/26","Other",,,,,"1488420.06",,,,,,""
"2021-04-21","'3140K1ED4'","MBS","UMBS MORTPASS 2.5% 10/49","30yr",,,,,"1487907.57",,,,,,""
"2021-04-21","'3140JNTZ3'","MBS","UMBS MORTPASS 2.5% 07/34","15yr",,,,,"1487159.3",,,,,,""
"2021-04-21","'31418ALT3'","MBS","UMBS MORTPASS 3% 11/32","Other",,,,,"1486778.28",,,,,,""
"2021-04-21","'3138YR6T0'","MBS","UMBS MORTPASS 2.5% 07/30","15yr",,,,,"1486710.81",,,,,,""
"2021-04-21","'3138X9QP7'","MBS","UMBS MORTPASS 4.5% 02/44","30yr",,,,,"1486518.25",,,,,,""
"2021-04-21","'3140JRNZ0'","MBS","UMBS MORTPASS 3.5% 04/49","30yr",,,,,"1485679.04",,,,,,""
"2021-04-21","'3138WHSA1'","MBS","UMBS MORTPASS 3% 08/31","15yr",,,,,"1484849.92",,,,,,""
"2021-04-21","'31334YKE6'","MBS","UMBS MORTPASS 3% 08/49","30yr",,,,,"1484304.1",,,,,,""
"2021-04-21","'3138EP3E2'","MBS","UMBS MORTPASS 2.5% 04/28","15yr",,,,,"1484275.56",,,,,,""
"2021-04-21","'3138Y4KY4'","MBS","UMBS MORTPASS 3.5% 08/44","30yr",,,,,"1482410.87",,,,,,""
"2021-04-21","'3132JASE6'","MBS","FHLMCGLD 3% 06/43","30yr",,,,,"1482379.36",,,,,,""
"2021-04-21","'3140L22G7'","MBS","UMBS MORTPASS 1.5% 02/36","15yr",,,,,"1482346.05",,,,,,""
"2021-04-21","'3140JMMW9'","MBS","UMBS MORTPASS 4% 04/49","30yr",,,,,"1482311.31",,,,,,""
"2021-04-21","'3132J6S88'","MBS","FHLMCGLD 3% 03/43","30yr",,,,,"1481940.98",,,,,,""
"2021-04-21","'3140FEGF5'","MBS","UMBS MORTPASS 2.5% 09/31","15yr",,,,,"1481763.74",,,,,,""
"2021-04-21","'31417DFQ1'","MBS","UMBS MORTPASS 2% 10/27","15yr",,,,,"1481079.6",,,,,,""
"2021-04-21","'3138W5QZ4'","MBS","UMBS MORTPASS 2.5% 02/28","15yr",,,,,"1480185.58",,,,,,""
"2021-04-21","'3138MFVW4'","MBS","UMBS MORTPASS 2.5% 10/42","30yr",,,,,"1479083.62",,,,,,""
"2021-04-21","'3140X7HN2'","MBS","UMBS MORTPASS 1.5% 09/35","15yr",,,,,"1479013.94",,,,,,""
"2021-04-21","'31329NNY0'","MBS","UMBS MORTPASS 4% 05/47","30yr",,,,,"1478632.69",,,,,,""
"2021-04-21","'3140H5NM9'","MBS","UMBS MORTPASS 3.5% 02/48","30yr",,,,,"1478591.31",,,,,,""
"2021-04-21","'31419EKV0'","MBS","UMBS MORTPASS 4% 11/40","30yr",,,,,"1477892.95",,,,,,""
"2021-04-21","'36297FK35'","MBS","GNMA I MORTPASS 4% 12/39","30yr",,,,,"1477762.34",,,,,,""
"2021-04-21","'31307GTA7'","MBS","FHLMCGLD 3% 03/29","15yr",,,,,"1476814.78",,,,,,""
"2021-04-21","'3138YHVT4'","MBS","UMBS MORTPASS 2.5% 05/30","15yr",,,,,"1476053",,,,,,""
"2021-04-21","'3131X8FG6'","MBS","UMBS MORTPASS 2.5% 10/27","15yr",,,,,"1475536.61",,,,,,""
"2021-04-21","'3140HDQE7'","MBS","UMBS MORTPASS 3% 12/49","30yr",,,,,"1475308.47",,,,,,""
"2021-04-21","'3132JPBZ4'","MBS","FHLMCGLD 4% 09/43","30yr",,,,,"1474826.17",,,,,,""
"2021-04-21","'3131X76Q6'","MBS","UMBS MORTPASS 2.5% 10/27","15yr",,,,,"1474685.61",,,,,,""
"2021-04-21","'3128M46C2'","MBS","FHLMCGLD 6% 09/37","30yr",,,,,"1474683.74",,,,,,""
"2021-04-21","'31329P6C2'","MBS","UMBS MORTPASS 4.5% 01/49","30yr",,,,,"1474669.66",,,,,,""
"2021-04-21","'36297AHV8'","MBS","GNMA I MORTPASS 3% 05/42","30yr",,,,,"1474373.92",,,,,,""
"2021-04-21","'3131X7DX3'","MBS","UMBS MORTPASS 3% 12/26","15yr",,,,,"1474344.64",,,,,,""
"2021-04-21","'3138WCPJ6'","MBS","UMBS MORTPASS 3% 08/29","15yr",,,,,"1474192.98",,,,,,""
"2021-04-21","'3138XVEJ5'","MBS","UMBS MORTPASS 4% 05/44","30yr",,,,,"1473174.83",,,,,,""
"2021-04-21","'31416AE97'","MBS","UMBS MORTPASS 3.5% 04/39","30yr",,,,,"1472983.49",,,,,,""
"2021-04-21","'3138M1Z43'","MBS","UMBS MORTPASS 3.5% 08/42","30yr",,,,,"1472876.88",,,,,,""
"2021-04-21","'3138WD6X4'","MBS","UMBS MORTPASS 2.5% 02/30","15yr",,,,,"1471601.08",,,,,,""
"2021-04-21","'3138MNXU9'","MBS","UMBS MORTPASS 2.5% 11/27","15yr",,,,,"1470478.05",,,,,,""
"2021-04-21","'3133A3EK0'","MBS","UMBS MORTPASS 2.5% 03/45","30yr",,,,,"1470348.33",,,,,,""
"2021-04-21","'3140HF2K4'","MBS","UMBS MORTPASS 4% 03/48","30yr",,,,,"1470175.04",,,,,,""
"2021-04-21","'3140X8UK1'","MBS","UMBS MORTPASS 2% 12/50","30yr",,,,,"1470016.63",,,,,,""
"2021-04-21","'3140Q8J71'","MBS","UMBS MORTPASS 3.5% 02/43","30yr",,,,,"1469887.6",,,,,,""
"2021-04-21","'3133A9AE5'","MBS","UMBS MORTPASS 2% 08/50","30yr",,,,,"1469487.32",,,,,,""
"2021-04-21","'3140JY7G5'","MBS","UMBS MORTPASS 2.5% 08/34","15yr",,,,,"1468228.56",,,,,,""
"2021-04-21","'31417AMT3'","MBS","UMBS MORTPASS 3% 12/26","15yr",,,,,"1468001.44",,,,,,""
"2021-04-21","'3133AJLJ0'","MBS","UMBS MORTPASS 2% 04/51","30yr",,,,,"1467615.63",,,,,,""
"2021-04-21","'31334WE72'","MBS","UMBS MORTPASS 4.5% 06/49","30yr",,,,,"1467394.61",,,,,,""
"2021-04-21","'36179HYP0'","MBS","GNMA I MORTPASS 3% 01/43","30yr",,,,,"1467277.95",,,,,,""
"2021-04-21","'31418AGL6'","MBS","UMBS MORTPASS 3% 07/27","15yr",,,,,"1467254.8",,,,,,""
"2021-04-21","'3133A0SV7'","MBS","UMBS MORTPASS 3% 12/49","30yr",,,,,"1466936.42",,,,,,""
"2021-04-21","'31417QUL6'","MBS","UMBS MORTPASS 5% 10/39","30yr",,,,,"1466906.8",,,,,,""
"2021-04-21","'3138E2HN8'","MBS","UMBS MORTPASS 3% 02/27","15yr",,,,,"1466817.08",,,,,,""
"2021-04-21","'3138ELGL1'","MBS","UMBS MORTPASS 3% 02/28","15yr",,,,,"1466623.09",,,,,,""
"2021-04-21","'36179QL41'","MBS","GNMA II MORTPASS 3% 08/44","30yr",,,,,"1466005.69",,,,,,""
"2021-04-21","'3138YX5F8'","MBS","UMBS MORTPASS 3.5% 09/45","30yr",,,,,"1465988.84",,,,,,""
"2021-04-21","'3132A8NX3'","MBS","UMBS MORTPASS 3% 12/26","Other",,,,,"1465902.58",,,,,,""
"2021-04-21","'3132M5UM2'","MBS","FHLMCGLD 3.5% 03/44","30yr",,,,,"1465875.46",,,,,,""
"2021-04-21","'3133ABJZ4'","MBS","UMBS MORTPASS 2% 10/50","30yr",,,,,"1465867.02",,,,,,""
"2021-04-21","'3132M3V46'","MBS","FHLMCGLD 4% 12/43","30yr",,,,,"1465690.37",,,,,,""
"2021-04-21","'3132A5DN2'","MBS","UMBS MORTPASS 3% 04/45","30yr",,,,,"1465214.39",,,,,,""
"2021-04-21","'3133GA2H8'","MBS","UMBS MORTPASS 2% 12/35","15yr",,,,,"1464920.58",,,,,,""
"2021-04-21","'36297JEW0'","MBS","GNMA I 4.5% 03/39","30yr",,,,,"1464255.49",,,,,,""
"2021-04-21","'3138WEWC9'","MBS","UMBS MORTPASS 2.5% 06/30","15yr",,,,,"1464114.3",,,,,,""
"2021-04-21","'3140JLZA5'","MBS","UMBS MORTPASS 4% 02/49","30yr",,,,,"1463228.23",,,,,,""
"2021-04-21","'3131X7XE3'","MBS","UMBS MORTPASS 3% 07/27","15yr",,,,,"1463046.66",,,,,,""
"2021-04-21","'31334WAB7'","MBS","UMBS MORTPASS 3% 05/49","30yr",,,,,"1462662.72",,,,,,""
"2021-04-21","'3140KFK61'","MBS","UMBS MORTPASS 2% 11/50","30yr",,,,,"1461660.25",,,,,,""
"2021-04-21","'3140GWQ89'","MBS","UMBS MORTPASS 4.5% 11/47","30yr",,,,,"1460858.22",,,,,,""
"2021-04-21","'3132M7GS1'","MBS","FHLMCGLD 3.5% 06/44","30yr",,,,,"1460247.29",,,,,,""
"2021-04-21","'3140X7HF9'","MBS","UMBS MORTPASS 3% 05/50","30yr",,,,,"1460187.26",,,,,,""
"2021-04-21","'3132QMHV6'","MBS","FHLMCGLD 3.5% 02/45","30yr",,,,,"1459806.92",,,,,,""
"2021-04-21","'3133ABJX9'","MBS","UMBS MORTPASS 2% 10/50","30yr",,,,,"1459598.05",,,,,,""
"2021-04-21","'3140K34B5'","MBS","UMBS MORTPASS 2.5% 10/50","30yr",,,,,"1459069.41",,,,,,""
"2021-04-21","'3138MLVK7'","MBS","UMBS MORTPASS 2.5% 11/27","15yr",,,,,"1458528.67",,,,,,""
"2021-04-21","'3140HD4C5'","MBS","UMBS MORTPASS 4% 05/48","30yr",,,,,"1458323.45",,,,,,""
"2021-04-21","'3140HHE76'","MBS","UMBS MORTPASS 3% 05/33","15yr",,,,,"1457648.14",,,,,,""
"2021-04-21","'3138Y7EK4'","MBS","UMBS MORTPASS 2.5% 08/31","15yr",,,,,"1456461.71",,,,,,""
"2021-04-21","'31307Q3V7'","MBS","FHLMCGLD 2.5% 05/31","15yr",,,,,"1456354.82",,,,,,""
"2021-04-21","'36180KAQ4'","MBS","GNMA I MORTPASS 3% 04/43","30yr",,,,,"1456275.42",,,,,,""
"2021-04-21","'3140HFUS6'","MBS","UMBS MORTPASS 2.5% 05/50","30yr",,,,,"1455952.9",,,,,,""
"2021-04-21","'3140GY7L7'","MBS","UMBS MORTPASS 3% 06/32","15yr",,,,,"1455840.15",,,,,,""
"2021-04-21","'3133KG3L0'","MBS","UMBS MORTPASS 3% 11/49","30yr",,,,,"1455721.55",,,,,,""
"2021-04-21","'3131X8KK1'","MBS","UMBS MORTPASS 2.5% 12/27","15yr",,,,,"1454458.58",,,,,,""
"2021-04-21","'31306YMM0'","MBS","FHLMCGLD 2.5% 11/27","15yr",,,,,"1453992.15",,,,,,""
"2021-04-21","'3133A33R7'","MBS","UMBS 4.0%","30yr",,,,,"1453766.85",,,,,,""
"2021-04-21","'31418CMK7'","MBS","UMBS MORTPASS 3% 07/27","Other",,,,,"1453721.85",,,,,,""
"2021-04-21","'3140HFTH2'","MBS","UMBS MORTPASS 3% 04/50","30yr",,,,,"1452240.2",,,,,,""
"2021-04-21","'3140H5L41'","MBS","UMBS MORTPASS 3% 01/33","15yr",,,,,"1452025.58",,,,,,""
"2021-04-21","'3140X45U6'","MBS","UMBS MORTPASS 3.5% 09/49","30yr",,,,,"1451760.03",,,,,,""
"2021-04-21","'3140HKKH0'","MBS","UMBS MORTPASS 2% 09/50","30yr",,,,,"1451274.34",,,,,,""
"2021-04-21","'31417GWJ1'","MBS","UMBS MORTPASS 2.5% 06/28","15yr",,,,,"1450198.51",,,,,,""
"2021-04-21","'31307RML6'","MBS","FHLMCGLD 3.5% 07/31","15yr",,,,,"1449311.49",,,,,,""
"2021-04-21","'3138WN2F5'","MBS","UMBS MORTPASS 2.5% 04/28","15yr",,,,,"1449083.11",,,,,,""
"2021-04-21","'31307LPE2'","MBS","FHLMCGLD 2.5% 01/30","15yr",,,,,"1448755.66",,,,,,""
"2021-04-21","'3138M5U80'","MBS","UMBS MORTPASS 4% 08/42","30yr",,,,,"1448557.12",,,,,,""
"2021-04-21","'3132A5G74'","MBS","UMBS MORTPASS 3.5% 06/47","30yr",,,,,"1447559.14",,,,,,""
"2021-04-21","'31346Y3M3'","MBS","UMBS MORTPASS 2.5% 12/49","30yr",,,,,"1447494.46",,,,,,""
"2021-04-21","'3140K6CG8'","MBS","UMBS MORTPASS 2% 01/32","15yr",,,,,"1447078.88",,,,,,""
"2021-04-21","'31418DNL2'","MBS","UMBS MORTPASS 2% 02/30","Other",,,,,"1446936.83",,,,,,""
"2021-04-21","'3138EDQA2'","MBS","UMBS MORTPASS 3% 04/27","15yr",,,,,"1446542.72",,,,,,""
"2021-04-21","'3140HPWR4'","MBS","UMBS MORTPASS 4% 11/48","30yr",,,,,"1446505.7",,,,,,""
"2021-04-21","'31307MZK5'","MBS","FHLMCGLD 2.5% 05/30","15yr",,,,,"1445048.03",,,,,,""
"2021-04-21","'31410LRY0'","MBS","UMBS MORTPASS 3% 08/28","15yr",,,,,"1444720.18",,,,,,""
"2021-04-21","'31418DU67'","MBS","UMBS MORTPASS 2% 12/40","Other",,,,,"1444178.62",,,,,,""
"2021-04-21","'3133A86S1'","MBS","UMBS MORTPASS 2% 08/50","30yr",,,,,"1443467.17",,,,,,""
"2021-04-21","'3140HPX28'","MBS","UMBS MORTPASS 4.5% 12/48","30yr",,,,,"1443464.56",,,,,,""
"2021-04-21","'3140JUL69'","MBS","UMBS MORTPASS 3% 05/49","30yr",,,,,"1441944.08",,,,,,""
"2021-04-21","'3138WJRT7'","MBS","UMBS MORTPASS 2.5% 01/32","15yr",,,,,"1441852.27",,,,,,""
"2021-04-21","'3133AFEQ0'","MBS","UMBS MORTPASS 1.5% 02/51","30yr",,,,,"1441751.94",,,,,,""
"2021-04-21","'3133GCGQ9'","MBS","UMBS MORTPASS 1.5% 03/36","15yr",,,,,"1441483",,,,,,""
"2021-04-21","'3140QBZM3'","MBS","UMBS MORTPASS 3% 10/49","30yr",,,,,"1439053.15",,,,,,""
"2021-04-21","'3138MRAP6'","MBS","UMBS MORTPASS 3% 12/42","30yr",,,,,"1438968.32",,,,,,""
"2021-04-21","'3140JLLE2'","MBS","UMBS MORTPASS 3.5% 01/49","30yr",,,,,"1438669.98",,,,,,""
"2021-04-21","'3138WHJX1'","MBS","UMBS MORTPASS 2% 07/31","15yr",,,,,"1436662.59",,,,,,""
"2021-04-21","'3140JRZR5'","MBS","UMBS MORTPASS 4% 04/49","30yr",,,,,"1435750.25",,,,,,""
"2021-04-21","'3138W7TX2'","MBS","UMBS MORTPASS 2.5% 03/28","15yr",,,,,"1435322.52",,,,,,""
"2021-04-21","'3140K8BV2'","MBS","UMBS MORTPASS 2.5% 04/50","30yr",,,,,"1434973.97",,,,,,""
"2021-04-21","'3133GAEW2'","MBS","UMBS MORTPASS 2% 10/35","15yr",,,,,"1434486.6",,,,,,""
"2021-04-21","'3133G8CM1'","MBS","UMBS MORTPASS 2% 03/35","15yr",,,,,"1434186.62",,,,,,""
"2021-04-21","'3138LR4M1'","MBS","UMBS MORTPASS 3% 05/27","15yr",,,,,"1434053.85",,,,,,""
"2021-04-21","'3138M8HE6'","MBS","UMBS MORTPASS 3% 08/27","15yr",,,,,"1433874.16",,,,,,""
"2021-04-21","'3140JRNK3'","MBS","UMBS MORTPASS 3.5% 04/49","30yr",,,,,"1433839.5",,,,,,""
"2021-04-21","'3133GBB78'","MBS","UMBS MORTPASS 1.5% 12/35","15yr",,,,,"1433515.3",,,,,,""
"2021-04-21","'3138WBCG8'","MBS","UMBS MORTPASS 3% 03/24","Other",,,,,"1432941.07",,,,,,""
"2021-04-21","'3138LU3K9'","MBS","UMBS MORTPASS 2.5% 07/27","15yr",,,,,"1432451.95",,,,,,""
"2021-04-21","'3132A9QS9'","MBS","UMBS MORTPASS 3% 05/30","15yr",,,,,"1431968.6",,,,,,""
"2021-04-21","'3140FRG90'","MBS","UMBS MORTPASS 2% 01/32","15yr",,,,,"1431901.96",,,,,,""
"2021-04-21","'3138ETEP7'","MBS","UMBS MORTPASS 3% 11/29","15yr",,,,,"1431832.65",,,,,,""
"2021-04-21","'3140KEAN8'","MBS","UMBS MORTPASS 3% 06/50","30yr",,,,,"1430571.93",,,,,,""
"2021-04-21","'31371NMK8'","MBS","UMBS MORTPASS 6% 11/27","Other",,,,,"1430205.77",,,,,,""
"2021-04-21","'3132A9RH2'","MBS","UMBS MORTPASS 3% 11/30","15yr",,,,,"1430011.8",,,,,,""
"2021-04-21","'3138WDER8'","MBS","UMBS MORTPASS 2.5% 11/29","15yr",,,,,"1429867.31",,,,,,""
"2021-04-21","'3138MMAQ5'","MBS","UMBS MORTPASS 3% 01/43","30yr",,,,,"1429713.49",,,,,,""
"2021-04-21","'3133GCEB4'","MBS","UMBS MORTPASS 1.5% 02/36","15yr",,,,,"1429394",,,,,,""
"2021-04-21","'3138W9GF1'","MBS","UMBS MORTPASS 3% 08/28","15yr",,,,,"1429379.38",,,,,,""
"2021-04-21","'31307MYB6'","MBS","FHLMCGLD 3% 04/30","15yr",,,,,"1429044.58",,,,,,""
"2021-04-21","'3133D3DQ5'","MBS","UMBS MORTPASS 2.5% 11/39","Other",,,,,"1428546.37",,,,,,""
"2021-04-21","'3132A7HQ7'","MBS","UMBS MORTPASS 2.5% 07/27","15yr",,,,,"1428483.08",,,,,,""
"2021-04-21","'3140JGAN5'","MBS","UMBS MORTPASS 4.5% 08/48","30yr",,,,,"1428323.26",,,,,,""
"2021-04-21","'3140GW6G3'","MBS","UMBS MORTPASS 3% 08/32","15yr",,,,,"1427817.96",,,,,,""
"2021-04-21","'3131X8NJ1'","MBS","UMBS MORTPASS 2% 01/28","15yr",,,,,"1427603.63",,,,,,""
"2021-04-21","'31416Y3T3'","MBS","UMBS MORTPASS 4% 09/41","30yr",,,,,"1427338.44",,,,,,""
"2021-04-21","'3140KGRA3'","MBS","UMBS MORTPASS 2% 06/50","30yr",,,,,"1427198.14",,,,,,""
"2021-04-21","'3140QHJF3'","MBS","UMBS MORTPASS 1.5% 02/51","30yr",,,,,"1427147.96",,,,,,""
"2021-04-21","'31418DPB2'","MBS","UMBS MORTPASS 3% 05/40","Other",,,,,"1426543.16",,,,,,""
"2021-04-21","'36180KAN1'","MBS","GNMA I 3.5% 05/43","30yr",,,,,"1426525.81",,,,,,""
"2021-04-21","'3140GNZP1'","MBS","UMBS MORTPASS 3.5% 07/49","30yr",,,,,"1426032.87",,,,,,""
"2021-04-21","'3133AGNU9'","MBS","UMBS MORTPASS 2% 03/51","30yr",,,,,"1425616.06",,,,,,""
"2021-04-21","'3131XWLS0'","MBS","UMBS MORTPASS 4% 04/47","30yr",,,,,"1425324.19",,,,,,""
"2021-04-21","'3138W7J54'","MBS","UMBS MORTPASS 3.5% 04/43","30yr",,,,,"1424904.72",,,,,,""
"2021-04-21","'3140X53Y7'","MBS","UMBS MORTPASS 3% 03/50","30yr",,,,,"1424263.78",,,,,,""
"2021-04-21","'3138YNHA8'","MBS","UMBS MORTPASS 2.5% 05/30","15yr",,,,,"1423660.12",,,,,,""
"2021-04-21","'3128ME4K4'","MBS","FHLMCGLD 4% 11/25","15yr",,,,,"1422767.41",,,,,,""
"2021-04-21","'3140F46H4'","MBS","UMBS MORTPASS 3% 07/46","30yr",,,,,"1422703.16",,,,,,""
"2021-04-21","'31339UXX3'","MBS","UMBS MORTPASS 3% 10/49","30yr",,,,,"1422171.68",,,,,,""
"2021-04-21","'3140K3J29'","MBS","UMBS MORTPASS 3% 12/49","30yr",,,,,"1421738.97",,,,,,""
"2021-04-21","'3140F5HT3'","MBS","UMBS MORTPASS 4.5% 04/46","30yr",,,,,"1421576.68",,,,,,""
"2021-04-21","'3140KCDE9'","MBS","UMBS MORTPASS 2.5% 04/50","30yr",,,,,"1421309.87",,,,,,""
"2021-04-21","'31307PB57'","MBS","FHLMCGLD 2.5% 09/30","15yr",,,,,"1421146.57",,,,,,""
"2021-04-21","'3133ADYQ3'","MBS","UMBS MORTPASS 2% 12/50","30yr",,,,,"1419752.26",,,,,,""
"2021-04-21","'3138EDLP4'","MBS","UMBS MORTPASS 4% 04/42","30yr",,,,,"1417987.11",,,,,,""
"2021-04-21","'31329MFV7'","MBS","UMBS MORTPASS 2.5% 03/30","15yr",,,,,"1417945.1",,,,,,""
"2021-04-21","'3140HEQJ4'","MBS","UMBS MORTPASS 3.5% 03/48","30yr",,,,,"1416999.24",,,,,,""
"2021-04-21","'3140K83K5'","MBS","UMBS MORTPASS 2.5% 04/50","30yr",,,,,"1416895.66",,,,,,""
"2021-04-21","'3140HKCK2'","MBS","UMBS MORTPASS 3.5% 06/33","15yr",,,,,"1416754.71",,,,,,""
"2021-04-21","'3140JSWT2'","MBS","UMBS MORTPASS 4% 04/49","30yr",,,,,"1416700.96",,,,,,""
"2021-04-21","'3620A2Y59'","MBS","GNMA I 4.5% 06/39","30yr",,,,,"1416223.64",,,,,,""
"2021-04-21","'3132JPTA0'","MBS","FHLMCGLD 3.5% 10/43","30yr",,,,,"1415073.54",,,,,,""
"2021-04-21","'31307UQR2'","MBS","FHLMCGLD 3.5% 09/32","15yr",,,,,"1414495.04",,,,,,""
"2021-04-21","'31417DJ87'","MBS","UMBS MORTPASS 2.5% 10/42","30yr",,,,,"1414337.85",,,,,,""
"2021-04-21","'3140KGPZ0'","MBS","UMBS MORTPASS 1.5% 11/35","15yr",,,,,"1414279.48",,,,,,""
"2021-04-21","'3138XQYQ8'","MBS","UMBS MORTPASS 3.5% 04/29","15yr",,,,,"1414017.49",,,,,,""
"2021-04-21","'3138LSX96'","MBS","UMBS MORTPASS 3% 05/27","15yr",,,,,"1411934.69",,,,,,""
"2021-04-21","'3140Q8ZP3'","MBS","UMBS MORTPASS 3.5% 04/33","15yr",,,,,"1411480.37",,,,,,""
"2021-04-21","'3140JUEY6'","MBS","UMBS MORTPASS 4% 05/49","30yr",,,,,"1411447.33",,,,,,""
"2021-04-21","'3131Y1SF8'","MBS","UMBS MORTPASS 4% 06/48","30yr",,,,,"1410190.76",,,,,,""
"2021-04-21","'31307T2K6'","MBS","FHLMCGLD 2.5% 06/32","15yr",,,,,"1409834.5",,,,,,""
"2021-04-21","'3138WZXK3'","MBS","UMBS MORTPASS 3% 08/28","15yr",,,,,"1409822.79",,,,,,""
"2021-04-21","'3138E7NX8'","MBS","UMBS MORTPASS 4% 02/42","30yr",,,,,"1409398.99",,,,,,""
"2021-04-21","'3140GNZW6'","MBS","UMBS MORTPASS 3.5% 08/49","30yr",,,,,"1409187.95",,,,,,""
"2021-04-21","'36295CHW4'","MBS","GNMA I MORTPASS 3% 04/43","30yr",,,,,"1408616.57",,,,,,""
"2021-04-21","'36179KXF6'","MBS","GNMA I 3.5% 07/43","30yr",,,,,"1408526.7",,,,,,""
"2021-04-21","'3140HHJD8'","MBS","UMBS MORTPASS 3.5% 04/48","30yr",,,,,"1407727.7",,,,,,""
"2021-04-21","'3138WJHU5'","MBS","UMBS MORTPASS 2.5% 11/26","Other",,,,,"1407607.48",,,,,,""
"2021-04-21","'3140JJ5U9'","MBS","UMBS MORTPASS 4.5% 11/48","30yr",,,,,"1407387.88",,,,,,""
"2021-04-21","'3133AFFY2'","MBS","UMBS MORTPASS 2% 01/51","30yr",,,,,"1407092.87",,,,,,""
"2021-04-21","'3133A1M66'","MBS","UMBS MORTPASS 3% 02/50","30yr",,,,,"1407076.6",,,,,,""
"2021-04-21","'36180ULZ0'","MBS","GNMA I 3.5% 05/43","30yr",,,,,"1406168.92",,,,,,""
"2021-04-21","'3138MGKU8'","MBS","UMBS MORTPASS 2.5% 11/27","15yr",,,,,"1406010.98",,,,,,""
"2021-04-21","'36296JPT6'","MBS","GNMA I MORTPASS 5% 06/39","30yr",,,,,"1404973.39",,,,,,""
"2021-04-21","'3138YBL92'","MBS","UMBS MORTPASS 3.5% 01/45","30yr",,,,,"1404886.54",,,,,,""
"2021-04-21","'3140KQ2C4'","MBS","UMBS MORTPASS 1.5% 10/50","30yr",,,,,"1404863.18",,,,,,""
"2021-04-21","'3138E2MA0'","MBS","UMBS MORTPASS 3% 01/27","15yr",,,,,"1404474.2",,,,,,""
"2021-04-21","'3140F9AG0'","MBS","UMBS MORTPASS 2.5% 07/31","15yr",,,,,"1404324.17",,,,,,""
"2021-04-21","'3138W0WX3'","MBS","UMBS MORTPASS 2.5% 02/28","15yr",,,,,"1403906.81",,,,,,""
"2021-04-21","'3140FAQT2'","MBS","UMBS MORTPASS 2.5% 10/31","15yr",,,,,"1403747.26",,,,,,""
"2021-04-21","'3140JWEH9'","MBS","UMBS MORTPASS 3% 09/34","15yr",,,,,"1403696.71",,,,,,""
"2021-04-21","'3138LY2J5'","MBS","UMBS MORTPASS 3% 06/27","15yr",,,,,"1403461.13",,,,,,""
"2021-04-21","'3138ENHN2'","MBS","UMBS MORTPASS 2.5% 03/29","15yr",,,,,"1403337.52",,,,,,""
"2021-04-21","'3131YDLJ1'","MBS","UMBS MORTPASS 2.5% 06/49","30yr",,,,,"1403078.99",,,,,,""
"2021-04-21","'3131X8N93'","MBS","UMBS MORTPASS 2.5% 01/28","15yr",,,,,"1403029.98",,,,,,""
"2021-04-21","'3140HDAA2'","MBS","UMBS MORTPASS 2.5% 02/33","15yr",,,,,"1402943.34",,,,,,""
"2021-04-21","'3132J8AP5'","MBS","FHLMCGLD 3% 04/43","30yr",,,,,"1401262.27",,,,,,""
"2021-04-21","'3620ACUR3'","MBS","GNMA I 4.5% 11/39","30yr",,,,,"1401189.65",,,,,,""
"2021-04-21","'3140FHX85'","MBS","UMBS MORTPASS 3% 12/46","30yr",,,,,"1401043.62",,,,,,""
"2021-04-21","'3140Q9SM6'","MBS","UMBS MORTPASS 3.5% 09/43","30yr",,,,,"1399660.11",,,,,,""
"2021-04-21","'36296QVK2'","MBS","GNMA I MORTPASS 5% 06/39","30yr",,,,,"1398810.67",,,,,,""
"2021-04-21","'3140H8KK0'","MBS","UMBS MORTPASS 3% 01/48","30yr",,,,,"1398330.14",,,,,,""
"2021-04-21","'3140JW7E4'","MBS","UMBS MORTPASS 3.5% 07/49","30yr",,,,,"1397889.82",,,,,,""
"2021-04-21","'3140K3PK2'","MBS","UMBS MORTPASS 3% 03/50","30yr",,,,,"1397643.9",,,,,,""
"2021-04-21","'31339SW68'","MBS","UMBS MORTPASS 3% 10/49","30yr",,,,,"1397151.06",,,,,,""
"2021-04-21","'3140L34E8'","MBS","UMBS MORTPASS 1.5% 04/36","15yr",,,,,"1397073",,,,,,""
"2021-04-21","'3140QFFK0'","MBS","UMBS MORTPASS 2.5% 10/50","30yr",,,,,"1396983.77",,,,,,""
"2021-04-21","'3138WFZE9'","MBS","UMBS MORTPASS 2% 11/30","15yr",,,,,"1395946",,,,,,""
"2021-04-21","'3140GQ4H6'","MBS","UMBS MORTPASS 4% 08/47","30yr",,,,,"1395376.03",,,,,,""
"2021-04-21","'31418AT57'","MBS","UMBS MORTPASS 2.5% 06/33","Other",,,,,"1395298.2",,,,,,""
"2021-04-21","'3138ERAX8'","MBS","UMBS MORTPASS 2% 08/30","15yr",,,,,"1395090.86",,,,,,""
"2021-04-21","'3140X5FF5'","MBS","UMBS MORTPASS 2% 02/32","15yr",,,,,"1394860.37",,,,,,""
"2021-04-21","'3133LPSL2'","MBS","UMBS MORTPASS 2% 04/30","Other",,,,,"1394268.79",,,,,,""
"2021-04-21","'3133KGZS0'","MBS","UMBS MORTPASS 3% 10/49","30yr",,,,,"1393899.29",,,,,,""
"2021-04-21","'3140FLPL6'","MBS","UMBS MORTPASS 2.5% 09/31","15yr",,,,,"1393643.97",,,,,,""
"2021-04-21","'31307V3J3'","MBS","FHLMCGLD 3.5% 04/33","15yr",,,,,"1393421.16",,,,,,""
"2021-04-21","'3140K3Y30'","MBS","UMBS MORTPASS 3% 02/50","30yr",,,,,"1393275.6",,,,,,""
"2021-04-21","'36295VME6'","MBS","GNMA I 4.5% 09/39","30yr",,,,,"1391820.35",,,,,,""
"2021-04-21","'36230RZD1'","MBS","GNMA I MORTPASS 4% 12/40","30yr",,,,,"1390869.61",,,,,,""
"2021-04-21","'31418BA48'","MBS","UMBS MORTPASS 3% 02/44","30yr",,,,,"1389704.14",,,,,,""
"2021-04-21","'3140JKYJ9'","MBS","UMBS MORTPASS 4.5% 01/49","30yr",,,,,"1389150.47",,,,,,""
"2021-04-21","'3132MAQG9'","MBS","FHLMCGLD 3.5% 11/44","30yr",,,,,"1388262.96",,,,,,""
"2021-04-21","'3140H7DX2'","MBS","UMBS MORTPASS 3% 02/33","15yr",,,,,"1388054.21",,,,,,""
"2021-04-21","'3138YVHE2'","MBS","UMBS MORTPASS 3% 06/45","30yr",,,,,"1387825.58",,,,,,""
"2021-04-21","'3133G9NZ8'","MBS","UMBS MORTPASS 2% 08/35","15yr",,,,,"1387180.05",,,,,,""
"2021-04-21","'31418CCM4'","MBS","UMBS MORTPASS 2.5% 10/31","15yr",,,,,"1387008.43",,,,,,""
"2021-04-21","'31418CM84'","MBS","UMBS MORTPASS 3% 07/47","30yr",,,,,"1386793.17",,,,,,""
"2021-04-21","'31418CDV3'","MBS","UMBS MORTPASS 3% 11/26","Other",,,,,"1386461.77",,,,,,""
"2021-04-21","'3138M0UC2'","MBS","UMBS MORTPASS 3% 07/27","15yr",,,,,"1385715.1",,,,,,""
"2021-04-21","'3138M06M7'","MBS","UMBS MORTPASS 4% 07/42","30yr",,,,,"1385641.95",,,,,,""
"2021-04-21","'3140F3U71'","MBS","UMBS MORTPASS 3% 04/46","30yr",,,,,"1385026.54",,,,,,""
"2021-04-21","'3138WJJD1'","MBS","UMBS MORTPASS 3% 11/46","30yr",,,,,"1384984.32",,,,,,""
"2021-04-21","'3140Q8M93'","MBS","UMBS MORTPASS 3.5% 02/33","15yr",,,,,"1384349.77",,,,,,""
"2021-04-21","'3138WNWM7'","MBS","UMBS MORTPASS 2.5% 05/28","15yr",,,,,"1383898.2",,,,,,""
"2021-04-21","'3138M7B38'","MBS","UMBS MORTPASS 2.5% 10/27","15yr",,,,,"1383464.04",,,,,,""
"2021-04-21","'3132MANG2'","MBS","FHLMCGLD 3.5% 10/44","30yr",,,,,"1382638.74",,,,,,""
"2021-04-21","'36180KGH8'","MBS","GNMA I MORTPASS 3% 04/43","30yr",,,,,"1382570.78",,,,,,""
"2021-04-21","'3140JS4V8'","MBS","UMBS MORTPASS 4% 04/49","30yr",,,,,"1382513.33",,,,,,""
"2021-04-21","'3138EKBJ3'","MBS","UMBS MORTPASS 3% 07/27","15yr",,,,,"1382299.56",,,,,,""
"2021-04-21","'31307GHB8'","MBS","FHLMCGLD 3% 02/29","15yr",,,,,"1382031.39",,,,,,""
"2021-04-21","'31418CFG4'","MBS","UMBS MORTPASS 3% 01/37","Other",,,,,"1381716.06",,,,,,""
"2021-04-21","'3138W13G0'","MBS","UMBS MORTPASS 2.5% 01/28","15yr",,,,,"1381542.02",,,,,,""
"2021-04-21","'3133G6DK8'","MBS","UMBS MORTPASS 3% 06/34","15yr",,,,,"1381481.89",,,,,,""
"2021-04-21","'3131Y9WJ8'","MBS","UMBS MORTPASS 4.5% 02/49","30yr",,,,,"1380688.87",,,,,,""
"2021-04-21","'3138WCFE8'","MBS","UMBS MORTPASS 2.5% 07/29","15yr",,,,,"1380285.56",,,,,,""
"2021-04-21","'31418CV35'","MBS","UMBS MORTPASS 4% 04/48","30yr",,,,,"1379289.66",,,,,,""
"2021-04-21","'36178D7F2'","MBS","GNMA I MORTPASS 3% 04/43","30yr",,,,,"1379177.46",,,,,,""
"2021-04-21","'31307M2G0'","MBS","FHLMCGLD 3% 05/30","15yr",,,,,"1379020.97",,,,,,""
"2021-04-21","'3140QBCV8'","MBS","UMBS MORTPASS 4.5% 06/49","30yr",,,,,"1378832.93",,,,,,""
"2021-04-21","'3138MQP49'","MBS","UMBS MORTPASS 2.5% 12/42","30yr",,,,,"1378430.98",,,,,,""
"2021-04-21","'36297KV73'","MBS","GNMA I 4.5% 07/39","30yr",,,,,"1377312.81",,,,,,""
"2021-04-21","'3133G9KQ1'","MBS","UMBS MORTPASS 2% 08/35","15yr",,,,,"1376131.55",,,,,,""
"2021-04-21","'3133KGPP7'","MBS","UMBS MORTPASS 3% 09/49","30yr",,,,,"1376113.31",,,,,,""
"2021-04-21","'312940MW6'","MBS","FHLMCGLD 4.5% 05/40","30yr",,,,,"1375720.37",,,,,,""
"2021-04-21","'3133AJRZ8'","MBS","UMBS MORTPASS 1.5% 04/51","30yr",,,,,"1375422.06",,,,,,""
"2021-04-21","'3140HDYM0'","MBS","UMBS MORTPASS 3% 01/50","30yr",,,,,"1375307.17",,,,,,""
"2021-04-21","'3138M8YC1'","MBS","UMBS MORTPASS 2.5% 09/27","15yr",,,,,"1374776.22",,,,,,""
"2021-04-21","'31329QZK0'","MBS","UMBS MORTPASS 4% 05/49","30yr",,,,,"1374155.13",,,,,,""
"2021-04-21","'3140X5EU3'","MBS","UMBS MORTPASS 3.5% 01/34","15yr",,,,,"1374145.8",,,,,,""
"2021-04-21","'31307VAJ5'","MBS","FHLMCGLD 3% 12/32","15yr",,,,,"1374125.19",,,,,,""
"2021-04-21","'3131X76P8'","MBS","UMBS MORTPASS 2.5% 09/27","15yr",,,,,"1373904.1",,,,,,""
"2021-04-21","'3132M9JX3'","MBS","FHLMCGLD 3.5% 09/44","30yr",,,,,"1372726.51",,,,,,""
"2021-04-21","'3132A7YD7'","MBS","UMBS MORTPASS 3% 08/24","Other",,,,,"1372418.16",,,,,,""
"2021-04-21","'3140F1LN0'","MBS","UMBS MORTPASS 3% 07/45","30yr",,,,,"1372408.64",,,,,,""
"2021-04-21","'3140K3T51'","MBS","UMBS MORTPASS 2.5% 12/34","15yr",,,,,"1372155.75",,,,,,""
"2021-04-21","'3138WFNS1'","MBS","UMBS MORTPASS 3% 09/30","15yr",,,,,"1371236.4",,,,,,""
"2021-04-21","'3138X2UQ5'","MBS","UMBS MORTPASS 3% 08/28","15yr",,,,,"1371061.2",,,,,,""
"2021-04-21","'3132M9B29'","MBS","FHLMCGLD 3.5% 09/44","30yr",,,,,"1371047.28",,,,,,""
"2021-04-21","'3138ERS76'","MBS","UMBS MORTPASS 3.5% 12/26","Other",,,,,"1370393.3",,,,,,""
"2021-04-21","'31418CAS3'","MBS","UMBS MORTPASS 2.5% 08/36","Other",,,,,"1370372.25",,,,,,""
"2021-04-21","'31418AZ27'","MBS","UMBS MORTPASS 3% 11/23","Other",,,,,"1370250.56",,,,,,""
"2021-04-21","'3140L0CL9'","MBS","UMBS MORTPASS 2% 12/50","30yr",,,,,"1369284.23",,,,,,""
"2021-04-21","'3140KBKD5'","MBS","UMBS MORTPASS 2.5% 03/50","30yr",,,,,"1369027.76",,,,,,""
"2021-04-21","'3131XWHC0'","MBS","UMBS MORTPASS 3.5% 04/47","30yr",,,,,"1368979.09",,,,,,""
"2021-04-21","'3132JM3N7'","MBS","FHLMCGLD 3% 08/43","30yr",,,,,"1368052.03",,,,,,""
"2021-04-21","'3133G6R49'","MBS","UMBS MORTPASS 2.5% 09/34","15yr",,,,,"1367939.1",,,,,,""
"2021-04-21","'3138WJC71'","MBS","UMBS MORTPASS 2.5% 10/31","15yr",,,,,"1367766.48",,,,,,""
"2021-04-21","'36230SKJ2'","MBS","GNMA I 3.5% 02/42","30yr",,,,,"1367491.96",,,,,,""
"2021-04-21","'3133A4TP1'","MBS","UMBS MORTPASS 2.5% 05/50","30yr",,,,,"1367116.9",,,,,,""
"2021-04-21","'3131XB4E6'","MBS","UMBS MORTPASS 2.5% 05/31","15yr",,,,,"1366666.03",,,,,,""
"2021-04-21","'31307MZA7'","MBS","FHLMCGLD 2.5% 05/30","15yr",,,,,"1365441.88",,,,,,""
"2021-04-21","'3132A7C74'","MBS","UMBS MORTPASS 3% 12/26","15yr",,,,,"1365259.75",,,,,,""
"2021-04-21","'3140H83G8'","MBS","UMBS MORTPASS 3.5% 08/43","30yr",,,,,"1365229.8",,,,,,""
"2021-04-21","'3131X74P0'","MBS","UMBS MORTPASS 3% 09/27","15yr",,,,,"1365219.19",,,,,,""
"2021-04-21","'36294UT69'","MBS","GNMA I 3.5% 12/41","30yr",,,,,"1365086.71",,,,,,""
"2021-04-21","'3138XS5Z6'","MBS","UMBS MORTPASS 3.5% 05/29","15yr",,,,,"1364335.49",,,,,,""
"2021-04-21","'3131X8R81'","MBS","UMBS MORTPASS 2.5% 02/28","15yr",,,,,"1364303.61",,,,,,""
"2021-04-21","'31417EK67'","MBS","UMBS MORTPASS 2.5% 01/23","Other",,,,,"1363559.32",,,,,,""
"2021-04-21","'31329QGG0'","MBS","UMBS MORTPASS 3.5% 03/49","30yr",,,,,"1363557.06",,,,,,""
"2021-04-21","'3138YXH24'","MBS","UMBS MORTPASS 3% 07/45","30yr",,,,,"1363038.7",,,,,,""
"2021-04-21","'3133A4RH1'","MBS","UMBS MORTPASS 3% 05/50","30yr",,,,,"1362169.42",,,,,,""
"2021-04-21","'3132WKDR6'","MBS","FHLMCGLD 3% 01/47","30yr",,,,,"1361709.75",,,,,,""
"2021-04-21","'3138WTV45'","MBS","UMBS MORTPASS 2.5% 05/28","15yr",,,,,"1361320",,,,,,""
"2021-04-21","'3133G8CT6'","MBS","UMBS MORTPASS 3% 03/35","15yr",,,,,"1360484.68",,,,,,""
"2021-04-21","'3140J7MK8'","MBS","UMBS MORTPASS 2% 03/32","15yr",,,,,"1360432.71",,,,,,""
"2021-04-21","'3132JBH97'","MBS","FHLMCGLD 3.5% 07/43","30yr",,,,,"1359777.72",,,,,,""
"2021-04-21","'3133ADUK0'","MBS","UMBS MORTPASS 1.5% 12/50","30yr",,,,,"1358195.08",,,,,,""
"2021-04-21","'3140JVQM7'","MBS","UMBS MORTPASS 2.5% 08/34","15yr",,,,,"1357962.37",,,,,,""
"2021-04-21","'3140JRWP2'","MBS","UMBS MORTPASS 4.5% 04/49","30yr",,,,,"1357561.58",,,,,,""
"2021-04-21","'3138LU3R4'","MBS","UMBS MORTPASS 3% 07/27","15yr",,,,,"1357315.16",,,,,,""
"2021-04-21","'3138AXD24'","MBS","UMBS MORTPASS 3% 11/26","15yr",,,,,"1357166.03",,,,,,""
"2021-04-21","'3138E5BK3'","MBS","UMBS MORTPASS 3% 01/27","15yr",,,,,"1357155.88",,,,,,""
"2021-04-21","'3140HFLG2'","MBS","UMBS MORTPASS 3.5% 02/50","30yr",,,,,"1356341.68",,,,,,""
"2021-04-21","'3133A6JA0'","MBS","UMBS MORTPASS 3% 06/50","30yr",,,,,"1356328.51",,,,,,""
"2021-04-21","'3140FQF28'","MBS","UMBS MORTPASS 3% 11/46","30yr",,,,,"1356145.42",,,,,,""
"2021-04-21","'31307LPD4'","MBS","FHLMCGLD 2.5% 01/30","15yr",,,,,"1355826.15",,,,,,""
"2021-04-21","'3140K3BA9'","MBS","UMBS MORTPASS 2.5% 01/50","30yr",,,,,"1355764.76",,,,,,""
"2021-04-21","'3140KJA98'","MBS","UMBS MORTPASS 2.5% 07/50","30yr",,,,,"1355695.79",,,,,,""
"2021-04-21","'3140FFBL4'","MBS","UMBS MORTPASS 3% 09/46","30yr",,,,,"1355679.93",,,,,,""
"2021-04-21","'3140QASP6'","MBS","UMBS MORTPASS 4.5% 03/49","30yr",,,,,"1355648.46",,,,,,""
"2021-04-21","'31417GSY3'","MBS","UMBS MORTPASS 3% 06/28","15yr",,,,,"1355467.07",,,,,,""
"2021-04-21","'3140X5VV2'","MBS","UMBS MORTPASS 2.5% 02/40","Other",,,,,"1354820.38",,,,,,""
"2021-04-21","'3131Y7VH7'","MBS","UMBS MORTPASS 4% 11/48","30yr",,,,,"1353412.66",,,,,,""
"2021-04-21","'3140QDAZ7'","MBS","UMBS MORTPASS 3% 03/50","30yr",,,,,"1353391.67",,,,,,""
"2021-04-21","'36297GCV0'","MBS","GNMA I MORTPASS 5% 02/40","30yr",,,,,"1353308.53",,,,,,""
"2021-04-21","'31418AQA9'","MBS","UMBS MORTPASS 2.5% 02/33","Other",,,,,"1353188.43",,,,,,""
"2021-04-21","'31307GR68'","MBS","FHLMCGLD 3% 03/29","15yr",,,,,"1352743.67",,,,,,""
"2021-04-21","'3140JVV66'","MBS","UMBS MORTPASS 3% 07/49","30yr",,,,,"1352707.47",,,,,,""
"2021-04-21","'3140KC3X8'","MBS","UMBS MORTPASS 2.5% 04/35","15yr",,,,,"1352658.77",,,,,,""
"2021-04-21","'31307SBE2'","MBS","FHLMCGLD 2.5% 10/31","15yr",,,,,"1352493.87",,,,,,""
"2021-04-21","'3138LYCA3'","MBS","UMBS MORTPASS 3% 07/27","15yr",,,,,"1351000.5",,,,,,""
"2021-04-21","'3140JLWN0'","MBS","UMBS MORTPASS 3% 03/34","15yr",,,,,"1350653.35",,,,,,""
"2021-04-21","'31417HCJ1'","MBS","UMBS MORTPASS 2% 07/23","Other",,,,,"1350619.52",,,,,,""
"2021-04-21","'3133G8NC1'","MBS","UMBS MORTPASS 2% 05/35","15yr",,,,,"1350306.51",,,,,,""
"2021-04-21","'3133A8H83'","MBS","UMBS MORTPASS 2.5% 08/50","30yr",,,,,"1349861.51",,,,,,""
"2021-04-21","'3140HN4K5'","MBS","UMBS MORTPASS 3.5% 08/33","15yr",,,,,"1349792.32",,,,,,""
"2021-04-21","'3140K0W87'","MBS","UMBS MORTPASS 3.5% 11/49","30yr",,,,,"1349697.29",,,,,,""
"2021-04-21","'3131X72N7'","MBS","UMBS MORTPASS 2.5% 08/27","15yr",,,,,"1348372.62",,,,,,""
"2021-04-21","'3138XBJ47'","MBS","UMBS MORTPASS 3% 11/28","15yr",,,,,"1348245",,,,,,""
"2021-04-21","'3140Q9N25'","MBS","UMBS MORTPASS 4.5% 08/48","30yr",,,,,"1348169.08",,,,,,""
"2021-04-21","'3133KGS33'","MBS","UMBS MORTPASS 3% 09/49","30yr",,,,,"1347443.81",,,,,,""
"2021-04-21","'3133GAWD4'","MBS","UMBS MORTPASS 1.5% 10/35","15yr",,,,,"1347431.81",,,,,,""
"2021-04-21","'3132A7FK2'","MBS","UMBS MORTPASS 2.5% 05/27","15yr",,,,,"1347237.03",,,,,,""
"2021-04-21","'36179JUV7'","MBS","GNMA I MORTPASS 3% 03/43","30yr",,,,,"1347097.09",,,,,,""
"2021-04-21","'3132M7EA2'","MBS","FHLMCGLD 4% 05/44","30yr",,,,,"1346680.36",,,,,,""
"2021-04-21","'31410LJR4'","MBS","UMBS MORTPASS 3% 07/27","15yr",,,,,"1346607.88",,,,,,""
"2021-04-21","'3140JRNV9'","MBS","UMBS MORTPASS 3.5% 04/49","30yr",,,,,"1346046.73",,,,,,""
"2021-04-21","'31307PTG4'","MBS","FHLMCGLD 2.5% 11/30","15yr",,,,,"1345864.65",,,,,,""
"2021-04-21","'3132HP3Z5'","MBS","FHLMCGLD 2.5% 12/42","30yr",,,,,"1345654.82",,,,,,""
"2021-04-21","'3132A9UZ8'","MBS","UMBS MORTPASS 3% 06/33","15yr",,,,,"1345639.85",,,,,,""
"2021-04-21","'31417FZ27'","MBS","UMBS MORTPASS 2% 04/28","15yr",,,,,"1345513.09",,,,,,""
"2021-04-21","'3140KGHJ5'","MBS","UMBS MORTPASS 3% 06/50","30yr",,,,,"1345396.33",,,,,,""
"2021-04-21","'3138M1YE2'","MBS","UMBS MORTPASS 3.5% 07/42","30yr",,,,,"1345323.51",,,,,,""
"2021-04-21","'36176H4X9'","MBS","GNMA I MORTPASS 3% 03/43","30yr",,,,,"1345088.72",,,,,,""
"2021-04-21","'3140KPTZ6'","MBS","UMBS MORTPASS 1.5% 10/35","15yr",,,,,"1344854.81",,,,,,""
"2021-04-21","'3140JXL97'","MBS","UMBS MORTPASS 3% 07/34","15yr",,,,,"1344806.58",,,,,,""
"2021-04-21","'3132DMCK9'","MBS","UMBS MORTPASS 3% 09/49","30yr",,,,,"1344717.78",,,,,,""
"2021-04-21","'3131X8HS8'","MBS","UMBS MORTPASS 2.5% 12/27","15yr",,,,,"1344546.37",,,,,,""
"2021-04-21","'31307GZS1'","MBS","FHLMCGLD 3% 04/29","15yr",,,,,"1344432.64",,,,,,""
"2021-04-21","'31307PWJ4'","MBS","FHLMCGLD 3% 12/30","15yr",,,,,"1344116.48",,,,,,""
"2021-04-21","'3140K5AD9'","MBS","UMBS MORTPASS 3% 02/50","30yr",,,,,"1343778.53",,,,,,""
"2021-04-21","'3133A9U60'","MBS","UMBS MORTPASS 2% 09/50","30yr",,,,,"1343365.51",,,,,,""
"2021-04-21","'3140K1TY2'","MBS","UMBS MORTPASS 3.5% 12/49","30yr",,,,,"1342699.62",,,,,,""
"2021-04-21","'3140HPXD4'","MBS","UMBS MORTPASS 4% 11/48","30yr",,,,,"1342496.35",,,,,,""
"2021-04-21","'3140JPDZ5'","MBS","UMBS MORTPASS 3% 04/34","15yr",,,,,"1341860.63",,,,,,""
"2021-04-21","'3138EGDM3'","MBS","UMBS MORTPASS 5.5% 01/34","30yr",,,,,"1341324.92",,,,,,"Y"
"2021-04-21","'3133AFWU1'","MBS","UMBS MORTPASS 2.5% 02/51","30yr",,,,,"1340187.87",,,,,,""
"2021-04-21","'3138WR7K0'","MBS","UMBS MORTPASS 2.5% 05/28","15yr",,,,,"1340154.11",,,,,,""
"2021-04-21","'3133AFEP2'","MBS","UMBS MORTPASS 1.5% 01/51","30yr",,,,,"1339796.31",,,,,,""
"2021-04-21","'3140H5ME8'","MBS","UMBS MORTPASS 3% 01/33","15yr",,,,,"1339763.29",,,,,,""
"2021-04-21","'3138WFZU3'","MBS","UMBS MORTPASS 3% 11/30","15yr",,,,,"1339543",,,,,,""
"2021-04-21","'3131Y2EE4'","MBS","UMBS MORTPASS 3.5% 07/48","30yr",,,,,"1339390.54",,,,,,""
"2021-04-21","'3140H4KJ2'","MBS","UMBS MORTPASS 3% 01/33","15yr",,,,,"1338642.62",,,,,,""
"2021-04-21","'3132A8F79'","MBS","UMBS MORTPASS 2% 04/23","Other",,,,,"1338485.88",,,,,,""
"2021-04-21","'3133GBMQ4'","MBS","UMBS MORTPASS 2% 01/36","15yr",,,,,"1338471.64",,,,,,""
"2021-04-21","'3140JWQB9'","MBS","UMBS MORTPASS 3.5% 10/49","30yr",,,,,"1337929.41",,,,,,""
"2021-04-21","'31418DDX7'","MBS","UMBS MORTPASS 2.5% 05/29","Other",,,,,"1337644.81",,,,,,""
"2021-04-21","'31346YNJ8'","MBS","UMBS MORTPASS 3% 10/49","30yr",,,,,"1337436.25",,,,,,""
"2021-04-21","'3128MMTT0'","MBS","FHLMCGLD 3% 07/30","15yr",,,,,"1335275.48",,,,,,""
"2021-04-21","'31417FQU5'","MBS","UMBS MORTPASS 2.5% 03/23","Other",,,,,"1335177.87",,,,,,""
"2021-04-21","'3138MQX65'","MBS","UMBS MORTPASS 3.5% 12/42","30yr",,,,,"1335112.3",,,,,,""
"2021-04-21","'3133AJR47'","MBS","UMBS MORTPASS 1.5% 03/51","30yr",,,,,"1334866.14",,,,,,""
"2021-04-21","'3131X8ZU3'","MBS","UMBS MORTPASS 2.5% 04/28","15yr",,,,,"1334766.38",,,,,,""
"2021-04-21","'3138WGZL1'","MBS","UMBS MORTPASS 2.5% 04/31","15yr",,,,,"1334507.04",,,,,,""
"2021-04-21","'31329KYG3'","MBS","UMBS MORTPASS 4% 06/38","Other",,,,,"1334479.38",,,,,,""
"2021-04-21","'3140F2P61'","MBS","UMBS MORTPASS 2.5% 05/31","15yr",,,,,"1334374.13",,,,,,""
"2021-04-21","'3138YF2R4'","MBS","UMBS MORTPASS 3% 02/45","30yr",,,,,"1334307.78",,,,,,""
"2021-04-21","'3140JNWN6'","MBS","UMBS MORTPASS 4% 05/49","30yr",,,,,"1334169.23",,,,,,""
"2021-04-21","'3140F9AB1'","MBS","UMBS MORTPASS 2.5% 07/31","15yr",,,,,"1334083.51",,,,,,""
"2021-04-21","'3138M9EF4'","MBS","UMBS MORTPASS 2.5% 09/27","15yr",,,,,"1333480.7",,,,,,""
"2021-04-21","'3133AEZ80'","MBS","UMBS MORTPASS 2.5% 12/50","30yr",,,,,"1333141.62",,,,,,""
"2021-04-21","'3140GSVT6'","MBS","UMBS MORTPASS 3.5% 03/48","30yr",,,,,"1332678.52",,,,,,""
"2021-04-21","'3138XEEC8'","MBS","UMBS MORTPASS 3.5% 11/28","15yr",,,,,"1332670.22",,,,,,""
"2021-04-21","'3138WFAJ5'","MBS","UMBS MORTPASS 2.5% 07/30","15yr",,,,,"1332601.31",,,,,,""
"2021-04-21","'3138EKAS4'","MBS","UMBS MORTPASS 2% 12/27","15yr",,,,,"1331708.15",,,,,,""
"2021-04-21","'3128MJU73'","MBS","FHLMCGLD 3.5% 09/44","30yr",,,,,"1331208.97",,,,,,""
"2021-04-21","'3140QFVP1'","MBS","UMBS MORTPASS 2.5% 05/50","30yr",,,,,"1331135.95",,,,,,""
"2021-04-21","'3132KE2C8'","MBS","FHLMCGLD 3% 02/30","15yr",,,,,"1330775.63",,,,,,""
"2021-04-21","'3133A3KK3'","MBS","UMBS MORTPASS 2.5% 03/50","30yr",,,,,"1330461.13",,,,,,""
"2021-04-21","'3138WQKK7'","MBS","UMBS MORTPASS 3% 04/43","30yr",,,,,"1329920.08",,,,,,""
"2021-04-21","'3138MKR99'","MBS","UMBS MORTPASS 2.5% 09/28","15yr",,,,,"1329697.49",,,,,,""
"2021-04-21","'31418CNY6'","MBS","UMBS MORTPASS 3% 08/47","30yr",,,,,"1329549.89",,,,,,""
"2021-04-21","'31307QNW3'","MBS","FHLMCGLD 2.5% 03/31","15yr",,,,,"1329060.79",,,,,,""
"2021-04-21","'3138WWXT1'","MBS","UMBS MORTPASS 3% 06/28","15yr",,,,,"1328080.75",,,,,,""
"2021-04-21","'3138EKE50'","MBS","UMBS MORTPASS 2.5% 01/23","Other",,,,,"1327851.78",,,,,,""
"2021-04-21","'3140JSDM8'","MBS","UMBS MORTPASS 1.5% 02/51","30yr",,,,,"1327839",,,,,,""
"2021-04-21","'31307RXD2'","MBS","FHLMCGLD 2.5% 09/31","15yr",,,,,"1327820.41",,,,,,""
"2021-04-21","'3132A5G82'","MBS","UMBS MORTPASS 4% 06/47","30yr",,,,,"1326834.45",,,,,,""
"2021-04-21","'31307UWX2'","MBS","FHLMCGLD 2.5% 10/32","15yr",,,,,"1325957.24",,,,,,""
"2021-04-21","'3131X8W51'","MBS","UMBS MORTPASS 2% 03/28","15yr",,,,,"1325901.83",,,,,,""
"2021-04-21","'3140JVPG1'","MBS","UMBS MORTPASS 3% 08/49","30yr",,,,,"1325813.84",,,,,,""
"2021-04-21","'3132A7UN9'","MBS","UMBS MORTPASS 2.5% 02/24","Other",,,,,"1325278.04",,,,,,""
"2021-04-21","'3140JLR30'","MBS","UMBS MORTPASS 2.5% 12/50","30yr",,,,,"1325129.98",,,,,,""
"2021-04-21","'3138MFBD8'","MBS","UMBS MORTPASS 3% 10/27","15yr",,,,,"1324500.82",,,,,,""
"2021-04-21","'3138X04F2'","MBS","UMBS MORTPASS 3.5% 07/43","30yr",,,,,"1324319.19",,,,,,""
"2021-04-21","'3131XAVJ7'","MBS","UMBS MORTPASS 3% 10/24","Other",,,,,"1323476.29",,,,,,""
"2021-04-21","'31413RLC8'","MBS","UMBS MORTPASS 3.5% 06/39","30yr",,,,,"1323287.7",,,,,,""
"2021-04-21","'3140JGTJ4'","MBS","UMBS MORTPASS 3% 10/33","15yr",,,,,"1323247.25",,,,,,""
"2021-04-21","'3138LYRN9'","MBS","UMBS MORTPASS 3.5% 07/42","30yr",,,,,"1322732.84",,,,,,""
"2021-04-21","'3140HGAG2'","MBS","UMBS MORTPASS 3% 05/50","30yr",,,,,"1322685.82",,,,,,""
"2021-04-21","'3132CWCE2'","MBS","UMBS MORTPASS 3% 09/34","15yr",,,,,"1322584.29",,,,,,""
"2021-04-21","'3138XEHA9'","MBS","UMBS MORTPASS 3% 12/28","15yr",,,,,"1321989.93",,,,,,""
"2021-04-21","'3133AGV22'","MBS","UMBS MORTPASS 1.5% 01/51","30yr",,,,,"1321480",,,,,,""
"2021-04-21","'3138YJJP2'","MBS","UMBS MORTPASS 3% 02/30","15yr",,,,,"1321318.7",,,,,,""
"2021-04-21","'3138XHUA7'","MBS","UMBS MORTPASS 4% 12/43","30yr",,,,,"1321188.79",,,,,,""
"2021-04-21","'3138MNSV3'","MBS","UMBS MORTPASS 2.5% 12/27","15yr",,,,,"1320895.21",,,,,,""
"2021-04-21","'3140HNS45'","MBS","UMBS MORTPASS 1.5% 11/50","30yr",,,,,"1320769.2",,,,,,""
"2021-04-21","'3138YMPC7'","MBS","UMBS MORTPASS 3% 04/45","30yr",,,,,"1320554.97",,,,,,""
"2021-04-21","'31307GUP2'","MBS","FHLMCGLD 3% 03/29","15yr",,,,,"1320198.9",,,,,,""
"2021-04-21","'312944M32'","MBS","FHLMCGLD 3.5% 12/40","30yr",,,,,"1320093.79",,,,,,""
"2021-04-21","'31329QJJ1'","MBS","UMBS MORTPASS 3.5% 04/39","Other",,,,,"1319618.89",,,,,,""
"2021-04-21","'3133AB3F5'","MBS","UMBS MORTPASS 2% 11/50","30yr",,,,,"1319600.72",,,,,,""
"2021-04-21","'31334XEX3'","MBS","UMBS MORTPASS 4.5% 07/49","30yr",,,,,"1318268.14",,,,,,""
"2021-04-21","'3140JQUH4'","MBS","UMBS MORTPASS 3.5% 05/49","30yr",,,,,"1317198.94",,,,,,""
"2021-04-21","'3133A46D3'","MBS","UMBS MORTPASS 3% 05/50","30yr",,,,,"1316613.07",,,,,,""
"2021-04-21","'3132HRHM5'","MBS","FHLMCGLD 3% 01/43","30yr",,,,,"1315795.15",,,,,,""
"2021-04-21","'3138YTMF8'","MBS","UMBS MORTPASS 3% 07/45","30yr",,,,,"1315653.45",,,,,,""
"2021-04-21","'3140F87J0'","MBS","UMBS MORTPASS 2.5% 07/31","15yr",,,,,"1315556.44",,,,,,""
"2021-04-21","'3140KTY82'","MBS","UMBS MORTPASS 2.5% 11/50","30yr",,,,,"1315118.8",,,,,,""
"2021-04-21","'31417YF51'","MBS","UMBS MORTPASS 6% 09/39","30yr",,,,,"1314915.41",,,,,,""
"2021-04-21","'31307U4Y1'","MBS","FHLMCGLD 3% 12/32","15yr",,,,,"1314889.94",,,,,,""
"2021-04-21","'3132A8JC4'","MBS","UMBS MORTPASS 2.5% 06/28","15yr",,,,,"1314686.17",,,,,,""
"2021-04-21","'3140HGGN1'","MBS","UMBS MORTPASS 2.5% 08/45","30yr",,,,,"1314541.73",,,,,,""
"2021-04-21","'3140H5MT5'","MBS","UMBS MORTPASS 3% 01/33","15yr",,,,,"1314316.23",,,,,,""
"2021-04-21","'3140KRFF1'","MBS","UMBS MORTPASS 2% 10/50","30yr",,,,,"1314136.08",,,,,,""
"2021-04-21","'31307SE66'","MBS","FHLMCGLD 2.5% 10/31","15yr",,,,,"1313791.35",,,,,,""
"2021-04-21","'3128M8QP2'","MBS","FHLMCGLD 6.5% 12/38","30yr",,,,,"1313599.82",,,,,,"Y"
"2021-04-21","'3140JUS39'","MBS","UMBS MORTPASS 4.5% 05/49","30yr",,,,,"1312145.13",,,,,,""
"2021-04-21","'3140L32P5'","MBS","UMBS MORTPASS 2% 03/51","30yr",,,,,"1312040.41",,,,,,""
"2021-04-21","'3140KBNM2'","MBS","UMBS MORTPASS 2% 06/35","15yr",,,,,"1310868.82",,,,,,""
"2021-04-21","'3138E2NP6'","MBS","UMBS MORTPASS 3% 12/26","15yr",,,,,"1310493.31",,,,,,""
"2021-04-21","'3138X0ZX9'","MBS","UMBS MORTPASS 2.5% 07/28","15yr",,,,,"1309951.58",,,,,,""
"2021-04-21","'3140E1RR6'","MBS","UMBS MORTPASS 2.5% 08/30","15yr",,,,,"1309511.58",,,,,,""
"2021-04-21","'3131X8ZT6'","MBS","UMBS MORTPASS 2.5% 04/28","15yr",,,,,"1309470.61",,,,,,""
"2021-04-21","'31417DHT3'","MBS","UMBS MORTPASS 2% 10/22","Other",,,,,"1309293.87",,,,,,""
"2021-04-21","'3128PW5E4'","MBS","FHLMCGLD 3% 11/26","15yr",,,,,"1309128.31",,,,,,""
"2021-04-21","'3138M6YL5'","MBS","UMBS MORTPASS 2.5% 08/27","15yr",,,,,"1309027.79",,,,,,""
"2021-04-21","'3140K17D2'","MBS","UMBS MORTPASS 4.5% 01/50","30yr",,,,,"1308600.86",,,,,,""
"2021-04-21","'3140X5ZE6'","MBS","UMBS MORTPASS 2% 10/30","15yr",,,,,"1308339.19",,,,,,""
"2021-04-21","'36202FLP9'","MBS","GNMA II 4.5% 10/40","30yr",,,,,"1307947.2",,,,,,""
"2021-04-21","'3138MLU77'","MBS","UMBS MORTPASS 2% 11/27","15yr",,,,,"1307279.54",,,,,,""
"2021-04-21","'3140HFLA5'","MBS","UMBS MORTPASS 3% 01/50","30yr",,,,,"1306592.51",,,,,,""
"2021-04-21","'31307VF68'","MBS","FHLMCGLD 3% 01/33","15yr",,,,,"1306469.02",,,,,,""
"2021-04-21","'3128MMSG9'","MBS","FHLMCGLD 3% 07/29","15yr",,,,,"1306314.75",,,,,,""
"2021-04-21","'3132A8MH9'","MBS","UMBS MORTPASS 2.5% 10/28","15yr",,,,,"1305747.43",,,,,,""
"2021-04-21","'3140F2MR8'","MBS","UMBS MORTPASS 2.5% 04/31","15yr",,,,,"1305639.23",,,,,,""
"2021-04-21","'3138Y5DW3'","MBS","UMBS MORTPASS 3.5% 05/27","15yr",,,,,"1304810.14",,,,,,""
"2021-04-21","'3133AGLP2'","MBS","UMBS MORTPASS 1.5% 02/51","30yr",,,,,"1304267.24",,,,,,""
"2021-04-21","'3140JHJS3'","MBS","UMBS MORTPASS 4.5% 11/48","30yr",,,,,"1303537.75",,,,,,""
"2021-04-21","'3133GBBT0'","MBS","UMBS MORTPASS 1.5% 11/35","15yr",,,,,"1303499.33",,,,,,""
"2021-04-21","'3133A1JG8'","MBS","UMBS 3.0%","30yr",,,,,"1302478.37",,,,,,""
"2021-04-21","'3140HJSL6'","MBS","UMBS MORTPASS 3% 06/33","15yr",,,,,"1302283.31",,,,,,""
"2021-04-21","'31307U4G0'","MBS","FHLMCGLD 3.5% 11/32","15yr",,,,,"1302080.52",,,,,,""
"2021-04-21","'3140JKZE9'","MBS","UMBS MORTPASS 4% 01/49","30yr",,,,,"1301754.37",,,,,,""
"2021-04-21","'3138X2U85'","MBS","UMBS MORTPASS 3% 09/28","15yr",,,,,"1301341.86",,,,,,""
"2021-04-21","'3132MAQF1'","MBS","FHLMCGLD 3.5% 11/44","30yr",,,,,"1301230.87",,,,,,""
"2021-04-21","'3132A7L33'","MBS","UMBS MORTPASS 2% 02/23","Other",,,,,"1301013",,,,,,""
"2021-04-21","'3140K9RP6'","MBS","UMBS MORTPASS 3% 02/50","30yr",,,,,"1300879.58",,,,,,""
"2021-04-21","'3133GBTS3'","MBS","UMBS MORTPASS 1.5% 01/36","15yr",,,,,"1300809.42",,,,,,""
"2021-04-21","'31410LT85'","MBS","UMBS MORTPASS 2.5% 11/26","Other",,,,,"1300621.98",,,,,,""
"2021-04-21","'3140K7GR8'","MBS","UMBS MORTPASS 2.5% 01/50","30yr",,,,,"1300333.49",,,,,,""
"2021-04-21","'3140KACR5'","MBS","UMBS MORTPASS 2.5% 05/30","Other",,,,,"1299833.04",,,,,,""
"2021-04-21","'3140K05T1'","MBS","UMBS MORTPASS 3% 12/49","30yr",,,,,"1298690.98",,,,,,""
"2021-04-21","'3133HMBQ1'","MBS","UMBS MORTPASS 2.5% 12/29","Other",,,,,"1297685.03",,,,,,""
"2021-04-21","'3131X8BY1'","MBS","UMBS MORTPASS 2.5% 10/27","15yr",,,,,"1297537.63",,,,,,""
"2021-04-21","'36230SLF9'","MBS","GNMA I 3.5% 06/42","30yr",,,,,"1297444.99",,,,,,""
"2021-04-21","'3140HJ5G2'","MBS","UMBS MORTPASS 4% 07/48","30yr",,,,,"1297078.39",,,,,,""
"2021-04-21","'3131Y1HC7'","MBS","UMBS MORTPASS 3.5% 05/48","30yr",,,,,"1296650.95",,,,,,""
"2021-04-21","'3138AXCN9'","MBS","UMBS MORTPASS 3% 11/26","15yr",,,,,"1296650.66",,,,,,""
"2021-04-21","'3138ELLH4'","MBS","UMBS MORTPASS 2.5% 08/23","Other",,,,,"1296620.15",,,,,,""
"2021-04-21","'3140HMCR3'","MBS","UMBS MORTPASS 3% 12/33","15yr",,,,,"1296262.09",,,,,,""
"2021-04-21","'3133A1DG4'","MBS","UMBS MORTPASS 4.5% 12/49","30yr",,,,,"1294879.78",,,,,,""
"2021-04-21","'31339UTH3'","MBS","UMBS MORTPASS 3% 10/44","30yr",,,,,"1294874.64",,,,,,""
"2021-04-21","'36295R4J4'","MBS","GNMA I 4.5% 03/39","30yr",,,,,"1294868.87",,,,,,""
"2021-04-21","'3133AEAT1'","MBS","UMBS MORTPASS 2% 11/50","30yr",,,,,"1294022",,,,,,""
"2021-04-21","'31307TRY9'","MBS","FHLMCGLD 3.5% 04/32","15yr",,,,,"1293736.11",,,,,,""
"2021-04-21","'3132A9MX2'","MBS","UMBS MORTPASS 2.5% 11/27","15yr",,,,,"1293366.23",,,,,,""
"2021-04-21","'3133A34Y1'","MBS","UMBS MORTPASS 2.5% 04/50","30yr",,,,,"1293293.11",,,,,,""
"2021-04-21","'3132AEEL6'","MBS","UMBS MORTPASS 3.5% 05/39","Other",,,,,"1293203.65",,,,,,""
"2021-04-21","'3133A22D1'","MBS","UMBS MORTPASS 3.5% 03/50","30yr",,,,,"1293158.25",,,,,,""
"2021-04-21","'3140JXF60'","MBS","UMBS MORTPASS 4% 11/49","30yr",,,,,"1293037.46",,,,,,""
"2021-04-21","'3133AE2C7'","MBS","UMBS MORTPASS 2% 12/50","30yr",,,,,"1292870.08",,,,,,""
"2021-04-21","'3138W95C0'","MBS","UMBS MORTPASS 2.5% 10/23","Other",,,,,"1292708.69",,,,,,""
"2021-04-21","'3140K2VN1'","MBS","UMBS MORTPASS 3% 10/34","15yr",,,,,"1292367.49",,,,,,""
"2021-04-21","'3132A8A58'","MBS","UMBS MORTPASS 2.5% 08/25","Other",,,,,"1292320.76",,,,,,""
"2021-04-21","'3138WFX27'","MBS","UMBS MORTPASS 3% 10/30","15yr",,,,,"1292036.95",,,,,,""
"2021-04-21","'3133GCED0'","MBS","UMBS MORTPASS 1.5% 03/36","15yr",,,,,"1291351",,,,,,""
"2021-04-21","'3132A9P35'","MBS","UMBS MORTPASS 2.5% 10/29","15yr",,,,,"1290930.1",,,,,,""
"2021-04-21","'3140HD4A9'","MBS","UMBS MORTPASS 4% 05/48","30yr",,,,,"1290905.1",,,,,,""
"2021-04-21","'3131YDCD4'","MBS","UMBS MORTPASS 2.5% 06/34","15yr",,,,,"1289965.14",,,,,,""
"2021-04-21","'3138WEQK8'","MBS","UMBS MORTPASS 3% 05/30","15yr",,,,,"1289033.84",,,,,,""
"2021-04-21","'3133AEXK5'","MBS","UMBS MORTPASS 2.5% 01/51","30yr",,,,,"1288978.84",,,,,,""
"2021-04-21","'3140QASQ4'","MBS","UMBS MORTPASS 4.5% 03/49","30yr",,,,,"1288512.61",,,,,,""
"2021-04-21","'3131X7M70'","MBS","UMBS MORTPASS 3% 03/27","15yr",,,,,"1288178.8",,,,,,""
"2021-04-21","'3133AFLC3'","MBS","UMBS MORTPASS 2% 01/51","30yr",,,,,"1288051.54",,,,,,""
"2021-04-21","'3138LRMG4'","MBS","UMBS MORTPASS 3% 09/42","30yr",,,,,"1287600.93",,,,,,""
"2021-04-21","'3140KHHT1'","MBS","UMBS MORTPASS 2.5% 07/50","30yr",,,,,"1287591.81",,,,,,""
"2021-04-21","'3131Y3S31'","MBS","UMBS MORTPASS 4% 10/48","30yr",,,,,"1287403.93",,,,,,""
"2021-04-21","'3132M4LW3'","MBS","FHLMCGLD 3.5% 01/44","30yr",,,,,"1287384.21",,,,,,""
"2021-04-21","'3132A7WJ6'","MBS","UMBS MORTPASS 2.5% 01/28","15yr",,,,,"1286575.41",,,,,,""
"2021-04-21","'3138MBRD0'","MBS","UMBS MORTPASS 2.5% 09/42","30yr",,,,,"1286559.68",,,,,,""
"2021-04-21","'3138XBV27'","MBS","UMBS MORTPASS 3% 11/28","15yr",,,,,"1285412.75",,,,,,""
"2021-04-21","'3140E2XG1'","MBS","UMBS MORTPASS 3% 10/30","15yr",,,,,"1284535.83",,,,,,""
"2021-04-21","'3138AXWR8'","MBS","UMBS MORTPASS 3% 12/26","15yr",,,,,"1284532.17",,,,,,""
"2021-04-21","'3138XKWX8'","MBS","UMBS MORTPASS 4% 01/44","30yr",,,,,"1284265.67",,,,,,""
"2021-04-21","'3138X2U51'","MBS","UMBS MORTPASS 3% 08/28","15yr",,,,,"1284222.6",,,,,,""
"2021-04-21","'3620AEVN7'","MBS","GNMA I 3.5% 11/40","30yr",,,,,"1282982.6",,,,,,""
"2021-04-21","'31307WB94'","MBS","FHLMCGLD 3.5% 05/33","15yr",,,,,"1282962.64",,,,,,""
"2021-04-21","'3133A4HX7'","MBS","UMBS MORTPASS 3% 05/50","30yr",,,,,"1282334.96",,,,,,""
"2021-04-21","'3138MPCZ6'","MBS","UMBS MORTPASS 2.5% 12/27","15yr",,,,,"1281881.48",,,,,,""
"2021-04-21","'3138XK4H4'","MBS","UMBS MORTPASS 3% 02/29","15yr",,,,,"1281837.21",,,,,,""
"2021-04-21","'3138WRQT0'","MBS","UMBS MORTPASS 2.5% 04/28","15yr",,,,,"1281012.37",,,,,,""
"2021-04-21","'31346YNK5'","MBS","UMBS MORTPASS 2.5% 10/49","30yr",,,,,"1280625.23",,,,,,""
"2021-04-21","'3138W9DL1'","MBS","UMBS MORTPASS 3% 08/28","15yr",,,,,"1279912.71",,,,,,""
"2021-04-21","'3140K3XT4'","MBS","UMBS MORTPASS 3% 11/49","30yr",,,,,"1279768.05",,,,,,""
"2021-04-21","'36202FEG7'","MBS","GNMA II MORTPASS 4% 02/40","30yr",,,,,"1279642.95",,,,,,""
"2021-04-21","'3138EHTA0'","MBS","UMBS MORTPASS 3% 02/27","15yr",,,,,"1279579.65",,,,,,""
"2021-04-21","'3133KHY34'","MBS","UMBS MORTPASS 2.5% 05/50","30yr",,,,,"1279216.54",,,,,,""
"2021-04-21","'3138WTBB1'","MBS","UMBS MORTPASS 3% 06/28","15yr",,,,,"1278869.54",,,,,,""
"2021-04-21","'3138LQUU6'","MBS","UMBS MORTPASS 2.5% 10/27","15yr",,,,,"1278794.57",,,,,,""
"2021-04-21","'3133KG3M8'","MBS","UMBS MORTPASS 2.5% 10/49","30yr",,,,,"1278590.85",,,,,,""
"2021-04-21","'3140H7KU0'","MBS","UMBS MORTPASS 3.5% 03/33","15yr",,,,,"1278151.09",,,,,,""
"2021-04-21","'31339SP90'","MBS","UMBS MORTPASS 4% 08/49","30yr",,,,,"1277919.6",,,,,,""
"2021-04-21","'3132A7H53'","MBS","UMBS MORTPASS 3% 08/27","15yr",,,,,"1277908.56",,,,,,""
"2021-04-21","'3132A7WQ0'","MBS","UMBS MORTPASS 2.5% 09/28","15yr",,,,,"1277682.29",,,,,,""
"2021-04-21","'3138AXDY4'","MBS","UMBS MORTPASS 3% 11/26","15yr",,,,,"1277351.51",,,,,,""
"2021-04-21","'3133A0JU9'","MBS","UMBS MORTPASS 3% 11/49","30yr",,,,,"1276979.27",,,,,,""
"2021-04-21","'3138MLCW2'","MBS","UMBS MORTPASS 2.5% 12/27","15yr",,,,,"1276977.1",,,,,,""
"2021-04-21","'36297JXW9'","MBS","GNMA I MORTPASS 4% 07/39","30yr",,,,,"1275975.38",,,,,,""
"2021-04-21","'3140KYVF8'","MBS","UMBS MORTPASS 1.5% 01/51","30yr",,,,,"1275573.65",,,,,,""
"2021-04-21","'3140L1SG1'","MBS","UMBS MORTPASS 2.5% 01/51","30yr",,,,,"1275330.88",,,,,,""
"2021-04-21","'31307MZB5'","MBS","FHLMCGLD 2.5% 05/30","15yr",,,,,"1274541.99",,,,,,""
"2021-04-21","'3140K3BL5'","MBS","UMBS MORTPASS 3% 01/50","30yr",,,,,"1274467.93",,,,,,""
"2021-04-21","'3131X8KJ4'","MBS","UMBS MORTPASS 2.5% 12/27","15yr",,,,,"1273785.29",,,,,,""
"2021-04-21","'3140JPA54'","MBS","UMBS MORTPASS 2.5% 07/34","15yr",,,,,"1273392.28",,,,,,""
"2021-04-21","'3140E6HR6'","MBS","UMBS MORTPASS 3.5% 03/46","30yr",,,,,"1273380.35",,,,,,""
"2021-04-21","'3131YBTL2'","MBS","UMBS MORTPASS 3% 04/49","30yr",,,,,"1273303.66",,,,,,""
"2021-04-21","'3128MMSS3'","MBS","FHLMCGLD 3.5% 10/29","15yr",,,,,"1272791.96",,,,,,""
"2021-04-21","'31416QFE0'","MBS","UMBS MORTPASS 3% 11/26","15yr",,,,,"1272325.64",,,,,,""
"2021-04-21","'3140KRJS9'","MBS","UMBS MORTPASS 2% 11/35","15yr",,,,,"1272145.84",,,,,,""
"2021-04-21","'3138AVRH0'","MBS","UMBS MORTPASS 3% 10/26","15yr",,,,,"1271966.5",,,,,,""
"2021-04-21","'3138YTHF4'","MBS","UMBS MORTPASS 3% 05/30","15yr",,,,,"1271830.89",,,,,,""
"2021-04-21","'31410LPF3'","MBS","UMBS MORTPASS 2% 07/29","15yr",,,,,"1271632.67",,,,,,""
"2021-04-21","'3131Y9ES8'","MBS","UMBS MORTPASS 3.5% 01/49","30yr",,,,,"1271454.82",,,,,,""
"2021-04-21","'36178GQ49'","MBS","GNMA I MORTPASS 3% 09/42","30yr",,,,,"1271330.49",,,,,,""
"2021-04-21","'3140L0VT1'","MBS","UMBS MORTPASS 1.5% 01/51","30yr",,,,,"1271323.11",,,,,,""
"2021-04-21","'3140K0P51'","MBS","UMBS MORTPASS 3% 09/49","30yr",,,,,"1271227.4",,,,,,""
"2021-04-21","'36294UWQ1'","MBS","GNMA I MORTPASS 3% 09/42","30yr",,,,,"1270044.9",,,,,,""
"2021-04-21","'3132A77M7'","MBS","UMBS MORTPASS 2% 07/25","Other",,,,,"1269737.97",,,,,,""
"2021-04-21","'3140KC3P5'","MBS","UMBS MORTPASS 3% 04/50","30yr",,,,,"1269036.64",,,,,,""
"2021-04-21","'31307GJ34'","MBS","FHLMCGLD 3% 02/29","15yr",,,,,"1268936.56",,,,,,""
"2021-04-21","'3140JSDC0'","MBS","UMBS MORTPASS 1.5% 03/36","15yr",,,,,"1268747.99",,,,,,""
"2021-04-21","'3133GAKG0'","MBS","UMBS MORTPASS 2% 10/35","15yr",,,,,"1268060.46",,,,,,""
"2021-04-21","'31418BM29'","MBS","UMBS MORTPASS 3% 02/35","Other",,,,,"1268059.83",,,,,,""
"2021-04-21","'3138MHFW8'","MBS","UMBS MORTPASS 2.5% 11/27","15yr",,,,,"1267850.88",,,,,,""
"2021-04-21","'3133AGLR8'","MBS","UMBS MORTPASS 1.5% 03/51","30yr",,,,,"1267490.75",,,,,,""
"2021-04-21","'3140Q9JB0'","MBS","UMBS MORTPASS 4.5% 07/48","30yr",,,,,"1266760.87",,,,,,""
"2021-04-21","'3140HKUZ9'","MBS","UMBS MORTPASS 3.5% 06/33","15yr",,,,,"1265849.14",,,,,,""
"2021-04-21","'31346YA78'","MBS","UMBS MORTPASS 3% 10/49","30yr",,,,,"1265097.61",,,,,,""
"2021-04-21","'3138WF6M3'","MBS","UMBS MORTPASS 3% 12/30","15yr",,,,,"1264028.51",,,,,,""
"2021-04-21","'3132DV5M3'","MBS","UMBS MORTPASS 4% 03/50","30yr",,,,,"1263961.9",,,,,,""
"2021-04-21","'3140KCV82'","MBS","UMBS MORTPASS 2% 01/51","30yr",,,,,"1263947.4",,,,,,""
"2021-04-21","'31339SLE3'","MBS","UMBS MORTPASS 2.5% 09/49","30yr",,,,,"1263584.71",,,,,,""
"2021-04-21","'36177UY73'","MBS","GNMA I 3.5% 10/42","30yr",,,,,"1263362.64",,,,,,""
"2021-04-21","'3140GPTJ7'","MBS","UMBS MORTPASS 3% 04/32","15yr",,,,,"1263039.5",,,,,,""
"2021-04-21","'3138YLZJ3'","MBS","UMBS MORTPASS 3% 04/30","15yr",,,,,"1262546.96",,,,,,""
"2021-04-21","'3140Q9F65'","MBS","UMBS MORTPASS 4.5% 07/48","30yr",,,,,"1262241.32",,,,,,""
"2021-04-21","'31418DEF5'","MBS","UMBS MORTPASS 2.5% 06/49","30yr",,,,,"1262049.64",,,,,,""
"2021-04-21","'3132DMHH1'","MBS","UMBS MORTPASS 3% 01/50","30yr",,,,,"1261551.61",,,,,,""
"2021-04-21","'3140K8H87'","MBS","UMBS MORTPASS 2.5% 01/35","15yr",,,,,"1261503.13",,,,,,""
"2021-04-21","'3133D3DR3'","MBS","UMBS MORTPASS 3% 11/39","Other",,,,,"1260741.2",,,,,,""
"2021-04-21","'3140KCV66'","MBS","UMBS MORTPASS 2.5% 09/50","30yr",,,,,"1260655.85",,,,,,""
"2021-04-21","'31307J3X9'","MBS","FHLMCGLD 3.5% 11/29","15yr",,,,,"1259957.24",,,,,,""
"2021-04-21","'31307SXW8'","MBS","FHLMCGLD 3% 01/32","15yr",,,,,"1259945.73",,,,,,""
"2021-04-21","'3131XDPJ8'","MBS","UMBS MORTPASS 3.5% 05/28","Other",,,,,"1259506.36",,,,,,""
"2021-04-21","'3132A9RW9'","MBS","UMBS MORTPASS 2.5% 03/31","15yr",,,,,"1259424.32",,,,,,""
"2021-04-21","'3133AJDN0'","MBS","UMBS MORTPASS 1.5% 03/51","30yr",,,,,"1258556.25",,,,,,""
"2021-04-21","'3140JVDG4'","MBS","UMBS MORTPASS 4.5% 07/49","30yr",,,,,"1258513.63",,,,,,""
"2021-04-21","'3138WSBJ6'","MBS","UMBS MORTPASS 3.5% 07/43","30yr",,,,,"1258463.15",,,,,,""
"2021-04-21","'3140H8W68'","MBS","UMBS MORTPASS 4% 06/48","30yr",,,,,"1258040.89",,,,,,""
"2021-04-21","'3133KLB30'","MBS","UMBS MORTPASS 2% 02/51","30yr",,,,,"1257997.74",,,,,,""
"2021-04-21","'31416XWJ5'","MBS","UMBS MORTPASS 3.5% 03/26","15yr",,,,,"1257651.72",,,,,,""
"2021-04-21","'31307RUZ6'","MBS","FHLMCGLD 2.5% 09/31","15yr",,,,,"1257608.99",,,,,,""
"2021-04-21","'36178GQ31'","MBS","GNMA I MORTPASS 3% 09/42","30yr",,,,,"1257011.16",,,,,,""
"2021-04-21","'3140H76A0'","MBS","UMBS MORTPASS 4% 07/49","30yr",,,,,"1256403.06",,,,,,""
"2021-04-21","'31307TM32'","MBS","FHLMCGLD 3.5% 04/32","15yr",,,,,"1256288.2",,,,,,""
"2021-04-21","'3138X2WM2'","MBS","UMBS MORTPASS 2.5% 08/28","15yr",,,,,"1256223.43",,,,,,""
"2021-04-21","'31329KVT8'","MBS","UMBS MORTPASS 2.5% 07/36","Other",,,,,"1256151.01",,,,,,""
"2021-04-21","'31329LE24'","MBS","UMBS MORTPASS 3% 08/27","15yr",,,,,"1255915.51",,,,,,""
"2021-04-21","'31346YTU7'","MBS","UMBS MORTPASS 2.5% 10/49","30yr",,,,,"1255359.7",,,,,,""
"2021-04-21","'3131YCWN2'","MBS","UMBS MORTPASS 4% 05/49","30yr",,,,,"1255235.49",,,,,,""
"2021-04-21","'31307R5K7'","MBS","FHLMCGLD 2.5% 09/31","15yr",,,,,"1255210.65",,,,,,""
"2021-04-21","'3138EJWW4'","MBS","UMBS MORTPASS 2.5% 10/27","15yr",,,,,"1255086.08",,,,,,""
"2021-04-21","'3140HM5K6'","MBS","UMBS MORTPASS 4.5% 07/48","30yr",,,,,"1255042.63",,,,,,""
"2021-04-21","'3133A4FD3'","MBS","UMBS MORTPASS 2% 04/50","30yr",,,,,"1254058.54",,,,,,""
"2021-04-21","'3140HJRA1'","MBS","UMBS MORTPASS 3.5% 06/48","30yr",,,,,"1253563.96",,,,,,""
"2021-04-21","'3133KGG44'","MBS","UMBS MORTPASS 3.5% 07/49","30yr",,,,,"1253493.09",,,,,,""
"2021-04-21","'3128E5WT2'","MBS","FHLMCGLD 4% 08/31","Other",,,,,"1253482.17",,,,,,""
"2021-04-21","'3140X8P43'","MBS","UMBS MORTPASS 2% 11/50","30yr",,,,,"1253438.45",,,,,,""
"2021-04-21","'31417BSL2'","MBS","UMBS MORTPASS 2.5% 03/42","30yr",,,,,"1253420.56",,,,,,""
"2021-04-21","'3140K3PD8'","MBS","UMBS MORTPASS 3% 02/50","30yr",,,,,"1253247.94",,,,,,""
"2021-04-21","'3138X77E7'","MBS","UMBS MORTPASS 3% 09/28","15yr",,,,,"1252857.05",,,,,,""
"2021-04-21","'3138M6YJ0'","MBS","UMBS MORTPASS 2.5% 08/27","15yr",,,,,"1252454.09",,,,,,""
"2021-04-21","'3140X6XW6'","MBS","UMBS MORTPASS 4.5% 02/50","30yr",,,,,"1252247.08",,,,,,""
"2021-04-21","'3140JYNQ5'","MBS","UMBS MORTPASS 3.5% 08/49","30yr",,,,,"1251517.28",,,,,,""
"2021-04-21","'3140L6TD6'","MBS","UMBS MORTPASS 2% 02/51","30yr",,,,,"1251000.37",,,,,,""
"2021-04-21","'3131X7E95'","MBS","UMBS MORTPASS 3% 12/26","15yr",,,,,"1249804.49",,,,,,""
"2021-04-21","'3140QBHW1'","MBS","UMBS MORTPASS 4.5% 07/49","30yr",,,,,"1249585.87",,,,,,""
"2021-04-21","'3138WJEZ7'","MBS","UMBS MORTPASS 2% 11/31","15yr",,,,,"1249246.81",,,,,,""
"2021-04-21","'3133KHC53'","MBS","UMBS MORTPASS 3% 12/49","30yr",,,,,"1248746.62",,,,,,""
"2021-04-21","'36177TM20'","MBS","GNMA I MORTPASS 3% 10/42","30yr",,,,,"1248730.47",,,,,,""
"2021-04-21","'3138WQPD8'","MBS","UMBS MORTPASS 2.5% 04/28","15yr",,,,,"1248494.56",,,,,,""
"2021-04-21","'3138WFLJ3'","MBS","UMBS MORTPASS 3% 09/30","15yr",,,,,"1248061.72",,,,,,""
"2021-04-21","'3138XWMP0'","MBS","UMBS MORTPASS 3% 07/29","15yr",,,,,"1248058.28",,,,,,""
"2021-04-21","'3140K5HL4'","MBS","UMBS MORTPASS 3% 12/49","30yr",,,,,"1247901.51",,,,,,""
"2021-04-21","'3138MDTV4'","MBS","UMBS MORTPASS 2.5% 10/27","15yr",,,,,"1247535.28",,,,,,""
"2021-04-21","'3140KCV74'","MBS","UMBS MORTPASS 2% 11/50","30yr",,,,,"1247464",,,,,,""
"2021-04-21","'3140KUFP2'","MBS","UMBS MORTPASS 1.5% 11/50","30yr",,,,,"1247457.85",,,,,,""
"2021-04-21","'3138WJM96'","MBS","UMBS MORTPASS 3% 12/46","30yr",,,,,"1247090.58",,,,,,""
"2021-04-21","'3138MHNB5'","MBS","UMBS MORTPASS 3.5% 11/42","30yr",,,,,"1246471.6",,,,,,""
"2021-04-21","'3138LU2H7'","MBS","UMBS MORTPASS 2.5% 07/27","15yr",,,,,"1246062.03",,,,,,""
"2021-04-21","'3140H3CU8'","MBS","UMBS MORTPASS 3.5% 10/47","30yr",,,,,"1245502.44",,,,,,""
"2021-04-21","'3132L5L76'","MBS","FHLMCGLD 4% 08/43","30yr",,,,,"1245338.08",,,,,,""
"2021-04-21","'3140JXKP2'","MBS","UMBS MORTPASS 3.5% 09/49","30yr",,,,,"1245018.75",,,,,,""
"2021-04-21","'3140KUMS8'","MBS","UMBS MORTPASS 2% 11/35","15yr",,,,,"1244690.45",,,,,,""
"2021-04-21","'3131YAXQ8'","MBS","UMBS MORTPASS 3% 03/49","30yr",,,,,"1244605.24",,,,,,""
"2021-04-21","'3138XB7K4'","MBS","UMBS MORTPASS 3% 11/28","15yr",,,,,"1243484.02",,,,,,""
"2021-04-21","'3140K4K66'","MBS","UMBS MORTPASS 2.5% 02/35","15yr",,,,,"1243321.67",,,,,,""
"2021-04-21","'3140JPVR3'","MBS","UMBS MORTPASS 1.5% 01/51","30yr",,,,,"1243054.97",,,,,,""
"2021-04-21","'31418APL6'","MBS","UMBS MORTPASS 2% 01/28","15yr",,,,,"1242096.15",,,,,,""
"2021-04-21","'3140E8GK8'","MBS","UMBS MORTPASS 2.5% 05/31","15yr",,,,,"1242069.66",,,,,,""
"2021-04-21","'3132KE2E4'","MBS","FHLMCGLD 2.5% 03/30","15yr",,,,,"1241604.97",,,,,,""
"2021-04-21","'3140HMF74'","MBS","UMBS MORTPASS 3.5% 07/33","15yr",,,,,"1241386.28",,,,,,""
"2021-04-21","'3140KLMM1'","MBS","UMBS MORTPASS 2% 07/35","15yr",,,,,"1241229.53",,,,,,""
"2021-04-21","'3133AJDP5'","MBS","UMBS MORTPASS 2% 02/51","30yr",,,,,"1240955",,,,,,""
"2021-04-21","'3140J7W27'","MBS","UMBS MORTPASS 2.5% 01/32","15yr",,,,,"1240825.99",,,,,,""
"2021-04-21","'3138LQG57'","MBS","UMBS MORTPASS 3% 05/27","15yr",,,,,"1240719.51",,,,,,""
"2021-04-21","'3132HPLE2'","MBS","FHLMCGLD 3% 11/42","30yr",,,,,"1240525.89",,,,,,""
"2021-04-21","'36297GT75'","MBS","GNMA I MORTPASS 3% 09/42","30yr",,,,,"1240289.82",,,,,,""
"2021-04-21","'3140EW5H4'","MBS","UMBS MORTPASS 2.5% 02/31","15yr",,,,,"1240094.94",,,,,,""
"2021-04-21","'3132HP2X1'","MBS","FHLMCGLD 3% 12/42","30yr",,,,,"1239265.07",,,,,,""
"2021-04-21","'3140K76J7'","MBS","UMBS MORTPASS 3% 01/45","30yr",,,,,"1239247.63",,,,,,""
"2021-04-21","'3133AGZ36'","MBS","UMBS MORTPASS 2% 02/51","30yr",,,,,"1239198",,,,,,""
"2021-04-21","'3140KCJ52'","MBS","UMBS MORTPASS 2% 05/35","15yr",,,,,"1239015.51",,,,,,""
"2021-04-21","'3140JN3Q1'","MBS","UMBS MORTPASS 4% 02/49","30yr",,,,,"1238981.75",,,,,,""
"2021-04-21","'31307F6K2'","MBS","FHLMCGLD 3% 01/29","15yr",,,,,"1238099.99",,,,,,""
"2021-04-21","'3140J7T47'","MBS","UMBS MORTPASS 2.5% 04/30","15yr",,,,,"1237780.84",,,,,,""
"2021-04-21","'31418BJJ6'","MBS","UMBS MORTPASS 3% 10/24","Other",,,,,"1237708.67",,,,,,""
"2021-04-21","'3138LRM41'","MBS","UMBS MORTPASS 2.5% 07/28","15yr",,,,,"1236995.37",,,,,,""
"2021-04-21","'3140K4K74'","MBS","UMBS MORTPASS 2.5% 02/35","15yr",,,,,"1236335.87",,,,,,""
"2021-04-21","'3140JYZ74'","MBS","UMBS MORTPASS 3% 10/49","30yr",,,,,"1236326.44",,,,,,""
"2021-04-21","'3140F4GR1'","MBS","UMBS MORTPASS 2.5% 04/31","15yr",,,,,"1236169.59",,,,,,""
"2021-04-21","'31417EYH8'","MBS","UMBS MORTPASS 2.5% 02/28","15yr",,,,,"1235872.02",,,,,,""
"2021-04-21","'3133GBL77'","MBS","UMBS MORTPASS 2% 01/36","15yr",,,,,"1235391.26",,,,,,""
"2021-04-21","'3132KFCQ3'","MBS","FHLMCGLD 2.5% 09/30","15yr",,,,,"1235163.96",,,,,,""
"2021-04-21","'3140JQG56'","MBS","UMBS MORTPASS 2% 10/34","15yr",,,,,"1235136.3",,,,,,""
"2021-04-21","'31418DJG8'","MBS","UMBS MORTPASS 3% 12/29","Other",,,,,"1235022.01",,,,,,""
"2021-04-21","'31329LCW0'","MBS","UMBS MORTPASS 2.5% 11/27","15yr",,,,,"1234852.61",,,,,,""
"2021-04-21","'3138X7L43'","MBS","UMBS MORTPASS 3% 10/28","15yr",,,,,"1234714.25",,,,,,""
"2021-04-21","'31339SC37'","MBS","UMBS MORTPASS 3.5% 09/49","30yr",,,,,"1233821.99",,,,,,""
"2021-04-21","'3133A6NN7'","MBS","UMBS MORTPASS 2.5% 06/50","30yr",,,,,"1233654.72",,,,,,""
"2021-04-21","'3138MJGW3'","MBS","UMBS MORTPASS 2.5% 01/28","15yr",,,,,"1233332.07",,,,,,""
"2021-04-21","'3138XQML2'","MBS","UMBS MORTPASS 3.5% 06/44","30yr",,,,,"1233181.74",,,,,,""
"2021-04-21","'3140Q8Y74'","MBS","UMBS MORTPASS 3.5% 04/33","15yr",,,,,"1232714.71",,,,,,""
"2021-04-21","'3131YDGV0'","MBS","UMBS MORTPASS 3% 05/29","15yr",,,,,"1232536.14",,,,,,""
"2021-04-21","'36230SLP7'","MBS","GNMA I 3.5% 07/42","30yr",,,,,"1232352.23",,,,,,""
"2021-04-21","'3138EHD58'","MBS","UMBS MORTPASS 3% 11/26","15yr",,,,,"1232235.89",,,,,,""
"2021-04-21","'3131X9BM5'","MBS","UMBS MORTPASS 2.5% 05/28","15yr",,,,,"1232002.54",,,,,,""
"2021-04-21","'3140K1GC4'","MBS","UMBS MORTPASS 4% 09/49","30yr",,,,,"1231609.8",,,,,,""
"2021-04-21","'3140EVAP2'","MBS","UMBS MORTPASS 2.5% 05/31","15yr",,,,,"1231511.7",,,,,,""
"2021-04-21","'3138X0PU6'","MBS","UMBS MORTPASS 4% 07/43","30yr",,,,,"1231464.21",,,,,,""
"2021-04-21","'36177TKM8'","MBS","GNMA I MORTPASS 3% 05/42","30yr",,,,,"1231113.31",,,,,,""
"2021-04-21","'3140HBZF8'","MBS","UMBS MORTPASS 4% 09/49","30yr",,,,,"1231092.08",,,,,,""
"2021-04-21","'3140QAVJ6'","MBS","UMBS MORTPASS 3% 03/49","30yr",,,,,"1230796.65",,,,,,""
"2021-04-21","'3138WZJ37'","MBS","UMBS MORTPASS 2.5% 07/28","15yr",,,,,"1229996.67",,,,,,""
"2021-04-21","'3140HPWG8'","MBS","UMBS MORTPASS 3.5% 11/48","30yr",,,,,"1229726.82",,,,,,""
"2021-04-21","'3138W13L9'","MBS","UMBS MORTPASS 2.5% 02/28","15yr",,,,,"1229707",,,,,,""
"2021-04-21","'3132A9SE8'","MBS","UMBS MORTPASS 2.5% 08/31","15yr",,,,,"1229031.37",,,,,,""
"2021-04-21","'36297FHG0'","MBS","GNMA I MORTPASS 4% 06/39","30yr",,,,,"1228575.22",,,,,,""
"2021-04-21","'3140JWAK6'","MBS","UMBS MORTPASS 3.5% 07/49","30yr",,,,,"1228432.62",,,,,,""
"2021-04-21","'31418DSN3'","MBS","UMBS MORTPASS 2.5% 09/35","15yr",,,,,"1228354.69",,,,,,""
"2021-04-21","'3131Y03Y6'","MBS","UMBS MORTPASS 4% 04/48","30yr",,,,,"1226967.54",,,,,,""
"2021-04-21","'3132A9SK4'","MBS","UMBS MORTPASS 3% 09/31","15yr",,,,,"1225878.87",,,,,,""
"2021-04-21","'3140KC7C0'","MBS","UMBS MORTPASS 2% 06/50","30yr",,,,,"1225498.43",,,,,,""
"2021-04-21","'3138M6YU5'","MBS","UMBS MORTPASS 3% 09/27","15yr",,,,,"1225074.42",,,,,,""
"2021-04-21","'31307PUJ6'","MBS","FHLMCGLD 2.5% 11/30","15yr",,,,,"1224711.78",,,,,,""
"2021-04-21","'3140KVJC5'","MBS","UMBS MORTPASS 2% 12/50","30yr",,,,,"1224137.69",,,,,,""
"2021-04-21","'3132J8CC2'","MBS","FHLMCGLD 3% 04/43","30yr",,,,,"1224122.21",,,,,,""
"2021-04-21","'31418BJ31'","MBS","UMBS MORTPASS 3% 11/24","Other",,,,,"1223831.11",,,,,,""
"2021-04-21","'3140X62D2'","MBS","UMBS MORTPASS 2.5% 06/40","Other",,,,,"1223670.58",,,,,,""
"2021-04-21","'3140K2CU6'","MBS","UMBS MORTPASS 3% 01/50","30yr",,,,,"1222273.67",,,,,,""
"2021-04-21","'3133HMDH9'","MBS","UMBS MORTPASS 1.5% 09/30","Other",,,,,"1222097.52",,,,,,""
"2021-04-21","'36297BEK3'","MBS","GNMA I 4.5% 05/39","30yr",,,,,"1221170.72",,,,,,""
"2021-04-21","'3129453W6'","MBS","FHLMCGLD 4% 02/41","30yr",,,,,"1219658.68",,,,,,""
"2021-04-21","'3140JNRL6'","MBS","UMBS MORTPASS 4% 02/49","30yr",,,,,"1219655.85",,,,,,""
"2021-04-21","'3140KUYU0'","MBS","UMBS MORTPASS 1.5% 11/35","15yr",,,,,"1219358.19",,,,,,""
"2021-04-21","'3138XRLF4'","MBS","UMBS MORTPASS 3.5% 03/44","30yr",,,,,"1218515.33",,,,,,""
"2021-04-21","'3140FAUL4'","MBS","UMBS MORTPASS 3.5% 09/46","30yr",,,,,"1218424.72",,,,,,""
"2021-04-21","'3140Q9FB4'","MBS","UMBS MORTPASS 3% 06/33","15yr",,,,,"1218411.45",,,,,,""
"2021-04-21","'3138LUQ32'","MBS","UMBS MORTPASS 2.5% 05/27","15yr",,,,,"1218149.74",,,,,,""
"2021-04-21","'3132A7NF4'","MBS","UMBS MORTPASS 2.5% 04/28","15yr",,,,,"1217968.12",,,,,,""
"2021-04-21","'3132HMG70'","MBS","FHLMCGLD 3% 09/42","30yr",,,,,"1217446.36",,,,,,""
"2021-04-21","'31307UQW1'","MBS","FHLMCGLD 2.5% 09/32","15yr",,,,,"1217339.99",,,,,,""
"2021-04-21","'31307VNB8'","MBS","FHLMCGLD 3% 02/33","15yr",,,,,"1217267.36",,,,,,""
"2021-04-21","'36178QBQ4'","MBS","GNMA I MORTPASS 3% 09/42","30yr",,,,,"1217152.25",,,,,,""
"2021-04-21","'3133ADU53'","MBS","UMBS MORTPASS 2% 10/50","30yr",,,,,"1217002.39",,,,,,""
"2021-04-21","'3132A8LY3'","MBS","UMBS MORTPASS 2% 08/23","Other",,,,,"1216472.24",,,,,,""
"2021-04-21","'3140GU2B2'","MBS","UMBS MORTPASS 4.5% 07/47","30yr",,,,,"1216393.71",,,,,,""
"2021-04-21","'3138X3FV9'","MBS","UMBS MORTPASS 2.5% 08/28","15yr",,,,,"1216204.44",,,,,,""
"2021-04-21","'36180HBX5'","MBS","GNMA I 3.5% 06/43","30yr",,,,,"1215945.23",,,,,,""
"2021-04-21","'36295CKV2'","MBS","GNMA I 3.5% 09/43","30yr",,,,,"1215616.28",,,,,,""
"2021-04-21","'31307LRF7'","MBS","FHLMCGLD 2.5% 01/30","15yr",,,,,"1215335",,,,,,""
"2021-04-21","'3138WJW20'","MBS","UMBS MORTPASS 2.5% 02/32","15yr",,,,,"1214699.65",,,,,,""
"2021-04-21","'3140KCLX8'","MBS","UMBS MORTPASS 2% 05/50","30yr",,,,,"1214188.33",,,,,,""
"2021-04-21","'31329LD58'","MBS","UMBS MORTPASS 2.5% 02/28","15yr",,,,,"1214052.94",,,,,,""
"2021-04-21","'3138EGQE7'","MBS","UMBS MORTPASS 6.5% 03/39","30yr",,,,,"1213772.35",,,,,,"Y"
"2021-04-21","'31417D7G2'","MBS","UMBS MORTPASS 3.5% 11/42","30yr",,,,,"1213556.98",,,,,,""
"2021-04-21","'3138E97G9'","MBS","UMBS MORTPASS 3% 02/27","15yr",,,,,"1213344.79",,,,,,""
"2021-04-21","'3133A8WH6'","MBS","UMBS MORTPASS 2% 07/50","30yr",,,,,"1213342.14",,,,,,""
"2021-04-21","'3131X7CG1'","MBS","UMBS MORTPASS 3% 10/26","15yr",,,,,"1213145.89",,,,,,""
"2021-04-21","'3138XCXG2'","MBS","UMBS MORTPASS 3% 11/28","15yr",,,,,"1212998.93",,,,,,""
"2021-04-21","'3132L5L43'","MBS","FHLMCGLD 4% 08/43","30yr",,,,,"1212672.79",,,,,,""
"2021-04-21","'36295CFV8'","MBS","GNMA I MORTPASS 3% 11/42","30yr",,,,,"1212660.9",,,,,,""
"2021-04-21","'31416XAJ9'","MBS","UMBS MORTPASS 4% 11/40","30yr",,,,,"1212575.95",,,,,,""
"2021-04-21","'36176NUR0'","MBS","GNMA I MORTPASS 3% 01/43","30yr",,,,,"1212521.97",,,,,,""
"2021-04-21","'3140FGMF3'","MBS","UMBS MORTPASS 3% 10/31","15yr",,,,,"1212496.83",,,,,,""
"2021-04-21","'3132D54T6'","MBS","UMBS MORTPASS 2% 01/35","15yr",,,,,"1211174.85",,,,,,""
"2021-04-21","'3132J9Q76'","MBS","FHLMCGLD 3% 05/43","30yr",,,,,"1210621.09",,,,,,""
"2021-04-21","'3138WHWP3'","MBS","UMBS MORTPASS 2.5% 09/31","15yr",,,,,"1209612.45",,,,,,""
"2021-04-21","'31307HED5'","MBS","FHLMCGLD 3% 05/24","15yr",,,,,"1209135.36",,,,,,""
"2021-04-21","'3140HN5M0'","MBS","UMBS MORTPASS 3.5% 09/33","15yr",,,,,"1209114.31",,,,,,""
"2021-04-21","'3131Y7FX0'","MBS","UMBS MORTPASS 3% 11/33","15yr",,,,,"1208897.45",,,,,,""
"2021-04-21","'31307LA73'","MBS","FHLMCGLD 3% 12/29","15yr",,,,,"1208809.2",,,,,,""
"2021-04-21","'3133ADU61'","MBS","UMBS MORTPASS 1.5% 10/50","30yr",,,,,"1208063.13",,,,,,""
"2021-04-21","'3128MEPH8'","MBS","FHLMCGLD 3% 09/27","15yr",,,,,"1207115.27",,,,,,""
"2021-04-21","'3140Q8M85'","MBS","UMBS MORTPASS 3.5% 02/33","15yr",,,,,"1207037.53",,,,,,""
"2021-04-21","'31307F5N7'","MBS","FHLMCGLD 3% 01/29","15yr",,,,,"1206594.7",,,,,,""
"2021-04-21","'3138WDAD3'","MBS","UMBS MORTPASS 3% 10/29","15yr",,,,,"1206001.63",,,,,,""
"2021-04-21","'3138XTWE1'","MBS","UMBS MORTPASS 4% 07/44","30yr",,,,,"1204468.53",,,,,,""
"2021-04-21","'3138X1YA8'","MBS","UMBS MORTPASS 3% 07/28","15yr",,,,,"1204304.82",,,,,,""
"2021-04-21","'3138WCBN2'","MBS","UMBS MORTPASS 3% 06/24","Other",,,,,"1203827.86",,,,,,""
"2021-04-21","'31417AY60'","MBS","UMBS MORTPASS 3% 02/27","15yr",,,,,"1202214.16",,,,,,""
"2021-04-21","'3131Y1WT3'","MBS","UMBS MORTPASS 3.5% 06/48","30yr",,,,,"1201991.88",,,,,,""
"2021-04-21","'3138W9M72'","MBS","UMBS MORTPASS 3% 09/28","15yr",,,,,"1201987.23",,,,,,""
"2021-04-21","'3132J6ZV9'","MBS","FHLMCGLD 3% 01/43","30yr",,,,,"1201732.58",,,,,,""
"2021-04-21","'3132A7XA4'","MBS","UMBS MORTPASS 2.5% 07/29","15yr",,,,,"1201165.81",,,,,,""
"2021-04-21","'36181ECY8'","MBS","GNMA I MORTPASS 3% 06/43","30yr",,,,,"1200586.86",,,,,,""
"2021-04-21","'3131X6HA1'","MBS","UMBS MORTPASS 3% 01/26","15yr",,,,,"1200488.53",,,,,,""
"2021-04-21","'3133HMCK3'","MBS","UMBS MORTPASS 2% 03/30","Other",,,,,"1200200.92",,,,,,""
"2021-04-21","'3140HMPS7'","MBS","UMBS MORTPASS 3% 09/33","15yr",,,,,"1199912.82",,,,,,""
"2021-04-21","'3138WJPX0'","MBS","UMBS MORTPASS 2% 12/26","Other",,,,,"1199173.99",,,,,,""
"2021-04-21","'36180DWX1'","MBS","GNMA I 3.5% 06/43","30yr",,,,,"1199047.54",,,,,,""
"2021-04-21","'3140K3P97'","MBS","UMBS MORTPASS 3% 02/50","30yr",,,,,"1198598.28",,,,,,""
"2021-04-21","'36178WM30'","MBS","GNMA I 3.5% 10/42","30yr",,,,,"1198508.87",,,,,,""
"2021-04-21","'3140FN6V1'","MBS","UMBS MORTPASS 3.5% 03/33","15yr",,,,,"1198464.63",,,,,,""
"2021-04-21","'3138X6E76'","MBS","UMBS MORTPASS 3.5% 01/29","15yr",,,,,"1198333.7",,,,,,""
"2021-04-21","'3140JXDT2'","MBS","UMBS MORTPASS 4% 07/49","30yr",,,,,"1198135.11",,,,,,""
"2021-04-21","'31307VCU8'","MBS","FHLMCGLD 2.5% 12/32","15yr",,,,,"1197610.12",,,,,,""
"2021-04-21","'31417FL55'","MBS","UMBS MORTPASS 2.5% 02/28","15yr",,,,,"1196863.09",,,,,,""
"2021-04-21","'3140KEBH0'","MBS","UMBS MORTPASS 3% 05/50","30yr",,,,,"1196039.8",,,,,,""
"2021-04-21","'3138WMH61'","MBS","UMBS MORTPASS 2% 03/28","15yr",,,,,"1195245.39",,,,,,""
"2021-04-21","'3140L5YY6'","MBS","UMBS MORTPASS 2% 03/51","30yr",,,,,"1194960",,,,,,""
"2021-04-21","'3140HPVF1'","MBS","UMBS MORTPASS 3.5% 10/48","30yr",,,,,"1194615.46",,,,,,""
"2021-04-21","'36179NTC2'","MBS","GNMA II MORTPASS 3% 11/43","30yr",,,,,"1193815.21",,,,,,""
"2021-04-21","'31418CPJ7'","MBS","UMBS MORTPASS 2.5% 09/32","15yr",,,,,"1193610.82",,,,,,""
"2021-04-21","'3140HFT82'","MBS","UMBS MORTPASS 3% 04/45","30yr",,,,,"1193445.68",,,,,,""
"2021-04-21","'3140EYQJ3'","MBS","UMBS MORTPASS 2.5% 04/31","15yr",,,,,"1193356.75",,,,,,""
"2021-04-21","'3140H9UR2'","MBS","UMBS MORTPASS 3.5% 04/44","30yr",,,,,"1193259.4",,,,,,""
"2021-04-21","'3140KRKB4'","MBS","UMBS MORTPASS 2% 10/35","15yr",,,,,"1191731.34",,,,,,""
"2021-04-21","'3138YUH79'","MBS","UMBS MORTPASS 3% 09/30","15yr",,,,,"1191249.94",,,,,,""
"2021-04-21","'3138WJV62'","MBS","UMBS MORTPASS 2.5% 02/27","Other",,,,,"1190883.54",,,,,,""
"2021-04-21","'3132WKQD3'","MBS","FHLMCGLD 3% 01/47","30yr",,,,,"1190785.55",,,,,,""
"2021-04-21","'3138YXSW6'","MBS","UMBS MORTPASS 2.5% 09/30","15yr",,,,,"1190697.3",,,,,,""
"2021-04-21","'31307SAQ6'","MBS","FHLMCGLD 2% 10/31","15yr",,,,,"1190642.84",,,,,,""
"2021-04-21","'31417AQ93'","MBS","UMBS MORTPASS 2.5% 12/26","15yr",,,,,"1190475.98",,,,,,""
"2021-04-21","'3133AF3T6'","MBS","UMBS MORTPASS 2% 02/51","30yr",,,,,"1189992.51",,,,,,""
"2021-04-21","'3132A5JG1'","MBS","UMBS MORTPASS 3.5% 04/48","30yr",,,,,"1189629.31",,,,,,""
"2021-04-21","'31307RQH1'","MBS","FHLMCGLD 2% 08/31","15yr",,,,,"1189021.34",,,,,,""
"2021-04-21","'3140KBWT7'","MBS","UMBS MORTPASS 2% 04/50","30yr",,,,,"1188693.94",,,,,,""
"2021-04-21","'3140H8W43'","MBS","UMBS MORTPASS 3.5% 06/33","15yr",,,,,"1188287.75",,,,,,""
"2021-04-21","'31307RU60'","MBS","FHLMCGLD 2% 08/31","15yr",,,,,"1187785.43",,,,,,""
"2021-04-21","'36297BEP2'","MBS","GNMA I MORTPASS 4% 06/39","30yr",,,,,"1187707.71",,,,,,""
"2021-04-21","'3140E0E35'","MBS","UMBS MORTPASS 3.5% 11/45","30yr",,,,,"1187670.9",,,,,,""
"2021-04-21","'3138YSTP1'","MBS","UMBS MORTPASS 3.5% 07/45","30yr",,,,,"1187602.1",,,,,,""
"2021-04-21","'3131XDH32'","MBS","UMBS MORTPASS 3% 02/33","15yr",,,,,"1187511.17",,,,,,""
"2021-04-21","'3140KVH37'","MBS","UMBS MORTPASS 2% 11/50","30yr",,,,,"1186087.89",,,,,,""
"2021-04-21","'3138X6FU4'","MBS","UMBS MORTPASS 3.5% 02/29","15yr",,,,,"1185769.52",,,,,,""
"2021-04-21","'3140E6M74'","MBS","UMBS MORTPASS 2.5% 11/30","15yr",,,,,"1185096.13",,,,,,""
"2021-04-21","'31307F4M0'","MBS","FHLMCGLD 3% 01/29","15yr",,,,,"1185032.48",,,,,,""
"2021-04-21","'3140JY4B9'","MBS","UMBS MORTPASS 2% 11/50","30yr",,,,,"1184596.32",,,,,,""
"2021-04-21","'31307TK26'","MBS","FHLMCGLD 2.5% 03/32","15yr",,,,,"1184253.54",,,,,,""
"2021-04-21","'3138X5PK7'","MBS","UMBS MORTPASS 3% 09/28","15yr",,,,,"1184101.66",,,,,,""
"2021-04-21","'3138W2LH6'","MBS","UMBS MORTPASS 2.5% 01/28","15yr",,,,,"1184062.19",,,,,,""
"2021-04-21","'3133GCFQ0'","MBS","UMBS MORTPASS 1.5% 02/36","15yr",,,,,"1182905",,,,,,""
"2021-04-21","'3138YDCW7'","MBS","UMBS MORTPASS 2.5% 12/29","15yr",,,,,"1182714.15",,,,,,""
"2021-04-21","'3140L1QJ7'","MBS","UMBS MORTPASS 1.5% 01/51","30yr",,,,,"1182707.61",,,,,,""
"2021-04-21","'3620AVAS1'","MBS","GNMA I MORTPASS 3% 10/42","30yr",,,,,"1181725.34",,,,,,""
"2021-04-21","'36297JT53'","MBS","GNMA I 4.5% 06/39","30yr",,,,,"1181486.97",,,,,,""
"2021-04-21","'3140KVZQ6'","MBS","UMBS MORTPASS 2.5% 02/51","30yr",,,,,"1181457.37",,,,,,""
"2021-04-21","'31307VMD5'","MBS","FHLMCGLD 3% 01/33","15yr",,,,,"1181391.78",,,,,,""
"2021-04-21","'3140K8HD6'","MBS","UMBS MORTPASS 3.5% 01/50","30yr",,,,,"1180834.5",,,,,,""
"2021-04-21","'3140KMMW7'","MBS","UMBS MORTPASS 2.5% 09/50","30yr",,,,,"1180582.65",,,,,,""
"2021-04-21","'3132A9PT8'","MBS","UMBS MORTPASS 2.5% 08/29","15yr",,,,,"1180145.75",,,,,,""
"2021-04-21","'3128MMU43'","MBS","FHLMCGLD 3.5% 05/31","15yr",,,,,"1178529.2",,,,,,""
"2021-04-21","'3140GWQD8'","MBS","UMBS MORTPASS 4.5% 09/47","30yr",,,,,"1177992.21",,,,,,""
"2021-04-21","'36297KWJ6'","MBS","GNMA I 4.5% 08/39","30yr",,,,,"1177458.19",,,,,,""
"2021-04-21","'36296EEA0'","MBS","GNMA I 5.5% 08/38","30yr",,,,,"1177255.83",,,,,,""
"2021-04-21","'31418BYW0'","MBS","UMBS MORTPASS 3% 02/31","15yr",,,,,"1176843.75",,,,,,""
"2021-04-21","'3140K4LK4'","MBS","UMBS MORTPASS 2.5% 03/35","15yr",,,,,"1176569.65",,,,,,""
"2021-04-21","'3140K4SM3'","MBS","UMBS MORTPASS 3% 01/35","15yr",,,,,"1175641.6",,,,,,""
"2021-04-21","'31417GAG1'","MBS","UMBS MORTPASS 3% 04/28","15yr",,,,,"1175492.87",,,,,,""
"2021-04-21","'3138Y7MZ2'","MBS","UMBS MORTPASS 2.5% 10/29","15yr",,,,,"1174756.79",,,,,,""
"2021-04-21","'3138LVKZ5'","MBS","UMBS MORTPASS 3% 08/27","15yr",,,,,"1174527.83",,,,,,""
"2021-04-21","'3131X85T9'","MBS","UMBS MORTPASS 2.5% 04/28","15yr",,,,,"1174367.37",,,,,,""
"2021-04-21","'3140FAH54'","MBS","UMBS MORTPASS 2.5% 08/28","15yr",,,,,"1173936.94",,,,,,""
"2021-04-21","'3138WEFR5'","MBS","UMBS MORTPASS 3% 03/30","15yr",,,,,"1173672.35",,,,,,""
"2021-04-21","'3620A96A4'","MBS","GNMA I 4.5% 12/39","30yr",,,,,"1173340.11",,,,,,""
"2021-04-21","'3138YSSD9'","MBS","UMBS MORTPASS 3.5% 05/45","30yr",,,,,"1173291.83",,,,,,""
"2021-04-21","'3138XJB71'","MBS","UMBS MORTPASS 3.5% 01/29","15yr",,,,,"1173112.64",,,,,,""
"2021-04-21","'3132M6QD5'","MBS","FHLMCGLD 4% 05/44","30yr",,,,,"1172821.06",,,,,,""
"2021-04-21","'3140Q72C0'","MBS","UMBS MORTPASS 3.5% 11/47","30yr",,,,,"1171866.48",,,,,,""
"2021-04-21","'3140H5ZS3'","MBS","UMBS MORTPASS 3% 01/48","30yr",,,,,"1171258.55",,,,,,""
"2021-04-21","'3138EMEK3'","MBS","UMBS MORTPASS 2.5% 11/27","15yr",,,,,"1170883.89",,,,,,""
"2021-04-21","'3140E9NS1'","MBS","UMBS MORTPASS 2.5% 07/31","15yr",,,,,"1169987.56",,,,,,""
"2021-04-21","'3140KR5A3'","MBS","UMBS MORTPASS 2% 12/50","30yr",,,,,"1169716.84",,,,,,""
"2021-04-21","'36296V7K8'","MBS","GNMA I MORTPASS 4% 04/39","30yr",,,,,"1169061.28",,,,,,""
"2021-04-21","'31329LAW2'","MBS","UMBS MORTPASS 2.5% 03/27","15yr",,,,,"1168929.85",,,,,,""
"2021-04-21","'3140X5BH5'","MBS","UMBS MORTPASS 3% 07/28","Other",,,,,"1168877.36",,,,,,""
"2021-04-21","'3620A8KZ5'","MBS","GNMA I MORTPASS 5% 08/39","30yr",,,,,"1168697.04",,,,,,""
"2021-04-21","'3132JAPV1'","MBS","FHLMCGLD 4% 06/43","30yr",,,,,"1167766.03",,,,,,""
"2021-04-21","'3133L7TK3'","MBS","UMBS MORTPASS 2.5% 04/35","15yr",,,,,"1167378.44",,,,,,""
"2021-04-21","'3132MAVC2'","MBS","FHLMCGLD 3.5% 11/44","30yr",,,,,"1167208.98",,,,,,""
"2021-04-21","'31417ESE2'","MBS","UMBS MORTPASS 2.5% 01/28","15yr",,,,,"1167036.63",,,,,,""
"2021-04-21","'3133KGNS3'","MBS","UMBS MORTPASS 3.5% 08/49","30yr",,,,,"1166764.11",,,,,,""
"2021-04-21","'3131X64S6'","MBS","UMBS MORTPASS 3% 09/26","15yr",,,,,"1166676.83",,,,,,""
"2021-04-21","'31307UBP2'","MBS","FHLMCGLD 3.5% 07/32","15yr",,,,,"1166591.85",,,,,,""
"2021-04-21","'3140K4E55'","MBS","UMBS MORTPASS 3% 11/49","30yr",,,,,"1165856.63",,,,,,""
"2021-04-21","'3140KKQ23'","MBS","UMBS MORTPASS 2% 07/50","30yr",,,,,"1165734.2",,,,,,""
"2021-04-21","'31307N2C7'","MBS","FHLMCGLD 2.5% 08/30","15yr",,,,,"1165355.12",,,,,,""
"2021-04-21","'3140JLMZ4'","MBS","UMBS MORTPASS 3% 01/34","15yr",,,,,"1164668.27",,,,,,""
"2021-04-21","'3131X8R73'","MBS","UMBS MORTPASS 2.5% 02/28","15yr",,,,,"1164354.84",,,,,,""
"2021-04-21","'3140HAQD5'","MBS","UMBS MORTPASS 3.5% 03/48","30yr",,,,,"1163353.15",,,,,,""
"2021-04-21","'3132AAGK4'","MBS","UMBS MORTPASS 2.5% 05/36","Other",,,,,"1162957.78",,,,,,""
"2021-04-21","'3140KRJ59'","MBS","UMBS MORTPASS 2% 11/35","15yr",,,,,"1162642.98",,,,,,""
"2021-04-21","'3140ECLT4'","MBS","UMBS MORTPASS 3% 07/31","15yr",,,,,"1162405.05",,,,,,""
"2021-04-21","'3140HDYL2'","MBS","UMBS MORTPASS 2.5% 01/50","30yr",,,,,"1162103.63",,,,,,""
"2021-04-21","'3132JPAB8'","MBS","FHLMCGLD 3.5% 09/43","30yr",,,,,"1162031.74",,,,,,""
"2021-04-21","'3140Q9UA9'","MBS","UMBS MORTPASS 4% 09/48","30yr",,,,,"1161974.81",,,,,,""
"2021-04-21","'3140QBTX6'","MBS","UMBS MORTPASS 3.5% 06/49","30yr",,,,,"1161842.09",,,,,,""
"2021-04-21","'3133A1JH6'","MBS","UMBS 3.0%","30yr",,,,,"1161837.05",,,,,,""
"2021-04-21","'31329QYZ8'","MBS","UMBS MORTPASS 4% 05/49","30yr",,,,,"1161418.21",,,,,,""
"2021-04-21","'3140JPF34'","MBS","UMBS MORTPASS 4.5% 02/49","30yr",,,,,"1161082.24",,,,,,""
"2021-04-21","'31307WD35'","MBS","FHLMCGLD 3.5% 06/33","15yr",,,,,"1160833.32",,,,,,""
"2021-04-21","'3138XK4J0'","MBS","UMBS MORTPASS 3% 02/29","15yr",,,,,"1160811.05",,,,,,""
"2021-04-21","'36178GSH8'","MBS","GNMA I MORTPASS 3% 01/43","30yr",,,,,"1160074.67",,,,,,""
"2021-04-21","'31307WPF5'","MBS","FHLMCGLD 3.5% 08/33","15yr",,,,,"1159530.9",,,,,,""
"2021-04-21","'3138X0ZY7'","MBS","UMBS MORTPASS 2.5% 07/28","15yr",,,,,"1159497.13",,,,,,""
"2021-04-21","'3138AS5N8'","MBS","UMBS MORTPASS 3.5% 09/26","15yr",,,,,"1159099.98",,,,,,""
"2021-04-21","'3138YRHD3'","MBS","UMBS MORTPASS 2.5% 04/30","15yr",,,,,"1158665.24",,,,,,""
"2021-04-21","'36179EKC1'","MBS","GNMA I MORTPASS 3% 03/43","30yr",,,,,"1158395.11",,,,,,""
"2021-04-21","'31418CV50'","MBS","UMBS MORTPASS 3% 04/38","Other",,,,,"1158172.51",,,,,,""
"2021-04-21","'3132A8XP9'","MBS","UMBS MORTPASS 2.5% 11/32","15yr",,,,,"1157979.8",,,,,,""
"2021-04-21","'31329LE99'","MBS","UMBS MORTPASS 2.5% 01/28","15yr",,,,,"1157416.09",,,,,,""
"2021-04-21","'3140L1GF6'","MBS","UMBS MORTPASS 1.5% 02/51","30yr",,,,,"1157332",,,,,,""
"2021-04-21","'3133AEQZ0'","MBS","UMBS MORTPASS 2.5% 01/51","30yr",,,,,"1157058.61",,,,,,""
"2021-04-21","'3138E0L49'","MBS","UMBS MORTPASS 4% 12/41","30yr",,,,,"1157029.71",,,,,,""
"2021-04-21","'3140HJQJ3'","MBS","UMBS MORTPASS 4% 05/48","30yr",,,,,"1156819.33",,,,,,""
"2021-04-21","'3131Y2PG7'","MBS","UMBS MORTPASS 3.5% 08/48","30yr",,,,,"1156411.71",,,,,,""
"2021-04-21","'3132XXGE3'","MBS","FHLMCGLD 3% 03/48","30yr",,,,,"1156145.31",,,,,,""
"2021-04-21","'3140EAPJ6'","MBS","UMBS MORTPASS 3% 11/30","15yr",,,,,"1154940.69",,,,,,""
"2021-04-21","'3140HKCT3'","MBS","UMBS MORTPASS 3.5% 08/33","15yr",,,,,"1154784.55",,,,,,""
"2021-04-21","'3138NXWM5'","MBS","UMBS MORTPASS 2.5% 01/28","15yr",,,,,"1154040.53",,,,,,""
"2021-04-21","'31418MD66'","MBS","UMBS MORTPASS 4.5% 07/24","15yr",,,,,"1154021.43",,,,,,""
"2021-04-21","'3133A3EF1'","MBS","UMBS MORTPASS 2.5% 02/50","30yr",,,,,"1153775.55",,,,,,""
"2021-04-21","'3132J9ZT8'","MBS","FHLMCGLD 3% 05/43","30yr",,,,,"1153681.32",,,,,,""
"2021-04-21","'3138X7NV1'","MBS","UMBS MORTPASS 3% 09/28","15yr",,,,,"1153414.68",,,,,,""
"2021-04-21","'3133A0A87'","MBS","UMBS MORTPASS 3.5% 12/49","30yr",,,,,"1153411.94",,,,,,""
"2021-04-21","'3138XYT20'","MBS","UMBS MORTPASS 3.5% 07/44","30yr",,,,,"1152934.04",,,,,,""
"2021-04-21","'31307GUN7'","MBS","FHLMCGLD 3% 04/29","15yr",,,,,"1152401.64",,,,,,""
"2021-04-21","'36182AF89'","MBS","GNMA I MORTPASS 4% 09/43","30yr",,,,,"1151690.65",,,,,,""
"2021-04-21","'3133AENF7'","MBS","UMBS MORTPASS 2% 01/51","30yr",,,,,"1151631.93",,,,,,""
"2021-04-21","'3140FV2P0'","MBS","UMBS MORTPASS 3% 03/32","15yr",,,,,"1150904.72",,,,,,""
"2021-04-21","'3138EHBQ4'","MBS","UMBS MORTPASS 5.5% 05/39","30yr",,,,,"1150687.52",,,,,,"Y"
"2021-04-21","'36179TV44'","MBS","GNMA II MORTPASS 3% 04/48","30yr",,,,,"1149927.33",,,,,,""
"2021-04-21","'31329QJ36'","MBS","UMBS MORTPASS 4% 04/49","30yr",,,,,"1149838.28",,,,,,""
"2021-04-21","'31417EV32'","MBS","UMBS MORTPASS 3% 02/28","15yr",,,,,"1149243.37",,,,,,""
"2021-04-21","'31329MPG9'","MBS","UMBS MORTPASS 2% 02/27","Other",,,,,"1148541.36",,,,,,""
"2021-04-21","'3133AGTS8'","MBS","UMBS MORTPASS 1.5% 02/51","30yr",,,,,"1148159",,,,,,""
"2021-04-21","'3138Y4MK2'","MBS","UMBS MORTPASS 3.5% 10/44","30yr",,,,,"1148115.62",,,,,,""
"2021-04-21","'36296Y2P6'","MBS","GNMA I 4.5% 01/40","30yr",,,,,"1147517.6",,,,,,""
"2021-04-21","'36297JC93'","MBS","GNMA I 4.5% 05/39","30yr",,,,,"1147317.06",,,,,,""
"2021-04-21","'3140KBLZ5'","MBS","UMBS MORTPASS 2.5% 03/40","Other",,,,,"1146323.17",,,,,,""
"2021-04-21","'3138MQP56'","MBS","UMBS MORTPASS 2.5% 12/42","30yr",,,,,"1146059.59",,,,,,""
"2021-04-21","'3138A4FR1'","MBS","UMBS MORTPASS 3.5% 02/26","15yr",,,,,"1145902.36",,,,,,""
"2021-04-21","'3131X9BW3'","MBS","UMBS MORTPASS 2% 05/23","Other",,,,,"1145653.15",,,,,,""
"2021-04-21","'3140JLST2'","MBS","UMBS MORTPASS 2% 04/36","15yr",,,,,"1145620",,,,,,""
"2021-04-21","'3138XXGR1'","MBS","UMBS MORTPASS 3% 01/27","15yr",,,,,"1145427.74",,,,,,""
"2021-04-21","'3140K4MU1'","MBS","UMBS MORTPASS 2% 06/50","30yr",,,,,"1145399.82",,,,,,""
"2021-04-21","'36241LUQ7'","MBS","GNMA II MORTPASS 4% 03/41","30yr",,,,,"1144958.51",,,,,,""
"2021-04-21","'3131XBND7'","MBS","UMBS MORTPASS 3% 02/29","15yr",,,,,"1144751.73",,,,,,""
"2021-04-21","'3138XMCR9'","MBS","UMBS MORTPASS 4% 02/44","30yr",,,,,"1143746.93",,,,,,""
"2021-04-21","'3131X74R6'","MBS","UMBS MORTPASS 2.5% 09/27","15yr",,,,,"1143600.58",,,,,,""
"2021-04-21","'3138MPFB6'","MBS","UMBS MORTPASS 3% 02/43","30yr",,,,,"1143394.27",,,,,,""
"2021-04-21","'3133GA3T1'","MBS","UMBS MORTPASS 2% 12/35","15yr",,,,,"1142750.56",,,,,,""
"2021-04-21","'3138EKJH9'","MBS","UMBS MORTPASS 3% 11/27","15yr",,,,,"1142689.08",,,,,,""
"2021-04-21","'3140KNRE0'","MBS","UMBS MORTPASS 2.5% 09/50","30yr",,,,,"1142513.52",,,,,,""
"2021-04-21","'3131XYJU4'","MBS","UMBS MORTPASS 3.5% 11/47","30yr",,,,,"1142172.57",,,,,,""
"2021-04-21","'3140E2UT6'","MBS","UMBS MORTPASS 2.5% 12/30","15yr",,,,,"1142158.36",,,,,,""
"2021-04-21","'3138AXFT3'","MBS","UMBS MORTPASS 3% 01/27","15yr",,,,,"1142089.66",,,,,,""
"2021-04-21","'31418CZ72'","MBS","UMBS MORTPASS 4% 09/38","Other",,,,,"1141926.69",,,,,,""
"2021-04-21","'3140JHK69'","MBS","UMBS MORTPASS 4% 11/48","30yr",,,,,"1140705.56",,,,,,""
"2021-04-21","'3138MBWG7'","MBS","UMBS MORTPASS 2% 09/27","15yr",,,,,"1140551.76",,,,,,""
"2021-04-21","'3138WZSM5'","MBS","UMBS MORTPASS 3% 07/28","15yr",,,,,"1140423.98",,,,,,""
"2021-04-21","'3133AGZ28'","MBS","UMBS MORTPASS 2% 03/51","30yr",,,,,"1139996",,,,,,""
"2021-04-21","'3131X7QB7'","MBS","UMBS MORTPASS 3% 04/27","15yr",,,,,"1139931.96",,,,,,""
"2021-04-21","'3129293H3'","MBS","FHLMCGLD 5% 12/38","30yr",,,,,"1139759.76",,,,,,""
"2021-04-21","'31307UUN6'","MBS","FHLMCGLD 3.5% 11/32","15yr",,,,,"1139719.98",,,,,,""
"2021-04-21","'3140Q9YW7'","MBS","UMBS MORTPASS 4% 10/48","30yr",,,,,"1139395.54",,,,,,""
"2021-04-21","'3128M8MK7'","MBS","FHLMCGLD 6.5% 01/39","30yr",,,,,"1139243.95",,,,,,"Y"
"2021-04-21","'3140L4Q69'","MBS","UMBS MORTPASS 1.5% 02/51","30yr",,,,,"1139161.77",,,,,,""
"2021-04-21","'3131X8X50'","MBS","UMBS MORTPASS 2.5% 03/28","15yr",,,,,"1138723.8",,,,,,""
"2021-04-21","'3132M5RT1'","MBS","FHLMCGLD 3.5% 03/44","30yr",,,,,"1138362.83",,,,,,""
"2021-04-21","'3620ALJP0'","MBS","GNMA I 4.5% 01/40","30yr",,,,,"1138238.77",,,,,,""
"2021-04-21","'36296QHR3'","MBS","GNMA I 4.5% 02/39","30yr",,,,,"1138233.91",,,,,,""
"2021-04-21","'31410LNL2'","MBS","UMBS MORTPASS 2.5% 01/24","Other",,,,,"1137758.66",,,,,,""
"2021-04-21","'31418CFZ2'","MBS","UMBS MORTPASS 3% 01/27","Other",,,,,"1137364.99",,,,,,""
"2021-04-21","'3140L5J23'","MBS","UMBS MORTPASS 2% 03/51","30yr",,,,,"1136836",,,,,,""
"2021-04-21","'3140KCLY6'","MBS","UMBS MORTPASS 2.5% 06/50","30yr",,,,,"1136731.59",,,,,,""
"2021-04-21","'3128MMWW9'","MBS","FHLMCGLD 3.5% 09/32","15yr",,,,,"1135791.24",,,,,,""
"2021-04-21","'3138WD6C0'","MBS","UMBS MORTPASS 3% 02/30","15yr",,,,,"1134743.71",,,,,,""
"2021-04-21","'3138X6E84'","MBS","UMBS MORTPASS 3.5% 02/29","15yr",,,,,"1134667.84",,,,,,""
"2021-04-21","'31329P2K8'","MBS","UMBS MORTPASS 2.5% 12/33","15yr",,,,,"1134405.37",,,,,,""
"2021-04-21","'3133KKJM2'","MBS","UMBS MORTPASS 1.5% 10/50","30yr",,,,,"1134103.85",,,,,,""
"2021-04-21","'3140FWBT0'","MBS","UMBS MORTPASS 3% 07/32","15yr",,,,,"1134004.04",,,,,,""
"2021-04-21","'31418AGQ5'","MBS","UMBS MORTPASS 3% 07/32","Other",,,,,"1133762.69",,,,,,""
"2021-04-21","'36181FBZ3'","MBS","GNMA I 3.5% 07/43","30yr",,,,,"1133720.87",,,,,,""
"2021-04-21","'3140KCK68'","MBS","UMBS MORTPASS 2.5% 05/50","30yr",,,,,"1133641.16",,,,,,""
"2021-04-21","'3131XDHF5'","MBS","UMBS MORTPASS 3% 01/33","15yr",,,,,"1133533.62",,,,,,""
"2021-04-21","'3133GA3S3'","MBS","UMBS MORTPASS 2% 12/35","15yr",,,,,"1132911.64",,,,,,""
"2021-04-21","'3140HBFK9'","MBS","UMBS MORTPASS 4% 05/48","30yr",,,,,"1131546.86",,,,,,""
"2021-04-21","'3140JLVZ4'","MBS","UMBS MORTPASS 4.5% 01/49","30yr",,,,,"1131387.14",,,,,,""
"2021-04-21","'36230SKF0'","MBS","GNMA I 3.5% 03/42","30yr",,,,,"1131366.45",,,,,,""
"2021-04-21","'3132A7LU3'","MBS","UMBS MORTPASS 2.5% 01/28","15yr",,,,,"1130952.01",,,,,,""
"2021-04-21","'3138EEZH5'","MBS","UMBS MORTPASS 3% 04/27","15yr",,,,,"1130615.44",,,,,,""
"2021-04-21","'3140JLQA5'","MBS","UMBS MORTPASS 4% 12/48","30yr",,,,,"1130411.29",,,,,,""
"2021-04-21","'3138EJ3U0'","MBS","UMBS MORTPASS 2.5% 11/27","15yr",,,,,"1130247.37",,,,,,""
"2021-04-21","'3140JUV27'","MBS","UMBS MORTPASS 3% 06/49","30yr",,,,,"1129757.17",,,,,,""
"2021-04-21","'31307WUJ1'","MBS","FHLMCGLD 3.5% 09/33","15yr",,,,,"1129145.59",,,,,,""
"2021-04-21","'3140FEXV1'","MBS","UMBS MORTPASS 3% 10/46","30yr",,,,,"1129108.9",,,,,,""
"2021-04-21","'3138WDVB4'","MBS","UMBS MORTPASS 2% 01/25","Other",,,,,"1129050.3",,,,,,""
"2021-04-21","'36178WQM4'","MBS","GNMA I 3.5% 11/42","30yr",,,,,"1127794.96",,,,,,""
"2021-04-21","'3131X9WE0'","MBS","UMBS MORTPASS 3% 09/23","Other",,,,,"1127645.36",,,,,,""
"2021-04-21","'31307UM62'","MBS","FHLMCGLD 3.5% 08/32","15yr",,,,,"1127627.49",,,,,,""
"2021-04-21","'31307GPT0'","MBS","FHLMCGLD 3% 03/29","15yr",,,,,"1127475.43",,,,,,""
"2021-04-21","'3133KHS31'","MBS","UMBS MORTPASS 3% 03/50","30yr",,,,,"1127178.58",,,,,,""
"2021-04-21","'3140K2AJ3'","MBS","UMBS MORTPASS 3.5% 09/49","30yr",,,,,"1126919.44",,,,,,""
"2021-04-21","'31417GE93'","MBS","UMBS MORTPASS 2.5% 04/28","15yr",,,,,"1126833.19",,,,,,""
"2021-04-21","'3138M94E8'","MBS","UMBS MORTPASS 2.5% 09/27","15yr",,,,,"1125980.5",,,,,,""
"2021-04-21","'3138YL2Q3'","MBS","UMBS MORTPASS 3% 04/45","30yr",,,,,"1125868.99",,,,,,""
"2021-04-21","'3620A4BX9'","MBS","GNMA I MORTPASS 5% 10/39","30yr",,,,,"1125182.3",,,,,,""
"2021-04-21","'3140JRG70'","MBS","UMBS MORTPASS 4.5% 08/49","30yr",,,,,"1125083.18",,,,,,""
"2021-04-21","'3138WHBZ4'","MBS","UMBS MORTPASS 2.5% 05/31","15yr",,,,,"1125062.61",,,,,,""
"2021-04-21","'36179VMF4'","MBS","GNMA II MORTPASS 4% 05/50","30yr",,,,,"1124410.24",,,,,,""
"2021-04-21","'31346YAL7'","MBS","UMBS MORTPASS 4.5% 09/49","30yr",,,,,"1124371.5",,,,,,""
"2021-04-21","'3133LPTE7'","MBS","UMBS MORTPASS 1.5% 02/31","Other",,,,,"1124010.95",,,,,,""
"2021-04-21","'3132M6JN1'","MBS","FHLMCGLD 4% 05/44","30yr",,,,,"1123899.37",,,,,,""
"2021-04-21","'31417FSL3'","MBS","UMBS MORTPASS 3% 02/43","30yr",,,,,"1123451.67",,,,,,""
"2021-04-21","'3131X9DJ0'","MBS","UMBS MORTPASS 2% 05/28","15yr",,,,,"1122987.29",,,,,,""
"2021-04-21","'36179EHW1'","MBS","GNMA I MORTPASS 3% 01/43","30yr",,,,,"1122958.29",,,,,,""
"2021-04-21","'3138WEQQ5'","MBS","UMBS MORTPASS 3% 05/30","15yr",,,,,"1121886.88",,,,,,""
"2021-04-21","'3620AJCN7'","MBS","GNMA I MORTPASS 5% 12/39","30yr",,,,,"1121862.75",,,,,,""
"2021-04-21","'3140K8Q61'","MBS","UMBS MORTPASS 2.5% 03/50","30yr",,,,,"1121580.44",,,,,,""
"2021-04-21","'3140JKZW9'","MBS","UMBS MORTPASS 3.5% 02/49","30yr",,,,,"1121324.99",,,,,,""
"2021-04-21","'3140JULK8'","MBS","UMBS MORTPASS 3.5% 05/49","30yr",,,,,"1121316.45",,,,,,""
"2021-04-21","'3620C5NC7'","MBS","GNMA I MORTPASS 4% 07/41","30yr",,,,,"1121020.48",,,,,,""
"2021-04-21","'3140QHJE6'","MBS","UMBS MORTPASS 1.5% 02/51","30yr",,,,,"1120811.47",,,,,,""
"2021-04-21","'3138E5CH9'","MBS","UMBS MORTPASS 3% 02/27","15yr",,,,,"1120519.32",,,,,,""
"2021-04-21","'3140L37A3'","MBS","UMBS MORTPASS 2% 03/51","30yr",,,,,"1120398",,,,,,""
"2021-04-21","'3131Y7AR8'","MBS","UMBS MORTPASS 3.5% 10/33","15yr",,,,,"1119781.05",,,,,,""
"2021-04-21","'3140HKFQ6'","MBS","UMBS MORTPASS 2.5% 09/50","30yr",,,,,"1119547.45",,,,,,""
"2021-04-21","'3132M6YP9'","MBS","FHLMCGLD 4% 05/44","30yr",,,,,"1119502.3",,,,,,""
"2021-04-21","'3138WVWS6'","MBS","UMBS MORTPASS 2.5% 06/28","15yr",,,,,"1119364.6",,,,,,""
"2021-04-21","'3132GJXD6'","MBS","FHLMCGLD 4% 10/41","30yr",,,,,"1119173.59",,,,,,""
"2021-04-21","'36297JTL8'","MBS","GNMA I MORTPASS 4% 06/39","30yr",,,,,"1117970.93",,,,,,""
"2021-04-21","'3140L3X71'","MBS","UMBS MORTPASS 1.5% 02/36","15yr",,,,,"1117450.41",,,,,,""
"2021-04-21","'3138X2U69'","MBS","UMBS MORTPASS 3% 09/28","15yr",,,,,"1116982.11",,,,,,""
"2021-04-21","'3620C4MX5'","MBS","GNMA I 3.5% 02/42","30yr",,,,,"1116580.03",,,,,,""
"2021-04-21","'3620ACZ98'","MBS","GNMA I 4.5% 08/39","30yr",,,,,"1116511",,,,,,""
"2021-04-21","'3132CWA61'","MBS","UMBS MORTPASS 3% 04/34","15yr",,,,,"1116431.01",,,,,,""
"2021-04-21","'3140L1FP5'","MBS","UMBS MORTPASS 2% 09/35","15yr",,,,,"1116395.51",,,,,,""
"2021-04-21","'3140HDJ47'","MBS","UMBS MORTPASS 4% 10/48","30yr",,,,,"1116341.23",,,,,,""
"2021-04-21","'31417QVS0'","MBS","UMBS MORTPASS 4% 11/24","15yr",,,,,"1116112.49",,,,,,""
"2021-04-21","'36180MXT9'","MBS","GNMA I 3.5% 03/43","30yr",,,,,"1115331.9",,,,,,""
"2021-04-21","'3140K9G60'","MBS","UMBS MORTPASS 3% 01/50","30yr",,,,,"1115178.84",,,,,,""
"2021-04-21","'3140GUPM3'","MBS","UMBS MORTPASS 4% 02/48","30yr",,,,,"1114778.14",,,,,,""
"2021-04-21","'3140K3YZ9'","MBS","UMBS MORTPASS 2.5% 01/35","15yr",,,,,"1114768.69",,,,,,""
"2021-04-21","'3138WWCP2'","MBS","UMBS MORTPASS 3.5% 05/43","30yr",,,,,"1114759.26",,,,,,""
"2021-04-21","'3140KRGY9'","MBS","UMBS MORTPASS 2% 09/35","15yr",,,,,"1114390.18",,,,,,""
"2021-04-21","'3132AAAG9'","MBS","UMBS MORTPASS 2.5% 02/33","Other",,,,,"1114362.15",,,,,,""
"2021-04-21","'36179HUK5'","MBS","GNMA I MORTPASS 3% 12/42","30yr",,,,,"1114014.23",,,,,,""
"2021-04-21","'3138WND48'","MBS","UMBS MORTPASS 3% 04/28","15yr",,,,,"1113722.45",,,,,,""
"2021-04-21","'31292MEN9'","MBS","FHLMCGLD 3% 03/43","30yr",,,,,"1113511.06",,,,,,""
"2021-04-21","'3140HASP6'","MBS","UMBS MORTPASS 3.5% 05/48","30yr",,,,,"1113488.88",,,,,,""
"2021-04-21","'31307D2B1'","MBS","FHLMCGLD 3% 08/28","15yr",,,,,"1113357.59",,,,,,""
"2021-04-21","'3132HRRC6'","MBS","FHLMCGLD 3% 01/43","30yr",,,,,"1112791.18",,,,,,""
"2021-04-21","'3140K2NE0'","MBS","UMBS MORTPASS 1.5% 04/36","15yr",,,,,"1112757",,,,,,""
"2021-04-21","'3133AJLH4'","MBS","UMBS MORTPASS 2% 03/51","30yr",,,,,"1112601.93",,,,,,""
"2021-04-21","'3138X2WN0'","MBS","UMBS MORTPASS 3% 08/28","15yr",,,,,"1112520.76",,,,,,""
"2021-04-21","'31339S3F0'","MBS","UMBS MORTPASS 3.5% 09/49","30yr",,,,,"1112498.71",,,,,,""
"2021-04-21","'31307FRC7'","MBS","FHLMCGLD 3% 12/28","15yr",,,,,"1112411.4",,,,,,""
"2021-04-21","'3140KXSD9'","MBS","UMBS MORTPASS 1.5% 12/50","30yr",,,,,"1111895.17",,,,,,""
"2021-04-21","'36176PR57'","MBS","GNMA I 3.5% 12/41","30yr",,,,,"1111741.86",,,,,,""
"2021-04-21","'3140X4N36'","MBS","UMBS MORTPASS 2% 03/33","15yr",,,,,"1111657.75",,,,,,""
"2021-04-21","'3140JUTF1'","MBS","UMBS MORTPASS 4.5% 06/49","30yr",,,,,"1111163.12",,,,,,""
"2021-04-21","'31307RGN9'","MBS","FHLMCGLD 3% 06/31","15yr",,,,,"1110972.42",,,,,,""
"2021-04-21","'3140J57D5'","MBS","UMBS MORTPASS 3% 06/32","15yr",,,,,"1110950.19",,,,,,""
"2021-04-21","'3140E0RE7'","MBS","UMBS MORTPASS 3% 10/30","15yr",,,,,"1110768.2",,,,,,""
"2021-04-21","'3140QCST4'","MBS","UMBS MORTPASS 3% 05/28","Other",,,,,"1110632.45",,,,,,""
"2021-04-21","'31417GD60'","MBS","UMBS MORTPASS 2.5% 04/28","15yr",,,,,"1109634.54",,,,,,""
"2021-04-21","'31307F6E6'","MBS","FHLMCGLD 3.5% 01/29","15yr",,,,,"1109195.3",,,,,,""
"2021-04-21","'31334WBY6'","MBS","UMBS MORTPASS 3% 06/49","30yr",,,,,"1109134.94",,,,,,""
"2021-04-21","'3133AFRN3'","MBS","UMBS MORTPASS 2% 02/51","30yr",,,,,"1108866.64",,,,,,""
"2021-04-21","'3140QCHN9'","MBS","UMBS MORTPASS 3% 11/49","30yr",,,,,"1108800.5",,,,,,""
"2021-04-21","'3131XWEX7'","MBS","UMBS MORTPASS 3% 03/47","30yr",,,,,"1108778.2",,,,,,""
"2021-04-21","'31417GPF7'","MBS","UMBS MORTPASS 2.5% 05/28","15yr",,,,,"1108586.99",,,,,,""
"2021-04-21","'31307HC39'","MBS","FHLMCGLD 3% 05/29","15yr",,,,,"1108320.19",,,,,,""
"2021-04-21","'3140JRQS3'","MBS","UMBS MORTPASS 3.5% 04/49","30yr",,,,,"1107877.43",,,,,,""
"2021-04-21","'3138YFBE3'","MBS","UMBS MORTPASS 3% 01/45","30yr",,,,,"1107749.05",,,,,,""
"2021-04-21","'3138X5FE2'","MBS","UMBS MORTPASS 4% 11/43","30yr",,,,,"1107718.43",,,,,,""
"2021-04-21","'3138WHWR9'","MBS","UMBS MORTPASS 2% 09/31","15yr",,,,,"1107283.72",,,,,,""
"2021-04-21","'3132J9YK8'","MBS","FHLMCGLD 3% 05/43","30yr",,,,,"1107066.9",,,,,,""
"2021-04-21","'3128MERR4'","MBS","FHLMCGLD 3% 12/30","15yr",,,,,"1106891.24",,,,,,""
"2021-04-21","'31410LJL7'","MBS","UMBS MORTPASS 2.5% 08/27","15yr",,,,,"1106766.65",,,,,,""
"2021-04-21","'3138W5RY6'","MBS","UMBS MORTPASS 3% 03/43","30yr",,,,,"1106731.72",,,,,,""
"2021-04-21","'31307PHK8'","MBS","FHLMCGLD 2.5% 10/30","15yr",,,,,"1106574.49",,,,,,""
"2021-04-21","'3140EWHE8'","MBS","UMBS MORTPASS 3% 08/46","30yr",,,,,"1106464.74",,,,,,""
"2021-04-21","'3140KNQ50'","MBS","UMBS MORTPASS 2% 09/50","30yr",,,,,"1106408.59",,,,,,""
"2021-04-21","'3133G9MT3'","MBS","UMBS MORTPASS 2% 07/35","15yr",,,,,"1106192.8",,,,,,""
"2021-04-21","'3133A5BP7'","MBS","UMBS MORTPASS 3% 06/50","30yr",,,,,"1106127.18",,,,,,""
"2021-04-21","'31418CCX0'","MBS","UMBS MORTPASS 3% 10/26","Other",,,,,"1105930.2",,,,,,""
"2021-04-21","'3140E3BT5'","MBS","UMBS MORTPASS 2.5% 10/30","15yr",,,,,"1104511.16",,,,,,""
"2021-04-21","'3140FFDU2'","MBS","UMBS MORTPASS 3% 10/31","15yr",,,,,"1104445.87",,,,,,""
"2021-04-21","'36176H2D5'","MBS","GNMA I MORTPASS 3% 08/42","30yr",,,,,"1103803.12",,,,,,""
"2021-04-21","'36179HZR5'","MBS","GNMA I MORTPASS 3% 01/43","30yr",,,,,"1103565.06",,,,,,""
"2021-04-21","'3132A7PQ8'","MBS","UMBS MORTPASS 2.5% 06/23","Other",,,,,"1102795.82",,,,,,""
"2021-04-21","'3140JLVX9'","MBS","UMBS MORTPASS 4.5% 01/49","30yr",,,,,"1102651.31",,,,,,""
"2021-04-21","'3140L3EV9'","MBS","UMBS MORTPASS 1.5% 03/36","15yr",,,,,"1101526",,,,,,""
"2021-04-21","'3138WWXA2'","MBS","UMBS MORTPASS 3% 06/28","15yr",,,,,"1101475.49",,,,,,""
"2021-04-21","'31307GBP3'","MBS","FHLMCGLD 3.5% 02/29","15yr",,,,,"1100466.16",,,,,,""
"2021-04-21","'31307CZE1'","MBS","FHLMCGLD 3% 06/28","15yr",,,,,"1099906.69",,,,,,""
"2021-04-21","'3138WNXU8'","MBS","UMBS MORTPASS 2.5% 06/28","15yr",,,,,"1099806.15",,,,,,""
"2021-04-21","'31329PKE2'","MBS","UMBS MORTPASS 4.5% 09/48","30yr",,,,,"1099716.34",,,,,,""
"2021-04-21","'3140J96G1'","MBS","UMBS MORTPASS 2.5% 05/28","Other",,,,,"1099270.13",,,,,,""
"2021-04-21","'3138WDNT4'","MBS","UMBS MORTPASS 3% 12/44","30yr",,,,,"1098790.5",,,,,,""
"2021-04-21","'36178NNN5'","MBS","GNMA I MORTPASS 3% 12/42","30yr",,,,,"1098732.81",,,,,,""
"2021-04-21","'31334WBJ9'","MBS","UMBS MORTPASS 4% 06/49","30yr",,,,,"1098583.94",,,,,,""
"2021-04-21","'3140F5LU5'","MBS","UMBS MORTPASS 2% 11/31","15yr",,,,,"1097764.2",,,,,,""
"2021-04-21","'31368HMQ3'","MBS","UMBS MORTPASS 5.5% 01/36","30yr",,,,,"1097510.76",,,,,,""
"2021-04-21","'3140KC4C3'","MBS","UMBS MORTPASS 2.5% 05/35","15yr",,,,,"1097493.01",,,,,,""
"2021-04-21","'3138WDM81'","MBS","UMBS MORTPASS 3% 06/27","15yr",,,,,"1096319.69",,,,,,""
"2021-04-21","'3133GBBA1'","MBS","UMBS MORTPASS 1.5% 11/35","15yr",,,,,"1096315.68",,,,,,""
"2021-04-21","'3133A7EB1'","MBS","UMBS MORTPASS 2% 07/50","30yr",,,,,"1095689.41",,,,,,""
"2021-04-21","'31418DBL5'","MBS","UMBS MORTPASS 3% 02/39","Other",,,,,"1095295.88",,,,,,""
"2021-04-21","'3138EJ5S3'","MBS","UMBS MORTPASS 2.5% 10/27","15yr",,,,,"1095221.35",,,,,,""
"2021-04-21","'31307FY21'","MBS","FHLMCGLD 3% 01/29","15yr",,,,,"1095122.65",,,,,,""
"2021-04-21","'3140QCLT1'","MBS","UMBS MORTPASS 4.5% 09/49","30yr",,,,,"1095026.35",,,,,,""
"2021-04-21","'3140JLSJ4'","MBS","UMBS MORTPASS 1.5% 03/36","15yr",,,,,"1095000",,,,,,""
"2021-04-21","'3128MF2L1'","MBS","FHLMCGLD 5% 12/24","15yr",,,,,"1094635.08",,,,,,"Y"
"2021-04-21","'31339SCY9'","MBS","UMBS MORTPASS 3% 09/49","30yr",,,,,"1094392.07",,,,,,""
"2021-04-21","'3140Q8E35'","MBS","UMBS MORTPASS 3.5% 01/48","30yr",,,,,"1094021.93",,,,,,""
"2021-04-21","'3133AGP37'","MBS","UMBS MORTPASS 1.5% 02/51","30yr",,,,,"1093748",,,,,,""
"2021-04-21","'3140JUDL5'","MBS","UMBS MORTPASS 4% 05/49","30yr",,,,,"1093671.13",,,,,,""
"2021-04-21","'3138LTZ68'","MBS","UMBS MORTPASS 2.5% 06/27","15yr",,,,,"1093347",,,,,,""
"2021-04-21","'3140FF5M9'","MBS","UMBS MORTPASS 2.5% 09/31","15yr",,,,,"1092919.07",,,,,,""
"2021-04-21","'3132QPL44'","MBS","FHLMCGLD 3% 04/45","30yr",,,,,"1092882.09",,,,,,""
"2021-04-21","'3133A0S39'","MBS","UMBS MORTPASS 3% 01/50","30yr",,,,,"1092865.35",,,,,,""
"2021-04-21","'3138YANU5'","MBS","UMBS MORTPASS 2.5% 11/29","15yr",,,,,"1092652.68",,,,,,""
"2021-04-21","'3140Q7QQ3'","MBS","UMBS MORTPASS 3.5% 09/47","30yr",,,,,"1091695.21",,,,,,""
"2021-04-21","'3133A1C75'","MBS","UMBS MORTPASS 3.5% 01/50","30yr",,,,,"1091670.78",,,,,,""
"2021-04-21","'3140H5TN1'","MBS","UMBS MORTPASS 3% 04/33","15yr",,,,,"1090359.27",,,,,,""
"2021-04-21","'3138WJV54'","MBS","UMBS MORTPASS 2% 01/27","Other",,,,,"1090275.65",,,,,,""
"2021-04-21","'3131X8LC8'","MBS","UMBS MORTPASS 2.5% 12/27","15yr",,,,,"1089902.89",,,,,,""
"2021-04-21","'3138MGJ63'","MBS","UMBS MORTPASS 2.5% 10/42","30yr",,,,,"1089841.58",,,,,,""
"2021-04-21","'31307QNF0'","MBS","FHLMCGLD 2.5% 03/31","15yr",,,,,"1089723.43",,,,,,""
"2021-04-21","'3140FHXZ5'","MBS","UMBS MORTPASS 3% 12/31","15yr",,,,,"1089344.4",,,,,,""
"2021-04-21","'3140KEZG6'","MBS","UMBS MORTPASS 2% 08/35","15yr",,,,,"1089040.25",,,,,,""
"2021-04-21","'3138XJJW8'","MBS","UMBS MORTPASS 4% 03/44","30yr",,,,,"1088878.56",,,,,,""
"2021-04-21","'3133HMCR8'","MBS","UMBS MORTPASS 2.5% 03/30","Other",,,,,"1088833.35",,,,,,""
"2021-04-21","'3140H5NR8'","MBS","UMBS MORTPASS 3% 02/33","15yr",,,,,"1088685.04",,,,,,""
"2021-04-21","'36181CYY8'","MBS","GNMA I 3.5% 10/43","30yr",,,,,"1088357.13",,,,,,""
"2021-04-21","'3138Y0C96'","MBS","UMBS MORTPASS 3.5% 08/29","15yr",,,,,"1088153.83",,,,,,""
"2021-04-21","'3138W9LD0'","MBS","UMBS MORTPASS 2.5% 08/23","Other",,,,,"1088094.82",,,,,,""
"2021-04-21","'3133AGT74'","MBS","UMBS MORTPASS 2.5% 03/51","30yr",,,,,"1087679.68",,,,,,""
"2021-04-21","'3131Y0WX6'","MBS","UMBS MORTPASS 3.5% 04/48","30yr",,,,,"1087398.59",,,,,,""
"2021-04-21","'3138WDM57'","MBS","UMBS MORTPASS 2.5% 05/29","15yr",,,,,"1086914.71",,,,,,""
"2021-04-21","'3138M8HY2'","MBS","UMBS MORTPASS 3% 08/27","15yr",,,,,"1086722.59",,,,,,""
"2021-04-21","'3132DMEX9'","MBS","UMBS MORTPASS 3.5% 10/49","30yr",,,,,"1086405.55",,,,,,""
"2021-04-21","'3138X5N94'","MBS","UMBS MORTPASS 3% 08/28","15yr",,,,,"1086316.11",,,,,,""
"2021-04-21","'3140L52X3'","MBS","UMBS MORTPASS 1.5% 03/51","30yr",,,,,"1085967.74",,,,,,""
"2021-04-21","'3140F13X8'","MBS","UMBS MORTPASS 2.5% 04/31","15yr",,,,,"1085195.58",,,,,,""
"2021-04-21","'3140FSND1'","MBS","UMBS MORTPASS 3% 02/32","15yr",,,,,"1084385.63",,,,,,""
"2021-04-21","'3140FMEH5'","MBS","UMBS MORTPASS 3% 11/31","15yr",,,,,"1084358.28",,,,,,""
"2021-04-21","'3138M86V0'","MBS","UMBS MORTPASS 3.5% 08/42","30yr",,,,,"1084057.82",,,,,,""
"2021-04-21","'3140KEDN5'","MBS","UMBS MORTPASS 3.5% 06/50","30yr",,,,,"1083839.64",,,,,,""
"2021-04-21","'31307PCR8'","MBS","FHLMCGLD 2.5% 09/30","15yr",,,,,"1082874.51",,,,,,""
"2021-04-21","'3140HPVV6'","MBS","UMBS MORTPASS 3% 10/33","15yr",,,,,"1082634.07",,,,,,""
"2021-04-21","'3140HF5M7'","MBS","UMBS MORTPASS 2% 06/45","30yr",,,,,"1082183.21",,,,,,""
"2021-04-21","'3140QCSS6'","MBS","UMBS MORTPASS 2% 01/30","Other",,,,,"1082024.99",,,,,,""
"2021-04-21","'3132M56Z0'","MBS","FHLMCGLD 4% 04/44","30yr",,,,,"1082010.7",,,,,,""
"2021-04-21","'3140HB7C6'","MBS","UMBS MORTPASS 2.5% 11/49","30yr",,,,,"1081598.32",,,,,,""
"2021-04-21","'3140F9AF2'","MBS","UMBS MORTPASS 2.5% 07/31","15yr",,,,,"1080242.64",,,,,,""
"2021-04-21","'3140K83N9'","MBS","UMBS MORTPASS 3% 05/50","30yr",,,,,"1080200.12",,,,,,""
"2021-04-21","'3140JHBS1'","MBS","UMBS MORTPASS 4.5% 11/48","30yr",,,,,"1079633.47",,,,,,""
"2021-04-21","'3140HN5G3'","MBS","UMBS MORTPASS 4% 09/48","30yr",,,,,"1079486.52",,,,,,""
"2021-04-21","'3128MJWJ5'","MBS","FHLMCGLD 3% 06/45","30yr",,,,,"1079263.15",,,,,,""
"2021-04-21","'3140FNUM4'","MBS","UMBS MORTPASS 3.5% 11/46","30yr",,,,,"1079122.94",,,,,,""
"2021-04-21","'3140KWBH0'","MBS","UMBS MORTPASS 1.5% 02/51","30yr",,,,,"1078903",,,,,,""
"2021-04-21","'3140QCJ56'","MBS","UMBS MORTPASS 2.5% 09/49","30yr",,,,,"1078882.48",,,,,,""
"2021-04-21","'31307UFT0'","MBS","FHLMCGLD 3.5% 07/32","15yr",,,,,"1078743.42",,,,,,""
"2021-04-21","'3140HAW97'","MBS","UMBS MORTPASS 3.5% 08/44","30yr",,,,,"1078618.66",,,,,,""
"2021-04-21","'31329P6E8'","MBS","UMBS MORTPASS 4.5% 01/49","30yr",,,,,"1078573.65",,,,,,""
"2021-04-21","'3132WMW83'","MBS","FHLMCGLD 3% 05/47","30yr",,,,,"1078328.67",,,,,,""
"2021-04-21","'3132A9QE0'","MBS","UMBS MORTPASS 2.5% 02/30","15yr",,,,,"1078314.81",,,,,,""
"2021-04-21","'3138W5YB8'","MBS","UMBS MORTPASS 3% 03/28","15yr",,,,,"1078153.16",,,,,,""
"2021-04-21","'3138E54C9'","MBS","UMBS MORTPASS 3% 05/27","15yr",,,,,"1078017.23",,,,,,""
"2021-04-21","'3128MJUK4'","MBS","FHLMCGLD 3.5% 05/44","30yr",,,,,"1077358.74",,,,,,""
"2021-04-21","'3140FMGA8'","MBS","UMBS MORTPASS 3% 03/32","15yr",,,,,"1076527.59",,,,,,""
"2021-04-21","'36230SLG7'","MBS","GNMA I 3.5% 06/42","30yr",,,,,"1075760.95",,,,,,""
"2021-04-21","'3140H5MP3'","MBS","UMBS MORTPASS 3.5% 01/48","30yr",,,,,"1075455.12",,,,,,""
"2021-04-21","'3138EJRG5'","MBS","UMBS MORTPASS 3% 09/27","15yr",,,,,"1075327.63",,,,,,""
"2021-04-21","'31417AW96'","MBS","UMBS MORTPASS 2.5% 01/27","15yr",,,,,"1075209.36",,,,,,""
"2021-04-21","'3140KC3Y6'","MBS","UMBS MORTPASS 2.5% 03/50","30yr",,,,,"1074770.46",,,,,,""
"2021-04-21","'31307UVX3'","MBS","FHLMCGLD 3% 11/27","15yr",,,,,"1074553.64",,,,,,""
"2021-04-21","'3140F3QJ0'","MBS","UMBS MORTPASS 2.5% 04/31","15yr",,,,,"1073668.51",,,,,,""
"2021-04-21","'3138MJM71'","MBS","UMBS MORTPASS 2.5% 10/27","15yr",,,,,"1073586.42",,,,,,""
"2021-04-21","'3138WVBV2'","MBS","UMBS MORTPASS 2.5% 08/28","15yr",,,,,"1073351.2",,,,,,""
"2021-04-21","'3140HD4F8'","MBS","UMBS MORTPASS 4% 05/48","30yr",,,,,"1072905.24",,,,,,""
"2021-04-21","'36177TMC8'","MBS","GNMA I MORTPASS 3% 09/42","30yr",,,,,"1072817.21",,,,,,""
"2021-04-21","'3140K4EJ5'","MBS","UMBS MORTPASS 3.5% 11/49","30yr",,,,,"1072760.61",,,,,,""
"2021-04-21","'3132A9PN1'","MBS","UMBS MORTPASS 2.5% 06/29","15yr",,,,,"1072627.09",,,,,,""
"2021-04-21","'3138X5SW8'","MBS","UMBS MORTPASS 3% 09/28","15yr",,,,,"1072281.83",,,,,,""
"2021-04-21","'31307DHW9'","MBS","FHLMCGLD 3% 07/28","15yr",,,,,"1072080.48",,,,,,""
"2021-04-21","'31307T5P2'","MBS","FHLMCGLD 3% 06/32","15yr",,,,,"1071687.9",,,,,,""
"2021-04-21","'3138WFZC3'","MBS","UMBS MORTPASS 2.5% 11/25","Other",,,,,"1071293.19",,,,,,""
"2021-04-21","'36295R4L9'","MBS","GNMA I MORTPASS 4% 03/39","30yr",,,,,"1071079.65",,,,,,""
"2021-04-21","'3140HJT68'","MBS","UMBS MORTPASS 4% 04/48","30yr",,,,,"1070406.79",,,,,,""
"2021-04-21","'3138LQ3B8'","MBS","UMBS MORTPASS 2.5% 04/27","15yr",,,,,"1070193.55",,,,,,""
"2021-04-21","'3140JLME1'","MBS","UMBS MORTPASS 4% 01/49","30yr",,,,,"1069555.3",,,,,,""
"2021-04-21","'3138Y7PB2'","MBS","UMBS MORTPASS 3% 10/44","30yr",,,,,"1069003.11",,,,,,""
"2021-04-21","'3133A8BS5'","MBS","UMBS MORTPASS 2% 03/50","30yr",,,,,"1068498.8",,,,,,""
"2021-04-21","'3138W66B7'","MBS","UMBS MORTPASS 2.5% 03/28","15yr",,,,,"1068368.73",,,,,,""
"2021-04-21","'3140K8Z46'","MBS","UMBS MORTPASS 3.5% 02/50","30yr",,,,,"1068186",,,,,,""
"2021-04-21","'3138YUWX5'","MBS","UMBS MORTPASS 3% 07/30","15yr",,,,,"1067987.89",,,,,,""
"2021-04-21","'3131X7TK4'","MBS","UMBS MORTPASS 2.5% 05/27","15yr",,,,,"1067870.97",,,,,,""
"2021-04-21","'36177WLM0'","MBS","GNMA I 3.5% 05/42","30yr",,,,,"1067721.41",,,,,,""
"2021-04-21","'3133GAUB0'","MBS","UMBS MORTPASS 1.5% 11/35","15yr",,,,,"1067422.47",,,,,,""
"2021-04-21","'3138WAFE2'","MBS","UMBS MORTPASS 3% 11/28","15yr",,,,,"1067157.77",,,,,,""
"2021-04-21","'3140L1L52'","MBS","UMBS MORTPASS 1.5% 03/36","15yr",,,,,"1067148",,,,,,""
"2021-04-21","'3140H8AR6'","MBS","UMBS MORTPASS 2.5% 01/50","30yr",,,,,"1066014.59",,,,,,""
"2021-04-21","'3138YKTG8'","MBS","UMBS MORTPASS 3% 05/45","30yr",,,,,"1065750.01",,,,,,""
"2021-04-21","'3129355F2'","MBS","FHLMCGLD 4% 09/39","30yr",,,,,"1065480.81",,,,,,""
"2021-04-21","'36180NP33'","MBS","GNMA I MORTPASS 3% 04/43","30yr",,,,,"1065199.82",,,,,,""
"2021-04-21","'3140KRHQ5'","MBS","UMBS MORTPASS 2% 09/35","15yr",,,,,"1065123.9",,,,,,""
"2021-04-21","'3140JATS7'","MBS","UMBS MORTPASS 4% 08/48","30yr",,,,,"1064444.41",,,,,,""
"2021-04-21","'3132A9TF4'","MBS","UMBS MORTPASS 2.5% 04/32","15yr",,,,,"1063989.26",,,,,,""
"2021-04-21","'3140FFRK9'","MBS","UMBS MORTPASS 3% 01/32","15yr",,,,,"1063489.14",,,,,,""
"2021-04-21","'36179UPA4'","MBS","GNMA II MORTPASS 4% 03/49","30yr",,,,,"1063222.05",,,,,,""
"2021-04-21","'3620A2ZZ2'","MBS","GNMA I 4.5% 07/39","30yr",,,,,"1062002.41",,,,,,""
"2021-04-21","'3138AVKK0'","MBS","UMBS MORTPASS 4% 10/41","30yr",,,,,"1061873.06",,,,,,""
"2021-04-21","'3138YAXH3'","MBS","UMBS MORTPASS 3% 02/30","15yr",,,,,"1061835.76",,,,,,""
"2021-04-21","'3138X5RC3'","MBS","UMBS MORTPASS 4% 09/43","30yr",,,,,"1061712.84",,,,,,""
"2021-04-21","'3132WMSG0'","MBS","FHLMCGLD 3% 04/47","30yr",,,,,"1061514.35",,,,,,""
"2021-04-21","'3140X5MZ3'","MBS","UMBS MORTPASS 3% 01/30","Other",,,,,"1061206.85",,,,,,""
"2021-04-21","'3140K3ZP0'","MBS","UMBS MORTPASS 3% 02/30","Other",,,,,"1060599.32",,,,,,""
"2021-04-21","'3140HPVY0'","MBS","UMBS MORTPASS 4% 10/48","30yr",,,,,"1059640.17",,,,,,""
"2021-04-21","'3140H5ZC8'","MBS","UMBS MORTPASS 3% 12/47","30yr",,,,,"1059031.93",,,,,,""
"2021-04-21","'3138XPF40'","MBS","UMBS MORTPASS 3.5% 02/29","15yr",,,,,"1058551.51",,,,,,""
"2021-04-21","'3131X8WZ5'","MBS","UMBS MORTPASS 2% 03/28","15yr",,,,,"1058181.9",,,,,,""
"2021-04-21","'31307GWZ8'","MBS","FHLMCGLD 3.5% 04/29","15yr",,,,,"1058175.03",,,,,,""
"2021-04-21","'3131X8C87'","MBS","UMBS MORTPASS 2.5% 11/27","15yr",,,,,"1058093.59",,,,,,""
"2021-04-21","'31307PZ36'","MBS","FHLMCGLD 3% 01/31","15yr",,,,,"1057837.08",,,,,,""
"2021-04-21","'3140K7GU1'","MBS","UMBS MORTPASS 3% 01/50","30yr",,,,,"1057816.23",,,,,,""
"2021-04-21","'3138YNLW5'","MBS","UMBS MORTPASS 2.5% 08/30","15yr",,,,,"1057737.05",,,,,,""
"2021-04-21","'3138XR5L9'","MBS","UMBS MORTPASS 3.5% 10/44","30yr",,,,,"1057677.16",,,,,,""
"2021-04-21","'3140KQNW7'","MBS","UMBS MORTPASS 2.5% 09/50","30yr",,,,,"1057512.17",,,,,,""
"2021-04-21","'31416XHY9'","MBS","UMBS MORTPASS 3% 01/26","15yr",,,,,"1057368.17",,,,,,""
"2021-04-21","'3131X8BN5'","MBS","UMBS MORTPASS 2.5% 10/27","15yr",,,,,"1057325.16",,,,,,""
"2021-04-21","'3140KT2T1'","MBS","UMBS MORTPASS 1.5% 01/51","30yr",,,,,"1056868.12",,,,,,""
"2021-04-21","'3133AGE54'","MBS","UMBS MORTPASS 2% 02/51","30yr",,,,,"1056394.78",,,,,,""
"2021-04-21","'36297FH88'","MBS","GNMA I MORTPASS 4% 07/39","30yr",,,,,"1055940.94",,,,,,""
"2021-04-21","'3133A4BV7'","MBS","UMBS MORTPASS 3% 04/45","30yr",,,,,"1055443.67",,,,,,""
"2021-04-21","'3140JUUF9'","MBS","UMBS MORTPASS 4.5% 06/49","30yr",,,,,"1055435.24",,,,,,""
"2021-04-21","'3140GY4N6'","MBS","UMBS MORTPASS 3% 10/32","15yr",,,,,"1054592.04",,,,,,""
"2021-04-21","'3140H6N70'","MBS","UMBS MORTPASS 3% 02/33","15yr",,,,,"1054439.03",,,,,,""
"2021-04-21","'3140J9VB4'","MBS","UMBS MORTPASS 3% 12/32","15yr",,,,,"1054113.94",,,,,,""
"2021-04-21","'3140HAQB9'","MBS","UMBS MORTPASS 3.5% 02/48","30yr",,,,,"1053721.19",,,,,,""
"2021-04-21","'36180ULX5'","MBS","GNMA I MORTPASS 3% 05/43","30yr",,,,,"1053700.92",,,,,,""
"2021-04-21","'3131XVVQ5'","MBS","UMBS MORTPASS 3% 01/47","30yr",,,,,"1053303.29",,,,,,""
"2021-04-21","'3140K2AY0'","MBS","UMBS MORTPASS 3% 09/49","30yr",,,,,"1053293.39",,,,,,""
"2021-04-21","'31307SBW2'","MBS","FHLMCGLD 2% 10/31","15yr",,,,,"1053101.18",,,,,,""
"2021-04-21","'3140K4EM8'","MBS","UMBS MORTPASS 2.5% 11/34","15yr",,,,,"1052922.68",,,,,,""
"2021-04-21","'31307QVN4'","MBS","FHLMCGLD 2.5% 04/31","15yr",,,,,"1052889.99",,,,,,""
"2021-04-21","'3132A9M38'","MBS","UMBS MORTPASS 2.5% 02/28","15yr",,,,,"1052687.04",,,,,,""
"2021-04-21","'3132A7XH9'","MBS","UMBS MORTPASS 2.5% 07/24","Other",,,,,"1052617.1",,,,,,""
"2021-04-21","'3138YMPT0'","MBS","UMBS MORTPASS 3% 05/45","30yr",,,,,"1052472.17",,,,,,""
"2021-04-21","'3138Y9EJ3'","MBS","UMBS MORTPASS 3% 09/44","30yr",,,,,"1051592.21",,,,,,""
"2021-04-21","'3620A7BX2'","MBS","GNMA I 4.5% 12/39","30yr",,,,,"1051240.9",,,,,,""
"2021-04-21","'3138YKZU0'","MBS","UMBS MORTPASS 3% 03/30","15yr",,,,,"1050511.56",,,,,,""
"2021-04-21","'3140HEEN8'","MBS","UMBS MORTPASS 3.5% 03/33","15yr",,,,,"1050391.26",,,,,,""
"2021-04-21","'3138AWLV3'","MBS","UMBS MORTPASS 3% 11/26","15yr",,,,,"1050327.64",,,,,,""
"2021-04-21","'31418B3M6'","MBS","UMBS MORTPASS 2% 04/31","15yr",,,,,"1050042.8",,,,,,""
"2021-04-21","'3140KUD25'","MBS","UMBS MORTPASS 2% 11/35","15yr",,,,,"1049599.65",,,,,,""
"2021-04-21","'3140L6LZ5'","MBS","UMBS MORTPASS 1.5% 02/36","15yr",,,,,"1049076",,,,,,""
"2021-04-21","'31410LRU8'","MBS","UMBS MORTPASS 2.5% 01/26","Other",,,,,"1048751.44",,,,,,""
"2021-04-21","'31417B5T0'","MBS","UMBS MORTPASS 2.5% 06/27","15yr",,,,,"1048732.08",,,,,,""
"2021-04-21","'3138MQDG5'","MBS","UMBS MORTPASS 2.5% 01/28","15yr",,,,,"1048689.51",,,,,,""
"2021-04-21","'31307LES3'","MBS","FHLMCGLD 3% 12/29","15yr",,,,,"1048486.17",,,,,,""
"2021-04-21","'31307TBG5'","MBS","FHLMCGLD 3% 02/32","15yr",,,,,"1048401.3",,,,,,""
"2021-04-21","'3138EKAW5'","MBS","UMBS MORTPASS 3% 11/27","15yr",,,,,"1048350.61",,,,,,""
"2021-04-21","'3132J6EC4'","MBS","FHLMCGLD 3% 02/43","30yr",,,,,"1048121.86",,,,,,""
"2021-04-21","'3138WT5U6'","MBS","UMBS MORTPASS 3% 06/28","15yr",,,,,"1047956.22",,,,,,""
"2021-04-21","'3140KCTF9'","MBS","UMBS MORTPASS 3% 04/50","30yr",,,,,"1047133.38",,,,,,""
"2021-04-21","'3138Y4LN7'","MBS","UMBS MORTPASS 3% 10/29","15yr",,,,,"1046999.03",,,,,,""
"2021-04-21","'36297BEM9'","MBS","GNMA I MORTPASS 4% 05/39","30yr",,,,,"1046141.45",,,,,,""
"2021-04-21","'36180Y7L9'","MBS","GNMA I 3.5% 06/43","30yr",,,,,"1046110.14",,,,,,""
"2021-04-21","'36296LNC0'","MBS","GNMA I MORTPASS 4% 04/39","30yr",,,,,"1045975.12",,,,,,""
"2021-04-21","'3133G6VC6'","MBS","UMBS MORTPASS 3% 09/34","15yr",,,,,"1045707.66",,,,,,""
"2021-04-21","'3131X63Q1'","MBS","UMBS MORTPASS 3% 09/26","15yr",,,,,"1045450.12",,,,,,""
"2021-04-21","'3138M1PB8'","MBS","UMBS MORTPASS 3.5% 07/42","30yr",,,,,"1045112.7",,,,,,""
"2021-04-21","'3140JWTZ3'","MBS","UMBS MORTPASS 3% 11/49","30yr",,,,,"1044952.3",,,,,,""
"2021-04-21","'36178GSK1'","MBS","GNMA I MORTPASS 3% 01/43","30yr",,,,,"1044873.26",,,,,,""
"2021-04-21","'3138W63H7'","MBS","UMBS MORTPASS 2.5% 03/33","Other",,,,,"1044435.36",,,,,,""
"2021-04-21","'31417FP36'","MBS","UMBS MORTPASS 2.5% 03/28","15yr",,,,,"1044011.59",,,,,,""
"2021-04-21","'3620A7B46'","MBS","GNMA I 4.5% 12/39","30yr",,,,,"1043873.59",,,,,,""
"2021-04-21","'3138M7PV1'","MBS","UMBS MORTPASS 3% 08/27","15yr",,,,,"1043753.09",,,,,,""
"2021-04-21","'36178NLD9'","MBS","GNMA I MORTPASS 3% 10/42","30yr",,,,,"1043505.12",,,,,,""
"2021-04-21","'36296FTQ6'","MBS","GNMA I 4.5% 07/39","30yr",,,,,"1043161.59",,,,,,""
"2021-04-21","'3620AQKF9'","MBS","GNMA I MORTPASS 5% 03/40","30yr",,,,,"1042548.85",,,,,,""
"2021-04-21","'3131Y9FC2'","MBS","UMBS MORTPASS 4.5% 01/49","30yr",,,,,"1042284.35",,,,,,""
"2021-04-21","'31414UJP4'","MBS","UMBS MORTPASS 5% 04/38","30yr",,,,,"1041891.08",,,,,,""
"2021-04-21","'3138YJXZ4'","MBS","UMBS MORTPASS 3.5% 04/45","30yr",,,,,"1041855.11",,,,,,""
"2021-04-21","'31329NS58'","MBS","UMBS MORTPASS 3% 09/47","30yr",,,,,"1041743.93",,,,,,""
"2021-04-21","'3140X7VU0'","MBS","UMBS MORTPASS 2.5% 09/50","30yr",,,,,"1041139.52",,,,,,""
"2021-04-21","'31307GHH5'","MBS","FHLMCGLD 3% 03/29","15yr",,,,,"1040809.14",,,,,,""
"2021-04-21","'3138YPLL4'","MBS","UMBS MORTPASS 3.5% 05/45","30yr",,,,,"1040771.92",,,,,,""
"2021-04-21","'3131XCJJ7'","MBS","UMBS MORTPASS 2.5% 11/31","15yr",,,,,"1040741.59",,,,,,""
"2021-04-21","'36230SKG8'","MBS","GNMA I 3.5% 03/42","30yr",,,,,"1039813.84",,,,,,""
"2021-04-21","'3128PS6U6'","MBS","FHLMCGLD 3.5% 11/25","15yr",,,,,"1039578.45",,,,,,""
"2021-04-21","'3140QCS98'","MBS","UMBS MORTPASS 3.5% 07/33","15yr",,,,,"1039441.24",,,,,,""
"2021-04-21","'3140KGFW8'","MBS","UMBS MORTPASS 3% 06/50","30yr",,,,,"1039206.46",,,,,,""
"2021-04-21","'3138ENHQ5'","MBS","UMBS MORTPASS 3% 06/28","15yr",,,,,"1038629.75",,,,,,""
"2021-04-21","'3138EDP88'","MBS","UMBS MORTPASS 3% 04/27","15yr",,,,,"1038278.1",,,,,,""
"2021-04-21","'3133KGFF0'","MBS","UMBS MORTPASS 3.5% 06/49","30yr",,,,,"1038134.74",,,,,,""
"2021-04-21","'3138AKDF3'","MBS","UMBS MORTPASS 3.5% 07/26","15yr",,,,,"1038112.99",,,,,,""
"2021-04-21","'31339U2B5'","MBS","UMBS MORTPASS 3% 11/49","30yr",,,,,"1037839.23",,,,,,""
"2021-04-21","'3140HKLX4'","MBS","UMBS MORTPASS 3.5% 06/33","15yr",,,,,"1037686.23",,,,,,""
"2021-04-21","'3128M8QV9'","MBS","FHLMCGLD 6% 03/39","30yr",,,,,"1037436.33",,,,,,"Y"
"2021-04-21","'31417DRC9'","MBS","UMBS MORTPASS 2.5% 11/27","15yr",,,,,"1037313.82",,,,,,""
"2021-04-21","'36295WER4'","MBS","GNMA I 4.5% 11/39","30yr",,,,,"1037106.9",,,,,,""
"2021-04-21","'3140HM6T6'","MBS","UMBS MORTPASS 4% 07/48","30yr",,,,,"1037075.45",,,,,,""
"2021-04-21","'31307GTB5'","MBS","FHLMCGLD 3% 03/29","15yr",,,,,"1037011.73",,,,,,""
"2021-04-21","'3133A2KR0'","MBS","UMBS MORTPASS 3% 02/50","30yr",,,,,"1036765.71",,,,,,""
"2021-04-21","'3133AFAF8'","MBS","UMBS MORTPASS 2.5% 01/51","30yr",,,,,"1036424.93",,,,,,""
"2021-04-21","'31307PMQ9'","MBS","FHLMCGLD 2.5% 10/30","15yr",,,,,"1036377.64",,,,,,""
"2021-04-21","'3138WBLX1'","MBS","UMBS MORTPASS 3% 04/29","15yr",,,,,"1036342.09",,,,,,""
"2021-04-21","'3140KRJ83'","MBS","UMBS MORTPASS 2% 11/35","15yr",,,,,"1036329",,,,,,""
"2021-04-21","'3140FEGN8'","MBS","UMBS MORTPASS 2.5% 09/31","15yr",,,,,"1036072.27",,,,,,""
"2021-04-21","'3140X66P1'","MBS","UMBS MORTPASS 2.5% 06/35","15yr",,,,,"1035800.45",,,,,,""
"2021-04-21","'31307QLC9'","MBS","FHLMCGLD 2.5% 03/31","15yr",,,,,"1035671.31",,,,,,""
"2021-04-21","'36178VB59'","MBS","GNMA I MORTPASS 3% 01/43","30yr",,,,,"1035640.14",,,,,,""
"2021-04-21","'3131Y0Z62'","MBS","UMBS MORTPASS 4% 04/48","30yr",,,,,"1035371.47",,,,,,""
"2021-04-21","'3128P7J79'","MBS","FHLMCGLD 5% 06/28","Other",,,,,"1034597.79",,,,,,""
"2021-04-21","'3133AGF53'","MBS","UMBS MORTPASS 2% 02/51","30yr",,,,,"1034499.42",,,,,,""
"2021-04-21","'36181A2H4'","MBS","GNMA I MORTPASS 3% 05/43","30yr",,,,,"1034470.6",,,,,,""
"2021-04-21","'3138WPU36'","MBS","UMBS MORTPASS 3.5% 04/43","30yr",,,,,"1034101.17",,,,,,""
"2021-04-21","'36180ULW7'","MBS","GNMA I MORTPASS 3% 05/43","30yr",,,,,"1033586.89",,,,,,""
"2021-04-21","'3140F9KM6'","MBS","UMBS MORTPASS 4.5% 01/47","30yr",,,,,"1033430.68",,,,,,""
"2021-04-21","'3138WBPN9'","MBS","UMBS MORTPASS 3% 04/29","15yr",,,,,"1033192.99",,,,,,""
"2021-04-21","'3140H5GT2'","MBS","UMBS MORTPASS 3% 12/32","15yr",,,,,"1032910.28",,,,,,""
"2021-04-21","'31418AWC8'","MBS","UMBS MORTPASS 2% 08/28","15yr",,,,,"1032856.24",,,,,,""
"2021-04-21","'3140HASV3'","MBS","UMBS MORTPASS 3.5% 05/33","15yr",,,,,"1032298.58",,,,,,""
"2021-04-21","'31417DBH5'","MBS","UMBS MORTPASS 2.5% 10/27","15yr",,,,,"1031982.82",,,,,,""
"2021-04-21","'3140L5Y83'","MBS","UMBS MORTPASS 2% 03/51","30yr",,,,,"1031978",,,,,,""
"2021-04-21","'31418AEK0'","MBS","UMBS MORTPASS 3% 04/32","Other",,,,,"1031965.69",,,,,,""
"2021-04-21","'31307MPZ3'","MBS","FHLMCGLD 2.5% 04/30","15yr",,,,,"1031918.59",,,,,,""
"2021-04-21","'31307SQB2'","MBS","FHLMCGLD 2.5% 12/31","15yr",,,,,"1031630.68",,,,,,""
"2021-04-21","'3132D9BD5'","MBS","UMBS MORTPASS 3% 06/38","Other",,,,,"1031517.37",,,,,,""
"2021-04-21","'3140HDXW9'","MBS","UMBS MORTPASS 4% 01/50","30yr",,,,,"1031250.03",,,,,,""
"2021-04-21","'3140L8FL9'","MBS","UMBS MORTPASS 2% 04/51","30yr",,,,,"1031148",,,,,,""
"2021-04-21","'3133A4ET9'","MBS","UMBS MORTPASS 3% 04/45","30yr",,,,,"1030825.96",,,,,,""
"2021-04-21","'3140KAJD9'","MBS","UMBS MORTPASS 3% 04/50","30yr",,,,,"1030754.32",,,,,,""
"2021-04-21","'3140L1SN6'","MBS","UMBS MORTPASS 2% 01/51","30yr",,,,,"1030682.6",,,,,,""
"2021-04-21","'36202FFS0'","MBS","GNMA II MORTPASS 4% 04/40","30yr",,,,,"1030532.93",,,,,,""
"2021-04-21","'3140HL2V7'","MBS","UMBS MORTPASS 4% 06/48","30yr",,,,,"1030471.3",,,,,,""
"2021-04-21","'3140K8H38'","MBS","UMBS MORTPASS 3.5% 01/50","30yr",,,,,"1030380.64",,,,,,""
"2021-04-21","'3132CWDX9'","MBS","UMBS MORTPASS 2.5% 11/34","15yr",,,,,"1029245.09",,,,,,""
"2021-04-21","'3133ADZB5'","MBS","UMBS MORTPASS 1.5% 12/50","30yr",,,,,"1029018.19",,,,,,""
"2021-04-21","'36179EKL1'","MBS","GNMA I MORTPASS 3% 02/43","30yr",,,,,"1028678.48",,,,,,""
"2021-04-21","'3138MCX66'","MBS","UMBS MORTPASS 2.5% 11/27","15yr",,,,,"1028642.47",,,,,,""
"2021-04-21","'3133A8GR2'","MBS","UMBS MORTPASS 2% 08/50","30yr",,,,,"1028427.34",,,,,,""
"2021-04-21","'3140H5NY3'","MBS","UMBS MORTPASS 3% 02/33","15yr",,,,,"1028422.93",,,,,,""
"2021-04-21","'3133G66P5'","MBS","UMBS MORTPASS 3.5% 11/34","15yr",,,,,"1027956.71",,,,,,""
"2021-04-21","'3140JLP99'","MBS","UMBS MORTPASS 4.5% 12/48","30yr",,,,,"1027859.28",,,,,,""
"2021-04-21","'31307MM86'","MBS","FHLMCGLD 2.5% 04/30","15yr",,,,,"1027848",,,,,,""
"2021-04-21","'3140KM4Y3'","MBS","UMBS MORTPASS 2% 09/35","15yr",,,,,"1027348.87",,,,,,""
"2021-04-21","'3132A8CL1'","MBS","UMBS MORTPASS 2.5% 08/25","Other",,,,,"1026683.36",,,,,,""
"2021-04-21","'31307L4X3'","MBS","FHLMCGLD 3% 03/30","15yr",,,,,"1026185.02",,,,,,""
"2021-04-21","'3140JJGX1'","MBS","UMBS MORTPASS 4.5% 01/49","30yr",,,,,"1025938.54",,,,,,""
"2021-04-21","'36176H5J9'","MBS","GNMA I MORTPASS 3% 04/43","30yr",,,,,"1025927.73",,,,,,""
"2021-04-21","'3138EMEP2'","MBS","UMBS MORTPASS 3% 02/27","15yr",,,,,"1025508.65",,,,,,""
"2021-04-21","'3138WAFC6'","MBS","UMBS MORTPASS 3% 11/28","15yr",,,,,"1025336.39",,,,,,""
"2021-04-21","'3132M6N22'","MBS","FHLMCGLD 4% 05/44","30yr",,,,,"1024733.62",,,,,,""
"2021-04-21","'3138YNL62'","MBS","UMBS MORTPASS 3% 08/30","15yr",,,,,"1024384.07",,,,,,""
"2021-04-21","'3138EJV70'","MBS","UMBS MORTPASS 3% 09/27","15yr",,,,,"1024275.66",,,,,,""
"2021-04-21","'3140QD4P6'","MBS","UMBS MORTPASS 3% 12/34","15yr",,,,,"1024187.44",,,,,,""
"2021-04-21","'3138YP4W9'","MBS","UMBS MORTPASS 3% 04/45","30yr",,,,,"1024160.31",,,,,,""
"2021-04-21","'31329MLV0'","MBS","UMBS MORTPASS 2% 01/33","15yr",,,,,"1023926.5",,,,,,""
"2021-04-21","'3132AEKN5'","MBS","UMBS MORTPASS 3% 04/48","30yr",,,,,"1023081.55",,,,,,""
"2021-04-21","'3140HNWN8'","MBS","UMBS MORTPASS 4% 05/49","30yr",,,,,"1022651.06",,,,,,""
"2021-04-21","'3140KNWX2'","MBS","UMBS MORTPASS 2% 09/50","30yr",,,,,"1022568.46",,,,,,""
"2021-04-21","'31410LTL6'","MBS","UMBS MORTPASS 2% 08/31","15yr",,,,,"1022101.14",,,,,,""
"2021-04-21","'3138WCWJ8'","MBS","UMBS MORTPASS 2.5% 09/29","15yr",,,,,"1022062.24",,,,,,""
"2021-04-21","'3140HBRZ3'","MBS","UMBS MORTPASS 3% 02/48","30yr",,,,,"1021914.49",,,,,,""
"2021-04-21","'36295AJQ9'","MBS","GNMA I 4.5% 08/39","30yr",,,,,"1021867.92",,,,,,""
"2021-04-21","'3140KDXR6'","MBS","UMBS MORTPASS 3% 05/50","30yr",,,,,"1021854.39",,,,,,""
"2021-04-21","'31307WHE7'","MBS","FHLMCGLD 3% 07/33","15yr",,,,,"1021631.35",,,,,,""
"2021-04-21","'3131X8MU7'","MBS","UMBS MORTPASS 2.5% 01/28","15yr",,,,,"1020903.99",,,,,,""
"2021-04-21","'3138W46S5'","MBS","UMBS MORTPASS 2.5% 03/28","15yr",,,,,"1020539.88",,,,,,""
"2021-04-21","'31418BFC5'","MBS","UMBS MORTPASS 3% 07/24","Other",,,,,"1020527.85",,,,,,""
"2021-04-21","'31307ULE6'","MBS","FHLMCGLD 3.5% 09/32","15yr",,,,,"1020451.76",,,,,,""
"2021-04-21","'3140X7VW6'","MBS","UMBS MORTPASS 2.5% 08/50","30yr",,,,,"1020104.87",,,,,,""
"2021-04-21","'3140JXD21'","MBS","UMBS MORTPASS 3% 10/49","30yr",,,,,"1019724.35",,,,,,""
"2021-04-21","'3140HEK35'","MBS","UMBS MORTPASS 3.5% 02/33","15yr",,,,,"1019593.05",,,,,,""
"2021-04-21","'3138MFBH9'","MBS","UMBS MORTPASS 3% 10/27","15yr",,,,,"1019412.76",,,,,,""
"2021-04-21","'3140KBHW7'","MBS","UMBS MORTPASS 2.5% 03/50","30yr",,,,,"1019364.93",,,,,,""
"2021-04-21","'36297BEJ6'","MBS","GNMA I MORTPASS 4% 05/39","30yr",,,,,"1019355.38",,,,,,""
"2021-04-21","'3133AJDM2'","MBS","UMBS MORTPASS 1.5% 03/51","30yr",,,,,"1018563.48",,,,,,""
"2021-04-21","'36295CH53'","MBS","GNMA I MORTPASS 3% 05/43","30yr",,,,,"1017633.3",,,,,,""
"2021-04-21","'3132KE5L5'","MBS","FHLMCGLD 2.5% 04/30","15yr",,,,,"1017361.19",,,,,,""
"2021-04-21","'3138XTU78'","MBS","UMBS MORTPASS 4% 04/44","30yr",,,,,"1017022.91",,,,,,""
"2021-04-21","'3140EWX59'","MBS","UMBS MORTPASS 3% 03/31","15yr",,,,,"1016998.96",,,,,,""
"2021-04-21","'31418CLL6'","MBS","UMBS MORTPASS 3% 06/27","Other",,,,,"1016752.19",,,,,,""
"2021-04-21","'3140QBTZ1'","MBS","UMBS MORTPASS 3.5% 06/49","30yr",,,,,"1016586.22",,,,,,""
"2021-04-21","'3132WGCV7'","MBS","FHLMCGLD 4% 09/46","30yr",,,,,"1016245.76",,,,,,""
"2021-04-21","'3133GBVQ4'","MBS","UMBS MORTPASS 1.5% 12/35","15yr",,,,,"1015973.12",,,,,,""
"2021-04-21","'3138W7RA4'","MBS","UMBS MORTPASS 2.5% 04/28","15yr",,,,,"1015764.22",,,,,,""
"2021-04-21","'3140Q9HE6'","MBS","UMBS MORTPASS 3.5% 04/48","30yr",,,,,"1015711.57",,,,,,""
"2021-04-21","'3132J9YG7'","MBS","FHLMCGLD 3% 05/43","30yr",,,,,"1015229.54",,,,,,""
"2021-04-21","'3140K4K41'","MBS","UMBS MORTPASS 3% 02/35","15yr",,,,,"1014923.51",,,,,,""
"2021-04-21","'3140JUD35'","MBS","UMBS MORTPASS 2.5% 06/34","15yr",,,,,"1014524.98",,,,,,""
"2021-04-21","'31329K5C4'","MBS","UMBS MORTPASS 3% 07/26","15yr",,,,,"1014379.76",,,,,,""
"2021-04-21","'3140HJS69'","MBS","UMBS MORTPASS 3% 06/33","15yr",,,,,"1014165.4",,,,,,""
"2021-04-21","'3138XBMR2'","MBS","UMBS MORTPASS 3.5% 01/44","30yr",,,,,"1014149.14",,,,,,""
"2021-04-21","'36179EHQ4'","MBS","GNMA I MORTPASS 3% 01/43","30yr",,,,,"1014034.76",,,,,,""
"2021-04-21","'3132M5CA8'","MBS","FHLMCGLD 4% 02/44","30yr",,,,,"1013988.64",,,,,,""
"2021-04-21","'31307VMY9'","MBS","FHLMCGLD 3% 02/33","15yr",,,,,"1013924.12",,,,,,""
"2021-04-21","'3140Q9G72'","MBS","UMBS MORTPASS 3% 07/48","30yr",,,,,"1013463.72",,,,,,""
"2021-04-21","'36176PR40'","MBS","GNMA I 3.5% 12/41","30yr",,,,,"1012639.07",,,,,,""
"2021-04-21","'3140KLU83'","MBS","UMBS MORTPASS 1.5% 08/35","15yr",,,,,"1012364.38",,,,,,""
"2021-04-21","'31307TQV6'","MBS","FHLMCGLD 3% 04/32","15yr",,,,,"1012334.59",,,,,,""
"2021-04-21","'3133A3NH7'","MBS","UMBS MORTPASS 2.5% 03/45","30yr",,,,,"1012287.26",,,,,,""
"2021-04-21","'3131XB4G1'","MBS","UMBS MORTPASS 3% 04/31","15yr",,,,,"1012145.17",,,,,,""
"2021-04-21","'3138MRTN1'","MBS","UMBS MORTPASS 2.5% 12/42","30yr",,,,,"1011397.28",,,,,,""
"2021-04-21","'3132A8CP2'","MBS","UMBS MORTPASS 2.5% 12/28","15yr",,,,,"1011250.33",,,,,,""
"2021-04-21","'36202FKL9'","MBS","GNMA II 3.5% 09/40","30yr",,,,,"1010615.11",,,,,,""
"2021-04-21","'3132KE2D6'","MBS","FHLMCGLD 2.5% 03/30","15yr",,,,,"1010501.64",,,,,,""
"2021-04-21","'3133GCCS9'","MBS","UMBS MORTPASS 2% 02/36","15yr",,,,,"1010360.61",,,,,,""
"2021-04-21","'3140GN2D4'","MBS","UMBS MORTPASS 2.5% 01/50","30yr",,,,,"1010082.9",,,,,,""
"2021-04-21","'3133KYTE9'","MBS","UMBS MORTPASS 3% 05/40","Other",,,,,"1009700.16",,,,,,""
"2021-04-21","'3138EJWY0'","MBS","UMBS MORTPASS 2.5% 10/27","15yr",,,,,"1009370.88",,,,,,""
"2021-04-21","'3138YBMA8'","MBS","UMBS MORTPASS 3.5% 01/45","30yr",,,,,"1008900.33",,,,,,""
"2021-04-21","'3140H5MV0'","MBS","UMBS MORTPASS 3% 01/48","30yr",,,,,"1008529.83",,,,,,""
"2021-04-21","'31307MAJ5'","MBS","FHLMCGLD 3% 03/30","15yr",,,,,"1008311.7",,,,,,""
"2021-04-21","'3138W9EH9'","MBS","UMBS MORTPASS 3.5% 07/43","30yr",,,,,"1008131.07",,,,,,""
"2021-04-21","'31417AXF1'","MBS","UMBS MORTPASS 3% 01/27","15yr",,,,,"1008098.6",,,,,,""
"2021-04-21","'3133AF2C4'","MBS","UMBS MORTPASS 2% 02/51","30yr",,,,,"1008040.97",,,,,,""
"2021-04-21","'3140HERN4'","MBS","UMBS MORTPASS 4% 08/48","30yr",,,,,"1008037.75",,,,,,""
"2021-04-21","'3138WZSK9'","MBS","UMBS MORTPASS 2.5% 08/28","15yr",,,,,"1007896.75",,,,,,""
"2021-04-21","'3138X5HE0'","MBS","UMBS MORTPASS 3% 08/28","15yr",,,,,"1007744.87",,,,,,""
"2021-04-21","'3140K6CH6'","MBS","UMBS MORTPASS 2.5% 08/34","15yr",,,,,"1006935.78",,,,,,""
"2021-04-21","'3140HDRN6'","MBS","UMBS MORTPASS 2.5% 11/34","15yr",,,,,"1006706.13",,,,,,""
"2021-04-21","'3140H3EM4'","MBS","UMBS MORTPASS 3% 12/47","30yr",,,,,"1006632.58",,,,,,""
"2021-04-21","'3132JN6J1'","MBS","FHLMCGLD 4% 09/43","30yr",,,,,"1006577.91",,,,,,""
"2021-04-21","'3138LRMK5'","MBS","UMBS MORTPASS 2.5% 10/27","15yr",,,,,"1006545.67",,,,,,""
"2021-04-21","'3133GBYJ7'","MBS","UMBS MORTPASS 1.5% 01/36","15yr",,,,,"1006240.69",,,,,,""
"2021-04-21","'3138XPU68'","MBS","UMBS MORTPASS 4.5% 02/44","30yr",,,,,"1005868.36",,,,,,""
"2021-04-21","'3132QSWA2'","MBS","FHLMCGLD 3.5% 09/45","30yr",,,,,"1005772",,,,,,""
"2021-04-21","'3140E3CS6'","MBS","UMBS MORTPASS 3.5% 11/45","30yr",,,,,"1005367.91",,,,,,""
"2021-04-21","'3138X2UP7'","MBS","UMBS MORTPASS 3% 08/28","15yr",,,,,"1005202",,,,,,""
"2021-04-21","'3132KGKA7'","MBS","FHLMCGLD 3.5% 06/33","15yr",,,,,"1005035.34",,,,,,""
"2021-04-21","'3138WGHX5'","MBS","UMBS MORTPASS 2.5% 01/31","15yr",,,,,"1004831.91",,,,,,""
"2021-04-21","'3138MBFB7'","MBS","UMBS MORTPASS 3% 10/27","15yr",,,,,"1004723.56",,,,,,""
"2021-04-21","'3140FSMV2'","MBS","UMBS MORTPASS 3.5% 01/47","30yr",,,,,"1003962.2",,,,,,""
"2021-04-21","'3138MLE26'","MBS","UMBS MORTPASS 4% 11/42","30yr",,,,,"1003369.03",,,,,,""
"2021-04-21","'3140JGV51'","MBS","UMBS MORTPASS 3.5% 09/48","30yr",,,,,"1003249.55",,,,,,""
"2021-04-21","'3138EENW5'","MBS","UMBS MORTPASS 3% 04/27","15yr",,,,,"1003005.45",,,,,,""
"2021-04-21","'31307VG75'","MBS","FHLMCGLD 2.5% 01/33","15yr",,,,,"1002901.87",,,,,,""
"2021-04-21","'3140JMBC5'","MBS","UMBS MORTPASS 4% 01/49","30yr",,,,,"1002666.58",,,,,,""
"2021-04-21","'3140X8EM5'","MBS","UMBS MORTPASS 2.5% 11/50","30yr",,,,,"1002600.06",,,,,,""
"2021-04-21","'3140Q9UR2'","MBS","UMBS MORTPASS 3% 09/33","15yr",,,,,"1002505.7",,,,,,""
"2021-04-21","'31417BG76'","MBS","UMBS MORTPASS 2.5% 03/27","15yr",,,,,"1002413.04",,,,,,""
"2021-04-21","'3138YK2Z5'","MBS","UMBS MORTPASS 3% 04/45","30yr",,,,,"1001687.69",,,,,,""
"2021-04-21","'3140HGHP5'","MBS","UMBS MORTPASS 2% 08/35","15yr",,,,,"1001591.84",,,,,,""
"2021-04-21","'3132HRRQ5'","MBS","FHLMCGLD 3% 03/43","30yr",,,,,"1001249.69",,,,,,""
"2021-04-21","'3140JRTT8'","MBS","UMBS MORTPASS 3% 04/49","30yr",,,,,"1001104.52",,,,,,""
"2021-04-21","'3140K33Z3'","MBS","UMBS MORTPASS 2.5% 03/50","30yr",,,,,"1000662.46",,,,,,""
"2021-04-21","'31335AYJ1'","MBS","FHLMCGLD 3.5% 09/46","30yr",,,,,"1000134.76",,,,,,""
"2021-04-21","'3140L3TD3'","MBS","UMBS MORTPASS 2% 02/36","15yr",,,,,"1000000.3",,,,,,""
"2021-04-21","'3133AJ3X9'","MBS","UMBS MORTPASS 1.5% 04/51","30yr",,,,,"1000000",,,,,,""
"2021-04-21","'3140L6TL8'","MBS","UMBS MORTPASS 2% 03/36","15yr",,,,,"1000000",,,,,,""
"2021-04-21","'36296HM30'","MBS","GNMA I MORTPASS 5% 11/39","30yr",,,,,"999916.12",,,,,,""
"2021-04-21","'3132J9F78'","MBS","FHLMCGLD 3% 04/43","30yr",,,,,"999636.69",,,,,,""
"2021-04-21","'36179EHN1'","MBS","GNMA I MORTPASS 3% 01/43","30yr",,,,,"999297.2",,,,,,""
"2021-04-21","'3140HB4S4'","MBS","UMBS MORTPASS 4.5% 08/49","30yr",,,,,"998641.64",,,,,,""
"2021-04-21","'3140H5N72'","MBS","UMBS MORTPASS 3% 02/33","15yr",,,,,"998380.27",,,,,,""
"2021-04-21","'3133GAUD6'","MBS","UMBS MORTPASS 2% 11/35","15yr",,,,,"997891.81",,,,,,""
"2021-04-21","'3132QMUQ2'","MBS","FHLMCGLD 4% 02/45","30yr",,,,,"997647.46",,,,,,""
"2021-04-21","'3138WTXR2'","MBS","UMBS MORTPASS 3% 05/43","30yr",,,,,"997605.77",,,,,,""
"2021-04-21","'31307VDM5'","MBS","FHLMCGLD 3.5% 12/32","15yr",,,,,"997431.56",,,,,,""
"2021-04-21","'3132A75E7'","MBS","UMBS MORTPASS 2.5% 05/25","Other",,,,,"997272.95",,,,,,""
"2021-04-21","'31307WHH0'","MBS","FHLMCGLD 3% 07/33","15yr",,,,,"997182.45",,,,,,""
"2021-04-21","'31307LFA1'","MBS","FHLMCGLD 2.5% 12/29","15yr",,,,,"996397.79",,,,,,""
"2021-04-21","'3138XC2G6'","MBS","UMBS MORTPASS 3% 02/27","15yr",,,,,"996177.63",,,,,,""
"2021-04-21","'3138M1BC1'","MBS","UMBS MORTPASS 3% 07/27","15yr",,,,,"996094.78",,,,,,""
"2021-04-21","'3620C5MJ3'","MBS","GNMA I MORTPASS 4% 06/41","30yr",,,,,"996067.16",,,,,,""
"2021-04-21","'3138ER5X4'","MBS","UMBS MORTPASS 3% 08/30","15yr",,,,,"995756.5",,,,,,""
"2021-04-21","'3138APEQ7'","MBS","UMBS MORTPASS 2.5% 12/27","15yr",,,,,"995741.31",,,,,,""
"2021-04-21","'3132A9RS8'","MBS","UMBS MORTPASS 2.5% 02/31","15yr",,,,,"995715.14",,,,,,""
"2021-04-21","'3133ACSY5'","MBS","UMBS MORTPASS 1.5% 12/50","30yr",,,,,"995603.13",,,,,,""
"2021-04-21","'3138AXEX5'","MBS","UMBS MORTPASS 3% 12/26","15yr",,,,,"995522.3",,,,,,""
"2021-04-21","'3138W9PJ3'","MBS","UMBS MORTPASS 4% 09/43","30yr",,,,,"995425.89",,,,,,""
"2021-04-21","'3138EH4A7'","MBS","UMBS MORTPASS 3% 04/27","15yr",,,,,"995051.08",,,,,,""
"2021-04-21","'3140F3B80'","MBS","UMBS MORTPASS 3.5% 09/46","30yr",,,,,"995008.99",,,,,,""
"2021-04-21","'3140JKKG0'","MBS","UMBS MORTPASS 4.5% 11/48","30yr",,,,,"994846.65",,,,,,""
"2021-04-21","'3133KGPV4'","MBS","UMBS MORTPASS 3% 09/49","30yr",,,,,"994844.81",,,,,,""
"2021-04-21","'3140X4XJ0'","MBS","UMBS MORTPASS 4% 09/49","30yr",,,,,"994708.66",,,,,,""
"2021-04-21","'3133A0CW2'","MBS","UMBS MORTPASS 3.5% 12/49","30yr",,,,,"994272.78",,,,,,""
"2021-04-21","'36179H4B4'","MBS","GNMA I MORTPASS 3% 01/43","30yr",,,,,"993510.58",,,,,,""
"2021-04-21","'3138YVKY4'","MBS","UMBS MORTPASS 3.5% 05/45","30yr",,,,,"993322.51",,,,,,""
"2021-04-21","'36176PRM0'","MBS","GNMA I 3.5% 11/41","30yr",,,,,"993277.13",,,,,,""
"2021-04-21","'3138X2F25'","MBS","UMBS MORTPASS 3% 08/28","15yr",,,,,"993089.4",,,,,,""
"2021-04-21","'3138Y0C62'","MBS","UMBS MORTPASS 3.5% 08/29","15yr",,,,,"992982.59",,,,,,""
"2021-04-21","'31368HM26'","MBS","UMBS MORTPASS 5% 11/36","30yr",,,,,"992455.47",,,,,,""
"2021-04-21","'36230SLQ5'","MBS","GNMA I 3.5% 07/42","30yr",,,,,"992360.52",,,,,,""
"2021-04-21","'31339SDF9'","MBS","UMBS MORTPASS 3% 09/49","30yr",,,,,"992288.65",,,,,,""
"2021-04-21","'3133D3NW1'","MBS","UMBS MORTPASS 2.5% 09/40","Other",,,,,"991069.66",,,,,,""
"2021-04-21","'3138MD2T8'","MBS","UMBS MORTPASS 2.5% 10/27","15yr",,,,,"990928.05",,,,,,""
"2021-04-21","'3138EKLP8'","MBS","UMBS MORTPASS 3% 12/27","15yr",,,,,"990725.69",,,,,,""
"2021-04-21","'3140K3YK2'","MBS","UMBS MORTPASS 2.5% 12/34","15yr",,,,,"990375.99",,,,,,""
"2021-04-21","'3138LY2H9'","MBS","UMBS MORTPASS 3% 06/27","15yr",,,,,"990194.06",,,,,,""
"2021-04-21","'3140KGHK2'","MBS","UMBS MORTPASS 2.5% 06/35","15yr",,,,,"990012.63",,,,,,""
"2021-04-21","'3133A95T8'","MBS","UMBS MORTPASS 2% 09/50","30yr",,,,,"989481.53",,,,,,""
"2021-04-21","'3140FCTX6'","MBS","UMBS MORTPASS 3.5% 02/32","15yr",,,,,"989417.35",,,,,,""
"2021-04-21","'3620A7BV6'","MBS","GNMA I 4.5% 12/39","30yr",,,,,"989336.37",,,,,,""
"2021-04-21","'3620A2XJ0'","MBS","GNMA I 4.5% 06/39","30yr",,,,,"989068.58",,,,,,""
"2021-04-21","'3138Y7DA7'","MBS","UMBS MORTPASS 2.5% 01/31","15yr",,,,,"988837.28",,,,,,""
"2021-04-21","'31307PXG9'","MBS","FHLMCGLD 2.5% 12/30","15yr",,,,,"988809.62",,,,,,""
"2021-04-21","'3140HGAT4'","MBS","UMBS MORTPASS 2% 07/35","15yr",,,,,"988744.38",,,,,,""
"2021-04-21","'3138XMRN2'","MBS","UMBS MORTPASS 4.5% 02/44","30yr",,,,,"988396.14",,,,,,""
"2021-04-21","'31307FYZ8'","MBS","FHLMCGLD 3% 01/29","15yr",,,,,"988097.21",,,,,,""
"2021-04-21","'31307QZ34'","MBS","FHLMCGLD 2.5% 05/31","15yr",,,,,"987959.19",,,,,,""
"2021-04-21","'3133A3ET1'","MBS","UMBS MORTPASS 2.5% 03/50","30yr",,,,,"987928.34",,,,,,""
"2021-04-21","'3140K02U1'","MBS","UMBS MORTPASS 2.5% 09/49","30yr",,,,,"987602.96",,,,,,""
"2021-04-21","'31307PEX3'","MBS","FHLMCGLD 2.5% 09/30","15yr",,,,,"986594.63",,,,,,""
"2021-04-21","'3140J9GM7'","MBS","UMBS MORTPASS 3.5% 02/48","30yr",,,,,"985845.02",,,,,,""
"2021-04-21","'3132WPC96'","MBS","FHLMCGLD 3.5% 06/47","30yr",,,,,"985754.74",,,,,,""
"2021-04-21","'31307EKR4'","MBS","FHLMCGLD 2.5% 09/28","15yr",,,,,"985265.14",,,,,,""
"2021-04-21","'3140JVK76'","MBS","UMBS MORTPASS 4.5% 06/49","30yr",,,,,"984770.26",,,,,,""
"2021-04-21","'3140J7MC6'","MBS","UMBS MORTPASS 2% 11/31","15yr",,,,,"984722.12",,,,,,""
"2021-04-21","'36179EJE9'","MBS","GNMA I MORTPASS 3% 02/43","30yr",,,,,"984647.08",,,,,,""
"2021-04-21","'3138MJM63'","MBS","UMBS MORTPASS 2.5% 11/27","15yr",,,,,"984620.63",,,,,,""
"2021-04-21","'3140J7YZ2'","MBS","UMBS MORTPASS 2% 09/31","15yr",,,,,"984347.6",,,,,,""
"2021-04-21","'31329LFC1'","MBS","UMBS MORTPASS 3% 01/28","15yr",,,,,"983635.43",,,,,,""
"2021-04-21","'3140F0J54'","MBS","UMBS MORTPASS 3.5% 10/31","15yr",,,,,"983527.28",,,,,,""
"2021-04-21","'3140JKQK5'","MBS","UMBS MORTPASS 4.5% 04/49","30yr",,,,,"983405.83",,,,,,""
"2021-04-21","'3138XK7G3'","MBS","UMBS MORTPASS 3.5% 07/44","30yr",,,,,"983391.14",,,,,,""
"2021-04-21","'3131Y15E6'","MBS","UMBS MORTPASS 4% 07/48","30yr",,,,,"983074.96",,,,,,""
"2021-04-21","'3620AFVH7'","MBS","GNMA I MORTPASS 5% 11/39","30yr",,,,,"982747.89",,,,,,""
"2021-04-21","'3140JAPP7'","MBS","UMBS MORTPASS 3% 09/27","Other",,,,,"982706.89",,,,,,""
"2021-04-21","'31339SNC5'","MBS","UMBS MORTPASS 3.5% 09/49","30yr",,,,,"982627.2",,,,,,""
"2021-04-21","'3140KG6D0'","MBS","UMBS MORTPASS 2.5% 08/40","Other",,,,,"982511.2",,,,,,""
"2021-04-21","'3140KRJ34'","MBS","UMBS MORTPASS 2% 11/35","15yr",,,,,"982079.5",,,,,,""
"2021-04-21","'3138YNB30'","MBS","UMBS MORTPASS 3% 07/30","15yr",,,,,"982016.13",,,,,,""
"2021-04-21","'31307F5K3'","MBS","FHLMCGLD 3.5% 01/29","15yr",,,,,"981954.07",,,,,,""
"2021-04-21","'31417EHS3'","MBS","UMBS MORTPASS 2.5% 12/22","Other",,,,,"981500.11",,,,,,""
"2021-04-21","'3140JW7K0'","MBS","UMBS MORTPASS 2.5% 07/34","15yr",,,,,"981457.58",,,,,,""
"2021-04-21","'3620AVAW2'","MBS","GNMA I MORTPASS 3% 01/43","30yr",,,,,"981403.33",,,,,,""
"2021-04-21","'3140FNPJ7'","MBS","UMBS MORTPASS 3% 12/46","30yr",,,,,"981222.2",,,,,,""
"2021-04-21","'3138EKNU5'","MBS","UMBS MORTPASS 3% 11/27","15yr",,,,,"981037.7",,,,,,""
"2021-04-21","'3131Y0VM1'","MBS","UMBS MORTPASS 3% 03/48","30yr",,,,,"980730.16",,,,,,""
"2021-04-21","'31307WPZ1'","MBS","FHLMCGLD 3.5% 08/33","15yr",,,,,"980709.67",,,,,,""
"2021-04-21","'3138EGQN7'","MBS","UMBS MORTPASS 6.5% 12/37","30yr",,,,,"980597.14",,,,,,"Y"
"2021-04-21","'36294UUM2'","MBS","GNMA I 3.5% 02/42","30yr",,,,,"980585.22",,,,,,""
"2021-04-21","'31418B6J0'","MBS","UMBS MORTPASS 3% 07/36","Other",,,,,"980454.51",,,,,,""
"2021-04-21","'36179F7A7'","MBS","GNMA I MORTPASS 3% 02/43","30yr",,,,,"980022.6",,,,,,""
"2021-04-21","'3140EVND5'","MBS","UMBS MORTPASS 3.5% 01/46","30yr",,,,,"980011.08",,,,,,""
"2021-04-21","'31416Y3C0'","MBS","UMBS MORTPASS 3% 09/26","15yr",,,,,"979624.43",,,,,,""
"2021-04-21","'31418CXH2'","MBS","UMBS MORTPASS 2.5% 05/33","15yr",,,,,"979391.36",,,,,,""
"2021-04-21","'3140HAP38'","MBS","UMBS MORTPASS 2.5% 02/33","15yr",,,,,"979281.87",,,,,,""
"2021-04-21","'31417GRH1'","MBS","UMBS MORTPASS 2.5% 05/28","15yr",,,,,"978963.69",,,,,,""
"2021-04-21","'3140JYKC9'","MBS","UMBS MORTPASS 3% 08/49","30yr",,,,,"978866.89",,,,,,""
"2021-04-21","'31329K7C2'","MBS","UMBS MORTPASS 2.5% 03/27","15yr",,,,,"978657.61",,,,,,""
"2021-04-21","'36178DX22'","MBS","GNMA I 3.5% 02/43","30yr",,,,,"978343.09",,,,,,""
"2021-04-21","'31307GJU4'","MBS","FHLMCGLD 3% 02/29","15yr",,,,,"978249.69",,,,,,""
"2021-04-21","'3138WWRH4'","MBS","UMBS MORTPASS 3% 06/28","15yr",,,,,"977940.02",,,,,,""
"2021-04-21","'3133D3CZ6'","MBS","UMBS MORTPASS 3% 10/39","Other",,,,,"977877.32",,,,,,""
"2021-04-21","'3132A7WK3'","MBS","UMBS MORTPASS 3% 04/29","15yr",,,,,"977623.64",,,,,,""
"2021-04-21","'3140J9HT1'","MBS","UMBS MORTPASS 3% 04/32","15yr",,,,,"977483.39",,,,,,""
"2021-04-21","'3140X8SP3'","MBS","UMBS MORTPASS 2% 12/50","30yr",,,,,"977193.92",,,,,,""
"2021-04-21","'3138WPT61'","MBS","UMBS MORTPASS 3% 04/43","30yr",,,,,"976905.07",,,,,,""
"2021-04-21","'3140K8AR2'","MBS","UMBS MORTPASS 3% 01/35","15yr",,,,,"976876.08",,,,,,""
"2021-04-21","'3128MJY46'","MBS","FHLMCGLD 4.5% 10/46","30yr",,,,,"976854.74",,,,,,""
"2021-04-21","'3138WGDX9'","MBS","UMBS MORTPASS 3% 12/30","15yr",,,,,"976467.93",,,,,,""
"2021-04-21","'3140JJY52'","MBS","UMBS MORTPASS 4.5% 05/49","30yr",,,,,"976302.3",,,,,,""
"2021-04-21","'3138MDNR9'","MBS","UMBS MORTPASS 2.5% 09/27","15yr",,,,,"976258.62",,,,,,""
"2021-04-21","'36177NXV7'","MBS","GNMA I MORTPASS 4% 03/42","30yr",,,,,"975942.59",,,,,,""
"2021-04-21","'3129304X5'","MBS","FHLMCGLD 5% 02/39","30yr",,,,,"975730.3",,,,,,""
"2021-04-21","'31329LCT7'","MBS","UMBS MORTPASS 2.5% 11/27","15yr",,,,,"975712.27",,,,,,""
"2021-04-21","'36296XXD1'","MBS","GNMA I 4.5% 06/39","30yr",,,,,"975428.7",,,,,,""
"2021-04-21","'3140K8N56'","MBS","UMBS MORTPASS 3% 02/35","15yr",,,,,"975389.08",,,,,,""
"2021-04-21","'3138APEP9'","MBS","UMBS MORTPASS 4% 11/42","30yr",,,,,"975331.81",,,,,,""
"2021-04-21","'31418DY30'","MBS","UMBS MORTPASS 2% 05/36","15yr",,,,,"975000",,,,,,""
"2021-04-21","'31307VEG7'","MBS","FHLMCGLD 2.5% 12/32","15yr",,,,,"974750.68",,,,,,""
"2021-04-21","'3140EBHM6'","MBS","UMBS MORTPASS 3% 12/30","15yr",,,,,"974637.04",,,,,,""
"2021-04-21","'31418CVP6'","MBS","UMBS MORTPASS 3.5% 03/28","Other",,,,,"973585.86",,,,,,""
"2021-04-21","'3138WZRK0'","MBS","UMBS MORTPASS 3.5% 06/43","30yr",,,,,"973131.34",,,,,,""
"2021-04-21","'3132JBPY3'","MBS","FHLMCGLD 3% 07/43","30yr",,,,,"973124.84",,,,,,""
"2021-04-21","'3138Y4UT4'","MBS","UMBS MORTPASS 3% 07/45","30yr",,,,,"972774.51",,,,,,""
"2021-04-21","'36295CFU0'","MBS","GNMA I MORTPASS 3% 11/42","30yr",,,,,"972229.1",,,,,,""
"2021-04-21","'3138EM6A4'","MBS","UMBS MORTPASS 2.5% 05/24","Other",,,,,"971700.22",,,,,,""
"2021-04-21","'3140JUJU9'","MBS","UMBS MORTPASS 3.5% 05/49","30yr",,,,,"970763.15",,,,,,""
"2021-04-21","'312939DR9'","MBS","FHLMCGLD 5% 02/40","30yr",,,,,"970672.44",,,,,,""
"2021-04-21","'3131XDA39'","MBS","UMBS MORTPASS 3% 11/32","15yr",,,,,"969507.81",,,,,,""
"2021-04-21","'3132A8HK8'","MBS","UMBS MORTPASS 3% 06/31","15yr",,,,,"969353.37",,,,,,""
"2021-04-21","'3132QUMV2'","MBS","FHLMCGLD 4% 12/45","30yr",,,,,"969308.7",,,,,,""
"2021-04-21","'31329KWP5'","MBS","UMBS MORTPASS 3% 04/37","Other",,,,,"969299.1",,,,,,""
"2021-04-21","'36297KV81'","MBS","GNMA I 4.5% 07/39","30yr",,,,,"968721.87",,,,,,""
"2021-04-21","'3131X8NN2'","MBS","UMBS MORTPASS 2.5% 01/28","15yr",,,,,"968502.56",,,,,,""
"2021-04-21","'3140H9SV6'","MBS","UMBS MORTPASS 4.5% 03/49","30yr",,,,,"968321.94",,,,,,""
"2021-04-21","'3131XCCZ8'","MBS","UMBS MORTPASS 2.5% 07/31","15yr",,,,,"967880.38",,,,,,""
"2021-04-21","'3140HAQT0'","MBS","UMBS MORTPASS 3% 03/33","15yr",,,,,"967579.02",,,,,,""
"2021-04-21","'3138WAS32'","MBS","UMBS MORTPASS 3% 01/29","15yr",,,,,"967561.95",,,,,,""
"2021-04-21","'31307F6J5'","MBS","FHLMCGLD 3% 01/29","15yr",,,,,"967500.72",,,,,,""
"2021-04-21","'3138X7N58'","MBS","UMBS MORTPASS 2.5% 09/28","15yr",,,,,"967341.35",,,,,,""
"2021-04-21","'31307SKH5'","MBS","FHLMCGLD 2% 11/31","15yr",,,,,"967098.24",,,,,,""
"2021-04-21","'3140JJMK2'","MBS","UMBS MORTPASS 3.5% 10/33","15yr",,,,,"966919.97",,,,,,""
"2021-04-21","'31417F3Z9'","MBS","UMBS MORTPASS 3% 04/28","15yr",,,,,"966890.75",,,,,,""
"2021-04-21","'31339U2C3'","MBS","UMBS MORTPASS 3.5% 11/49","30yr",,,,,"966716.15",,,,,,""
"2021-04-21","'3138WT6C5'","MBS","UMBS MORTPASS 3% 05/28","15yr",,,,,"966436.25",,,,,,""
"2021-04-21","'36290QNZ4'","MBS","GNMA I 3.5% 12/42","30yr",,,,,"966343.36",,,,,,""
"2021-04-21","'3138X4KU3'","MBS","UMBS MORTPASS 3% 09/28","15yr",,,,,"966042.82",,,,,,""
"2021-04-21","'3140JNDS6'","MBS","UMBS MORTPASS 4.5% 01/49","30yr",,,,,"965781.46",,,,,,""
"2021-04-21","'3138YB4E0'","MBS","UMBS MORTPASS 3.5% 03/45","30yr",,,,,"965751.97",,,,,,""
"2021-04-21","'3140HERT1'","MBS","UMBS MORTPASS 3% 02/33","15yr",,,,,"965154.58",,,,,,""
"2021-04-21","'3138W6T22'","MBS","UMBS MORTPASS 3% 03/28","15yr",,,,,"964980.23",,,,,,""
"2021-04-21","'36241L6V3'","MBS","GNMA II 4.5% 07/41","30yr",,,,,"964639.78",,,,,,""
"2021-04-21","'3140KCCJ9'","MBS","UMBS MORTPASS 2.5% 03/50","30yr",,,,,"964415.47",,,,,,""
"2021-04-21","'3138YMKF5'","MBS","UMBS MORTPASS 3% 04/45","30yr",,,,,"964140.15",,,,,,""
"2021-04-21","'3138MSB40'","MBS","UMBS MORTPASS 2.5% 01/28","15yr",,,,,"963513.47",,,,,,""
"2021-04-21","'3133KYTL3'","MBS","UMBS MORTPASS 3% 06/40","Other",,,,,"963079.25",,,,,,""
"2021-04-21","'3138YHLR9'","MBS","UMBS MORTPASS 3% 03/30","15yr",,,,,"962335.58",,,,,,""
"2021-04-21","'3131YDFW9'","MBS","UMBS MORTPASS 2.5% 06/49","30yr",,,,,"962175.72",,,,,,""
"2021-04-21","'3133D3CA1'","MBS","UMBS MORTPASS 3% 08/39","Other",,,,,"961932.09",,,,,,""
"2021-04-21","'36177NT75'","MBS","GNMA I 3.5% 07/42","30yr",,,,,"961351.27",,,,,,""
"2021-04-21","'3620A7N92'","MBS","GNMA I 4.5% 09/39","30yr",,,,,"960990.48",,,,,,""
"2021-04-21","'3140JWCE8'","MBS","UMBS MORTPASS 3% 12/33","15yr",,,,,"960389.54",,,,,,""
"2021-04-21","'3140K6AU9'","MBS","UMBS MORTPASS 3.5% 12/49","30yr",,,,,"960332.61",,,,,,""
"2021-04-21","'3138WU6T5'","MBS","UMBS MORTPASS 3% 06/28","15yr",,,,,"960189.09",,,,,,""
"2021-04-21","'3138XLVE9'","MBS","UMBS MORTPASS 3.5% 02/29","15yr",,,,,"960123.04",,,,,,""
"2021-04-21","'3138M8HJ5'","MBS","UMBS MORTPASS 3% 08/27","15yr",,,,,"960061.84",,,,,,""
"2021-04-21","'36297KWC1'","MBS","GNMA I 4.5% 07/39","30yr",,,,,"959221.94",,,,,,""
"2021-04-21","'36230SLC6'","MBS","GNMA I 3.5% 06/42","30yr",,,,,"959003.11",,,,,,""
"2021-04-21","'3138YKRC9'","MBS","UMBS MORTPASS 3% 04/45","30yr",,,,,"958993.1",,,,,,""
"2021-04-21","'31307J4R1'","MBS","FHLMCGLD 3% 11/29","15yr",,,,,"958636.05",,,,,,""
"2021-04-21","'3133KHFV3'","MBS","UMBS MORTPASS 3% 01/50","30yr",,,,,"958559.28",,,,,,""
"2021-04-21","'3133G7JA2'","MBS","UMBS MORTPASS 2.5% 11/34","15yr",,,,,"958475.72",,,,,,""
"2021-04-21","'3140JW3C2'","MBS","UMBS MORTPASS 2.5% 08/34","15yr",,,,,"958404.21",,,,,,""
"2021-04-21","'31418A5E4'","MBS","UMBS MORTPASS 3% 01/24","Other",,,,,"958237.14",,,,,,""
"2021-04-21","'36296V6T0'","MBS","GNMA I 4.5% 02/39","30yr",,,,,"958220.92",,,,,,""
"2021-04-21","'31307L3B2'","MBS","FHLMCGLD 3% 03/30","15yr",,,,,"957910.41",,,,,,""
"2021-04-21","'3138XRZL6'","MBS","UMBS MORTPASS 3% 04/29","15yr",,,,,"957837.05",,,,,,""
"2021-04-21","'3140KRJX8'","MBS","UMBS MORTPASS 2% 11/35","15yr",,,,,"957623.8",,,,,,""
"2021-04-21","'31307PPS2'","MBS","FHLMCGLD 2.5% 11/30","15yr",,,,,"956671.61",,,,,,""
"2021-04-21","'3140FB2D1'","MBS","UMBS MORTPASS 2.5% 09/31","15yr",,,,,"955863.8",,,,,,""
"2021-04-21","'3140H7JV0'","MBS","UMBS MORTPASS 3% 01/33","15yr",,,,,"955567.32",,,,,,""
"2021-04-21","'31417CX26'","MBS","UMBS MORTPASS 4% 09/42","30yr",,,,,"955157.97",,,,,,""
"2021-04-21","'3140HETD4'","MBS","UMBS MORTPASS 3% 02/33","15yr",,,,,"954498.87",,,,,,""
"2021-04-21","'3140JLYF5'","MBS","UMBS MORTPASS 4.5% 01/49","30yr",,,,,"954494.05",,,,,,""
"2021-04-21","'36297GNG1'","MBS","GNMA I MORTPASS 4% 02/40","30yr",,,,,"954363.99",,,,,,""
"2021-04-21","'36178U2W2'","MBS","GNMA I MORTPASS 3% 12/42","30yr",,,,,"954356.38",,,,,,""
"2021-04-21","'3133G9NX3'","MBS","UMBS MORTPASS 1.5% 08/35","15yr",,,,,"953972.29",,,,,,""
"2021-04-21","'3140JVD66'","MBS","UMBS MORTPASS 4% 08/49","30yr",,,,,"953868.17",,,,,,""
"2021-04-21","'31307UNQ7'","MBS","FHLMCGLD 2.5% 09/32","15yr",,,,,"953741.69",,,,,,""
"2021-04-21","'3138X0B49'","MBS","UMBS MORTPASS 3% 08/28","15yr",,,,,"953715.49",,,,,,""
"2021-04-21","'3132M5RS3'","MBS","FHLMCGLD 3.5% 03/44","30yr",,,,,"953704.18",,,,,,""
"2021-04-21","'36180UM71'","MBS","GNMA I 3.5% 06/43","30yr",,,,,"953560.8",,,,,,""
"2021-04-21","'312940XV6'","MBS","FHLMCGLD 5% 06/40","30yr",,,,,"953485.28",,,,,,""
"2021-04-21","'3140E2RX1'","MBS","UMBS MORTPASS 2.5% 10/30","15yr",,,,,"953390.96",,,,,,""
"2021-04-21","'3138AS5P3'","MBS","UMBS MORTPASS 3.5% 09/26","15yr",,,,,"952781.55",,,,,,""
"2021-04-21","'36178NP45'","MBS","GNMA I MORTPASS 3% 03/43","30yr",,,,,"952680.71",,,,,,""
"2021-04-21","'3133AJHB2'","MBS","UMBS MORTPASS 1.5% 03/51","30yr",,,,,"952528.02",,,,,,""
"2021-04-21","'3138WCS38'","MBS","UMBS MORTPASS 3% 09/29","15yr",,,,,"952406.75",,,,,,""
"2021-04-21","'31346YZB2'","MBS","UMBS MORTPASS 3% 11/49","30yr",,,,,"952267.03",,,,,,""
"2021-04-21","'3138YDV48'","MBS","UMBS MORTPASS 3.5% 12/44","30yr",,,,,"951770.85",,,,,,""
"2021-04-21","'3140HPMX2'","MBS","UMBS MORTPASS 3.5% 09/33","15yr",,,,,"951717.3",,,,,,""
"2021-04-21","'3133ADUL8'","MBS","UMBS MORTPASS 1.5% 11/50","30yr",,,,,"951187.78",,,,,,""
"2021-04-21","'3133G9HT9'","MBS","UMBS MORTPASS 2% 08/35","15yr",,,,,"951177.47",,,,,,""
"2021-04-21","'3138E7UQ5'","MBS","UMBS MORTPASS 3% 03/27","15yr",,,,,"950907.56",,,,,,""
"2021-04-21","'3132A8TC3'","MBS","UMBS MORTPASS 3% 07/29","15yr",,,,,"950175.64",,,,,,""
"2021-04-21","'3140HB7H5'","MBS","UMBS MORTPASS 2.5% 10/34","15yr",,,,,"949401.12",,,,,,""
"2021-04-21","'31307GH28'","MBS","FHLMCGLD 3.5% 02/29","15yr",,,,,"949304.47",,,,,,""
"2021-04-21","'3131Y87L3'","MBS","UMBS MORTPASS 4.5% 01/49","30yr",,,,,"949167.14",,,,,,""
"2021-04-21","'31307PJM2'","MBS","FHLMCGLD 2.5% 10/30","15yr",,,,,"949142.97",,,,,,""
"2021-04-21","'3133GAVR4'","MBS","UMBS MORTPASS 2% 11/35","15yr",,,,,"947445.77",,,,,,""
"2021-04-21","'3133D3BX2'","MBS","UMBS MORTPASS 3% 08/39","Other",,,,,"947279.57",,,,,,""
"2021-04-21","'3131X7A40'","MBS","UMBS MORTPASS 3% 10/26","15yr",,,,,"946813.26",,,,,,""
"2021-04-21","'31307VXU5'","MBS","FHLMCGLD 3% 04/33","15yr",,,,,"946812.87",,,,,,""
"2021-04-21","'31417C5Y7'","MBS","UMBS MORTPASS 2.5% 09/32","Other",,,,,"946128.34",,,,,,""
"2021-04-21","'31329QEC1'","MBS","UMBS MORTPASS 3% 03/29","Other",,,,,"945816.47",,,,,,""
"2021-04-21","'3140X5DG5'","MBS","UMBS MORTPASS 3% 11/34","15yr",,,,,"944697.33",,,,,,""
"2021-04-21","'3138X1R32'","MBS","UMBS MORTPASS 3% 11/28","15yr",,,,,"944499.05",,,,,,""
"2021-04-21","'3140EXL35'","MBS","UMBS MORTPASS 2.5% 05/31","15yr",,,,,"943230.3",,,,,,""
"2021-04-21","'3140X4HM1'","MBS","UMBS MORTPASS 3% 04/32","15yr",,,,,"943174.86",,,,,,""
"2021-04-21","'31339SVQ5'","MBS","UMBS MORTPASS 3.5% 10/49","30yr",,,,,"943124.77",,,,,,""
"2021-04-21","'3138YSPM2'","MBS","UMBS MORTPASS 3% 05/45","30yr",,,,,"942924.05",,,,,,""
"2021-04-21","'3133G7V34'","MBS","UMBS MORTPASS 2.5% 02/35","15yr",,,,,"942827.33",,,,,,""
"2021-04-21","'3132A7WR8'","MBS","UMBS MORTPASS 2.5% 07/28","15yr",,,,,"942455.59",,,,,,""
"2021-04-21","'31417AME6'","MBS","UMBS MORTPASS 2.5% 11/26","15yr",,,,,"942266.16",,,,,,""
"2021-04-21","'3132HQL34'","MBS","FHLMCGLD 3.5% 12/42","30yr",,,,,"941881.19",,,,,,""
"2021-04-21","'3131X7AU2'","MBS","UMBS MORTPASS 3% 10/26","15yr",,,,,"941687.04",,,,,,""
"2021-04-21","'3138WZZ96'","MBS","UMBS MORTPASS 2.5% 07/28","15yr",,,,,"941035.75",,,,,,""
"2021-04-21","'3133AAUF7'","MBS","UMBS MORTPASS 2.5% 09/40","30yr",,,,,"940619.74",,,,,,""
"2021-04-21","'3140X4YY6'","MBS","UMBS MORTPASS 4% 11/48","30yr",,,,,"939799.26",,,,,,""
"2021-04-21","'3138YVTM1'","MBS","UMBS MORTPASS 3% 06/45","30yr",,,,,"939394.96",,,,,,""
"2021-04-21","'31307M5Q5'","MBS","FHLMCGLD 2.5% 05/30","15yr",,,,,"939004",,,,,,""
"2021-04-21","'3138EHP71'","MBS","UMBS MORTPASS 3% 02/27","15yr",,,,,"938430.19",,,,,,""
"2021-04-21","'36297AHK2'","MBS","GNMA I 3.5% 12/41","30yr",,,,,"938396.89",,,,,,""
"2021-04-21","'3132A8LS6'","MBS","UMBS MORTPASS 2% 10/26","Other",,,,,"938327.53",,,,,,""
"2021-04-21","'3131X8C46'","MBS","UMBS MORTPASS 2.5% 11/27","15yr",,,,,"938202.04",,,,,,""
"2021-04-21","'3132KE5U5'","MBS","FHLMCGLD 3% 05/30","15yr",,,,,"938152.08",,,,,,""
"2021-04-21","'3138ETBY1'","MBS","UMBS MORTPASS 3% 03/31","15yr",,,,,"938093.13",,,,,,""
"2021-04-21","'36178GSJ4'","MBS","GNMA I MORTPASS 3% 01/43","30yr",,,,,"938014.28",,,,,,""
"2021-04-21","'3620AE3K4'","MBS","GNMA I MORTPASS 5% 11/39","30yr",,,,,"937938.22",,,,,,""
"2021-04-21","'36178DHZ7'","MBS","GNMA I MORTPASS 3% 09/42","30yr",,,,,"937877.38",,,,,,""
"2021-04-21","'3140KM6A3'","MBS","UMBS MORTPASS 2.5% 09/50","30yr",,,,,"937590.1",,,,,,""
"2021-04-21","'3132GREP2'","MBS","FHLMCGLD 3.5% 02/42","30yr",,,,,"937124.23",,,,,,""
"2021-04-21","'3140K0WF1'","MBS","UMBS MORTPASS 2.5% 09/34","15yr",,,,,"936991.05",,,,,,""
"2021-04-21","'3138WFG34'","MBS","UMBS MORTPASS 2.5% 08/30","15yr",,,,,"936554.83",,,,,,""
"2021-04-21","'3132M3WD5'","MBS","FHLMCGLD 4% 12/43","30yr",,,,,"936205.97",,,,,,""
"2021-04-21","'3131XXTZ4'","MBS","UMBS MORTPASS 3.5% 09/47","30yr",,,,,"936192.3",,,,,,""
"2021-04-21","'3138YNT31'","MBS","UMBS MORTPASS 3% 04/45","30yr",,,,,"935620.23",,,,,,""
"2021-04-21","'3138WWML0'","MBS","UMBS MORTPASS 2% 06/28","15yr",,,,,"934820.11",,,,,,""
"2021-04-21","'3140K3X31'","MBS","UMBS MORTPASS 2.5% 11/34","15yr",,,,,"934759.42",,,,,,""
"2021-04-21","'36181BCQ1'","MBS","GNMA I 3.5% 06/43","30yr",,,,,"934744.21",,,,,,""
"2021-04-21","'3138YKBS1'","MBS","UMBS MORTPASS 3% 02/30","15yr",,,,,"934724.31",,,,,,""
"2021-04-21","'31307UUE6'","MBS","FHLMCGLD 2.5% 10/32","15yr",,,,,"934612.42",,,,,,""
"2021-04-21","'3138W2D85'","MBS","UMBS MORTPASS 2.5% 01/28","15yr",,,,,"934501.62",,,,,,""
"2021-04-21","'3138W0BM0'","MBS","UMBS MORTPASS 3.5% 05/43","30yr",,,,,"933550.53",,,,,,""
"2021-04-21","'3140HKUU0'","MBS","UMBS MORTPASS 3.5% 07/33","15yr",,,,,"933235.72",,,,,,""
"2021-04-21","'3138ELK77'","MBS","UMBS MORTPASS 3% 04/28","15yr",,,,,"932868.33",,,,,,""
"2021-04-21","'3131X8NL6'","MBS","UMBS MORTPASS 2% 01/23","Other",,,,,"932788.4",,,,,,""
"2021-04-21","'31307RZ24'","MBS","FHLMCGLD 3% 09/31","15yr",,,,,"932705.37",,,,,,""
"2021-04-21","'36296WAC0'","MBS","GNMA I MORTPASS 5% 04/39","30yr",,,,,"932643.85",,,,,,""
"2021-04-21","'36230SJH8'","MBS","GNMA I 3.5% 11/41","30yr",,,,,"932434.46",,,,,,""
"2021-04-21","'3131XAQY0'","MBS","UMBS MORTPASS 3% 07/29","15yr",,,,,"932354.97",,,,,,""
"2021-04-21","'36297FJB9'","MBS","GNMA I 4.5% 07/39","30yr",,,,,"932308.04",,,,,,""
"2021-04-21","'3140X8GL5'","MBS","UMBS MORTPASS 2.5% 10/50","30yr",,,,,"932135.86",,,,,,""
"2021-04-21","'3140Q8W27'","MBS","UMBS MORTPASS 4.5% 04/48","30yr",,,,,"931462.55",,,,,,""
"2021-04-21","'3138XMLF5'","MBS","UMBS MORTPASS 3% 03/29","15yr",,,,,"931405.12",,,,,,""
"2021-04-21","'3131X7FP8'","MBS","UMBS MORTPASS 3% 12/26","15yr",,,,,"931290.77",,,,,,""
"2021-04-21","'31307DGT7'","MBS","FHLMCGLD 2.5% 07/28","15yr",,,,,"930896.51",,,,,,""
"2021-04-21","'36177PET8'","MBS","GNMA I MORTPASS 3% 07/42","30yr",,,,,"930794.87",,,,,,""
"2021-04-21","'3140KBFP4'","MBS","UMBS MORTPASS 2% 02/36","15yr",,,,,"930668.14",,,,,,""
"2021-04-21","'3138WZSU7'","MBS","UMBS MORTPASS 3% 07/28","15yr",,,,,"930547.42",,,,,,""
"2021-04-21","'3140K7E41'","MBS","UMBS MORTPASS 3% 12/49","30yr",,,,,"930523.57",,,,,,""
"2021-04-21","'3140QFDC0'","MBS","UMBS MORTPASS 2.5% 10/50","30yr",,,,,"929072.84",,,,,,""
"2021-04-21","'31329PMG5'","MBS","UMBS MORTPASS 4.5% 10/48","30yr",,,,,"928719.03",,,,,,""
"2021-04-21","'31417FRT7'","MBS","UMBS MORTPASS 3% 03/28","15yr",,,,,"928544.04",,,,,,""
"2021-04-21","'36179A4K9'","MBS","GNMA I MORTPASS 3% 05/43","30yr",,,,,"928252.26",,,,,,""
"2021-04-21","'3138XUKZ4'","MBS","UMBS MORTPASS 4% 04/44","30yr",,,,,"928236.4",,,,,,""
"2021-04-21","'3140JPD93'","MBS","UMBS MORTPASS 3% 05/34","15yr",,,,,"928127.02",,,,,,""
"2021-04-21","'31329PHT3'","MBS","UMBS MORTPASS 4% 09/48","30yr",,,,,"927975.42",,,,,,""
"2021-04-21","'31418BJQ0'","MBS","UMBS MORTPASS 3.5% 10/29","15yr",,,,,"927894.51",,,,,,""
"2021-04-21","'31307WFJ8'","MBS","FHLMCGLD 3.5% 06/33","15yr",,,,,"927761.07",,,,,,""
"2021-04-21","'3140QBS66'","MBS","UMBS MORTPASS 3% 02/48","30yr",,,,,"926425.89",,,,,,""
"2021-04-21","'3138W5K72'","MBS","UMBS MORTPASS 3% 03/28","15yr",,,,,"926261.58",,,,,,""
"2021-04-21","'3138W9LS7'","MBS","UMBS MORTPASS 2% 09/28","15yr",,,,,"926232.75",,,,,,""
"2021-04-21","'36177TMZ7'","MBS","GNMA I MORTPASS 3% 10/42","30yr",,,,,"926096.74",,,,,,""
"2021-04-21","'36181BKP4'","MBS","GNMA I 3.5% 06/43","30yr",,,,,"926050.47",,,,,,""
"2021-04-21","'3138MFVB0'","MBS","UMBS MORTPASS 3.5% 10/42","30yr",,,,,"925952.12",,,,,,""
"2021-04-21","'3140JPBK0'","MBS","UMBS MORTPASS 2% 10/34","15yr",,,,,"925411.37",,,,,,""
"2021-04-21","'3131X8BL9'","MBS","UMBS MORTPASS 2.5% 10/27","15yr",,,,,"924528.18",,,,,,""
"2021-04-21","'3138WBUM5'","MBS","UMBS MORTPASS 4% 05/44","30yr",,,,,"924355.58",,,,,,""
"2021-04-21","'3140K2V76'","MBS","UMBS MORTPASS 3% 10/49","30yr",,,,,"924036.5",,,,,,""
"2021-04-21","'3132JNDX2'","MBS","FHLMCGLD 3.5% 08/43","30yr",,,,,"923734.37",,,,,,""
"2021-04-21","'31307TVG3'","MBS","FHLMCGLD 3% 05/32","15yr",,,,,"923724.45",,,,,,""
"2021-04-21","'36297FS94'","MBS","GNMA I MORTPASS 5% 08/39","30yr",,,,,"922761.19",,,,,,""
"2021-04-21","'3140JPB20'","MBS","UMBS MORTPASS 2.5% 03/50","30yr",,,,,"922691.66",,,,,,""
"2021-04-21","'3138YSKA3'","MBS","UMBS MORTPASS 3% 07/45","30yr",,,,,"922569.71",,,,,,""
"2021-04-21","'36178VEF4'","MBS","GNMA I 3.5% 06/43","30yr",,,,,"922431.28",,,,,,""
"2021-04-21","'31307PHP7'","MBS","FHLMCGLD 2.5% 10/30","15yr",,,,,"922429.82",,,,,,""
"2021-04-21","'3140KBQW7'","MBS","UMBS MORTPASS 2.5% 05/50","30yr",,,,,"921786.3",,,,,,""
"2021-04-21","'3131X7JP4'","MBS","UMBS MORTPASS 3% 01/27","15yr",,,,,"921663.37",,,,,,""
"2021-04-21","'36297GTM2'","MBS","GNMA I MORTPASS 3% 06/42","30yr",,,,,"921416.37",,,,,,""
"2021-04-21","'3138XBM27'","MBS","UMBS MORTPASS 3% 01/29","15yr",,,,,"921217.88",,,,,,""
"2021-04-21","'31417YPS0'","MBS","UMBS MORTPASS 5.5% 04/40","30yr",,,,,"921088.32",,,,,,""
"2021-04-21","'36179KPX6'","MBS","GNMA I MORTPASS 3% 01/43","30yr",,,,,"920861.95",,,,,,""
"2021-04-21","'3128MEVE8'","MBS","FHLMCGLD 3% 04/31","15yr",,,,,"920536.62",,,,,,""
"2021-04-21","'3138W47B1'","MBS","UMBS MORTPASS 2.5% 03/28","15yr",,,,,"920185.66",,,,,,""
"2021-04-21","'36181A2D3'","MBS","GNMA I MORTPASS 3% 12/42","30yr",,,,,"920127.96",,,,,,""
"2021-04-21","'3133KHLC8'","MBS","UMBS MORTPASS 2.5% 02/50","30yr",,,,,"920101.56",,,,,,""
"2021-04-21","'3138E2L78'","MBS","UMBS MORTPASS 2.5% 01/27","15yr",,,,,"919993.35",,,,,,""
"2021-04-21","'3132A5GE9'","MBS","UMBS MORTPASS 3% 01/47","30yr",,,,,"919881.27",,,,,,""
"2021-04-21","'3138WC7K3'","MBS","UMBS MORTPASS 2.5% 10/29","15yr",,,,,"919672.22",,,,,,""
"2021-04-21","'31339SRK3'","MBS","UMBS MORTPASS 3% 08/49","30yr",,,,,"919552.62",,,,,,""
"2021-04-21","'3131X8F27'","MBS","UMBS MORTPASS 2.5% 11/27","15yr",,,,,"919522.28",,,,,,""
"2021-04-21","'31417FWE4'","MBS","UMBS MORTPASS 2% 03/23","Other",,,,,"919451.04",,,,,,""
"2021-04-21","'3140X42X3'","MBS","UMBS MORTPASS 3.5% 07/49","30yr",,,,,"919408.79",,,,,,""
"2021-04-21","'36297BFR7'","MBS","GNMA I 4.5% 11/39","30yr",,,,,"918958.35",,,,,,""
"2021-04-21","'3140E8KS6'","MBS","UMBS MORTPASS 3.5% 12/45","30yr",,,,,"918517.41",,,,,,""
"2021-04-21","'3138LSYN4'","MBS","UMBS MORTPASS 3% 05/27","15yr",,,,,"918404.34",,,,,,""
"2021-04-21","'3140E3BK4'","MBS","UMBS MORTPASS 3% 09/30","15yr",,,,,"918339.8",,,,,,""
"2021-04-21","'31307L3S5'","MBS","FHLMCGLD 2.5% 02/30","15yr",,,,,"917832.45",,,,,,""
"2021-04-21","'3138X13R5'","MBS","UMBS MORTPASS 4% 08/43","30yr",,,,,"917821.59",,,,,,""
"2021-04-21","'3140KAFH4'","MBS","UMBS MORTPASS 3.5% 03/50","30yr",,,,,"917567.77",,,,,,""
"2021-04-21","'3138WBC37'","MBS","UMBS MORTPASS 2.5% 03/29","15yr",,,,,"917565.82",,,,,,""
"2021-04-21","'3138W34H3'","MBS","UMBS MORTPASS 3% 02/28","15yr",,,,,"917546.11",,,,,,""
"2021-04-21","'3140K2V92'","MBS","UMBS MORTPASS 2.5% 10/34","15yr",,,,,"917525.78",,,,,,""
"2021-04-21","'3138YTH49'","MBS","UMBS MORTPASS 3.5% 08/45","30yr",,,,,"917343.47",,,,,,""
"2021-04-21","'36179C3W0'","MBS","GNMA I MORTPASS 3% 03/43","30yr",,,,,"917158.15",,,,,,""
"2021-04-21","'36176PSK3'","MBS","GNMA I 3.5% 01/42","30yr",,,,,"917141.05",,,,,,""
"2021-04-21","'31307VP75'","MBS","FHLMCGLD 2.5% 02/33","15yr",,,,,"916659.97",,,,,,""
"2021-04-21","'36297FYB2'","MBS","GNMA I 4.5% 10/39","30yr",,,,,"916630.75",,,,,,""
"2021-04-21","'3138W5ZL5'","MBS","UMBS MORTPASS 3% 03/28","15yr",,,,,"916281.9",,,,,,""
"2021-04-21","'3620A5MU0'","MBS","GNMA I 4.5% 09/39","30yr",,,,,"915925.26",,,,,,""
"2021-04-21","'31329NQ43'","MBS","UMBS MORTPASS 3.5% 08/47","30yr",,,,,"915880.38",,,,,,""
"2021-04-21","'3138M7QH1'","MBS","UMBS MORTPASS 2.5% 08/27","15yr",,,,,"915717.49",,,,,,""
"2021-04-21","'31307RCK9'","MBS","FHLMCGLD 3% 06/31","15yr",,,,,"915660.08",,,,,,""
"2021-04-21","'3140KKS47'","MBS","UMBS MORTPASS 2.5% 09/50","30yr",,,,,"915157.53",,,,,,""
"2021-04-21","'3140JHSP9'","MBS","UMBS MORTPASS 3.5% 09/33","15yr",,,,,"915118.18",,,,,,""
"2021-04-21","'31307SHT3'","MBS","FHLMCGLD 3% 11/31","15yr",,,,,"915117.84",,,,,,""
"2021-04-21","'3131X9DR2'","MBS","UMBS MORTPASS 3% 05/28","15yr",,,,,"914849.8",,,,,,""
"2021-04-21","'3140K8YF2'","MBS","UMBS MORTPASS 4.5% 01/50","30yr",,,,,"914433.47",,,,,,""
"2021-04-21","'3140Q9KU6'","MBS","UMBS MORTPASS 3.5% 07/33","15yr",,,,,"914156.55",,,,,,""
"2021-04-21","'3138WQF64'","MBS","UMBS MORTPASS 2.5% 04/28","15yr",,,,,"913927.04",,,,,,""
"2021-04-21","'3140E42Q9'","MBS","UMBS MORTPASS 3% 11/30","15yr",,,,,"913339.24",,,,,,""
"2021-04-21","'3138W5AM0'","MBS","UMBS MORTPASS 2.5% 06/28","15yr",,,,,"912819.08",,,,,,""
"2021-04-21","'3140X6MZ1'","MBS","UMBS MORTPASS 3.5% 11/39","Other",,,,,"912652.25",,,,,,""
"2021-04-21","'36295R4R6'","MBS","GNMA I 4.5% 05/39","30yr",,,,,"912615.84",,,,,,""
"2021-04-21","'36202FSC1'","MBS","GNMA II 3.5% 04/41","30yr",,,,,"912382.29",,,,,,""
"2021-04-21","'3140Q9XM0'","MBS","UMBS MORTPASS 4.5% 10/48","30yr",,,,,"912367.16",,,,,,""
"2021-04-21","'3138EBHT5'","MBS","UMBS MORTPASS 3.5% 03/42","30yr",,,,,"911155.73",,,,,,""
"2021-04-21","'3131X76W3'","MBS","UMBS MORTPASS 2.5% 10/27","15yr",,,,,"910704.3",,,,,,""
"2021-04-21","'3140K3XR8'","MBS","UMBS MORTPASS 3% 10/34","15yr",,,,,"910386.67",,,,,,""
"2021-04-21","'3133A4JA5'","MBS","UMBS MORTPASS 3% 04/50","30yr",,,,,"910029.44",,,,,,""
"2021-04-21","'3140JRQL8'","MBS","UMBS MORTPASS 3.5% 04/34","15yr",,,,,"909794.04",,,,,,""
"2021-04-21","'31329KRB2'","MBS","UMBS MORTPASS 2.5% 11/32","Other",,,,,"909615.6",,,,,,""
"2021-04-21","'3132J6RB2'","MBS","FHLMCGLD 3.5% 02/43","30yr",,,,,"909162.81",,,,,,""
"2021-04-21","'3140H2GQ5'","MBS","UMBS MORTPASS 2.5% 11/32","15yr",,,,,"908714.86",,,,,,""
"2021-04-21","'3138WE3W7'","MBS","UMBS MORTPASS 3.5% 07/45","30yr",,,,,"908661.87",,,,,,""
"2021-04-21","'31418BG75'","MBS","UMBS MORTPASS 3% 09/24","Other",,,,,"908649.55",,,,,,""
"2021-04-21","'3140Q9A37'","MBS","UMBS MORTPASS 3.5% 05/33","15yr",,,,,"908318.26",,,,,,""
"2021-04-21","'3133D3AZ8'","MBS","UMBS MORTPASS 3% 07/39","Other",,,,,"908173.5",,,,,,""
"2021-04-21","'3140KDWD8'","MBS","UMBS MORTPASS 3% 07/50","30yr",,,,,"907841.46",,,,,,""
"2021-04-21","'36295R4S4'","MBS","GNMA I MORTPASS 4% 07/39","30yr",,,,,"907780.62",,,,,,""
"2021-04-21","'3132A9R82'","MBS","UMBS MORTPASS 3% 05/31","15yr",,,,,"907615.88",,,,,,""
"2021-04-21","'36177MGN6'","MBS","GNMA I 3.5% 01/42","30yr",,,,,"907105.4",,,,,,""
"2021-04-21","'31417BGN1'","MBS","UMBS MORTPASS 2.5% 03/22","Other",,,,,"906427.02",,,,,,""
"2021-04-21","'3138WDVC2'","MBS","UMBS MORTPASS 2.5% 01/25","Other",,,,,"906342.9",,,,,,""
"2021-04-21","'36180UHE2'","MBS","GNMA I 3.5% 07/43","30yr",,,,,"905915.52",,,,,,""
"2021-04-21","'36179A5V4'","MBS","GNMA I 3.5% 07/43","30yr",,,,,"905882.68",,,,,,""
"2021-04-21","'3138XBSU9'","MBS","UMBS MORTPASS 4% 05/44","30yr",,,,,"905873.5",,,,,,""
"2021-04-21","'3138WCDJ9'","MBS","UMBS MORTPASS 3% 07/29","15yr",,,,,"905630.31",,,,,,""
"2021-04-21","'36177L2H6'","MBS","GNMA I 3.5% 12/41","30yr",,,,,"905549.35",,,,,,""
"2021-04-21","'3133KKRU5'","MBS","UMBS MORTPASS 2.5% 11/50","30yr",,,,,"905330.67",,,,,,""
"2021-04-21","'3140HMHM9'","MBS","UMBS MORTPASS 3.5% 08/48","30yr",,,,,"905227.95",,,,,,""
"2021-04-21","'3140X6VG3'","MBS","UMBS MORTPASS 2.5% 04/35","15yr",,,,,"905113.76",,,,,,""
"2021-04-21","'3138XRLK3'","MBS","UMBS MORTPASS 4% 03/44","30yr",,,,,"904969.37",,,,,,""
"2021-04-21","'3140JVEZ1'","MBS","UMBS MORTPASS 4% 06/49","30yr",,,,,"904803.75",,,,,,""
"2021-04-21","'3140H6PA1'","MBS","UMBS MORTPASS 3.5% 03/48","30yr",,,,,"904172.26",,,,,,""
"2021-04-21","'3140HJYK1'","MBS","UMBS MORTPASS 3.5% 08/33","15yr",,,,,"904023.75",,,,,,""
"2021-04-21","'3138WMJ44'","MBS","UMBS MORTPASS 2.5% 03/28","15yr",,,,,"903862.88",,,,,,""
"2021-04-21","'3132JNCA3'","MBS","FHLMCGLD 3.5% 08/43","30yr",,,,,"903842.81",,,,,,""
"2021-04-21","'3138MPEQ4'","MBS","UMBS MORTPASS 2.5% 11/27","15yr",,,,,"903801.8",,,,,,""
"2021-04-21","'36177WA34'","MBS","GNMA I 3.5% 04/42","30yr",,,,,"903609",,,,,,""
"2021-04-21","'3128P7K93'","MBS","FHLMCGLD 5% 09/28","Other",,,,,"903056.86",,,,,,""
"2021-04-21","'3138XLBY7'","MBS","UMBS MORTPASS 3.5% 01/44","30yr",,,,,"902720.62",,,,,,""
"2021-04-21","'3138E8YA4'","MBS","UMBS MORTPASS 3.5% 04/42","30yr",,,,,"902534.49",,,,,,""
"2021-04-21","'3138E2ND3'","MBS","UMBS MORTPASS 3% 12/26","15yr",,,,,"902416.08",,,,,,""
"2021-04-21","'31307SKK8'","MBS","FHLMCGLD 2.5% 11/31","15yr",,,,,"902400.44",,,,,,""
"2021-04-21","'36294UWY4'","MBS","GNMA I MORTPASS 3% 10/42","30yr",,,,,"902324.94",,,,,,""
"2021-04-21","'31417CPD1'","MBS","UMBS MORTPASS 2% 08/27","15yr",,,,,"901326.7",,,,,,""
"2021-04-21","'3138W4QK0'","MBS","UMBS MORTPASS 3% 02/43","30yr",,,,,"901299.75",,,,,,""
"2021-04-21","'3140HQCW3'","MBS","UMBS MORTPASS 3.5% 08/33","15yr",,,,,"901112.26",,,,,,""
"2021-04-21","'3138XYG57'","MBS","UMBS MORTPASS 3.5% 08/29","15yr",,,,,"901071.77",,,,,,""
"2021-04-21","'3138WJ2C1'","MBS","UMBS MORTPASS 2.5% 06/30","15yr",,,,,"900890.04",,,,,,""
"2021-04-21","'3138MSB32'","MBS","UMBS MORTPASS 2.5% 01/28","15yr",,,,,"900809.78",,,,,,""
"2021-04-21","'36297HKV9'","MBS","GNMA I MORTPASS 5% 11/39","30yr",,,,,"900804.92",,,,,,""
"2021-04-21","'36202E3D9'","MBS","GNMA II MORTPASS 4% 03/39","30yr",,,,,"900778.33",,,,,,""
"2021-04-21","'3140K4GG9'","MBS","UMBS MORTPASS 3% 11/49","30yr",,,,,"900592.31",,,,,,""
"2021-04-21","'3140KMBN9'","MBS","UMBS MORTPASS 2.5% 09/50","30yr",,,,,"900459.95",,,,,,""
"2021-04-21","'36295YFY4'","MBS","GNMA I MORTPASS 5% 11/39","30yr",,,,,"900401.08",,,,,,""
"2021-04-21","'3138ELGC1'","MBS","UMBS MORTPASS 3% 06/28","15yr",,,,,"899356.75",,,,,,""
"2021-04-21","'3131XAYJ4'","MBS","UMBS MORTPASS 2.5% 02/29","15yr",,,,,"899118.65",,,,,,""
"2021-04-21","'36178QLX8'","MBS","GNMA I MORTPASS 3% 04/43","30yr",,,,,"898797.69",,,,,,""
"2021-04-21","'3132A7UV1'","MBS","UMBS MORTPASS 2.5% 01/24","Other",,,,,"898584.07",,,,,,""
"2021-04-21","'3128MMV34'","MBS","FHLMCGLD 3.5% 01/32","15yr",,,,,"898251.29",,,,,,""
"2021-04-21","'3138X5N52'","MBS","UMBS MORTPASS 2.5% 08/28","15yr",,,,,"898199.02",,,,,,""
"2021-04-21","'3138YDCJ6'","MBS","UMBS MORTPASS 3% 12/44","30yr",,,,,"897657.82",,,,,,""
"2021-04-21","'3140EV3U9'","MBS","UMBS MORTPASS 3.5% 12/45","30yr",,,,,"897622.17",,,,,,""
"2021-04-21","'3132A7T43'","MBS","UMBS MORTPASS 3% 11/28","15yr",,,,,"897307.64",,,,,,""
"2021-04-21","'3128MDUY7'","MBS","FHLMCGLD 3% 11/23","15yr",,,,,"896928.5",,,,,,""
"2021-04-21","'3138WBTW5'","MBS","UMBS MORTPASS 3% 05/29","15yr",,,,,"896629.52",,,,,,""
"2021-04-21","'3140E9NP7'","MBS","UMBS MORTPASS 2.5% 07/31","15yr",,,,,"896205.25",,,,,,""
"2021-04-21","'31418DNJ7'","MBS","UMBS MORTPASS 3.5% 04/50","30yr",,,,,"896018.24",,,,,,""
"2021-04-21","'3133G8N98'","MBS","UMBS MORTPASS 2.5% 05/35","15yr",,,,,"895816.71",,,,,,""
"2021-04-21","'3140KVFJ4'","MBS","UMBS MORTPASS 2% 12/50","30yr",,,,,"895435.13",,,,,,""
"2021-04-21","'3131YBYQ5'","MBS","UMBS MORTPASS 4% 04/49","30yr",,,,,"895360.68",,,,,,""
"2021-04-21","'3131X7E38'","MBS","UMBS MORTPASS 3% 12/26","15yr",,,,,"894770.8",,,,,,""
"2021-04-21","'3140K5Y35'","MBS","UMBS MORTPASS 3% 01/35","15yr",,,,,"894597.04",,,,,,""
"2021-04-21","'3140H7RE9'","MBS","UMBS MORTPASS 3.5% 02/33","15yr",,,,,"894190.82",,,,,,""
"2021-04-21","'3140K5F51'","MBS","UMBS MORTPASS 3% 11/49","30yr",,,,,"894104.5",,,,,,""
"2021-04-21","'31307F3B5'","MBS","FHLMCGLD 3% 01/29","15yr",,,,,"894080.88",,,,,,""
"2021-04-21","'3140K8RW3'","MBS","UMBS MORTPASS 2.5% 03/50","30yr",,,,,"893885.56",,,,,,""
"2021-04-21","'31307QR25'","MBS","FHLMCGLD 2.5% 04/31","15yr",,,,,"893652.83",,,,,,""
"2021-04-21","'3132A83M9'","MBS","UMBS MORTPASS 3% 05/30","15yr",,,,,"893645.98",,,,,,""
"2021-04-21","'3138X0ZD3'","MBS","UMBS MORTPASS 3% 07/28","15yr",,,,,"893215.44",,,,,,""
"2021-04-21","'3138M3K29'","MBS","UMBS MORTPASS 3% 07/27","15yr",,,,,"893118.09",,,,,,""
"2021-04-21","'3138XBZN7'","MBS","UMBS MORTPASS 4% 09/43","30yr",,,,,"892709.14",,,,,,""
"2021-04-21","'31418CVH4'","MBS","UMBS MORTPASS 3% 03/28","Other",,,,,"892277.97",,,,,,""
"2021-04-21","'36177T5U7'","MBS","GNMA I 3.5% 05/42","30yr",,,,,"891985.66",,,,,,""
"2021-04-21","'36180HJ74'","MBS","GNMA I MORTPASS 4% 09/43","30yr",,,,,"891165.01",,,,,,""
"2021-04-21","'3133A0HG2'","MBS","UMBS MORTPASS 2.5% 12/49","30yr",,,,,"890836.81",,,,,,""
"2021-04-21","'3138EPSA3'","MBS","UMBS MORTPASS 2% 04/25","Other",,,,,"890568.9",,,,,,""
"2021-04-21","'31417ELF6'","MBS","UMBS MORTPASS 2% 01/28","15yr",,,,,"890140.37",,,,,,""
"2021-04-21","'3138EKNW1'","MBS","UMBS MORTPASS 2.5% 01/28","15yr",,,,,"889539.02",,,,,,""
"2021-04-21","'31307FZQ7'","MBS","FHLMCGLD 3% 01/29","15yr",,,,,"889185.54",,,,,,""
"2021-04-21","'3131X8JV9'","MBS","UMBS MORTPASS 2.5% 12/27","15yr",,,,,"889108.18",,,,,,""
"2021-04-21","'3138MJLF4'","MBS","UMBS MORTPASS 3.5% 04/43","30yr",,,,,"889058.18",,,,,,""
"2021-04-21","'3138NYJ89'","MBS","UMBS MORTPASS 3% 01/43","30yr",,,,,"888482.25",,,,,,""
"2021-04-21","'3140H7MB0'","MBS","UMBS MORTPASS 3% 05/33","15yr",,,,,"888385.97",,,,,,""
"2021-04-21","'3131X7FX1'","MBS","UMBS MORTPASS 3% 12/26","15yr",,,,,"888365.58",,,,,,""
"2021-04-21","'3138YD2R9'","MBS","UMBS MORTPASS 2.5% 04/30","15yr",,,,,"888088.34",,,,,,""
"2021-04-21","'3140HEKG6'","MBS","UMBS MORTPASS 3.5% 02/48","30yr",,,,,"888058.99",,,,,,""
"2021-04-21","'3132QPVD3'","MBS","FHLMCGLD 3% 05/45","30yr",,,,,"887505.52",,,,,,""
"2021-04-21","'3132JATF2'","MBS","FHLMCGLD 3.5% 06/43","30yr",,,,,"887460.92",,,,,,""
"2021-04-21","'3620A8CS0'","MBS","GNMA I MORTPASS 3% 03/43","30yr",,,,,"887264.97",,,,,,""
"2021-04-21","'31418CQH0'","MBS","UMBS MORTPASS 3% 10/32","15yr",,,,,"886969.51",,,,,,""
"2021-04-21","'3138EEZ51'","MBS","UMBS MORTPASS 3% 05/27","15yr",,,,,"886959.19",,,,,,""
"2021-04-21","'31417BY43'","MBS","UMBS MORTPASS 2.5% 05/27","15yr",,,,,"886877.84",,,,,,""
"2021-04-21","'3138W76Y5'","MBS","UMBS MORTPASS 3% 04/28","15yr",,,,,"886836.93",,,,,,""
"2021-04-21","'3132JAMG7'","MBS","FHLMCGLD 3.5% 06/43","30yr",,,,,"886836.49",,,,,,""
"2021-04-21","'31307ML20'","MBS","FHLMCGLD 2.5% 04/30","15yr",,,,,"886434.36",,,,,,""
"2021-04-21","'36177T5V5'","MBS","GNMA I 3.5% 05/42","30yr",,,,,"886324.41",,,,,,""
"2021-04-21","'3138YVR43'","MBS","UMBS MORTPASS 3% 09/31","15yr",,,,,"886085.51",,,,,,""
"2021-04-21","'3138YNEM5'","MBS","UMBS MORTPASS 3% 05/30","15yr",,,,,"885919.76",,,,,,""
"2021-04-21","'3133G8VH1'","MBS","UMBS MORTPASS 2% 06/35","15yr",,,,,"885790.24",,,,,,""
"2021-04-21","'3138LWEW7'","MBS","UMBS MORTPASS 2.5% 07/27","15yr",,,,,"885485.62",,,,,,""
"2021-04-21","'3138MLG24'","MBS","UMBS MORTPASS 3% 11/27","15yr",,,,,"885297.71",,,,,,""
"2021-04-21","'3138XWNJ3'","MBS","UMBS MORTPASS 4% 05/44","30yr",,,,,"884999.17",,,,,,""
"2021-04-21","'3140HH2Y0'","MBS","UMBS MORTPASS 3% 04/33","15yr",,,,,"884992.22",,,,,,""
"2021-04-21","'36177PEU5'","MBS","GNMA I MORTPASS 3% 07/42","30yr",,,,,"884843.67",,,,,,""
"2021-04-21","'3138MJLN7'","MBS","UMBS MORTPASS 2% 04/28","15yr",,,,,"884786.15",,,,,,""
"2021-04-21","'36202FL95'","MBS","GNMA II 3.5% 11/40","30yr",,,,,"884768.49",,,,,,""
"2021-04-21","'31307NAB0'","MBS","FHLMCGLD 3% 06/30","15yr",,,,,"884683.26",,,,,,""
"2021-04-21","'3132QTY83'","MBS","FHLMCGLD 3.5% 10/45","30yr",,,,,"884657.2",,,,,,""
"2021-04-21","'3132QNQZ5'","MBS","FHLMCGLD 3.5% 03/45","30yr",,,,,"884047.68",,,,,,""
"2021-04-21","'3138X5U88'","MBS","UMBS MORTPASS 3.5% 09/43","30yr",,,,,"884026.31",,,,,,""
"2021-04-21","'36292EQR4'","MBS","GNMA I 4.5% 04/39","30yr",,,,,"883932.99",,,,,,""
"2021-04-21","'31339S4U6'","MBS","UMBS MORTPASS 4% 09/49","30yr",,,,,"883927.6",,,,,,""
"2021-04-21","'3133GBT53'","MBS","UMBS MORTPASS 2% 01/36","15yr",,,,,"883852.54",,,,,,""
"2021-04-21","'3138A2CB3'","MBS","UMBS MORTPASS 3% 12/25","15yr",,,,,"883681.32",,,,,,""
"2021-04-21","'31335BAU0'","MBS","FHLMCGLD 4.5% 09/46","30yr",,,,,"883623.8",,,,,,""
"2021-04-21","'31418BWJ1'","MBS","UMBS MORTPASS 3% 11/30","15yr",,,,,"883530.42",,,,,,""
"2021-04-21","'3140E4SM0'","MBS","UMBS MORTPASS 3% 11/30","15yr",,,,,"883200.17",,,,,,""
"2021-04-21","'3131X9SP0'","MBS","UMBS MORTPASS 2.5% 08/23","Other",,,,,"882210.3",,,,,,""
"2021-04-21","'3140KDJV3'","MBS","UMBS MORTPASS 2.5% 06/50","30yr",,,,,"881534.45",,,,,,""
"2021-04-21","'3140KDAG5'","MBS","UMBS MORTPASS 2.5% 04/50","30yr",,,,,"881519.85",,,,,,""
"2021-04-21","'3138AJML3'","MBS","UMBS MORTPASS 3.5% 06/26","15yr",,,,,"881516.38",,,,,,""
"2021-04-21","'3140HALQ1'","MBS","UMBS MORTPASS 3.5% 07/44","30yr",,,,,"881010.35",,,,,,""
"2021-04-21","'3620A7BR5'","MBS","GNMA I 4.5% 12/39","30yr",,,,,"880374.78",,,,,,""
"2021-04-21","'31307WJ70'","MBS","FHLMCGLD 3% 07/33","15yr",,,,,"880113.38",,,,,,""
"2021-04-21","'3140K2TG9'","MBS","UMBS MORTPASS 3% 10/49","30yr",,,,,"880088.52",,,,,,""
"2021-04-21","'3140EXE74'","MBS","UMBS MORTPASS 2.5% 09/31","15yr",,,,,"879589.62",,,,,,""
"2021-04-21","'3138WKK20'","MBS","UMBS MORTPASS 3.5% 03/47","30yr",,,,,"879182.04",,,,,,""
"2021-04-21","'36297FHF2'","MBS","GNMA I MORTPASS 4% 06/39","30yr",,,,,"879100",,,,,,""
"2021-04-21","'3138WE6B0'","MBS","UMBS MORTPASS 3.5% 07/45","30yr",,,,,"878824.51",,,,,,""
"2021-04-21","'3138X0ZG6'","MBS","UMBS MORTPASS 2.5% 07/28","15yr",,,,,"878694.27",,,,,,""
"2021-04-21","'36230SKH6'","MBS","GNMA I 3.5% 02/42","30yr",,,,,"878440.06",,,,,,""
"2021-04-21","'3140JUZE7'","MBS","UMBS MORTPASS 4% 06/49","30yr",,,,,"878242.95",,,,,,""
"2021-04-21","'31307MPJ9'","MBS","FHLMCGLD 2.5% 04/30","15yr",,,,,"878109.65",,,,,,""
"2021-04-21","'31418ART7'","MBS","UMBS MORTPASS 3% 03/23","Other",,,,,"878060.15",,,,,,""
"2021-04-21","'3131X9ZK3'","MBS","UMBS MORTPASS 3% 10/28","15yr",,,,,"877848.99",,,,,,""
"2021-04-21","'31339SMX0'","MBS","UMBS MORTPASS 3.5% 09/49","30yr",,,,,"877816.61",,,,,,""
"2021-04-21","'3138M5SE0'","MBS","UMBS MORTPASS 3% 09/27","15yr",,,,,"877478.01",,,,,,""
"2021-04-21","'36181A2F8'","MBS","GNMA I MORTPASS 3% 06/43","30yr",,,,,"877406.6",,,,,,""
"2021-04-21","'3132KE5Q4'","MBS","FHLMCGLD 3% 05/30","15yr",,,,,"877185.63",,,,,,""
"2021-04-21","'3138X5L21'","MBS","UMBS MORTPASS 3% 09/28","15yr",,,,,"876952.03",,,,,,""
"2021-04-21","'3138XCUM2'","MBS","UMBS MORTPASS 4% 11/43","30yr",,,,,"876784.87",,,,,,""
"2021-04-21","'3140FFDD0'","MBS","UMBS MORTPASS 2.5% 09/31","15yr",,,,,"876778.25",,,,,,""
"2021-04-21","'3138X2GA6'","MBS","UMBS MORTPASS 2.5% 08/28","15yr",,,,,"876692.05",,,,,,""
"2021-04-21","'3140FFCY5'","MBS","UMBS MORTPASS 3.5% 09/46","30yr",,,,,"876658.52",,,,,,""
"2021-04-21","'31307TNG2'","MBS","FHLMCGLD 3% 04/27","15yr",,,,,"876523.75",,,,,,""
"2021-04-21","'31307WLM4'","MBS","FHLMCGLD 3% 07/33","15yr",,,,,"875953.73",,,,,,""
"2021-04-21","'3138M9CC3'","MBS","UMBS MORTPASS 3% 10/42","30yr",,,,,"875780.01",,,,,,""
"2021-04-21","'3140K83J8'","MBS","UMBS MORTPASS 3% 03/50","30yr",,,,,"875581.31",,,,,,""
"2021-04-21","'3138XTCV5'","MBS","UMBS MORTPASS 4% 04/44","30yr",,,,,"875556.09",,,,,,""
"2021-04-21","'3140FMMM5'","MBS","UMBS MORTPASS 2.5% 11/31","15yr",,,,,"875030.22",,,,,,""
"2021-04-21","'3140JLWD2'","MBS","UMBS MORTPASS 3% 03/49","30yr",,,,,"874638.99",,,,,,""
"2021-04-21","'36176NWX5'","MBS","GNMA I 3.5% 06/43","30yr",,,,,"874532.38",,,,,,""
"2021-04-21","'31418BQQ2'","MBS","UMBS MORTPASS 3% 05/25","Other",,,,,"874426.49",,,,,,""
"2021-04-21","'3138MHQT3'","MBS","UMBS MORTPASS 3% 10/27","15yr",,,,,"874400.63",,,,,,""
"2021-04-21","'31307U3Z9'","MBS","FHLMCGLD 2.5% 11/32","15yr",,,,,"874204.91",,,,,,""
"2021-04-21","'3132A9RL3'","MBS","UMBS MORTPASS 3% 12/30","15yr",,,,,"874069.54",,,,,,""
"2021-04-21","'3133AFN80'","MBS","UMBS MORTPASS 2.5% 01/51","30yr",,,,,"874056.32",,,,,,""
"2021-04-21","'3132DV3S2'","MBS","UMBS MORTPASS 2.5% 07/49","30yr",,,,,"874007.44",,,,,,""
"2021-04-21","'3138X2XY5'","MBS","UMBS MORTPASS 3.5% 07/43","30yr",,,,,"873934.38",,,,,,""
"2021-04-21","'36179JFJ1'","MBS","GNMA I MORTPASS 3% 02/43","30yr",,,,,"873306.09",,,,,,""
"2021-04-21","'36202FZC3'","MBS","GNMA II MORTPASS 3% 11/41","30yr",,,,,"873269.36",,,,,,""
"2021-04-21","'36178NFL8'","MBS","GNMA I MORTPASS 3% 09/42","30yr",,,,,"873218.08",,,,,,""
"2021-04-21","'31418BR57'","MBS","UMBS MORTPASS 2% 05/25","Other",,,,,"873152.21",,,,,,""
"2021-04-21","'3140JL6N9'","MBS","UMBS MORTPASS 4.5% 01/49","30yr",,,,,"873097.11",,,,,,""
"2021-04-21","'3131XAU33'","MBS","UMBS MORTPASS 3% 09/24","Other",,,,,"873012.58",,,,,,""
"2021-04-21","'36179QBE0'","MBS","GNMA II MORTPASS 3% 04/44","30yr",,,,,"872762.13",,,,,,""
"2021-04-21","'3131Y22Y3'","MBS","UMBS MORTPASS 4.5% 08/48","30yr",,,,,"872741.32",,,,,,""
"2021-04-21","'3140HLVN3'","MBS","UMBS MORTPASS 4% 10/48","30yr",,,,,"872586.48",,,,,,""
"2021-04-21","'3132M9A61'","MBS","FHLMCGLD 3.5% 09/44","30yr",,,,,"872359.71",,,,,,""
"2021-04-21","'3140HB7B8'","MBS","UMBS MORTPASS 3% 10/49","30yr",,,,,"871749.84",,,,,,""
"2021-04-21","'36297FJC7'","MBS","GNMA I 4.5% 07/39","30yr",,,,,"871603.71",,,,,,""
"2021-04-21","'3132J6VC5'","MBS","FHLMCGLD 3% 02/43","30yr",,,,,"871464.98",,,,,,""
"2021-04-21","'31418CPM0'","MBS","UMBS MORTPASS 3% 09/37","Other",,,,,"871124.46",,,,,,""
"2021-04-21","'3131X8CD6'","MBS","UMBS MORTPASS 3% 10/27","15yr",,,,,"870803.38",,,,,,""
"2021-04-21","'3140HME59'","MBS","UMBS MORTPASS 4.5% 06/48","30yr",,,,,"869958.08",,,,,,""
"2021-04-21","'31329LFD9'","MBS","UMBS MORTPASS 2% 02/28","15yr",,,,,"869498.84",,,,,,""
"2021-04-21","'31418BGY6'","MBS","UMBS MORTPASS 3% 07/44","30yr",,,,,"869011.6",,,,,,""
"2021-04-21","'312940X53'","MBS","FHLMCGLD 4.5% 06/40","30yr",,,,,"868694.66",,,,,,""
"2021-04-21","'3140L1SZ9'","MBS","UMBS MORTPASS 2% 02/51","30yr",,,,,"868634.11",,,,,,""
"2021-04-21","'3140H7K63'","MBS","UMBS MORTPASS 3.5% 04/33","15yr",,,,,"868614.8",,,,,,""
"2021-04-21","'3133G6TE5'","MBS","UMBS MORTPASS 3% 08/34","15yr",,,,,"868318.99",,,,,,""
"2021-04-21","'36180EPT6'","MBS","GNMA I MORTPASS 3% 04/43","30yr",,,,,"868088.75",,,,,,""
"2021-04-21","'3138XB5K6'","MBS","UMBS MORTPASS 3% 10/28","15yr",,,,,"868048.27",,,,,,""
"2021-04-21","'3138WFAE6'","MBS","UMBS MORTPASS 2.5% 07/30","15yr",,,,,"867992.67",,,,,,""
"2021-04-21","'3132HNC49'","MBS","FHLMCGLD 3% 10/42","30yr",,,,,"867991.03",,,,,,""
"2021-04-21","'3138MA5K0'","MBS","UMBS MORTPASS 3.5% 10/42","30yr",,,,,"867968.68",,,,,,""
"2021-04-21","'3138W5AY4'","MBS","UMBS MORTPASS 2.5% 05/28","15yr",,,,,"867554.73",,,,,,""
"2021-04-21","'31329MB58'","MBS","UMBS MORTPASS 2.5% 09/28","15yr",,,,,"867537.84",,,,,,""
"2021-04-21","'3140JUUK8'","MBS","UMBS MORTPASS 3.5% 07/49","30yr",,,,,"867338.8",,,,,,""
"2021-04-21","'3140HP2F3'","MBS","UMBS MORTPASS 4% 09/48","30yr",,,,,"867317.66",,,,,,""
"2021-04-21","'3138X7CE1'","MBS","UMBS MORTPASS 4% 10/43","30yr",,,,,"866664.55",,,,,,""
"2021-04-21","'3132MADU2'","MBS","FHLMCGLD 4% 11/44","30yr",,,,,"866617.99",,,,,,""
"2021-04-21","'3138M3KS2'","MBS","UMBS MORTPASS 2.5% 07/27","15yr",,,,,"866595.12",,,,,,""
"2021-04-21","'3138EHBN1'","MBS","UMBS MORTPASS 3% 11/26","15yr",,,,,"866393.73",,,,,,""
"2021-04-21","'3140FUT99'","MBS","UMBS MORTPASS 3% 02/32","15yr",,,,,"866361.23",,,,,,""
"2021-04-21","'3133AG2D0'","MBS","UMBS MORTPASS 2% 02/51","30yr",,,,,"865931.48",,,,,,""
"2021-04-21","'3132QPG24'","MBS","FHLMCGLD 3% 04/45","30yr",,,,,"865883.13",,,,,,""
"2021-04-21","'3138LXDW6'","MBS","UMBS MORTPASS 2.5% 07/27","15yr",,,,,"865460.6",,,,,,""
"2021-04-21","'3138WWAG4'","MBS","UMBS MORTPASS 3.5% 06/43","30yr",,,,,"865379.68",,,,,,""
"2021-04-21","'3140K1BP0'","MBS","UMBS MORTPASS 2.5% 10/34","15yr",,,,,"865349.25",,,,,,""
"2021-04-21","'36177TKS5'","MBS","GNMA I 3.5% 05/42","30yr",,,,,"865023.5",,,,,,""
"2021-04-21","'36230SKE3'","MBS","GNMA I 3.5% 02/42","30yr",,,,,"864886.98",,,,,,""
"2021-04-21","'3140J8QW6'","MBS","UMBS MORTPASS 3% 04/38","Other",,,,,"864630.06",,,,,,""
"2021-04-21","'36180CQX0'","MBS","GNMA I MORTPASS 3% 03/43","30yr",,,,,"864503.48",,,,,,""
"2021-04-21","'3620A8CR2'","MBS","GNMA I MORTPASS 3% 03/43","30yr",,,,,"864289.82",,,,,,""
"2021-04-21","'36296YZH8'","MBS","GNMA I 4.5% 07/39","30yr",,,,,"864268.15",,,,,,""
"2021-04-21","'3138EJPF9'","MBS","UMBS MORTPASS 3% 07/27","15yr",,,,,"863921.5",,,,,,""
"2021-04-21","'3620AHLW1'","MBS","GNMA I MORTPASS 5% 03/40","30yr",,,,,"863798.36",,,,,,""
"2021-04-21","'3620A14Y1'","MBS","GNMA I 4.5% 07/39","30yr",,,,,"863734.41",,,,,,""
"2021-04-21","'3138W0VH9'","MBS","UMBS MORTPASS 3.5% 02/43","30yr",,,,,"863660.01",,,,,,""
"2021-04-21","'3138MCVW1'","MBS","UMBS MORTPASS 2.5% 10/42","30yr",,,,,"863130.56",,,,,,""
"2021-04-21","'3138MPFG5'","MBS","UMBS MORTPASS 2.5% 02/28","15yr",,,,,"862752.2",,,,,,""
"2021-04-21","'3140FD3L8'","MBS","UMBS MORTPASS 3% 09/31","15yr",,,,,"862734.7",,,,,,""
"2021-04-21","'3620ADC59'","MBS","GNMA I 4.5% 11/39","30yr",,,,,"862314.52",,,,,,""
"2021-04-21","'3138MNR93'","MBS","UMBS MORTPASS 2.5% 01/28","15yr",,,,,"862268.04",,,,,,""
"2021-04-21","'3140JPXZ3'","MBS","UMBS MORTPASS 4.5% 04/49","30yr",,,,,"862162.85",,,,,,""
"2021-04-21","'3140JJEQ8'","MBS","UMBS MORTPASS 4% 10/48","30yr",,,,,"862096.17",,,,,,""
"2021-04-21","'31417EUQ2'","MBS","UMBS MORTPASS 2.5% 02/23","Other",,,,,"862042.24",,,,,,""
"2021-04-21","'36178MMJ7'","MBS","GNMA I MORTPASS 3% 12/42","30yr",,,,,"861980.62",,,,,,""
"2021-04-21","'3138YD2U2'","MBS","UMBS MORTPASS 2.5% 03/30","15yr",,,,,"861839.48",,,,,,""
"2021-04-21","'31414HZ34'","MBS","UMBS MORTPASS 5.5% 12/37","30yr",,,,,"861827.68",,,,,,""
"2021-04-21","'3138WMPP0'","MBS","UMBS MORTPASS 3.5% 03/43","30yr",,,,,"860783.71",,,,,,""
"2021-04-21","'3138YBU35'","MBS","UMBS MORTPASS 3% 03/45","30yr",,,,,"859994.27",,,,,,""
"2021-04-21","'3140E4SZ1'","MBS","UMBS MORTPASS 3% 01/31","15yr",,,,,"859523.19",,,,,,""
"2021-04-21","'31418ANE4'","MBS","UMBS MORTPASS 2% 12/22","Other",,,,,"859467.33",,,,,,""
"2021-04-21","'3138WZRJ3'","MBS","UMBS MORTPASS 3% 06/43","30yr",,,,,"859283.81",,,,,,""
"2021-04-21","'36177T4K0'","MBS","GNMA I 3.5% 04/42","30yr",,,,,"858175.48",,,,,,""
"2021-04-21","'31307RP90'","MBS","FHLMCGLD 3% 08/31","15yr",,,,,"857691.16",,,,,,""
"2021-04-21","'3138XFYW9'","MBS","UMBS MORTPASS 3% 11/28","15yr",,,,,"857155.6",,,,,,""
"2021-04-21","'36177YC53'","MBS","GNMA I 3.5% 06/42","30yr",,,,,"856998.7",,,,,,""
"2021-04-21","'3132A7H87'","MBS","UMBS MORTPASS 2.5% 08/22","Other",,,,,"856639.36",,,,,,""
"2021-04-21","'31307GP52'","MBS","FHLMCGLD 3.5% 03/29","15yr",,,,,"856512.89",,,,,,""
"2021-04-21","'3133LPS73'","MBS","UMBS MORTPASS 1.5% 12/30","Other",,,,,"856094.01",,,,,,""
"2021-04-21","'3132A9SL2'","MBS","UMBS MORTPASS 2% 10/31","15yr",,,,,"856020.8",,,,,,""
"2021-04-21","'3132XYTY3'","MBS","FHLMCGLD 3.5% 05/48","30yr",,,,,"855765.9",,,,,,""
"2021-04-21","'36295CKW0'","MBS","GNMA I 3.5% 09/43","30yr",,,,,"854575.56",,,,,,""
"2021-04-21","'31307L4S4'","MBS","FHLMCGLD 2.5% 02/30","15yr",,,,,"854180.2",,,,,,""
"2021-04-21","'3140HEWA6'","MBS","UMBS MORTPASS 3.5% 07/33","15yr",,,,,"853817.85",,,,,,""
"2021-04-21","'3140HFNP0'","MBS","UMBS MORTPASS 2.5% 03/45","30yr",,,,,"853401.52",,,,,,""
"2021-04-21","'3131X8QB5'","MBS","UMBS MORTPASS 2.5% 01/28","15yr",,,,,"853251.46",,,,,,""
"2021-04-21","'3132JAQS7'","MBS","FHLMCGLD 3% 05/43","30yr",,,,,"853213.72",,,,,,""
"2021-04-21","'31419FK88'","MBS","UMBS MORTPASS 4% 10/40","30yr",,,,,"853199.31",,,,,,""
"2021-04-21","'3140FG3N7'","MBS","UMBS MORTPASS 3% 04/45","30yr",,,,,"852866.74",,,,,,""
"2021-04-21","'31417DL27'","MBS","UMBS MORTPASS 2.5% 10/27","15yr",,,,,"852844.22",,,,,,""
"2021-04-21","'3138XLX56'","MBS","UMBS MORTPASS 3% 01/29","15yr",,,,,"852756.45",,,,,,""
"2021-04-21","'3131X9BT0'","MBS","UMBS MORTPASS 3% 05/28","15yr",,,,,"852748.85",,,,,,""
"2021-04-21","'3140F2VC1'","MBS","UMBS MORTPASS 3% 07/31","15yr",,,,,"852461.75",,,,,,""
"2021-04-21","'3140K0YL6'","MBS","UMBS MORTPASS 3% 01/50","30yr",,,,,"852447.15",,,,,,""
"2021-04-21","'3132QTPE0'","MBS","FHLMCGLD 3.5% 10/45","30yr",,,,,"852300.62",,,,,,""
"2021-04-21","'3138XMKH2'","MBS","UMBS MORTPASS 3% 02/29","15yr",,,,,"852275.15",,,,,,""
"2021-04-21","'3138XFEA9'","MBS","UMBS MORTPASS 3% 11/28","15yr",,,,,"852188.62",,,,,,""
"2021-04-21","'31307GGR4'","MBS","FHLMCGLD 3.5% 03/29","15yr",,,,,"852109.14",,,,,,""
"2021-04-21","'31329PH97'","MBS","UMBS MORTPASS 3.5% 09/48","30yr",,,,,"851975.59",,,,,,""
"2021-04-21","'36296JMQ5'","MBS","GNMA I 4.5% 05/39","30yr",,,,,"851757.24",,,,,,""
"2021-04-21","'3132HQV90'","MBS","FHLMCGLD 3% 01/43","30yr",,,,,"851569.66",,,,,,""
"2021-04-21","'31307SU84'","MBS","FHLMCGLD 3% 01/32","15yr",,,,,"851074.26",,,,,,""
"2021-04-21","'36179A5Y8'","MBS","GNMA I 3.5% 07/43","30yr",,,,,"850888.64",,,,,,""
"2021-04-21","'3620AUCU6'","MBS","GNMA I MORTPASS 3% 03/42","30yr",,,,,"850859.73",,,,,,""
"2021-04-21","'3620A2T97'","MBS","GNMA I 4.5% 04/39","30yr",,,,,"850853.07",,,,,,""
"2021-04-21","'3138XCZA3'","MBS","UMBS MORTPASS 4% 10/43","30yr",,,,,"850511.34",,,,,,""
"2021-04-21","'3140HJL33'","MBS","UMBS MORTPASS 3% 03/33","15yr",,,,,"850330.94",,,,,,""
"2021-04-21","'31329KX90'","MBS","UMBS MORTPASS 3% 04/38","Other",,,,,"850220.35",,,,,,""
"2021-04-21","'3138YF4Y7'","MBS","UMBS MORTPASS 3.5% 03/45","30yr",,,,,"849956.76",,,,,,""
"2021-04-21","'3140QEMT6'","MBS","UMBS MORTPASS 2% 08/40","Other",,,,,"849574.63",,,,,,""
"2021-04-21","'3140J5RD3'","MBS","UMBS MORTPASS 2.5% 04/31","15yr",,,,,"848976.36",,,,,,""
"2021-04-21","'31307QK22'","MBS","FHLMCGLD 3% 03/31","15yr",,,,,"848128.34",,,,,,""
"2021-04-21","'36181CYZ5'","MBS","GNMA I MORTPASS 4% 10/43","30yr",,,,,"847867.63",,,,,,""
"2021-04-21","'3131X9CD4'","MBS","UMBS MORTPASS 2% 05/28","15yr",,,,,"847568.01",,,,,,""
"2021-04-21","'36297KVR9'","MBS","GNMA I 4.5% 06/39","30yr",,,,,"847319.83",,,,,,""
"2021-04-21","'31307CBY3'","MBS","FHLMCGLD 2% 05/28","15yr",,,,,"847295.26",,,,,,""
"2021-04-21","'31417AKL2'","MBS","UMBS MORTPASS 3% 11/26","15yr",,,,,"846885.73",,,,,,""
"2021-04-21","'3140FLLG1'","MBS","UMBS MORTPASS 3.5% 11/46","30yr",,,,,"846787.43",,,,,,""
"2021-04-21","'3132WNZE5'","MBS","FHLMCGLD 3% 06/47","30yr",,,,,"846718.31",,,,,,""
"2021-04-21","'3140JJGJ2'","MBS","UMBS MORTPASS 4.5% 12/48","30yr",,,,,"846514.48",,,,,,""
"2021-04-21","'3131YDJ39'","MBS","UMBS MORTPASS 3.5% 05/44","30yr",,,,,"846348.67",,,,,,""
"2021-04-21","'3133LPRX7'","MBS","UMBS MORTPASS 2.5% 06/29","Other",,,,,"846225.8",,,,,,""
"2021-04-21","'3132AEL79'","MBS","UMBS MORTPASS 4% 03/49","30yr",,,,,"846000.39",,,,,,""
"2021-04-21","'3620C4MW7'","MBS","GNMA I 3.5% 02/42","30yr",,,,,"845803.23",,,,,,""
"2021-04-21","'3132QLGU1'","MBS","FHLMCGLD 3.5% 12/44","30yr",,,,,"845668.44",,,,,,""
"2021-04-21","'3138XYBD5'","MBS","UMBS MORTPASS 3% 02/30","15yr",,,,,"845548.37",,,,,,""
"2021-04-21","'31307P6H7'","MBS","FHLMCGLD 2.5% 01/31","15yr",,,,,"845151.32",,,,,,""
"2021-04-21","'3140JQXE8'","MBS","UMBS MORTPASS 3% 06/49","30yr",,,,,"844710.56",,,,,,""
"2021-04-21","'3140KGNF6'","MBS","UMBS MORTPASS 2% 09/35","15yr",,,,,"844682.05",,,,,,""
"2021-04-21","'3131Y9X24'","MBS","UMBS MORTPASS 3% 02/49","30yr",,,,,"844611.73",,,,,,""
"2021-04-21","'3140QD5C4'","MBS","UMBS MORTPASS 2% 07/35","15yr",,,,,"844114",,,,,,""
"2021-04-21","'3138WVQA2'","MBS","UMBS MORTPASS 3% 06/28","15yr",,,,,"844034.27",,,,,,""
"2021-04-21","'3140H6Q93'","MBS","UMBS MORTPASS 3.5% 03/33","15yr",,,,,"843961.31",,,,,,""
"2021-04-21","'3140K4YG9'","MBS","UMBS MORTPASS 2.5% 03/35","15yr",,,,,"843843.77",,,,,,""
"2021-04-21","'31410LU42'","MBS","UMBS MORTPASS 3.5% 01/32","15yr",,,,,"843832.72",,,,,,""
"2021-04-21","'3138AW4T7'","MBS","UMBS MORTPASS 3% 11/26","15yr",,,,,"843668.06",,,,,,""
"2021-04-21","'36179HWU1'","MBS","GNMA I MORTPASS 3% 01/43","30yr",,,,,"843168.72",,,,,,""
"2021-04-21","'3138X3AZ5'","MBS","UMBS MORTPASS 3% 07/28","15yr",,,,,"842967.34",,,,,,""
"2021-04-21","'36176W2Z3'","MBS","GNMA I MORTPASS 4% 12/41","30yr",,,,,"842922.89",,,,,,""
"2021-04-21","'3140E7TS9'","MBS","UMBS MORTPASS 2.5% 10/30","15yr",,,,,"842902.41",,,,,,""
"2021-04-21","'3131YBP28'","MBS","UMBS MORTPASS 3.5% 04/49","30yr",,,,,"842616.13",,,,,,""
"2021-04-21","'3140HASX9'","MBS","UMBS MORTPASS 4% 05/48","30yr",,,,,"842233.26",,,,,,""
"2021-04-21","'3140H8VR3'","MBS","UMBS MORTPASS 4.5% 07/48","30yr",,,,,"842061.02",,,,,,""
"2021-04-21","'3138X4U57'","MBS","UMBS MORTPASS 4% 08/43","30yr",,,,,"841079.57",,,,,,""
"2021-04-21","'36179EJJ8'","MBS","GNMA I MORTPASS 3% 02/43","30yr",,,,,"840780.4",,,,,,""
"2021-04-21","'3131X8BS4'","MBS","UMBS MORTPASS 2.5% 10/27","15yr",,,,,"840698.76",,,,,,""
"2021-04-21","'36296X7E8'","MBS","GNMA I 4.5% 11/39","30yr",,,,,"840389.08",,,,,,""
"2021-04-21","'3138XWAF5'","MBS","UMBS MORTPASS 3.5% 07/44","30yr",,,,,"840290.18",,,,,,""
"2021-04-21","'31339UZ60'","MBS","UMBS MORTPASS 3.5% 11/49","30yr",,,,,"839772.58",,,,,,""
"2021-04-21","'3138X5EG8'","MBS","UMBS MORTPASS 3% 08/28","15yr",,,,,"839645.49",,,,,,""
"2021-04-21","'3138E2P25'","MBS","UMBS MORTPASS 3% 12/31","Other",,,,,"839474.45",,,,,,""
"2021-04-21","'3140QCFP6'","MBS","UMBS MORTPASS 4% 10/48","30yr",,,,,"839129.53",,,,,,""
"2021-04-21","'3132WKD88'","MBS","FHLMCGLD 3.5% 12/46","30yr",,,,,"839033.38",,,,,,""
"2021-04-21","'3132L8HT7'","MBS","FHLMCGLD 3% 02/47","30yr",,,,,"838947.33",,,,,,""
"2021-04-21","'3132A84G1'","MBS","UMBS MORTPASS 2% 08/32","15yr",,,,,"838907.49",,,,,,""
"2021-04-21","'3138WAX36'","MBS","UMBS MORTPASS 2% 01/24","Other",,,,,"838655.39",,,,,,""
"2021-04-21","'3140JLXK5'","MBS","UMBS MORTPASS 3% 10/49","30yr",,,,,"838552.24",,,,,,""
"2021-04-21","'3140JMNF5'","MBS","UMBS MORTPASS 3% 05/34","15yr",,,,,"838541.49",,,,,,""
"2021-04-21","'3140J9ET4'","MBS","UMBS MORTPASS 3% 10/38","Other",,,,,"838531.76",,,,,,""
"2021-04-21","'3140HBZE1'","MBS","UMBS MORTPASS 3.5% 09/49","30yr",,,,,"837963.52",,,,,,""
"2021-04-21","'3140H75A1'","MBS","UMBS MORTPASS 3.5% 05/33","15yr",,,,,"837851.27",,,,,,""
"2021-04-21","'3140JVPC0'","MBS","UMBS MORTPASS 3% 08/49","30yr",,,,,"837500.25",,,,,,""
"2021-04-21","'3140JRAW1'","MBS","UMBS MORTPASS 3.5% 03/49","30yr",,,,,"837384.54",,,,,,""
"2021-04-21","'3140E5MJ0'","MBS","UMBS MORTPASS 3% 10/30","15yr",,,,,"837269.14",,,,,,""
"2021-04-21","'31418AYX0'","MBS","UMBS MORTPASS 3% 10/23","Other",,,,,"836968.44",,,,,,""
"2021-04-21","'3138WXUF2'","MBS","UMBS MORTPASS 3.5% 06/43","30yr",,,,,"836827.92",,,,,,""
"2021-04-21","'3140HPVP9'","MBS","UMBS MORTPASS 3% 10/33","15yr",,,,,"836758.5",,,,,,""
"2021-04-21","'3140FV5X0'","MBS","UMBS MORTPASS 3% 03/32","15yr",,,,,"836566.27",,,,,,""
"2021-04-21","'36295CJQ5'","MBS","GNMA I MORTPASS 3% 06/43","30yr",,,,,"836526.13",,,,,,""
"2021-04-21","'31329NZQ4'","MBS","UMBS MORTPASS 4% 01/48","30yr",,,,,"836344.1",,,,,,""
"2021-04-21","'3140JUTG9'","MBS","UMBS MORTPASS 4.5% 06/49","30yr",,,,,"835776.63",,,,,,""
"2021-04-21","'3138WMR86'","MBS","UMBS MORTPASS 3.5% 03/43","30yr",,,,,"835742.51",,,,,,""
"2021-04-21","'31417FPD4'","MBS","UMBS MORTPASS 2.5% 02/23","Other",,,,,"835637.18",,,,,,""
"2021-04-21","'36230SLJ1'","MBS","GNMA I MORTPASS 3% 06/42","30yr",,,,,"835621.03",,,,,,""
"2021-04-21","'31418DF98'","MBS","UMBS MORTPASS 2.5% 09/29","Other",,,,,"835571.96",,,,,,""
"2021-04-21","'3132J7FW7'","MBS","FHLMCGLD 3% 03/43","30yr",,,,,"835098.55",,,,,,""
"2021-04-21","'3131X7H43'","MBS","UMBS MORTPASS 3% 01/27","15yr",,,,,"834924.62",,,,,,""
"2021-04-21","'3140K7B51'","MBS","UMBS MORTPASS 4.5% 01/50","30yr",,,,,"834724.28",,,,,,""
"2021-04-21","'3140H5MU2'","MBS","UMBS MORTPASS 3.5% 01/48","30yr",,,,,"834409.23",,,,,,""
"2021-04-21","'3138LQUK8'","MBS","UMBS MORTPASS 3% 01/28","15yr",,,,,"834273.37",,,,,,""
"2021-04-21","'31346YNF6'","MBS","UMBS MORTPASS 2.5% 10/49","30yr",,,,,"834266.24",,,,,,""
"2021-04-21","'3620AHLQ4'","MBS","GNMA I MORTPASS 5% 01/40","30yr",,,,,"834182.9",,,,,,""
"2021-04-21","'36177TKZ9'","MBS","GNMA I MORTPASS 3% 06/42","30yr",,,,,"834168.03",,,,,,""
"2021-04-21","'3138ETA55'","MBS","UMBS MORTPASS 2% 01/31","15yr",,,,,"834042.89",,,,,,""
"2021-04-21","'3140F9U45'","MBS","UMBS MORTPASS 3% 12/31","15yr",,,,,"833998.53",,,,,,""
"2021-04-21","'31418BUQ7'","MBS","UMBS MORTPASS 2.5% 09/30","15yr",,,,,"833979.38",,,,,,""
"2021-04-21","'36297FK43'","MBS","GNMA I 4.5% 12/39","30yr",,,,,"833772.46",,,,,,""
"2021-04-21","'31307RXS9'","MBS","FHLMCGLD 2% 09/31","15yr",,,,,"833758.61",,,,,,""
"2021-04-21","'3138M6JM0'","MBS","UMBS MORTPASS 3% 08/27","15yr",,,,,"833314.6",,,,,,""
"2021-04-21","'3140EBJQ5'","MBS","UMBS MORTPASS 3% 01/31","15yr",,,,,"833272.92",,,,,,""
"2021-04-21","'36181CYT9'","MBS","GNMA I 3.5% 09/43","30yr",,,,,"832833.07",,,,,,""
"2021-04-21","'3138YMPX1'","MBS","UMBS MORTPASS 3% 05/45","30yr",,,,,"832670.61",,,,,,""
"2021-04-21","'3620A82F9'","MBS","GNMA I 4.5% 10/39","30yr",,,,,"832452.57",,,,,,""
"2021-04-21","'3140KDCN8'","MBS","UMBS MORTPASS 2.5% 06/50","30yr",,,,,"832450.89",,,,,,""
"2021-04-21","'31307MUG9'","MBS","FHLMCGLD 2.5% 05/30","15yr",,,,,"832047.2",,,,,,""
"2021-04-21","'3131X7S66'","MBS","UMBS MORTPASS 2.5% 05/27","15yr",,,,,"831837.36",,,,,,""
"2021-04-21","'3138XTKZ7'","MBS","UMBS MORTPASS 3% 07/29","15yr",,,,,"831831.36",,,,,,""
"2021-04-21","'3138EJ5Q7'","MBS","UMBS MORTPASS 3% 11/27","15yr",,,,,"830855.91",,,,,,""
"2021-04-21","'3131X8B21'","MBS","UMBS MORTPASS 2.5% 10/27","15yr",,,,,"830628.85",,,,,,""
"2021-04-21","'36296HBR9'","MBS","GNMA I MORTPASS 6% 09/38","30yr",,,,,"830582.86",,,,,,""
"2021-04-21","'3131X7DV7'","MBS","UMBS MORTPASS 3% 12/26","15yr",,,,,"830410.88",,,,,,""
"2021-04-21","'3138WMKT7'","MBS","UMBS MORTPASS 3% 03/43","30yr",,,,,"830376.16",,,,,,""
"2021-04-21","'3138XT5L5'","MBS","UMBS MORTPASS 4% 04/44","30yr",,,,,"829835.66",,,,,,""
"2021-04-21","'31307HFV4'","MBS","FHLMCGLD 3.5% 05/29","15yr",,,,,"829388.33",,,,,,""
"2021-04-21","'3140HL2S4'","MBS","UMBS MORTPASS 4% 06/48","30yr",,,,,"829351.2",,,,,,""
"2021-04-21","'3140EWRV9'","MBS","UMBS MORTPASS 3% 01/31","15yr",,,,,"829329.36",,,,,,""
"2021-04-21","'3132A84F3'","MBS","UMBS MORTPASS 2.5% 02/28","15yr",,,,,"828794.51",,,,,,""
"2021-04-21","'3132J6M43'","MBS","FHLMCGLD 3.5% 02/43","30yr",,,,,"828780.23",,,,,,""
"2021-04-21","'3138EBCL7'","MBS","UMBS MORTPASS 3% 04/27","15yr",,,,,"828689.14",,,,,,""
"2021-04-21","'31307C6N3'","MBS","FHLMCGLD 3% 07/28","15yr",,,,,"828461.01",,,,,,""
"2021-04-21","'3131X9SE5'","MBS","UMBS MORTPASS 2% 08/23","Other",,,,,"828005.94",,,,,,""
"2021-04-21","'31307SXK4'","MBS","FHLMCGLD 3% 01/32","15yr",,,,,"827227.78",,,,,,""
"2021-04-21","'3131Y1GX2'","MBS","UMBS MORTPASS 4% 05/48","30yr",,,,,"827223.97",,,,,,""
"2021-04-21","'31307QVX2'","MBS","FHLMCGLD 2.5% 04/31","15yr",,,,,"827028.26",,,,,,""
"2021-04-21","'31329LLM2'","MBS","UMBS MORTPASS 3.5% 09/38","Other",,,,,"826986.09",,,,,,""
"2021-04-21","'3132JNCT2'","MBS","FHLMCGLD 3.5% 08/43","30yr",,,,,"826386.54",,,,,,""
"2021-04-21","'3140H5J51'","MBS","UMBS MORTPASS 3% 01/33","15yr",,,,,"826056.81",,,,,,""
"2021-04-21","'3132A9UK1'","MBS","UMBS MORTPASS 3% 02/33","15yr",,,,,"825705.52",,,,,,""
"2021-04-21","'3138XYF25'","MBS","UMBS MORTPASS 3.5% 07/29","15yr",,,,,"825566.17",,,,,,""
"2021-04-21","'31418AGP7'","MBS","UMBS MORTPASS 3% 07/22","Other",,,,,"825464.38",,,,,,""
"2021-04-21","'3138EJ3K2'","MBS","UMBS MORTPASS 3% 09/27","15yr",,,,,"825433.19",,,,,,""
"2021-04-21","'3140F7JD2'","MBS","UMBS MORTPASS 2.5% 05/31","15yr",,,,,"825329.1",,,,,,""
"2021-04-21","'3140EVTT4'","MBS","UMBS MORTPASS 3.5% 07/31","15yr",,,,,"825280.24",,,,,,""
"2021-04-21","'3133HMA66'","MBS","UMBS MORTPASS 3.5% 08/29","Other",,,,,"825062.75",,,,,,""
"2021-04-21","'3138X2PX6'","MBS","UMBS MORTPASS 4% 07/43","30yr",,,,,"824594.06",,,,,,""
"2021-04-21","'31418CGG3'","MBS","UMBS MORTPASS 2.5% 02/32","15yr",,,,,"824217.11",,,,,,""
"2021-04-21","'3138M3QJ6'","MBS","UMBS MORTPASS 2.5% 07/27","15yr",,,,,"824119.2",,,,,,""
"2021-04-21","'3140F9AV7'","MBS","UMBS MORTPASS 2.5% 08/31","15yr",,,,,"823735.92",,,,,,""
"2021-04-21","'3128PTJ48'","MBS","FHLMCGLD 3.5% 12/25","15yr",,,,,"823657.76",,,,,,""
"2021-04-21","'3140H3UA2'","MBS","UMBS MORTPASS 3.5% 10/47","30yr",,,,,"823557.36",,,,,,""
"2021-04-21","'3140HJV57'","MBS","UMBS MORTPASS 3.5% 05/48","30yr",,,,,"822805.25",,,,,,""
"2021-04-21","'31329PFP3'","MBS","UMBS MORTPASS 4% 07/48","30yr",,,,,"822587.57",,,,,,""
"2021-04-21","'3131Y9MD2'","MBS","UMBS MORTPASS 3% 01/49","30yr",,,,,"822538.81",,,,,,""
"2021-04-21","'3140JR5J6'","MBS","UMBS MORTPASS 4% 06/49","30yr",,,,,"822304.63",,,,,,""
"2021-04-21","'3133AFWL1'","MBS","UMBS MORTPASS 2% 02/51","30yr",,,,,"822301.98",,,,,,""
"2021-04-21","'3140JYT71'","MBS","UMBS MORTPASS 3.5% 08/49","30yr",,,,,"822156.41",,,,,,""
"2021-04-21","'3132JAVY8'","MBS","FHLMCGLD 3% 06/43","30yr",,,,,"822002.75",,,,,,""
"2021-04-21","'31307V7M2'","MBS","FHLMCGLD 3% 05/33","15yr",,,,,"821522.57",,,,,,""
"2021-04-21","'3138MJAR0'","MBS","UMBS MORTPASS 2.5% 10/27","15yr",,,,,"820923.16",,,,,,""
"2021-04-21","'3131X8BX3'","MBS","UMBS MORTPASS 2.5% 10/27","15yr",,,,,"820620.84",,,,,,""
"2021-04-21","'36202FGC4'","MBS","GNMA II MORTPASS 4% 05/40","30yr",,,,,"820603.32",,,,,,""
"2021-04-21","'36178DXW6'","MBS","GNMA I MORTPASS 3% 02/43","30yr",,,,,"820523.39",,,,,,""
"2021-04-21","'31307VPR1'","MBS","FHLMCGLD 3% 02/33","15yr",,,,,"820423.15",,,,,,""
"2021-04-21","'36179AS23'","MBS","GNMA I MORTPASS 3% 12/42","30yr",,,,,"820122.55",,,,,,""
"2021-04-21","'36295CHH7'","MBS","GNMA I MORTPASS 3% 03/43","30yr",,,,,"819786.61",,,,,,""
"2021-04-21","'3140JHE66'","MBS","UMBS MORTPASS 3.5% 10/33","15yr",,,,,"819655.71",,,,,,""
"2021-04-21","'3140X4V60'","MBS","UMBS MORTPASS 2.5% 11/30","15yr",,,,,"819363.95",,,,,,""
"2021-04-21","'3620A8FY4'","MBS","GNMA I MORTPASS 5% 11/39","30yr",,,,,"819330.61",,,,,,""
"2021-04-21","'3133G6FX8'","MBS","UMBS MORTPASS 3% 07/34","15yr",,,,,"818666.37",,,,,,""
"2021-04-21","'31307NG57'","MBS","FHLMCGLD 3% 06/30","15yr",,,,,"818272.02",,,,,,""
"2021-04-21","'3138MDFE7'","MBS","UMBS MORTPASS 3% 09/27","15yr",,,,,"818142.36",,,,,,""
"2021-04-21","'3138W0XB0'","MBS","UMBS MORTPASS 2.5% 02/28","15yr",,,,,"818016.89",,,,,,""
"2021-04-21","'3133KKWD7'","MBS","UMBS MORTPASS 1.5% 12/50","30yr",,,,,"817559.55",,,,,,""
"2021-04-21","'3138E2E50'","MBS","UMBS MORTPASS 3% 12/26","15yr",,,,,"817527.94",,,,,,""
"2021-04-21","'3132QUEC3'","MBS","FHLMCGLD 4% 11/45","30yr",,,,,"817495.7",,,,,,""
"2021-04-21","'3133KHJU1'","MBS","UMBS MORTPASS 4.5% 09/49","30yr",,,,,"817368.05",,,,,,""
"2021-04-21","'3140FNFK5'","MBS","UMBS MORTPASS 4.5% 12/46","30yr",,,,,"817172.72",,,,,,""
"2021-04-21","'3138YKXX6'","MBS","UMBS MORTPASS 3.5% 06/45","30yr",,,,,"817045.71",,,,,,""
"2021-04-21","'3140JYR65'","MBS","UMBS MORTPASS 2.5% 08/34","15yr",,,,,"816714.94",,,,,,""
"2021-04-21","'31307RZP3'","MBS","FHLMCGLD 3% 09/31","15yr",,,,,"816272.54",,,,,,""
"2021-04-21","'31334YN94'","MBS","UMBS MORTPASS 3.5% 09/49","30yr",,,,,"816140.27",,,,,,""
"2021-04-21","'3133L7RV1'","MBS","UMBS MORTPASS 2% 05/33","15yr",,,,,"815918",,,,,,""
"2021-04-21","'36297BFF3'","MBS","GNMA I MORTPASS 5% 10/39","30yr",,,,,"815235.37",,,,,,""
"2021-04-21","'3138WPBR4'","MBS","UMBS MORTPASS 3% 05/28","15yr",,,,,"815188.87",,,,,,""
"2021-04-21","'3140H9HX4'","MBS","UMBS MORTPASS 3% 11/48","30yr",,,,,"814889.39",,,,,,""
"2021-04-21","'36181A2G6'","MBS","GNMA I MORTPASS 3% 06/43","30yr",,,,,"814863.17",,,,,,""
"2021-04-21","'3138W9UC2'","MBS","UMBS MORTPASS 2% 09/23","Other",,,,,"814817.05",,,,,,""
"2021-04-21","'3138ENBC2'","MBS","UMBS MORTPASS 2.5% 03/24","Other",,,,,"814436.96",,,,,,""
"2021-04-21","'3131Y1R28'","MBS","UMBS MORTPASS 4% 06/48","30yr",,,,,"814342.92",,,,,,""
"2021-04-21","'3138W2WN1'","MBS","UMBS MORTPASS 3% 04/28","15yr",,,,,"813929.78",,,,,,""
"2021-04-21","'31307G3C1'","MBS","FHLMCGLD 3.5% 04/29","15yr",,,,,"813896.45",,,,,,""
"2021-04-21","'31329K3F9'","MBS","UMBS MORTPASS 3% 12/25","15yr",,,,,"813885.69",,,,,,""
"2021-04-21","'3131Y0A77'","MBS","UMBS MORTPASS 3% 01/48","30yr",,,,,"813791.24",,,,,,""
"2021-04-21","'3138Y22A0'","MBS","UMBS MORTPASS 2.5% 10/29","15yr",,,,,"813784.26",,,,,,""
"2021-04-21","'3131Y0H62'","MBS","UMBS MORTPASS 3.5% 02/48","30yr",,,,,"813750.06",,,,,,""
"2021-04-21","'3133G6B38'","MBS","UMBS MORTPASS 3% 06/29","15yr",,,,,"813377.54",,,,,,""
"2021-04-21","'3131X8SJ6'","MBS","UMBS MORTPASS 3% 02/28","15yr",,,,,"813213.36",,,,,,""
"2021-04-21","'3138W0W47'","MBS","UMBS MORTPASS 2.5% 02/28","15yr",,,,,"813181.79",,,,,,""
"2021-04-21","'3131XBFF1'","MBS","UMBS MORTPASS 2.5% 05/25","Other",,,,,"813104.84",,,,,,""
"2021-04-21","'3140HNVZ2'","MBS","UMBS MORTPASS 4.5% 11/48","30yr",,,,,"812762.87",,,,,,""
"2021-04-21","'3140QADJ6'","MBS","UMBS MORTPASS 4.5% 12/48","30yr",,,,,"812588.21",,,,,,""
"2021-04-21","'3138XQAA9'","MBS","UMBS MORTPASS 4% 02/44","30yr",,,,,"812503.56",,,,,,""
"2021-04-21","'3140HASR2'","MBS","UMBS MORTPASS 3.5% 05/48","30yr",,,,,"812356.1",,,,,,""
"2021-04-21","'3620A57H6'","MBS","GNMA I 4.5% 06/39","30yr",,,,,"812279.35",,,,,,""
"2021-04-21","'3140HNWW8'","MBS","UMBS MORTPASS 4.5% 06/49","30yr",,,,,"811980.25",,,,,,""
"2021-04-21","'3138Y5YW0'","MBS","UMBS MORTPASS 3% 02/45","30yr",,,,,"811897.8",,,,,,""
"2021-04-21","'3140K8N64'","MBS","UMBS MORTPASS 2.5% 02/50","30yr",,,,,"811846.69",,,,,,""
"2021-04-21","'3132JM3V9'","MBS","FHLMCGLD 3.5% 08/43","30yr",,,,,"811746.32",,,,,,""
"2021-04-21","'31307UCR7'","MBS","FHLMCGLD 2.5% 07/32","15yr",,,,,"811106.28",,,,,,""
"2021-04-21","'3138WJ2F4'","MBS","UMBS MORTPASS 2.5% 02/32","15yr",,,,,"811105.94",,,,,,""
"2021-04-21","'36178DRR4'","MBS","GNMA I MORTPASS 3% 12/42","30yr",,,,,"811083.68",,,,,,""
"2021-04-21","'3138ECPL1'","MBS","UMBS MORTPASS 3% 03/27","15yr",,,,,"810914.57",,,,,,""
"2021-04-21","'3138XJZJ9'","MBS","UMBS MORTPASS 2.5% 02/30","15yr",,,,,"810659.23",,,,,,""
"2021-04-21","'3138LVKR3'","MBS","UMBS MORTPASS 3% 07/27","15yr",,,,,"810584.96",,,,,,""
"2021-04-21","'31307NC93'","MBS","FHLMCGLD 3% 06/30","15yr",,,,,"810159.95",,,,,,""
"2021-04-21","'31307NEE0'","MBS","FHLMCGLD 2.5% 06/30","15yr",,,,,"809993.73",,,,,,""
"2021-04-21","'31307TT92'","MBS","FHLMCGLD 2.5% 04/32","15yr",,,,,"809982.75",,,,,,""
"2021-04-21","'3132A9MY0'","MBS","UMBS MORTPASS 3% 11/27","15yr",,,,,"809746.88",,,,,,""
"2021-04-21","'31334WTV3'","MBS","UMBS MORTPASS 3% 06/49","30yr",,,,,"809663.77",,,,,,""
"2021-04-21","'3140JQVF7'","MBS","UMBS MORTPASS 2.5% 10/49","30yr",,,,,"809596.7",,,,,,""
"2021-04-21","'3140QBKK3'","MBS","UMBS MORTPASS 3.5% 07/49","30yr",,,,,"809573.79",,,,,,""
"2021-04-21","'31307SGJ6'","MBS","FHLMCGLD 2.5% 11/31","15yr",,,,,"809116.49",,,,,,""
"2021-04-21","'3140GSVD1'","MBS","UMBS MORTPASS 3.5% 02/48","30yr",,,,,"808625.75",,,,,,""
"2021-04-21","'3140H7BN6'","MBS","UMBS MORTPASS 3.5% 05/33","15yr",,,,,"808341.93",,,,,,""
"2021-04-21","'312938Z97'","MBS","FHLMCGLD 5% 01/40","30yr",,,,,"807739.1",,,,,,""
"2021-04-21","'3140K4RK8'","MBS","UMBS MORTPASS 3% 03/40","Other",,,,,"807505.05",,,,,,""
"2021-04-21","'3132A7NW7'","MBS","UMBS MORTPASS 2% 05/23","Other",,,,,"807370.85",,,,,,""
"2021-04-21","'3140JVTP7'","MBS","UMBS MORTPASS 4.5% 09/49","30yr",,,,,"806973.63",,,,,,""
"2021-04-21","'36179DEH9'","MBS","GNMA I MORTPASS 3% 12/42","30yr",,,,,"806635.61",,,,,,""
"2021-04-21","'3132MATU5'","MBS","FHLMCGLD 3.5% 11/44","30yr",,,,,"806338.14",,,,,,""
"2021-04-21","'3140FWBX1'","MBS","UMBS MORTPASS 3% 07/32","15yr",,,,,"806264.34",,,,,,""
"2021-04-21","'31307R6J9'","MBS","FHLMCGLD 2% 09/31","15yr",,,,,"806172.97",,,,,,""
"2021-04-21","'3140JHB85'","MBS","UMBS MORTPASS 4% 12/48","30yr",,,,,"806077.3",,,,,,""
"2021-04-21","'3140FUE46'","MBS","UMBS MORTPASS 3% 03/32","15yr",,,,,"805941.76",,,,,,""
"2021-04-21","'3131X8P59'","MBS","UMBS MORTPASS 2.5% 02/28","15yr",,,,,"805925.28",,,,,,""
"2021-04-21","'31307UPY8'","MBS","FHLMCGLD 3.5% 09/32","15yr",,,,,"805680.47",,,,,,""
"2021-04-21","'3133AHC96'","MBS","UMBS MORTPASS 2% 02/51","30yr",,,,,"805211.13",,,,,,""
"2021-04-21","'3140H5NK3'","MBS","UMBS MORTPASS 3% 02/48","30yr",,,,,"804999.29",,,,,,""
"2021-04-21","'3140GVPL3'","MBS","UMBS MORTPASS 3.5% 08/47","30yr",,,,,"804708.02",,,,,,""
"2021-04-21","'3138XELN6'","MBS","UMBS MORTPASS 3% 07/29","15yr",,,,,"804675.86",,,,,,""
"2021-04-21","'3132A9NG8'","MBS","UMBS MORTPASS 2% 07/28","15yr",,,,,"804649.41",,,,,,""
"2021-04-21","'3620ADBG6'","MBS","GNMA I MORTPASS 5% 10/39","30yr",,,,,"804605.76",,,,,,""
"2021-04-21","'3140HARZ5'","MBS","UMBS MORTPASS 3.5% 04/33","15yr",,,,,"804292.52",,,,,,""
"2021-04-21","'31307RJN6'","MBS","FHLMCGLD 2.5% 07/31","15yr",,,,,"803338.37",,,,,,""
"2021-04-21","'3140JKVB9'","MBS","UMBS MORTPASS 4.5% 12/48","30yr",,,,,"802810.33",,,,,,""
"2021-04-21","'3138WZYD8'","MBS","UMBS MORTPASS 3% 08/28","15yr",,,,,"802590.69",,,,,,""
"2021-04-21","'36296JPU3'","MBS","GNMA I 4.5% 06/39","30yr",,,,,"802319.01",,,,,,""
"2021-04-21","'3140KPJZ7'","MBS","UMBS MORTPASS 2.5% 07/50","30yr",,,,,"802197.03",,,,,,""
"2021-04-21","'3138W3RN5'","MBS","UMBS MORTPASS 3.5% 01/43","30yr",,,,,"802150.77",,,,,,""
"2021-04-21","'3140JMDT6'","MBS","UMBS MORTPASS 4.5% 09/49","30yr",,,,,"801846.31",,,,,,""
"2021-04-21","'3140KRCZ0'","MBS","UMBS MORTPASS 2.5% 11/50","30yr",,,,,"801704.24",,,,,,""
"2021-04-21","'31307VH82'","MBS","FHLMCGLD 3.5% 01/33","15yr",,,,,"801546.46",,,,,,""
"2021-04-21","'3140J76W0'","MBS","UMBS MORTPASS 3% 07/26","Other",,,,,"801545.89",,,,,,""
"2021-04-21","'3140HJR94'","MBS","UMBS MORTPASS 4% 06/48","30yr",,,,,"801339.06",,,,,,""
"2021-04-21","'3140EB2W0'","MBS","UMBS MORTPASS 3% 12/30","15yr",,,,,"800958.2",,,,,,""
"2021-04-21","'3133D3EC5'","MBS","UMBS MORTPASS 2.5% 12/39","Other",,,,,"800770.27",,,,,,""
"2021-04-21","'3138NWA33'","MBS","UMBS MORTPASS 2% 02/28","15yr",,,,,"800555.73",,,,,,""
"2021-04-21","'3140QA3F5'","MBS","UMBS MORTPASS 4% 05/44","30yr",,,,,"800157.6",,,,,,""
"2021-04-21","'3140QKEK0'","MBS","UMBS MORTPASS 1.5% 04/51","30yr",,,,,"799998.69",,,,,,""
"2021-04-21","'3131X8DT0'","MBS","UMBS MORTPASS 2.5% 11/22","Other",,,,,"799935.53",,,,,,""
"2021-04-21","'3133ADCW4'","MBS","UMBS MORTPASS 1.5% 11/50","30yr",,,,,"799900.42",,,,,,""
"2021-04-21","'3138XJNZ6'","MBS","UMBS MORTPASS 3.5% 02/44","30yr",,,,,"799822.18",,,,,,""
"2021-04-21","'3138Y5TW6'","MBS","UMBS MORTPASS 3% 09/29","15yr",,,,,"799703.67",,,,,,""
"2021-04-21","'3133G8ZD6'","MBS","UMBS MORTPASS 2% 06/35","15yr",,,,,"799640.01",,,,,,""
"2021-04-21","'312939DW8'","MBS","FHLMCGLD 4.5% 02/40","30yr",,,,,"798962.62",,,,,,""
"2021-04-21","'3138WURS4'","MBS","UMBS MORTPASS 3.5% 09/43","30yr",,,,,"798878",,,,,,""
"2021-04-21","'31307JP56'","MBS","FHLMCGLD 2.5% 09/29","15yr",,,,,"798848.36",,,,,,""
"2021-04-21","'3138XQWD9'","MBS","UMBS MORTPASS 3.5% 03/29","15yr",,,,,"798829.65",,,,,,""
"2021-04-21","'31417GHE9'","MBS","UMBS MORTPASS 3% 05/28","15yr",,,,,"798775.1",,,,,,""
"2021-04-21","'3140H7L54'","MBS","UMBS MORTPASS 4% 05/48","30yr",,,,,"798532.2",,,,,,""
"2021-04-21","'3131X8FH4'","MBS","UMBS MORTPASS 2.5% 11/22","Other",,,,,"798422.85",,,,,,""
"2021-04-21","'3138MQXE8'","MBS","UMBS MORTPASS 3% 12/42","30yr",,,,,"798340.24",,,,,,""
"2021-04-21","'3138XF6F7'","MBS","UMBS MORTPASS 3% 02/29","15yr",,,,,"798286.07",,,,,,""
"2021-04-21","'3131X8GV2'","MBS","UMBS MORTPASS 2.5% 12/27","15yr",,,,,"798187.86",,,,,,""
"2021-04-21","'31418DGD8'","MBS","UMBS MORTPASS 2.5% 10/29","Other",,,,,"797845.69",,,,,,""
"2021-04-21","'3140JSFC8'","MBS","UMBS MORTPASS 3% 04/34","15yr",,,,,"797813.51",,,,,,""
"2021-04-21","'3140JRRY9'","MBS","UMBS MORTPASS 3% 06/34","15yr",,,,,"797306.81",,,,,,""
"2021-04-21","'3140JKPM2'","MBS","UMBS MORTPASS 3.5% 04/49","30yr",,,,,"797260.1",,,,,,""
"2021-04-21","'3140JXKS6'","MBS","UMBS MORTPASS 2.5% 10/34","15yr",,,,,"796314.33",,,,,,""
"2021-04-21","'3138W7HH0'","MBS","UMBS MORTPASS 2% 03/28","15yr",,,,,"796244.71",,,,,,""
"2021-04-21","'3140JYR73'","MBS","UMBS MORTPASS 3% 08/49","30yr",,,,,"795858.08",,,,,,""
"2021-04-21","'31418DGA4'","MBS","UMBS MORTPASS 2% 09/34","15yr",,,,,"795764.74",,,,,,""
"2021-04-21","'31329PSG9'","MBS","UMBS MORTPASS 3.5% 11/48","30yr",,,,,"795600.21",,,,,,""
"2021-04-21","'31418DER9'","MBS","UMBS MORTPASS 4% 08/39","Other",,,,,"795292.12",,,,,,""
"2021-04-21","'36179EJG4'","MBS","GNMA I MORTPASS 3% 02/43","30yr",,,,,"795178.37",,,,,,""
"2021-04-21","'3132A9TB3'","MBS","UMBS MORTPASS 3% 03/32","15yr",,,,,"794762.94",,,,,,""
"2021-04-21","'3140J9HG9'","MBS","UMBS MORTPASS 2.5% 05/32","15yr",,,,,"794665.11",,,,,,""
"2021-04-21","'3138W5Z84'","MBS","UMBS MORTPASS 3% 03/28","15yr",,,,,"794459.3",,,,,,""
"2021-04-21","'3138W2WV3'","MBS","UMBS MORTPASS 3% 05/28","15yr",,,,,"794334.15",,,,,,""
"2021-04-21","'36178QGX4'","MBS","GNMA I MORTPASS 3% 11/42","30yr",,,,,"794044.43",,,,,,""
"2021-04-21","'31307LGC6'","MBS","FHLMCGLD 2.5% 12/29","15yr",,,,,"793792.82",,,,,,""
"2021-04-21","'3131Y9MH3'","MBS","UMBS MORTPASS 3.5% 01/49","30yr",,,,,"793719.19",,,,,,""
"2021-04-21","'3138LQVU5'","MBS","UMBS MORTPASS 3% 04/27","15yr",,,,,"793641.24",,,,,,""
"2021-04-21","'3140JGWZ4'","MBS","UMBS MORTPASS 4% 09/48","30yr",,,,,"793614.47",,,,,,""
"2021-04-21","'3131Y9FR9'","MBS","UMBS MORTPASS 4.5% 01/49","30yr",,,,,"793435.61",,,,,,""
"2021-04-21","'3138M9WY3'","MBS","UMBS MORTPASS 2% 07/28","15yr",,,,,"793110.85",,,,,,""
"2021-04-21","'31307MSD9'","MBS","FHLMCGLD 2.5% 04/30","15yr",,,,,"793068.24",,,,,,""
"2021-04-21","'3140HFKV0'","MBS","UMBS MORTPASS 3% 02/40","Other",,,,,"792916.94",,,,,,""
"2021-04-21","'31417G7J9'","MBS","UMBS MORTPASS 2.5% 07/23","Other",,,,,"792759.18",,,,,,""
"2021-04-21","'3131X8J64'","MBS","UMBS MORTPASS 2.5% 12/27","15yr",,,,,"792560.34",,,,,,""
"2021-04-21","'3138Y4WG0'","MBS","UMBS MORTPASS 3% 04/45","30yr",,,,,"792451.57",,,,,,""
"2021-04-21","'31307L3J5'","MBS","FHLMCGLD 3% 03/30","15yr",,,,,"792265.64",,,,,,""
"2021-04-21","'3138X2HK3'","MBS","UMBS MORTPASS 3.5% 09/43","30yr",,,,,"792246.86",,,,,,""
"2021-04-21","'31307TFA4'","MBS","FHLMCGLD 3% 03/32","15yr",,,,,"792107.77",,,,,,""
"2021-04-21","'3140HNEN8'","MBS","UMBS MORTPASS 2% 11/45","30yr",,,,,"791376.73",,,,,,""
"2021-04-21","'3132QPE75'","MBS","FHLMCGLD 3% 04/45","30yr",,,,,"791194.88",,,,,,""
"2021-04-21","'3133ADYF7'","MBS","UMBS MORTPASS 2% 12/50","30yr",,,,,"791024.3",,,,,,""
"2021-04-21","'3132A9Q26'","MBS","UMBS MORTPASS 2.5% 07/30","15yr",,,,,"790939.8",,,,,,""
"2021-04-21","'3140HN4M1'","MBS","UMBS MORTPASS 3.5% 08/33","15yr",,,,,"790718.15",,,,,,""
"2021-04-21","'3140FFEK3'","MBS","UMBS MORTPASS 3.5% 09/46","30yr",,,,,"790615.25",,,,,,""
"2021-04-21","'36180KMB4'","MBS","GNMA I 3.5% 05/43","30yr",,,,,"790518.32",,,,,,""
"2021-04-21","'3132A9PM3'","MBS","UMBS MORTPASS 3% 06/29","15yr",,,,,"790346.92",,,,,,""
"2021-04-21","'3138EMW80'","MBS","UMBS MORTPASS 2.5% 04/24","Other",,,,,"789935.06",,,,,,""
"2021-04-21","'31307PDS5'","MBS","FHLMCGLD 3% 09/30","15yr",,,,,"789769.21",,,,,,""
"2021-04-21","'3140FQTY3'","MBS","UMBS MORTPASS 3% 12/30","15yr",,,,,"789689.33",,,,,,""
"2021-04-21","'3138WKRH0'","MBS","UMBS MORTPASS 4% 05/47","30yr",,,,,"789243.55",,,,,,""
"2021-04-21","'36295CGU9'","MBS","GNMA I MORTPASS 3% 01/43","30yr",,,,,"789111.53",,,,,,""
"2021-04-21","'3138X5FV4'","MBS","UMBS MORTPASS 4% 05/44","30yr",,,,,"789058.33",,,,,,""
"2021-04-21","'3138LSDR8'","MBS","UMBS MORTPASS 3% 04/27","15yr",,,,,"788962.85",,,,,,""
"2021-04-21","'3132JNWW3'","MBS","FHLMCGLD 3.5% 08/43","30yr",,,,,"788916.36",,,,,,""
"2021-04-21","'3131XY6V6'","MBS","UMBS MORTPASS 3.5% 01/48","30yr",,,,,"788765.38",,,,,,""
"2021-04-21","'3138AW4R1'","MBS","UMBS MORTPASS 2.5% 11/26","15yr",,,,,"788297.35",,,,,,""
"2021-04-21","'31307MT30'","MBS","FHLMCGLD 3% 05/30","15yr",,,,,"787756.17",,,,,,""
"2021-04-21","'36295CLJ8'","MBS","GNMA I 3.5% 06/42","30yr",,,,,"787711.2",,,,,,""
"2021-04-21","'3140HE4P4'","MBS","UMBS MORTPASS 3.5% 04/48","30yr",,,,,"787704.9",,,,,,""
"2021-04-21","'3138ASS45'","MBS","UMBS MORTPASS 3.5% 09/26","15yr",,,,,"787490.78",,,,,,""
"2021-04-21","'3620AFVG9'","MBS","GNMA I 4.5% 11/39","30yr",,,,,"787229.82",,,,,,""
"2021-04-21","'3138MPFY6'","MBS","UMBS MORTPASS 2.5% 05/28","15yr",,,,,"786882.41",,,,,,""
"2021-04-21","'36295CGT2'","MBS","GNMA I MORTPASS 3% 01/43","30yr",,,,,"786749.85",,,,,,""
"2021-04-21","'3138YLKU4'","MBS","UMBS MORTPASS 3.5% 04/45","30yr",,,,,"786647.17",,,,,,""
"2021-04-21","'3140GS6T4'","MBS","UMBS MORTPASS 3% 01/48","30yr",,,,,"786200.61",,,,,,""
"2021-04-21","'3138NWZM4'","MBS","UMBS MORTPASS 2.5% 01/28","15yr",,,,,"786105.53",,,,,,""
"2021-04-21","'31329PXN8'","MBS","UMBS MORTPASS 4% 12/48","30yr",,,,,"786102.2",,,,,,""
"2021-04-21","'3138EJPG7'","MBS","UMBS MORTPASS 3% 08/27","15yr",,,,,"786075.44",,,,,,""
"2021-04-21","'3138WAP27'","MBS","UMBS MORTPASS 2% 12/23","Other",,,,,"785893.01",,,,,,""
"2021-04-21","'3140H7HA8'","MBS","UMBS MORTPASS 3% 01/33","15yr",,,,,"785800.71",,,,,,""
"2021-04-21","'3138MQEN9'","MBS","UMBS MORTPASS 2.5% 02/23","Other",,,,,"785678.76",,,,,,""
"2021-04-21","'31416AE89'","MBS","UMBS MORTPASS 3.5% 04/24","15yr",,,,,"785569.89",,,,,,""
"2021-04-21","'3131YCUV6'","MBS","UMBS MORTPASS 4% 05/49","30yr",,,,,"785540.68",,,,,,""
"2021-04-21","'3138MLYM0'","MBS","UMBS MORTPASS 2.5% 12/27","15yr",,,,,"785537.21",,,,,,""
"2021-04-21","'3138XC4J8'","MBS","UMBS MORTPASS 3% 11/28","15yr",,,,,"785363.99",,,,,,""
"2021-04-21","'3138MCXB5'","MBS","UMBS MORTPASS 2% 10/27","15yr",,,,,"785108.16",,,,,,""
"2021-04-21","'31307UDJ4'","MBS","FHLMCGLD 2.5% 07/32","15yr",,,,,"785017.89",,,,,,""
"2021-04-21","'3140H2Y93'","MBS","UMBS MORTPASS 3% 11/32","15yr",,,,,"784919.64",,,,,,""
"2021-04-21","'31415YLM9'","MBS","UMBS MORTPASS 4% 07/24","15yr",,,,,"784811.54",,,,,,""
"2021-04-21","'3138YK3P6'","MBS","UMBS MORTPASS 3% 03/45","30yr",,,,,"784009.47",,,,,,""
"2021-04-21","'31307TRV5'","MBS","FHLMCGLD 3% 04/32","15yr",,,,,"783853.19",,,,,,""
"2021-04-21","'31418DDQ2'","MBS","UMBS MORTPASS 3% 06/29","Other",,,,,"783726.71",,,,,,""
"2021-04-21","'3133G8BL4'","MBS","UMBS MORTPASS 2% 03/35","15yr",,,,,"783629.21",,,,,,""
"2021-04-21","'3138ETSU1'","MBS","UMBS MORTPASS 3% 05/31","15yr",,,,,"783542.92",,,,,,""
"2021-04-21","'3138XDCH1'","MBS","UMBS MORTPASS 4.5% 12/43","30yr",,,,,"783458.79",,,,,,""
"2021-04-21","'3131X86T8'","MBS","UMBS MORTPASS 2% 05/23","Other",,,,,"783269.78",,,,,,""
"2021-04-21","'3132A7KF7'","MBS","UMBS MORTPASS 2% 11/27","15yr",,,,,"783129.88",,,,,,""
"2021-04-21","'3138WSRV2'","MBS","UMBS MORTPASS 2.5% 05/28","15yr",,,,,"783035.74",,,,,,""
"2021-04-21","'36297FV74'","MBS","GNMA I 4.5% 09/39","30yr",,,,,"782791.55",,,,,,""
"2021-04-21","'3138XXA30'","MBS","UMBS MORTPASS 4% 06/44","30yr",,,,,"782558.05",,,,,,""
"2021-04-21","'36180KND9'","MBS","GNMA I 3.5% 06/43","30yr",,,,,"782543.17",,,,,,""
"2021-04-21","'31329KUA0'","MBS","UMBS MORTPASS 3% 05/35","Other",,,,,"782489.83",,,,,,""
"2021-04-21","'36179UKV3'","MBS","GNMA II MORTPASS 3% 01/49","30yr",,,,,"782402.63",,,,,,""
"2021-04-21","'3138NW6T1'","MBS","UMBS MORTPASS 2% 12/27","15yr",,,,,"782398.12",,,,,,""
"2021-04-21","'31416YSR0'","MBS","UMBS MORTPASS 4% 12/40","30yr",,,,,"782273.27",,,,,,""
"2021-04-21","'3131X8G91'","MBS","UMBS MORTPASS 2.5% 12/27","15yr",,,,,"781919.81",,,,,,""
"2021-04-21","'3128MD7B3'","MBS","FHLMCGLD 3% 09/29","15yr",,,,,"781811.44",,,,,,""
"2021-04-21","'3140JNFF2'","MBS","UMBS MORTPASS 3.5% 03/49","30yr",,,,,"781570.94",,,,,,""
"2021-04-21","'36179HUP4'","MBS","GNMA I MORTPASS 3% 12/42","30yr",,,,,"781251.98",,,,,,""
"2021-04-21","'31329LFB3'","MBS","UMBS MORTPASS 2.5% 02/28","15yr",,,,,"780639.19",,,,,,""
"2021-04-21","'3132M54U3'","MBS","FHLMCGLD 4% 04/44","30yr",,,,,"780515.44",,,,,,""
"2021-04-21","'36176HZ98'","MBS","GNMA I MORTPASS 3% 08/42","30yr",,,,,"780441.98",,,,,,""
"2021-04-21","'3140H5N64'","MBS","UMBS MORTPASS 3.5% 02/48","30yr",,,,,"780419.27",,,,,,""
"2021-04-21","'3138MPFX8'","MBS","UMBS MORTPASS 2.5% 04/28","15yr",,,,,"780364.33",,,,,,""
"2021-04-21","'3132A7HR5'","MBS","UMBS MORTPASS 2.5% 06/27","15yr",,,,,"779877.59",,,,,,""
"2021-04-21","'3138EBRE7'","MBS","UMBS MORTPASS 3% 03/27","15yr",,,,,"779413.09",,,,,,""
"2021-04-21","'3131X8WW2'","MBS","UMBS MORTPASS 2% 03/28","15yr",,,,,"779204.48",,,,,,""
"2021-04-21","'3140K9HR3'","MBS","UMBS MORTPASS 2.5% 03/50","30yr",,,,,"778918.73",,,,,,""
"2021-04-21","'3138MKLX2'","MBS","UMBS MORTPASS 3% 04/28","15yr",,,,,"778692.43",,,,,,""
"2021-04-21","'3140JR3K5'","MBS","UMBS MORTPASS 3.5% 06/49","30yr",,,,,"777951.79",,,,,,""
"2021-04-21","'31329KRD8'","MBS","UMBS MORTPASS 2.5% 12/32","Other",,,,,"777662.48",,,,,,""
"2021-04-21","'3128MMSR5'","MBS","FHLMCGLD 3% 10/29","15yr",,,,,"777054.36",,,,,,""
"2021-04-21","'31307YPP9'","MBS","FHLMCGLD 3.5% 02/34","15yr",,,,,"776650.09",,,,,,""
"2021-04-21","'3138XYG32'","MBS","UMBS MORTPASS 2.5% 09/29","15yr",,,,,"776430.18",,,,,,""
"2021-04-21","'3140JHCT8'","MBS","UMBS MORTPASS 4% 01/49","30yr",,,,,"776188.3",,,,,,""
"2021-04-21","'3140K7DP5'","MBS","UMBS MORTPASS 3% 11/49","30yr",,,,,"776002.23",,,,,,""
"2021-04-21","'31417CKU8'","MBS","UMBS MORTPASS 2% 07/27","15yr",,,,,"775794.37",,,,,,""
"2021-04-21","'3138XMJD3'","MBS","UMBS MORTPASS 4% 01/44","30yr",,,,,"775327.86",,,,,,""
"2021-04-21","'3132A72H3'","MBS","UMBS MORTPASS 2.5% 08/28","15yr",,,,,"775113.24",,,,,,""
"2021-04-21","'31417GHA7'","MBS","UMBS MORTPASS 3% 05/28","15yr",,,,,"775073.57",,,,,,""
"2021-04-21","'3138XBZY3'","MBS","UMBS MORTPASS 3% 10/28","15yr",,,,,"775048.79",,,,,,""
"2021-04-21","'3133L74L8'","MBS","UMBS MORTPASS 2% 12/35","15yr",,,,,"774952.54",,,,,,""
"2021-04-21","'31307HKB2'","MBS","FHLMCGLD 3.5% 06/29","15yr",,,,,"774943.14",,,,,,""
"2021-04-21","'31417BRP4'","MBS","UMBS MORTPASS 2.5% 04/27","15yr",,,,,"774803.71",,,,,,""
"2021-04-21","'3132D54B5'","MBS","UMBS MORTPASS 2% 09/34","15yr",,,,,"774224.42",,,,,,""
"2021-04-21","'3138YHVY3'","MBS","UMBS MORTPASS 2.5% 05/30","15yr",,,,,"774043.51",,,,,,""
"2021-04-21","'31307T6Y2'","MBS","FHLMCGLD 3.5% 06/32","15yr",,,,,"773869.1",,,,,,""
"2021-04-21","'3132JMYP8'","MBS","FHLMCGLD 3% 07/43","30yr",,,,,"773428.61",,,,,,""
"2021-04-21","'3138EJKH0'","MBS","UMBS MORTPASS 3% 06/27","15yr",,,,,"773422.12",,,,,,""
"2021-04-21","'3140FQCC9'","MBS","UMBS MORTPASS 3% 02/32","15yr",,,,,"773393.18",,,,,,""
"2021-04-21","'3140JJNG0'","MBS","UMBS MORTPASS 4% 11/48","30yr",,,,,"773388.65",,,,,,""
"2021-04-21","'36181AN99'","MBS","GNMA I 3.5% 07/43","30yr",,,,,"773261.85",,,,,,""
"2021-04-21","'3138ETEG7'","MBS","UMBS MORTPASS 2.5% 04/31","15yr",,,,,"773252.37",,,,,,""
"2021-04-21","'3138XZNG2'","MBS","UMBS MORTPASS 3% 07/29","15yr",,,,,"773203.75",,,,,,""
"2021-04-21","'3138MJAU3'","MBS","UMBS MORTPASS 3% 10/27","15yr",,,,,"773025.84",,,,,,""
"2021-04-21","'3140HNW57'","MBS","UMBS MORTPASS 4% 09/49","30yr",,,,,"772995.18",,,,,,""
"2021-04-21","'3138XYRT3'","MBS","UMBS MORTPASS 3% 08/29","15yr",,,,,"772989.37",,,,,,""
"2021-04-21","'3128MMKJ1'","MBS","FHLMCGLD 4.5% 02/24","15yr",,,,,"772983.15",,,,,,""
"2021-04-21","'3140K0HG6'","MBS","UMBS MORTPASS 2% 10/31","15yr",,,,,"772949.4",,,,,,""
"2021-04-21","'36180ULN7'","MBS","GNMA I 3.5% 05/43","30yr",,,,,"772839.75",,,,,,""
"2021-04-21","'3132J6EU4'","MBS","FHLMCGLD 3% 02/43","30yr",,,,,"772536.3",,,,,,""
"2021-04-21","'3131XBGK9'","MBS","UMBS MORTPASS 2.5% 03/29","15yr",,,,,"772332.21",,,,,,""
"2021-04-21","'3140F9LZ6'","MBS","UMBS MORTPASS 4.5% 06/47","30yr",,,,,"771818.5",,,,,,""
"2021-04-21","'3132A7MD0'","MBS","UMBS MORTPASS 2.5% 02/28","15yr",,,,,"771304.77",,,,,,""
"2021-04-21","'3138WJVQ8'","MBS","UMBS MORTPASS 3% 02/32","15yr",,,,,"771199.73",,,,,,""
"2021-04-21","'3140Q9Q55'","MBS","UMBS MORTPASS 3.5% 08/33","15yr",,,,,"771139.45",,,,,,""
"2021-04-21","'3138XBSK1'","MBS","UMBS MORTPASS 3% 04/29","15yr",,,,,"770980.22",,,,,,""
"2021-04-21","'31417F2G2'","MBS","UMBS MORTPASS 2% 04/23","Other",,,,,"770847.27",,,,,,""
"2021-04-21","'3140KDMU1'","MBS","UMBS MORTPASS 2% 05/35","15yr",,,,,"770781.76",,,,,,""
"2021-04-21","'3132KGBB5'","MBS","FHLMCGLD 3.5% 11/32","15yr",,,,,"770470.54",,,,,,""
"2021-04-21","'31307UVZ8'","MBS","FHLMCGLD 3.5% 11/32","15yr",,,,,"770438.25",,,,,,""
"2021-04-21","'3138W4C74'","MBS","UMBS MORTPASS 3% 03/28","15yr",,,,,"770330.62",,,,,,""
"2021-04-21","'3138LU6Y6'","MBS","UMBS MORTPASS 3% 05/27","15yr",,,,,"770088.62",,,,,,""
"2021-04-21","'3140HGZQ3'","MBS","UMBS MORTPASS 4.5% 03/48","30yr",,,,,"770069.2",,,,,,""
"2021-04-21","'31307HAV9'","MBS","FHLMCGLD 3% 05/29","15yr",,,,,"769916.81",,,,,,""
"2021-04-21","'3132A9L54'","MBS","UMBS MORTPASS 3% 11/26","15yr",,,,,"769778.3",,,,,,""
"2021-04-21","'3138XK4F8'","MBS","UMBS MORTPASS 3% 02/29","15yr",,,,,"769588.35",,,,,,""
"2021-04-21","'3140F1UR1'","MBS","UMBS MORTPASS 3% 04/31","15yr",,,,,"769076.04",,,,,,""
"2021-04-21","'3131Y7BA4'","MBS","UMBS MORTPASS 3.5% 10/38","Other",,,,,"769024.07",,,,,,""
"2021-04-21","'3131X8LV6'","MBS","UMBS MORTPASS 2.5% 01/28","15yr",,,,,"768908.63",,,,,,""
"2021-04-21","'3140HA5V8'","MBS","UMBS MORTPASS 3.5% 03/33","15yr",,,,,"768861.4",,,,,,""
"2021-04-21","'36202FPG5'","MBS","GNMA II 4.5% 01/41","30yr",,,,,"768854.77",,,,,,""
"2021-04-21","'3140F2PV6'","MBS","UMBS MORTPASS 2.5% 05/31","15yr",,,,,"768559.47",,,,,,""
"2021-04-21","'3138WVS93'","MBS","UMBS MORTPASS 3% 06/28","15yr",,,,,"768488.98",,,,,,""
"2021-04-21","'3138XC3H3'","MBS","UMBS MORTPASS 2.5% 11/28","15yr",,,,,"768367.94",,,,,,""
"2021-04-21","'3138YXK87'","MBS","UMBS MORTPASS 3% 09/30","15yr",,,,,"768211.68",,,,,,""
"2021-04-21","'36297BA35'","MBS","GNMA I 4.5% 05/39","30yr",,,,,"766951.47",,,,,,""
"2021-04-21","'3620AAS74'","MBS","GNMA I MORTPASS 4% 08/39","30yr",,,,,"766711.2",,,,,,""
"2021-04-21","'3620A5T82'","MBS","GNMA I MORTPASS 5% 03/40","30yr",,,,,"766426.7",,,,,,""
"2021-04-21","'312933C77'","MBS","FHLMCGLD 5% 05/39","30yr",,,,,"766140.15",,,,,,""
"2021-04-21","'3131X8H33'","MBS","UMBS MORTPASS 2.5% 12/22","Other",,,,,"766021.61",,,,,,""
"2021-04-21","'3138EGGP3'","MBS","UMBS MORTPASS 6.5% 10/38","30yr",,,,,"765873.8",,,,,,"Y"
"2021-04-21","'3128MJYA2'","MBS","FHLMCGLD 4.5% 04/46","30yr",,,,,"765831.39",,,,,,""
"2021-04-21","'3620A5XQ7'","MBS","GNMA I MORTPASS 5% 09/39","30yr",,,,,"765652.76",,,,,,""
"2021-04-21","'3128MAD63'","MBS","FHLMCGLD 4% 02/45","30yr",,,,,"765405.68",,,,,,""
"2021-04-21","'31307HN45'","MBS","FHLMCGLD 3.5% 06/29","15yr",,,,,"764619.58",,,,,,""
"2021-04-21","'31307JHH9'","MBS","FHLMCGLD 2.5% 09/29","15yr",,,,,"764532.98",,,,,,""
"2021-04-21","'3620AAUU0'","MBS","GNMA I 4.5% 08/39","30yr",,,,,"764274.05",,,,,,""
"2021-04-21","'3140HJR45'","MBS","UMBS MORTPASS 4% 06/48","30yr",,,,,"764179.05",,,,,,""
"2021-04-21","'31417CNS0'","MBS","UMBS MORTPASS 2.5% 08/22","Other",,,,,"763820.4",,,,,,""
"2021-04-21","'31307QS73'","MBS","FHLMCGLD 2.5% 04/31","15yr",,,,,"763710.44",,,,,,""
"2021-04-21","'36177P7A7'","MBS","GNMA I 3.5% 05/42","30yr",,,,,"763646.96",,,,,,""
"2021-04-21","'31413CSG5'","MBS","UMBS MORTPASS 4% 11/41","30yr",,,,,"763185.92",,,,,,""
"2021-04-21","'3620A7BP9'","MBS","GNMA I 4.5% 12/39","30yr",,,,,"762958.87",,,,,,""
"2021-04-21","'3140HMH49'","MBS","UMBS MORTPASS 3% 09/33","15yr",,,,,"762636.9",,,,,,""
"2021-04-21","'36297BEZ0'","MBS","GNMA I 4.5% 07/39","30yr",,,,,"762634.51",,,,,,""
"2021-04-21","'31307LNQ7'","MBS","FHLMCGLD 3% 01/30","15yr",,,,,"762594.96",,,,,,""
"2021-04-21","'3138A8EK8'","MBS","UMBS MORTPASS 3% 02/26","15yr",,,,,"762441.03",,,,,,""
"2021-04-21","'3138X4DU1'","MBS","UMBS MORTPASS 3% 09/28","15yr",,,,,"761606.58",,,,,,""
"2021-04-21","'3138EEQP7'","MBS","UMBS MORTPASS 2.5% 03/27","15yr",,,,,"761540.6",,,,,,""
"2021-04-21","'36178WMC0'","MBS","GNMA I 3.5% 10/42","30yr",,,,,"761270.41",,,,,,""
"2021-04-21","'31418B3V6'","MBS","UMBS MORTPASS 2.5% 05/31","15yr",,,,,"760660.14",,,,,,""
"2021-04-21","'3131Y1W22'","MBS","UMBS MORTPASS 4% 06/48","30yr",,,,,"760344.89",,,,,,""
"2021-04-21","'3131Y0S60'","MBS","UMBS MORTPASS 3% 03/48","30yr",,,,,"760338.65",,,,,,""
"2021-04-21","'36180KB75'","MBS","GNMA I MORTPASS 3% 03/43","30yr",,,,,"760303.85",,,,,,""
"2021-04-21","'3138YGU91'","MBS","UMBS MORTPASS 3% 06/45","30yr",,,,,"759918.31",,,,,,""
"2021-04-21","'3140FMYJ9'","MBS","UMBS MORTPASS 2.5% 02/32","15yr",,,,,"759805.26",,,,,,""
"2021-04-21","'3138YHGS3'","MBS","UMBS MORTPASS 3% 03/30","15yr",,,,,"759236.18",,,,,,""
"2021-04-21","'3140JALF3'","MBS","UMBS MORTPASS 4% 02/47","30yr",,,,,"758779.44",,,,,,""
"2021-04-21","'3132A5G58'","MBS","UMBS MORTPASS 4.5% 05/47","30yr",,,,,"758536.7",,,,,,""
"2021-04-21","'31417GYS9'","MBS","UMBS MORTPASS 2% 06/28","15yr",,,,,"758049.15",,,,,,""
"2021-04-21","'3140JXH27'","MBS","UMBS MORTPASS 3% 08/49","30yr",,,,,"757552.38",,,,,,""
"2021-04-21","'31410LNT5'","MBS","UMBS MORTPASS 2.5% 01/24","Other",,,,,"757520.86",,,,,,""
"2021-04-21","'3140JAEH7'","MBS","UMBS MORTPASS 3% 01/29","Other",,,,,"757445.84",,,,,,""
"2021-04-21","'3140HN4B5'","MBS","UMBS MORTPASS 3% 08/33","15yr",,,,,"757352.03",,,,,,""
"2021-04-21","'3140J6C39'","MBS","UMBS MORTPASS 2.5% 09/27","Other",,,,,"757256.65",,,,,,""
"2021-04-21","'3140HFLH0'","MBS","UMBS MORTPASS 3.5% 01/50","30yr",,,,,"756808.96",,,,,,""
"2021-04-21","'3132A74T5'","MBS","UMBS MORTPASS 2% 03/25","Other",,,,,"756651.21",,,,,,""
"2021-04-21","'31417F3M8'","MBS","UMBS MORTPASS 2% 04/23","Other",,,,,"756312.92",,,,,,""
"2021-04-21","'31418AUE6'","MBS","UMBS MORTPASS 3% 06/23","Other",,,,,"755902.07",,,,,,""
"2021-04-21","'3131X85V4'","MBS","UMBS MORTPASS 3% 04/28","15yr",,,,,"755674.23",,,,,,""
"2021-04-21","'3132XSR51'","MBS","FHLMCGLD 4% 08/47","30yr",,,,,"755430.2",,,,,,""
"2021-04-21","'3140E0HT5'","MBS","UMBS MORTPASS 3% 08/30","15yr",,,,,"755278.32",,,,,,""
"2021-04-21","'3620AVAM4'","MBS","GNMA I MORTPASS 3% 07/42","30yr",,,,,"755174.75",,,,,,""
"2021-04-21","'3132A7RQ6'","MBS","UMBS MORTPASS 2.5% 06/28","15yr",,,,,"755142.6",,,,,,""
"2021-04-21","'31416XCL2'","MBS","UMBS MORTPASS 3.5% 12/40","30yr",,,,,"754739.73",,,,,,""
"2021-04-21","'3140HGL21'","MBS","UMBS MORTPASS 2.5% 09/50","30yr",,,,,"754689.77",,,,,,""
"2021-04-21","'3138EPTZ7'","MBS","UMBS MORTPASS 3% 06/30","15yr",,,,,"754296.28",,,,,,""
"2021-04-21","'3140Q7FX0'","MBS","UMBS MORTPASS 4% 08/47","30yr",,,,,"754153.58",,,,,,""
"2021-04-21","'3132A7NE7'","MBS","UMBS MORTPASS 2.5% 04/28","15yr",,,,,"754152.78",,,,,,""
"2021-04-21","'3132A9ML8'","MBS","UMBS MORTPASS 3% 05/27","15yr",,,,,"753996.06",,,,,,""
"2021-04-21","'36178DBU4'","MBS","GNMA I 3.5% 07/42","30yr",,,,,"753891.5",,,,,,""
"2021-04-21","'31346YFD0'","MBS","UMBS MORTPASS 4.5% 11/49","30yr",,,,,"753052.53",,,,,,""
"2021-04-21","'3131X8DV5'","MBS","UMBS MORTPASS 2.5% 11/27","15yr",,,,,"753035.81",,,,,,""
"2021-04-21","'3138YWKG1'","MBS","UMBS MORTPASS 3% 10/30","15yr",,,,,"752894.54",,,,,,""
"2021-04-21","'3138W2W68'","MBS","UMBS MORTPASS 2.5% 05/43","30yr",,,,,"752720.44",,,,,,""
"2021-04-21","'31307MAK2'","MBS","FHLMCGLD 3% 03/30","15yr",,,,,"752361.43",,,,,,""
"2021-04-21","'3132J8SB7'","MBS","FHLMCGLD 3% 04/43","30yr",,,,,"751682.9",,,,,,""
"2021-04-21","'3140H5MB4'","MBS","UMBS MORTPASS 3.5% 01/48","30yr",,,,,"751603.62",,,,,,""
"2021-04-21","'3138XQKJ9'","MBS","UMBS MORTPASS 3% 03/29","15yr",,,,,"751534.18",,,,,,""
"2021-04-21","'36295R4E5'","MBS","GNMA I MORTPASS 4% 02/39","30yr",,,,,"751472.96",,,,,,""
"2021-04-21","'3138XMHF0'","MBS","UMBS MORTPASS 3.5% 03/29","15yr",,,,,"751433.33",,,,,,""
"2021-04-21","'3138WBGJ8'","MBS","UMBS MORTPASS 3% 03/44","30yr",,,,,"750974.95",,,,,,""
"2021-04-21","'3133A1JF0'","MBS","UMBS 3.0%","30yr",,,,,"750653.44",,,,,,""
"2021-04-21","'3131XCWU7'","MBS","UMBS MORTPASS 2% 01/32","15yr",,,,,"750344.74",,,,,,""
"2021-04-21","'3138W7R63'","MBS","UMBS MORTPASS 3% 04/43","30yr",,,,,"750331.29",,,,,,""
"2021-04-21","'31417GGZ3'","MBS","UMBS MORTPASS 2% 05/28","15yr",,,,,"750218.27",,,,,,""
"2021-04-21","'3138YMQQ5'","MBS","UMBS MORTPASS 3% 04/45","30yr",,,,,"750214.72",,,,,,""
"2021-04-21","'3132QLHN6'","MBS","FHLMCGLD 4% 12/44","30yr",,,,,"750148.62",,,,,,""
"2021-04-21","'31417DBD4'","MBS","UMBS MORTPASS 2% 10/27","15yr",,,,,"749552",,,,,,""
"2021-04-21","'31417DDL4'","MBS","UMBS MORTPASS 3% 09/42","30yr",,,,,"749424.66",,,,,,""
"2021-04-21","'3140HFES4'","MBS","UMBS MORTPASS 3.5% 04/33","15yr",,,,,"749246.81",,,,,,""
"2021-04-21","'31307WJD7'","MBS","FHLMCGLD 3.5% 07/33","15yr",,,,,"749015.57",,,,,,""
"2021-04-21","'3140H7Q83'","MBS","UMBS MORTPASS 3.5% 01/48","30yr",,,,,"748981.07",,,,,,""
"2021-04-21","'3128M9UZ3'","MBS","FHLMCGLD 4% 10/43","30yr",,,,,"748968.38",,,,,,""
"2021-04-21","'3140H75M5'","MBS","UMBS MORTPASS 4% 10/48","30yr",,,,,"748949.95",,,,,,""
"2021-04-21","'3140HMJJ4'","MBS","UMBS MORTPASS 4% 09/48","30yr",,,,,"748674.77",,,,,,""
"2021-04-21","'31417BB55'","MBS","UMBS MORTPASS 2.5% 03/27","15yr",,,,,"748671.98",,,,,,""
"2021-04-21","'3138W9F88'","MBS","UMBS MORTPASS 2.5% 08/28","15yr",,,,,"748512.15",,,,,,""
"2021-04-21","'31307TXB2'","MBS","FHLMCGLD 3% 05/32","15yr",,,,,"748443.98",,,,,,""
"2021-04-21","'31307MGM2'","MBS","FHLMCGLD 2.5% 03/30","15yr",,,,,"748424.72",,,,,,""
"2021-04-21","'3140FDBY1'","MBS","UMBS MORTPASS 3.5% 08/46","30yr",,,,,"748316.9",,,,,,""
"2021-04-21","'3132HNFD6'","MBS","FHLMCGLD 3% 10/42","30yr",,,,,"748079.99",,,,,,""
"2021-04-21","'31417BG68'","MBS","UMBS MORTPASS 2.5% 03/27","15yr",,,,,"747946.67",,,,,,""
"2021-04-21","'31418CFJ8'","MBS","UMBS MORTPASS 2.5% 01/32","15yr",,,,,"747902.25",,,,,,""
"2021-04-21","'31418DNQ1'","MBS","UMBS MORTPASS 4.5% 04/50","30yr",,,,,"747623.9",,,,,,""
"2021-04-21","'3138YNSZ1'","MBS","UMBS MORTPASS 3% 04/45","30yr",,,,,"747554.46",,,,,,""
"2021-04-21","'31329PNK5'","MBS","UMBS MORTPASS 3.5% 10/38","Other",,,,,"747125.3",,,,,,""
"2021-04-21","'3620AQKY8'","MBS","GNMA I MORTPASS 5% 03/40","30yr",,,,,"746900.85",,,,,,""
"2021-04-21","'3140H4J96'","MBS","UMBS MORTPASS 2.5% 12/32","15yr",,,,,"746880.74",,,,,,""
"2021-04-21","'31329MCA6'","MBS","UMBS MORTPASS 3% 09/28","15yr",,,,,"746534.85",,,,,,""
"2021-04-21","'3140HNY63'","MBS","UMBS MORTPASS 4.5% 08/48","30yr",,,,,"746455.85",,,,,,""
"2021-04-21","'3138MLYD0'","MBS","UMBS MORTPASS 2.5% 11/22","Other",,,,,"746296.19",,,,,,""
"2021-04-21","'31417GCT1'","MBS","UMBS MORTPASS 2% 04/23","Other",,,,,"746196.8",,,,,,""
"2021-04-21","'3138YAWA9'","MBS","UMBS MORTPASS 2.5% 01/30","15yr",,,,,"746050.72",,,,,,""
"2021-04-21","'3132A9UT2'","MBS","UMBS MORTPASS 3.5% 04/33","15yr",,,,,"745922.68",,,,,,""
"2021-04-21","'3132A8YD5'","MBS","UMBS MORTPASS 2.5% 09/25","Other",,,,,"745012.76",,,,,,""
"2021-04-21","'31307SSN4'","MBS","FHLMCGLD 2.5% 12/31","15yr",,,,,"744965.76",,,,,,""
"2021-04-21","'3132A9UJ4'","MBS","UMBS MORTPASS 2.5% 02/33","15yr",,,,,"744599.01",,,,,,""
"2021-04-21","'3140JVV41'","MBS","UMBS MORTPASS 4% 07/49","30yr",,,,,"744544.01",,,,,,""
"2021-04-21","'3133D3E68'","MBS","UMBS MORTPASS 2.5% 01/40","Other",,,,,"744539.75",,,,,,""
"2021-04-21","'36296X6N9'","MBS","GNMA I MORTPASS 5% 11/39","30yr",,,,,"744387.01",,,,,,""
"2021-04-21","'3138XF6L4'","MBS","UMBS MORTPASS 3% 03/29","15yr",,,,,"744284.63",,,,,,""
"2021-04-21","'3138MJJD2'","MBS","UMBS MORTPASS 2% 11/27","15yr",,,,,"743928.93",,,,,,""
"2021-04-21","'3138W46D8'","MBS","UMBS MORTPASS 2.5% 02/28","15yr",,,,,"743412.01",,,,,,""
"2021-04-21","'36295CJP7'","MBS","GNMA I MORTPASS 3% 06/43","30yr",,,,,"743185.24",,,,,,""
"2021-04-21","'31307PGU7'","MBS","FHLMCGLD 3% 10/30","15yr",,,,,"742783.2",,,,,,""
"2021-04-21","'3620AVAP7'","MBS","GNMA I MORTPASS 3% 09/42","30yr",,,,,"742351.05",,,,,,""
"2021-04-21","'3133ABN97'","MBS","UMBS MORTPASS 2% 11/50","30yr",,,,,"742349.72",,,,,,""
"2021-04-21","'3138MDKP6'","MBS","UMBS MORTPASS 2.5% 10/42","30yr",,,,,"742207.84",,,,,,""
"2021-04-21","'3140HBWR5'","MBS","UMBS MORTPASS 2.5% 09/44","30yr",,,,,"742044.42",,,,,,""
"2021-04-21","'3138YUQQ7'","MBS","UMBS MORTPASS 3% 06/30","15yr",,,,,"741816.57",,,,,,""
"2021-04-21","'3138NXC39'","MBS","UMBS MORTPASS 3% 01/43","30yr",,,,,"741730.65",,,,,,""
"2021-04-21","'3140FKUE8'","MBS","UMBS MORTPASS 3.5% 11/46","30yr",,,,,"741613.47",,,,,,""
"2021-04-21","'36179EHZ4'","MBS","GNMA I MORTPASS 3% 01/43","30yr",,,,,"741172.44",,,,,,""
"2021-04-21","'3131X72V9'","MBS","UMBS MORTPASS 3% 09/27","15yr",,,,,"741036.81",,,,,,""
"2021-04-21","'3140FSS95'","MBS","UMBS MORTPASS 3% 03/32","15yr",,,,,"740994.88",,,,,,""
"2021-04-21","'3140JJL49'","MBS","UMBS MORTPASS 4% 11/43","30yr",,,,,"740887.59",,,,,,""
"2021-04-21","'31307NXJ8'","MBS","FHLMCGLD 2.5% 08/30","15yr",,,,,"740610.08",,,,,,""
"2021-04-21","'36178HY30'","MBS","GNMA I MORTPASS 3% 04/43","30yr",,,,,"740535.71",,,,,,""
"2021-04-21","'3128MMVT7'","MBS","FHLMCGLD 3.5% 11/31","15yr",,,,,"740201.94",,,,,,""
"2021-04-21","'3140JWKD1'","MBS","UMBS MORTPASS 4% 08/49","30yr",,,,,"739962.46",,,,,,""
"2021-04-21","'3132A87M5'","MBS","UMBS MORTPASS 2.5% 05/28","15yr",,,,,"739834.11",,,,,,""
"2021-04-21","'3131X8NH5'","MBS","UMBS MORTPASS 2.5% 02/28","15yr",,,,,"739821.34",,,,,,""
"2021-04-21","'3132KFUC4'","MBS","FHLMCGLD 2.5% 01/32","15yr",,,,,"739796.59",,,,,,""
"2021-04-21","'3128PTL45'","MBS","FHLMCGLD 3.5% 12/25","15yr",,,,,"739713.08",,,,,,""
"2021-04-21","'3140JVRD6'","MBS","UMBS MORTPASS 3% 06/34","15yr",,,,,"739588.74",,,,,,""
"2021-04-21","'3131XWAN3'","MBS","UMBS MORTPASS 4% 03/47","30yr",,,,,"738908.15",,,,,,""
"2021-04-21","'3140HHTE5'","MBS","UMBS MORTPASS 3.5% 04/33","15yr",,,,,"738769.84",,,,,,""
"2021-04-21","'3140HBEX2'","MBS","UMBS MORTPASS 3.5% 01/33","15yr",,,,,"738528.92",,,,,,""
"2021-04-21","'3138XBRL0'","MBS","UMBS MORTPASS 4.5% 02/44","30yr",,,,,"738392.56",,,,,,""
"2021-04-21","'3138W9KC3'","MBS","UMBS MORTPASS 2.5% 08/28","15yr",,,,,"738386.79",,,,,,""
"2021-04-21","'3128M8U93'","MBS","FHLMCGLD 3.5% 01/41","30yr",,,,,"738231.58",,,,,,""
"2021-04-21","'31417LT62'","MBS","UMBS MORTPASS 5% 12/38","30yr",,,,,"738223.83",,,,,,""
"2021-04-21","'3140KT5Z4'","MBS","UMBS MORTPASS 2% 12/50","30yr",,,,,"738163.97",,,,,,""
"2021-04-21","'36296HM71'","MBS","GNMA I 4.5% 12/39","30yr",,,,,"738084.36",,,,,,""
"2021-04-21","'3132QLKB8'","MBS","FHLMCGLD 3.5% 10/44","30yr",,,,,"738009.97",,,,,,""
"2021-04-21","'36177TML8'","MBS","GNMA I MORTPASS 3% 09/42","30yr",,,,,"737975.74",,,,,,""
"2021-04-21","'36178EDF3'","MBS","GNMA I MORTPASS 3% 05/43","30yr",,,,,"737881.7",,,,,,""
"2021-04-21","'3138XR4Q9'","MBS","UMBS MORTPASS 3% 07/29","15yr",,,,,"737614.93",,,,,,""
"2021-04-21","'3140H1FD7'","MBS","UMBS MORTPASS 3.5% 12/47","30yr",,,,,"737581.37",,,,,,""
"2021-04-21","'3140X53G6'","MBS","UMBS MORTPASS 2% 03/35","15yr",,,,,"737537.39",,,,,,""
"2021-04-21","'3138WEBW8'","MBS","UMBS MORTPASS 3.5% 03/45","30yr",,,,,"737494.01",,,,,,""
"2021-04-21","'36180CRQ4'","MBS","GNMA I MORTPASS 3% 06/43","30yr",,,,,"737371.33",,,,,,""
"2021-04-21","'3140HBRY6'","MBS","UMBS MORTPASS 3% 02/48","30yr",,,,,"737174.06",,,,,,""
"2021-04-21","'3131X64W7'","MBS","UMBS MORTPASS 3% 09/26","15yr",,,,,"736997.96",,,,,,""
"2021-04-21","'31334X3K3'","MBS","UMBS MORTPASS 3.5% 08/49","30yr",,,,,"736950.05",,,,,,""
"2021-04-21","'3132A8FS3'","MBS","UMBS MORTPASS 2.5% 12/25","Other",,,,,"736854.14",,,,,,""
"2021-04-21","'3133KGTR9'","MBS","UMBS MORTPASS 3% 10/49","30yr",,,,,"736764.39",,,,,,""
"2021-04-21","'3140F54H3'","MBS","UMBS MORTPASS 3% 09/31","15yr",,,,,"736172.74",,,,,,""
"2021-04-21","'31418CXL3'","MBS","UMBS MORTPASS 2.5% 04/28","Other",,,,,"736145.51",,,,,,""
"2021-04-21","'3140JRHH7'","MBS","UMBS MORTPASS 4.5% 07/49","30yr",,,,,"735751.45",,,,,,""
"2021-04-21","'3140QFMW6'","MBS","UMBS MORTPASS 2.5% 10/50","30yr",,,,,"735558.06",,,,,,""
"2021-04-21","'3140H2CQ9'","MBS","UMBS MORTPASS 3% 11/47","30yr",,,,,"735469.72",,,,,,""
"2021-04-21","'3138NYDJ1'","MBS","UMBS MORTPASS 3.5% 01/43","30yr",,,,,"735327.48",,,,,,""
"2021-04-21","'3138WTYA8'","MBS","UMBS MORTPASS 2.5% 06/28","15yr",,,,,"735309.6",,,,,,""
"2021-04-21","'31418AN20'","MBS","UMBS MORTPASS 2.5% 01/28","15yr",,,,,"735169.33",,,,,,""
"2021-04-21","'3138W0TQ2'","MBS","UMBS MORTPASS 3% 01/43","30yr",,,,,"735016.51",,,,,,""
"2021-04-21","'3140JPFE0'","MBS","UMBS MORTPASS 4% 06/49","30yr",,,,,"735002.32",,,,,,""
"2021-04-21","'3131X7J25'","MBS","UMBS MORTPASS 3% 02/27","15yr",,,,,"734786.09",,,,,,""
"2021-04-21","'3138EHWY4'","MBS","UMBS MORTPASS 2.5% 04/27","15yr",,,,,"734679.61",,,,,,""
"2021-04-21","'3140E2XH9'","MBS","UMBS MORTPASS 3% 10/45","30yr",,,,,"734645.15",,,,,,""
"2021-04-21","'31307MXF8'","MBS","FHLMCGLD 3% 05/30","15yr",,,,,"734611.39",,,,,,""
"2021-04-21","'3140HAR36'","MBS","UMBS MORTPASS 3.5% 04/33","15yr",,,,,"734461.03",,,,,,""
"2021-04-21","'3138MPFL4'","MBS","UMBS MORTPASS 3.5% 04/43","30yr",,,,,"734207.14",,,,,,""
"2021-04-21","'31307NU44'","MBS","FHLMCGLD 2.5% 08/30","15yr",,,,,"734134.93",,,,,,""
"2021-04-21","'36176AA33'","MBS","GNMA I 3.5% 03/42","30yr",,,,,"733964.76",,,,,,""
"2021-04-21","'3138YLET4'","MBS","UMBS MORTPASS 3% 04/45","30yr",,,,,"733794.48",,,,,,""
"2021-04-21","'3132CWAR5'","MBS","UMBS MORTPASS 3% 06/34","15yr",,,,,"733783.47",,,,,,""
"2021-04-21","'3138M94C2'","MBS","UMBS MORTPASS 2.5% 09/27","15yr",,,,,"733781.69",,,,,,""
"2021-04-21","'36297HZB7'","MBS","GNMA I 4.5% 05/39","30yr",,,,,"733707.26",,,,,,""
"2021-04-21","'3140JW5N6'","MBS","UMBS MORTPASS 3% 07/49","30yr",,,,,"733608.84",,,,,,""
"2021-04-21","'31418M5R9'","MBS","UMBS MORTPASS 4% 03/25","15yr",,,,,"733476.53",,,,,,""
"2021-04-21","'31415MC94'","MBS","UMBS MORTPASS 5% 06/38","30yr",,,,,"733467.2",,,,,,""
"2021-04-21","'3140HJXR7'","MBS","UMBS MORTPASS 3.5% 07/48","30yr",,,,,"733398.89",,,,,,""
"2021-04-21","'3620ADTW2'","MBS","GNMA I MORTPASS 5% 11/39","30yr",,,,,"733392.67",,,,,,""
"2021-04-21","'3133KYUJ6'","MBS","UMBS MORTPASS 2% 11/40","Other",,,,,"733367.61",,,,,,""
"2021-04-21","'31307CH76'","MBS","FHLMCGLD 2% 05/28","15yr",,,,,"733350.27",,,,,,""
"2021-04-21","'3138X9NX3'","MBS","UMBS MORTPASS 3.5% 09/28","15yr",,,,,"733220.92",,,,,,""
"2021-04-21","'31307SSY0'","MBS","FHLMCGLD 3.5% 01/32","15yr",,,,,"733213.78",,,,,,""
"2021-04-21","'36180DSU2'","MBS","GNMA I 3.5% 04/43","30yr",,,,,"732741.56",,,,,,""
"2021-04-21","'3138W2WK7'","MBS","UMBS MORTPASS 4% 02/43","30yr",,,,,"732689.57",,,,,,""
"2021-04-21","'36181CYU6'","MBS","GNMA I MORTPASS 4% 10/43","30yr",,,,,"732650.24",,,,,,""
"2021-04-21","'3140JKZ74'","MBS","UMBS MORTPASS 3.5% 02/49","30yr",,,,,"732490.63",,,,,,""
"2021-04-21","'3131X8XC5'","MBS","UMBS MORTPASS 2.5% 03/28","15yr",,,,,"732490.47",,,,,,""
"2021-04-21","'312939C90'","MBS","FHLMCGLD 5% 02/40","30yr",,,,,"731514.75",,,,,,""
"2021-04-21","'3138W4FV8'","MBS","UMBS MORTPASS 3.5% 02/43","30yr",,,,,"731467.11",,,,,,""
"2021-04-21","'3140KG3X9'","MBS","UMBS MORTPASS 2.5% 07/50","30yr",,,,,"731420.44",,,,,,""
"2021-04-21","'31419KU78'","MBS","UMBS MORTPASS 3% 11/25","15yr",,,,,"730989.14",,,,,,""
"2021-04-21","'3138MJYZ6'","MBS","UMBS MORTPASS 2.5% 11/27","15yr",,,,,"730925.21",,,,,,""
"2021-04-21","'3140JSUZ0'","MBS","UMBS MORTPASS 4.5% 03/49","30yr",,,,,"730792.15",,,,,,""
"2021-04-21","'3131X7NB0'","MBS","UMBS MORTPASS 2.5% 03/22","Other",,,,,"730532.17",,,,,,""
"2021-04-21","'3140J8DW0'","MBS","UMBS MORTPASS 3% 04/32","15yr",,,,,"730461.49",,,,,,""
"2021-04-21","'3138YRQT8'","MBS","UMBS MORTPASS 3.5% 04/45","30yr",,,,,"730301.89",,,,,,""
"2021-04-21","'3140QBHN1'","MBS","UMBS MORTPASS 4% 07/49","30yr",,,,,"730024.57",,,,,,""
"2021-04-21","'36179MVT4'","MBS","GNMA II MORTPASS 4% 12/42","30yr",,,,,"729879.58",,,,,,""
"2021-04-21","'3138ATCM0'","MBS","UMBS MORTPASS 3% 10/41","30yr",,,,,"729830.15",,,,,,""
"2021-04-21","'3138XJEB9'","MBS","UMBS MORTPASS 3% 12/28","15yr",,,,,"729563.23",,,,,,""
"2021-04-21","'3138WCPR8'","MBS","UMBS MORTPASS 3% 08/44","30yr",,,,,"729181",,,,,,""
"2021-04-21","'3140X75G0'","MBS","UMBS MORTPASS 2% 10/50","30yr",,,,,"729119.62",,,,,,""
"2021-04-21","'3138E5KB3'","MBS","UMBS MORTPASS 3.5% 12/41","30yr",,,,,"728920.67",,,,,,""
"2021-04-21","'3138XRVZ9'","MBS","UMBS MORTPASS 3% 04/29","15yr",,,,,"728692.04",,,,,,""
"2021-04-21","'3138W2D93'","MBS","UMBS MORTPASS 2.5% 02/28","15yr",,,,,"728558.02",,,,,,""
"2021-04-21","'3138ATDL1'","MBS","UMBS MORTPASS 2.5% 03/27","15yr",,,,,"728443.11",,,,,,""
"2021-04-21","'3138ERKX7'","MBS","UMBS MORTPASS 3.5% 10/31","15yr",,,,,"728256",,,,,,""
"2021-04-21","'3140FUP93'","MBS","UMBS MORTPASS 4.5% 06/47","30yr",,,,,"727941.44",,,,,,""
"2021-04-21","'3138YJEZ5'","MBS","UMBS MORTPASS 3% 06/30","15yr",,,,,"727933.82",,,,,,""
"2021-04-21","'3140KRTK5'","MBS","UMBS MORTPASS 2% 11/35","15yr",,,,,"727855.97",,,,,,""
"2021-04-21","'36180HPP7'","MBS","GNMA I 3.5% 08/43","30yr",,,,,"727483.08",,,,,,""
"2021-04-21","'3140KDUV0'","MBS","UMBS MORTPASS 3% 05/50","30yr",,,,,"727144.23",,,,,,""
"2021-04-21","'31419KVW2'","MBS","UMBS MORTPASS 3% 11/25","15yr",,,,,"726995.68",,,,,,""
"2021-04-21","'3138W9F70'","MBS","UMBS MORTPASS 2.5% 08/28","15yr",,,,,"726945.38",,,,,,""
"2021-04-21","'3138WHVG4'","MBS","UMBS MORTPASS 4.5% 08/46","30yr",,,,,"726860.38",,,,,,""
"2021-04-21","'31307GT66'","MBS","FHLMCGLD 3% 04/29","15yr",,,,,"726836.83",,,,,,""
"2021-04-21","'3620A7EE1'","MBS","GNMA I 4.5% 01/40","30yr",,,,,"726730.58",,,,,,""
"2021-04-21","'3140Q8FT7'","MBS","UMBS MORTPASS 3.5% 01/48","30yr",,,,,"726599.33",,,,,,""
"2021-04-21","'31307QXV4'","MBS","FHLMCGLD 2.5% 05/31","15yr",,,,,"726587.72",,,,,,""
"2021-04-21","'3138WRL81'","MBS","UMBS MORTPASS 3% 04/43","30yr",,,,,"726571.06",,,,,,""
"2021-04-21","'3138MBAH9'","MBS","UMBS MORTPASS 3% 10/27","15yr",,,,,"726350.55",,,,,,""
"2021-04-21","'3131XBHA0'","MBS","UMBS MORTPASS 2.5% 06/25","Other",,,,,"726258.54",,,,,,""
"2021-04-21","'3138ER5N6'","MBS","UMBS MORTPASS 3% 09/30","15yr",,,,,"726207.3",,,,,,""
"2021-04-21","'31334YXT9'","MBS","UMBS MORTPASS 4% 08/49","30yr",,,,,"725971.36",,,,,,""
"2021-04-21","'3132M6T75'","MBS","FHLMCGLD 4% 05/44","30yr",,,,,"725914.83",,,,,,""
"2021-04-21","'31417GSK3'","MBS","UMBS MORTPASS 2.5% 05/23","Other",,,,,"725808.56",,,,,,""
"2021-04-21","'3140HARF9'","MBS","UMBS MORTPASS 3% 04/33","15yr",,,,,"725776.94",,,,,,""
"2021-04-21","'3620A9BL4'","MBS","GNMA I MORTPASS 5% 01/40","30yr",,,,,"725578.58",,,,,,""
"2021-04-21","'3138X1E36'","MBS","UMBS MORTPASS 3% 07/43","30yr",,,,,"725315.12",,,,,,""
"2021-04-21","'3132M9KK9'","MBS","FHLMCGLD 4% 09/44","30yr",,,,,"725235.47",,,,,,""
"2021-04-21","'36178CM26'","MBS","GNMA I 3.5% 07/42","30yr",,,,,"725164.94",,,,,,""
"2021-04-21","'31307UHY7'","MBS","FHLMCGLD 3% 08/32","15yr",,,,,"725100.51",,,,,,""
"2021-04-21","'3132A8P94'","MBS","UMBS MORTPASS 2.5% 02/27","Other",,,,,"724752.54",,,,,,""
"2021-04-21","'3128MFQ68'","MBS","FHLMCGLD 4% 01/29","15yr",,,,,"724702.25",,,,,,""
"2021-04-21","'3138YKRK1'","MBS","UMBS MORTPASS 2.5% 04/30","15yr",,,,,"724342.26",,,,,,""
"2021-04-21","'3140HET28'","MBS","UMBS MORTPASS 3.5% 04/48","30yr",,,,,"724045.52",,,,,,""
"2021-04-21","'3140HGRW9'","MBS","UMBS MORTPASS 3% 03/33","15yr",,,,,"723852.32",,,,,,""
"2021-04-21","'3140FDZW9'","MBS","UMBS MORTPASS 3% 11/31","15yr",,,,,"723554.65",,,,,,""
"2021-04-21","'3138XUCE0'","MBS","UMBS MORTPASS 3% 06/29","15yr",,,,,"723159.97",,,,,,""
"2021-04-21","'3132M9XL3'","MBS","FHLMCGLD 3.5% 10/44","30yr",,,,,"723016.79",,,,,,""
"2021-04-21","'3132XVGG2'","MBS","FHLMCGLD 3% 12/47","30yr",,,,,"722906.4",,,,,,""
"2021-04-21","'3138ECPP2'","MBS","UMBS MORTPASS 3% 03/27","15yr",,,,,"722815.27",,,,,,""
"2021-04-21","'3140JXGN2'","MBS","UMBS MORTPASS 3% 07/34","15yr",,,,,"722803.91",,,,,,""
"2021-04-21","'3138A27B9'","MBS","UMBS MORTPASS 4% 12/40","30yr",,,,,"722610.13",,,,,,""
"2021-04-21","'31307URG5'","MBS","FHLMCGLD 2.5% 10/32","15yr",,,,,"722483.56",,,,,,""
"2021-04-21","'3140K1BN5'","MBS","UMBS MORTPASS 3.5% 10/49","30yr",,,,,"722436.13",,,,,,""
"2021-04-21","'3138YG4V1'","MBS","UMBS MORTPASS 3.5% 03/45","30yr",,,,,"722078.79",,,,,,""
"2021-04-21","'31307TWX5'","MBS","FHLMCGLD 3% 05/32","15yr",,,,,"722058.07",,,,,,""
"2021-04-21","'3140E5G24'","MBS","UMBS MORTPASS 3% 11/30","15yr",,,,,"722001.88",,,,,,""
"2021-04-21","'3138WSB31'","MBS","UMBS MORTPASS 3% 08/28","15yr",,,,,"721896.38",,,,,,""
"2021-04-21","'3133G9YZ6'","MBS","UMBS MORTPASS 2.5% 09/35","15yr",,,,,"721669.36",,,,,,""
"2021-04-21","'31410LQT2'","MBS","UMBS MORTPASS 2% 06/30","15yr",,,,,"721633.73",,,,,,""
"2021-04-21","'3138X1SC1'","MBS","UMBS MORTPASS 3% 01/29","15yr",,,,,"721547.49",,,,,,""
"2021-04-21","'31329KYA6'","MBS","UMBS MORTPASS 3.5% 05/38","Other",,,,,"721547",,,,,,""
"2021-04-21","'3620A12S6'","MBS","GNMA I 4.5% 06/39","30yr",,,,,"721506.82",,,,,,""
"2021-04-21","'36296VCN6'","MBS","GNMA I 4.5% 07/39","30yr",,,,,"721485.9",,,,,,""
"2021-04-21","'3138EMDC2'","MBS","UMBS MORTPASS 4% 12/43","30yr",,,,,"721215.03",,,,,,""
"2021-04-21","'31307UBZ0'","MBS","FHLMCGLD 2.5% 07/32","15yr",,,,,"720493.89",,,,,,""
"2021-04-21","'31307FZD6'","MBS","FHLMCGLD 3% 01/29","15yr",,,,,"720387.16",,,,,,""
"2021-04-21","'31329MF70'","MBS","UMBS MORTPASS 2.5% 05/30","15yr",,,,,"720370.56",,,,,,""
"2021-04-21","'3138YJDG8'","MBS","UMBS MORTPASS 3% 02/45","30yr",,,,,"719862.17",,,,,,""
"2021-04-21","'3128E6LT2'","MBS","FHLMCGLD 3% 07/32","Other",,,,,"719813.88",,,,,,""
"2021-04-21","'36297BFV8'","MBS","GNMA I 4.5% 12/39","30yr",,,,,"719644.39",,,,,,""
"2021-04-21","'3140EWMG7'","MBS","UMBS MORTPASS 2.5% 09/31","15yr",,,,,"719017.71",,,,,,""
"2021-04-21","'3138LTK49'","MBS","UMBS MORTPASS 2.5% 05/27","15yr",,,,,"718808.13",,,,,,""
"2021-04-21","'31307G2F5'","MBS","FHLMCGLD 3.5% 04/29","15yr",,,,,"718762.29",,,,,,""
"2021-04-21","'3138M73Y9'","MBS","UMBS MORTPASS 2.5% 09/42","30yr",,,,,"718719.18",,,,,,""
"2021-04-21","'3132A8FG9'","MBS","UMBS MORTPASS 3% 10/28","15yr",,,,,"718652.1",,,,,,""
"2021-04-21","'3140HJRW3'","MBS","UMBS MORTPASS 3% 06/33","15yr",,,,,"718617.33",,,,,,""
"2021-04-21","'31368HM59'","MBS","UMBS MORTPASS 6.5% 07/37","30yr",,,,,"717792.71",,,,,,""
"2021-04-21","'3138YTUU6'","MBS","UMBS MORTPASS 3.5% 06/45","30yr",,,,,"717440.07",,,,,,""
"2021-04-21","'3138LU4P7'","MBS","UMBS MORTPASS 2.5% 08/27","15yr",,,,,"717034.34",,,,,,""
"2021-04-21","'36181A2W1'","MBS","GNMA I MORTPASS 3% 06/43","30yr",,,,,"716998.71",,,,,,""
"2021-04-21","'3138X9YC7'","MBS","UMBS MORTPASS 3.5% 04/29","15yr",,,,,"716947.84",,,,,,""
"2021-04-21","'3138EA4Y0'","MBS","UMBS MORTPASS 3% 03/32","Other",,,,,"716791.98",,,,,,""
"2021-04-21","'3138X8PB1'","MBS","UMBS MORTPASS 4% 09/43","30yr",,,,,"716472.22",,,,,,""
"2021-04-21","'31307PFV6'","MBS","FHLMCGLD 3% 09/30","15yr",,,,,"716433.96",,,,,,""
"2021-04-21","'3620AKFL5'","MBS","GNMA I MORTPASS 5% 02/40","30yr",,,,,"716404.05",,,,,,""
"2021-04-21","'3131X7DW5'","MBS","UMBS MORTPASS 3% 12/26","15yr",,,,,"716160.74",,,,,,""
"2021-04-21","'3140H2HF8'","MBS","UMBS MORTPASS 3% 12/32","15yr",,,,,"716121.09",,,,,,""
"2021-04-21","'3132A9SF5'","MBS","UMBS MORTPASS 3% 08/31","15yr",,,,,"716052.92",,,,,,""
"2021-04-21","'3132QUVX8'","MBS","FHLMCGLD 3.5% 12/45","30yr",,,,,"715850.94",,,,,,""
"2021-04-21","'3140QCT22'","MBS","UMBS MORTPASS 3% 01/35","15yr",,,,,"715764.94",,,,,,""
"2021-04-21","'3131XWMH3'","MBS","UMBS MORTPASS 4% 04/47","30yr",,,,,"715656.57",,,,,,""
"2021-04-21","'3132A7XD8'","MBS","UMBS MORTPASS 3% 04/28","15yr",,,,,"715434.64",,,,,,""
"2021-04-21","'3138X2NJ9'","MBS","UMBS MORTPASS 2.5% 07/28","15yr",,,,,"715210.35",,,,,,""
"2021-04-21","'31339SHK4'","MBS","UMBS MORTPASS 3% 09/49","30yr",,,,,"714962.61",,,,,,""
"2021-04-21","'36176EMH1'","MBS","GNMA I 3.5% 07/43","30yr",,,,,"714845.23",,,,,,""
"2021-04-21","'31307GFM6'","MBS","FHLMCGLD 3% 02/29","15yr",,,,,"714809.02",,,,,,""
"2021-04-21","'3138MJLR8'","MBS","UMBS MORTPASS 2.5% 05/28","15yr",,,,,"713650.18",,,,,,""
"2021-04-21","'3131XAN49'","MBS","UMBS MORTPASS 2.5% 06/24","Other",,,,,"713609.67",,,,,,""
"2021-04-21","'3140HMJY1'","MBS","UMBS MORTPASS 4% 07/48","30yr",,,,,"713606.54",,,,,,""
"2021-04-21","'3131Y3QN9'","MBS","UMBS MORTPASS 4% 09/48","30yr",,,,,"713319.17",,,,,,""
"2021-04-21","'3620ADQT2'","MBS","GNMA I MORTPASS 5% 10/39","30yr",,,,,"712933.95",,,,,,""
"2021-04-21","'3140HJYY1'","MBS","UMBS MORTPASS 4% 09/48","30yr",,,,,"712859.26",,,,,,""
"2021-04-21","'3140E9K70'","MBS","UMBS MORTPASS 3.5% 11/45","30yr",,,,,"712735.56",,,,,,""
"2021-04-21","'3138W7H23'","MBS","UMBS MORTPASS 2.5% 03/28","15yr",,,,,"712341.25",,,,,,""
"2021-04-21","'3131X8XY7'","MBS","UMBS MORTPASS 2% 04/23","Other",,,,,"712333.09",,,,,,""
"2021-04-21","'3620A7KA2'","MBS","GNMA I 4.5% 06/39","30yr",,,,,"712312.39",,,,,,""
"2021-04-21","'31339UFC9'","MBS","UMBS MORTPASS 3% 10/49","30yr",,,,,"712099.67",,,,,,""
"2021-04-21","'3138W9RK8'","MBS","UMBS MORTPASS 2.5% 09/28","15yr",,,,,"711755.34",,,,,,""
"2021-04-21","'3140JVLC4'","MBS","UMBS MORTPASS 3.5% 06/49","30yr",,,,,"711683.71",,,,,,""
"2021-04-21","'3138WHT85'","MBS","UMBS MORTPASS 2.5% 08/26","Other",,,,,"711185.19",,,,,,""
"2021-04-21","'3138EBAX3'","MBS","UMBS MORTPASS 3.5% 03/42","30yr",,,,,"710887.66",,,,,,""
"2021-04-21","'3138XRGR4'","MBS","UMBS MORTPASS 3% 04/29","15yr",,,,,"710567.37",,,,,,""
"2021-04-21","'3140E9LK0'","MBS","UMBS MORTPASS 3.5% 12/45","30yr",,,,,"710393.83",,,,,,""
"2021-04-21","'3138ETJZ0'","MBS","UMBS MORTPASS 2% 10/23","Other",,,,,"710364.72",,,,,,""
"2021-04-21","'3140F7ET2'","MBS","UMBS MORTPASS 2.5% 07/31","15yr",,,,,"709901.94",,,,,,""
"2021-04-21","'36297BER8'","MBS","GNMA I 4.5% 07/39","30yr",,,,,"709692.31",,,,,,""
"2021-04-21","'3138WEML0'","MBS","UMBS MORTPASS 2.5% 04/30","15yr",,,,,"709681.3",,,,,,""
"2021-04-21","'3138YX5G6'","MBS","UMBS MORTPASS 3.5% 09/45","30yr",,,,,"709620.91",,,,,,""
"2021-04-21","'3138W02K4'","MBS","UMBS MORTPASS 2.5% 01/43","30yr",,,,,"709419.89",,,,,,""
"2021-04-21","'3140F9LX1'","MBS","UMBS MORTPASS 4.5% 05/47","30yr",,,,,"709356.3",,,,,,""
"2021-04-21","'36179E2Z0'","MBS","GNMA I MORTPASS 3% 02/43","30yr",,,,,"709192.24",,,,,,""
"2021-04-21","'3132A5F59'","MBS","UMBS MORTPASS 3% 11/46","30yr",,,,,"709090.2",,,,,,""
"2021-04-21","'3138YMQD4'","MBS","UMBS MORTPASS 3% 06/45","30yr",,,,,"708971.93",,,,,,""
"2021-04-21","'3133A93V5'","MBS","UMBS MORTPASS 2.5% 09/50","30yr",,,,,"708867.94",,,,,,""
"2021-04-21","'36177TM46'","MBS","GNMA I MORTPASS 3% 10/42","30yr",,,,,"708433.58",,,,,,""
"2021-04-21","'3140H9PR8'","MBS","UMBS MORTPASS 3% 01/34","15yr",,,,,"708389.57",,,,,,""
"2021-04-21","'3140FS7K3'","MBS","UMBS MORTPASS 4.5% 03/47","30yr",,,,,"708123.86",,,,,,""
"2021-04-21","'31307S6X6'","MBS","FHLMCGLD 2.5% 02/32","15yr",,,,,"707724.89",,,,,,""
"2021-04-21","'31307MZX7'","MBS","FHLMCGLD 3% 05/30","15yr",,,,,"707463.8",,,,,,""
"2021-04-21","'3140F3M62'","MBS","UMBS MORTPASS 2.5% 05/31","15yr",,,,,"707122.98",,,,,,""
"2021-04-21","'3138AVAC9'","MBS","UMBS MORTPASS 3% 10/26","15yr",,,,,"706618.04",,,,,,""
"2021-04-21","'31412U5F3'","MBS","UMBS MORTPASS 6% 08/39","30yr",,,,,"706580.65",,,,,,""
"2021-04-21","'3620A95S6'","MBS","GNMA I 4.5% 10/39","30yr",,,,,"706469.18",,,,,,""
"2021-04-21","'3138W4XS5'","MBS","UMBS MORTPASS 2.5% 02/28","15yr",,,,,"706431.69",,,,,,""
"2021-04-21","'31307DW93'","MBS","FHLMCGLD 3% 08/28","15yr",,,,,"705906.92",,,,,,""
"2021-04-21","'3133KHQP4'","MBS","UMBS MORTPASS 2.5% 01/50","30yr",,,,,"705243.89",,,,,,""
"2021-04-21","'31307NPX6'","MBS","FHLMCGLD 2.5% 07/30","15yr",,,,,"705084.66",,,,,,""
"2021-04-21","'3132WJF48'","MBS","FHLMCGLD 4.5% 12/46","30yr",,,,,"705003.4",,,,,,""
"2021-04-21","'36295CLM1'","MBS","GNMA I MORTPASS 3% 07/42","30yr",,,,,"704900.72",,,,,,""
"2021-04-21","'31307HDX2'","MBS","FHLMCGLD 3% 05/29","15yr",,,,,"704778.16",,,,,,""
"2021-04-21","'3132M7HC5'","MBS","FHLMCGLD 4% 06/44","30yr",,,,,"704497.53",,,,,,""
"2021-04-21","'3140K04J4'","MBS","UMBS MORTPASS 2.5% 11/49","30yr",,,,,"704463.33",,,,,,""
"2021-04-21","'3138E66D3'","MBS","UMBS MORTPASS 3% 02/27","15yr",,,,,"704440.31",,,,,,""
"2021-04-21","'3138Y3ND9'","MBS","UMBS MORTPASS 3.5% 11/29","15yr",,,,,"704330.33",,,,,,""
"2021-04-21","'3140K33X8'","MBS","UMBS MORTPASS 3% 02/50","30yr",,,,,"704296.86",,,,,,""
"2021-04-21","'3131YAL65'","MBS","UMBS MORTPASS 3.5% 03/49","30yr",,,,,"704282.37",,,,,,""
"2021-04-21","'3138WDM73'","MBS","UMBS MORTPASS 3% 11/29","15yr",,,,,"704140.34",,,,,,""
"2021-04-21","'31417GFV3'","MBS","UMBS MORTPASS 2.5% 05/23","Other",,,,,"704067.88",,,,,,""
"2021-04-21","'3131X8HT6'","MBS","UMBS MORTPASS 2.5% 12/27","15yr",,,,,"703831.17",,,,,,""
"2021-04-21","'3138MQ4E0'","MBS","UMBS MORTPASS 2.5% 01/28","15yr",,,,,"703545.75",,,,,,""
"2021-04-21","'3140HASW1'","MBS","UMBS MORTPASS 3.5% 05/48","30yr",,,,,"703420.2",,,,,,""
"2021-04-21","'3138WFUC8'","MBS","UMBS MORTPASS 3% 10/30","15yr",,,,,"703293.44",,,,,,""
"2021-04-21","'3138MKMF0'","MBS","UMBS MORTPASS 2.5% 06/28","15yr",,,,,"703285.9",,,,,,""
"2021-04-21","'3133A0HV9'","MBS","UMBS 3.0%","30yr",,,,,"703179.63",,,,,,""
"2021-04-21","'3138WKPL3'","MBS","UMBS MORTPASS 3% 04/27","Other",,,,,"702936.59",,,,,,""
"2021-04-21","'3140KYJG0'","MBS","UMBS MORTPASS 2% 12/50","30yr",,,,,"702899.95",,,,,,""
"2021-04-21","'31417ACC1'","MBS","UMBS MORTPASS 3% 10/26","15yr",,,,,"702853.43",,,,,,""
"2021-04-21","'3133G7G98'","MBS","UMBS MORTPASS 2% 12/34","15yr",,,,,"702660.26",,,,,,""
"2021-04-21","'3138WJZE1'","MBS","UMBS MORTPASS 3% 02/27","Other",,,,,"702549.38",,,,,,""
"2021-04-21","'36297A5D1'","MBS","GNMA I MORTPASS 6% 02/39","30yr",,,,,"702481.27",,,,,,""
"2021-04-21","'3138WDHJ3'","MBS","UMBS MORTPASS 3% 11/29","15yr",,,,,"702397.95",,,,,,""
"2021-04-21","'31417E3F6'","MBS","UMBS MORTPASS 2.5% 02/23","Other",,,,,"702222.24",,,,,,""
"2021-04-21","'31413CSU4'","MBS","UMBS MORTPASS 3.5% 04/42","30yr",,,,,"701921.86",,,,,,""
"2021-04-21","'31419JRH3'","MBS","UMBS MORTPASS 3% 10/25","15yr",,,,,"701835.74",,,,,,""
"2021-04-21","'3140KY4V3'","MBS","UMBS MORTPASS 2% 03/36","15yr",,,,,"701643.85",,,,,,""
"2021-04-21","'3138YHNS5'","MBS","UMBS MORTPASS 3% 02/45","30yr",,,,,"701636.87",,,,,,""
"2021-04-21","'36178Y3M5'","MBS","GNMA I MORTPASS 3% 12/42","30yr",,,,,"701597.05",,,,,,""
"2021-04-21","'3138M6VG9'","MBS","UMBS MORTPASS 3.5% 08/42","30yr",,,,,"701586.7",,,,,,""
"2021-04-21","'3140HLPD2'","MBS","UMBS MORTPASS 4.5% 12/48","30yr",,,,,"701541.84",,,,,,""
"2021-04-21","'31418A3B2'","MBS","UMBS MORTPASS 2% 11/23","Other",,,,,"701527.81",,,,,,""
"2021-04-21","'3140F9Y25'","MBS","UMBS MORTPASS 3% 05/46","30yr",,,,,"701385.19",,,,,,""
"2021-04-21","'3132JBCM3'","MBS","FHLMCGLD 3% 06/43","30yr",,,,,"701238.58",,,,,,""
"2021-04-21","'3138YEC47'","MBS","UMBS MORTPASS 2.5% 05/30","15yr",,,,,"701052.62",,,,,,""
"2021-04-21","'3138WE5N5'","MBS","UMBS MORTPASS 2.5% 02/30","15yr",,,,,"700811.13",,,,,,""
"2021-04-21","'3138YSMF0'","MBS","UMBS MORTPASS 3% 07/30","15yr",,,,,"700805.9",,,,,,""
"2021-04-21","'3140EU5Q8'","MBS","UMBS MORTPASS 3% 04/31","15yr",,,,,"700495.7",,,,,,""
"2021-04-21","'3138LTMY1'","MBS","UMBS MORTPASS 2.5% 06/27","15yr",,,,,"700346.66",,,,,,""
"2021-04-21","'31412URQ5'","MBS","UMBS MORTPASS 6% 07/39","30yr",,,,,"700160.87",,,,,,""
"2021-04-21","'3140HDXE9'","MBS","UMBS MORTPASS 3% 02/45","30yr",,,,,"700109.03",,,,,,""
"2021-04-21","'3140GUMX2'","MBS","UMBS MORTPASS 2.5% 11/32","15yr",,,,,"700070.35",,,,,,""
"2021-04-21","'36177TKV8'","MBS","GNMA I 3.5% 05/42","30yr",,,,,"699896.37",,,,,,""
"2021-04-21","'3138YB2G7'","MBS","UMBS MORTPASS 3% 12/44","30yr",,,,,"699851.75",,,,,,""
"2021-04-21","'3138NWUH0'","MBS","UMBS MORTPASS 2.5% 01/43","30yr",,,,,"699789.69",,,,,,""
"2021-04-21","'3140FDYU4'","MBS","UMBS MORTPASS 3% 08/31","15yr",,,,,"699754.97",,,,,,""
"2021-04-21","'3138ARBT0'","MBS","UMBS MORTPASS 3% 10/26","15yr",,,,,"699753.91",,,,,,""
"2021-04-21","'3138Y4LU1'","MBS","UMBS MORTPASS 3% 09/29","15yr",,,,,"699559.71",,,,,,""
"2021-04-21","'36177YVT0'","MBS","GNMA I MORTPASS 3% 02/43","30yr",,,,,"699523.42",,,,,,""
"2021-04-21","'3620AVAV4'","MBS","GNMA I MORTPASS 3% 12/42","30yr",,,,,"699495.41",,,,,,""
"2021-04-21","'3140L1VB8'","MBS","UMBS MORTPASS 2% 03/51","30yr",,,,,"699234.5",,,,,,""
"2021-04-21","'3132A8Q44'","MBS","UMBS MORTPASS 2.5% 05/31","15yr",,,,,"699220.38",,,,,,""
"2021-04-21","'36179KQ49'","MBS","GNMA I MORTPASS 3% 02/43","30yr",,,,,"699208.88",,,,,,""
"2021-04-21","'3138MD2V3'","MBS","UMBS MORTPASS 2.5% 10/27","15yr",,,,,"699194.34",,,,,,""
"2021-04-21","'3132HPQG2'","MBS","FHLMCGLD 3% 11/42","30yr",,,,,"698948.86",,,,,,""
"2021-04-21","'3620AAXV5'","MBS","GNMA I MORTPASS 5% 10/39","30yr",,,,,"698890.69",,,,,,""
"2021-04-21","'3620C6BY0'","MBS","GNMA I 3.5% 11/40","30yr",,,,,"698647.37",,,,,,""
"2021-04-21","'3132A73H2'","MBS","UMBS MORTPASS 3% 02/30","15yr",,,,,"698626.7",,,,,,""
"2021-04-21","'3133KHTT3'","MBS","UMBS MORTPASS 3.5% 03/50","30yr",,,,,"698538.83",,,,,,""
"2021-04-21","'3140H5M81'","MBS","UMBS MORTPASS 3.5% 02/48","30yr",,,,,"698441.75",,,,,,""
"2021-04-21","'31307NK94'","MBS","FHLMCGLD 2.5% 07/30","15yr",,,,,"698305.37",,,,,,""
"2021-04-21","'3133A3F78'","MBS","UMBS MORTPASS 3% 03/50","30yr",,,,,"697890.8",,,,,,""
"2021-04-21","'3132QQTP7'","MBS","FHLMCGLD 3% 06/45","30yr",,,,,"697818.22",,,,,,""
"2021-04-21","'36176URH0'","MBS","GNMA I MORTPASS 4% 03/42","30yr",,,,,"697802.78",,,,,,""
"2021-04-21","'31419BME2'","MBS","UMBS MORTPASS 3.5% 07/41","30yr",,,,,"697594.84",,,,,,""
"2021-04-21","'31307PSA8'","MBS","FHLMCGLD 2.5% 11/30","15yr",,,,,"697492.42",,,,,,""
"2021-04-21","'31339SA47'","MBS","UMBS MORTPASS 3% 09/49","30yr",,,,,"696908.76",,,,,,""
"2021-04-21","'36296WEK8'","MBS","GNMA I MORTPASS 4% 03/39","30yr",,,,,"696471.38",,,,,,""
"2021-04-21","'3140L1UQ6'","MBS","UMBS MORTPASS 2% 03/51","30yr",,,,,"696299.79",,,,,,""
"2021-04-21","'3133A0E42'","MBS","UMBS 3.0%","30yr",,,,,"696081.71",,,,,,""
"2021-04-21","'3620A3NQ3'","MBS","GNMA I MORTPASS 4% 06/39","30yr",,,,,"696023.5",,,,,,""
"2021-04-21","'3140KNWT1'","MBS","UMBS MORTPASS 1.5% 08/35","15yr",,,,,"695868.93",,,,,,""
"2021-04-21","'31418BNP7'","MBS","UMBS MORTPASS 3% 03/35","Other",,,,,"695537.51",,,,,,""
"2021-04-21","'36180CQT9'","MBS","GNMA I MORTPASS 3% 02/43","30yr",,,,,"695185.63",,,,,,""
"2021-04-21","'36296LNR7'","MBS","GNMA I MORTPASS 4% 05/39","30yr",,,,,"695090.61",,,,,,""
"2021-04-21","'31307NJA3'","MBS","FHLMCGLD 3% 06/30","15yr",,,,,"694924.75",,,,,,""
"2021-04-21","'31334WFA4'","MBS","UMBS MORTPASS 4% 06/49","30yr",,,,,"694839.62",,,,,,""
"2021-04-21","'3133KJ5Y4'","MBS","UMBS MORTPASS 2% 09/50","30yr",,,,,"694588.06",,,,,,""
"2021-04-21","'31307HJ32'","MBS","FHLMCGLD 3.5% 06/29","15yr",,,,,"694544.48",,,,,,""
"2021-04-21","'3132WJYK1'","MBS","FHLMCGLD 3% 12/46","30yr",,,,,"694378.83",,,,,,""
"2021-04-21","'31410LN99'","MBS","UMBS MORTPASS 2% 09/24","Other",,,,,"693497.56",,,,,,""
"2021-04-21","'3138WBWT8'","MBS","UMBS MORTPASS 3% 05/29","15yr",,,,,"693384.85",,,,,,""
"2021-04-21","'36177TMY0'","MBS","GNMA I MORTPASS 3% 10/42","30yr",,,,,"693192.65",,,,,,""
"2021-04-21","'3138X5NR4'","MBS","UMBS MORTPASS 3% 09/28","15yr",,,,,"692904.15",,,,,,""
"2021-04-21","'3128PMPA2'","MBS","FHLMCGLD 4% 03/24","15yr",,,,,"692566.14",,,,,,""
"2021-04-21","'3140FSTB9'","MBS","UMBS MORTPASS 3% 04/32","15yr",,,,,"692413.76",,,,,,""
"2021-04-21","'31307HE78'","MBS","FHLMCGLD 3% 05/24","15yr",,,,,"692320.35",,,,,,""
"2021-04-21","'3131X9BN3'","MBS","UMBS MORTPASS 2.5% 05/28","15yr",,,,,"692273.07",,,,,,""
"2021-04-21","'3140HAJQ4'","MBS","UMBS MORTPASS 3.5% 05/49","30yr",,,,,"692092.86",,,,,,""
"2021-04-21","'3140HDZG2'","MBS","UMBS MORTPASS 3% 03/33","15yr",,,,,"691703.26",,,,,,""
"2021-04-21","'3140HKWK0'","MBS","UMBS MORTPASS 3.5% 06/48","30yr",,,,,"690851.07",,,,,,""
"2021-04-21","'3140HHTN5'","MBS","UMBS MORTPASS 3.5% 04/33","15yr",,,,,"690730.87",,,,,,""
"2021-04-21","'3138E2NC5'","MBS","UMBS MORTPASS 3% 12/26","15yr",,,,,"690692.86",,,,,,""
"2021-04-21","'3132A8GG8'","MBS","UMBS MORTPASS 2.5% 05/26","Other",,,,,"690615.78",,,,,,""
"2021-04-21","'3138E8RL8'","MBS","UMBS MORTPASS 4% 02/42","30yr",,,,,"690595.73",,,,,,""
"2021-04-21","'36179HWV9'","MBS","GNMA I MORTPASS 3% 01/43","30yr",,,,,"690516.56",,,,,,""
"2021-04-21","'3140QBLD8'","MBS","UMBS MORTPASS 3.5% 07/49","30yr",,,,,"690452.2",,,,,,""
"2021-04-21","'3140K8PZ8'","MBS","UMBS MORTPASS 2.5% 02/35","15yr",,,,,"690407.01",,,,,,""
"2021-04-21","'31307UP36'","MBS","FHLMCGLD 2.5% 09/32","15yr",,,,,"690292.33",,,,,,""
"2021-04-21","'3620AAV88'","MBS","GNMA I 4.5% 09/39","30yr",,,,,"690141.91",,,,,,""
"2021-04-21","'3140K1G34'","MBS","UMBS MORTPASS 4% 09/49","30yr",,,,,"690127.23",,,,,,""
"2021-04-21","'3131X8BV7'","MBS","UMBS MORTPASS 2.5% 10/27","15yr",,,,,"690006.33",,,,,,""
"2021-04-21","'3138YES81'","MBS","UMBS MORTPASS 3.5% 12/44","30yr",,,,,"689175.42",,,,,,""
"2021-04-21","'3140F8P35'","MBS","UMBS MORTPASS 3% 08/31","15yr",,,,,"689037.07",,,,,,""
"2021-04-21","'3140JPAX3'","MBS","UMBS MORTPASS 2.5% 05/34","15yr",,,,,"688802.11",,,,,,""
"2021-04-21","'3132QNTE9'","MBS","FHLMCGLD 3% 04/45","30yr",,,,,"688596.15",,,,,,""
"2021-04-21","'31418ANF1'","MBS","UMBS MORTPASS 2.5% 12/32","Other",,,,,"687958.47",,,,,,""
"2021-04-21","'3140JWZ37'","MBS","UMBS MORTPASS 3.5% 07/49","30yr",,,,,"687913.9",,,,,,""
"2021-04-21","'3620AAXX1'","MBS","GNMA I 4.5% 10/39","30yr",,,,,"687792.65",,,,,,""
"2021-04-21","'31307SPU1'","MBS","FHLMCGLD 3% 12/31","15yr",,,,,"687651.56",,,,,,""
"2021-04-21","'31307R7J8'","MBS","FHLMCGLD 3% 10/31","15yr",,,,,"687524.39",,,,,,""
"2021-04-21","'3138Y47E3'","MBS","UMBS MORTPASS 3% 06/27","15yr",,,,,"687439.81",,,,,,""
"2021-04-21","'3138NWUJ6'","MBS","UMBS MORTPASS 2.5% 01/43","30yr",,,,,"687424.04",,,,,,""
"2021-04-21","'3131Y9DQ3'","MBS","UMBS MORTPASS 3% 01/49","30yr",,,,,"686490.46",,,,,,""
"2021-04-21","'3131XBXS3'","MBS","UMBS MORTPASS 2.5% 01/31","15yr",,,,,"686435.71",,,,,,""
"2021-04-21","'3133A4TF3'","MBS","UMBS MORTPASS 3% 04/50","30yr",,,,,"686376.1",,,,,,""
"2021-04-21","'3140F14T6'","MBS","UMBS MORTPASS 3% 05/31","15yr",,,,,"686162.82",,,,,,""
"2021-04-21","'3132JMYV5'","MBS","FHLMCGLD 3.5% 08/43","30yr",,,,,"685954.81",,,,,,""
"2021-04-21","'31307NAA2'","MBS","FHLMCGLD 3% 06/30","15yr",,,,,"685814.76",,,,,,""
"2021-04-21","'3138MDWT5'","MBS","UMBS MORTPASS 3% 10/27","15yr",,,,,"685812.29",,,,,,""
"2021-04-21","'3140HDLP7'","MBS","UMBS MORTPASS 3.5% 09/49","30yr",,,,,"685344.72",,,,,,""
"2021-04-21","'3132WJUS8'","MBS","FHLMCGLD 3% 12/46","30yr",,,,,"685142.71",,,,,,""
"2021-04-21","'3138ERK90'","MBS","UMBS MORTPASS 3.5% 10/46","30yr",,,,,"685065.16",,,,,,""
"2021-04-21","'3138M0BL3'","MBS","UMBS MORTPASS 2.5% 08/27","15yr",,,,,"684446.16",,,,,,""
"2021-04-21","'3138YDAU3'","MBS","UMBS MORTPASS 3.5% 01/30","15yr",,,,,"684168.66",,,,,,""
"2021-04-21","'3132M4YK5'","MBS","FHLMCGLD 4% 01/44","30yr",,,,,"683938.81",,,,,,""
"2021-04-21","'36296HMS5'","MBS","GNMA I 4.5% 08/39","30yr",,,,,"683927.71",,,,,,""
"2021-04-21","'3140KVVB3'","MBS","UMBS MORTPASS 2% 12/50","30yr",,,,,"683889.1",,,,,,""
"2021-04-21","'3138W2LC7'","MBS","UMBS MORTPASS 3% 01/28","15yr",,,,,"683684.7",,,,,,""
"2021-04-21","'3128MMT94'","MBS","FHLMCGLD 3% 11/30","15yr",,,,,"683541.61",,,,,,""
"2021-04-21","'3138M4MY5'","MBS","UMBS MORTPASS 3.5% 08/27","15yr",,,,,"683541.18",,,,,,""
"2021-04-21","'31307RUT0'","MBS","FHLMCGLD 3% 08/31","15yr",,,,,"683301.82",,,,,,""
"2021-04-21","'3140KKCG7'","MBS","UMBS MORTPASS 2% 07/35","15yr",,,,,"683246.1",,,,,,""
"2021-04-21","'3138MAPS1'","MBS","UMBS MORTPASS 2.5% 10/27","15yr",,,,,"683220.94",,,,,,""
"2021-04-21","'3140GUKL0'","MBS","UMBS MORTPASS 3% 10/32","15yr",,,,,"683061.09",,,,,,""
"2021-04-21","'3140K33D2'","MBS","UMBS MORTPASS 2.5% 11/34","15yr",,,,,"682161.75",,,,,,""
"2021-04-21","'36176W7K1'","MBS","GNMA I MORTPASS 4% 01/42","30yr",,,,,"681861.93",,,,,,""
"2021-04-21","'31307CYL6'","MBS","FHLMCGLD 3.5% 06/28","15yr",,,,,"681669.24",,,,,,""
"2021-04-21","'3620AC3D4'","MBS","GNMA I 4.5% 09/39","30yr",,,,,"681639.79",,,,,,""
"2021-04-21","'31307GXL8'","MBS","FHLMCGLD 3.5% 04/29","15yr",,,,,"681626.59",,,,,,""
"2021-04-21","'3132J8G38'","MBS","FHLMCGLD 3.5% 04/43","30yr",,,,,"681272.71",,,,,,""
"2021-04-21","'31418BSE7'","MBS","UMBS MORTPASS 3.5% 06/25","Other",,,,,"681272.34",,,,,,""
"2021-04-21","'3138WGEL4'","MBS","UMBS MORTPASS 3% 12/30","15yr",,,,,"681266.76",,,,,,""
"2021-04-21","'3131X8J56'","MBS","UMBS MORTPASS 2.5% 12/27","15yr",,,,,"681136.21",,,,,,""
"2021-04-21","'3140HEDV1'","MBS","UMBS MORTPASS 3% 02/33","15yr",,,,,"681120.09",,,,,,""
"2021-04-21","'3140E9H58'","MBS","UMBS MORTPASS 3.5% 01/31","15yr",,,,,"680913.68",,,,,,""
"2021-04-21","'3132A8JZ3'","MBS","UMBS MORTPASS 3% 01/29","15yr",,,,,"680631.45",,,,,,""
"2021-04-21","'3132QTJ23'","MBS","FHLMCGLD 3.5% 10/45","30yr",,,,,"680622.22",,,,,,""
"2021-04-21","'31329LDN9'","MBS","UMBS MORTPASS 2.5% 01/28","15yr",,,,,"680513.67",,,,,,""
"2021-04-21","'31307UN87'","MBS","FHLMCGLD 3% 09/32","15yr",,,,,"680320.15",,,,,,""
"2021-04-21","'3132J7JU7'","MBS","FHLMCGLD 3% 03/43","30yr",,,,,"680198.62",,,,,,""
"2021-04-21","'3138NX6U6'","MBS","UMBS MORTPASS 3.5% 02/43","30yr",,,,,"680195.84",,,,,,""
"2021-04-21","'3140JRAZ4'","MBS","UMBS MORTPASS 3.5% 04/49","30yr",,,,,"680151.53",,,,,,""
"2021-04-21","'3138WVA92'","MBS","UMBS MORTPASS 2.5% 07/28","15yr",,,,,"680114.08",,,,,,""
"2021-04-21","'3140HKLA4'","MBS","UMBS MORTPASS 3.5% 05/33","15yr",,,,,"680020.22",,,,,,""
"2021-04-21","'3138NYKA2'","MBS","UMBS MORTPASS 3.5% 01/43","30yr",,,,,"679953.49",,,,,,""
"2021-04-21","'3138WB2H7'","MBS","UMBS MORTPASS 2.5% 06/29","15yr",,,,,"679911.2",,,,,,""
"2021-04-21","'3138W2XC4'","MBS","UMBS MORTPASS 3% 06/28","15yr",,,,,"679880.75",,,,,,""
"2021-04-21","'3138MQP31'","MBS","UMBS MORTPASS 2.5% 12/42","30yr",,,,,"679774.6",,,,,,""
"2021-04-21","'31307GW21'","MBS","FHLMCGLD 3.5% 04/29","15yr",,,,,"679529.4",,,,,,""
"2021-04-21","'31307JW58'","MBS","FHLMCGLD 3.5% 11/29","15yr",,,,,"679337.3",,,,,,""
"2021-04-21","'3620A1X60'","MBS","GNMA I 4.5% 06/39","30yr",,,,,"679136.43",,,,,,""
"2021-04-21","'36179EHS0'","MBS","GNMA I MORTPASS 3% 01/43","30yr",,,,,"679103.44",,,,,,""
"2021-04-21","'3138X2FU3'","MBS","UMBS MORTPASS 3% 08/28","15yr",,,,,"679054",,,,,,""
"2021-04-21","'3128MFBC1'","MBS","FHLMCGLD 3% 03/32","15yr",,,,,"678859.78",,,,,,""
"2021-04-21","'3138WWW88'","MBS","UMBS MORTPASS 3% 06/28","15yr",,,,,"678848.86",,,,,,""
"2021-04-21","'36178D2N0'","MBS","GNMA I MORTPASS 3% 03/43","30yr",,,,,"678799.55",,,,,,""
"2021-04-21","'36297KFQ9'","MBS","GNMA I MORTPASS 5% 10/39","30yr",,,,,"678726.91",,,,,,""
"2021-04-21","'3140E1F65'","MBS","UMBS MORTPASS 3% 08/45","30yr",,,,,"678713.83",,,,,,""
"2021-04-21","'31307GUE7'","MBS","FHLMCGLD 3.5% 03/29","15yr",,,,,"678568.77",,,,,,""
"2021-04-21","'3138WA5D5'","MBS","UMBS MORTPASS 3% 02/29","15yr",,,,,"678374.16",,,,,,""
"2021-04-21","'3138YPBW1'","MBS","UMBS MORTPASS 2% 04/30","15yr",,,,,"678212.77",,,,,,""
"2021-04-21","'3138MQKS1'","MBS","UMBS MORTPASS 3% 12/27","15yr",,,,,"678132.43",,,,,,""
"2021-04-21","'3138WJ7G7'","MBS","UMBS MORTPASS 3% 03/27","Other",,,,,"678047.57",,,,,,""
"2021-04-21","'31418A2Z0'","MBS","UMBS MORTPASS 3% 12/23","Other",,,,,"678003.53",,,,,,""
"2021-04-21","'31307SNK5'","MBS","FHLMCGLD 3% 11/31","15yr",,,,,"677985.65",,,,,,""
"2021-04-21","'3133A8BL0'","MBS","UMBS MORTPASS 2% 07/50","30yr",,,,,"677738.09",,,,,,""
"2021-04-21","'36297GNB2'","MBS","GNMA I MORTPASS 5% 01/40","30yr",,,,,"677647.16",,,,,,""
"2021-04-21","'31417QVT8'","MBS","UMBS MORTPASS 4% 11/24","15yr",,,,,"677408.59",,,,,,""
"2021-04-21","'3131YDAS3'","MBS","UMBS MORTPASS 3% 05/49","30yr",,,,,"677266.85",,,,,,""
"2021-04-21","'36297BES6'","MBS","GNMA I 4.5% 07/39","30yr",,,,,"677174.81",,,,,,""
"2021-04-21","'3620ABC61'","MBS","GNMA I 4.5% 12/39","30yr",,,,,"676802.47",,,,,,""
"2021-04-21","'3132KEV93'","MBS","FHLMCGLD 3% 09/29","15yr",,,,,"676759.78",,,,,,""
"2021-04-21","'3131X7PZ5'","MBS","UMBS MORTPASS 3% 05/27","15yr",,,,,"676596.89",,,,,,""
"2021-04-21","'3140HAP46'","MBS","UMBS MORTPASS 3% 02/33","15yr",,,,,"676397.08",,,,,,""
"2021-04-21","'3132A9QW0'","MBS","UMBS MORTPASS 2.5% 06/30","15yr",,,,,"676298.39",,,,,,""
"2021-04-21","'3140HAXM7'","MBS","UMBS MORTPASS 3.5% 02/48","30yr",,,,,"676031.96",,,,,,""
"2021-04-21","'3131X85P7'","MBS","UMBS MORTPASS 2% 04/23","Other",,,,,"675890.87",,,,,,""
"2021-04-21","'36296LND8'","MBS","GNMA I MORTPASS 4% 04/39","30yr",,,,,"675887.94",,,,,,""
"2021-04-21","'36297F2N1'","MBS","GNMA I 4.5% 11/39","30yr",,,,,"675294.14",,,,,,""
"2021-04-21","'31329LDR0'","MBS","UMBS MORTPASS 2.5% 01/28","15yr",,,,,"675167.25",,,,,,""
"2021-04-21","'3140HEGF3'","MBS","UMBS MORTPASS 3% 07/33","15yr",,,,,"674993.13",,,,,,""
"2021-04-21","'36179C7F3'","MBS","GNMA I MORTPASS 3% 01/43","30yr",,,,,"674798.69",,,,,,""
"2021-04-21","'3132M5UG5'","MBS","FHLMCGLD 3.5% 03/44","30yr",,,,,"674775.56",,,,,,""
"2021-04-21","'31307QUD7'","MBS","FHLMCGLD 3% 04/31","15yr",,,,,"674767.11",,,,,,""
"2021-04-21","'36179EKD9'","MBS","GNMA I MORTPASS 3% 03/43","30yr",,,,,"674274.23",,,,,,""
"2021-04-21","'3128MEBX8'","MBS","FHLMCGLD 3% 12/29","15yr",,,,,"674197.22",,,,,,""
"2021-04-21","'31329QJM4'","MBS","UMBS MORTPASS 3% 04/39","Other",,,,,"674016.32",,,,,,""
"2021-04-21","'3132CWCQ5'","MBS","UMBS MORTPASS 2.5% 01/29","15yr",,,,,"674006.96",,,,,,""
"2021-04-21","'31339UD80'","MBS","UMBS MORTPASS 2.5% 10/49","30yr",,,,,"673957.64",,,,,,""
"2021-04-21","'3140HA5U0'","MBS","UMBS MORTPASS 3.5% 03/33","15yr",,,,,"673831.68",,,,,,""
"2021-04-21","'3140KCCE0'","MBS","UMBS MORTPASS 2.5% 03/50","30yr",,,,,"673767.91",,,,,,""
"2021-04-21","'3140F02E3'","MBS","UMBS MORTPASS 2.5% 04/31","15yr",,,,,"673728.76",,,,,,""
"2021-04-21","'3138WB2M6'","MBS","UMBS MORTPASS 3% 06/29","15yr",,,,,"673242.67",,,,,,""
"2021-04-21","'3132A5FV2'","MBS","UMBS MORTPASS 2.5% 09/46","30yr",,,,,"673068.97",,,,,,""
"2021-04-21","'3132M5ZR6'","MBS","FHLMCGLD 4% 04/44","30yr",,,,,"672976.7",,,,,,""
"2021-04-21","'3132A8MP1'","MBS","UMBS MORTPASS 2.5% 12/26","Other",,,,,"672908.33",,,,,,""
"2021-04-21","'3138EE3B3'","MBS","UMBS MORTPASS 3.5% 04/42","30yr",,,,,"672884",,,,,,""
"2021-04-21","'3140HKUS5'","MBS","UMBS MORTPASS 3.5% 05/33","15yr",,,,,"672874.98",,,,,,""
"2021-04-21","'3132J7VA7'","MBS","FHLMCGLD 3.5% 03/43","30yr",,,,,"672820.07",,,,,,""
"2021-04-21","'36180UBB4'","MBS","GNMA I MORTPASS 3% 04/43","30yr",,,,,"672735.57",,,,,,""
"2021-04-21","'3138Y2ST1'","MBS","UMBS MORTPASS 4% 09/44","30yr",,,,,"671999.1",,,,,,""
"2021-04-21","'3138MPCR4'","MBS","UMBS MORTPASS 2% 12/27","15yr",,,,,"671863.68",,,,,,""
"2021-04-21","'3140HHEV3'","MBS","UMBS MORTPASS 3% 04/33","15yr",,,,,"671738.18",,,,,,""
"2021-04-21","'3140HJQ20'","MBS","UMBS MORTPASS 3% 05/33","15yr",,,,,"671734.52",,,,,,""
"2021-04-21","'3138MPCS2'","MBS","UMBS MORTPASS 2% 12/27","15yr",,,,,"671699.75",,,,,,""
"2021-04-21","'3620AHLR2'","MBS","GNMA I 4.5% 01/40","30yr",,,,,"671584.98",,,,,,""
"2021-04-21","'31307SVA8'","MBS","FHLMCGLD 3% 01/32","15yr",,,,,"671515.13",,,,,,""
"2021-04-21","'3128MMVP5'","MBS","FHLMCGLD 3.5% 10/31","15yr",,,,,"671503.51",,,,,,""
"2021-04-21","'3133A0A20'","MBS","UMBS MORTPASS 3% 12/49","30yr",,,,,"671339.94",,,,,,""
"2021-04-21","'3132A7HD6'","MBS","UMBS MORTPASS 2.5% 07/22","Other",,,,,"671152.38",,,,,,""
"2021-04-21","'3140EVAN7'","MBS","UMBS MORTPASS 3% 05/31","15yr",,,,,"671048.29",,,,,,""
"2021-04-21","'36230UGE3'","MBS","GNMA I MORTPASS 4% 02/41","30yr",,,,,"670612.98",,,,,,""
"2021-04-21","'3138LWCN9'","MBS","UMBS MORTPASS 2.5% 07/27","15yr",,,,,"670574.49",,,,,,""
"2021-04-21","'3131YCQN9'","MBS","UMBS MORTPASS 3% 05/49","30yr",,,,,"670224.18",,,,,,""
"2021-04-21","'31418CKX1'","MBS","UMBS MORTPASS 2.5% 05/27","Other",,,,,"669959.64",,,,,,""
"2021-04-21","'31418BXM3'","MBS","UMBS MORTPASS 2% 11/25","Other",,,,,"669849.82",,,,,,""
"2021-04-21","'3132QMQM6'","MBS","FHLMCGLD 3% 02/45","30yr",,,,,"669826.38",,,,,,""
"2021-04-21","'36296JVS1'","MBS","GNMA I MORTPASS 5% 12/39","30yr",,,,,"669755.73",,,,,,""
"2021-04-21","'31418AEH7'","MBS","UMBS MORTPASS 3% 04/27","15yr",,,,,"669717.97",,,,,,""
"2021-04-21","'3140JVDR0'","MBS","UMBS MORTPASS 4% 07/49","30yr",,,,,"669680.74",,,,,,""
"2021-04-21","'3131Y3DN3'","MBS","UMBS MORTPASS 4.5% 09/48","30yr",,,,,"669543.45",,,,,,""
"2021-04-21","'3138WQT69'","MBS","UMBS MORTPASS 2.5% 04/28","15yr",,,,,"669519.07",,,,,,""
"2021-04-21","'31418CDE1'","MBS","UMBS MORTPASS 2% 11/26","Other",,,,,"669352.69",,,,,,""
"2021-04-21","'3620C4L65'","MBS","GNMA I 3.5% 01/42","30yr",,,,,"668943.64",,,,,,""
"2021-04-21","'3140E6X80'","MBS","UMBS MORTPASS 3.5% 10/45","30yr",,,,,"668766.11",,,,,,""
"2021-04-21","'36295CGS4'","MBS","GNMA I MORTPASS 3% 01/43","30yr",,,,,"668673.62",,,,,,""
"2021-04-21","'31417SYE4'","MBS","UMBS MORTPASS 4% 11/24","15yr",,,,,"668489.25",,,,,,""
"2021-04-21","'3132DMD85'","MBS","UMBS MORTPASS 3% 12/48","30yr",,,,,"668481.46",,,,,,""
"2021-04-21","'31418CFT6'","MBS","UMBS MORTPASS 3.5% 01/32","15yr",,,,,"668138.34",,,,,,""
"2021-04-21","'31307L6A1'","MBS","FHLMCGLD 2.5% 03/30","15yr",,,,,"667964.28",,,,,,""
"2021-04-21","'31307GE21'","MBS","FHLMCGLD 3% 02/29","15yr",,,,,"667724.01",,,,,,""
"2021-04-21","'3138XFAN5'","MBS","UMBS MORTPASS 3% 12/28","15yr",,,,,"667661.57",,,,,,""
"2021-04-21","'3140EVK22'","MBS","UMBS MORTPASS 3% 07/46","30yr",,,,,"667631.29",,,,,,""
"2021-04-21","'36297FHL9'","MBS","GNMA I MORTPASS 4% 06/39","30yr",,,,,"667262.44",,,,,,""
"2021-04-21","'3138MKLY0'","MBS","UMBS MORTPASS 2.5% 05/28","15yr",,,,,"667107.26",,,,,,""
"2021-04-21","'3140EV5H6'","MBS","UMBS MORTPASS 3.5% 01/46","30yr",,,,,"666884.13",,,,,,""
"2021-04-21","'3132QMJZ5'","MBS","FHLMCGLD 3% 02/45","30yr",,,,,"666883.23",,,,,,""
"2021-04-21","'31307EV27'","MBS","FHLMCGLD 3.5% 10/28","15yr",,,,,"666823.57",,,,,,""
"2021-04-21","'3132QQXC1'","MBS","FHLMCGLD 4% 06/45","30yr",,,,,"666755.88",,,,,,""
"2021-04-21","'3138YNU54'","MBS","UMBS MORTPASS 3% 06/45","30yr",,,,,"666626.89",,,,,,""
"2021-04-21","'3140EWRM9'","MBS","UMBS MORTPASS 3.5% 06/31","15yr",,,,,"666573.1",,,,,,""
"2021-04-21","'3138X9XX2'","MBS","UMBS MORTPASS 3% 03/29","15yr",,,,,"666494.39",,,,,,""
"2021-04-21","'3128MMU84'","MBS","FHLMCGLD 3.5% 06/31","15yr",,,,,"666424.64",,,,,,""
"2021-04-21","'31307SE58'","MBS","FHLMCGLD 2.5% 10/31","15yr",,,,,"666248.76",,,,,,""
"2021-04-21","'3140HHF26'","MBS","UMBS MORTPASS 3.5% 10/48","30yr",,,,,"666033.67",,,,,,""
"2021-04-21","'3140JQLY7'","MBS","UMBS MORTPASS 3% 03/34","15yr",,,,,"665925.5",,,,,,""
"2021-04-21","'3138WCW74'","MBS","UMBS MORTPASS 3.5% 09/29","15yr",,,,,"665822.61",,,,,,""
"2021-04-21","'3132A7Q95'","MBS","UMBS MORTPASS 2.5% 06/23","Other",,,,,"665752.38",,,,,,""
"2021-04-21","'31417DJR5'","MBS","UMBS MORTPASS 2% 10/27","15yr",,,,,"665706.3",,,,,,""
"2021-04-21","'3138WUBF9'","MBS","UMBS MORTPASS 3.5% 06/43","30yr",,,,,"665606.15",,,,,,""
"2021-04-21","'3140X55F6'","MBS","UMBS MORTPASS 2.5% 04/30","Other",,,,,"665574.01",,,,,,""
"2021-04-21","'3140H7JW8'","MBS","UMBS MORTPASS 3.5% 01/33","15yr",,,,,"665415.26",,,,,,""
"2021-04-21","'3133KHTP1'","MBS","UMBS MORTPASS 4% 03/50","30yr",,,,,"665359.64",,,,,,""
"2021-04-21","'36180HTK4'","MBS","GNMA I MORTPASS 3% 03/43","30yr",,,,,"665311.41",,,,,,""
"2021-04-21","'3138MQKV4'","MBS","UMBS MORTPASS 2.5% 12/27","15yr",,,,,"665242.25",,,,,,""
"2021-04-21","'3138LUQ99'","MBS","UMBS MORTPASS 3% 05/27","15yr",,,,,"665187.47",,,,,,""
"2021-04-21","'31307R5P6'","MBS","FHLMCGLD 2.5% 09/31","15yr",,,,,"664869.26",,,,,,""
"2021-04-21","'3140JN5X4'","MBS","UMBS MORTPASS 4% 04/49","30yr",,,,,"664593.85",,,,,,""
"2021-04-21","'36176LZY4'","MBS","GNMA I 3.5% 02/42","30yr",,,,,"664252.1",,,,,,""
"2021-04-21","'3140F2YF1'","MBS","UMBS MORTPASS 3% 05/46","30yr",,,,,"664119.33",,,,,,""
"2021-04-21","'3138YSHF6'","MBS","UMBS MORTPASS 3.5% 05/45","30yr",,,,,"663848.2",,,,,,""
"2021-04-21","'31307UXG8'","MBS","FHLMCGLD 3.5% 11/32","15yr",,,,,"663774.64",,,,,,""
"2021-04-21","'36297K2F7'","MBS","GNMA I 4.5% 07/39","30yr",,,,,"663716.13",,,,,,""
"2021-04-21","'3138XG7G2'","MBS","UMBS MORTPASS 3.5% 12/28","15yr",,,,,"663584.58",,,,,,""
"2021-04-21","'31418CGS7'","MBS","UMBS MORTPASS 2% 02/27","Other",,,,,"663378.02",,,,,,""
"2021-04-21","'3140E8K31'","MBS","UMBS MORTPASS 3% 12/30","15yr",,,,,"663367.3",,,,,,""
"2021-04-21","'3132WHDQ5'","MBS","FHLMCGLD 3% 10/46","30yr",,,,,"663352.02",,,,,,""
"2021-04-21","'31412UNQ9'","MBS","UMBS MORTPASS 6% 06/39","30yr",,,,,"663315.61",,,,,,""
"2021-04-21","'31329PQS5'","MBS","UMBS MORTPASS 3.5% 11/38","Other",,,,,"663151.11",,,,,,""
"2021-04-21","'3138YRNK0'","MBS","UMBS MORTPASS 3% 06/45","30yr",,,,,"663039.68",,,,,,""
"2021-04-21","'31307M5G7'","MBS","FHLMCGLD 3% 05/30","15yr",,,,,"662909.02",,,,,,""
"2021-04-21","'3133KHFW1'","MBS","UMBS MORTPASS 3% 01/50","30yr",,,,,"662708.17",,,,,,""
"2021-04-21","'3140E2VK4'","MBS","UMBS MORTPASS 2.5% 06/30","15yr",,,,,"662503.32",,,,,,""
"2021-04-21","'3138W5Z92'","MBS","UMBS MORTPASS 3% 03/28","15yr",,,,,"662324.72",,,,,,""
"2021-04-21","'3131X8UD6'","MBS","UMBS MORTPASS 2% 03/23","Other",,,,,"662311.64",,,,,,""
"2021-04-21","'3138XCYX4'","MBS","UMBS MORTPASS 3% 10/28","15yr",,,,,"661932.75",,,,,,""
"2021-04-21","'3138XUBV3'","MBS","UMBS MORTPASS 3.5% 05/29","15yr",,,,,"661849.4",,,,,,""
"2021-04-21","'3138W9U32'","MBS","UMBS MORTPASS 2% 09/28","15yr",,,,,"661711.54",,,,,,""
"2021-04-21","'31307SUC5'","MBS","FHLMCGLD 2.5% 12/31","15yr",,,,,"661635.09",,,,,,""
"2021-04-21","'3131X6HB9'","MBS","UMBS MORTPASS 3% 01/26","15yr",,,,,"661598.76",,,,,,""
"2021-04-21","'3131X9BR4'","MBS","UMBS MORTPASS 2.5% 05/28","15yr",,,,,"661584",,,,,,""
"2021-04-21","'3138YXQP3'","MBS","UMBS MORTPASS 3% 07/30","15yr",,,,,"661391.04",,,,,,""
"2021-04-21","'3140X4Z33'","MBS","UMBS MORTPASS 2.5% 01/33","15yr",,,,,"661376.07",,,,,,""
"2021-04-21","'3132JMME6'","MBS","FHLMCGLD 3% 08/43","30yr",,,,,"661254.65",,,,,,""
"2021-04-21","'3138X6GM1'","MBS","UMBS MORTPASS 3% 03/29","15yr",,,,,"661175",,,,,,""
"2021-04-21","'31307RU52'","MBS","FHLMCGLD 2.5% 08/31","15yr",,,,,"660710.01",,,,,,""
"2021-04-21","'3132J64D3'","MBS","FHLMCGLD 3% 02/43","30yr",,,,,"660608.36",,,,,,""
"2021-04-21","'3140HNWH1'","MBS","UMBS MORTPASS 4% 04/49","30yr",,,,,"660453.34",,,,,,""
"2021-04-21","'3138WBSX4'","MBS","UMBS MORTPASS 3% 05/29","15yr",,,,,"660449.19",,,,,,""
"2021-04-21","'3138XF5Y7'","MBS","UMBS MORTPASS 3% 01/29","15yr",,,,,"660245.05",,,,,,""
"2021-04-21","'3138WJE38'","MBS","UMBS MORTPASS 2.5% 11/26","Other",,,,,"660208.98",,,,,,""
"2021-04-21","'3140Q8X59'","MBS","UMBS MORTPASS 3.5% 03/32","15yr",,,,,"660071.56",,,,,,""
"2021-04-21","'3140HBXR4'","MBS","UMBS MORTPASS 4.5% 09/49","30yr",,,,,"659685.94",,,,,,""
"2021-04-21","'31307Q6J1'","MBS","FHLMCGLD 3% 06/31","15yr",,,,,"659485.64",,,,,,""
"2021-04-21","'36202FLM6'","MBS","GNMA II 3.5% 10/40","30yr",,,,,"659213.51",,,,,,""
"2021-04-21","'3140FSF73'","MBS","UMBS MORTPASS 4.5% 01/47","30yr",,,,,"658870.67",,,,,,""
"2021-04-21","'36297HBQ0'","MBS","GNMA I 4.5% 08/39","30yr",,,,,"658820.06",,,,,,""
"2021-04-21","'3138YTUN2'","MBS","UMBS MORTPASS 3% 06/45","30yr",,,,,"658394.64",,,,,,""
"2021-04-21","'3140HBY28'","MBS","UMBS MORTPASS 3.5% 10/49","30yr",,,,,"658227.45",,,,,,""
"2021-04-21","'3138YGPE6'","MBS","UMBS MORTPASS 3% 04/45","30yr",,,,,"658207.1",,,,,,""
"2021-04-21","'31307GSE0'","MBS","FHLMCGLD 3% 03/29","15yr",,,,,"657981.48",,,,,,""
"2021-04-21","'3138XMHM5'","MBS","UMBS MORTPASS 3% 02/29","15yr",,,,,"657928.38",,,,,,""
"2021-04-21","'3138XSLB1'","MBS","UMBS MORTPASS 4% 04/44","30yr",,,,,"657924.53",,,,,,""
"2021-04-21","'3138YRMH8'","MBS","UMBS MORTPASS 3% 04/45","30yr",,,,,"657812.46",,,,,,""
"2021-04-21","'3138M8VA8'","MBS","UMBS MORTPASS 3% 08/27","15yr",,,,,"657735.67",,,,,,""
"2021-04-21","'3132A8UQ0'","MBS","UMBS MORTPASS 3% 08/30","15yr",,,,,"657715.49",,,,,,""
"2021-04-21","'3138MBUF1'","MBS","UMBS MORTPASS 2.5% 09/27","15yr",,,,,"657612.06",,,,,,""
"2021-04-21","'3138X1SB3'","MBS","UMBS MORTPASS 3% 01/29","15yr",,,,,"657141.12",,,,,,""
"2021-04-21","'3140X4ZP4'","MBS","UMBS MORTPASS 3% 07/30","15yr",,,,,"656659.29",,,,,,""
"2021-04-21","'3140X4T48'","MBS","UMBS MORTPASS 2% 11/31","15yr",,,,,"656339.81",,,,,,""
"2021-04-21","'36178QHK1'","MBS","GNMA I MORTPASS 3% 12/42","30yr",,,,,"656162.38",,,,,,""
"2021-04-21","'3138MFMZ7'","MBS","UMBS MORTPASS 3% 10/27","15yr",,,,,"656116.27",,,,,,""
"2021-04-21","'36180HUG1'","MBS","GNMA I MORTPASS 3% 04/43","30yr",,,,,"655888.83",,,,,,""
"2021-04-21","'31307GP45'","MBS","FHLMCGLD 3% 03/29","15yr",,,,,"655632.23",,,,,,""
"2021-04-21","'3131Y7Z26'","MBS","UMBS MORTPASS 3% 11/33","15yr",,,,,"655414.94",,,,,,""
"2021-04-21","'31307PKV0'","MBS","FHLMCGLD 2.5% 10/30","15yr",,,,,"655401.91",,,,,,""
"2021-04-21","'3138WQY22'","MBS","UMBS MORTPASS 3% 10/28","15yr",,,,,"655292.95",,,,,,""
"2021-04-21","'3140H4KC7'","MBS","UMBS MORTPASS 2.5% 01/33","15yr",,,,,"655233.11",,,,,,""
"2021-04-21","'3140QDQK3'","MBS","UMBS MORTPASS 3% 10/49","30yr",,,,,"655229.08",,,,,,""
"2021-04-21","'31418DWZ1'","MBS","UMBS MORTPASS 1.5% 02/31","Other",,,,,"655100.89",,,,,,""
"2021-04-21","'3132A8BL2'","MBS","UMBS MORTPASS 2.5% 08/25","Other",,,,,"654925.04",,,,,,""
"2021-04-21","'3140H5NA5'","MBS","UMBS MORTPASS 3.5% 02/48","30yr",,,,,"654917.72",,,,,,""
"2021-04-21","'31412PZT1'","MBS","UMBS MORTPASS 5% 02/39","30yr",,,,,"654884.23",,,,,,""
"2021-04-21","'3138WHT77'","MBS","UMBS MORTPASS 2% 08/26","Other",,,,,"654675.53",,,,,,""
"2021-04-21","'3138MFUV7'","MBS","UMBS MORTPASS 3% 10/42","30yr",,,,,"654492.94",,,,,,""
"2021-04-21","'31307WE26'","MBS","FHLMCGLD 3.5% 06/33","15yr",,,,,"654236.08",,,,,,""
"2021-04-21","'31417G3J3'","MBS","UMBS MORTPASS 2.5% 07/23","Other",,,,,"654118.77",,,,,,""
"2021-04-21","'36176H4B7'","MBS","GNMA I MORTPASS 3% 01/43","30yr",,,,,"654033.48",,,,,,""
"2021-04-21","'3140GYHM4'","MBS","UMBS MORTPASS 3% 01/33","15yr",,,,,"653904.26",,,,,,""
"2021-04-21","'3140GPXF0'","MBS","UMBS MORTPASS 2.5% 11/32","15yr",,,,,"653882.82",,,,,,""
"2021-04-21","'3128PMV49'","MBS","FHLMCGLD 4% 04/24","15yr",,,,,"653871.8",,,,,,""
"2021-04-21","'3138ELQA4'","MBS","UMBS MORTPASS 3% 03/28","15yr",,,,,"653828.97",,,,,,""
"2021-04-21","'3140J5LV9'","MBS","UMBS MORTPASS 3.5% 02/32","15yr",,,,,"653787.2",,,,,,""
"2021-04-21","'36230TAK8'","MBS","GNMA I MORTPASS 3% 11/42","30yr",,,,,"653775.13",,,,,,""
"2021-04-21","'3140Q9NY5'","MBS","UMBS MORTPASS 4.5% 08/48","30yr",,,,,"653480.8",,,,,,""
"2021-04-21","'3138W7QR8'","MBS","UMBS MORTPASS 3% 03/43","30yr",,,,,"653425.58",,,,,,""
"2021-04-21","'3140J9KU4'","MBS","UMBS MORTPASS 3% 12/47","30yr",,,,,"653372.19",,,,,,""
"2021-04-21","'3133A3NV6'","MBS","UMBS MORTPASS 3% 03/45","30yr",,,,,"653203.69",,,,,,""
"2021-04-21","'3138MGSC0'","MBS","UMBS MORTPASS 3% 12/42","30yr",,,,,"653140.52",,,,,,""
"2021-04-21","'3138X7N25'","MBS","UMBS MORTPASS 2.5% 09/28","15yr",,,,,"653029.85",,,,,,""
"2021-04-21","'3132HNYN3'","MBS","FHLMCGLD 3% 11/42","30yr",,,,,"652978.63",,,,,,""
"2021-04-21","'31417EFP1'","MBS","UMBS MORTPASS 2% 12/27","15yr",,,,,"652966.64",,,,,,""
"2021-04-21","'3131XXVH1'","MBS","UMBS MORTPASS 4.5% 09/47","30yr",,,,,"652842.14",,,,,,""
"2021-04-21","'3138XPV59'","MBS","UMBS MORTPASS 3% 02/29","15yr",,,,,"652820.61",,,,,,""
"2021-04-21","'3138W1VZ7'","MBS","UMBS MORTPASS 3.5% 02/43","30yr",,,,,"652604.93",,,,,,""
"2021-04-21","'3620A8KB8'","MBS","GNMA I MORTPASS 5% 09/39","30yr",,,,,"652580.93",,,,,,""
"2021-04-21","'31417BF36'","MBS","UMBS MORTPASS 2.5% 03/27","15yr",,,,,"652359.35",,,,,,""
"2021-04-21","'3132QP4A9'","MBS","FHLMCGLD 3.5% 04/45","30yr",,,,,"652307.8",,,,,,""
"2021-04-21","'3132QLZQ9'","MBS","FHLMCGLD 3.5% 01/45","30yr",,,,,"651936.56",,,,,,""
"2021-04-21","'3138ERXD7'","MBS","UMBS MORTPASS 3% 12/26","Other",,,,,"651902.82",,,,,,""
"2021-04-21","'3140HHDU6'","MBS","UMBS MORTPASS 3% 03/33","15yr",,,,,"651640.78",,,,,,""
"2021-04-21","'31418ASK5'","MBS","UMBS MORTPASS 3% 04/23","Other",,,,,"651579.58",,,,,,""
"2021-04-21","'3138WHLA8'","MBS","UMBS MORTPASS 3% 07/46","30yr",,,,,"651291.68",,,,,,""
"2021-04-21","'3132QUUM3'","MBS","FHLMCGLD 3% 12/45","30yr",,,,,"651273.47",,,,,,""
"2021-04-21","'3128MDGW7'","MBS","FHLMCGLD 3.5% 11/26","15yr",,,,,"651115.77",,,,,,""
"2021-04-21","'31307RQ65'","MBS","FHLMCGLD 2.5% 08/31","15yr",,,,,"650421.71",,,,,,""
"2021-04-21","'3140JGTB1'","MBS","UMBS MORTPASS 4% 10/48","30yr",,,,,"650372.05",,,,,,""
"2021-04-21","'36202FDA1'","MBS","GNMA II MORTPASS 4% 12/39","30yr",,,,,"650353.27",,,,,,""
"2021-04-21","'3131Y1SS0'","MBS","UMBS MORTPASS 3.5% 06/48","30yr",,,,,"650329.49",,,,,,""
"2021-04-21","'3620A9YB1'","MBS","GNMA I 4.5% 12/39","30yr",,,,,"650231.34",,,,,,""
"2021-04-21","'31307RMM4'","MBS","FHLMCGLD 3.5% 07/31","15yr",,,,,"650152.61",,,,,,""
"2021-04-21","'3140GNMB6'","MBS","UMBS MORTPASS 3% 04/32","15yr",,,,,"650122.78",,,,,,""
"2021-04-21","'3138MMZK1'","MBS","UMBS MORTPASS 3% 11/32","Other",,,,,"650097.06",,,,,,""
"2021-04-21","'3140E9NT9'","MBS","UMBS MORTPASS 3% 07/31","15yr",,,,,"650019.49",,,,,,""
"2021-04-21","'3132A5GX7'","MBS","UMBS MORTPASS 4% 04/47","30yr",,,,,"649560.88",,,,,,""
"2021-04-21","'31307UBW7'","MBS","FHLMCGLD 2.5% 07/32","15yr",,,,,"649328.48",,,,,,""
"2021-04-21","'31418BAP1'","MBS","UMBS MORTPASS 4.5% 03/44","30yr",,,,,"649169.8",,,,,,""
"2021-04-21","'3138YVUC1'","MBS","UMBS MORTPASS 3.5% 06/45","30yr",,,,,"648905.02",,,,,,""
"2021-04-21","'3138EEZ36'","MBS","UMBS MORTPASS 3% 05/27","15yr",,,,,"648876.78",,,,,,""
"2021-04-21","'3138Y7DG4'","MBS","UMBS MORTPASS 3% 02/31","15yr",,,,,"648676.3",,,,,,""
"2021-04-21","'3138MLCN2'","MBS","UMBS MORTPASS 3.5% 12/42","30yr",,,,,"648633.5",,,,,,""
"2021-04-21","'3138EK2U8'","MBS","UMBS MORTPASS 2% 05/23","Other",,,,,"648542.1",,,,,,""
"2021-04-21","'31334WTU5'","MBS","UMBS MORTPASS 4% 06/49","30yr",,,,,"648337.26",,,,,,""
"2021-04-21","'3132JMWC9'","MBS","FHLMCGLD 3.5% 08/43","30yr",,,,,"648232.23",,,,,,""
"2021-04-21","'36294UT44'","MBS","GNMA I 3.5% 12/41","30yr",,,,,"648178.62",,,,,,""
"2021-04-21","'3132M8LL8'","MBS","FHLMCGLD 3.5% 08/44","30yr",,,,,"648062.72",,,,,,""
"2021-04-21","'3138WN6J3'","MBS","UMBS MORTPASS 3% 04/28","15yr",,,,,"648008.01",,,,,,""
"2021-04-21","'31307NU51'","MBS","FHLMCGLD 2.5% 08/30","15yr",,,,,"647696.13",,,,,,""
"2021-04-21","'31346YNL3'","MBS","UMBS MORTPASS 3% 10/49","30yr",,,,,"647644.7",,,,,,""
"2021-04-21","'31418AN87'","MBS","UMBS MORTPASS 2.5% 01/33","Other",,,,,"647637.55",,,,,,""
"2021-04-21","'3138WCRN5'","MBS","UMBS MORTPASS 2.5% 08/24","Other",,,,,"647490.39",,,,,,""
"2021-04-21","'3138Y1X34'","MBS","UMBS MORTPASS 2.5% 08/29","15yr",,,,,"647349.55",,,,,,""
"2021-04-21","'36297BFE6'","MBS","GNMA I 4.5% 10/39","30yr",,,,,"647269.16",,,,,,""
"2021-04-21","'3131YAWF3'","MBS","UMBS MORTPASS 4.5% 03/49","30yr",,,,,"647184.71",,,,,,""
"2021-04-21","'3131Y8WY7'","MBS","UMBS MORTPASS 3% 01/34","15yr",,,,,"647168.68",,,,,,""
"2021-04-21","'3138XLKT8'","MBS","UMBS MORTPASS 3.5% 06/29","15yr",,,,,"647136.25",,,,,,""
"2021-04-21","'3138MFM79'","MBS","UMBS MORTPASS 3% 10/27","15yr",,,,,"647085.36",,,,,,""
"2021-04-21","'3129344S8'","MBS","FHLMCGLD 4% 08/39","30yr",,,,,"647007.44",,,,,,""
"2021-04-21","'3140EUK99'","MBS","UMBS MORTPASS 2.5% 03/31","15yr",,,,,"646893.5",,,,,,""
"2021-04-21","'36179QGB1'","MBS","GNMA II MORTPASS 3% 06/44","30yr",,,,,"646834.32",,,,,,""
"2021-04-21","'3138WZZ88'","MBS","UMBS MORTPASS 2.5% 06/28","15yr",,,,,"646514.86",,,,,,""
"2021-04-21","'3140X8MQ7'","MBS","UMBS MORTPASS 2.5% 10/50","30yr",,,,,"646362.17",,,,,,""
"2021-04-21","'3138YD2T5'","MBS","UMBS MORTPASS 2.5% 03/30","15yr",,,,,"646244.45",,,,,,""
"2021-04-21","'3133G66C4'","MBS","UMBS MORTPASS 3% 10/34","15yr",,,,,"646187.79",,,,,,""
"2021-04-21","'31307TUW9'","MBS","FHLMCGLD 2.5% 05/32","15yr",,,,,"646134.31",,,,,,""
"2021-04-21","'31417GGX8'","MBS","UMBS MORTPASS 2% 12/27","15yr",,,,,"646102.61",,,,,,""
"2021-04-21","'31417ECW9'","MBS","UMBS MORTPASS 3% 12/42","30yr",,,,,"646042.51",,,,,,""
"2021-04-21","'3138XRRQ4'","MBS","UMBS MORTPASS 4% 03/44","30yr",,,,,"646009.9",,,,,,""
"2021-04-21","'3132M4NZ4'","MBS","FHLMCGLD 3.5% 01/44","30yr",,,,,"645932.34",,,,,,""
"2021-04-21","'3138M5Q51'","MBS","UMBS MORTPASS 2.5% 08/27","15yr",,,,,"645889.56",,,,,,""
"2021-04-21","'3140E8NU8'","MBS","UMBS MORTPASS 2.5% 02/31","15yr",,,,,"645762.2",,,,,,""
"2021-04-21","'3132J8FQ8'","MBS","FHLMCGLD 3% 03/43","30yr",,,,,"645725.91",,,,,,""
"2021-04-21","'3140HJ6A4'","MBS","UMBS MORTPASS 3.5% 05/33","15yr",,,,,"645650.76",,,,,,""
"2021-04-21","'31307F6P1'","MBS","FHLMCGLD 3.5% 01/29","15yr",,,,,"645624.49",,,,,,""
"2021-04-21","'3140GNZT3'","MBS","UMBS MORTPASS 4% 07/49","30yr",,,,,"645448.07",,,,,,""
"2021-04-21","'3138LTTT5'","MBS","UMBS MORTPASS 3% 10/27","15yr",,,,,"645283.75",,,,,,""
"2021-04-21","'31417ARK7'","MBS","UMBS MORTPASS 3% 12/26","15yr",,,,,"645162.37",,,,,,""
"2021-04-21","'3140HJR78'","MBS","UMBS MORTPASS 3.5% 06/33","15yr",,,,,"645069.75",,,,,,""
"2021-04-21","'31334Y6V4'","MBS","UMBS MORTPASS 3% 09/44","30yr",,,,,"645036.98",,,,,,""
"2021-04-21","'36297JCG7'","MBS","GNMA I 4.5% 04/39","30yr",,,,,"644976.44",,,,,,""
"2021-04-21","'3131XBZJ1'","MBS","UMBS MORTPASS 2.5% 03/31","15yr",,,,,"644974.56",,,,,,""
"2021-04-21","'3140JYAG1'","MBS","UMBS MORTPASS 3% 08/34","15yr",,,,,"644122.8",,,,,,""
"2021-04-21","'3140H6HL6'","MBS","UMBS MORTPASS 3% 12/32","15yr",,,,,"644080.64",,,,,,""
"2021-04-21","'3140H5MF5'","MBS","UMBS MORTPASS 3% 01/48","30yr",,,,,"644077.66",,,,,,""
"2021-04-21","'3140HJYP0'","MBS","UMBS MORTPASS 3.5% 08/48","30yr",,,,,"644063.83",,,,,,""
"2021-04-21","'3140E0BQ7'","MBS","UMBS MORTPASS 3.5% 08/45","30yr",,,,,"643663.53",,,,,,""
"2021-04-21","'3620AVAL6'","MBS","GNMA I MORTPASS 3% 08/42","30yr",,,,,"643575.51",,,,,,""
"2021-04-21","'3138XFBW4'","MBS","UMBS MORTPASS 3.5% 11/28","15yr",,,,,"643501.94",,,,,,""
"2021-04-21","'36181KLB4'","MBS","GNMA I 3.5% 08/43","30yr",,,,,"643279.98",,,,,,""
"2021-04-21","'31329MG38'","MBS","UMBS MORTPASS 3% 07/30","15yr",,,,,"643249.76",,,,,,""
"2021-04-21","'31339UGN4'","MBS","UMBS MORTPASS 3.5% 08/49","30yr",,,,,"643202.67",,,,,,""
"2021-04-21","'3138YMSV2'","MBS","UMBS MORTPASS 3% 07/45","30yr",,,,,"643172.19",,,,,,""
"2021-04-21","'3131XAZ87'","MBS","UMBS MORTPASS 2.5% 01/30","15yr",,,,,"643114.58",,,,,,""
"2021-04-21","'3620AKFF8'","MBS","GNMA I MORTPASS 5% 01/40","30yr",,,,,"643030.68",,,,,,""
"2021-04-21","'3133A7ZX0'","MBS","UMBS MORTPASS 2.5% 06/50","30yr",,,,,"642918.58",,,,,,""
"2021-04-21","'3140HAQW3'","MBS","UMBS MORTPASS 3.5% 03/48","30yr",,,,,"642518.47",,,,,,""
"2021-04-21","'31418AD47'","MBS","UMBS MORTPASS 3% 03/32","Other",,,,,"642490.48",,,,,,""
"2021-04-21","'36205JC37'","MBS","GNMA I 5.5% 12/37","30yr",,,,,"642385.27",,,,,,""
"2021-04-21","'36177UL28'","MBS","GNMA I 3.5% 07/42","30yr",,,,,"642249.76",,,,,,""
"2021-04-21","'36176H2V5'","MBS","GNMA I MORTPASS 3% 11/42","30yr",,,,,"642139.46",,,,,,""
"2021-04-21","'31329LBW1'","MBS","UMBS MORTPASS 2.5% 06/27","15yr",,,,,"642095.05",,,,,,""
"2021-04-21","'3140HBCU0'","MBS","UMBS MORTPASS 4.5% 02/48","30yr",,,,,"641991.62",,,,,,""
"2021-04-21","'3132J9R75'","MBS","FHLMCGLD 3.5% 05/43","30yr",,,,,"641904.3",,,,,,""
"2021-04-21","'3138WGDT8'","MBS","UMBS MORTPASS 2.5% 01/31","15yr",,,,,"641347.12",,,,,,""
"2021-04-21","'3132A7KH3'","MBS","UMBS MORTPASS 3% 11/27","15yr",,,,,"641272.14",,,,,,""
"2021-04-21","'3140L04D6'","MBS","UMBS MORTPASS 2% 02/51","30yr",,,,,"641105.9",,,,,,""
"2021-04-21","'31307H3R6'","MBS","FHLMCGLD 3.5% 08/29","15yr",,,,,"641022.75",,,,,,""
"2021-04-21","'3138YKRZ8'","MBS","UMBS MORTPASS 3% 05/45","30yr",,,,,"640861.81",,,,,,""
"2021-04-21","'3620ADCQ3'","MBS","GNMA I MORTPASS 5% 11/39","30yr",,,,,"640825.4",,,,,,""
"2021-04-21","'3138X4ME7'","MBS","UMBS MORTPASS 3.5% 08/43","30yr",,,,,"640668.92",,,,,,""
"2021-04-21","'3138YV2G3'","MBS","UMBS MORTPASS 3% 07/30","15yr",,,,,"640414.01",,,,,,""
"2021-04-21","'3140JVN81'","MBS","UMBS MORTPASS 3% 08/49","30yr",,,,,"640298.24",,,,,,""
"2021-04-21","'36178TQJ8'","MBS","GNMA I MORTPASS 3% 02/43","30yr",,,,,"640225.04",,,,,,""
"2021-04-21","'3620C5LA3'","MBS","GNMA I 3.5% 01/41","30yr",,,,,"639892.85",,,,,,""
"2021-04-21","'31307TRM5'","MBS","FHLMCGLD 3% 04/27","15yr",,,,,"639864.74",,,,,,""
"2021-04-21","'3132QLZR7'","MBS","FHLMCGLD 3.5% 01/45","30yr",,,,,"639803.25",,,,,,""
"2021-04-21","'3133KJN32'","MBS","UMBS MORTPASS 2% 07/50","30yr",,,,,"639788.89",,,,,,""
"2021-04-21","'36180HPN2'","MBS","GNMA I MORTPASS 3% 07/43","30yr",,,,,"639562.97",,,,,,""
"2021-04-21","'31307UHQ4'","MBS","FHLMCGLD 2.5% 08/32","15yr",,,,,"639554.62",,,,,,""
"2021-04-21","'3138YRM21'","MBS","UMBS MORTPASS 3% 05/45","30yr",,,,,"639400.46",,,,,,""
"2021-04-21","'3132J6WY6'","MBS","FHLMCGLD 3.5% 02/43","30yr",,,,,"639158.37",,,,,,""
"2021-04-21","'31329MKS8'","MBS","UMBS MORTPASS 2.5% 02/32","15yr",,,,,"638988.5",,,,,,""
"2021-04-21","'3140HDPB4'","MBS","UMBS MORTPASS 3% 12/49","30yr",,,,,"638983.54",,,,,,""
"2021-04-21","'36296HMT3'","MBS","GNMA I 4.5% 09/39","30yr",,,,,"638966.19",,,,,,""
"2021-04-21","'3140GNZQ9'","MBS","UMBS MORTPASS 4% 07/49","30yr",,,,,"638382.69",,,,,,""
"2021-04-21","'36178D6X4'","MBS","GNMA I MORTPASS 3% 04/43","30yr",,,,,"637939.05",,,,,,""
"2021-04-21","'3140HHFL4'","MBS","UMBS MORTPASS 3.5% 08/48","30yr",,,,,"637897.44",,,,,,""
"2021-04-21","'3138WEU64'","MBS","UMBS MORTPASS 3.5% 06/45","30yr",,,,,"637871.81",,,,,,""
"2021-04-21","'3140E0V28'","MBS","UMBS MORTPASS 2.5% 08/30","15yr",,,,,"637504.25",,,,,,""
"2021-04-21","'3620AFJY4'","MBS","GNMA I MORTPASS 5% 12/39","30yr",,,,,"637484.66",,,,,,""
"2021-04-21","'3132QPE34'","MBS","FHLMCGLD 3.5% 04/45","30yr",,,,,"637484.12",,,,,,""
"2021-04-21","'3132KFP71'","MBS","FHLMCGLD 2.5% 10/31","15yr",,,,,"637423.13",,,,,,""
"2021-04-21","'3140QD7H1'","MBS","UMBS MORTPASS 2% 07/50","30yr",,,,,"637272.42",,,,,,""
"2021-04-21","'3138WZJ60'","MBS","UMBS MORTPASS 3% 07/28","15yr",,,,,"637168.01",,,,,,""
"2021-04-21","'3138WBW84'","MBS","UMBS MORTPASS 3.5% 05/29","15yr",,,,,"636676.43",,,,,,""
"2021-04-21","'3138WUWX7'","MBS","UMBS MORTPASS 3% 05/43","30yr",,,,,"636545.16",,,,,,""
"2021-04-21","'3138WDU82'","MBS","UMBS MORTPASS 3% 01/30","15yr",,,,,"636470.43",,,,,,""
"2021-04-21","'3138YACM5'","MBS","UMBS MORTPASS 3% 04/45","30yr",,,,,"636425.71",,,,,,""
"2021-04-21","'36181AZS4'","MBS","GNMA I MORTPASS 3% 04/43","30yr",,,,,"636245",,,,,,""
"2021-04-21","'3140HFKX6'","MBS","UMBS MORTPASS 2.5% 02/45","30yr",,,,,"636219.31",,,,,,""
"2021-04-21","'31417CPB5'","MBS","UMBS MORTPASS 2% 08/27","15yr",,,,,"636085.46",,,,,,""
"2021-04-21","'3131X8QC3'","MBS","UMBS MORTPASS 2.5% 12/27","15yr",,,,,"636025.72",,,,,,""
"2021-04-21","'36297JCF9'","MBS","GNMA I 4.5% 04/39","30yr",,,,,"635912.13",,,,,,""
"2021-04-21","'3132M9A87'","MBS","FHLMCGLD 3.5% 09/44","30yr",,,,,"635671.7",,,,,,""
"2021-04-21","'3140FAQS4'","MBS","UMBS MORTPASS 2.5% 10/31","15yr",,,,,"635660.79",,,,,,""
"2021-04-21","'31307UGB8'","MBS","FHLMCGLD 2.5% 08/32","15yr",,,,,"635465.48",,,,,,""
"2021-04-21","'3133LPR74'","MBS","UMBS MORTPASS 3% 09/29","Other",,,,,"635460.76",,,,,,""
"2021-04-21","'3138ED5A5'","MBS","UMBS MORTPASS 2.5% 04/27","15yr",,,,,"635370.71",,,,,,""
"2021-04-21","'3132J9RA8'","MBS","FHLMCGLD 3.5% 05/43","30yr",,,,,"635367.75",,,,,,""
"2021-04-21","'36179EH92'","MBS","GNMA I MORTPASS 3% 01/43","30yr",,,,,"635343.4",,,,,,""
"2021-04-21","'3138WCZ22'","MBS","UMBS MORTPASS 3% 10/29","15yr",,,,,"635303.61",,,,,,""
"2021-04-21","'31307MT48'","MBS","FHLMCGLD 3% 04/30","15yr",,,,,"635257.76",,,,,,""
"2021-04-21","'3138YVZX0'","MBS","UMBS MORTPASS 3% 07/30","15yr",,,,,"635232.7",,,,,,""
"2021-04-21","'3138XRL56'","MBS","UMBS MORTPASS 4% 08/44","30yr",,,,,"634885.52",,,,,,""
"2021-04-21","'3140JM3G5'","MBS","UMBS MORTPASS 3% 02/34","15yr",,,,,"634623.96",,,,,,""
"2021-04-21","'3138NYH32'","MBS","UMBS MORTPASS 3.5% 12/42","30yr",,,,,"634410.67",,,,,,""
"2021-04-21","'3138AVCM5'","MBS","UMBS MORTPASS 3% 01/27","15yr",,,,,"634123.59",,,,,,""
"2021-04-21","'3138WFRS7'","MBS","UMBS MORTPASS 2.5% 10/30","15yr",,,,,"633735.56",,,,,,""
"2021-04-21","'3138WJKA5'","MBS","UMBS MORTPASS 2.5% 11/31","15yr",,,,,"633326.05",,,,,,""
"2021-04-21","'31418DFA5'","MBS","UMBS MORTPASS 2.5% 08/29","Other",,,,,"633231.67",,,,,,""
"2021-04-21","'3138ED5G2'","MBS","UMBS MORTPASS 3% 04/27","15yr",,,,,"632969.5",,,,,,""
"2021-04-21","'3132M7XP8'","MBS","FHLMCGLD 3.5% 07/44","30yr",,,,,"632880.04",,,,,,""
"2021-04-21","'31307MGB6'","MBS","FHLMCGLD 2.5% 04/30","15yr",,,,,"632574.76",,,,,,""
"2021-04-21","'31417GXW1'","MBS","UMBS MORTPASS 2.5% 06/23","Other",,,,,"632361.46",,,,,,""
"2021-04-21","'31334YTD9'","MBS","UMBS MORTPASS 3% 09/49","30yr",,,,,"632215.76",,,,,,""
"2021-04-21","'3138MJA33'","MBS","UMBS MORTPASS 3% 10/27","15yr",,,,,"632176.56",,,,,,""
"2021-04-21","'3620AJKP3'","MBS","GNMA I 4.5% 12/39","30yr",,,,,"631917.66",,,,,,""
"2021-04-21","'3138WEMK2'","MBS","UMBS MORTPASS 2.5% 04/30","15yr",,,,,"631876.43",,,,,,""
"2021-04-21","'3132WHD28'","MBS","FHLMCGLD 3.5% 10/46","30yr",,,,,"631808.48",,,,,,""
"2021-04-21","'3138WBL45'","MBS","UMBS MORTPASS 3% 04/29","15yr",,,,,"631706.93",,,,,,""
"2021-04-21","'3140GYN21'","MBS","UMBS MORTPASS 4% 11/47","30yr",,,,,"631661.17",,,,,,""
"2021-04-21","'36176P3Y0'","MBS","GNMA I 3.5% 06/42","30yr",,,,,"631605.54",,,,,,""
"2021-04-21","'3140F4A48'","MBS","UMBS MORTPASS 3% 08/46","30yr",,,,,"631555.52",,,,,,""
"2021-04-21","'3138W62R6'","MBS","UMBS MORTPASS 3% 03/43","30yr",,,,,"631268.65",,,,,,""
"2021-04-21","'36295VMN6'","MBS","GNMA I MORTPASS 5% 10/39","30yr",,,,,"631054.56",,,,,,""
"2021-04-21","'31307LZ76'","MBS","FHLMCGLD 2.5% 02/30","15yr",,,,,"630839.01",,,,,,""
"2021-04-21","'3132A9T56'","MBS","UMBS MORTPASS 2.5% 10/32","15yr",,,,,"630678.02",,,,,,""
"2021-04-21","'3138WTHT6'","MBS","UMBS MORTPASS 3% 06/28","15yr",,,,,"630676.72",,,,,,""
"2021-04-21","'3138YMTX7'","MBS","UMBS MORTPASS 3.5% 08/45","30yr",,,,,"630647.39",,,,,,""
"2021-04-21","'3138YXLU7'","MBS","UMBS MORTPASS 3.5% 09/30","15yr",,,,,"630637.25",,,,,,""
"2021-04-21","'31418CRH9'","MBS","UMBS MORTPASS 2.5% 11/32","15yr",,,,,"630456.38",,,,,,""
"2021-04-21","'3140E1SC8'","MBS","UMBS MORTPASS 4% 09/45","30yr",,,,,"630251.32",,,,,,""
"2021-04-21","'3138WW5L9'","MBS","UMBS MORTPASS 3% 07/28","15yr",,,,,"629549.78",,,,,,""
"2021-04-21","'3138EN5V7'","MBS","UMBS MORTPASS 2% 01/25","Other",,,,,"629472.3",,,,,,""
"2021-04-21","'3132WL4K9'","MBS","FHLMCGLD 3% 03/47","30yr",,,,,"629331.12",,,,,,""
"2021-04-21","'3138NYQB4'","MBS","UMBS MORTPASS 2.5% 02/28","15yr",,,,,"629191.18",,,,,,""
"2021-04-21","'3138X6E68'","MBS","UMBS MORTPASS 3.5% 01/29","15yr",,,,,"629148.39",,,,,,""
"2021-04-21","'3138WXYR2'","MBS","UMBS MORTPASS 3% 07/31","15yr",,,,,"629060.69",,,,,,""
"2021-04-21","'3140E2TE1'","MBS","UMBS MORTPASS 2.5% 11/30","15yr",,,,,"628685.06",,,,,,""
"2021-04-21","'3138X5FU6'","MBS","UMBS MORTPASS 3% 04/29","15yr",,,,,"628157.81",,,,,,""
"2021-04-21","'3138Y7D82'","MBS","UMBS MORTPASS 3% 06/46","30yr",,,,,"628116",,,,,,""
"2021-04-21","'3140F9U78'","MBS","UMBS MORTPASS 3.5% 12/31","15yr",,,,,"627765.8",,,,,,""
"2021-04-21","'31307NLE2'","MBS","FHLMCGLD 2.5% 07/30","15yr",,,,,"627639.6",,,,,,""
"2021-04-21","'3131YBLX4'","MBS","UMBS MORTPASS 3.5% 04/49","30yr",,,,,"627566.22",,,,,,""
"2021-04-21","'3138X0QR2'","MBS","UMBS MORTPASS 2.5% 07/28","15yr",,,,,"627461.64",,,,,,""
"2021-04-21","'3131Y1M80'","MBS","UMBS MORTPASS 4% 05/48","30yr",,,,,"627438.93",,,,,,""
"2021-04-21","'3138X8ZZ7'","MBS","UMBS MORTPASS 3.5% 11/28","15yr",,,,,"627273.69",,,,,,""
"2021-04-21","'3138WBPQ2'","MBS","UMBS MORTPASS 3% 04/29","15yr",,,,,"627108.99",,,,,,""
"2021-04-21","'3140GXMD0'","MBS","UMBS MORTPASS 2.5% 10/32","15yr",,,,,"627080.17",,,,,,""
"2021-04-21","'31417GST4'","MBS","UMBS MORTPASS 2.5% 06/28","15yr",,,,,"627078.38",,,,,,""
"2021-04-21","'36180DPK7'","MBS","GNMA I 3.5% 02/43","30yr",,,,,"626510.2",,,,,,""
"2021-04-21","'3140H4PY4'","MBS","UMBS MORTPASS 3.5% 11/47","30yr",,,,,"626319.85",,,,,,""
"2021-04-21","'31329QVY4'","MBS","UMBS MORTPASS 4.5% 03/49","30yr",,,,,"626289.06",,,,,,""
"2021-04-21","'3131Y0SE3'","MBS","UMBS MORTPASS 4% 03/48","30yr",,,,,"626037",,,,,,""
"2021-04-21","'31417GPH3'","MBS","UMBS MORTPASS 2.5% 05/28","15yr",,,,,"626001.03",,,,,,""
"2021-04-21","'3131X7LQ9'","MBS","UMBS MORTPASS 3% 03/27","15yr",,,,,"625965.33",,,,,,""
"2021-04-21","'3140H5YL9'","MBS","UMBS MORTPASS 3% 01/33","15yr",,,,,"625845.53",,,,,,""
"2021-04-21","'3140E6GB2'","MBS","UMBS MORTPASS 4% 10/45","30yr",,,,,"625813.19",,,,,,""
"2021-04-21","'3140FBUQ1'","MBS","UMBS MORTPASS 3% 09/31","15yr",,,,,"625742.17",,,,,,""
"2021-04-21","'3140JHMX8'","MBS","UMBS MORTPASS 4% 11/48","30yr",,,,,"625655",,,,,,""
"2021-04-21","'3140K55L7'","MBS","UMBS MORTPASS 3% 12/39","Other",,,,,"625650.55",,,,,,""
"2021-04-21","'3140FSUA9'","MBS","UMBS MORTPASS 3% 04/32","15yr",,,,,"625550.15",,,,,,""
"2021-04-21","'3129344T6'","MBS","FHLMCGLD 4% 08/39","30yr",,,,,"625125.07",,,,,,""
"2021-04-21","'3140JPAP0'","MBS","UMBS MORTPASS 3% 03/34","15yr",,,,,"624994.95",,,,,,""
"2021-04-21","'3131Y9RU9'","MBS","UMBS MORTPASS 4.5% 02/49","30yr",,,,,"624822.84",,,,,,""
"2021-04-21","'36297KMM0'","MBS","GNMA I 4.5% 05/39","30yr",,,,,"624781.99",,,,,,""
"2021-04-21","'31307HW45'","MBS","FHLMCGLD 3.5% 07/29","15yr",,,,,"624710.66",,,,,,""
"2021-04-21","'36178QLE0'","MBS","GNMA I MORTPASS 3% 03/43","30yr",,,,,"624285.58",,,,,,""
"2021-04-21","'3138Y7QC9'","MBS","UMBS MORTPASS 3.5% 11/44","30yr",,,,,"623848.55",,,,,,""
"2021-04-21","'36297BEE7'","MBS","GNMA I 4.5% 04/39","30yr",,,,,"623320.22",,,,,,""
"2021-04-21","'31416XKE9'","MBS","UMBS MORTPASS 4% 01/41","30yr",,,,,"623317.21",,,,,,""
"2021-04-21","'3140JX5A2'","MBS","UMBS MORTPASS 3.5% 12/49","30yr",,,,,"623240.56",,,,,,""
"2021-04-21","'36297HJR0'","MBS","GNMA I MORTPASS 5% 05/39","30yr",,,,,"623163.44",,,,,,""
"2021-04-21","'3140H9HV8'","MBS","UMBS MORTPASS 3% 11/33","15yr",,,,,"623071.36",,,,,,""
"2021-04-21","'3140F2MU1'","MBS","UMBS MORTPASS 2% 04/26","Other",,,,,"622996.28",,,,,,""
"2021-04-21","'3138WJC97'","MBS","UMBS MORTPASS 2.5% 10/31","15yr",,,,,"622845.51",,,,,,""
"2021-04-21","'3131Y9GR8'","MBS","UMBS MORTPASS 4% 01/49","30yr",,,,,"622677.28",,,,,,""
"2021-04-21","'3138MJAW9'","MBS","UMBS MORTPASS 3% 10/27","15yr",,,,,"622566.88",,,,,,""
"2021-04-21","'3140JMZ62'","MBS","UMBS MORTPASS 3.5% 01/49","30yr",,,,,"622331.36",,,,,,""
"2021-04-21","'3620A1ZK7'","MBS","GNMA I 4.5% 06/39","30yr",,,,,"621968.54",,,,,,""
"2021-04-21","'3620A7KM6'","MBS","GNMA I MORTPASS 5% 12/39","30yr",,,,,"621876.47",,,,,,""
"2021-04-21","'3132WKMA3'","MBS","FHLMCGLD 4.5% 01/47","30yr",,,,,"621761.59",,,,,,""
"2021-04-21","'31307JN90'","MBS","FHLMCGLD 2.5% 10/29","15yr",,,,,"621496.61",,,,,,""
"2021-04-21","'3138WJVA3'","MBS","UMBS MORTPASS 2.5% 02/32","15yr",,,,,"621212.9",,,,,,""
"2021-04-21","'3140QERV6'","MBS","UMBS MORTPASS 2% 08/50","30yr",,,,,"621183.6",,,,,,""
"2021-04-21","'36177YB88'","MBS","GNMA I 3.5% 05/42","30yr",,,,,"621123.34",,,,,,""
"2021-04-21","'3138MKLC8'","MBS","UMBS MORTPASS 3% 02/28","15yr",,,,,"621109.02",,,,,,""
"2021-04-21","'3140E2TC5'","MBS","UMBS MORTPASS 2.5% 11/30","15yr",,,,,"620951.69",,,,,,""
"2021-04-21","'3131Y92R3'","MBS","UMBS MORTPASS 4% 02/49","30yr",,,,,"620910.33",,,,,,""
"2021-04-21","'3138WFCZ7'","MBS","UMBS MORTPASS 2% 07/25","Other",,,,,"620655.43",,,,,,""
"2021-04-21","'3138AVRL1'","MBS","UMBS MORTPASS 3.5% 10/26","15yr",,,,,"620484.41",,,,,,""
"2021-04-21","'3133L7RL3'","MBS","UMBS MORTPASS 3% 12/33","15yr",,,,,"620290.21",,,,,,""
"2021-04-21","'3138M4M41'","MBS","UMBS MORTPASS 3% 08/27","15yr",,,,,"620204.39",,,,,,""
"2021-04-21","'3138W45Y3'","MBS","UMBS MORTPASS 3% 02/43","30yr",,,,,"620187.43",,,,,,""
"2021-04-21","'3138MGR56'","MBS","UMBS MORTPASS 2.5% 10/27","15yr",,,,,"619999.86",,,,,,""
"2021-04-21","'3620A9FN6'","MBS","GNMA I MORTPASS 5% 09/39","30yr",,,,,"619869.24",,,,,,""
"2021-04-21","'31417UES0'","MBS","UMBS MORTPASS 5% 05/40","30yr",,,,,"619799.92",,,,,,""
"2021-04-21","'3138X5KL0'","MBS","UMBS MORTPASS 3.5% 10/28","15yr",,,,,"619779.89",,,,,,""
"2021-04-21","'3140X5HT3'","MBS","UMBS MORTPASS 4% 10/49","30yr",,,,,"619485.37",,,,,,""
"2021-04-21","'3140F7MA4'","MBS","UMBS MORTPASS 3% 06/46","30yr",,,,,"619456.86",,,,,,""
"2021-04-21","'3140GSTG7'","MBS","UMBS MORTPASS 3% 11/47","30yr",,,,,"619183.04",,,,,,""
"2021-04-21","'3132QPLE2'","MBS","FHLMCGLD 3% 04/45","30yr",,,,,"619104.54",,,,,,""
"2021-04-21","'3128PVDJ6'","MBS","FHLMCGLD 4% 05/26","15yr",,,,,"619095.64",,,,,,""
"2021-04-21","'3138ERJD3'","MBS","UMBS MORTPASS 3.5% 08/31","15yr",,,,,"619066.2",,,,,,""
"2021-04-21","'3140K1D78'","MBS","UMBS MORTPASS 2.5% 09/49","30yr",,,,,"618882.29",,,,,,""
"2021-04-21","'31307GY86'","MBS","FHLMCGLD 3% 04/29","15yr",,,,,"618846.65",,,,,,""
"2021-04-21","'3131X7G36'","MBS","UMBS MORTPASS 3% 01/27","15yr",,,,,"618772.84",,,,,,""
"2021-04-21","'3138M3QH0'","MBS","UMBS MORTPASS 2.5% 07/27","15yr",,,,,"618234.75",,,,,,""
"2021-04-21","'3138XFAS4'","MBS","UMBS MORTPASS 3% 12/28","15yr",,,,,"618202.87",,,,,,""
"2021-04-21","'31417B2G1'","MBS","UMBS MORTPASS 3% 06/27","15yr",,,,,"618197.69",,,,,,""
"2021-04-21","'3132A7LK5'","MBS","UMBS MORTPASS 2.5% 01/28","15yr",,,,,"617896.67",,,,,,""
"2021-04-21","'3138Y9M47'","MBS","UMBS MORTPASS 3% 01/45","30yr",,,,,"617840.56",,,,,,""
"2021-04-21","'3131Y0D25'","MBS","UMBS MORTPASS 3.5% 02/48","30yr",,,,,"617609.38",,,,,,""
"2021-04-21","'31307GFL8'","MBS","FHLMCGLD 3% 02/29","15yr",,,,,"617499.95",,,,,,""
"2021-04-21","'3131X8M60'","MBS","UMBS MORTPASS 2.5% 01/28","15yr",,,,,"617243.79",,,,,,""
"2021-04-21","'3620A7KN4'","MBS","GNMA I MORTPASS 5% 02/40","30yr",,,,,"617235.99",,,,,,""
"2021-04-21","'3138WYCL7'","MBS","UMBS MORTPASS 2.5% 06/28","15yr",,,,,"617188.46",,,,,,""
"2021-04-21","'3128P7NS8'","MBS","FHLMCGLD 4% 05/30","Other",,,,,"617112.21",,,,,,""
"2021-04-21","'3131X76J2'","MBS","UMBS MORTPASS 3% 09/27","15yr",,,,,"616877.8",,,,,,""
"2021-04-21","'3140QC6C5'","MBS","UMBS MORTPASS 4% 02/47","30yr",,,,,"616441.9",,,,,,""
"2021-04-21","'312930T59'","MBS","FHLMCGLD 6.5% 01/39","30yr",,,,,"616194.37",,,,,,""
"2021-04-21","'3138XEVV7'","MBS","UMBS MORTPASS 4% 03/44","30yr",,,,,"616193.74",,,,,,""
"2021-04-21","'36295R4Z8'","MBS","GNMA I MORTPASS 4% 09/39","30yr",,,,,"615957.16",,,,,,""
"2021-04-21","'3140JNFH8'","MBS","UMBS MORTPASS 4.5% 02/49","30yr",,,,,"615878.84",,,,,,""
"2021-04-21","'3140K3ZN5'","MBS","UMBS MORTPASS 3% 02/35","15yr",,,,,"615800.62",,,,,,""
"2021-04-21","'3140FR5L5'","MBS","UMBS MORTPASS 3.5% 04/32","15yr",,,,,"615787.44",,,,,,""
"2021-04-21","'3140H93L5'","MBS","UMBS MORTPASS 3.5% 06/44","30yr",,,,,"615489.47",,,,,,""
"2021-04-21","'36297BFM8'","MBS","GNMA I MORTPASS 5% 11/39","30yr",,,,,"615418.47",,,,,,""
"2021-04-21","'31307HN52'","MBS","FHLMCGLD 3.5% 06/29","15yr",,,,,"615260.81",,,,,,""
"2021-04-21","'3138XEG93'","MBS","UMBS MORTPASS 3% 12/28","15yr",,,,,"615229.62",,,,,,""
"2021-04-21","'3133KG4U9'","MBS","UMBS MORTPASS 4% 11/49","30yr",,,,,"615212.72",,,,,,""
"2021-04-21","'3132A9NK9'","MBS","UMBS MORTPASS 2% 08/28","15yr",,,,,"615096.28",,,,,,""
"2021-04-21","'3138WP2T0'","MBS","UMBS MORTPASS 2.5% 06/28","15yr",,,,,"615027.75",,,,,,""
"2021-04-21","'31307GSC4'","MBS","FHLMCGLD 3% 03/29","15yr",,,,,"615026.99",,,,,,""
"2021-04-21","'31371NLH6'","MBS","UMBS MORTPASS 6% 10/27","Other",,,,,"614966.63",,,,,,""
"2021-04-21","'3138WVKW0'","MBS","UMBS MORTPASS 3.5% 05/43","30yr",,,,,"614917.88",,,,,,""
"2021-04-21","'31307BCN8'","MBS","FHLMCGLD 3% 03/28","15yr",,,,,"614782.41",,,,,,""
"2021-04-21","'3133A1CF7'","MBS","UMBS MORTPASS 3% 01/50","30yr",,,,,"614438.85",,,,,,""
"2021-04-21","'3140E9LJ3'","MBS","UMBS MORTPASS 3.5% 12/45","30yr",,,,,"614382.46",,,,,,""
"2021-04-21","'3138Y7EJ7'","MBS","UMBS MORTPASS 2% 08/31","15yr",,,,,"613861.34",,,,,,""
"2021-04-21","'3140JKZ33'","MBS","UMBS MORTPASS 3% 02/34","15yr",,,,,"613575.15",,,,,,""
"2021-04-21","'3140L3UP4'","MBS","UMBS MORTPASS 2% 03/36","15yr",,,,,"613336",,,,,,""
"2021-04-21","'3133A1BN1'","MBS","UMBS MORTPASS 4% 01/50","30yr",,,,,"613256.38",,,,,,""
"2021-04-21","'3132J8EP1'","MBS","FHLMCGLD 3.5% 03/43","30yr",,,,,"612968.88",,,,,,""
"2021-04-21","'3132HQFS6'","MBS","FHLMCGLD 3% 12/42","30yr",,,,,"612956.44",,,,,,""
"2021-04-21","'3138Y1DM4'","MBS","UMBS MORTPASS 3.5% 08/29","15yr",,,,,"612953.98",,,,,,""
"2021-04-21","'3132JMJP5'","MBS","FHLMCGLD 3.5% 07/43","30yr",,,,,"612909.48",,,,,,""
"2021-04-21","'3138WGZP2'","MBS","UMBS MORTPASS 2.5% 04/31","15yr",,,,,"612885.78",,,,,,""
"2021-04-21","'36297BAV3'","MBS","GNMA I 4.5% 03/39","30yr",,,,,"612732.06",,,,,,""
"2021-04-21","'3133A3KL1'","MBS","UMBS MORTPASS 3% 03/50","30yr",,,,,"612707.91",,,,,,""
"2021-04-21","'3140JPKG9'","MBS","UMBS MORTPASS 4% 05/49","30yr",,,,,"612297.45",,,,,,""
"2021-04-21","'3140HPC70'","MBS","UMBS MORTPASS 3% 01/34","15yr",,,,,"612012.2",,,,,,""
"2021-04-21","'312939RP8'","MBS","FHLMCGLD 5% 03/40","30yr",,,,,"611956.9",,,,,,""
"2021-04-21","'3138ELFF5'","MBS","UMBS MORTPASS 3% 03/28","15yr",,,,,"611876.91",,,,,,""
"2021-04-21","'3132M43Z6'","MBS","FHLMCGLD 3.5% 02/44","30yr",,,,,"611722.84",,,,,,""
"2021-04-21","'3620A5XF1'","MBS","GNMA I 4.5% 08/39","30yr",,,,,"611525.82",,,,,,""
"2021-04-21","'3131X7JT6'","MBS","UMBS MORTPASS 3% 02/27","15yr",,,,,"611278.79",,,,,,""
"2021-04-21","'3140Q8V51'","MBS","UMBS MORTPASS 3.5% 02/48","30yr",,,,,"610942.64",,,,,,""
"2021-04-21","'36295MDW6'","MBS","GNMA I 4.5% 04/39","30yr",,,,,"610795.06",,,,,,""
"2021-04-21","'36202D4L2'","MBS","GNMA II MORTPASS 4% 02/34","30yr",,,,,"610763.79",,,,,,""
"2021-04-21","'31417GRR9'","MBS","UMBS MORTPASS 2.5% 05/23","Other",,,,,"610736.51",,,,,,""
"2021-04-21","'3138M9ZC8'","MBS","UMBS MORTPASS 2.5% 08/42","30yr",,,,,"610571.09",,,,,,""
"2021-04-21","'31416XRR3'","MBS","UMBS MORTPASS 3% 02/26","15yr",,,,,"610545.74",,,,,,""
"2021-04-21","'3138EL6Z1'","MBS","UMBS MORTPASS 4% 11/43","30yr",,,,,"610222.7",,,,,,""
"2021-04-21","'36180UNW5'","MBS","GNMA I MORTPASS 3% 06/43","30yr",,,,,"610192.86",,,,,,""
"2021-04-21","'3140J5MY2'","MBS","UMBS MORTPASS 3% 05/32","15yr",,,,,"610139.38",,,,,,""
"2021-04-21","'3132M4HF5'","MBS","FHLMCGLD 3.5% 01/44","30yr",,,,,"610041.1",,,,,,""
"2021-04-21","'3132XV4U4'","MBS","FHLMCGLD 3% 01/48","30yr",,,,,"609983.81",,,,,,""
"2021-04-21","'36181A3U4'","MBS","GNMA I 3.5% 06/43","30yr",,,,,"609919.98",,,,,,""
"2021-04-21","'36179ATB2'","MBS","GNMA I MORTPASS 3% 06/43","30yr",,,,,"609863.78",,,,,,""
"2021-04-21","'3131X8JQ0'","MBS","UMBS MORTPASS 2.5% 12/27","15yr",,,,,"609833.96",,,,,,""
"2021-04-21","'31307VTV8'","MBS","FHLMCGLD 4% 03/33","15yr",,,,,"609774.33",,,,,,""
"2021-04-21","'36297BFW6'","MBS","GNMA I 4.5% 12/39","30yr",,,,,"609769.07",,,,,,""
"2021-04-21","'31307UAB4'","MBS","FHLMCGLD 2.5% 06/32","15yr",,,,,"609703.73",,,,,,""
"2021-04-21","'36181BPE4'","MBS","GNMA I MORTPASS 3% 07/43","30yr",,,,,"609638.68",,,,,,""
"2021-04-21","'3138LVHW6'","MBS","UMBS MORTPASS 3% 10/42","30yr",,,,,"609611.59",,,,,,""
"2021-04-21","'31334XFY0'","MBS","UMBS MORTPASS 3% 07/49","30yr",,,,,"609534.89",,,,,,""
"2021-04-21","'31307KAT7'","MBS","FHLMCGLD 3.5% 11/29","15yr",,,,,"609424.52",,,,,,""
"2021-04-21","'3138W4XX4'","MBS","UMBS MORTPASS 2.5% 01/28","15yr",,,,,"609363.39",,,,,,""
"2021-04-21","'3138YBS53'","MBS","UMBS MORTPASS 2.5% 02/30","15yr",,,,,"609324.75",,,,,,""
"2021-04-21","'3133LPSR9'","MBS","UMBS MORTPASS 2% 06/30","Other",,,,,"609318.48",,,,,,""
"2021-04-21","'3620AU7F5'","MBS","GNMA I MORTPASS 4% 11/41","30yr",,,,,"609303.56",,,,,,""
"2021-04-21","'31307UKM9'","MBS","FHLMCGLD 2.5% 08/32","15yr",,,,,"609291.1",,,,,,""
"2021-04-21","'31307MX27'","MBS","FHLMCGLD 2.5% 05/30","15yr",,,,,"609133.16",,,,,,""
"2021-04-21","'3138W3CF8'","MBS","UMBS MORTPASS 3% 02/43","30yr",,,,,"609017.25",,,,,,""
"2021-04-21","'3140HJYJ4'","MBS","UMBS MORTPASS 4% 08/48","30yr",,,,,"608929.66",,,,,,""
"2021-04-21","'3138W9SB7'","MBS","UMBS MORTPASS 2.5% 08/43","30yr",,,,,"608888.01",,,,,,""
"2021-04-21","'3138WB2G9'","MBS","UMBS MORTPASS 2.5% 06/29","15yr",,,,,"608840.89",,,,,,""
"2021-04-21","'3138WZE65'","MBS","UMBS MORTPASS 3.5% 08/43","30yr",,,,,"608717.07",,,,,,""
"2021-04-21","'3138WEMH9'","MBS","UMBS MORTPASS 2.5% 05/30","15yr",,,,,"608691.22",,,,,,""
"2021-04-21","'31374CPL4'","MBS","UMBS MORTPASS 3% 12/27","15yr",,,,,"608565.79",,,,,,""
"2021-04-21","'36297KM32'","MBS","GNMA I MORTPASS 4% 06/39","30yr",,,,,"608519.55",,,,,,""
"2021-04-21","'3620AK6Y7'","MBS","GNMA I MORTPASS 5% 02/40","30yr",,,,,"608467.84",,,,,,""
"2021-04-21","'31307LQ50'","MBS","FHLMCGLD 2.5% 01/30","15yr",,,,,"608136.98",,,,,,""
"2021-04-21","'3138EQA93'","MBS","UMBS MORTPASS 3.5% 08/45","30yr",,,,,"607829.5",,,,,,""
"2021-04-21","'3132A86D6'","MBS","UMBS MORTPASS 3% 02/32","15yr",,,,,"607740.02",,,,,,""
"2021-04-21","'36177TMK0'","MBS","GNMA I MORTPASS 3% 09/42","30yr",,,,,"607728.96",,,,,,""
"2021-04-21","'36296YZ62'","MBS","GNMA I MORTPASS 5% 10/39","30yr",,,,,"607587.24",,,,,,""
"2021-04-21","'3131XDMV4'","MBS","UMBS MORTPASS 3% 04/33","15yr",,,,,"607421.63",,,,,,""
"2021-04-21","'3138Y7ER9'","MBS","UMBS MORTPASS 2.5% 08/31","15yr",,,,,"607281.43",,,,,,""
"2021-04-21","'3140QBPV4'","MBS","UMBS MORTPASS 4.5% 08/49","30yr",,,,,"607279.22",,,,,,""
"2021-04-21","'31307WPH1'","MBS","FHLMCGLD 3% 08/33","15yr",,,,,"606946.22",,,,,,""
"2021-04-21","'36177TKX4'","MBS","GNMA I 3.5% 06/42","30yr",,,,,"606496.49",,,,,,""
"2021-04-21","'3140HAQF0'","MBS","UMBS MORTPASS 3% 03/33","15yr",,,,,"606286.38",,,,,,""
"2021-04-21","'3138MKL95'","MBS","UMBS MORTPASS 2.5% 06/28","15yr",,,,,"605960.73",,,,,,""
"2021-04-21","'3140FLPT9'","MBS","UMBS MORTPASS 2.5% 10/31","15yr",,,,,"605803.01",,,,,,""
"2021-04-21","'312939UH2'","MBS","FHLMCGLD 4.5% 03/40","30yr",,,,,"605759.69",,,,,,""
"2021-04-21","'3140JYPR1'","MBS","UMBS MORTPASS 2.5% 08/34","15yr",,,,,"605414.69",,,,,,""
"2021-04-21","'3138MGSA4'","MBS","UMBS MORTPASS 3% 12/42","30yr",,,,,"605019.26",,,,,,""
"2021-04-21","'3133LPRY5'","MBS","UMBS MORTPASS 3% 07/29","Other",,,,,"605000.29",,,,,,""
"2021-04-21","'3140H5M99'","MBS","UMBS MORTPASS 3.5% 02/48","30yr",,,,,"604856.63",,,,,,""
"2021-04-21","'3140QF5E5'","MBS","UMBS MORTPASS 2.5% 12/50","30yr",,,,,"604829.79",,,,,,""
"2021-04-21","'3132A9RE9'","MBS","UMBS MORTPASS 3% 10/30","15yr",,,,,"604825.45",,,,,,""
"2021-04-21","'3138XR6M6'","MBS","UMBS MORTPASS 3.5% 10/44","30yr",,,,,"604698.5",,,,,,""
"2021-04-21","'3138WJKB3'","MBS","UMBS MORTPASS 2.5% 11/31","15yr",,,,,"604686.1",,,,,,""
"2021-04-21","'3138X3GH9'","MBS","UMBS MORTPASS 2.5% 08/28","15yr",,,,,"604620.12",,,,,,""
"2021-04-21","'3138WRQY9'","MBS","UMBS MORTPASS 2% 04/28","15yr",,,,,"604553.49",,,,,,""
"2021-04-21","'3138XYED2'","MBS","UMBS MORTPASS 4% 10/44","30yr",,,,,"604456.58",,,,,,""
"2021-04-21","'3138WB2L8'","MBS","UMBS MORTPASS 3% 06/29","15yr",,,,,"604399.58",,,,,,""
"2021-04-21","'3138YF5V2'","MBS","UMBS MORTPASS 3.5% 03/45","30yr",,,,,"604289.33",,,,,,""
"2021-04-21","'31417GY26'","MBS","UMBS MORTPASS 2.5% 06/28","15yr",,,,,"604022.02",,,,,,""
"2021-04-21","'3140FLMZ8'","MBS","UMBS MORTPASS 3.5% 12/31","15yr",,,,,"603913.78",,,,,,""
"2021-04-21","'36179TJV8'","MBS","GNMA II 2.5% 10/47","30yr",,,,,"603733.18",,,,,,""
"2021-04-21","'31416YUX4'","MBS","UMBS MORTPASS 3% 07/26","15yr",,,,,"603359.36",,,,,,""
"2021-04-21","'3140JYPZ3'","MBS","UMBS MORTPASS 4% 10/49","30yr",,,,,"603324.63",,,,,,""
"2021-04-21","'3133KKUW7'","MBS","UMBS MORTPASS 2.5% 12/50","30yr",,,,,"603298.29",,,,,,""
"2021-04-21","'36177MPE6'","MBS","GNMA I 3.5% 02/42","30yr",,,,,"603056.35",,,,,,""
"2021-04-21","'3138WBH40'","MBS","UMBS MORTPASS 2.5% 03/24","Other",,,,,"602835.3",,,,,,""
"2021-04-21","'3138WZJQ6'","MBS","UMBS MORTPASS 3% 06/28","15yr",,,,,"602675.24",,,,,,""
"2021-04-21","'3132A73Z2'","MBS","UMBS MORTPASS 3% 03/25","Other",,,,,"602478.93",,,,,,""
"2021-04-21","'36178GUA0'","MBS","GNMA I MORTPASS 3% 09/42","30yr",,,,,"602322.93",,,,,,""
"2021-04-21","'3132WJ2Z3'","MBS","FHLMCGLD 3.5% 01/47","30yr",,,,,"602240.47",,,,,,""
"2021-04-21","'31307G4Q9'","MBS","FHLMCGLD 3% 05/29","15yr",,,,,"601999.83",,,,,,""
"2021-04-21","'36177PDH5'","MBS","GNMA I 3.5% 04/42","30yr",,,,,"601934.59",,,,,,""
"2021-04-21","'3132J6X74'","MBS","FHLMCGLD 3.5% 02/43","30yr",,,,,"601843.33",,,,,,""
"2021-04-21","'3132KFAD4'","MBS","FHLMCGLD 2.5% 09/30","15yr",,,,,"601795.76",,,,,,""
"2021-04-21","'3131Y26B9'","MBS","UMBS MORTPASS 4% 09/48","30yr",,,,,"601783.11",,,,,,""
"2021-04-21","'3138XPYY3'","MBS","UMBS MORTPASS 3.5% 02/44","30yr",,,,,"601704.34",,,,,,""
"2021-04-21","'3620AVAJ1'","MBS","GNMA I MORTPASS 3% 06/42","30yr",,,,,"601665.74",,,,,,""
"2021-04-21","'3140H5MM0'","MBS","UMBS MORTPASS 2.5% 01/33","15yr",,,,,"601502.31",,,,,,""
"2021-04-21","'3138XUCG5'","MBS","UMBS MORTPASS 3% 06/29","15yr",,,,,"601453.85",,,,,,""
"2021-04-21","'3132J8KA7'","MBS","FHLMCGLD 3% 04/43","30yr",,,,,"601298.52",,,,,,""
"2021-04-21","'3140QF4G1'","MBS","UMBS MORTPASS 2.5% 12/50","30yr",,,,,"600925.23",,,,,,""
"2021-04-21","'36180HJ66'","MBS","GNMA I MORTPASS 4% 09/43","30yr",,,,,"600820.68",,,,,,""
"2021-04-21","'3138ARBU7'","MBS","UMBS MORTPASS 3% 10/26","15yr",,,,,"600807.08",,,,,,""
"2021-04-21","'3140H7DZ7'","MBS","UMBS MORTPASS 3% 03/33","15yr",,,,,"600680.93",,,,,,""
"2021-04-21","'3138X4SY7'","MBS","UMBS MORTPASS 2.5% 10/28","15yr",,,,,"600657.15",,,,,,""
"2021-04-21","'31307QRS8'","MBS","FHLMCGLD 2.5% 04/31","15yr",,,,,"600413.34",,,,,,""
"2021-04-21","'31307NYJ7'","MBS","FHLMCGLD 2.5% 08/30","15yr",,,,,"600377.27",,,,,,""
"2021-04-21","'3131X8SQ0'","MBS","UMBS MORTPASS 2.5% 02/23","Other",,,,,"600226.15",,,,,,""
"2021-04-21","'3138MLH49'","MBS","UMBS MORTPASS 3.5% 11/42","30yr",,,,,"600169.42",,,,,,""
"2021-04-21","'3138X3UK6'","MBS","UMBS MORTPASS 3% 07/28","15yr",,,,,"599963.41",,,,,,""
"2021-04-21","'3132XVEW9'","MBS","FHLMCGLD 3% 12/47","30yr",,,,,"599955.33",,,,,,""
"2021-04-21","'3138EKHD0'","MBS","UMBS MORTPASS 3% 10/27","15yr",,,,,"599890.61",,,,,,""
"2021-04-21","'3138MFE60'","MBS","UMBS MORTPASS 2% 10/27","15yr",,,,,"599747.44",,,,,,""
"2021-04-21","'3140E5XZ2'","MBS","UMBS MORTPASS 3% 10/30","15yr",,,,,"599718.43",,,,,,""
"2021-04-21","'3132A7WD9'","MBS","UMBS MORTPASS 2.5% 05/28","15yr",,,,,"599697.72",,,,,,""
"2021-04-21","'36296LMX5'","MBS","GNMA I MORTPASS 4% 03/39","30yr",,,,,"599407.53",,,,,,""
"2021-04-21","'36176H2C7'","MBS","GNMA I MORTPASS 3% 08/42","30yr",,,,,"599115.26",,,,,,""
"2021-04-21","'31417DT94'","MBS","UMBS MORTPASS 2.5% 11/27","15yr",,,,,"598975.64",,,,,,""
"2021-04-21","'3132QRES5'","MBS","FHLMCGLD 3.5% 07/45","30yr",,,,,"598973.18",,,,,,""
"2021-04-21","'3140HGRA7'","MBS","UMBS MORTPASS 3.5% 03/48","30yr",,,,,"598719.49",,,,,,""
"2021-04-21","'31418DLD2'","MBS","UMBS MORTPASS 2% 12/29","Other",,,,,"598666.16",,,,,,""
"2021-04-21","'3138YVFR5'","MBS","UMBS MORTPASS 3% 03/30","15yr",,,,,"598611.64",,,,,,""
"2021-04-21","'3133KHN69'","MBS","UMBS MORTPASS 4% 01/48","30yr",,,,,"598415.94",,,,,,""
"2021-04-21","'3138WUNA7'","MBS","UMBS MORTPASS 2% 05/28","15yr",,,,,"598094.9",,,,,,""
"2021-04-21","'3138XR2X6'","MBS","UMBS MORTPASS 3% 06/29","15yr",,,,,"598072.62",,,,,,""
"2021-04-21","'3138M84G5'","MBS","UMBS MORTPASS 2.5% 08/27","15yr",,,,,"598031.36",,,,,,""
"2021-04-21","'36176U5Z4'","MBS","GNMA I MORTPASS 3% 04/43","30yr",,,,,"597856.09",,,,,,""
"2021-04-21","'31307MRW8'","MBS","FHLMCGLD 2.5% 04/30","15yr",,,,,"597818.99",,,,,,""
"2021-04-21","'3140F8KV8'","MBS","UMBS MORTPASS 3% 06/46","30yr",,,,,"597623.36",,,,,,""
"2021-04-21","'3140KDMP2'","MBS","UMBS MORTPASS 2% 05/35","15yr",,,,,"597550.71",,,,,,""
"2021-04-21","'3138LTYC6'","MBS","UMBS MORTPASS 3% 05/27","15yr",,,,,"597466.53",,,,,,""
"2021-04-21","'3140FE6B5'","MBS","UMBS MORTPASS 4% 04/47","30yr",,,,,"597190.22",,,,,,""
"2021-04-21","'31417C5P6'","MBS","UMBS MORTPASS 2.5% 09/22","Other",,,,,"597126.32",,,,,,""
"2021-04-21","'3138W42B6'","MBS","UMBS MORTPASS 2.5% 04/28","15yr",,,,,"597075.07",,,,,,""
"2021-04-21","'31417D5D1'","MBS","UMBS MORTPASS 2.5% 12/27","15yr",,,,,"597072.7",,,,,,""
"2021-04-21","'3140J9HU8'","MBS","UMBS MORTPASS 2% 11/27","Other",,,,,"597016.26",,,,,,""
"2021-04-21","'36297FJK9'","MBS","GNMA I 4.5% 08/39","30yr",,,,,"596865.06",,,,,,""
"2021-04-21","'3132DV5U5'","MBS","UMBS MORTPASS 4.5% 04/50","30yr",,,,,"596817.89",,,,,,""
"2021-04-21","'3133A4HW9'","MBS","UMBS MORTPASS 3% 04/50","30yr",,,,,"596573.25",,,,,,""
"2021-04-21","'31417CPF6'","MBS","UMBS MORTPASS 2% 08/27","15yr",,,,,"596529.08",,,,,,""
"2021-04-21","'3138X9XS3'","MBS","UMBS MORTPASS 3% 02/29","15yr",,,,,"596395.57",,,,,,""
"2021-04-21","'31418B6M3'","MBS","UMBS MORTPASS 2.5% 07/31","15yr",,,,,"596120.53",,,,,,""
"2021-04-21","'3133KJL67'","MBS","UMBS MORTPASS 2% 07/50","30yr",,,,,"596064.12",,,,,,""
"2021-04-21","'3138MPCX1'","MBS","UMBS MORTPASS 2.5% 12/27","15yr",,,,,"595648.04",,,,,,""
"2021-04-21","'31307SXT5'","MBS","FHLMCGLD 3% 01/32","15yr",,,,,"595609.88",,,,,,""
"2021-04-21","'36180CYN3'","MBS","GNMA I MORTPASS 3% 01/43","30yr",,,,,"595583.52",,,,,,""
"2021-04-21","'31307AQL9'","MBS","FHLMCGLD 3% 02/28","15yr",,,,,"595518.71",,,,,,""
"2021-04-21","'3138X7XB4'","MBS","UMBS MORTPASS 3% 09/28","15yr",,,,,"594950.77",,,,,,""
"2021-04-21","'36295CKT7'","MBS","GNMA I 3.5% 09/43","30yr",,,,,"594576.18",,,,,,""
"2021-04-21","'31418A6V5'","MBS","UMBS MORTPASS 3% 02/24","Other",,,,,"594472.79",,,,,,""
"2021-04-21","'36177VCA8'","MBS","GNMA I 3.5% 04/42","30yr",,,,,"594439.54",,,,,,""
"2021-04-21","'3138MD6M9'","MBS","UMBS MORTPASS 3% 10/27","15yr",,,,,"594346.68",,,,,,""
"2021-04-21","'3140F1WK4'","MBS","UMBS MORTPASS 3% 06/31","15yr",,,,,"594228.19",,,,,,""
"2021-04-21","'3140H3AA4'","MBS","UMBS MORTPASS 4.5% 11/47","30yr",,,,,"593985.79",,,,,,""
"2021-04-21","'3131X7Q76'","MBS","UMBS MORTPASS 2.5% 04/22","Other",,,,,"593961.02",,,,,,""
"2021-04-21","'3132M4RV9'","MBS","FHLMCGLD 3.5% 01/44","30yr",,,,,"593957.6",,,,,,""
"2021-04-21","'3138MBA48'","MBS","UMBS MORTPASS 3% 08/42","30yr",,,,,"593535.39",,,,,,""
"2021-04-21","'3140FLAY4'","MBS","UMBS MORTPASS 3% 10/31","15yr",,,,,"593468.27",,,,,,""
"2021-04-21","'3138ET5G7'","MBS","UMBS MORTPASS 3.5% 08/46","30yr",,,,,"593423.37",,,,,,""
"2021-04-21","'31307JKS1'","MBS","FHLMCGLD 2.5% 09/29","15yr",,,,,"593143.77",,,,,,""
"2021-04-21","'3138EPL51'","MBS","UMBS MORTPASS 2% 01/29","15yr",,,,,"592912.49",,,,,,""
"2021-04-21","'36180UEG0'","MBS","GNMA I MORTPASS 3% 04/43","30yr",,,,,"592828.7",,,,,,""
"2021-04-21","'3132J75L2'","MBS","FHLMCGLD 4% 02/43","30yr",,,,,"592824.39",,,,,,""
"2021-04-21","'3132A74G3'","MBS","UMBS MORTPASS 3% 09/27","15yr",,,,,"592821.67",,,,,,""
"2021-04-21","'3140Q9ZK2'","MBS","UMBS MORTPASS 3% 07/33","15yr",,,,,"592821.32",,,,,,""
"2021-04-21","'3138A9MW1'","MBS","UMBS MORTPASS 4% 03/41","30yr",,,,,"592496.13",,,,,,""
"2021-04-21","'3140GTUR9'","MBS","UMBS MORTPASS 2.5% 08/32","15yr",,,,,"592435.21",,,,,,""
"2021-04-21","'3133G6T47'","MBS","UMBS MORTPASS 2% 09/34","15yr",,,,,"592351.71",,,,,,""
"2021-04-21","'3138Y7CT7'","MBS","UMBS MORTPASS 2.5% 10/30","15yr",,,,,"592280.79",,,,,,""
"2021-04-21","'3138XZ5B3'","MBS","UMBS MORTPASS 3% 07/29","15yr",,,,,"592259.93",,,,,,""
"2021-04-21","'3140F9UR4'","MBS","UMBS MORTPASS 2% 12/31","15yr",,,,,"592076.81",,,,,,""
"2021-04-21","'31418CGV0'","MBS","UMBS MORTPASS 2.5% 02/37","Other",,,,,"591794.94",,,,,,""
"2021-04-21","'3620A7N50'","MBS","GNMA I MORTPASS 5% 08/39","30yr",,,,,"591750.57",,,,,,""
"2021-04-21","'31307PF61'","MBS","FHLMCGLD 2.5% 10/30","15yr",,,,,"591422.43",,,,,,""
"2021-04-21","'3138ERW55'","MBS","UMBS MORTPASS 2.5% 10/30","15yr",,,,,"591410.31",,,,,,""
"2021-04-21","'36297BEH0'","MBS","GNMA I MORTPASS 4% 04/39","30yr",,,,,"591100.77",,,,,,""
"2021-04-21","'31307G2Z1'","MBS","FHLMCGLD 3% 04/29","15yr",,,,,"591070.55",,,,,,""
"2021-04-21","'36297KMW8'","MBS","GNMA I 4.5% 06/39","30yr",,,,,"590972.81",,,,,,""
"2021-04-21","'36296UG20'","MBS","GNMA I MORTPASS 5% 04/39","30yr",,,,,"590761.42",,,,,,""
"2021-04-21","'3138WTAC0'","MBS","UMBS MORTPASS 3% 06/28","15yr",,,,,"590711.76",,,,,,""
"2021-04-21","'36178GQ23'","MBS","GNMA I MORTPASS 3% 09/42","30yr",,,,,"590698.85",,,,,,""
"2021-04-21","'3138YHU73'","MBS","UMBS MORTPASS 3% 05/45","30yr",,,,,"590560.71",,,,,,""
"2021-04-21","'3140JHLY7'","MBS","UMBS MORTPASS 3.5% 03/49","30yr",,,,,"590545.06",,,,,,""
"2021-04-21","'3138LUZV0'","MBS","UMBS MORTPASS 3% 05/27","15yr",,,,,"590467.98",,,,,,""
"2021-04-21","'3138WAEW3'","MBS","UMBS MORTPASS 2% 11/23","Other",,,,,"590363.6",,,,,,""
"2021-04-21","'3140K2VD3'","MBS","UMBS MORTPASS 2% 10/34","15yr",,,,,"590274.84",,,,,,""
"2021-04-21","'31334YZV2'","MBS","UMBS MORTPASS 4.5% 09/49","30yr",,,,,"590062.48",,,,,,""
"2021-04-21","'3138X1ZX7'","MBS","UMBS MORTPASS 3.5% 07/43","30yr",,,,,"589967.94",,,,,,""
"2021-04-21","'31307UMR6'","MBS","FHLMCGLD 3.5% 09/32","15yr",,,,,"589909.52",,,,,,""
"2021-04-21","'31307LXR4'","MBS","FHLMCGLD 2.5% 02/30","15yr",,,,,"589770.92",,,,,,""
"2021-04-21","'3131X8KP0'","MBS","UMBS MORTPASS 2.5% 12/27","15yr",,,,,"589768.56",,,,,,""
"2021-04-21","'36176QQF4'","MBS","GNMA I 3.5% 04/42","30yr",,,,,"589768.02",,,,,,""
"2021-04-21","'3140J8YA5'","MBS","UMBS MORTPASS 3% 02/30","15yr",,,,,"589613.02",,,,,,""
"2021-04-21","'3138X6WT8'","MBS","UMBS MORTPASS 2.5% 10/28","15yr",,,,,"589524.9",,,,,,""
"2021-04-21","'3138YRNF1'","MBS","UMBS MORTPASS 3.5% 06/45","30yr",,,,,"589515.8",,,,,,""
"2021-04-21","'36297JN91'","MBS","GNMA I MORTPASS 4% 05/39","30yr",,,,,"589427.92",,,,,,""
"2021-04-21","'31307J3T8'","MBS","FHLMCGLD 3.5% 11/29","15yr",,,,,"589232.13",,,,,,""
"2021-04-21","'3620AAKC1'","MBS","GNMA I 4.5% 10/39","30yr",,,,,"589015.99",,,,,,""
"2021-04-21","'3131XVWA9'","MBS","UMBS MORTPASS 3% 01/47","30yr",,,,,"588979.07",,,,,,""
"2021-04-21","'36178QJR4'","MBS","GNMA I MORTPASS 3% 01/43","30yr",,,,,"588889.66",,,,,,""
"2021-04-21","'3140QGA98'","MBS","UMBS MORTPASS 2.5% 12/50","30yr",,,,,"588864.5",,,,,,""
"2021-04-21","'3140H2KL1'","MBS","UMBS MORTPASS 2.5% 01/33","15yr",,,,,"588616.29",,,,,,""
"2021-04-21","'3131YBWD6'","MBS","UMBS MORTPASS 3% 04/34","15yr",,,,,"588473.5",,,,,,""
"2021-04-21","'3140HJTH4'","MBS","UMBS MORTPASS 3% 05/33","15yr",,,,,"588395.11",,,,,,""
"2021-04-21","'3132A7RY9'","MBS","UMBS MORTPASS 3.5% 10/23","Other",,,,,"588355.14",,,,,,""
"2021-04-21","'3138YGF31'","MBS","UMBS MORTPASS 2.5% 04/30","15yr",,,,,"588221.81",,,,,,""
"2021-04-21","'31417EUR0'","MBS","UMBS MORTPASS 2.5% 02/23","Other",,,,,"588205.92",,,,,,""
"2021-04-21","'31417YPE1'","MBS","UMBS MORTPASS 4.5% 05/25","15yr",,,,,"588163.61",,,,,,""
"2021-04-21","'31417DSH7'","MBS","UMBS MORTPASS 2.5% 11/22","Other",,,,,"587660.86",,,,,,""
"2021-04-21","'3138WTYH3'","MBS","UMBS MORTPASS 2.5% 07/28","15yr",,,,,"587550.45",,,,,,""
"2021-04-21","'3132M5BQ4'","MBS","FHLMCGLD 4% 02/44","30yr",,,,,"587477.71",,,,,,""
"2021-04-21","'3132M3DG9'","MBS","FHLMCGLD 3.5% 11/43","30yr",,,,,"587368.86",,,,,,""
"2021-04-21","'3140J9H79'","MBS","UMBS MORTPASS 2.5% 04/31","15yr",,,,,"587360.32",,,,,,""
"2021-04-21","'3138YRHF8'","MBS","UMBS MORTPASS 2.5% 04/30","15yr",,,,,"587319.13",,,,,,""
"2021-04-21","'3140J8MW0'","MBS","UMBS MORTPASS 2.5% 04/38","Other",,,,,"587269.99",,,,,,""
"2021-04-21","'36176H4U5'","MBS","GNMA I MORTPASS 3% 03/43","30yr",,,,,"587166.78",,,,,,""
"2021-04-21","'36295CF97'","MBS","GNMA I MORTPASS 3% 12/42","30yr",,,,,"587106.08",,,,,,""
"2021-04-21","'3138Y5WU6'","MBS","UMBS MORTPASS 2.5% 12/29","15yr",,,,,"586925.94",,,,,,""
"2021-04-21","'36177RBU4'","MBS","GNMA I 3.5% 01/43","30yr",,,,,"586875.15",,,,,,""
"2021-04-21","'3140HMGP3'","MBS","UMBS MORTPASS 3% 08/33","15yr",,,,,"586391.5",,,,,,""
"2021-04-21","'3140JGHA6'","MBS","UMBS MORTPASS 4% 09/48","30yr",,,,,"586384.8",,,,,,""
"2021-04-21","'31307U4Z8'","MBS","FHLMCGLD 3% 11/32","15yr",,,,,"586338.09",,,,,,""
"2021-04-21","'31417GD37'","MBS","UMBS MORTPASS 2.5% 04/28","15yr",,,,,"586283.21",,,,,,""
"2021-04-21","'3138WQYG1'","MBS","UMBS MORTPASS 3.5% 09/43","30yr",,,,,"586125.09",,,,,,""
"2021-04-21","'31307UEV6'","MBS","FHLMCGLD 2.5% 07/32","15yr",,,,,"586045.23",,,,,,""
"2021-04-21","'31307GS91'","MBS","FHLMCGLD 3% 03/29","15yr",,,,,"586013",,,,,,""
"2021-04-21","'31417D5B5'","MBS","UMBS MORTPASS 2.5% 12/27","15yr",,,,,"585808.02",,,,,,""
"2021-04-21","'3132ACYQ7'","MBS","UMBS MORTPASS 2.5% 09/33","15yr",,,,,"585804.03",,,,,,""
"2021-04-21","'36178EPY9'","MBS","GNMA I 3.5% 10/42","30yr",,,,,"585778.65",,,,,,""
"2021-04-21","'36180HTE8'","MBS","GNMA I MORTPASS 3% 03/43","30yr",,,,,"585498.76",,,,,,""
"2021-04-21","'3131X7VG0'","MBS","UMBS MORTPASS 2.5% 06/22","Other",,,,,"585491.08",,,,,,""
"2021-04-21","'3138X3BM3'","MBS","UMBS MORTPASS 3% 07/28","15yr",,,,,"585458.14",,,,,,""
"2021-04-21","'36297B6N6'","MBS","GNMA I 4.5% 04/39","30yr",,,,,"585381.06",,,,,,""
"2021-04-21","'3140JWKY5'","MBS","UMBS MORTPASS 3.5% 08/49","30yr",,,,,"585102.32",,,,,,""
"2021-04-21","'3138MPCV5'","MBS","UMBS MORTPASS 2.5% 12/27","15yr",,,,,"585063.25",,,,,,""
"2021-04-21","'3620A8U27'","MBS","GNMA I MORTPASS 5% 12/39","30yr",,,,,"584881.42",,,,,,""
"2021-04-21","'3131XDZ99'","MBS","UMBS MORTPASS 3% 09/33","15yr",,,,,"584665.62",,,,,,""
"2021-04-21","'3140HAP61'","MBS","UMBS MORTPASS 3% 02/33","15yr",,,,,"584456.62",,,,,,""
"2021-04-21","'3132M4XH3'","MBS","FHLMCGLD 3.5% 01/44","30yr",,,,,"584394.4",,,,,,""
"2021-04-21","'3140FPBA6'","MBS","UMBS MORTPASS 3.5% 05/32","15yr",,,,,"583889.5",,,,,,""
"2021-04-21","'3140JHFQ1'","MBS","UMBS MORTPASS 3.5% 12/48","30yr",,,,,"583583.93",,,,,,""
"2021-04-21","'3138YVZR3'","MBS","UMBS MORTPASS 3% 06/30","15yr",,,,,"583581.02",,,,,,""
"2021-04-21","'3140FDC87'","MBS","UMBS MORTPASS 2.5% 08/31","15yr",,,,,"583503.7",,,,,,""
"2021-04-21","'31417F2D9'","MBS","UMBS MORTPASS 2.5% 04/28","15yr",,,,,"583434.05",,,,,,""
"2021-04-21","'3132QULD3'","MBS","FHLMCGLD 3.5% 11/45","30yr",,,,,"583225.86",,,,,,""
"2021-04-21","'31418CAR5'","MBS","UMBS MORTPASS 3% 08/31","15yr",,,,,"583116.77",,,,,,""
"2021-04-21","'3138WF6N1'","MBS","UMBS MORTPASS 3% 12/30","15yr",,,,,"583036.47",,,,,,""
"2021-04-21","'31307T3V1'","MBS","FHLMCGLD 2.5% 06/32","15yr",,,,,"582880.41",,,,,,""
"2021-04-21","'31307PXJ3'","MBS","FHLMCGLD 2.5% 12/30","15yr",,,,,"582832.76",,,,,,""
"2021-04-21","'31334WF97'","MBS","UMBS MORTPASS 3.5% 06/49","30yr",,,,,"582651.59",,,,,,""
"2021-04-21","'3138W0L64'","MBS","UMBS MORTPASS 2.5% 01/28","15yr",,,,,"582399.8",,,,,,""
"2021-04-21","'3138WFM37'","MBS","UMBS MORTPASS 2.5% 09/30","15yr",,,,,"582361.74",,,,,,""
"2021-04-21","'3132A9S24'","MBS","UMBS MORTPASS 3% 01/32","15yr",,,,,"582296.81",,,,,,""
"2021-04-21","'31407PW95'","MBS","UMBS MORTPASS 5% 10/35","30yr",,,,,"581914.78",,,,,,""
"2021-04-21","'3140HEV58'","MBS","UMBS MORTPASS 3.5% 06/33","15yr",,,,,"581783.98",,,,,,""
"2021-04-21","'31307QR41'","MBS","FHLMCGLD 3% 04/31","15yr",,,,,"581613.73",,,,,,""
"2021-04-21","'31307TAG6'","MBS","FHLMCGLD 2.5% 02/32","15yr",,,,,"581555.45",,,,,,""
"2021-04-21","'3138XMJ68'","MBS","UMBS MORTPASS 4% 02/44","30yr",,,,,"581473.82",,,,,,""
"2021-04-21","'3138YXW35'","MBS","UMBS MORTPASS 3.5% 10/45","30yr",,,,,"581377.32",,,,,,""
"2021-04-21","'3138ELP49'","MBS","UMBS MORTPASS 2% 08/28","15yr",,,,,"581275.01",,,,,,""
"2021-04-21","'3138WHCC4'","MBS","UMBS MORTPASS 2.5% 06/31","15yr",,,,,"581091.71",,,,,,""
"2021-04-21","'3132M3AK3'","MBS","FHLMCGLD 4% 11/43","30yr",,,,,"580871.09",,,,,,""
"2021-04-21","'3132WGY76'","MBS","FHLMCGLD 3% 10/46","30yr",,,,,"580712.53",,,,,,""
"2021-04-21","'31307WG57'","MBS","FHLMCGLD 3% 07/33","15yr",,,,,"580303.6",,,,,,""
"2021-04-21","'3138MFG84'","MBS","UMBS MORTPASS 2.5% 10/42","30yr",,,,,"580241.09",,,,,,""
"2021-04-21","'36297FHW5'","MBS","GNMA I MORTPASS 4% 06/39","30yr",,,,,"580143",,,,,,""
"2021-04-21","'3131Y2HD3'","MBS","UMBS MORTPASS 4% 07/48","30yr",,,,,"580061.75",,,,,,""
"2021-04-21","'3138YYFJ7'","MBS","UMBS MORTPASS 3% 09/30","15yr",,,,,"579856.09",,,,,,""
"2021-04-21","'31307HFN2'","MBS","FHLMCGLD 3% 05/29","15yr",,,,,"579680.37",,,,,,""
"2021-04-21","'3132WHNA9'","MBS","FHLMCGLD 3% 10/46","30yr",,,,,"579203.22",,,,,,""
"2021-04-21","'36177JRT8'","MBS","GNMA I 3.5% 01/42","30yr",,,,,"578855.14",,,,,,""
"2021-04-21","'3140KKUP7'","MBS","UMBS MORTPASS 2.5% 11/50","30yr",,,,,"578839.51",,,,,,""
"2021-04-21","'3138E8ME9'","MBS","UMBS MORTPASS 3% 05/27","15yr",,,,,"578819.41",,,,,,""
"2021-04-21","'3140HMHT4'","MBS","UMBS MORTPASS 3% 09/33","15yr",,,,,"578615.52",,,,,,""
"2021-04-21","'3140KP7H0'","MBS","UMBS MORTPASS 2% 02/51","30yr",,,,,"578502.11",,,,,,""
"2021-04-21","'3132QW4J5'","MBS","FHLMCGLD 4% 04/46","30yr",,,,,"578427.86",,,,,,""
"2021-04-21","'36179BZV9'","MBS","GNMA I 3.5% 12/42","30yr",,,,,"578409.1",,,,,,""
"2021-04-21","'3132WDHA5'","MBS","FHLMCGLD 3% 05/46","30yr",,,,,"578148.05",,,,,,""
"2021-04-21","'31307PCM9'","MBS","FHLMCGLD 2.5% 07/30","15yr",,,,,"578062.97",,,,,,""
"2021-04-21","'36176L3T0'","MBS","GNMA I 3.5% 03/42","30yr",,,,,"578007.95",,,,,,""
"2021-04-21","'3140FGWS4'","MBS","UMBS MORTPASS 2.5% 12/31","15yr",,,,,"577747.75",,,,,,""
"2021-04-21","'3132L77L7'","MBS","FHLMCGLD 3.5% 03/45","30yr",,,,,"577320.03",,,,,,""
"2021-04-21","'3132J6FS8'","MBS","FHLMCGLD 4% 01/43","30yr",,,,,"577294.56",,,,,,""
"2021-04-21","'3140X4WD4'","MBS","UMBS MORTPASS 3.5% 11/48","30yr",,,,,"577231.17",,,,,,""
"2021-04-21","'3138WR7C8'","MBS","UMBS MORTPASS 2.5% 04/28","15yr",,,,,"577229.23",,,,,,""
"2021-04-21","'31307V2F2'","MBS","FHLMCGLD 3% 04/33","15yr",,,,,"576978.53",,,,,,""
"2021-04-21","'3133A2U81'","MBS","UMBS MORTPASS 2.5% 02/50","30yr",,,,,"576875.16",,,,,,""
"2021-04-21","'3138WUM59'","MBS","UMBS MORTPASS 2% 05/28","15yr",,,,,"576673.83",,,,,,""
"2021-04-21","'3140Q9UK7'","MBS","UMBS MORTPASS 4.5% 09/48","30yr",,,,,"576610.13",,,,,,""
"2021-04-21","'3138MLCS1'","MBS","UMBS MORTPASS 2.5% 12/27","15yr",,,,,"576520.47",,,,,,""
"2021-04-21","'3140FSN41'","MBS","UMBS MORTPASS 3.5% 02/32","15yr",,,,,"576505.59",,,,,,""
"2021-04-21","'36295LTQ4'","MBS","GNMA I 4.5% 05/39","30yr",,,,,"576500.18",,,,,,""
"2021-04-21","'3138EKY41'","MBS","UMBS MORTPASS 2.5% 08/23","Other",,,,,"576469.85",,,,,,""
"2021-04-21","'3140HPMN4'","MBS","UMBS MORTPASS 3.5% 08/48","30yr",,,,,"576313.86",,,,,,""
"2021-04-21","'36176YFE2'","MBS","GNMA I 3.5% 11/41","30yr",,,,,"575798.03",,,,,,""
"2021-04-21","'3620ABF76'","MBS","GNMA I MORTPASS 5% 10/39","30yr",,,,,"575786.97",,,,,,""
"2021-04-21","'3140FPGP8'","MBS","UMBS MORTPASS 2.5% 07/32","15yr",,,,,"575778.53",,,,,,""
"2021-04-21","'3140K0ZN1'","MBS","UMBS MORTPASS 3.5% 09/49","30yr",,,,,"575758.35",,,,,,""
"2021-04-21","'36202FP75'","MBS","GNMA II 4.5% 02/41","30yr",,,,,"575701.58",,,,,,""
"2021-04-21","'3138E7H64'","MBS","UMBS MORTPASS 3% 04/27","15yr",,,,,"575542.99",,,,,,""
"2021-04-21","'3140EWGQ2'","MBS","UMBS MORTPASS 2.5% 05/31","15yr",,,,,"575404.28",,,,,,""
"2021-04-21","'3140KUEF5'","MBS","UMBS MORTPASS 2.5% 11/50","30yr",,,,,"575327.02",,,,,,""
"2021-04-21","'36296JPV1'","MBS","GNMA I 4.5% 06/39","30yr",,,,,"575196.67",,,,,,""
"2021-04-21","'3620AAM62'","MBS","GNMA I 4.5% 12/39","30yr",,,,,"575065.67",,,,,,""
"2021-04-21","'3138XJ2N6'","MBS","UMBS MORTPASS 3% 08/30","15yr",,,,,"575006.51",,,,,,""
"2021-04-21","'31307TT68'","MBS","FHLMCGLD 2.5% 04/32","15yr",,,,,"574895.73",,,,,,""
"2021-04-21","'3138XERS9'","MBS","UMBS MORTPASS 3% 11/28","15yr",,,,,"574879.97",,,,,,""
"2021-04-21","'3132J8TV2'","MBS","FHLMCGLD 3% 04/43","30yr",,,,,"574793.97",,,,,,""
"2021-04-21","'3620AUNT7'","MBS","GNMA I MORTPASS 3% 10/42","30yr",,,,,"574786.78",,,,,,""
"2021-04-21","'3138W9ZQ6'","MBS","UMBS MORTPASS 3% 10/28","15yr",,,,,"574024.71",,,,,,""
"2021-04-21","'3128MB3H8'","MBS","FHLMCGLD 4.5% 05/23","15yr",,,,,"573939.18",,,,,,""
"2021-04-21","'3138XVDV9'","MBS","UMBS MORTPASS 3% 05/29","15yr",,,,,"573905.51",,,,,,""
"2021-04-21","'36180HUH9'","MBS","GNMA I MORTPASS 3% 04/43","30yr",,,,,"573737.09",,,,,,""
"2021-04-21","'3140JK7J9'","MBS","UMBS MORTPASS 4% 12/48","30yr",,,,,"573577.12",,,,,,""
"2021-04-21","'3138WWV71'","MBS","UMBS MORTPASS 2.5% 06/28","15yr",,,,,"573317.64",,,,,,""
"2021-04-21","'36295CGA3'","MBS","GNMA I MORTPASS 3% 12/42","30yr",,,,,"573108.97",,,,,,""
"2021-04-21","'3140JXWT1'","MBS","UMBS MORTPASS 3.5% 08/49","30yr",,,,,"572991.63",,,,,,""
"2021-04-21","'36179N2H0'","MBS","GNMA II MORTPASS 3% 02/44","30yr",,,,,"572840.88",,,,,,""
"2021-04-21","'31307PLH0'","MBS","FHLMCGLD 2.5% 10/30","15yr",,,,,"572840.11",,,,,,""
"2021-04-21","'31307RX91'","MBS","FHLMCGLD 2% 09/31","15yr",,,,,"572756.51",,,,,,""
"2021-04-21","'31307PSV2'","MBS","FHLMCGLD 2.5% 11/30","15yr",,,,,"572746.44",,,,,,""
"2021-04-21","'3140FVQR0'","MBS","UMBS MORTPASS 3% 03/32","15yr",,,,,"572712.61",,,,,,""
"2021-04-21","'31417EV73'","MBS","UMBS MORTPASS 3% 02/28","15yr",,,,,"572712",,,,,,""
"2021-04-21","'3620A7J63'","MBS","GNMA I 4.5% 11/39","30yr",,,,,"572483.18",,,,,,""
"2021-04-21","'36176H6P4'","MBS","GNMA I 3.5% 09/43","30yr",,,,,"571725.29",,,,,,""
"2021-04-21","'3138XLX64'","MBS","UMBS MORTPASS 3% 01/29","15yr",,,,,"571571.97",,,,,,""
"2021-04-21","'3133KGP51'","MBS","UMBS MORTPASS 3% 09/49","30yr",,,,,"571560.24",,,,,,""
"2021-04-21","'3133KYTV1'","MBS","UMBS MORTPASS 2% 06/40","Other",,,,,"571320.93",,,,,,""
"2021-04-21","'31417C6X8'","MBS","UMBS MORTPASS 2.5% 09/27","15yr",,,,,"571286.25",,,,,,""
"2021-04-21","'31307L4W5'","MBS","FHLMCGLD 3% 02/30","15yr",,,,,"570633.33",,,,,,""
"2021-04-21","'31417DHU0'","MBS","UMBS MORTPASS 2.5% 10/22","Other",,,,,"570632.08",,,,,,""
"2021-04-21","'31418ADS4'","MBS","UMBS MORTPASS 2.5% 03/22","Other",,,,,"570587.82",,,,,,""
"2021-04-21","'3140JXJL3'","MBS","UMBS MORTPASS 3.5% 09/49","30yr",,,,,"570464.96",,,,,,""
"2021-04-21","'3140JQR62'","MBS","UMBS MORTPASS 2.5% 08/34","15yr",,,,,"570385.78",,,,,,""
"2021-04-21","'31307QUZ8'","MBS","FHLMCGLD 3.5% 04/31","15yr",,,,,"570257.54",,,,,,""
"2021-04-21","'36176QPM0'","MBS","GNMA I 3.5% 03/42","30yr",,,,,"570055.49",,,,,,""
"2021-04-21","'3138WCSC8'","MBS","UMBS MORTPASS 2.5% 09/29","15yr",,,,,"570040.42",,,,,,""
"2021-04-21","'36296QHZ5'","MBS","GNMA I MORTPASS 5% 02/39","30yr",,,,,"569968.29",,,,,,""
"2021-04-21","'36202EDN6'","MBS","GNMA II 4.5% 05/35","30yr",,,,,"569763.14",,,,,,""
"2021-04-21","'3140HJ7D7'","MBS","UMBS MORTPASS 3.5% 06/33","15yr",,,,,"569632.62",,,,,,""
"2021-04-21","'3138X6GQ2'","MBS","UMBS MORTPASS 3.5% 03/29","15yr",,,,,"569582.64",,,,,,""
"2021-04-21","'31417BGX9'","MBS","UMBS MORTPASS 3% 03/32","Other",,,,,"569498.02",,,,,,""
"2021-04-21","'3140X5WD1'","MBS","UMBS MORTPASS 2% 01/32","15yr",,,,,"569302.63",,,,,,""
"2021-04-21","'3132MAHJ3'","MBS","FHLMCGLD 4% 11/44","30yr",,,,,"569288.5",,,,,,""
"2021-04-21","'31307WMG6'","MBS","FHLMCGLD 3.5% 08/33","15yr",,,,,"569231.01",,,,,,""
"2021-04-21","'3140HPYL5'","MBS","UMBS MORTPASS 3.5% 08/48","30yr",,,,,"569197.76",,,,,,""
"2021-04-21","'3132JNUM7'","MBS","FHLMCGLD 3.5% 08/43","30yr",,,,,"569046.92",,,,,,""
"2021-04-21","'3620ADQW5'","MBS","GNMA I 4.5% 10/39","30yr",,,,,"568988.31",,,,,,""
"2021-04-21","'31307WB52'","MBS","FHLMCGLD 3% 05/33","15yr",,,,,"568672.65",,,,,,""
"2021-04-21","'31307M5S1'","MBS","FHLMCGLD 2.5% 05/30","15yr",,,,,"568216.42",,,,,,""
"2021-04-21","'3140JR3J8'","MBS","UMBS MORTPASS 3% 06/49","30yr",,,,,"567885.29",,,,,,""
"2021-04-21","'36181JB44'","MBS","GNMA I MORTPASS 3% 08/43","30yr",,,,,"567634.91",,,,,,""
"2021-04-21","'3138AU4L8'","MBS","UMBS MORTPASS 4% 10/41","30yr",,,,,"567457.73",,,,,,""
"2021-04-21","'31417C6Q3'","MBS","UMBS MORTPASS 2.5% 09/27","15yr",,,,,"567330.48",,,,,,""
"2021-04-21","'36178B3H6'","MBS","GNMA I 3.5% 07/42","30yr",,,,,"567109.13",,,,,,""
"2021-04-21","'3131YAFV7'","MBS","UMBS MORTPASS 4.5% 02/39","Other",,,,,"566859.45",,,,,,""
"2021-04-21","'3138WWV48'","MBS","UMBS MORTPASS 2.5% 06/28","15yr",,,,,"566830.28",,,,,,""
"2021-04-21","'3132HQ2W1'","MBS","FHLMCGLD 3% 01/43","30yr",,,,,"566619.4",,,,,,""
"2021-04-21","'3138WTAF3'","MBS","UMBS MORTPASS 3% 05/28","15yr",,,,,"566585.7",,,,,,""
"2021-04-21","'3140HEGW6'","MBS","UMBS MORTPASS 3% 08/33","15yr",,,,,"566446.31",,,,,,""
"2021-04-21","'3132J8XD7'","MBS","FHLMCGLD 4% 04/43","30yr",,,,,"566333.21",,,,,,""
"2021-04-21","'36177UYH1'","MBS","GNMA I MORTPASS 3% 09/42","30yr",,,,,"566206.9",,,,,,""
"2021-04-21","'3138XJK30'","MBS","UMBS MORTPASS 3.5% 04/44","30yr",,,,,"566205.95",,,,,,""
"2021-04-21","'36180UPF0'","MBS","GNMA I 3.5% 07/43","30yr",,,,,"566014.66",,,,,,""
"2021-04-21","'36176LWG6'","MBS","GNMA I 3.5% 12/41","30yr",,,,,"565873.13",,,,,,""
"2021-04-21","'3138YGRT1'","MBS","UMBS MORTPASS 3% 03/45","30yr",,,,,"565822.27",,,,,,""
"2021-04-21","'31307SU92'","MBS","FHLMCGLD 3% 01/32","15yr",,,,,"565725.62",,,,,,""
"2021-04-21","'3138APER5'","MBS","UMBS MORTPASS 3% 11/27","15yr",,,,,"565634.72",,,,,,""
"2021-04-21","'36179EH27'","MBS","GNMA I MORTPASS 3% 01/43","30yr",,,,,"565431.3",,,,,,""
"2021-04-21","'3138XUC75'","MBS","UMBS MORTPASS 3% 07/29","15yr",,,,,"565190.88",,,,,,""
"2021-04-21","'3138LU4X0'","MBS","UMBS MORTPASS 3% 08/27","15yr",,,,,"564926.71",,,,,,""
"2021-04-21","'3133A3EQ7'","MBS","UMBS MORTPASS 2.5% 02/50","30yr",,,,,"564721.92",,,,,,""
"2021-04-21","'3140KTDP7'","MBS","UMBS MORTPASS 2.5% 11/50","30yr",,,,,"564574.58",,,,,,""
"2021-04-21","'3138MPEG6'","MBS","UMBS MORTPASS 2.5% 11/27","15yr",,,,,"564346.54",,,,,,""
"2021-04-21","'3140F14L3'","MBS","UMBS MORTPASS 3% 05/31","15yr",,,,,"564327.12",,,,,,""
"2021-04-21","'3131Y7QA8'","MBS","UMBS MORTPASS 4.5% 11/48","30yr",,,,,"564322.1",,,,,,""
"2021-04-21","'3138XRSR1'","MBS","UMBS MORTPASS 3% 03/29","15yr",,,,,"564210.99",,,,,,""
"2021-04-21","'31307GGK9'","MBS","FHLMCGLD 3.5% 02/29","15yr",,,,,"564192.67",,,,,,""
"2021-04-21","'31307PJH3'","MBS","FHLMCGLD 2.5% 10/30","15yr",,,,,"564069.44",,,,,,""
"2021-04-21","'3140K2KB9'","MBS","UMBS MORTPASS 3% 10/49","30yr",,,,,"564037.54",,,,,,""
"2021-04-21","'3138XWYW2'","MBS","UMBS MORTPASS 3% 06/29","15yr",,,,,"564035.34",,,,,,""
"2021-04-21","'3138W9MX5'","MBS","UMBS MORTPASS 2.5% 09/23","Other",,,,,"564026.74",,,,,,""
"2021-04-21","'3138M8MP5'","MBS","UMBS MORTPASS 3% 09/27","15yr",,,,,"563984.49",,,,,,""
"2021-04-21","'3128MEKQ3'","MBS","FHLMCGLD 3.5% 07/26","15yr",,,,,"563881.68",,,,,,""
"2021-04-21","'31417NRV5'","MBS","UMBS MORTPASS 4.5% 08/39","30yr",,,,,"563654.17",,,,,,""
"2021-04-21","'3138M8SC8'","MBS","UMBS MORTPASS 2.5% 09/27","15yr",,,,,"563223.14",,,,,,""
"2021-04-21","'3620A7G33'","MBS","GNMA I MORTPASS 5% 12/39","30yr",,,,,"563154.53",,,,,,""
"2021-04-21","'36295CFM8'","MBS","GNMA I 3.5% 10/42","30yr",,,,,"563126.96",,,,,,""
"2021-04-21","'3128P7ST1'","MBS","FHLMCGLD 3% 03/32","Other",,,,,"563126.68",,,,,,""
"2021-04-21","'3140FEV84'","MBS","UMBS MORTPASS 3% 09/31","15yr",,,,,"563087.18",,,,,,""
"2021-04-21","'3138W2XN0'","MBS","UMBS MORTPASS 3.5% 07/28","15yr",,,,,"562977.56",,,,,,""
"2021-04-21","'3138WE5R6'","MBS","UMBS MORTPASS 2.5% 07/30","15yr",,,,,"562733.25",,,,,,""
"2021-04-21","'36297BXQ9'","MBS","GNMA I MORTPASS 5% 02/39","30yr",,,,,"562662.97",,,,,,""
"2021-04-21","'3138WEQE2'","MBS","UMBS MORTPASS 3% 05/30","15yr",,,,,"562392.16",,,,,,""
"2021-04-21","'3138XLNZ1'","MBS","UMBS MORTPASS 3.5% 03/29","15yr",,,,,"562038.87",,,,,,""
"2021-04-21","'31307M5R3'","MBS","FHLMCGLD 2.5% 05/30","15yr",,,,,"561889.44",,,,,,""
"2021-04-21","'3132QNYR4'","MBS","FHLMCGLD 3% 04/45","30yr",,,,,"561770.01",,,,,,""
"2021-04-21","'3140HBZ50'","MBS","UMBS MORTPASS 3% 10/44","30yr",,,,,"561693.01",,,,,,""
"2021-04-21","'31418CED2'","MBS","UMBS MORTPASS 3% 12/31","15yr",,,,,"561365.52",,,,,,""
"2021-04-21","'31416XLV0'","MBS","UMBS MORTPASS 3% 01/26","15yr",,,,,"561189.5",,,,,,""
"2021-04-21","'31307GDP1'","MBS","FHLMCGLD 3% 02/29","15yr",,,,,"561014.2",,,,,,""
"2021-04-21","'36202F3V6'","MBS","GNMA II MORTPASS 3% 02/42","30yr",,,,,"561008.9",,,,,,""
"2021-04-21","'3138M7WL5'","MBS","UMBS MORTPASS 3.5% 08/42","30yr",,,,,"560795.3",,,,,,""
"2021-04-21","'31307G3V9'","MBS","FHLMCGLD 3% 04/29","15yr",,,,,"560783.35",,,,,,""
"2021-04-21","'3131X8DU7'","MBS","UMBS MORTPASS 2.5% 11/27","15yr",,,,,"560643.41",,,,,,""
"2021-04-21","'3138LSYB0'","MBS","UMBS MORTPASS 3% 05/27","15yr",,,,,"560335.34",,,,,,""
"2021-04-21","'3140HATN0'","MBS","UMBS MORTPASS 3% 01/33","15yr",,,,,"560002.55",,,,,,""
"2021-04-21","'3138M4QE5'","MBS","UMBS MORTPASS 3% 07/27","15yr",,,,,"559852.12",,,,,,""
"2021-04-21","'3140HMGE8'","MBS","UMBS MORTPASS 3.5% 07/48","30yr",,,,,"559251.28",,,,,,""
"2021-04-21","'36297BDK4'","MBS","GNMA I MORTPASS 5% 02/39","30yr",,,,,"558854.48",,,,,,""
"2021-04-21","'31307JUC5'","MBS","FHLMCGLD 3.5% 10/29","15yr",,,,,"558607.62",,,,,,""
"2021-04-21","'31307UAL2'","MBS","FHLMCGLD 3.5% 06/32","15yr",,,,,"558467.16",,,,,,""
"2021-04-21","'3131YCYB6'","MBS","UMBS MORTPASS 3.5% 05/49","30yr",,,,,"558446.77",,,,,,""
"2021-04-21","'31418CXX7'","MBS","UMBS MORTPASS 4% 06/33","15yr",,,,,"558204.62",,,,,,""
"2021-04-21","'36292EQU7'","MBS","GNMA I 4.5% 04/39","30yr",,,,,"558199.54",,,,,,""
"2021-04-21","'31307SCR2'","MBS","FHLMCGLD 3.5% 10/31","15yr",,,,,"557842.97",,,,,,""
"2021-04-21","'3132D55K4'","MBS","UMBS MORTPASS 3% 06/35","15yr",,,,,"557747.73",,,,,,""
"2021-04-21","'3132QNFY0'","MBS","FHLMCGLD 3.5% 03/45","30yr",,,,,"557730.2",,,,,,""
"2021-04-21","'3138YE5P8'","MBS","UMBS MORTPASS 3.5% 02/45","30yr",,,,,"557672.83",,,,,,""
"2021-04-21","'3140J5D48'","MBS","UMBS MORTPASS 2.5% 01/27","Other",,,,,"557576.03",,,,,,""
"2021-04-21","'3140X4X43'","MBS","UMBS MORTPASS 4% 02/49","30yr",,,,,"557405.96",,,,,,""
"2021-04-21","'3138ELP31'","MBS","UMBS MORTPASS 2.5% 12/22","Other",,,,,"557382.98",,,,,,""
"2021-04-21","'3140GQBZ8'","MBS","UMBS MORTPASS 3% 08/32","15yr",,,,,"556922.32",,,,,,""
"2021-04-21","'3128KU3K1'","MBS","FHLMCGLD 6% 08/37","30yr",,,,,"556920.48",,,,,,""
"2021-04-21","'3140KFJ55'","MBS","UMBS MORTPASS 1.5% 10/35","15yr",,,,,"556598.96",,,,,,""
"2021-04-21","'3132M6EV8'","MBS","FHLMCGLD 4% 04/44","30yr",,,,,"556527.54",,,,,,""
"2021-04-21","'3138YPBU5'","MBS","UMBS MORTPASS 2.5% 04/30","15yr",,,,,"556360.11",,,,,,""
"2021-04-21","'3138MLCE2'","MBS","UMBS MORTPASS 2.5% 12/27","15yr",,,,,"556243.4",,,,,,""
"2021-04-21","'3138Y9TL2'","MBS","UMBS MORTPASS 3.5% 12/44","30yr",,,,,"556239.08",,,,,,""
"2021-04-21","'3131Y7TD9'","MBS","UMBS MORTPASS 4% 11/48","30yr",,,,,"555989.14",,,,,,""
"2021-04-21","'31307QZQ3'","MBS","FHLMCGLD 2.5% 05/31","15yr",,,,,"555936.3",,,,,,""
"2021-04-21","'31410LW57'","MBS","UMBS MORTPASS 3% 11/29","15yr",,,,,"555827.24",,,,,,""
"2021-04-21","'3138WKTU9'","MBS","UMBS MORTPASS 3% 05/47","30yr",,,,,"555661.53",,,,,,""
"2021-04-21","'3140H5LQ2'","MBS","UMBS MORTPASS 3.5% 12/47","30yr",,,,,"555543.34",,,,,,""
"2021-04-21","'3140E5MK7'","MBS","UMBS MORTPASS 3% 09/30","15yr",,,,,"555540.48",,,,,,""
"2021-04-21","'31418AFW3'","MBS","UMBS MORTPASS 3% 06/22","Other",,,,,"555475.07",,,,,,""
"2021-04-21","'3138YFV43'","MBS","UMBS MORTPASS 3% 01/30","15yr",,,,,"555467.51",,,,,,""
"2021-04-21","'3132MAUG4'","MBS","FHLMCGLD 3.5% 10/44","30yr",,,,,"555129.09",,,,,,""
"2021-04-21","'3132M9DG6'","MBS","FHLMCGLD 3.5% 09/44","30yr",,,,,"554911.31",,,,,,""
"2021-04-21","'3131XDWU5'","MBS","UMBS MORTPASS 3% 08/33","15yr",,,,,"554825.45",,,,,,""
"2021-04-21","'31307NM84'","MBS","FHLMCGLD 3% 07/30","15yr",,,,,"554644.56",,,,,,""
"2021-04-21","'3140K9G86'","MBS","UMBS MORTPASS 2.5% 02/35","15yr",,,,,"554387.61",,,,,,""
"2021-04-21","'31329N6T0'","MBS","UMBS MORTPASS 4% 05/48","30yr",,,,,"554350.35",,,,,,""
"2021-04-21","'3133A1NV0'","MBS","UMBS MORTPASS 3% 01/45","30yr",,,,,"554166.93",,,,,,""
"2021-04-21","'3620ABH58'","MBS","GNMA I 3.5% 05/42","30yr",,,,,"554005.44",,,,,,""
"2021-04-21","'31307GH44'","MBS","FHLMCGLD 3.5% 02/29","15yr",,,,,"553866.25",,,,,,""
"2021-04-21","'36295MDZ9'","MBS","GNMA I 4.5% 04/39","30yr",,,,,"553524.58",,,,,,""
"2021-04-21","'3132A7LM1'","MBS","UMBS MORTPASS 2.5% 11/22","Other",,,,,"553428.95",,,,,,""
"2021-04-21","'36296YZP0'","MBS","GNMA I MORTPASS 5% 09/39","30yr",,,,,"553422.61",,,,,,""
"2021-04-21","'3138WK5B7'","MBS","UMBS MORTPASS 3% 06/32","15yr",,,,,"553394.18",,,,,,""
"2021-04-21","'3138E64G8'","MBS","UMBS MORTPASS 3% 01/27","15yr",,,,,"553208.68",,,,,,""
"2021-04-21","'3140JWVV9'","MBS","UMBS MORTPASS 3% 07/49","30yr",,,,,"553093.57",,,,,,""
"2021-04-21","'3131X7QH4'","MBS","UMBS MORTPASS 3% 04/27","15yr",,,,,"553074.07",,,,,,""
"2021-04-21","'3138XSDG9'","MBS","UMBS MORTPASS 4% 03/44","30yr",,,,,"552934.63",,,,,,""
"2021-04-21","'3140HAQY9'","MBS","UMBS MORTPASS 3.5% 03/33","15yr",,,,,"552739.65",,,,,,""
"2021-04-21","'3140JNDR8'","MBS","UMBS MORTPASS 4% 01/49","30yr",,,,,"552061.87",,,,,,""
"2021-04-21","'3138EMZQ7'","MBS","UMBS MORTPASS 2.5% 10/28","15yr",,,,,"552042.4",,,,,,""
"2021-04-21","'3140HNV66'","MBS","UMBS MORTPASS 4.5% 01/49","30yr",,,,,"552005.61",,,,,,""
"2021-04-21","'3138E7TV6'","MBS","UMBS MORTPASS 3% 02/27","15yr",,,,,"551935.09",,,,,,""
"2021-04-21","'3138WU4M2'","MBS","UMBS MORTPASS 3% 06/28","15yr",,,,,"551847.91",,,,,,""
"2021-04-21","'31307SG56'","MBS","FHLMCGLD 2.5% 11/31","15yr",,,,,"551773.81",,,,,,""
"2021-04-21","'3128MMT78'","MBS","FHLMCGLD 3.5% 10/30","15yr",,,,,"551772.3",,,,,,""
"2021-04-21","'36179F7B5'","MBS","GNMA I MORTPASS 3% 02/43","30yr",,,,,"551591.12",,,,,,""
"2021-04-21","'3132M5E40'","MBS","FHLMCGLD 4% 02/44","30yr",,,,,"551529.06",,,,,,""
"2021-04-21","'3140E8NX2'","MBS","UMBS MORTPASS 2.5% 02/31","15yr",,,,,"551507.48",,,,,,""
"2021-04-21","'36178TQM1'","MBS","GNMA I 3.5% 02/43","30yr",,,,,"551293.16",,,,,,""
"2021-04-21","'3138WJDN5'","MBS","UMBS MORTPASS 2.5% 10/31","15yr",,,,,"551254.2",,,,,,""
"2021-04-21","'31418DB76'","MBS","UMBS MORTPASS 4% 05/39","Other",,,,,"551171.35",,,,,,""
"2021-04-21","'3138MGX42'","MBS","UMBS MORTPASS 3% 11/27","15yr",,,,,"551101.63",,,,,,""
"2021-04-21","'3140HG2S5'","MBS","UMBS MORTPASS 3.5% 03/33","15yr",,,,,"551073.26",,,,,,""
"2021-04-21","'3140GQEL6'","MBS","UMBS MORTPASS 3% 02/33","15yr",,,,,"551034.98",,,,,,""
"2021-04-21","'3131X7FY9'","MBS","UMBS MORTPASS 2.5% 12/26","15yr",,,,,"550897.52",,,,,,""
"2021-04-21","'3138M7PX7'","MBS","UMBS MORTPASS 2.5% 08/27","15yr",,,,,"550808.44",,,,,,""
"2021-04-21","'3132J8GC8'","MBS","FHLMCGLD 3% 04/43","30yr",,,,,"550688.43",,,,,,""
"2021-04-21","'3131X8YK6'","MBS","UMBS MORTPASS 2.5% 03/23","Other",,,,,"550568.02",,,,,,""
"2021-04-21","'3140E65R9'","MBS","UMBS MORTPASS 3.5% 11/30","15yr",,,,,"550546.48",,,,,,""
"2021-04-21","'3140JKZN9'","MBS","UMBS MORTPASS 3.5% 02/49","30yr",,,,,"550543.99",,,,,,""
"2021-04-21","'36177QBP7'","MBS","GNMA I MORTPASS 3% 08/43","30yr",,,,,"550440.84",,,,,,""
"2021-04-21","'3131X6GT1'","MBS","UMBS MORTPASS 3% 01/26","15yr",,,,,"550415.24",,,,,,""
"2021-04-21","'3138LYX36'","MBS","UMBS MORTPASS 2.5% 10/27","15yr",,,,,"550121.28",,,,,,""
"2021-04-21","'3140FDA63'","MBS","UMBS MORTPASS 2.5% 11/31","15yr",,,,,"549449.24",,,,,,""
"2021-04-21","'3132GRSU6'","MBS","FHLMCGLD 4% 03/42","30yr",,,,,"549426.51",,,,,,""
"2021-04-21","'3140HL4H6'","MBS","UMBS MORTPASS 3% 07/33","15yr",,,,,"549371.31",,,,,,""
"2021-04-21","'3138MB2V7'","MBS","UMBS MORTPASS 2.5% 09/27","15yr",,,,,"549270.34",,,,,,""
"2021-04-21","'31307WUH5'","MBS","FHLMCGLD 3.5% 09/33","15yr",,,,,"549198.65",,,,,,""
"2021-04-21","'36297GS84'","MBS","GNMA I MORTPASS 3% 04/42","30yr",,,,,"548937.69",,,,,,""
"2021-04-21","'3140HEE81'","MBS","UMBS MORTPASS 3.5% 04/48","30yr",,,,,"548882.14",,,,,,""
"2021-04-21","'3132QNYS2'","MBS","FHLMCGLD 3% 04/45","30yr",,,,,"548714.65",,,,,,""
"2021-04-21","'3138LRMF6'","MBS","UMBS MORTPASS 2.5% 07/27","15yr",,,,,"548401.41",,,,,,""
"2021-04-21","'3138WZQN5'","MBS","UMBS MORTPASS 3% 06/28","15yr",,,,,"548370.2",,,,,,""
"2021-04-21","'3131X76K9'","MBS","UMBS MORTPASS 3% 09/27","15yr",,,,,"548323.77",,,,,,""
"2021-04-21","'31329QTR2'","MBS","UMBS MORTPASS 4% 05/39","Other",,,,,"548312.61",,,,,,""
"2021-04-21","'31307YPC8'","MBS","FHLMCGLD 3.5% 03/34","15yr",,,,,"548286.06",,,,,,""
"2021-04-21","'36178RSC5'","MBS","GNMA I 3.5% 11/42","30yr",,,,,"548202.1",,,,,,""
"2021-04-21","'31307MST4'","MBS","FHLMCGLD 3% 04/30","15yr",,,,,"548114.4",,,,,,""
"2021-04-21","'3138Y9ZK7'","MBS","UMBS MORTPASS 3% 02/45","30yr",,,,,"548082.29",,,,,,""
"2021-04-21","'31307GG86'","MBS","FHLMCGLD 3.5% 02/29","15yr",,,,,"547953.38",,,,,,""
"2021-04-21","'3138EL3J0'","MBS","UMBS MORTPASS 3% 08/28","15yr",,,,,"547927.7",,,,,,""
"2021-04-21","'3133GBFC3'","MBS","UMBS MORTPASS 1.5% 12/35","15yr",,,,,"547609.61",,,,,,""
"2021-04-21","'3140X87E1'","MBS","UMBS MORTPASS 2% 12/50","30yr",,,,,"547464.98",,,,,,""
"2021-04-21","'31329LAN2'","MBS","UMBS MORTPASS 3% 04/27","15yr",,,,,"547375.88",,,,,,""
"2021-04-21","'31307PFJ3'","MBS","FHLMCGLD 2.5% 08/30","15yr",,,,,"547191.08",,,,,,""
"2021-04-21","'3138YLK26'","MBS","UMBS MORTPASS 3.5% 04/45","30yr",,,,,"547024.41",,,,,,""
"2021-04-21","'3138Y2UW1'","MBS","UMBS MORTPASS 3% 10/29","15yr",,,,,"546989.17",,,,,,""
"2021-04-21","'3138NY2H7'","MBS","UMBS MORTPASS 3% 01/43","30yr",,,,,"546828.47",,,,,,""
"2021-04-21","'3138Y5TV8'","MBS","UMBS MORTPASS 3% 09/29","15yr",,,,,"546746.72",,,,,,""
"2021-04-21","'3620A57J2'","MBS","GNMA I 4.5% 06/39","30yr",,,,,"546039.45",,,,,,""
"2021-04-21","'3140JG2Z7'","MBS","UMBS MORTPASS 3.5% 09/49","30yr",,,,,"545916.66",,,,,,""
"2021-04-21","'3133D3GM1'","MBS","UMBS MORTPASS 2.5% 03/40","Other",,,,,"545898.06",,,,,,""
"2021-04-21","'3140JXSG4'","MBS","UMBS MORTPASS 3% 10/34","15yr",,,,,"545829.96",,,,,,""
"2021-04-21","'3140EX6H1'","MBS","UMBS MORTPASS 3% 01/46","30yr",,,,,"545802.63",,,,,,""
"2021-04-21","'3132QML66'","MBS","FHLMCGLD 3% 02/45","30yr",,,,,"545755.91",,,,,,""
"2021-04-21","'3140H6US6'","MBS","UMBS MORTPASS 3% 04/33","15yr",,,,,"545634.27",,,,,,""
"2021-04-21","'3131Y8FN0'","MBS","UMBS MORTPASS 4.5% 12/48","30yr",,,,,"545565.31",,,,,,""
"2021-04-21","'36295MCK3'","MBS","GNMA I MORTPASS 5% 11/39","30yr",,,,,"545353.34",,,,,,""
"2021-04-21","'31307GT90'","MBS","FHLMCGLD 3.5% 03/29","15yr",,,,,"545166.69",,,,,,""
"2021-04-21","'3140FUX60'","MBS","UMBS MORTPASS 3% 07/32","15yr",,,,,"544997.6",,,,,,""
"2021-04-21","'36180HJ82'","MBS","GNMA I MORTPASS 4% 09/43","30yr",,,,,"544810.15",,,,,,""
"2021-04-21","'3131XDMF9'","MBS","UMBS MORTPASS 3% 03/33","15yr",,,,,"544781.65",,,,,,""
"2021-04-21","'3138WH6F4'","MBS","UMBS MORTPASS 2.5% 10/26","Other",,,,,"544765.62",,,,,,""
"2021-04-21","'3140HLTF3'","MBS","UMBS MORTPASS 4% 06/48","30yr",,,,,"544729.02",,,,,,""
"2021-04-21","'3140JGN92'","MBS","UMBS MORTPASS 3.5% 10/33","15yr",,,,,"544649.66",,,,,,""
"2021-04-21","'3132QUU35'","MBS","FHLMCGLD 3.5% 12/45","30yr",,,,,"544621.54",,,,,,""
"2021-04-21","'3620AJEB1'","MBS","GNMA I MORTPASS 5% 02/40","30yr",,,,,"544580.13",,,,,,""
"2021-04-21","'3138YPR53'","MBS","UMBS MORTPASS 2.5% 04/30","15yr",,,,,"544509.82",,,,,,""
"2021-04-21","'3132WHLU7'","MBS","FHLMCGLD 3% 10/46","30yr",,,,,"544453.22",,,,,,""
"2021-04-21","'3133G6A88'","MBS","UMBS MORTPASS 3% 06/34","15yr",,,,,"544235.02",,,,,,""
"2021-04-21","'3140GSU83'","MBS","UMBS MORTPASS 3.5% 02/48","30yr",,,,,"544233.97",,,,,,""
"2021-04-21","'3138X5EK9'","MBS","UMBS MORTPASS 3% 08/28","15yr",,,,,"544126.1",,,,,,""
"2021-04-21","'3131YDG40'","MBS","UMBS MORTPASS 3% 06/34","15yr",,,,,"544120.27",,,,,,""
"2021-04-21","'3140K04M7'","MBS","UMBS MORTPASS 3% 11/49","30yr",,,,,"544086.6",,,,,,""
"2021-04-21","'3138XPYX5'","MBS","UMBS MORTPASS 3.5% 01/44","30yr",,,,,"544068.6",,,,,,""
"2021-04-21","'36295CKU4'","MBS","GNMA I 3.5% 09/43","30yr",,,,,"543801.93",,,,,,""
"2021-04-21","'3138YPYG1'","MBS","UMBS MORTPASS 3% 06/30","15yr",,,,,"543282.63",,,,,,""
"2021-04-21","'3138XDKK5'","MBS","UMBS MORTPASS 3% 11/28","15yr",,,,,"543197.8",,,,,,""
"2021-04-21","'31307GBM0'","MBS","FHLMCGLD 3% 02/29","15yr",,,,,"543147.41",,,,,,""
"2021-04-21","'31307HCR6'","MBS","FHLMCGLD 3.5% 05/29","15yr",,,,,"542876.6",,,,,,""
"2021-04-21","'3131X8DW3'","MBS","UMBS MORTPASS 2.5% 11/27","15yr",,,,,"542855.78",,,,,,""
"2021-04-21","'3140J75E1'","MBS","UMBS MORTPASS 3% 06/31","15yr",,,,,"542815.32",,,,,,""
"2021-04-21","'3140JN7E4'","MBS","UMBS MORTPASS 4% 05/49","30yr",,,,,"542660.78",,,,,,""
"2021-04-21","'36296JT88'","MBS","GNMA I 4.5% 09/39","30yr",,,,,"542237.17",,,,,,""
"2021-04-21","'31307G3W7'","MBS","FHLMCGLD 3% 04/29","15yr",,,,,"542087.18",,,,,,""
"2021-04-21","'36180CRC5'","MBS","GNMA I MORTPASS 3% 04/43","30yr",,,,,"542026.45",,,,,,""
"2021-04-21","'3138MNH78'","MBS","UMBS MORTPASS 2.5% 01/28","15yr",,,,,"541594.28",,,,,,""
"2021-04-21","'3132GVEZ1'","MBS","FHLMCGLD 3.5% 07/42","30yr",,,,,"541304.54",,,,,,""
"2021-04-21","'3133ADJ98'","MBS","UMBS MORTPASS 2.5% 12/50","30yr",,,,,"541280.99",,,,,,""
"2021-04-21","'3138MPXH3'","MBS","UMBS MORTPASS 2.5% 12/22","Other",,,,,"541017.29",,,,,,""
"2021-04-21","'3138MLUV4'","MBS","UMBS MORTPASS 3% 11/27","15yr",,,,,"540875.63",,,,,,""
"2021-04-21","'3138M4BQ4'","MBS","UMBS MORTPASS 3.5% 08/42","30yr",,,,,"540764.01",,,,,,""
"2021-04-21","'3140HJQL8'","MBS","UMBS MORTPASS 3.5% 05/33","15yr",,,,,"540745.57",,,,,,""
"2021-04-21","'3140K54Y0'","MBS","UMBS MORTPASS 3% 11/44","30yr",,,,,"540722.65",,,,,,""
"2021-04-21","'3132QNTG4'","MBS","FHLMCGLD 3.5% 03/45","30yr",,,,,"540583.26",,,,,,""
"2021-04-21","'3140X7UU1'","MBS","UMBS MORTPASS 2.5% 09/50","30yr",,,,,"540505.86",,,,,,""
"2021-04-21","'3140H4ZD9'","MBS","UMBS MORTPASS 3% 02/33","15yr",,,,,"540443.7",,,,,,""
"2021-04-21","'31307PB99'","MBS","FHLMCGLD 2.5% 09/30","15yr",,,,,"540353.57",,,,,,""
"2021-04-21","'3620AC6R0'","MBS","GNMA I 4.5% 10/39","30yr",,,,,"540219.32",,,,,,""
"2021-04-21","'3140JWKU3'","MBS","UMBS MORTPASS 4% 08/49","30yr",,,,,"540027.57",,,,,,""
"2021-04-21","'3140JKZ66'","MBS","UMBS MORTPASS 3.5% 02/49","30yr",,,,,"539603.89",,,,,,""
"2021-04-21","'3138WXFF9'","MBS","UMBS MORTPASS 2.5% 07/28","15yr",,,,,"539467.04",,,,,,""
"2021-04-21","'3138EPSB1'","MBS","UMBS MORTPASS 2.5% 04/25","Other",,,,,"539329.73",,,,,,""
"2021-04-21","'3131XDNS0'","MBS","UMBS MORTPASS 2.5% 04/33","15yr",,,,,"539307.79",,,,,,""
"2021-04-21","'3138X1R81'","MBS","UMBS MORTPASS 3% 12/28","15yr",,,,,"539298.08",,,,,,""
"2021-04-21","'36179HZS3'","MBS","GNMA I MORTPASS 3% 01/43","30yr",,,,,"539279.63",,,,,,""
"2021-04-21","'3132A8QA0'","MBS","UMBS MORTPASS 2% 01/27","Other",,,,,"539145.1",,,,,,""
"2021-04-21","'3132A9TT4'","MBS","UMBS MORTPASS 3% 07/32","15yr",,,,,"539134.74",,,,,,""
"2021-04-21","'3128MJT67'","MBS","FHLMCGLD 3.5% 02/44","30yr",,,,,"539074.18",,,,,,""
"2021-04-21","'36179JBY2'","MBS","GNMA I MORTPASS 3% 01/43","30yr",,,,,"539020.97",,,,,,""
"2021-04-21","'3620A6AF4'","MBS","GNMA I 4.5% 06/39","30yr",,,,,"538865.69",,,,,,""
"2021-04-21","'31418B5W2'","MBS","UMBS MORTPASS 3% 06/26","Other",,,,,"538770.25",,,,,,""
"2021-04-21","'31418DJP8'","MBS","UMBS MORTPASS 3.5% 12/39","Other",,,,,"538541.4",,,,,,""
"2021-04-21","'3140FGGT0'","MBS","UMBS MORTPASS 2.5% 11/31","15yr",,,,,"538419.91",,,,,,""
"2021-04-21","'3132GU2P8'","MBS","FHLMCGLD 3.5% 07/42","30yr",,,,,"538350.05",,,,,,""
"2021-04-21","'3138LY2B2'","MBS","UMBS MORTPASS 2.5% 06/27","15yr",,,,,"538217.66",,,,,,""
"2021-04-21","'31307QWR4'","MBS","FHLMCGLD 2.5% 04/31","15yr",,,,,"538124.01",,,,,,""
"2021-04-21","'3140K1D86'","MBS","UMBS MORTPASS 3% 09/49","30yr",,,,,"537958.72",,,,,,""
"2021-04-21","'3140H7EA1'","MBS","UMBS MORTPASS 4% 05/33","15yr",,,,,"537566.21",,,,,,""
"2021-04-21","'3138YDAT6'","MBS","UMBS MORTPASS 3% 02/30","15yr",,,,,"537557.55",,,,,,""
"2021-04-21","'31307NVN1'","MBS","FHLMCGLD 3% 08/30","15yr",,,,,"537545.52",,,,,,""
"2021-04-21","'3620C6BN4'","MBS","GNMA I 3.5% 10/40","30yr",,,,,"537379.2",,,,,,""
"2021-04-21","'3132A5H57'","MBS","UMBS MORTPASS 4% 01/48","30yr",,,,,"537330.98",,,,,,""
"2021-04-21","'31307RAQ8'","MBS","FHLMCGLD 2.5% 05/31","15yr",,,,,"537212",,,,,,""
"2021-04-21","'3132L7GP8'","MBS","FHLMCGLD 4.5% 10/45","30yr",,,,,"537142.95",,,,,,""
"2021-04-21","'3132M9XK5'","MBS","FHLMCGLD 3.5% 10/44","30yr",,,,,"536627.82",,,,,,""
"2021-04-21","'31417GSB3'","MBS","UMBS MORTPASS 2.5% 05/23","Other",,,,,"536528.09",,,,,,""
"2021-04-21","'3131X9NM2'","MBS","UMBS MORTPASS 2% 07/23","Other",,,,,"536488.46",,,,,,""
"2021-04-21","'3140JUML5'","MBS","UMBS MORTPASS 4.5% 05/49","30yr",,,,,"536394.79",,,,,,""
"2021-04-21","'3140KCCP5'","MBS","UMBS MORTPASS 3% 03/50","30yr",,,,,"536392.13",,,,,,""
"2021-04-21","'36179DLZ1'","MBS","GNMA I MORTPASS 3% 01/43","30yr",,,,,"536202.75",,,,,,""
"2021-04-21","'3140J57A1'","MBS","UMBS MORTPASS 3% 12/30","15yr",,,,,"536134.45",,,,,,""
"2021-04-21","'31416XLU2'","MBS","UMBS MORTPASS 3% 01/26","15yr",,,,,"536076.96",,,,,,""
"2021-04-21","'3132M4XJ9'","MBS","FHLMCGLD 3.5% 01/44","30yr",,,,,"535918.38",,,,,,""
"2021-04-21","'36178VCJ8'","MBS","GNMA I MORTPASS 3% 02/43","30yr",,,,,"535652.87",,,,,,""
"2021-04-21","'3138MNNV8'","MBS","UMBS MORTPASS 2.5% 11/22","Other",,,,,"535637.09",,,,,,""
"2021-04-21","'3132QLS95'","MBS","FHLMCGLD 3.5% 01/45","30yr",,,,,"535600",,,,,,""
"2021-04-21","'31307WLT9'","MBS","FHLMCGLD 3% 07/33","15yr",,,,,"535597.41",,,,,,""
"2021-04-21","'3132ACRQ5'","MBS","UMBS MORTPASS 4.5% 08/48","30yr",,,,,"535596.51",,,,,,""
"2021-04-21","'31307HFC6'","MBS","FHLMCGLD 3% 05/29","15yr",,,,,"535302.05",,,,,,""
"2021-04-21","'3133AKG87'","MBS","UMBS MORTPASS 1.5% 04/51","30yr",,,,,"535266",,,,,,""
"2021-04-21","'3138X2YE8'","MBS","UMBS MORTPASS 3.5% 07/43","30yr",,,,,"535193.29",,,,,,""
"2021-04-21","'36210BYN9'","MBS","GNMA I MORTPASS 5% 03/39","30yr",,,,,"535043.02",,,,,,""
"2021-04-21","'3131XXGD7'","MBS","UMBS MORTPASS 4% 07/47","30yr",,,,,"535037.72",,,,,,""
"2021-04-21","'31307R4E2'","MBS","FHLMCGLD 3% 09/31","15yr",,,,,"535020.2",,,,,,""
"2021-04-21","'3138NWYK9'","MBS","UMBS MORTPASS 3% 01/43","30yr",,,,,"535008.7",,,,,,""
"2021-04-21","'3140HHEW1'","MBS","UMBS MORTPASS 3% 03/33","15yr",,,,,"534924.79",,,,,,""
"2021-04-21","'3132A72Y6'","MBS","UMBS MORTPASS 2.5% 09/24","Other",,,,,"534856.09",,,,,,""
"2021-04-21","'31418B3L8'","MBS","UMBS MORTPASS 2% 04/26","Other",,,,,"534694.76",,,,,,""
"2021-04-21","'31307V4P8'","MBS","FHLMCGLD 3.5% 05/33","15yr",,,,,"534502.77",,,,,,""
"2021-04-21","'3138Y9W46'","MBS","UMBS MORTPASS 3.5% 11/29","15yr",,,,,"534467.89",,,,,,""
"2021-04-21","'31307LYA0'","MBS","FHLMCGLD 3% 02/30","15yr",,,,,"533928.04",,,,,,""
"2021-04-21","'3140L1GE9'","MBS","UMBS MORTPASS 1.5% 03/51","30yr",,,,,"533766",,,,,,""
"2021-04-21","'3138WUW41'","MBS","UMBS MORTPASS 2.5% 05/28","15yr",,,,,"533715.73",,,,,,""
"2021-04-21","'3138WFHM1'","MBS","UMBS MORTPASS 3% 08/45","30yr",,,,,"533699.31",,,,,,""
"2021-04-21","'3140E63C4'","MBS","UMBS MORTPASS 3% 11/45","30yr",,,,,"533562",,,,,,""
"2021-04-21","'3138LU3G8'","MBS","UMBS MORTPASS 2.5% 07/27","15yr",,,,,"533440.51",,,,,,""
"2021-04-21","'31416SVH1'","MBS","UMBS MORTPASS 4% 06/39","30yr",,,,,"533361.33",,,,,,""
"2021-04-21","'3140FDHU3'","MBS","UMBS MORTPASS 2.5% 10/31","15yr",,,,,"532995.08",,,,,,""
"2021-04-21","'3132M7EB0'","MBS","FHLMCGLD 3.5% 06/44","30yr",,,,,"532703.95",,,,,,""
"2021-04-21","'3138M7NH4'","MBS","UMBS MORTPASS 3% 09/27","15yr",,,,,"532703.71",,,,,,""
"2021-04-21","'3138W7ZN7'","MBS","UMBS MORTPASS 3.5% 06/43","30yr",,,,,"532497.11",,,,,,""
"2021-04-21","'3140GRCF9'","MBS","UMBS MORTPASS 3% 05/32","15yr",,,,,"532248.94",,,,,,""
"2021-04-21","'3138AMVK8'","MBS","UMBS MORTPASS 3.5% 07/26","15yr",,,,,"532094.11",,,,,,""
"2021-04-21","'3138WTYG5'","MBS","UMBS MORTPASS 2.5% 07/28","15yr",,,,,"532056.59",,,,,,""
"2021-04-21","'31329Q5V9'","MBS","UMBS MORTPASS 4.5% 06/49","30yr",,,,,"531898.4",,,,,,""
"2021-04-21","'3132M9XH2'","MBS","FHLMCGLD 4% 10/44","30yr",,,,,"531805.21",,,,,,""
"2021-04-21","'3138YSLZ7'","MBS","UMBS MORTPASS 3% 07/45","30yr",,,,,"531786.84",,,,,,""
"2021-04-21","'3132A7XU0'","MBS","UMBS MORTPASS 3% 07/24","Other",,,,,"531553.43",,,,,,""
"2021-04-21","'3620A2Y67'","MBS","GNMA I 4.5% 06/39","30yr",,,,,"531405.83",,,,,,""
"2021-04-21","'31307N5Y6'","MBS","FHLMCGLD 2.5% 09/30","15yr",,,,,"531304.91",,,,,,""
"2021-04-21","'3138MQD59'","MBS","UMBS MORTPASS 3% 02/43","30yr",,,,,"531112.48",,,,,,""
"2021-04-21","'3620AFHZ3'","MBS","GNMA I 4.5% 12/39","30yr",,,,,"531087.76",,,,,,""
"2021-04-21","'3131XCAX5'","MBS","UMBS MORTPASS 3% 06/31","15yr",,,,,"531084.46",,,,,,""
"2021-04-21","'3132HQML3'","MBS","FHLMCGLD 2.5% 12/42","30yr",,,,,"530884.13",,,,,,""
"2021-04-21","'3138A6PA2'","MBS","UMBS MORTPASS 3% 12/26","15yr",,,,,"530879.94",,,,,,""
"2021-04-21","'3138X9XV6'","MBS","UMBS MORTPASS 3% 02/29","15yr",,,,,"530745.45",,,,,,""
"2021-04-21","'3128Q0PP6'","MBS","FHLMCGLD 3% 06/27","15yr",,,,,"530630.66",,,,,,""
"2021-04-21","'3140FHT98'","MBS","UMBS MORTPASS 2.5% 12/31","15yr",,,,,"530511.27",,,,,,""
"2021-04-21","'36296JJ55'","MBS","GNMA I 4.5% 04/39","30yr",,,,,"530352.75",,,,,,""
"2021-04-21","'36176HTL8'","MBS","GNMA I 3.5% 05/42","30yr",,,,,"530239.33",,,,,,""
"2021-04-21","'3138XFX75'","MBS","UMBS MORTPASS 3% 11/28","15yr",,,,,"530152.79",,,,,,""
"2021-04-21","'31417AW88'","MBS","UMBS MORTPASS 2% 01/27","15yr",,,,,"529869.6",,,,,,""
"2021-04-21","'36178VB42'","MBS","GNMA I MORTPASS 3% 01/43","30yr",,,,,"529762.18",,,,,,""
"2021-04-21","'36297BFS5'","MBS","GNMA I MORTPASS 5% 11/39","30yr",,,,,"529666.81",,,,,,""
"2021-04-21","'3138W65R3'","MBS","UMBS MORTPASS 3% 03/28","15yr",,,,,"529595.72",,,,,,""
"2021-04-21","'31307HUP0'","MBS","FHLMCGLD 3% 07/29","15yr",,,,,"529490.84",,,,,,""
"2021-04-21","'3138LY2A4'","MBS","UMBS MORTPASS 2.5% 06/27","15yr",,,,,"529412.52",,,,,,""
"2021-04-21","'3131YCUQ7'","MBS","UMBS MORTPASS 4% 05/49","30yr",,,,,"529352.89",,,,,,""
"2021-04-21","'3138APNR5'","MBS","UMBS MORTPASS 3% 01/27","15yr",,,,,"529245.82",,,,,,""
"2021-04-21","'3138MPXG5'","MBS","UMBS MORTPASS 2.5% 12/22","Other",,,,,"529204.3",,,,,,""
"2021-04-21","'3138AB2K4'","MBS","UMBS MORTPASS 4% 02/41","30yr",,,,,"528785.31",,,,,,""
"2021-04-21","'31307HUW5'","MBS","FHLMCGLD 3.5% 07/29","15yr",,,,,"528768.12",,,,,,""
"2021-04-21","'3138YCB26'","MBS","UMBS MORTPASS 3.5% 12/29","15yr",,,,,"528355.07",,,,,,""
"2021-04-21","'3131YBHX9'","MBS","UMBS MORTPASS 3.5% 04/49","30yr",,,,,"528344.06",,,,,,""
"2021-04-21","'3138X3A51'","MBS","UMBS MORTPASS 3% 07/28","15yr",,,,,"528114.75",,,,,,""
"2021-04-21","'3140JXER5'","MBS","UMBS MORTPASS 3.5% 10/49","30yr",,,,,"528085.14",,,,,,""
"2021-04-21","'3138WPJE5'","MBS","UMBS MORTPASS 2.5% 04/28","15yr",,,,,"527955.31",,,,,,""
"2021-04-21","'3133A3XP8'","MBS","UMBS MORTPASS 2% 04/50","30yr",,,,,"527941.07",,,,,,""
"2021-04-21","'3138MJR27'","MBS","UMBS MORTPASS 3.5% 11/42","30yr",,,,,"527928.53",,,,,,""
"2021-04-21","'3138WT3S3'","MBS","UMBS MORTPASS 4.5% 02/44","30yr",,,,,"527370.01",,,,,,""
"2021-04-21","'3140EAAH6'","MBS","UMBS MORTPASS 2.5% 11/30","15yr",,,,,"527277.27",,,,,,""
"2021-04-21","'31307LXP8'","MBS","FHLMCGLD 2.5% 02/30","15yr",,,,,"527208.47",,,,,,""
"2021-04-21","'3131X8CX2'","MBS","UMBS MORTPASS 2.5% 10/22","Other",,,,,"527169.12",,,,,,""
"2021-04-21","'31307PSB6'","MBS","FHLMCGLD 2.5% 11/30","15yr",,,,,"526966.33",,,,,,""
"2021-04-21","'3620A9MA6'","MBS","GNMA I MORTPASS 5% 03/40","30yr",,,,,"526514.5",,,,,,""
"2021-04-21","'3138MAN38'","MBS","UMBS MORTPASS 3% 09/27","15yr",,,,,"526479.57",,,,,,""
"2021-04-21","'3138YDAG4'","MBS","UMBS MORTPASS 3% 01/30","15yr",,,,,"526442.49",,,,,,""
"2021-04-21","'3138XCT51'","MBS","UMBS MORTPASS 4% 10/43","30yr",,,,,"526390.26",,,,,,""
"2021-04-21","'3140HJWM9'","MBS","UMBS MORTPASS 3% 05/33","15yr",,,,,"526326.51",,,,,,""
"2021-04-21","'3132DV5T8'","MBS","UMBS MORTPASS 4% 04/50","30yr",,,,,"526234.95",,,,,,""
"2021-04-21","'3138E8JS2'","MBS","UMBS MORTPASS 2.5% 03/27","15yr",,,,,"526131.13",,,,,,""
"2021-04-21","'31307VG59'","MBS","FHLMCGLD 3.5% 01/33","15yr",,,,,"526116.33",,,,,,""
"2021-04-21","'3138X9AZ2'","MBS","UMBS MORTPASS 3% 09/28","15yr",,,,,"526045.65",,,,,,""
"2021-04-21","'3132A7H46'","MBS","UMBS MORTPASS 3% 07/27","15yr",,,,,"525945.8",,,,,,""
"2021-04-21","'31417CMN2'","MBS","UMBS MORTPASS 2.5% 08/27","15yr",,,,,"525774.59",,,,,,""
"2021-04-21","'3132J8ZS2'","MBS","FHLMCGLD 3.5% 04/43","30yr",,,,,"525568.87",,,,,,""
"2021-04-21","'31307SCN1'","MBS","FHLMCGLD 3% 09/26","15yr",,,,,"525478.95",,,,,,""
"2021-04-21","'3140HL3V6'","MBS","UMBS MORTPASS 4.5% 07/48","30yr",,,,,"525398.4",,,,,,""
"2021-04-21","'31418AWM6'","MBS","UMBS MORTPASS 3% 08/23","Other",,,,,"525377.78",,,,,,""
"2021-04-21","'3140JRRJ2'","MBS","UMBS MORTPASS 3% 06/34","15yr",,,,,"525163.27",,,,,,""
"2021-04-21","'3138AUER4'","MBS","UMBS MORTPASS 3% 01/27","15yr",,,,,"525057.14",,,,,,""
"2021-04-21","'3132GFRC3'","MBS","FHLMCGLD 4% 07/41","30yr",,,,,"525046.86",,,,,,""
"2021-04-21","'31329P6T5'","MBS","UMBS MORTPASS 4% 01/49","30yr",,,,,"525045.23",,,,,,""
"2021-04-21","'36177Y3B0'","MBS","GNMA I MORTPASS 3% 04/43","30yr",,,,,"525000.29",,,,,,""
"2021-04-21","'3138YVHQ5'","MBS","UMBS MORTPASS 3% 07/45","30yr",,,,,"524947.62",,,,,,""
"2021-04-21","'36297GLY4'","MBS","GNMA I 4.5% 08/39","30yr",,,,,"524927.59",,,,,,""
"2021-04-21","'3140F0V76'","MBS","UMBS MORTPASS 3% 09/31","15yr",,,,,"524850.14",,,,,,""
"2021-04-21","'31307HUJ4'","MBS","FHLMCGLD 3% 07/29","15yr",,,,,"524771.28",,,,,,""
"2021-04-21","'3138MPHB4'","MBS","UMBS MORTPASS 2.5% 12/27","15yr",,,,,"524635.73",,,,,,""
"2021-04-21","'3138LUA96'","MBS","UMBS MORTPASS 2.5% 05/27","15yr",,,,,"524608.28",,,,,,""
"2021-04-21","'3138Y3L58'","MBS","UMBS MORTPASS 3.5% 10/29","15yr",,,,,"524536.5",,,,,,""
"2021-04-21","'36295CKE0'","MBS","GNMA I 3.5% 08/43","30yr",,,,,"524490.19",,,,,,""
"2021-04-21","'3138EMT84'","MBS","UMBS MORTPASS 2.5% 12/28","15yr",,,,,"524440.11",,,,,,""
"2021-04-21","'3138XJUV7'","MBS","UMBS MORTPASS 3.5% 03/29","15yr",,,,,"524284.42",,,,,,""
"2021-04-21","'31307NMP6'","MBS","FHLMCGLD 3% 07/30","15yr",,,,,"523965.06",,,,,,""
"2021-04-21","'3132GSAP4'","MBS","FHLMCGLD 4% 03/42","30yr",,,,,"523943.53",,,,,,""
"2021-04-21","'3140EUTC3'","MBS","UMBS MORTPASS 3% 02/46","30yr",,,,,"523756.21",,,,,,""
"2021-04-21","'3132GL6M1'","MBS","FHLMCGLD 3.5% 01/42","30yr",,,,,"523674.62",,,,,,""
"2021-04-21","'3128PS6C6'","MBS","FHLMCGLD 3.5% 11/25","15yr",,,,,"523657.11",,,,,,""
"2021-04-21","'3140E8V54'","MBS","UMBS MORTPASS 3.5% 11/45","30yr",,,,,"523470.76",,,,,,""
"2021-04-21","'36176AQA0'","MBS","GNMA I 3.5% 01/42","30yr",,,,,"523449.46",,,,,,""
"2021-04-21","'3140EWGL3'","MBS","UMBS MORTPASS 2.5% 05/31","15yr",,,,,"523311.83",,,,,,""
"2021-04-21","'3128MDV91'","MBS","FHLMCGLD 3% 12/23","15yr",,,,,"523155.82",,,,,,""
"2021-04-21","'31307PYA1'","MBS","FHLMCGLD 3% 12/30","15yr",,,,,"522978.41",,,,,,""
"2021-04-21","'3138EQRJ3'","MBS","UMBS MORTPASS 3.5% 11/30","15yr",,,,,"522973.59",,,,,,""
"2021-04-21","'31307FPT2'","MBS","FHLMCGLD 3.5% 12/28","15yr",,,,,"522939.86",,,,,,""
"2021-04-21","'3140J74X0'","MBS","UMBS MORTPASS 3% 01/31","15yr",,,,,"522708.75",,,,,,""
"2021-04-21","'3132QQUX8'","MBS","FHLMCGLD 3% 06/45","30yr",,,,,"522413.66",,,,,,""
"2021-04-21","'3138XGTY9'","MBS","UMBS MORTPASS 3.5% 02/29","15yr",,,,,"522314.53",,,,,,""
"2021-04-21","'3132A73Y5'","MBS","UMBS MORTPASS 2.5% 04/25","Other",,,,,"522207.32",,,,,,""
"2021-04-21","'3131Y2T57'","MBS","UMBS MORTPASS 3.5% 08/48","30yr",,,,,"521948.88",,,,,,""
"2021-04-21","'3620A7N43'","MBS","GNMA I 4.5% 08/39","30yr",,,,,"521779.7",,,,,,""
"2021-04-21","'31307TMX6'","MBS","FHLMCGLD 2.5% 04/32","15yr",,,,,"521750.16",,,,,,""
"2021-04-21","'3138WWL98'","MBS","UMBS MORTPASS 2.5% 06/28","15yr",,,,,"521391.93",,,,,,""
"2021-04-21","'3138X0L97'","MBS","UMBS MORTPASS 3.5% 07/28","15yr",,,,,"521133.76",,,,,,""
"2021-04-21","'3131Y1UT5'","MBS","UMBS MORTPASS 3% 04/48","30yr",,,,,"520907.43",,,,,,""
"2021-04-21","'3140JATE8'","MBS","UMBS MORTPASS 4% 05/49","30yr",,,,,"520789.15",,,,,,""
"2021-04-21","'3140GQU38'","MBS","UMBS MORTPASS 3% 05/32","15yr",,,,,"520675.19",,,,,,""
"2021-04-21","'36297H4Y1'","MBS","GNMA I MORTPASS 5% 09/39","30yr",,,,,"520653.15",,,,,,""
"2021-04-21","'3138M0V64'","MBS","UMBS MORTPASS 2.5% 08/27","15yr",,,,,"520648.1",,,,,,""
"2021-04-21","'31417FRG5'","MBS","UMBS MORTPASS 2% 03/28","15yr",,,,,"520572.92",,,,,,""
"2021-04-21","'31418AB31'","MBS","UMBS MORTPASS 3% 01/22","Other",,,,,"520415.79",,,,,,""
"2021-04-21","'36178D4H1'","MBS","GNMA I MORTPASS 3% 03/43","30yr",,,,,"520369.62",,,,,,""
"2021-04-21","'312934K84'","MBS","FHLMCGLD 3.5% 06/39","30yr",,,,,"520172.81",,,,,,""
"2021-04-21","'3138EBW43'","MBS","UMBS MORTPASS 3% 03/27","15yr",,,,,"520170.54",,,,,,""
"2021-04-21","'3131XCA72'","MBS","UMBS MORTPASS 2.5% 06/31","15yr",,,,,"520122.73",,,,,,""
"2021-04-21","'3138Y4TM1'","MBS","UMBS MORTPASS 3% 01/45","30yr",,,,,"520081.3",,,,,,""
"2021-04-21","'3138LSDW7'","MBS","UMBS MORTPASS 3% 04/27","15yr",,,,,"519698.29",,,,,,""
"2021-04-21","'3140JKV37'","MBS","UMBS MORTPASS 4.5% 12/48","30yr",,,,,"519649.12",,,,,,""
"2021-04-21","'31307TC41'","MBS","FHLMCGLD 3% 03/32","15yr",,,,,"519647.74",,,,,,""
"2021-04-21","'3140HKCU0'","MBS","UMBS MORTPASS 3.5% 08/33","15yr",,,,,"519550.31",,,,,,""
"2021-04-21","'3140QATV2'","MBS","UMBS MORTPASS 3.5% 09/48","30yr",,,,,"519463.73",,,,,,""
"2021-04-21","'3138MMEE8'","MBS","UMBS MORTPASS 2.5% 11/27","15yr",,,,,"519407.74",,,,,,""
"2021-04-21","'3140K55M5'","MBS","UMBS MORTPASS 2.5% 12/49","30yr",,,,,"519369.6",,,,,,""
"2021-04-21","'3138LYWC7'","MBS","UMBS MORTPASS 3% 07/27","15yr",,,,,"519249.83",,,,,,""
"2021-04-21","'3133A3H27'","MBS","UMBS MORTPASS 2.5% 03/50","30yr",,,,,"519069.28",,,,,,""
"2021-04-21","'3140JSM48'","MBS","UMBS MORTPASS 2.5% 08/49","30yr",,,,,"518917.23",,,,,,""
"2021-04-21","'3140H9E90'","MBS","UMBS MORTPASS 3.5% 09/48","30yr",,,,,"518889.82",,,,,,""
"2021-04-21","'312939KZ3'","MBS","FHLMCGLD 4% 02/40","30yr",,,,,"518601.9",,,,,,""
"2021-04-21","'31307WE42'","MBS","FHLMCGLD 3.5% 07/33","15yr",,,,,"518593.52",,,,,,""
"2021-04-21","'3132A7F55'","MBS","UMBS MORTPASS 2.5% 05/22","Other",,,,,"518585.1",,,,,,""
"2021-04-21","'3138LRMH2'","MBS","UMBS MORTPASS 3.5% 08/42","30yr",,,,,"518327.64",,,,,,""
"2021-04-21","'3133A4LD6'","MBS","UMBS MORTPASS 3% 05/50","30yr",,,,,"518320.86",,,,,,""
"2021-04-21","'31307SF40'","MBS","FHLMCGLD 2.5% 10/26","15yr",,,,,"518292.84",,,,,,""
"2021-04-21","'3140HAGE4'","MBS","UMBS MORTPASS 3.5% 01/48","30yr",,,,,"517755.89",,,,,,""
"2021-04-21","'31329LB68'","MBS","UMBS MORTPASS 2.5% 07/27","15yr",,,,,"517599.82",,,,,,""
"2021-04-21","'36177PB20'","MBS","GNMA I 3.5% 01/42","30yr",,,,,"517559.98",,,,,,""
"2021-04-21","'3138X0B72'","MBS","UMBS MORTPASS 3% 08/28","15yr",,,,,"517428.33",,,,,,""
"2021-04-21","'3138XELQ9'","MBS","UMBS MORTPASS 2.5% 09/29","15yr",,,,,"517318.69",,,,,,""
"2021-04-21","'31416XH37'","MBS","UMBS MORTPASS 3% 01/26","15yr",,,,,"517143.63",,,,,,""
"2021-04-21","'3140JKZR0'","MBS","UMBS MORTPASS 3.5% 02/49","30yr",,,,,"517085.03",,,,,,""
"2021-04-21","'36178LHK2'","MBS","GNMA I 3.5% 01/43","30yr",,,,,"516825.88",,,,,,""
"2021-04-21","'3132JMHY8'","MBS","FHLMCGLD 3% 07/43","30yr",,,,,"516819.59",,,,,,""
"2021-04-21","'36297KM40'","MBS","GNMA I 4.5% 07/39","30yr",,,,,"516764.68",,,,,,""
"2021-04-21","'3138MKMT0'","MBS","UMBS MORTPASS 2.5% 07/28","15yr",,,,,"516593.41",,,,,,""
"2021-04-21","'3128MCNF8'","MBS","FHLMCGLD 4.5% 04/25","15yr",,,,,"516524.62",,,,,,""
"2021-04-21","'3138WNNL9'","MBS","UMBS MORTPASS 2.5% 05/28","15yr",,,,,"516495.59",,,,,,""
"2021-04-21","'36180JYT5'","MBS","GNMA I 3.5% 05/43","30yr",,,,,"516407.86",,,,,,""
"2021-04-21","'3138YKYN7'","MBS","UMBS MORTPASS 2.5% 06/30","15yr",,,,,"516402.84",,,,,,""
"2021-04-21","'3140JPSH9'","MBS","UMBS MORTPASS 3.5% 03/49","30yr",,,,,"516295.94",,,,,,""
"2021-04-21","'3138YWKE6'","MBS","UMBS MORTPASS 2.5% 10/30","15yr",,,,,"516164.14",,,,,,""
"2021-04-21","'3132HQS86'","MBS","FHLMCGLD 3% 12/42","30yr",,,,,"515911.93",,,,,,""
"2021-04-21","'3620A83L5'","MBS","GNMA I 4.5% 11/39","30yr",,,,,"515910.41",,,,,,""
"2021-04-21","'3138XPK36'","MBS","UMBS MORTPASS 3% 03/29","15yr",,,,,"515728.74",,,,,,""
"2021-04-21","'36297FRB0'","MBS","GNMA I 4.5% 07/39","30yr",,,,,"515690.04",,,,,,""
"2021-04-21","'3140HAR69'","MBS","UMBS MORTPASS 3.5% 04/33","15yr",,,,,"515566.95",,,,,,""
"2021-04-21","'3138W9RN2'","MBS","UMBS MORTPASS 2.5% 09/28","15yr",,,,,"515473.42",,,,,,""
"2021-04-21","'3138MQWD1'","MBS","UMBS MORTPASS 2.5% 12/42","30yr",,,,,"515424.98",,,,,,""
"2021-04-21","'3138EPBH6'","MBS","UMBS MORTPASS 2.5% 11/24","Other",,,,,"515272.49",,,,,,""
"2021-04-21","'3128MMUA9'","MBS","FHLMCGLD 3.5% 11/30","15yr",,,,,"515243.67",,,,,,""
"2021-04-21","'3131XDPE9'","MBS","UMBS MORTPASS 2.5% 04/33","15yr",,,,,"515080.38",,,,,,""
"2021-04-21","'3132WDHP2'","MBS","FHLMCGLD 4.5% 02/46","30yr",,,,,"515071.39",,,,,,""
"2021-04-21","'36181KMA5'","MBS","GNMA I MORTPASS 4% 09/43","30yr",,,,,"515033.12",,,,,,""
"2021-04-21","'36177SJB6'","MBS","GNMA I 3.5% 04/42","30yr",,,,,"514288.79",,,,,,""
"2021-04-21","'36297FJ94'","MBS","GNMA I 4.5% 10/39","30yr",,,,,"514226.37",,,,,,""
"2021-04-21","'31307HSS7'","MBS","FHLMCGLD 3.5% 07/29","15yr",,,,,"514212.18",,,,,,""
"2021-04-21","'3140HMCP7'","MBS","UMBS MORTPASS 4% 12/48","30yr",,,,,"513861.81",,,,,,""
"2021-04-21","'3138EPWT7'","MBS","UMBS MORTPASS 3% 06/45","30yr",,,,,"513685.42",,,,,,""
"2021-04-21","'3140K6CE3'","MBS","UMBS MORTPASS 2% 01/27","Other",,,,,"513577.53",,,,,,""
"2021-04-21","'36202FGV2'","MBS","GNMA II MORTPASS 4% 06/40","30yr",,,,,"513460.12",,,,,,""
"2021-04-21","'31307GL56'","MBS","FHLMCGLD 3.5% 03/29","15yr",,,,,"513312.33",,,,,,""
"2021-04-21","'3140JKZK5'","MBS","UMBS MORTPASS 3.5% 01/49","30yr",,,,,"513215.26",,,,,,""
"2021-04-21","'31307UD70'","MBS","FHLMCGLD 2.5% 07/32","15yr",,,,,"513144.36",,,,,,""
"2021-04-21","'3140HHDX0'","MBS","UMBS MORTPASS 3.5% 03/33","15yr",,,,,"513138.68",,,,,,""
"2021-04-21","'31307G4G1'","MBS","FHLMCGLD 3.5% 04/29","15yr",,,,,"513119.45",,,,,,""
"2021-04-21","'3138WWUC1'","MBS","UMBS MORTPASS 3% 07/28","15yr",,,,,"513038.2",,,,,,""
"2021-04-21","'3138XGBC6'","MBS","UMBS MORTPASS 3.5% 02/29","15yr",,,,,"512950.74",,,,,,""
"2021-04-21","'3131X7XV5'","MBS","UMBS MORTPASS 2.5% 07/22","Other",,,,,"512669.61",,,,,,""
"2021-04-21","'3140J93B5'","MBS","UMBS MORTPASS 3.5% 02/49","30yr",,,,,"512668.06",,,,,,""
"2021-04-21","'36177T4M6'","MBS","GNMA I 3.5% 04/42","30yr",,,,,"512624.34",,,,,,""
"2021-04-21","'36178RTK6'","MBS","GNMA I MORTPASS 3% 03/43","30yr",,,,,"512503.59",,,,,,""
"2021-04-21","'3140E1JZ7'","MBS","UMBS MORTPASS 2.5% 08/30","15yr",,,,,"512247.31",,,,,,""
"2021-04-21","'3138M9YE5'","MBS","UMBS MORTPASS 2.5% 01/43","30yr",,,,,"512245.04",,,,,,""
"2021-04-21","'3620A3VT8'","MBS","GNMA I MORTPASS 5% 11/39","30yr",,,,,"512201.76",,,,,,""
"2021-04-21","'3138XLX80'","MBS","UMBS MORTPASS 3% 01/29","15yr",,,,,"512077.53",,,,,,""
"2021-04-21","'36181AZQ8'","MBS","GNMA I MORTPASS 3% 04/43","30yr",,,,,"512055.89",,,,,,""
"2021-04-21","'3138XLDG4'","MBS","UMBS MORTPASS 3% 01/29","15yr",,,,,"511315.62",,,,,,""
"2021-04-21","'3133KKD63'","MBS","UMBS MORTPASS 2% 10/50","30yr",,,,,"511301.59",,,,,,""
"2021-04-21","'31307JUZ4'","MBS","FHLMCGLD 2.5% 10/29","15yr",,,,,"511175.93",,,,,,""
"2021-04-21","'3620A5FB0'","MBS","GNMA I MORTPASS 5% 03/40","30yr",,,,,"511052.5",,,,,,""
"2021-04-21","'3140J8GD9'","MBS","UMBS MORTPASS 2% 01/31","15yr",,,,,"510939.98",,,,,,""
"2021-04-21","'3132QN6W4'","MBS","FHLMCGLD 3% 04/45","30yr",,,,,"510895.72",,,,,,""
"2021-04-21","'36179EHH4'","MBS","GNMA I MORTPASS 3% 12/42","30yr",,,,,"510797",,,,,,""
"2021-04-21","'36178GT79'","MBS","GNMA I MORTPASS 3% 09/42","30yr",,,,,"510794.36",,,,,,""
"2021-04-21","'31417HBB9'","MBS","UMBS MORTPASS 3% 07/28","15yr",,,,,"510745.55",,,,,,""
"2021-04-21","'3132JNRB5'","MBS","FHLMCGLD 4% 09/43","30yr",,,,,"510449.95",,,,,,""
"2021-04-21","'36297EB87'","MBS","GNMA I MORTPASS 5% 08/39","30yr",,,,,"509936.22",,,,,,""
"2021-04-21","'36297BFQ9'","MBS","GNMA I 4.5% 11/39","30yr",,,,,"509897.27",,,,,,""
"2021-04-21","'3138M5FU8'","MBS","UMBS MORTPASS 2.5% 08/27","15yr",,,,,"509839.35",,,,,,""
"2021-04-21","'3132QLGZ0'","MBS","FHLMCGLD 3.5% 12/44","30yr",,,,,"509637.34",,,,,,""
"2021-04-21","'3140HASH4'","MBS","UMBS MORTPASS 3.5% 05/33","15yr",,,,,"509526.08",,,,,,""
"2021-04-21","'36297BFH9'","MBS","GNMA I 4.5% 10/39","30yr",,,,,"509292.87",,,,,,""
"2021-04-21","'3131XDBU8'","MBS","UMBS MORTPASS 3% 11/32","15yr",,,,,"509105.12",,,,,,""
"2021-04-21","'3138W2JH9'","MBS","UMBS MORTPASS 2.5% 02/28","15yr",,,,,"508841.33",,,,,,""
"2021-04-21","'3131YBVJ4'","MBS","UMBS MORTPASS 3.5% 04/49","30yr",,,,,"508826.82",,,,,,""
"2021-04-21","'3132QVCP4'","MBS","FHLMCGLD 3.5% 12/45","30yr",,,,,"508815.05",,,,,,""
"2021-04-21","'31307GGF0'","MBS","FHLMCGLD 3% 02/29","15yr",,,,,"508789.34",,,,,,""
"2021-04-21","'36176EMK4'","MBS","GNMA I MORTPASS 3% 07/43","30yr",,,,,"508699.82",,,,,,""
"2021-04-21","'31307HSU2'","MBS","FHLMCGLD 3.5% 07/29","15yr",,,,,"508647.11",,,,,,""
"2021-04-21","'3132A7QS3'","MBS","UMBS MORTPASS 3% 08/28","15yr",,,,,"508594.71",,,,,,""
"2021-04-21","'3138W9LR9'","MBS","UMBS MORTPASS 1.5% 01/28","15yr",,,,,"508509.86",,,,,,""
"2021-04-21","'3140JVPH9'","MBS","UMBS MORTPASS 3.5% 08/49","30yr",,,,,"508455.36",,,,,,""
"2021-04-21","'36297FH96'","MBS","GNMA I 4.5% 07/39","30yr",,,,,"508408.45",,,,,,""
"2021-04-21","'36210BXQ3'","MBS","GNMA I 4.5% 02/39","30yr",,,,,"508321.96",,,,,,""
"2021-04-21","'3138WCK44'","MBS","UMBS MORTPASS 2.5% 08/29","15yr",,,,,"508267.83",,,,,,""
"2021-04-21","'31410LP22'","MBS","UMBS MORTPASS 2% 10/28","15yr",,,,,"508212.14",,,,,,""
"2021-04-21","'3138WSQV3'","MBS","UMBS MORTPASS 3% 05/28","15yr",,,,,"508145.11",,,,,,""
"2021-04-21","'3140FVMG8'","MBS","UMBS MORTPASS 3.5% 03/47","30yr",,,,,"508089.3",,,,,,""
"2021-04-21","'3140JGNR2'","MBS","UMBS MORTPASS 4% 09/48","30yr",,,,,"507944.92",,,,,,""
"2021-04-21","'3138MAJD1'","MBS","UMBS MORTPASS 2.5% 09/27","15yr",,,,,"507598.65",,,,,,""
"2021-04-21","'3138W7HW7'","MBS","UMBS MORTPASS 2.5% 03/28","15yr",,,,,"507468.98",,,,,,""
"2021-04-21","'3132A8P45'","MBS","UMBS MORTPASS 3% 02/32","15yr",,,,,"507462.09",,,,,,""
"2021-04-21","'3138WJEE4'","MBS","UMBS MORTPASS 3% 10/31","15yr",,,,,"507430.53",,,,,,""
"2021-04-21","'31307NYE8'","MBS","FHLMCGLD 2.5% 08/30","15yr",,,,,"507418.57",,,,,,""
"2021-04-21","'3138MRCC3'","MBS","UMBS MORTPASS 2.5% 12/27","15yr",,,,,"507358.72",,,,,,""
"2021-04-21","'3131X7EG9'","MBS","UMBS MORTPASS 3% 12/26","15yr",,,,,"507297.47",,,,,,""
"2021-04-21","'3140H7EU7'","MBS","UMBS MORTPASS 3% 06/34","15yr",,,,,"507264.17",,,,,,""
"2021-04-21","'31417EUP4'","MBS","UMBS MORTPASS 2% 02/23","Other",,,,,"507151.12",,,,,,""
"2021-04-21","'3140KFK20'","MBS","UMBS MORTPASS 2% 11/50","30yr",,,,,"507117.7",,,,,,""
"2021-04-21","'3140GWR47'","MBS","UMBS MORTPASS 3% 01/33","15yr",,,,,"506955.84",,,,,,""
"2021-04-21","'3138E4US8'","MBS","UMBS MORTPASS 3.5% 01/42","30yr",,,,,"506924.09",,,,,,""
"2021-04-21","'3132QMFJ5'","MBS","FHLMCGLD 4% 02/45","30yr",,,,,"506107.75",,,,,,""
"2021-04-21","'3138X7DD2'","MBS","UMBS MORTPASS 2.5% 10/28","15yr",,,,,"506098.31",,,,,,""
"2021-04-21","'36176LYZ2'","MBS","GNMA I 3.5% 12/41","30yr",,,,,"506018.31",,,,,,""
"2021-04-21","'3138E44K4'","MBS","UMBS MORTPASS 4% 01/42","30yr",,,,,"505936.35",,,,,,""
"2021-04-21","'3132A9S32'","MBS","UMBS MORTPASS 2% 12/31","15yr",,,,,"505855.69",,,,,,""
"2021-04-21","'3131X8B54'","MBS","UMBS MORTPASS 2.5% 10/27","15yr",,,,,"505773.28",,,,,,""
"2021-04-21","'36296XSJ4'","MBS","GNMA I 4.5% 03/39","30yr",,,,,"505772.1",,,,,,""
"2021-04-21","'31339SZQ1'","MBS","UMBS MORTPASS 3.5% 09/49","30yr",,,,,"505394.61",,,,,,""
"2021-04-21","'36297ECR4'","MBS","GNMA I MORTPASS 5% 09/39","30yr",,,,,"505165.93",,,,,,""
"2021-04-21","'3138E8CK6'","MBS","UMBS MORTPASS 3% 02/27","15yr",,,,,"505029.94",,,,,,""
"2021-04-21","'3140HBJ58'","MBS","UMBS MORTPASS 4% 02/48","30yr",,,,,"505023.28",,,,,,""
"2021-04-21","'3620A9AE1'","MBS","GNMA I MORTPASS 5% 11/39","30yr",,,,,"504979.76",,,,,,""
"2021-04-21","'36180HPL6'","MBS","GNMA I MORTPASS 3% 06/43","30yr",,,,,"504830.02",,,,,,""
"2021-04-21","'3140F0WM2'","MBS","UMBS MORTPASS 2.5% 10/31","15yr",,,,,"504774.85",,,,,,""
"2021-04-21","'31307QHU4'","MBS","FHLMCGLD 3% 03/31","15yr",,,,,"504549.5",,,,,,""
"2021-04-21","'31307PYB9'","MBS","FHLMCGLD 3% 12/30","15yr",,,,,"504245.66",,,,,,""
"2021-04-21","'3140H96S7'","MBS","UMBS MORTPASS 3.5% 03/48","30yr",,,,,"504239.66",,,,,,""
"2021-04-21","'3131XBL31'","MBS","UMBS MORTPASS 3% 07/30","15yr",,,,,"504229.84",,,,,,""
"2021-04-21","'31418BHR0'","MBS","UMBS MORTPASS 3.5% 09/29","15yr",,,,,"504172.83",,,,,,""
"2021-04-21","'3138ELWF6'","MBS","UMBS MORTPASS 3.5% 09/28","15yr",,,,,"503927.43",,,,,,""
"2021-04-21","'3140X42N5'","MBS","UMBS MORTPASS 2.5% 12/33","15yr",,,,,"503684.92",,,,,,""
"2021-04-21","'3131X8C95'","MBS","UMBS MORTPASS 2.5% 11/27","15yr",,,,,"503606.69",,,,,,""
"2021-04-21","'3131XAAT8'","MBS","UMBS MORTPASS 3% 12/23","Other",,,,,"503525.75",,,,,,""
"2021-04-21","'3132WNZR6'","MBS","FHLMCGLD 4% 06/47","30yr",,,,,"503414.1",,,,,,""
"2021-04-21","'31417BYM3'","MBS","UMBS MORTPASS 3% 05/27","15yr",,,,,"503004.85",,,,,,""
"2021-04-21","'3138MLUG7'","MBS","UMBS MORTPASS 2.5% 01/28","15yr",,,,,"502798.84",,,,,,""
"2021-04-21","'3131YBS90'","MBS","UMBS MORTPASS 4% 04/49","30yr",,,,,"502740.72",,,,,,""
"2021-04-21","'31307RXZ3'","MBS","FHLMCGLD 2% 09/31","15yr",,,,,"502692.18",,,,,,""
"2021-04-21","'31307T4M0'","MBS","FHLMCGLD 3.5% 06/32","15yr",,,,,"502659.07",,,,,,""
"2021-04-21","'3138NY4M4'","MBS","UMBS MORTPASS 3% 02/43","30yr",,,,,"502562.19",,,,,,""
"2021-04-21","'31307NHR8'","MBS","FHLMCGLD 3% 06/30","15yr",,,,,"502551.14",,,,,,""
"2021-04-21","'3131YBJC3'","MBS","UMBS MORTPASS 4% 04/49","30yr",,,,,"502361.37",,,,,,""
"2021-04-21","'36297BF55'","MBS","GNMA I MORTPASS 5% 02/40","30yr",,,,,"502338.32",,,,,,""
"2021-04-21","'36179EKH0'","MBS","GNMA I MORTPASS 3% 03/43","30yr",,,,,"502186.15",,,,,,""
"2021-04-21","'3140JRYG0'","MBS","UMBS MORTPASS 4.5% 05/49","30yr",,,,,"502016.3",,,,,,""
"2021-04-21","'3620AAVH8'","MBS","GNMA I 4.5% 09/39","30yr",,,,,"501744.01",,,,,,""
"2021-04-21","'3133KGPZ5'","MBS","UMBS MORTPASS 3% 09/49","30yr",,,,,"501660.34",,,,,,""
"2021-04-21","'3140F34L9'","MBS","UMBS MORTPASS 3% 07/31","15yr",,,,,"501330.84",,,,,,""
"2021-04-21","'3138WVHG9'","MBS","UMBS MORTPASS 2.5% 05/28","15yr",,,,,"501234.37",,,,,,""
"2021-04-21","'3140H6HN2'","MBS","UMBS MORTPASS 3% 01/33","15yr",,,,,"501165.18",,,,,,""
"2021-04-21","'3138YNBF3'","MBS","UMBS MORTPASS 3% 07/30","15yr",,,,,"500841.74",,,,,,""
"2021-04-21","'3132HRB58'","MBS","FHLMCGLD 3% 01/43","30yr",,,,,"500833.1",,,,,,""
"2021-04-21","'3140FR5S0'","MBS","UMBS MORTPASS 3.5% 05/32","15yr",,,,,"500675.08",,,,,,""
"2021-04-21","'36181A3X8'","MBS","GNMA I 3.5% 07/43","30yr",,,,,"500352.05",,,,,,""
"2021-04-21","'3140KDNU0'","MBS","UMBS MORTPASS 2% 05/35","15yr",,,,,"500000.24",,,,,,""
"2021-04-21","'36230PBH2'","MBS","GNMA I MORTPASS 4% 01/42","30yr",,,,,"499950.33",,,,,,""
"2021-04-21","'36230SHT4'","MBS","GNMA I MORTPASS 4% 08/41","30yr",,,,,"499856.29",,,,,,""
"2021-04-21","'3131YCTU0'","MBS","UMBS MORTPASS 4.5% 05/49","30yr",,,,,"499468.26",,,,,,""
"2021-04-21","'3138M3JB1'","MBS","UMBS MORTPASS 3% 08/27","15yr",,,,,"499368.68",,,,,,""
"2021-04-21","'31307VPX8'","MBS","FHLMCGLD 2.5% 02/33","15yr",,,,,"499228.03",,,,,,""
"2021-04-21","'36179JG35'","MBS","GNMA I MORTPASS 3% 02/43","30yr",,,,,"499193.71",,,,,,""
"2021-04-21","'3140QCCL8'","MBS","UMBS MORTPASS 4% 08/49","30yr",,,,,"499172.62",,,,,,""
"2021-04-21","'31335CJH8'","MBS","FHLMCGLD 5% 03/36","30yr",,,,,"499013.82",,,,,,"Y"
"2021-04-21","'3138XVUL2'","MBS","UMBS MORTPASS 3% 05/29","15yr",,,,,"498832.76",,,,,,""
"2021-04-21","'31307NVF8'","MBS","FHLMCGLD 3% 08/30","15yr",,,,,"498777.44",,,,,,""
"2021-04-21","'3133KHB47'","MBS","UMBS MORTPASS 3% 12/49","30yr",,,,,"498648.76",,,,,,""
"2021-04-21","'3138M5R92'","MBS","UMBS MORTPASS 3% 09/27","15yr",,,,,"498639.8",,,,,,""
"2021-04-21","'3140Q8J97'","MBS","UMBS MORTPASS 3.5% 02/48","30yr",,,,,"498578.72",,,,,,""
"2021-04-21","'3132A9QU4'","MBS","UMBS MORTPASS 2% 05/30","15yr",,,,,"498212.12",,,,,,""
"2021-04-21","'312936L96'","MBS","FHLMCGLD 4.5% 10/39","30yr",,,,,"498011.93",,,,,,""
"2021-04-21","'3138A7GV4'","MBS","UMBS MORTPASS 3% 02/26","15yr",,,,,"497937.57",,,,,,""
"2021-04-21","'31417UET8'","MBS","UMBS MORTPASS 5% 05/40","30yr",,,,,"497819.41",,,,,,""
"2021-04-21","'31418CPR9'","MBS","UMBS MORTPASS 3% 09/27","Other",,,,,"497800.27",,,,,,""
"2021-04-21","'3140X5VB6'","MBS","UMBS MORTPASS 2.5% 06/29","15yr",,,,,"497771.79",,,,,,""
"2021-04-21","'3140H93U5'","MBS","UMBS MORTPASS 2.5% 01/33","15yr",,,,,"497764.02",,,,,,""
"2021-04-21","'3140JVR46'","MBS","UMBS MORTPASS 3.5% 09/49","30yr",,,,,"497749.02",,,,,,""
"2021-04-21","'36296PW72'","MBS","GNMA I 4.5% 05/39","30yr",,,,,"497693.83",,,,,,""
"2021-04-21","'3138WXRQ2'","MBS","UMBS MORTPASS 3% 07/28","15yr",,,,,"497678.75",,,,,,""
"2021-04-21","'3140FDZH2'","MBS","UMBS MORTPASS 3% 10/31","15yr",,,,,"497675.89",,,,,,""
"2021-04-21","'31307TUY5'","MBS","FHLMCGLD 3.5% 05/32","15yr",,,,,"497656.8",,,,,,""
"2021-04-21","'31307NRR7'","MBS","FHLMCGLD 2.5% 07/30","15yr",,,,,"497638.42",,,,,,""
"2021-04-21","'36178WRA9'","MBS","GNMA I 3.5% 11/42","30yr",,,,,"497396.74",,,,,,""
"2021-04-21","'3138E9W22'","MBS","UMBS MORTPASS 2.5% 03/27","15yr",,,,,"497328.64",,,,,,""
"2021-04-21","'3138MQME0'","MBS","UMBS MORTPASS 3% 01/28","15yr",,,,,"497259.31",,,,,,""
"2021-04-21","'3140E3BG3'","MBS","UMBS MORTPASS 2.5% 09/30","15yr",,,,,"497231.93",,,,,,""
"2021-04-21","'3140K5W60'","MBS","UMBS MORTPASS 2.5% 01/35","15yr",,,,,"497200.93",,,,,,""
"2021-04-21","'31307TUQ2'","MBS","FHLMCGLD 2.5% 04/32","15yr",,,,,"497149.16",,,,,,""
"2021-04-21","'3131X7HJ0'","MBS","UMBS MORTPASS 3% 01/27","15yr",,,,,"496914.53",,,,,,""
"2021-04-21","'3128MJXJ4'","MBS","FHLMCGLD 3% 12/45","30yr",,,,,"496752.5",,,,,,""
"2021-04-21","'3140KYMP6'","MBS","UMBS MORTPASS 2.5% 12/50","30yr",,,,,"496716.37",,,,,,""
"2021-04-21","'3138WA6D4'","MBS","UMBS MORTPASS 4% 02/44","30yr",,,,,"496564.86",,,,,,""
"2021-04-21","'3138M3QK3'","MBS","UMBS MORTPASS 3% 07/27","15yr",,,,,"496527.18",,,,,,""
"2021-04-21","'3138X3UN0'","MBS","UMBS MORTPASS 3% 07/28","15yr",,,,,"496478.72",,,,,,""
"2021-04-21","'31417BQZ3'","MBS","UMBS MORTPASS 2.5% 04/22","Other",,,,,"496465.14",,,,,,""
"2021-04-21","'3140HKDF2'","MBS","UMBS MORTPASS 3.5% 05/33","15yr",,,,,"496031.01",,,,,,""
"2021-04-21","'3138M4LC4'","MBS","UMBS MORTPASS 2.5% 11/27","15yr",,,,,"495838.14",,,,,,""
"2021-04-21","'312938ZW6'","MBS","FHLMCGLD 4.5% 01/40","30yr",,,,,"495836.12",,,,,,""
"2021-04-21","'3138WC7J6'","MBS","UMBS MORTPASS 2.5% 10/29","15yr",,,,,"495614.27",,,,,,""
"2021-04-21","'3620A7KB0'","MBS","GNMA I MORTPASS 5% 11/39","30yr",,,,,"495572.59",,,,,,""
"2021-04-21","'3131X8GU4'","MBS","UMBS MORTPASS 2.5% 12/27","15yr",,,,,"495429.11",,,,,,""
"2021-04-21","'3132ADT99'","MBS","UMBS MORTPASS 3.5% 02/48","30yr",,,,,"495370.81",,,,,,""
"2021-04-21","'3138W7FR0'","MBS","UMBS MORTPASS 3% 05/28","15yr",,,,,"495263.02",,,,,,""
"2021-04-21","'3140JVV58'","MBS","UMBS MORTPASS 4.5% 07/49","30yr",,,,,"495262.99",,,,,,""
"2021-04-21","'3138WTQJ8'","MBS","UMBS MORTPASS 3.5% 06/43","30yr",,,,,"495124.21",,,,,,""
"2021-04-21","'3131X9WA8'","MBS","UMBS MORTPASS 2% 09/23","Other",,,,,"495078.62",,,,,,""
"2021-04-21","'3140HKL63'","MBS","UMBS MORTPASS 3.5% 05/33","15yr",,,,,"495012.46",,,,,,""
"2021-04-21","'3138EKJJ5'","MBS","UMBS MORTPASS 2.5% 07/27","15yr",,,,,"494954.99",,,,,,""
"2021-04-21","'3132M9ZW7'","MBS","FHLMCGLD 3.5% 10/44","30yr",,,,,"494861.69",,,,,,""
"2021-04-21","'31334YTH0'","MBS","UMBS MORTPASS 3% 09/49","30yr",,,,,"494802.26",,,,,,""
"2021-04-21","'31307ATG7'","MBS","FHLMCGLD 2.5% 01/28","15yr",,,,,"494777.78",,,,,,""
"2021-04-21","'31410LMQ2'","MBS","UMBS MORTPASS 4% 11/43","30yr",,,,,"494768.91",,,,,,""
"2021-04-21","'3138WCN58'","MBS","UMBS MORTPASS 3% 08/29","15yr",,,,,"494729.46",,,,,,""
"2021-04-21","'3620A7K95'","MBS","GNMA I 4.5% 01/40","30yr",,,,,"494637.16",,,,,,""
"2021-04-21","'3140KYPM0'","MBS","UMBS MORTPASS 2% 02/36","15yr",,,,,"494501.55",,,,,,""
"2021-04-21","'3128MJWA4'","MBS","FHLMCGLD 3% 05/45","30yr",,,,,"494345.39",,,,,,""
"2021-04-21","'3128PTGT6'","MBS","FHLMCGLD 3.5% 12/25","15yr",,,,,"494299.11",,,,,,""
"2021-04-21","'3140GTMQ0'","MBS","UMBS MORTPASS 3% 06/32","15yr",,,,,"494078.69",,,,,,""
"2021-04-21","'3140FDZG4'","MBS","UMBS MORTPASS 3% 10/31","15yr",,,,,"494028.44",,,,,,""
"2021-04-21","'36297FJD5'","MBS","GNMA I 4.5% 07/39","30yr",,,,,"494017.06",,,,,,""
"2021-04-21","'3140X8KM8'","MBS","UMBS MORTPASS 2% 11/50","30yr",,,,,"493991.07",,,,,,""
"2021-04-21","'36291UP58'","MBS","GNMA I 4.5% 08/39","30yr",,,,,"493859.7",,,,,,""
"2021-04-21","'3138WVA76'","MBS","UMBS MORTPASS 2% 07/28","15yr",,,,,"493741.2",,,,,,""
"2021-04-21","'3138E5YJ1'","MBS","UMBS MORTPASS 3% 01/27","15yr",,,,,"493719.19",,,,,,""
"2021-04-21","'31307VKL9'","MBS","FHLMCGLD 2.5% 01/33","15yr",,,,,"493640.68",,,,,,""
"2021-04-21","'3140H8ZZ1'","MBS","UMBS MORTPASS 3% 08/33","15yr",,,,,"493607.99",,,,,,""
"2021-04-21","'3140H6FG9'","MBS","UMBS MORTPASS 3% 01/48","30yr",,,,,"493127.85",,,,,,""
"2021-04-21","'3133G6FW0'","MBS","UMBS MORTPASS 3.5% 07/34","15yr",,,,,"492937.43",,,,,,""
"2021-04-21","'31414UUK2'","MBS","UMBS MORTPASS 6.5% 04/38","30yr",,,,,"492813.75",,,,,,""
"2021-04-21","'3140HN5N8'","MBS","UMBS MORTPASS 3.5% 09/33","15yr",,,,,"492676.55",,,,,,""
"2021-04-21","'3138XY6M1'","MBS","UMBS MORTPASS 3.5% 07/29","15yr",,,,,"492473.89",,,,,,""
"2021-04-21","'31329NZ92'","MBS","UMBS MORTPASS 3% 02/48","30yr",,,,,"492432.37",,,,,,""
"2021-04-21","'36295UB42'","MBS","GNMA I MORTPASS 5% 02/40","30yr",,,,,"492184.9",,,,,,""
"2021-04-21","'3140E8DC9'","MBS","UMBS MORTPASS 2.5% 10/30","15yr",,,,,"492180.14",,,,,,""
"2021-04-21","'3138WXRS8'","MBS","UMBS MORTPASS 3% 07/28","15yr",,,,,"492132.54",,,,,,""
"2021-04-21","'3131X8GX8'","MBS","UMBS MORTPASS 2.5% 12/27","15yr",,,,,"491959.32",,,,,,""
"2021-04-21","'3140J6DU8'","MBS","UMBS MORTPASS 2.5% 08/31","15yr",,,,,"491887.2",,,,,,""
"2021-04-21","'3138WG2D5'","MBS","UMBS MORTPASS 3.5% 04/31","15yr",,,,,"491774.24",,,,,,""
"2021-04-21","'3138MHP49'","MBS","UMBS MORTPASS 2.5% 10/27","15yr",,,,,"491647.55",,,,,,""
"2021-04-21","'3131XXKC4'","MBS","UMBS MORTPASS 3% 08/47","30yr",,,,,"491514.04",,,,,,""
"2021-04-21","'3131XAUU3'","MBS","UMBS MORTPASS 2.5% 09/24","Other",,,,,"491496.55",,,,,,""
"2021-04-21","'31418BKL9'","MBS","UMBS MORTPASS 3.5% 11/29","15yr",,,,,"491234.27",,,,,,""
"2021-04-21","'3138MTDY0'","MBS","UMBS MORTPASS 3% 02/27","15yr",,,,,"491144",,,,,,""
"2021-04-21","'31417EM73'","MBS","UMBS MORTPASS 3% 01/43","30yr",,,,,"491063.36",,,,,,""
"2021-04-21","'36176P3R5'","MBS","GNMA I 3.5% 05/42","30yr",,,,,"490976.83",,,,,,""
"2021-04-21","'3138Y7MR0'","MBS","UMBS MORTPASS 3.5% 10/29","15yr",,,,,"490863.98",,,,,,""
"2021-04-21","'3138WJ7F9'","MBS","UMBS MORTPASS 2.5% 03/27","Other",,,,,"490791.12",,,,,,""
"2021-04-21","'31417DRF2'","MBS","UMBS MORTPASS 2.5% 11/27","15yr",,,,,"490715.32",,,,,,""
"2021-04-21","'3620A6UE5'","MBS","GNMA I 4.5% 08/39","30yr",,,,,"490538.3",,,,,,""
"2021-04-21","'3620A25L6'","MBS","GNMA I 3.5% 03/42","30yr",,,,,"490441",,,,,,""
"2021-04-21","'3140Q9JA2'","MBS","UMBS MORTPASS 4.5% 07/48","30yr",,,,,"490415.04",,,,,,""
"2021-04-21","'3620A3BE3'","MBS","GNMA I MORTPASS 3% 03/43","30yr",,,,,"490392",,,,,,""
"2021-04-21","'36180NZG3'","MBS","GNMA I 3.5% 06/43","30yr",,,,,"490280.89",,,,,,""
"2021-04-21","'3132A7TH4'","MBS","UMBS MORTPASS 2.5% 11/23","Other",,,,,"490189.63",,,,,,""
"2021-04-21","'31307NA46'","MBS","FHLMCGLD 3% 06/30","15yr",,,,,"489840.9",,,,,,""
"2021-04-21","'3138XMKP4'","MBS","UMBS MORTPASS 3.5% 02/29","15yr",,,,,"489701.37",,,,,,""
"2021-04-21","'3131X9PU2'","MBS","UMBS MORTPASS 2% 08/23","Other",,,,,"489670.73",,,,,,""
"2021-04-21","'36177TKF3'","MBS","GNMA I MORTPASS 3% 04/42","30yr",,,,,"489630.01",,,,,,""
"2021-04-21","'31417GSE7'","MBS","UMBS MORTPASS 2.5% 05/28","15yr",,,,,"489570.7",,,,,,""
"2021-04-21","'31416X5F3'","MBS","UMBS MORTPASS 4.5% 05/41","30yr",,,,,"489532.85",,,,,,""
"2021-04-21","'3138MJHQ5'","MBS","UMBS MORTPASS 2.5% 01/28","15yr",,,,,"489332.77",,,,,,""
"2021-04-21","'3620AFG50'","MBS","GNMA I MORTPASS 5% 12/39","30yr",,,,,"489301.54",,,,,,""
"2021-04-21","'3620ABD45'","MBS","GNMA I MORTPASS 5% 04/40","30yr",,,,,"489068.24",,,,,,""
"2021-04-21","'3133KKVK2'","MBS","UMBS MORTPASS 2.5% 12/50","30yr",,,,,"489041.61",,,,,,""
"2021-04-21","'3138MD7H9'","MBS","UMBS MORTPASS 3% 10/27","15yr",,,,,"488995.78",,,,,,""
"2021-04-21","'31307RQJ7'","MBS","FHLMCGLD 2.5% 08/31","15yr",,,,,"488845.69",,,,,,""
"2021-04-21","'3140H4N34'","MBS","UMBS MORTPASS 2.5% 11/32","15yr",,,,,"488817.67",,,,,,""
"2021-04-21","'36297FT51'","MBS","GNMA I MORTPASS 5% 08/39","30yr",,,,,"488677.13",,,,,,""
"2021-04-21","'31329LEB4'","MBS","UMBS MORTPASS 2.5% 03/28","15yr",,,,,"488657.12",,,,,,""
"2021-04-21","'31307TKS9'","MBS","FHLMCGLD 3% 03/32","15yr",,,,,"488640.46",,,,,,""
"2021-04-21","'3138MSB24'","MBS","UMBS MORTPASS 2% 01/28","15yr",,,,,"488568.23",,,,,,""
"2021-04-21","'31307GNE5'","MBS","FHLMCGLD 3.5% 03/29","15yr",,,,,"488545.61",,,,,,""
"2021-04-21","'31307NVD3'","MBS","FHLMCGLD 2.5% 08/30","15yr",,,,,"488299.99",,,,,,""
"2021-04-21","'3140K8H95'","MBS","UMBS MORTPASS 3% 01/50","30yr",,,,,"488241.09",,,,,,""
"2021-04-21","'3132WDCH5'","MBS","FHLMCGLD 4% 04/46","30yr",,,,,"488225.04",,,,,,""
"2021-04-21","'31307PFH7'","MBS","FHLMCGLD 2.5% 08/30","15yr",,,,,"488184.51",,,,,,""
"2021-04-21","'3138M4LF7'","MBS","UMBS MORTPASS 2.5% 12/27","15yr",,,,,"488135.77",,,,,,""
"2021-04-21","'3132J7BF8'","MBS","FHLMCGLD 3.5% 02/43","30yr",,,,,"488124.86",,,,,,""
"2021-04-21","'3140E2UW9'","MBS","UMBS MORTPASS 2.5% 12/30","15yr",,,,,"488123.27",,,,,,""
"2021-04-21","'3138E1R25'","MBS","UMBS MORTPASS 3% 02/27","15yr",,,,,"488047.59",,,,,,""
"2021-04-21","'3133G6K79'","MBS","UMBS MORTPASS 3% 07/29","15yr",,,,,"487990.35",,,,,,""
"2021-04-21","'3140K4VZ0'","MBS","UMBS MORTPASS 2.5% 11/34","15yr",,,,,"487796.55",,,,,,""
"2021-04-21","'3140JPBR5'","MBS","UMBS MORTPASS 2% 01/35","15yr",,,,,"487743.79",,,,,,""
"2021-04-21","'3140J5NB1'","MBS","UMBS MORTPASS 4.5% 05/47","30yr",,,,,"487589.81",,,,,,""
"2021-04-21","'3132A8SL4'","MBS","UMBS MORTPASS 3% 01/29","15yr",,,,,"487588.6",,,,,,""
"2021-04-21","'3131Y9ZG1'","MBS","UMBS MORTPASS 3% 02/49","30yr",,,,,"487395",,,,,,""
"2021-04-21","'3138W3C35'","MBS","UMBS MORTPASS 3% 02/28","15yr",,,,,"487275.91",,,,,,""
"2021-04-21","'3140HHF59'","MBS","UMBS MORTPASS 4% 10/48","30yr",,,,,"487242.74",,,,,,""
"2021-04-21","'36295CGR6'","MBS","GNMA I MORTPASS 3% 01/43","30yr",,,,,"487211.43",,,,,,""
"2021-04-21","'3132M4XG5'","MBS","FHLMCGLD 3.5% 01/44","30yr",,,,,"487057.93",,,,,,""
"2021-04-21","'3620A7PM1'","MBS","GNMA I MORTPASS 5% 10/39","30yr",,,,,"486960.74",,,,,,""
"2021-04-21","'3138LTM54'","MBS","UMBS MORTPASS 3.5% 05/27","15yr",,,,,"486898.41",,,,,,""
"2021-04-21","'3140KBZE7'","MBS","UMBS MORTPASS 3% 03/50","30yr",,,,,"486592.85",,,,,,""
"2021-04-21","'31416W6E7'","MBS","UMBS MORTPASS 3% 11/25","15yr",,,,,"486280.09",,,,,,""
"2021-04-21","'31307T2L4'","MBS","FHLMCGLD 3% 06/32","15yr",,,,,"485928.69",,,,,,""
"2021-04-21","'31307M7B6'","MBS","FHLMCGLD 3% 05/30","15yr",,,,,"485760.75",,,,,,""
"2021-04-21","'31307WFX7'","MBS","FHLMCGLD 3.5% 06/33","15yr",,,,,"485705.54",,,,,,""
"2021-04-21","'3138X5HD2'","MBS","UMBS MORTPASS 3% 08/28","15yr",,,,,"485620.76",,,,,,""
"2021-04-21","'3138W3UY7'","MBS","UMBS MORTPASS 2.5% 04/28","15yr",,,,,"485451",,,,,,""
"2021-04-21","'31307UKG2'","MBS","FHLMCGLD 3.5% 08/32","15yr",,,,,"485332.8",,,,,,""
"2021-04-21","'36296GJB8'","MBS","GNMA I MORTPASS 4% 01/41","30yr",,,,,"485285.63",,,,,,""
"2021-04-21","'31307HJ24'","MBS","FHLMCGLD 3% 06/29","15yr",,,,,"485258.26",,,,,,""
"2021-04-21","'31307SS38'","MBS","FHLMCGLD 3.5% 12/31","15yr",,,,,"485258.04",,,,,,""
"2021-04-21","'3138AGY28'","MBS","UMBS MORTPASS 3.5% 05/26","15yr",,,,,"485029.76",,,,,,""
"2021-04-21","'31307JD83'","MBS","FHLMCGLD 3% 08/29","15yr",,,,,"485003.53",,,,,,""
"2021-04-21","'3140X43D6'","MBS","UMBS MORTPASS 2.5% 03/31","15yr",,,,,"484946.05",,,,,,""
"2021-04-21","'3131XAC33'","MBS","UMBS MORTPASS 2.5% 01/24","Other",,,,,"484891.3",,,,,,""
"2021-04-21","'36180FTR3'","MBS","GNMA I MORTPASS 3% 03/43","30yr",,,,,"484887.35",,,,,,""
"2021-04-21","'3138W4XQ9'","MBS","UMBS MORTPASS 3% 12/42","30yr",,,,,"484763.05",,,,,,""
"2021-04-21","'3140E63E0'","MBS","UMBS MORTPASS 3.5% 11/45","30yr",,,,,"484600.42",,,,,,""
"2021-04-21","'31307EXF6'","MBS","FHLMCGLD 3% 10/28","15yr",,,,,"484500.93",,,,,,""
"2021-04-21","'36294QLT6'","MBS","GNMA I 3.5% 11/41","30yr",,,,,"484267.58",,,,,,""
"2021-04-21","'3133KKLQ0'","MBS","UMBS MORTPASS 2.5% 11/50","30yr",,,,,"484150.03",,,,,,""
"2021-04-21","'3140H5NJ6'","MBS","UMBS MORTPASS 3% 02/33","15yr",,,,,"484009.43",,,,,,""
"2021-04-21","'31307QXU6'","MBS","FHLMCGLD 2.5% 05/31","15yr",,,,,"483842.48",,,,,,""
"2021-04-21","'3133G93Q0'","MBS","UMBS MORTPASS 1.5% 09/35","15yr",,,,,"483768.07",,,,,,""
"2021-04-21","'3140KNPN2'","MBS","UMBS MORTPASS 2% 10/35","15yr",,,,,"483605.51",,,,,,""
"2021-04-21","'31417QLL6'","MBS","UMBS MORTPASS 4% 10/24","15yr",,,,,"483600.49",,,,,,""
"2021-04-21","'3140HAQQ6'","MBS","UMBS MORTPASS 3% 03/33","15yr",,,,,"483556.66",,,,,,""
"2021-04-21","'3138E5B31'","MBS","UMBS MORTPASS 3% 01/27","15yr",,,,,"483475.87",,,,,,""
"2021-04-21","'3138WTX92'","MBS","UMBS MORTPASS 2.5% 06/28","15yr",,,,,"483099.12",,,,,,""
"2021-04-21","'3131X84J2'","MBS","UMBS MORTPASS 2% 04/23","Other",,,,,"483057.43",,,,,,""
"2021-04-21","'31418DEG3'","MBS","UMBS MORTPASS 2.5% 06/29","Other",,,,,"482843.41",,,,,,""
"2021-04-21","'3138E8YR7'","MBS","UMBS MORTPASS 3% 05/27","15yr",,,,,"482784.56",,,,,,""
"2021-04-21","'36176E5P2'","MBS","GNMA I 3.5% 12/41","30yr",,,,,"482778.88",,,,,,""
"2021-04-21","'3140EWGM1'","MBS","UMBS MORTPASS 2.5% 05/31","15yr",,,,,"482746.96",,,,,,""
"2021-04-21","'31417CPC3'","MBS","UMBS MORTPASS 2% 08/27","15yr",,,,,"482436.93",,,,,,""
"2021-04-21","'3131Y0LR1'","MBS","UMBS MORTPASS 3.5% 02/48","30yr",,,,,"482385.5",,,,,,""
"2021-04-21","'3132J7Z88'","MBS","FHLMCGLD 3% 03/43","30yr",,,,,"482345.49",,,,,,""
"2021-04-21","'3140EVPN1'","MBS","UMBS MORTPASS 3% 02/31","15yr",,,,,"482317.37",,,,,,""
"2021-04-21","'3140H5MS7'","MBS","UMBS MORTPASS 2.5% 01/33","15yr",,,,,"482295.58",,,,,,""
"2021-04-21","'312939UP4'","MBS","FHLMCGLD 5% 03/40","30yr",,,,,"482135.6",,,,,,""
"2021-04-21","'31418CYD0'","MBS","UMBS MORTPASS 3% 07/28","Other",,,,,"482133.77",,,,,,""
"2021-04-21","'3138WJTG3'","MBS","UMBS MORTPASS 3% 01/47","30yr",,,,,"481992.85",,,,,,""
"2021-04-21","'3620AJKQ1'","MBS","GNMA I MORTPASS 5% 12/39","30yr",,,,,"481938.28",,,,,,""
"2021-04-21","'3140FHU88'","MBS","UMBS MORTPASS 2% 01/28","15yr",,,,,"481818.84",,,,,,""
"2021-04-21","'3140HASN1'","MBS","UMBS MORTPASS 3.5% 05/33","15yr",,,,,"481558.67",,,,,,""
"2021-04-21","'3133KGP28'","MBS","UMBS MORTPASS 3% 09/49","30yr",,,,,"481536.55",,,,,,""
"2021-04-21","'3140E4ZE0'","MBS","UMBS MORTPASS 3% 09/30","15yr",,,,,"481416.25",,,,,,""
"2021-04-21","'3138WN3H0'","MBS","UMBS MORTPASS 3% 04/28","15yr",,,,,"481330.04",,,,,,""
"2021-04-21","'36176W5X5'","MBS","GNMA I 3.5% 01/42","30yr",,,,,"481277.17",,,,,,""
"2021-04-21","'31417C5M3'","MBS","UMBS MORTPASS 2% 09/22","Other",,,,,"480977.07",,,,,,""
"2021-04-21","'31307VT71'","MBS","FHLMCGLD 3.5% 02/33","15yr",,,,,"480893.95",,,,,,""
"2021-04-21","'36177N3A6'","MBS","GNMA I MORTPASS 4% 04/42","30yr",,,,,"480836.34",,,,,,""
"2021-04-21","'31418AVD7'","MBS","UMBS MORTPASS 2.5% 07/33","Other",,,,,"480788.24",,,,,,""
"2021-04-21","'3138WNFQ7'","MBS","UMBS MORTPASS 3% 05/28","15yr",,,,,"480650.07",,,,,,""
"2021-04-21","'3140JP3Y9'","MBS","UMBS MORTPASS 2.5% 03/50","30yr",,,,,"480570.41",,,,,,""
"2021-04-21","'3138XFZA6'","MBS","UMBS MORTPASS 3% 11/28","15yr",,,,,"480302.49",,,,,,""
"2021-04-21","'3620AE3U2'","MBS","GNMA I MORTPASS 5% 12/39","30yr",,,,,"480011.18",,,,,,""
"2021-04-21","'36177TCZ8'","MBS","GNMA I 3.5% 04/42","30yr",,,,,"479894.62",,,,,,""
"2021-04-21","'31418CHV9'","MBS","UMBS MORTPASS 2.5% 02/37","Other",,,,,"479879.14",,,,,,""
"2021-04-21","'31307Q2M8'","MBS","FHLMCGLD 3% 05/31","15yr",,,,,"479824.99",,,,,,""
"2021-04-21","'3140E8W61'","MBS","UMBS MORTPASS 2.5% 12/30","15yr",,,,,"479709.37",,,,,,""
"2021-04-21","'3140QB4F2'","MBS","UMBS MORTPASS 3% 10/49","30yr",,,,,"479617.88",,,,,,""
"2021-04-21","'3140FUQC5'","MBS","UMBS MORTPASS 4.5% 06/47","30yr",,,,,"479409.33",,,,,,""
"2021-04-21","'36297KMA6'","MBS","GNMA I 4.5% 05/39","30yr",,,,,"479283.53",,,,,,""
"2021-04-21","'3138ELA29'","MBS","UMBS MORTPASS 3% 05/28","15yr",,,,,"479232.49",,,,,,""
"2021-04-21","'3133A4ZL3'","MBS","UMBS MORTPASS 2.5% 05/50","30yr",,,,,"479144.06",,,,,,""
"2021-04-21","'31307JV91'","MBS","FHLMCGLD 2.5% 10/29","15yr",,,,,"479141.49",,,,,,""
"2021-04-21","'36177WNC0'","MBS","GNMA I 3.5% 05/42","30yr",,,,,"479037.13",,,,,,""
"2021-04-21","'3138XMHJ2'","MBS","UMBS MORTPASS 3% 03/29","15yr",,,,,"479015.59",,,,,,""
"2021-04-21","'36180KRF0'","MBS","GNMA I 3.5% 05/43","30yr",,,,,"478763.74",,,,,,""
"2021-04-21","'3138NWJK6'","MBS","UMBS MORTPASS 3% 01/43","30yr",,,,,"478726.75",,,,,,""
"2021-04-21","'3138Y3YF2'","MBS","UMBS MORTPASS 3% 10/29","15yr",,,,,"478604.97",,,,,,""
"2021-04-21","'36294UWP3'","MBS","GNMA I MORTPASS 3% 09/42","30yr",,,,,"478526.54",,,,,,""
"2021-04-21","'36181BNV8'","MBS","GNMA I MORTPASS 4% 07/43","30yr",,,,,"478414.09",,,,,,""
"2021-04-21","'3132WJMR9'","MBS","FHLMCGLD 4% 12/46","30yr",,,,,"478406.69",,,,,,""
"2021-04-21","'3131XCDE4'","MBS","UMBS MORTPASS 2.5% 08/31","15yr",,,,,"478355.58",,,,,,""
"2021-04-21","'3140HASC5'","MBS","UMBS MORTPASS 3.5% 04/33","15yr",,,,,"478310.33",,,,,,""
"2021-04-21","'3140JNV72'","MBS","UMBS MORTPASS 4.5% 04/49","30yr",,,,,"478308.99",,,,,,""
"2021-04-21","'3131YDG73'","MBS","UMBS MORTPASS 3.5% 04/49","30yr",,,,,"478207.27",,,,,,""
"2021-04-21","'3132M9DF8'","MBS","FHLMCGLD 3.5% 09/44","30yr",,,,,"478193.46",,,,,,""
"2021-04-21","'3132QPVC5'","MBS","FHLMCGLD 3% 05/45","30yr",,,,,"478095.18",,,,,,""
"2021-04-21","'3138Y7KN1'","MBS","UMBS MORTPASS 3.5% 10/29","15yr",,,,,"478017.04",,,,,,""
"2021-04-21","'3131XYYX1'","MBS","UMBS MORTPASS 3.5% 12/47","30yr",,,,,"477977.47",,,,,,""
"2021-04-21","'3138WKXB6'","MBS","UMBS MORTPASS 3.5% 05/47","30yr",,,,,"477926.49",,,,,,""
"2021-04-21","'3620AQKP7'","MBS","GNMA I MORTPASS 5% 03/40","30yr",,,,,"477885.88",,,,,,""
"2021-04-21","'3138XHTP6'","MBS","UMBS MORTPASS 3% 11/28","15yr",,,,,"477757.95",,,,,,""
"2021-04-21","'3138WBKF1'","MBS","UMBS MORTPASS 3% 03/24","Other",,,,,"477603.93",,,,,,""
"2021-04-21","'3140H7WN3'","MBS","UMBS MORTPASS 3.5% 03/33","15yr",,,,,"477507.12",,,,,,""
"2021-04-21","'3131X9GH1'","MBS","UMBS MORTPASS 2% 06/23","Other",,,,,"477423.38",,,,,,""
"2021-04-21","'3132A7SF9'","MBS","UMBS MORTPASS 3% 04/27","15yr",,,,,"477203.9",,,,,,""
"2021-04-21","'3138EEBP3'","MBS","UMBS MORTPASS 3% 04/27","15yr",,,,,"477175.27",,,,,,""
"2021-04-21","'3138A2CD9'","MBS","UMBS MORTPASS 3.5% 12/25","15yr",,,,,"477106.46",,,,,,""
"2021-04-21","'3140FHYW1'","MBS","UMBS MORTPASS 2.5% 10/31","15yr",,,,,"477007.42",,,,,,""
"2021-04-21","'3132WHP58'","MBS","FHLMCGLD 3% 11/46","30yr",,,,,"476994.71",,,,,,""
"2021-04-21","'3140K12J4'","MBS","UMBS MORTPASS 3% 10/49","30yr",,,,,"476776.23",,,,,,""
"2021-04-21","'3140GQZJ8'","MBS","UMBS MORTPASS 3% 07/32","15yr",,,,,"476724.25",,,,,,""
"2021-04-21","'3138X1EV4'","MBS","UMBS MORTPASS 2.5% 08/28","15yr",,,,,"476714.12",,,,,,""
"2021-04-21","'31307GZ36'","MBS","FHLMCGLD 3% 04/29","15yr",,,,,"476647.22",,,,,,""
"2021-04-21","'31307MRS7'","MBS","FHLMCGLD 3% 05/30","15yr",,,,,"476637.78",,,,,,""
"2021-04-21","'3138WFER3'","MBS","UMBS MORTPASS 2.5% 08/25","Other",,,,,"476624.24",,,,,,""
"2021-04-21","'3138MNR85'","MBS","UMBS MORTPASS 2.5% 01/28","15yr",,,,,"476601.12",,,,,,""
"2021-04-21","'3128MD4G5'","MBS","FHLMCGLD 3% 06/24","15yr",,,,,"476511.43",,,,,,""
"2021-04-21","'3140HMGL2'","MBS","UMBS MORTPASS 3.5% 07/48","30yr",,,,,"476285.59",,,,,,""
"2021-04-21","'3133AE7D0'","MBS","UMBS MORTPASS 2.5% 01/51","30yr",,,,,"476246.12",,,,,,""
"2021-04-21","'3140FR5K7'","MBS","UMBS MORTPASS 3.5% 04/32","15yr",,,,,"476224.12",,,,,,""
"2021-04-21","'31307NPV0'","MBS","FHLMCGLD 3% 07/30","15yr",,,,,"476218.11",,,,,,""
"2021-04-21","'3128CUN93'","MBS","FHLMCGLD 6.5% 12/27","Other",,,,,"476045.69",,,,,,""
"2021-04-21","'3138XT5Z4'","MBS","UMBS MORTPASS 3% 04/29","15yr",,,,,"476031.2",,,,,,""
"2021-04-21","'3138XPWN9'","MBS","UMBS MORTPASS 3% 02/29","15yr",,,,,"475908.85",,,,,,""
"2021-04-21","'31339UJ43'","MBS","UMBS MORTPASS 4.5% 10/49","30yr",,,,,"475810.63",,,,,,""
"2021-04-21","'3140H2DH8'","MBS","UMBS MORTPASS 3.5% 12/47","30yr",,,,,"475630.14",,,,,,""
"2021-04-21","'31307L4N5'","MBS","FHLMCGLD 2.5% 02/30","15yr",,,,,"475145.53",,,,,,""
"2021-04-21","'3131X8AG1'","MBS","UMBS MORTPASS 2.5% 10/22","Other",,,,,"474973.96",,,,,,""
"2021-04-21","'31418CUD4'","MBS","UMBS MORTPASS 3% 02/38","Other",,,,,"474792.95",,,,,,""
"2021-04-21","'3138X6R98'","MBS","UMBS MORTPASS 3% 08/28","15yr",,,,,"474417.92",,,,,,""
"2021-04-21","'3138W4T68'","MBS","UMBS MORTPASS 2% 02/28","15yr",,,,,"474371.3",,,,,,""
"2021-04-21","'3138YVUT4'","MBS","UMBS MORTPASS 3% 07/45","30yr",,,,,"474330.07",,,,,,""
"2021-04-21","'3138WFYN0'","MBS","UMBS MORTPASS 2.5% 11/30","15yr",,,,,"474309.07",,,,,,""
"2021-04-21","'36297BEQ0'","MBS","GNMA I 4.5% 07/39","30yr",,,,,"474250.97",,,,,,""
"2021-04-21","'3138YP4U3'","MBS","UMBS MORTPASS 3% 04/45","30yr",,,,,"474221.24",,,,,,""
"2021-04-21","'3620AHVA8'","MBS","GNMA I MORTPASS 5% 02/40","30yr",,,,,"474171.81",,,,,,""
"2021-04-21","'36295CJB8'","MBS","GNMA I MORTPASS 3% 05/43","30yr",,,,,"474156.47",,,,,,""
"2021-04-21","'3138XR3R8'","MBS","UMBS MORTPASS 3% 06/29","15yr",,,,,"474047.66",,,,,,""
"2021-04-21","'31307LSP4'","MBS","FHLMCGLD 2.5% 01/30","15yr",,,,,"473979.66",,,,,,""
"2021-04-21","'3620A9L74'","MBS","GNMA I MORTPASS 5% 02/40","30yr",,,,,"473866.65",,,,,,""
"2021-04-21","'3140K03H9'","MBS","UMBS MORTPASS 3% 11/49","30yr",,,,,"473810.64",,,,,,""
"2021-04-21","'3140JHSX2'","MBS","UMBS MORTPASS 3.5% 10/48","30yr",,,,,"473564.75",,,,,,""
"2021-04-21","'3138XT6A8'","MBS","UMBS MORTPASS 3% 04/29","15yr",,,,,"473553.73",,,,,,""
"2021-04-21","'3138XPHR7'","MBS","UMBS MORTPASS 3% 02/29","15yr",,,,,"473285.54",,,,,,""
"2021-04-21","'36180CQQ5'","MBS","GNMA I MORTPASS 3% 02/43","30yr",,,,,"473274.28",,,,,,""
"2021-04-21","'36297CZW2'","MBS","GNMA I MORTPASS 5% 02/39","30yr",,,,,"473223.07",,,,,,""
"2021-04-21","'3140K0P69'","MBS","UMBS MORTPASS 2.5% 11/34","15yr",,,,,"473213.11",,,,,,""
"2021-04-21","'3138XWEJ3'","MBS","UMBS MORTPASS 3% 06/29","15yr",,,,,"473174.27",,,,,,""
"2021-04-21","'31418CWV2'","MBS","UMBS MORTPASS 3% 04/38","Other",,,,,"473006.8",,,,,,""
"2021-04-21","'3138YYBM4'","MBS","UMBS MORTPASS 2.5% 07/30","15yr",,,,,"472880.3",,,,,,""
"2021-04-21","'36180B2Q3'","MBS","GNMA I 3.5% 04/43","30yr",,,,,"472846.33",,,,,,""
"2021-04-21","'3620C14Z6'","MBS","GNMA I MORTPASS 4% 09/40","30yr",,,,,"472783.8",,,,,,""
"2021-04-21","'31418DYE6'","MBS","UMBS MORTPASS 1.5% 04/31","Other",,,,,"472703",,,,,,""
"2021-04-21","'3138MRTP6'","MBS","UMBS MORTPASS 2.5% 12/42","30yr",,,,,"472679.24",,,,,,""
"2021-04-21","'31410LH54'","MBS","UMBS MORTPASS 3% 07/27","15yr",,,,,"472618.06",,,,,,""
"2021-04-21","'3133A1XA5'","MBS","UMBS MORTPASS 2.5% 01/50","30yr",,,,,"472582.4",,,,,,""
"2021-04-21","'3131X8C38'","MBS","UMBS MORTPASS 2.5% 10/27","15yr",,,,,"472215.02",,,,,,""
"2021-04-21","'3131X8SE7'","MBS","UMBS MORTPASS 2% 02/23","Other",,,,,"472055.8",,,,,,""
"2021-04-21","'36176T5W4'","MBS","GNMA I MORTPASS 3% 01/43","30yr",,,,,"471906.39",,,,,,""
"2021-04-21","'3140HEQE5'","MBS","UMBS MORTPASS 3% 02/33","15yr",,,,,"471731.73",,,,,,""
"2021-04-21","'3131X8KQ8'","MBS","UMBS MORTPASS 2% 12/27","15yr",,,,,"471708.02",,,,,,""
"2021-04-21","'36297GML1'","MBS","GNMA I 4.5% 10/39","30yr",,,,,"471690.02",,,,,,""
"2021-04-21","'3138E4W23'","MBS","UMBS MORTPASS 3.5% 01/42","30yr",,,,,"471661.68",,,,,,""
"2021-04-21","'3138LYLP0'","MBS","UMBS MORTPASS 3% 08/27","15yr",,,,,"471660.11",,,,,,""
"2021-04-21","'3140FMMS2'","MBS","UMBS MORTPASS 2.5% 11/31","15yr",,,,,"471491.12",,,,,,""
"2021-04-21","'3140E7LV0'","MBS","UMBS MORTPASS 2% 12/30","15yr",,,,,"471398.67",,,,,,""
"2021-04-21","'3128MMSN4'","MBS","FHLMCGLD 3% 09/29","15yr",,,,,"471398.27",,,,,,""
"2021-04-21","'3140HASZ4'","MBS","UMBS MORTPASS 3.5% 05/33","15yr",,,,,"471354.18",,,,,,""
"2021-04-21","'3138MDVC3'","MBS","UMBS MORTPASS 2.5% 09/42","30yr",,,,,"471343.07",,,,,,""
"2021-04-21","'31418DTN2'","MBS","UMBS MORTPASS 2.5% 10/35","15yr",,,,,"471319.49",,,,,,""
"2021-04-21","'3140KEJK5'","MBS","UMBS MORTPASS 2.5% 08/40","Other",,,,,"471267.31",,,,,,""
"2021-04-21","'3132A9RB5'","MBS","UMBS MORTPASS 3% 09/30","15yr",,,,,"471264.84",,,,,,""
"2021-04-21","'3138MDTU6'","MBS","UMBS MORTPASS 3% 10/27","15yr",,,,,"471153",,,,,,""
"2021-04-21","'3138ETHZ2'","MBS","UMBS MORTPASS 4% 03/29","15yr",,,,,"471098.73",,,,,,""
"2021-04-21","'3138WEXE4'","MBS","UMBS MORTPASS 3.5% 06/45","30yr",,,,,"471051.02",,,,,,""
"2021-04-21","'3138E2EX9'","MBS","UMBS MORTPASS 3% 11/26","15yr",,,,,"470989.65",,,,,,""
"2021-04-21","'31307MX92'","MBS","FHLMCGLD 2.5% 05/30","15yr",,,,,"470853.27",,,,,,""
"2021-04-21","'3138Y7LS9'","MBS","UMBS MORTPASS 3% 03/45","30yr",,,,,"470827.5",,,,,,""
"2021-04-21","'31307QZR1'","MBS","FHLMCGLD 2.5% 05/31","15yr",,,,,"470776.9",,,,,,""
"2021-04-21","'3140JPMQ5'","MBS","UMBS MORTPASS 3% 05/34","15yr",,,,,"470708.18",,,,,,""
"2021-04-21","'3138YVTF6'","MBS","UMBS MORTPASS 3% 06/30","15yr",,,,,"470659.85",,,,,,""
"2021-04-21","'3140J5KZ1'","MBS","UMBS MORTPASS 2% 01/24","Other",,,,,"470564.93",,,,,,""
"2021-04-21","'3140L7BU5'","MBS","UMBS MORTPASS 2% 04/51","30yr",,,,,"470502",,,,,,""
"2021-04-21","'3138XUCC4'","MBS","UMBS MORTPASS 3% 06/29","15yr",,,,,"470318.19",,,,,,""
"2021-04-21","'3140HQBS3'","MBS","UMBS MORTPASS 4.5% 10/48","30yr",,,,,"470299.8",,,,,,""
"2021-04-21","'3131X8HP4'","MBS","UMBS MORTPASS 2.5% 12/27","15yr",,,,,"470244.43",,,,,,""
"2021-04-21","'3138EQZ54'","MBS","UMBS MORTPASS 3.5% 12/30","15yr",,,,,"470134.6",,,,,,""
"2021-04-21","'3138EMVE8'","MBS","UMBS MORTPASS 2.5% 04/28","15yr",,,,,"470010.8",,,,,,""
"2021-04-21","'3140JXJX7'","MBS","UMBS MORTPASS 3.5% 09/49","30yr",,,,,"469967.73",,,,,,""
"2021-04-21","'3138W5G77'","MBS","UMBS MORTPASS 3% 06/28","15yr",,,,,"469743.45",,,,,,""
"2021-04-21","'31418CWW0'","MBS","UMBS MORTPASS 3.5% 05/38","Other",,,,,"469719.59",,,,,,""
"2021-04-21","'31307LHT8'","MBS","FHLMCGLD 3.5% 12/29","15yr",,,,,"469709.59",,,,,,""
"2021-04-21","'3140FCWQ7'","MBS","UMBS MORTPASS 4% 11/46","30yr",,,,,"469695.72",,,,,,""
"2021-04-21","'31307UC22'","MBS","FHLMCGLD 3% 07/32","15yr",,,,,"469586.91",,,,,,""
"2021-04-21","'3140GWPT4'","MBS","UMBS MORTPASS 2.5% 08/32","15yr",,,,,"469513.61",,,,,,""
"2021-04-21","'3131YBMV7'","MBS","UMBS MORTPASS 3.5% 04/49","30yr",,,,,"469237.87",,,,,,""
"2021-04-21","'3128MAFA2'","MBS","FHLMCGLD 3.5% 03/45","30yr",,,,,"469218.43",,,,,,""
"2021-04-21","'3140HMFJ8'","MBS","UMBS MORTPASS 3.5% 06/33","15yr",,,,,"469191.72",,,,,,""
"2021-04-21","'3140HED82'","MBS","UMBS MORTPASS 2.5% 02/33","15yr",,,,,"469050.24",,,,,,""
"2021-04-21","'36297FWB4'","MBS","GNMA I 4.5% 09/39","30yr",,,,,"468986.21",,,,,,""
"2021-04-21","'3140EWBT1'","MBS","UMBS MORTPASS 3% 05/46","30yr",,,,,"468938.47",,,,,,""
"2021-04-21","'31418C6E9'","MBS","UMBS MORTPASS 3% 11/48","30yr",,,,,"468853.63",,,,,,""
"2021-04-21","'36296LNQ9'","MBS","GNMA I MORTPASS 4% 05/39","30yr",,,,,"468712.17",,,,,,""
"2021-04-21","'3140JN5L0'","MBS","UMBS MORTPASS 4% 04/49","30yr",,,,,"468589.67",,,,,,""
"2021-04-21","'3138X8M81'","MBS","UMBS MORTPASS 4% 09/43","30yr",,,,,"468559.26",,,,,,""
"2021-04-21","'36179LC75'","MBS","GNMA I MORTPASS 3% 03/43","30yr",,,,,"468526.56",,,,,,""
"2021-04-21","'3132M7CQ9'","MBS","FHLMCGLD 3.5% 06/44","30yr",,,,,"468299.07",,,,,,""
"2021-04-21","'3138E7H56'","MBS","UMBS MORTPASS 3% 04/27","15yr",,,,,"468196.22",,,,,,""
"2021-04-21","'3132DMC29'","MBS","UMBS MORTPASS 3% 09/49","30yr",,,,,"467997.73",,,,,,""
"2021-04-21","'3138XVLY4'","MBS","UMBS MORTPASS 4% 07/44","30yr",,,,,"467966.34",,,,,,""
"2021-04-21","'31307SUB7'","MBS","FHLMCGLD 2.5% 12/31","15yr",,,,,"467952.79",,,,,,""
"2021-04-21","'3138WWZZ5'","MBS","UMBS MORTPASS 3% 06/28","15yr",,,,,"467944.8",,,,,,""
"2021-04-21","'36296WAG1'","MBS","GNMA I MORTPASS 5% 04/39","30yr",,,,,"467881.24",,,,,,""
"2021-04-21","'36297JXX7'","MBS","GNMA I MORTPASS 4% 07/39","30yr",,,,,"467877.93",,,,,,""
"2021-04-21","'3138WS5Z7'","MBS","UMBS MORTPASS 3.5% 04/43","30yr",,,,,"467809.22",,,,,,""
"2021-04-21","'3140HAQZ6'","MBS","UMBS MORTPASS 3.5% 03/48","30yr",,,,,"467682.72",,,,,,""
"2021-04-21","'3138W9JJ0'","MBS","UMBS MORTPASS 2% 08/23","Other",,,,,"467555.45",,,,,,""
"2021-04-21","'31329PLH4'","MBS","UMBS MORTPASS 4% 10/48","30yr",,,,,"467532.8",,,,,,""
"2021-04-21","'3138YTQ98'","MBS","UMBS MORTPASS 3% 06/30","15yr",,,,,"467372.48",,,,,,""
"2021-04-21","'3138X5L39'","MBS","UMBS MORTPASS 3% 09/28","15yr",,,,,"467357.67",,,,,,""
"2021-04-21","'3138XVRA0'","MBS","UMBS MORTPASS 3% 03/30","15yr",,,,,"467269.77",,,,,,""
"2021-04-21","'3138XQYN5'","MBS","UMBS MORTPASS 3.5% 04/29","15yr",,,,,"467243.79",,,,,,""
"2021-04-21","'31417DS79'","MBS","UMBS MORTPASS 3% 11/27","15yr",,,,,"466944.06",,,,,,""
"2021-04-21","'31417GSX5'","MBS","UMBS MORTPASS 3% 06/28","15yr",,,,,"466676.58",,,,,,""
"2021-04-21","'3138X4D49'","MBS","UMBS MORTPASS 3% 09/28","15yr",,,,,"466426.24",,,,,,""
"2021-04-21","'36295CLN9'","MBS","GNMA I MORTPASS 3% 07/42","30yr",,,,,"466261.18",,,,,,""
"2021-04-21","'3138WSBR8'","MBS","UMBS MORTPASS 2% 07/28","15yr",,,,,"466057.92",,,,,,""
"2021-04-21","'3131YCRS7'","MBS","UMBS MORTPASS 3% 04/49","30yr",,,,,"465837.4",,,,,,""
"2021-04-21","'3138W1VU8'","MBS","UMBS MORTPASS 4% 02/43","30yr",,,,,"465815.7",,,,,,""
"2021-04-21","'31307WJB1'","MBS","FHLMCGLD 3.5% 07/33","15yr",,,,,"465650.89",,,,,,""
"2021-04-21","'3138XPV83'","MBS","UMBS MORTPASS 3.5% 02/29","15yr",,,,,"465250.99",,,,,,""
"2021-04-21","'31307WGU2'","MBS","FHLMCGLD 3.5% 07/33","15yr",,,,,"465120.6",,,,,,""
"2021-04-21","'3133AFA92'","MBS","UMBS MORTPASS 2% 01/51","30yr",,,,,"465037.12",,,,,,""
"2021-04-21","'3138MFED5'","MBS","UMBS MORTPASS 2.5% 09/42","30yr",,,,,"465036.73",,,,,,""
"2021-04-21","'3620AKPT7'","MBS","GNMA I MORTPASS 5% 03/40","30yr",,,,,"464898.29",,,,,,""
"2021-04-21","'3140H6MZ9'","MBS","UMBS MORTPASS 3% 03/48","30yr",,,,,"464819.08",,,,,,""
"2021-04-21","'3132M7JN9'","MBS","FHLMCGLD 4% 06/44","30yr",,,,,"464818.69",,,,,,""
"2021-04-21","'31417GU46'","MBS","UMBS MORTPASS 2.5% 06/23","Other",,,,,"464809.83",,,,,,""
"2021-04-21","'31307L2H0'","MBS","FHLMCGLD 2.5% 02/30","15yr",,,,,"464783.59",,,,,,""
"2021-04-21","'31307H2C0'","MBS","FHLMCGLD 3.5% 08/29","15yr",,,,,"464738.05",,,,,,""
"2021-04-21","'3138XPQF3'","MBS","UMBS MORTPASS 3.5% 02/29","15yr",,,,,"464618.41",,,,,,""
"2021-04-21","'3138X4KG4'","MBS","UMBS MORTPASS 3% 09/28","15yr",,,,,"464606.19",,,,,,""
"2021-04-21","'31417CHH1'","MBS","UMBS MORTPASS 3% 07/27","15yr",,,,,"464590.9",,,,,,""
"2021-04-21","'31307GP86'","MBS","FHLMCGLD 3% 03/29","15yr",,,,,"464576.91",,,,,,""
"2021-04-21","'31307TKT7'","MBS","FHLMCGLD 3% 03/32","15yr",,,,,"464476.25",,,,,,""
"2021-04-21","'3140FVKU9'","MBS","UMBS MORTPASS 3% 03/32","15yr",,,,,"464385.47",,,,,,""
"2021-04-21","'3138MAK56'","MBS","UMBS MORTPASS 3.5% 08/42","30yr",,,,,"464359.44",,,,,,""
"2021-04-21","'3138XF6E0'","MBS","UMBS MORTPASS 3% 02/29","15yr",,,,,"464316.1",,,,,,""
"2021-04-21","'3140FEGM0'","MBS","UMBS MORTPASS 3% 09/31","15yr",,,,,"463979.44",,,,,,""
"2021-04-21","'31307VPF7'","MBS","FHLMCGLD 3% 02/33","15yr",,,,,"463876.63",,,,,,""
"2021-04-21","'3140JG2E4'","MBS","UMBS MORTPASS 3.5% 05/49","30yr",,,,,"463744.69",,,,,,""
"2021-04-21","'31417S2D1'","MBS","UMBS MORTPASS 4% 11/24","15yr",,,,,"463570.46",,,,,,""
"2021-04-21","'36179NVM7'","MBS","GNMA II MORTPASS 3% 12/43","30yr",,,,,"463289.21",,,,,,""
"2021-04-21","'3140JY2X3'","MBS","UMBS MORTPASS 3.5% 12/49","30yr",,,,,"463090.38",,,,,,""
"2021-04-21","'3138WG4E1'","MBS","UMBS MORTPASS 3% 05/31","15yr",,,,,"462837.24",,,,,,""
"2021-04-21","'31417GXS0'","MBS","UMBS MORTPASS 2% 06/23","Other",,,,,"462810.41",,,,,,""
"2021-04-21","'3140Q7A56'","MBS","UMBS MORTPASS 2.5% 07/32","15yr",,,,,"462675.73",,,,,,""
"2021-04-21","'3132L7J59'","MBS","FHLMCGLD 3.5% 12/45","30yr",,,,,"462541.67",,,,,,""
"2021-04-21","'31307QK48'","MBS","FHLMCGLD 3% 03/31","15yr",,,,,"462539.72",,,,,,""
"2021-04-21","'3131X9KK9'","MBS","UMBS MORTPASS 2% 07/23","Other",,,,,"462194.08",,,,,,""
"2021-04-21","'36295QGH7'","MBS","GNMA I 5.5% 07/38","30yr",,,,,"462108.69",,,,,,""
"2021-04-21","'31307HYP6'","MBS","FHLMCGLD 3.5% 08/29","15yr",,,,,"462027.5",,,,,,""
"2021-04-21","'31307MGN0'","MBS","FHLMCGLD 2.5% 03/30","15yr",,,,,"461928.38",,,,,,""
"2021-04-21","'3138YJYU4'","MBS","UMBS MORTPASS 2.5% 05/30","15yr",,,,,"461883.86",,,,,,""
"2021-04-21","'3132J6X58'","MBS","FHLMCGLD 3.5% 02/43","30yr",,,,,"461787.41",,,,,,""
"2021-04-21","'3138E8TZ5'","MBS","UMBS MORTPASS 2% 03/28","15yr",,,,,"461497.85",,,,,,""
"2021-04-21","'3138MDR95'","MBS","UMBS MORTPASS 2% 09/27","15yr",,,,,"461455.95",,,,,,""
"2021-04-21","'3140HAQM5'","MBS","UMBS MORTPASS 3.5% 03/48","30yr",,,,,"461426.48",,,,,,""
"2021-04-21","'3132WJUB5'","MBS","FHLMCGLD 3% 11/46","30yr",,,,,"461198.59",,,,,,""
"2021-04-21","'3140HEEJ7'","MBS","UMBS MORTPASS 3% 03/33","15yr",,,,,"461183.84",,,,,,""
"2021-04-21","'3620A4BC5'","MBS","GNMA I MORTPASS 5% 08/39","30yr",,,,,"461000.93",,,,,,""
"2021-04-21","'3140J9DU2'","MBS","UMBS MORTPASS 3% 03/33","15yr",,,,,"460986.06",,,,,,""
"2021-04-21","'3140HJQM6'","MBS","UMBS MORTPASS 3.5% 05/33","15yr",,,,,"460927.39",,,,,,""
"2021-04-21","'3132VMUJ2'","MBS","FHLMCGLD 3.5% 02/49","30yr",,,,,"460875.46",,,,,,""
"2021-04-21","'3620AEMZ0'","MBS","GNMA I 4.5% 11/39","30yr",,,,,"460628.85",,,,,,""
"2021-04-21","'3140JGRV9'","MBS","UMBS MORTPASS 3.5% 09/33","15yr",,,,,"460481.56",,,,,,""
"2021-04-21","'3138X9CN7'","MBS","UMBS MORTPASS 3% 09/28","15yr",,,,,"460447.95",,,,,,""
"2021-04-21","'3140H5GN5'","MBS","UMBS MORTPASS 3% 01/33","15yr",,,,,"460324.49",,,,,,""
"2021-04-21","'31417FVB1'","MBS","UMBS MORTPASS 3% 03/43","30yr",,,,,"460265.43",,,,,,""
"2021-04-21","'36210BYR0'","MBS","GNMA I MORTPASS 5% 03/39","30yr",,,,,"460183.38",,,,,,""
"2021-04-21","'3138WN3G2'","MBS","UMBS MORTPASS 3% 03/28","15yr",,,,,"460171.21",,,,,,""
"2021-04-21","'3138W4XL0'","MBS","UMBS MORTPASS 2.5% 12/27","15yr",,,,,"459946.85",,,,,,""
"2021-04-21","'36181A3C4'","MBS","GNMA I MORTPASS 3% 06/43","30yr",,,,,"459900.49",,,,,,""
"2021-04-21","'3140GPJW9'","MBS","UMBS MORTPASS 3.5% 05/32","15yr",,,,,"459772.39",,,,,,""
"2021-04-21","'3140EBWF4'","MBS","UMBS MORTPASS 4% 02/46","30yr",,,,,"459692.82",,,,,,""
"2021-04-21","'3132A8RR2'","MBS","UMBS MORTPASS 3% 01/32","15yr",,,,,"459519.34",,,,,,""
"2021-04-21","'3138Y47K9'","MBS","UMBS MORTPASS 3% 08/27","15yr",,,,,"459404.61",,,,,,""
"2021-04-21","'3132GUS47'","MBS","FHLMCGLD 3.5% 07/42","30yr",,,,,"459272.13",,,,,,""
"2021-04-21","'3140HEWC2'","MBS","UMBS MORTPASS 3.5% 06/33","15yr",,,,,"459228.12",,,,,,""
"2021-04-21","'3138Y6T46'","MBS","UMBS MORTPASS 3% 10/29","15yr",,,,,"459175.83",,,,,,""
"2021-04-21","'3138WPCZ5'","MBS","UMBS MORTPASS 3% 12/26","15yr",,,,,"458959.45",,,,,,""
"2021-04-21","'3138W76Z2'","MBS","UMBS MORTPASS 3% 03/28","15yr",,,,,"458905.38",,,,,,""
"2021-04-21","'3138E2T54'","MBS","UMBS MORTPASS 3% 02/27","15yr",,,,,"458574.96",,,,,,""
"2021-04-21","'3138E7TU8'","MBS","UMBS MORTPASS 3% 02/27","15yr",,,,,"458559.15",,,,,,""
"2021-04-21","'36181D4L7'","MBS","GNMA I 3.5% 06/43","30yr",,,,,"458433.64",,,,,,""
"2021-04-21","'3138XWDN5'","MBS","UMBS MORTPASS 3% 06/44","30yr",,,,,"458373.49",,,,,,""
"2021-04-21","'3132JBNK5'","MBS","FHLMCGLD 3.5% 07/43","30yr",,,,,"458341.98",,,,,,""
"2021-04-21","'3140Q8TT2'","MBS","UMBS MORTPASS 4% 03/48","30yr",,,,,"458111.23",,,,,,""
"2021-04-21","'3140J76R1'","MBS","UMBS MORTPASS 3% 09/30","15yr",,,,,"458089.41",,,,,,""
"2021-04-21","'31418CX74'","MBS","UMBS MORTPASS 3% 06/48","30yr",,,,,"457971.04",,,,,,""
"2021-04-21","'3140X63C3'","MBS","UMBS MORTPASS 2.5% 04/48","30yr",,,,,"457707.55",,,,,,""
"2021-04-21","'3131X7XZ6'","MBS","UMBS MORTPASS 2.5% 07/27","15yr",,,,,"457564.11",,,,,,""
"2021-04-21","'3132HNVC0'","MBS","FHLMCGLD 3% 10/42","30yr",,,,,"457415.96",,,,,,""
"2021-04-21","'3138X9XR5'","MBS","UMBS MORTPASS 3% 12/28","15yr",,,,,"457394.36",,,,,,""
"2021-04-21","'3133G6D28'","MBS","UMBS MORTPASS 2.5% 06/34","15yr",,,,,"457146.31",,,,,,""
"2021-04-21","'3138MNS27'","MBS","UMBS MORTPASS 2.5% 11/27","15yr",,,,,"456735.2",,,,,,""
"2021-04-21","'3140EUJD2'","MBS","UMBS MORTPASS 2.5% 02/31","15yr",,,,,"456650",,,,,,""
"2021-04-21","'31307JLD3'","MBS","FHLMCGLD 2.5% 09/29","15yr",,,,,"456528.97",,,,,,""
"2021-04-21","'31307M6D3'","MBS","FHLMCGLD 2.5% 06/30","15yr",,,,,"456484.49",,,,,,""
"2021-04-21","'3138XGW66'","MBS","UMBS MORTPASS 3% 12/28","15yr",,,,,"456384.47",,,,,,""
"2021-04-21","'3138WAHV2'","MBS","UMBS MORTPASS 2% 11/23","Other",,,,,"456273.44",,,,,,""
"2021-04-21","'36296FTX1'","MBS","GNMA I MORTPASS 5% 10/39","30yr",,,,,"456155.01",,,,,,""
"2021-04-21","'3140ECS91'","MBS","UMBS MORTPASS 3% 07/46","30yr",,,,,"455972.72",,,,,,""
"2021-04-21","'3138AHC38'","MBS","UMBS MORTPASS 4% 12/40","30yr",,,,,"455802.29",,,,,,""
"2021-04-21","'3140JG2G9'","MBS","UMBS MORTPASS 4.5% 05/49","30yr",,,,,"455792.57",,,,,,""
"2021-04-21","'31307L5M6'","MBS","FHLMCGLD 3% 02/30","15yr",,,,,"455749.9",,,,,,""
"2021-04-21","'3132A8FA2'","MBS","UMBS MORTPASS 2.5% 07/30","15yr",,,,,"455698.87",,,,,,""
"2021-04-21","'3140X7Y60'","MBS","UMBS MORTPASS 2.5% 10/50","30yr",,,,,"455604.91",,,,,,""
"2021-04-21","'3140FMFQ4'","MBS","UMBS MORTPASS 2.5% 01/32","15yr",,,,,"455586.66",,,,,,""
"2021-04-21","'3138Y2Z97'","MBS","UMBS MORTPASS 2.5% 11/29","15yr",,,,,"455468.05",,,,,,""
"2021-04-21","'3138W4UK5'","MBS","UMBS MORTPASS 2.5% 02/28","15yr",,,,,"455285.98",,,,,,""
"2021-04-21","'36297KM99'","MBS","GNMA I MORTPASS 4% 06/39","30yr",,,,,"455191.46",,,,,,""
"2021-04-21","'36177PV44'","MBS","GNMA I 3.5% 06/42","30yr",,,,,"455149.51",,,,,,""
"2021-04-21","'3140F4RC2'","MBS","UMBS MORTPASS 2.5% 05/31","15yr",,,,,"454964.53",,,,,,""
"2021-04-21","'3128MD3X9'","MBS","FHLMCGLD 3.5% 05/26","15yr",,,,,"454841.78",,,,,,""
"2021-04-21","'3138AXJD4'","MBS","UMBS MORTPASS 3% 12/26","15yr",,,,,"454758.82",,,,,,""
"2021-04-21","'36178D6V8'","MBS","GNMA I MORTPASS 3% 04/43","30yr",,,,,"454743.14",,,,,,""
"2021-04-21","'3132J9BQ0'","MBS","FHLMCGLD 3% 05/43","30yr",,,,,"454693.22",,,,,,""
"2021-04-21","'36202EPV5'","MBS","GNMA II 4.5% 09/37","30yr",,,,,"454689.29",,,,,,""
"2021-04-21","'31307WAB0'","MBS","FHLMCGLD 3.5% 05/33","15yr",,,,,"454652.46",,,,,,""
"2021-04-21","'3140Q8DA0'","MBS","UMBS MORTPASS 3.5% 01/48","30yr",,,,,"454623.51",,,,,,""
"2021-04-21","'3138WU4K6'","MBS","UMBS MORTPASS 3% 06/28","15yr",,,,,"454503.53",,,,,,""
"2021-04-21","'3138MDNP3'","MBS","UMBS MORTPASS 2.5% 09/27","15yr",,,,,"454440.84",,,,,,""
"2021-04-21","'3138WPSG0'","MBS","UMBS MORTPASS 2.5% 05/28","15yr",,,,,"454341.97",,,,,,""
"2021-04-21","'3138APEW4'","MBS","UMBS MORTPASS 3% 01/28","15yr",,,,,"454219.07",,,,,,""
"2021-04-21","'3140XADB5'","MBS","UMBS MORTPASS 2.5% 01/51","30yr",,,,,"454092.17",,,,,,""
"2021-04-21","'3140JNYW4'","MBS","UMBS MORTPASS 4% 02/49","30yr",,,,,"454065.23",,,,,,""
"2021-04-21","'3138XFD36'","MBS","UMBS MORTPASS 3% 10/28","15yr",,,,,"453933.34",,,,,,""
"2021-04-21","'3140J8CQ4'","MBS","UMBS MORTPASS 3.5% 01/33","15yr",,,,,"453902.56",,,,,,""
"2021-04-21","'3138X6DL6'","MBS","UMBS MORTPASS 3% 08/28","15yr",,,,,"453873.09",,,,,,""
"2021-04-21","'3140FDAH9'","MBS","UMBS MORTPASS 2.5% 10/31","15yr",,,,,"453744.3",,,,,,""
"2021-04-21","'3620AMT93'","MBS","GNMA I MORTPASS 4% 02/41","30yr",,,,,"453719.45",,,,,,""
"2021-04-21","'3131Y7YJ0'","MBS","UMBS MORTPASS 4% 11/48","30yr",,,,,"453699.45",,,,,,""
"2021-04-21","'3131X7Q92'","MBS","UMBS MORTPASS 2.5% 04/27","15yr",,,,,"453692.71",,,,,,""
"2021-04-21","'3138YLEP2'","MBS","UMBS MORTPASS 3% 04/30","15yr",,,,,"453684.78",,,,,,""
"2021-04-21","'3132A86N4'","MBS","UMBS MORTPASS 2.5% 03/28","15yr",,,,,"453602.66",,,,,,""
"2021-04-21","'3132A8AL3'","MBS","UMBS MORTPASS 2.5% 07/25","Other",,,,,"453315.76",,,,,,""
"2021-04-21","'3132A7N80'","MBS","UMBS MORTPASS 3% 05/28","15yr",,,,,"453229.69",,,,,,""
"2021-04-21","'3131XXZY0'","MBS","UMBS MORTPASS 4% 10/47","30yr",,,,,"453183.19",,,,,,""
"2021-04-21","'3620AS3J6'","MBS","GNMA I MORTPASS 4% 10/41","30yr",,,,,"453114.5",,,,,,""
"2021-04-21","'3138YK3G6'","MBS","UMBS MORTPASS 3% 03/45","30yr",,,,,"453081.85",,,,,,""
"2021-04-21","'3131X8L38'","MBS","UMBS MORTPASS 2.5% 01/28","15yr",,,,,"453059.25",,,,,,""
"2021-04-21","'36178A3S4'","MBS","GNMA I 3.5% 06/42","30yr",,,,,"453047.7",,,,,,""
"2021-04-21","'3140KEEY0'","MBS","UMBS MORTPASS 2.5% 07/40","Other",,,,,"453042.05",,,,,,""
"2021-04-21","'312943TZ6'","MBS","FHLMCGLD 3.5% 11/40","30yr",,,,,"453012.71",,,,,,""
"2021-04-21","'3140HMH31'","MBS","UMBS MORTPASS 3.5% 09/48","30yr",,,,,"452734.46",,,,,,""
"2021-04-21","'31307MM94'","MBS","FHLMCGLD 3% 04/30","15yr",,,,,"452465.43",,,,,,""
"2021-04-21","'3138W3CX9'","MBS","UMBS MORTPASS 3% 02/28","15yr",,,,,"452337.01",,,,,,""
"2021-04-21","'3140HJRK9'","MBS","UMBS MORTPASS 3.5% 05/33","15yr",,,,,"452243.16",,,,,,""
"2021-04-21","'36178XCA3'","MBS","GNMA I MORTPASS 3% 05/43","30yr",,,,,"452204.27",,,,,,""
"2021-04-21","'3138YEQK6'","MBS","UMBS MORTPASS 3.5% 04/45","30yr",,,,,"451904.8",,,,,,""
"2021-04-21","'36179HUL3'","MBS","GNMA I MORTPASS 3% 12/42","30yr",,,,,"451641.9",,,,,,""
"2021-04-21","'3133KG6M5'","MBS","UMBS MORTPASS 3% 12/49","30yr",,,,,"451595.6",,,,,,""
"2021-04-21","'36290TJX8'","MBS","GNMA I 3.5% 02/42","30yr",,,,,"451589.94",,,,,,""
"2021-04-21","'3133G9LW7'","MBS","UMBS MORTPASS 2% 08/35","15yr",,,,,"451384",,,,,,""
"2021-04-21","'3620A7PT6'","MBS","GNMA I MORTPASS 5% 10/39","30yr",,,,,"451246.91",,,,,,""
"2021-04-21","'3140HPNT0'","MBS","UMBS MORTPASS 4% 08/33","15yr",,,,,"451163.65",,,,,,""
"2021-04-21","'3132M5B43'","MBS","FHLMCGLD 3.5% 02/44","30yr",,,,,"451157.35",,,,,,""
"2021-04-21","'31413CRZ4'","MBS","UMBS MORTPASS 4% 11/40","30yr",,,,,"451146.61",,,,,,""
"2021-04-21","'3138LWQ87'","MBS","UMBS MORTPASS 3% 06/27","15yr",,,,,"450632.18",,,,,,""
"2021-04-21","'3128MFBD9'","MBS","FHLMCGLD 3% 02/32","15yr",,,,,"450507.85",,,,,,""
"2021-04-21","'3138MHFR9'","MBS","UMBS MORTPASS 2.5% 11/27","15yr",,,,,"450419.43",,,,,,""
"2021-04-21","'3140KBHX5'","MBS","UMBS MORTPASS 2.5% 03/50","30yr",,,,,"450336.88",,,,,,""
"2021-04-21","'3138X7YP2'","MBS","UMBS MORTPASS 3% 03/29","15yr",,,,,"450170.47",,,,,,""
"2021-04-21","'3620A4GV8'","MBS","GNMA I MORTPASS 5% 12/39","30yr",,,,,"450167.25",,,,,,""
"2021-04-21","'3132DMBL8'","MBS","UMBS MORTPASS 4% 03/49","30yr",,,,,"450003.98",,,,,,""
"2021-04-21","'31307MQJ8'","MBS","FHLMCGLD 3% 04/30","15yr",,,,,"449971.76",,,,,,""
"2021-04-21","'36179T7H2'","MBS","GNMA II MORTPASS 3% 08/48","30yr",,,,,"449895.79",,,,,,""
"2021-04-21","'3138M8X57'","MBS","UMBS MORTPASS 2.5% 09/27","15yr",,,,,"449840.68",,,,,,""
"2021-04-21","'3620A7B38'","MBS","GNMA I 4.5% 12/39","30yr",,,,,"449806.57",,,,,,""
"2021-04-21","'3140X5Y72'","MBS","UMBS MORTPASS 4% 06/48","30yr",,,,,"449777.48",,,,,,""
"2021-04-21","'3140JRR94'","MBS","UMBS MORTPASS 3.5% 05/49","30yr",,,,,"449771.54",,,,,,""
"2021-04-21","'3140HAQV5'","MBS","UMBS MORTPASS 3.5% 03/48","30yr",,,,,"449570.92",,,,,,""
"2021-04-21","'3620ACLF9'","MBS","GNMA I 4.5% 12/39","30yr",,,,,"449453.93",,,,,,""
"2021-04-21","'36294UU67'","MBS","GNMA I 3.5% 04/42","30yr",,,,,"449382.07",,,,,,""
"2021-04-21","'36296PMX6'","MBS","GNMA I 4.5% 05/39","30yr",,,,,"449296.44",,,,,,""
"2021-04-21","'31418AP85'","MBS","UMBS MORTPASS 2% 02/28","15yr",,,,,"449229.87",,,,,,""
"2021-04-21","'3138WPW34'","MBS","UMBS MORTPASS 3% 06/43","30yr",,,,,"449028.49",,,,,,""
"2021-04-21","'3138X0BB3'","MBS","UMBS MORTPASS 3% 07/28","15yr",,,,,"449012.42",,,,,,""
"2021-04-21","'3132L7NL9'","MBS","FHLMCGLD 4.5% 01/46","30yr",,,,,"448916.45",,,,,,""
"2021-04-21","'3140EXUP6'","MBS","UMBS MORTPASS 3% 05/46","30yr",,,,,"448731.28",,,,,,""
"2021-04-21","'3140JUD43'","MBS","UMBS MORTPASS 3% 06/34","15yr",,,,,"448360.08",,,,,,""
"2021-04-21","'3140JXT40'","MBS","UMBS MORTPASS 3.5% 07/49","30yr",,,,,"448336.46",,,,,,""
"2021-04-21","'3128LXH78'","MBS","FHLMCGLD 5.5% 01/36","30yr",,,,,"448323.4",,,,,,""
"2021-04-21","'31417ARL5'","MBS","UMBS MORTPASS 3% 12/26","15yr",,,,,"448256.32",,,,,,""
"2021-04-21","'31417AE70'","MBS","UMBS MORTPASS 3% 05/26","15yr",,,,,"448232",,,,,,""
"2021-04-21","'36177TMJ3'","MBS","GNMA I MORTPASS 3% 09/42","30yr",,,,,"448191.38",,,,,,""
"2021-04-21","'3140JRNL1'","MBS","UMBS MORTPASS 4% 04/49","30yr",,,,,"448117.55",,,,,,""
"2021-04-21","'3140HJST9'","MBS","UMBS MORTPASS 3% 06/33","15yr",,,,,"448113.12",,,,,,""
"2021-04-21","'3138MJMY2'","MBS","UMBS MORTPASS 2.5% 10/27","15yr",,,,,"448074.52",,,,,,""
"2021-04-21","'36180JTV6'","MBS","GNMA I 3.5% 07/43","30yr",,,,,"448042.41",,,,,,""
"2021-04-21","'3140E03Q6'","MBS","UMBS MORTPASS 3% 08/45","30yr",,,,,"447594.75",,,,,,""
"2021-04-21","'3138XHTS0'","MBS","UMBS MORTPASS 3% 12/28","15yr",,,,,"447528.92",,,,,,""
"2021-04-21","'31307JDF7'","MBS","FHLMCGLD 3% 09/29","15yr",,,,,"447229.38",,,,,,""
"2021-04-21","'3140HJSB8'","MBS","UMBS MORTPASS 3% 06/33","15yr",,,,,"447173.54",,,,,,""
"2021-04-21","'3140J6FU6'","MBS","UMBS MORTPASS 3% 10/32","15yr",,,,,"447154.4",,,,,,""
"2021-04-21","'3140HFEJ4'","MBS","UMBS MORTPASS 3.5% 03/33","15yr",,,,,"447101.14",,,,,,""
"2021-04-21","'3138YDV89'","MBS","UMBS MORTPASS 3.5% 12/44","30yr",,,,,"446476.16",,,,,,""
"2021-04-21","'31307RQL2'","MBS","FHLMCGLD 2.5% 08/31","15yr",,,,,"446231.85",,,,,,""
"2021-04-21","'3138XQNB3'","MBS","UMBS MORTPASS 3% 07/29","15yr",,,,,"446231.17",,,,,,""
"2021-04-21","'3620AHM26'","MBS","GNMA I MORTPASS 5% 01/40","30yr",,,,,"446032.71",,,,,,""
"2021-04-21","'31307L6S2'","MBS","FHLMCGLD 2.5% 02/30","15yr",,,,,"446028.38",,,,,,""
"2021-04-21","'3138X4ET3'","MBS","UMBS MORTPASS 3.5% 08/43","30yr",,,,,"445661.44",,,,,,""
"2021-04-21","'3138WQUT7'","MBS","UMBS MORTPASS 3.5% 03/43","30yr",,,,,"445462.37",,,,,,""
"2021-04-21","'3140HKL30'","MBS","UMBS MORTPASS 3.5% 05/33","15yr",,,,,"445445.58",,,,,,""
"2021-04-21","'36297KMR9'","MBS","GNMA I MORTPASS 4% 05/39","30yr",,,,,"445177.57",,,,,,""
"2021-04-21","'36230KW72'","MBS","GNMA I 3.5% 06/42","30yr",,,,,"445086.76",,,,,,""
"2021-04-21","'3138ABXT1'","MBS","UMBS MORTPASS 4% 04/26","15yr",,,,,"444996.97",,,,,,""
"2021-04-21","'3132A8GB9'","MBS","UMBS MORTPASS 2.5% 04/26","Other",,,,,"444967.35",,,,,,""
"2021-04-21","'31307RZL2'","MBS","FHLMCGLD 3% 09/31","15yr",,,,,"444939.64",,,,,,""
"2021-04-21","'36178GRQ9'","MBS","GNMA I 3.5% 11/42","30yr",,,,,"444902.88",,,,,,""
"2021-04-21","'3138X7YH0'","MBS","UMBS MORTPASS 3% 10/28","15yr",,,,,"444765.59",,,,,,""
"2021-04-21","'3138W5JS8'","MBS","UMBS MORTPASS 2% 02/28","15yr",,,,,"444714.52",,,,,,""
"2021-04-21","'3138E4C25'","MBS","UMBS MORTPASS 2.5% 08/27","15yr",,,,,"444623.54",,,,,,""
"2021-04-21","'31307LLV8'","MBS","FHLMCGLD 3% 01/30","15yr",,,,,"444236.32",,,,,,""
"2021-04-21","'36295RNL8'","MBS","GNMA I MORTPASS 4% 03/39","30yr",,,,,"444146.88",,,,,,""
"2021-04-21","'3140QCS31'","MBS","UMBS MORTPASS 3% 04/33","15yr",,,,,"444077.52",,,,,,""
"2021-04-21","'3138YGAV4'","MBS","UMBS MORTPASS 3% 02/30","15yr",,,,,"444019.96",,,,,,""
"2021-04-21","'3138YUHN4'","MBS","UMBS MORTPASS 3% 09/45","30yr",,,,,"443771.94",,,,,,""
"2021-04-21","'3140E4UB1'","MBS","UMBS MORTPASS 3.5% 03/31","15yr",,,,,"443681.28",,,,,,""
"2021-04-21","'31417AJE0'","MBS","UMBS MORTPASS 3% 11/26","15yr",,,,,"443601.98",,,,,,""
"2021-04-21","'31307PGJ2'","MBS","FHLMCGLD 2.5% 10/30","15yr",,,,,"443586.81",,,,,,""
"2021-04-21","'3132HMZT1'","MBS","FHLMCGLD 3% 10/42","30yr",,,,,"443575.21",,,,,,""
"2021-04-21","'36178KW84'","MBS","GNMA I MORTPASS 3% 02/43","30yr",,,,,"443505.1",,,,,,""
"2021-04-21","'31307HFE2'","MBS","FHLMCGLD 3% 05/29","15yr",,,,,"443504.01",,,,,,""
"2021-04-21","'31334WHW4'","MBS","UMBS MORTPASS 3.5% 06/49","30yr",,,,,"443428.57",,,,,,""
"2021-04-21","'36180EQL2'","MBS","GNMA I MORTPASS 3% 06/43","30yr",,,,,"443428.29",,,,,,""
"2021-04-21","'31307WUX0'","MBS","FHLMCGLD 3.5% 09/33","15yr",,,,,"443336.02",,,,,,""
"2021-04-21","'3138EMGC9'","MBS","UMBS MORTPASS 2.5% 02/28","15yr",,,,,"443324.81",,,,,,""
"2021-04-21","'3138WB2J3'","MBS","UMBS MORTPASS 3% 06/29","15yr",,,,,"443124.42",,,,,,""
"2021-04-21","'3140HEUJ9'","MBS","UMBS MORTPASS 3.5% 05/48","30yr",,,,,"443067.49",,,,,,""
"2021-04-21","'3131X8NG7'","MBS","UMBS MORTPASS 2.5% 12/27","15yr",,,,,"443049.84",,,,,,""
"2021-04-21","'3131XCDG9'","MBS","UMBS MORTPASS 2.5% 08/31","15yr",,,,,"442929.44",,,,,,""
"2021-04-21","'3131Y9N58'","MBS","UMBS MORTPASS 2.5% 02/34","15yr",,,,,"442811.61",,,,,,""
"2021-04-21","'31307GLP2'","MBS","FHLMCGLD 3.5% 02/29","15yr",,,,,"442774.33",,,,,,""
"2021-04-21","'36295RWP9'","MBS","GNMA I 4.5% 12/39","30yr",,,,,"442727.4",,,,,,""
"2021-04-21","'3620AB5H5'","MBS","GNMA I MORTPASS 5% 01/40","30yr",,,,,"442495.95",,,,,,""
"2021-04-21","'3138XBSP0'","MBS","UMBS MORTPASS 3.5% 04/29","15yr",,,,,"442376.23",,,,,,""
"2021-04-21","'3138YUDA6'","MBS","UMBS MORTPASS 3% 09/30","15yr",,,,,"442331.27",,,,,,""
"2021-04-21","'3138XQUX7'","MBS","UMBS MORTPASS 2.5% 09/22","Other",,,,,"442281.26",,,,,,""
"2021-04-21","'36177XCT3'","MBS","GNMA I MORTPASS 4% 05/42","30yr",,,,,"442270.55",,,,,,""
"2021-04-21","'3138EKMJ1'","MBS","UMBS MORTPASS 3% 02/28","15yr",,,,,"442150.34",,,,,,""
"2021-04-21","'31418B5E2'","MBS","UMBS MORTPASS 2.5% 06/31","15yr",,,,,"442113.2",,,,,,""
"2021-04-21","'3138NWH85'","MBS","UMBS MORTPASS 3% 01/28","15yr",,,,,"442076.95",,,,,,""
"2021-04-21","'3138W5YF9'","MBS","UMBS MORTPASS 3% 03/28","15yr",,,,,"441941.46",,,,,,""
"2021-04-21","'3140HMXW9'","MBS","UMBS MORTPASS 4% 10/33","15yr",,,,,"441908.49",,,,,,""
"2021-04-21","'3140FCCP1'","MBS","UMBS MORTPASS 2.5% 10/30","15yr",,,,,"441661.38",,,,,,""
"2021-04-21","'3138WCG98'","MBS","UMBS MORTPASS 3.5% 07/24","Other",,,,,"441590.84",,,,,,""
"2021-04-21","'31307WLZ5'","MBS","FHLMCGLD 3.5% 07/33","15yr",,,,,"441581.21",,,,,,""
"2021-04-21","'3140JQE41'","MBS","UMBS MORTPASS 3% 02/34","15yr",,,,,"441575.03",,,,,,""
"2021-04-21","'31418CFF6'","MBS","UMBS MORTPASS 2.5% 01/37","Other",,,,,"441560.11",,,,,,""
"2021-04-21","'3132A9PR2'","MBS","UMBS MORTPASS 3% 07/29","15yr",,,,,"441470.63",,,,,,""
"2021-04-21","'36297C5Z8'","MBS","GNMA I MORTPASS 5% 03/39","30yr",,,,,"441458.21",,,,,,""
"2021-04-21","'36178SFL7'","MBS","GNMA I MORTPASS 4% 10/42","30yr",,,,,"441242.11",,,,,,""
"2021-04-21","'3138XQHD6'","MBS","UMBS MORTPASS 3% 02/29","15yr",,,,,"441211.31",,,,,,""
"2021-04-21","'36179BRW6'","MBS","GNMA I MORTPASS 3% 10/42","30yr",,,,,"441027.79",,,,,,""
"2021-04-21","'36296XUC6'","MBS","GNMA I 4.5% 04/39","30yr",,,,,"440899.03",,,,,,""
"2021-04-21","'3140HMXY5'","MBS","UMBS MORTPASS 3% 10/33","15yr",,,,,"440883.17",,,,,,""
"2021-04-21","'3140FS5L3'","MBS","UMBS MORTPASS 3.5% 02/32","15yr",,,,,"440834.46",,,,,,""
"2021-04-21","'3131Y9CZ4'","MBS","UMBS MORTPASS 3% 12/48","30yr",,,,,"440567.6",,,,,,""
"2021-04-21","'3140JXR67'","MBS","UMBS MORTPASS 2.5% 10/34","15yr",,,,,"440493.75",,,,,,""
"2021-04-21","'36297JGZ1'","MBS","GNMA I 4.5% 03/39","30yr",,,,,"440367.65",,,,,,""
"2021-04-21","'36296LM49'","MBS","GNMA I 4.5% 03/39","30yr",,,,,"440337.29",,,,,,""
"2021-04-21","'3138X4WL0'","MBS","UMBS MORTPASS 3% 08/28","15yr",,,,,"440120.17",,,,,,""
"2021-04-21","'3138MBVX1'","MBS","UMBS MORTPASS 2% 09/27","15yr",,,,,"440070.2",,,,,,""
"2021-04-21","'3131X76X1'","MBS","UMBS MORTPASS 2.5% 10/27","15yr",,,,,"440009.58",,,,,,""
"2021-04-21","'31410LFP2'","MBS","UMBS MORTPASS 2.5% 10/26","15yr",,,,,"439860",,,,,,""
"2021-04-21","'3140H9SM6'","MBS","UMBS MORTPASS 4% 02/49","30yr",,,,,"439838.15",,,,,,""
"2021-04-21","'3128M6EF1'","MBS","FHLMCGLD 5% 04/38","30yr",,,,,"439815.23",,,,,,""
"2021-04-21","'36176UTM7'","MBS","GNMA I MORTPASS 4% 04/42","30yr",,,,,"439777.46",,,,,,""
"2021-04-21","'31418BVM5'","MBS","UMBS MORTPASS 3% 10/25","Other",,,,,"439703.89",,,,,,""
"2021-04-21","'31307F3Z2'","MBS","FHLMCGLD 3% 01/29","15yr",,,,,"439665.26",,,,,,""
"2021-04-21","'3140FQT80'","MBS","UMBS MORTPASS 3% 11/30","15yr",,,,,"439656.47",,,,,,""
"2021-04-21","'31307NPR9'","MBS","FHLMCGLD 3% 07/30","15yr",,,,,"439495.13",,,,,,""
"2021-04-21","'31307MWD4'","MBS","FHLMCGLD 2.5% 04/30","15yr",,,,,"439348.39",,,,,,""
"2021-04-21","'3140Q7EF0'","MBS","UMBS MORTPASS 4% 08/47","30yr",,,,,"439228.67",,,,,,""
"2021-04-21","'36297JE26'","MBS","GNMA I MORTPASS 4% 03/39","30yr",,,,,"439163.53",,,,,,""
"2021-04-21","'3140X6AE1'","MBS","UMBS MORTPASS 2% 03/33","15yr",,,,,"439087.88",,,,,,""
"2021-04-21","'3138WEMY2'","MBS","UMBS MORTPASS 3% 04/30","15yr",,,,,"438934.03",,,,,,""
"2021-04-21","'3140HL4B9'","MBS","UMBS MORTPASS 4% 07/48","30yr",,,,,"438854.73",,,,,,""
"2021-04-21","'3140FCF78'","MBS","UMBS MORTPASS 3% 07/46","30yr",,,,,"438817.32",,,,,,""
"2021-04-21","'3140JUED2'","MBS","UMBS MORTPASS 3% 07/34","15yr",,,,,"438532.68",,,,,,""
"2021-04-21","'31307NRS5'","MBS","FHLMCGLD 2.5% 07/30","15yr",,,,,"438353.15",,,,,,""
"2021-04-21","'31418B4Y9'","MBS","UMBS MORTPASS 2.5% 04/36","Other",,,,,"438305.58",,,,,,""
"2021-04-21","'3140JLP73'","MBS","UMBS MORTPASS 3.5% 12/48","30yr",,,,,"438218.16",,,,,,""
"2021-04-21","'3620ACGJ7'","MBS","GNMA I MORTPASS 5% 10/39","30yr",,,,,"438015.38",,,,,,""
"2021-04-21","'3132A7V57'","MBS","UMBS MORTPASS 2% 08/23","Other",,,,,"437888.59",,,,,,""
"2021-04-21","'3140J5RP6'","MBS","UMBS MORTPASS 4% 06/47","30yr",,,,,"437685.35",,,,,,""
"2021-04-21","'3138XFYK5'","MBS","UMBS MORTPASS 3% 11/28","15yr",,,,,"437640.05",,,,,,""
"2021-04-21","'3138MKMD5'","MBS","UMBS MORTPASS 3% 06/28","15yr",,,,,"437436.56",,,,,,""
"2021-04-21","'3131X9RV8'","MBS","UMBS MORTPASS 2% 08/23","Other",,,,,"437184.65",,,,,,""
"2021-04-21","'3138XHB91'","MBS","UMBS MORTPASS 3.5% 01/29","15yr",,,,,"436825.63",,,,,,""
"2021-04-21","'31307PBH1'","MBS","FHLMCGLD 2.5% 09/30","15yr",,,,,"436717.91",,,,,,""
"2021-04-21","'3140FMMP8'","MBS","UMBS MORTPASS 2.5% 11/31","15yr",,,,,"436684.55",,,,,,""
"2021-04-21","'3140X9F34'","MBS","UMBS MORTPASS 2% 01/36","15yr",,,,,"436632.79",,,,,,""
"2021-04-21","'3140FRQF5'","MBS","UMBS MORTPASS 3.5% 12/46","30yr",,,,,"436609.14",,,,,,""
"2021-04-21","'36179KRA4'","MBS","GNMA I MORTPASS 4% 02/43","30yr",,,,,"436595.25",,,,,,""
"2021-04-21","'3138XMAK6'","MBS","UMBS MORTPASS 3.5% 02/44","30yr",,,,,"436595.04",,,,,,""
"2021-04-21","'3138YTMC5'","MBS","UMBS MORTPASS 3.5% 07/45","30yr",,,,,"436419.24",,,,,,""
"2021-04-21","'3138X7D26'","MBS","UMBS MORTPASS 3% 09/28","15yr",,,,,"436303.48",,,,,,""
"2021-04-21","'3138MKMS2'","MBS","UMBS MORTPASS 2.5% 07/28","15yr",,,,,"436272.38",,,,,,""
"2021-04-21","'3140X4VU7'","MBS","UMBS MORTPASS 3% 09/49","30yr",,,,,"436238.41",,,,,,""
"2021-04-21","'3131Y9GJ6'","MBS","UMBS MORTPASS 3.5% 01/49","30yr",,,,,"436165.07",,,,,,""
"2021-04-21","'36176SKQ2'","MBS","GNMA I MORTPASS 4% 11/41","30yr",,,,,"436146.35",,,,,,""
"2021-04-21","'3620C5NJ2'","MBS","GNMA I MORTPASS 4% 08/41","30yr",,,,,"436096.36",,,,,,""
"2021-04-21","'3138W1CC9'","MBS","UMBS MORTPASS 3% 01/43","30yr",,,,,"436049.17",,,,,,""
"2021-04-21","'3138MJAZ2'","MBS","UMBS MORTPASS 3% 10/27","15yr",,,,,"436017.05",,,,,,""
"2021-04-21","'3138MGR23'","MBS","UMBS MORTPASS 2.5% 10/27","15yr",,,,,"435990.71",,,,,,""
"2021-04-21","'3138X9YR4'","MBS","UMBS MORTPASS 3% 08/29","15yr",,,,,"435927.22",,,,,,""
"2021-04-21","'3132HL2V4'","MBS","FHLMCGLD 3% 09/42","30yr",,,,,"435773.19",,,,,,""
"2021-04-21","'36180FTU6'","MBS","GNMA I MORTPASS 3% 03/43","30yr",,,,,"435619.42",,,,,,""
"2021-04-21","'3131X8HL3'","MBS","UMBS MORTPASS 2.5% 12/27","15yr",,,,,"435508.29",,,,,,""
"2021-04-21","'31417DQ97'","MBS","UMBS MORTPASS 2.5% 11/27","15yr",,,,,"435155.6",,,,,,""
"2021-04-21","'3131X7KE7'","MBS","UMBS MORTPASS 3% 02/27","15yr",,,,,"435008.36",,,,,,""
"2021-04-21","'31418C5E0'","MBS","UMBS MORTPASS 4% 12/38","Other",,,,,"435002.62",,,,,,""
"2021-04-21","'3138XKVX9'","MBS","UMBS MORTPASS 4% 01/44","30yr",,,,,"434988.27",,,,,,""
"2021-04-21","'31307JR54'","MBS","FHLMCGLD 3% 10/29","15yr",,,,,"434780.8",,,,,,""
"2021-04-21","'312938JT1'","MBS","FHLMCGLD 4% 12/39","30yr",,,,,"434664.64",,,,,,""
"2021-04-21","'3140HBQV3'","MBS","UMBS MORTPASS 4.5% 04/48","30yr",,,,,"434577.43",,,,,,""
"2021-04-21","'31307WAL8'","MBS","FHLMCGLD 3.5% 05/28","15yr",,,,,"434519.81",,,,,,""
"2021-04-21","'36181BBQ2'","MBS","GNMA I 3.5% 05/43","30yr",,,,,"434420.83",,,,,,""
"2021-04-21","'3131X8YZ3'","MBS","UMBS MORTPASS 2.5% 04/28","15yr",,,,,"434418.88",,,,,,""
"2021-04-21","'3140F34K1'","MBS","UMBS MORTPASS 3% 07/31","15yr",,,,,"434365.72",,,,,,""
"2021-04-21","'3132A9NM5'","MBS","UMBS MORTPASS 3% 08/28","15yr",,,,,"434042.61",,,,,,""
"2021-04-21","'31418CZ56'","MBS","UMBS MORTPASS 4% 09/33","15yr",,,,,"433935.43",,,,,,""
"2021-04-21","'36176UK95'","MBS","GNMA I 3.5% 01/42","30yr",,,,,"433912.21",,,,,,""
"2021-04-21","'3140FR4J1'","MBS","UMBS MORTPASS 3.5% 02/32","15yr",,,,,"433863.06",,,,,,""
"2021-04-21","'3133A94W2'","MBS","UMBS MORTPASS 2.5% 09/50","30yr",,,,,"433663.29",,,,,,""
"2021-04-21","'3138XPMM2'","MBS","UMBS MORTPASS 3.5% 03/29","15yr",,,,,"433593.75",,,,,,""
"2021-04-21","'3128MMSH7'","MBS","FHLMCGLD 3.5% 07/29","15yr",,,,,"433533.92",,,,,,""
"2021-04-21","'36180DWV5'","MBS","GNMA I 3.5% 06/43","30yr",,,,,"433478.32",,,,,,""
"2021-04-21","'36177TKQ9'","MBS","GNMA I 3.5% 05/42","30yr",,,,,"433361.54",,,,,,""
"2021-04-21","'3138XTQ81'","MBS","UMBS MORTPASS 3.5% 09/29","15yr",,,,,"433131.24",,,,,,""
"2021-04-21","'3138EQZS4'","MBS","UMBS MORTPASS 3.5% 01/46","30yr",,,,,"433115.68",,,,,,""
"2021-04-21","'31307MHB5'","MBS","FHLMCGLD 2.5% 04/30","15yr",,,,,"433067.41",,,,,,""
"2021-04-21","'36176YBQ9'","MBS","GNMA I 3.5% 12/41","30yr",,,,,"432897.09",,,,,,""
"2021-04-21","'3138AXE31'","MBS","UMBS MORTPASS 3% 12/26","15yr",,,,,"432866.87",,,,,,""
"2021-04-21","'31410LRR5'","MBS","UMBS MORTPASS 3% 09/30","15yr",,,,,"432841.3",,,,,,""
"2021-04-21","'31418CVG6'","MBS","UMBS MORTPASS 2.5% 03/28","Other",,,,,"432782.99",,,,,,""
"2021-04-21","'3140GTSX9'","MBS","UMBS MORTPASS 3% 08/47","30yr",,,,,"432607.75",,,,,,""
"2021-04-21","'3138XQHN4'","MBS","UMBS MORTPASS 3.5% 02/29","15yr",,,,,"432174.95",,,,,,""
"2021-04-21","'3138WPUV4'","MBS","UMBS MORTPASS 2.5% 05/28","15yr",,,,,"432147.07",,,,,,""
"2021-04-21","'31307GCJ6'","MBS","FHLMCGLD 3.5% 02/29","15yr",,,,,"431925.69",,,,,,""
"2021-04-21","'3138E5CE6'","MBS","UMBS MORTPASS 3% 02/27","15yr",,,,,"431854.6",,,,,,""
"2021-04-21","'3138X3A44'","MBS","UMBS MORTPASS 3% 07/28","15yr",,,,,"431853.74",,,,,,""
"2021-04-21","'31307HFS1'","MBS","FHLMCGLD 3% 05/29","15yr",,,,,"431723.88",,,,,,""
"2021-04-21","'3138WBKD6'","MBS","UMBS MORTPASS 3.5% 04/29","15yr",,,,,"431720.16",,,,,,""
"2021-04-21","'3138WEKF5'","MBS","UMBS MORTPASS 3.5% 04/45","30yr",,,,,"431591.13",,,,,,""
"2021-04-21","'3128PST49'","MBS","FHLMCGLD 3.5% 10/25","15yr",,,,,"431396.04",,,,,,""
"2021-04-21","'31307QUT2'","MBS","FHLMCGLD 3.5% 04/31","15yr",,,,,"431372.29",,,,,,""
"2021-04-21","'3138WPWT7'","MBS","UMBS MORTPASS 3% 04/28","15yr",,,,,"431351.47",,,,,,""
"2021-04-21","'3138E66E1'","MBS","UMBS MORTPASS 3% 01/27","15yr",,,,,"431351.37",,,,,,""
"2021-04-21","'31418AT24'","MBS","UMBS MORTPASS 2.5% 06/28","15yr",,,,,"431270.03",,,,,,""
"2021-04-21","'31307TXU0'","MBS","FHLMCGLD 3.5% 05/32","15yr",,,,,"431254.07",,,,,,""
"2021-04-21","'36179JDH7'","MBS","GNMA I MORTPASS 3% 02/43","30yr",,,,,"431167.56",,,,,,""
"2021-04-21","'3131X7H92'","MBS","UMBS MORTPASS 2.5% 01/27","15yr",,,,,"431162.05",,,,,,""
"2021-04-21","'31412RK55'","MBS","UMBS MORTPASS 3% 10/25","15yr",,,,,"431048.35",,,,,,""
"2021-04-21","'3620C4N63'","MBS","GNMA I 3.5% 03/42","30yr",,,,,"431012.6",,,,,,""
"2021-04-21","'36290QPH2'","MBS","GNMA I MORTPASS 3% 01/43","30yr",,,,,"431003.27",,,,,,""
"2021-04-21","'36297KDE8'","MBS","GNMA I MORTPASS 5% 09/39","30yr",,,,,"430922.89",,,,,,""
"2021-04-21","'3140QC6Z4'","MBS","UMBS MORTPASS 4.5% 12/49","30yr",,,,,"430898.76",,,,,,""
"2021-04-21","'3138LQA38'","MBS","UMBS MORTPASS 3% 04/27","15yr",,,,,"430772.64",,,,,,""
"2021-04-21","'3620AC4P6'","MBS","GNMA I 4.5% 09/39","30yr",,,,,"430766.64",,,,,,""
"2021-04-21","'3620ALHW7'","MBS","GNMA I 4.5% 01/40","30yr",,,,,"430588.59",,,,,,""
"2021-04-21","'3138LRMU3'","MBS","UMBS MORTPASS 2.5% 03/28","15yr",,,,,"430583.77",,,,,,""
"2021-04-21","'3140FKXM7'","MBS","UMBS MORTPASS 3.5% 10/46","30yr",,,,,"430567.34",,,,,,""
"2021-04-21","'3138ADEG6'","MBS","UMBS MORTPASS 4% 04/41","30yr",,,,,"430484.08",,,,,,""
"2021-04-21","'3140X8AD9'","MBS","UMBS MORTPASS 2.5% 09/50","30yr",,,,,"430336.01",,,,,,""
"2021-04-21","'3133KKAH2'","MBS","UMBS MORTPASS 2.5% 09/50","30yr",,,,,"430234.96",,,,,,""
"2021-04-21","'3138X5HN0'","MBS","UMBS MORTPASS 2.5% 08/28","15yr",,,,,"430230.29",,,,,,""
"2021-04-21","'31307W6Z2'","MBS","FHLMCGLD 3.5% 11/33","15yr",,,,,"430162.51",,,,,,""
"2021-04-21","'31307PZL6'","MBS","FHLMCGLD 3% 01/31","15yr",,,,,"430096.16",,,,,,""
"2021-04-21","'3140H8VW2'","MBS","UMBS MORTPASS 3.5% 06/48","30yr",,,,,"429981.21",,,,,,""
"2021-04-21","'36176JHM5'","MBS","GNMA I 3.5% 08/42","30yr",,,,,"429704.05",,,,,,""
"2021-04-21","'3620AJK24'","MBS","GNMA I 4.5% 01/40","30yr",,,,,"429697.04",,,,,,""
"2021-04-21","'3131XBA41'","MBS","UMBS MORTPASS 2.5% 04/30","15yr",,,,,"429418.33",,,,,,""
"2021-04-21","'36177UEL4'","MBS","GNMA I 3.5% 07/42","30yr",,,,,"429223.92",,,,,,""
"2021-04-21","'3138X0B98'","MBS","UMBS MORTPASS 3% 08/28","15yr",,,,,"429218.35",,,,,,""
"2021-04-21","'3138XFHE8'","MBS","UMBS MORTPASS 3% 11/28","15yr",,,,,"429214.32",,,,,,""
"2021-04-21","'3138WTSQ0'","MBS","UMBS MORTPASS 2.5% 06/28","15yr",,,,,"429199.52",,,,,,""
"2021-04-21","'3140HMG73'","MBS","UMBS MORTPASS 3.5% 08/33","15yr",,,,,"429125.03",,,,,,""
"2021-04-21","'3132M4MS1'","MBS","FHLMCGLD 4% 01/44","30yr",,,,,"429115.81",,,,,,""
"2021-04-21","'31307NPU2'","MBS","FHLMCGLD 3% 07/30","15yr",,,,,"429029.09",,,,,,""
"2021-04-21","'3138LS5H9'","MBS","UMBS MORTPASS 3% 06/27","15yr",,,,,"428988.08",,,,,,""
"2021-04-21","'36180CYR4'","MBS","GNMA I 3.5% 01/43","30yr",,,,,"428842.16",,,,,,""
"2021-04-21","'3138WM7K1'","MBS","UMBS MORTPASS 3% 03/28","15yr",,,,,"428690.4",,,,,,""
"2021-04-21","'3138WV2T7'","MBS","UMBS MORTPASS 2% 06/23","Other",,,,,"428648.7",,,,,,""
"2021-04-21","'3140E8PP7'","MBS","UMBS MORTPASS 3% 11/30","15yr",,,,,"428365.68",,,,,,""
"2021-04-21","'3138WURC9'","MBS","UMBS MORTPASS 2.5% 09/28","15yr",,,,,"428254.54",,,,,,""
"2021-04-21","'3140FBQ29'","MBS","UMBS MORTPASS 3.5% 07/46","30yr",,,,,"428146.19",,,,,,""
"2021-04-21","'31307PXK0'","MBS","FHLMCGLD 2.5% 12/30","15yr",,,,,"428100.35",,,,,,""
"2021-04-21","'3140JGUR4'","MBS","UMBS MORTPASS 3% 11/33","15yr",,,,,"427973.87",,,,,,""
"2021-04-21","'3140HMHJ6'","MBS","UMBS MORTPASS 3% 08/48","30yr",,,,,"427826.97",,,,,,""
"2021-04-21","'3138YFBB9'","MBS","UMBS MORTPASS 2.5% 01/30","15yr",,,,,"427773.51",,,,,,""
"2021-04-21","'3620AVAR3'","MBS","GNMA I MORTPASS 3% 09/42","30yr",,,,,"427619.1",,,,,,""
"2021-04-21","'3140GWR70'","MBS","UMBS MORTPASS 3% 01/33","15yr",,,,,"427474.55",,,,,,""
"2021-04-21","'3140H7EH6'","MBS","UMBS MORTPASS 3.5% 06/33","15yr",,,,,"427409.29",,,,,,""
"2021-04-21","'3620AHLN1'","MBS","GNMA I MORTPASS 5% 12/39","30yr",,,,,"427380.51",,,,,,""
"2021-04-21","'3131X8M86'","MBS","UMBS MORTPASS 2.5% 01/28","15yr",,,,,"427202.7",,,,,,""
"2021-04-21","'31417GXV3'","MBS","UMBS MORTPASS 2.5% 06/23","Other",,,,,"427040.66",,,,,,""
"2021-04-21","'3131Y7RG4'","MBS","UMBS MORTPASS 4.5% 11/48","30yr",,,,,"426953.89",,,,,,""
"2021-04-21","'3132WEFZ0'","MBS","FHLMCGLD 3% 06/46","30yr",,,,,"426876.17",,,,,,""
"2021-04-21","'3140JKX50'","MBS","UMBS MORTPASS 4% 12/48","30yr",,,,,"426668.51",,,,,,""
"2021-04-21","'31417KDW4'","MBS","UMBS MORTPASS 5% 01/40","30yr",,,,,"426636.95",,,,,,""
"2021-04-21","'3138WRS27'","MBS","UMBS MORTPASS 3% 05/43","30yr",,,,,"426631.73",,,,,,""
"2021-04-21","'3138E5FP8'","MBS","UMBS MORTPASS 3% 01/27","15yr",,,,,"426517.24",,,,,,""
"2021-04-21","'3138MKMX1'","MBS","UMBS MORTPASS 3% 08/28","15yr",,,,,"426484.74",,,,,,""
"2021-04-21","'3140J83S0'","MBS","UMBS MORTPASS 2.5% 08/28","15yr",,,,,"426163.14",,,,,,""
"2021-04-21","'3138X0B80'","MBS","UMBS MORTPASS 3% 08/28","15yr",,,,,"426153.11",,,,,,""
"2021-04-21","'3140QFSY6'","MBS","UMBS MORTPASS 2.5% 11/50","30yr",,,,,"426144.86",,,,,,""
"2021-04-21","'3138YKRQ8'","MBS","UMBS MORTPASS 3% 05/45","30yr",,,,,"425972.38",,,,,,""
"2021-04-21","'3138AXWN7'","MBS","UMBS MORTPASS 3% 12/26","15yr",,,,,"425957.33",,,,,,""
"2021-04-21","'31307TTY7'","MBS","FHLMCGLD 3.5% 04/32","15yr",,,,,"425812.96",,,,,,""
"2021-04-21","'3138X3FQ0'","MBS","UMBS MORTPASS 2.5% 08/28","15yr",,,,,"425637.01",,,,,,""
"2021-04-21","'3140K1CW4'","MBS","UMBS MORTPASS 3% 11/49","30yr",,,,,"425369.05",,,,,,""
"2021-04-21","'31419KLQ6'","MBS","UMBS MORTPASS 3% 11/25","15yr",,,,,"425275.73",,,,,,""
"2021-04-21","'3138ECQJ5'","MBS","UMBS MORTPASS 3.5% 03/42","30yr",,,,,"425116.04",,,,,,""
"2021-04-21","'3140H7Z91'","MBS","UMBS MORTPASS 3.5% 02/48","30yr",,,,,"425090.04",,,,,,""
"2021-04-21","'36297DBK2'","MBS","GNMA I 4.5% 03/39","30yr",,,,,"424962.39",,,,,,""
"2021-04-21","'3140JVT28'","MBS","UMBS MORTPASS 3% 10/49","30yr",,,,,"424883.86",,,,,,""
"2021-04-21","'31307EAB0'","MBS","FHLMCGLD 3% 09/28","15yr",,,,,"424646.13",,,,,,""
"2021-04-21","'31418BXT8'","MBS","UMBS MORTPASS 2.5% 12/30","15yr",,,,,"424347.38",,,,,,""
"2021-04-21","'3140F12J0'","MBS","UMBS MORTPASS 2.5% 07/31","15yr",,,,,"424325.9",,,,,,""
"2021-04-21","'31334XWJ4'","MBS","UMBS MORTPASS 3% 07/49","30yr",,,,,"423961.47",,,,,,""
"2021-04-21","'3140JHFP3'","MBS","UMBS MORTPASS 4% 11/48","30yr",,,,,"423958.21",,,,,,""
"2021-04-21","'3138W3MP5'","MBS","UMBS MORTPASS 3% 03/43","30yr",,,,,"423886.31",,,,,,""
"2021-04-21","'31418DN40'","MBS","UMBS MORTPASS 2.5% 05/30","Other",,,,,"423834.56",,,,,,""
"2021-04-21","'31307JVT7'","MBS","FHLMCGLD 2.5% 10/29","15yr",,,,,"423751.32",,,,,,""
"2021-04-21","'36295RNW4'","MBS","GNMA I 4.5% 05/39","30yr",,,,,"423471.23",,,,,,""
"2021-04-21","'3133A3AF5'","MBS","UMBS MORTPASS 2.5% 03/50","30yr",,,,,"423393.88",,,,,,""
"2021-04-21","'3620A7PF6'","MBS","GNMA I MORTPASS 5% 09/39","30yr",,,,,"423240.34",,,,,,""
"2021-04-21","'3138XHKY6'","MBS","UMBS MORTPASS 4.5% 03/44","30yr",,,,,"423230.05",,,,,,""
"2021-04-21","'3138XELK2'","MBS","UMBS MORTPASS 3% 05/29","15yr",,,,,"423186.63",,,,,,""
"2021-04-21","'31417B5X1'","MBS","UMBS MORTPASS 3% 06/27","15yr",,,,,"423093.52",,,,,,""
"2021-04-21","'3140GUXZ5'","MBS","UMBS MORTPASS 3% 07/32","15yr",,,,,"422756.85",,,,,,""
"2021-04-21","'3138X9YA1'","MBS","UMBS MORTPASS 3% 03/29","15yr",,,,,"422538.81",,,,,,""
"2021-04-21","'31307KAZ3'","MBS","FHLMCGLD 3% 11/29","15yr",,,,,"422414.72",,,,,,""
"2021-04-21","'3138MPFH3'","MBS","UMBS MORTPASS 2.5% 02/28","15yr",,,,,"422340.94",,,,,,""
"2021-04-21","'3138XWC97'","MBS","UMBS MORTPASS 3% 05/29","15yr",,,,,"422253.34",,,,,,""
"2021-04-21","'36179FV51'","MBS","GNMA I MORTPASS 4% 05/43","30yr",,,,,"422225.88",,,,,,""
"2021-04-21","'3620AC6T6'","MBS","GNMA I MORTPASS 5% 10/39","30yr",,,,,"422102.49",,,,,,""
"2021-04-21","'36178HX23'","MBS","GNMA I MORTPASS 3% 02/43","30yr",,,,,"422034.43",,,,,,""
"2021-04-21","'3132M6Y38'","MBS","FHLMCGLD 3.5% 05/44","30yr",,,,,"421953.38",,,,,,""
"2021-04-21","'3140JN3P3'","MBS","UMBS MORTPASS 3.5% 02/49","30yr",,,,,"421928.09",,,,,,""
"2021-04-21","'31307NJX3'","MBS","FHLMCGLD 3% 06/30","15yr",,,,,"421805.89",,,,,,""
"2021-04-21","'3128MFAN8'","MBS","FHLMCGLD 3% 03/32","15yr",,,,,"421717.15",,,,,,""
"2021-04-21","'3140L77B2'","MBS","UMBS MORTPASS 2% 04/51","30yr",,,,,"421571",,,,,,""
"2021-04-21","'3140HHSR7'","MBS","UMBS MORTPASS 4.5% 04/48","30yr",,,,,"421531.78",,,,,,""
"2021-04-21","'3132L6LT6'","MBS","FHLMCGLD 3.5% 06/44","30yr",,,,,"421516.63",,,,,,""
"2021-04-21","'31307LTE8'","MBS","FHLMCGLD 2.5% 01/30","15yr",,,,,"421497.25",,,,,,""
"2021-04-21","'3131XCAU1'","MBS","UMBS MORTPASS 3% 06/31","15yr",,,,,"421451.38",,,,,,""
"2021-04-21","'31417YV53'","MBS","UMBS MORTPASS 3% 01/26","15yr",,,,,"421368.92",,,,,,""
"2021-04-21","'3138YSQD1'","MBS","UMBS MORTPASS 3% 05/30","15yr",,,,,"421324.18",,,,,,""
"2021-04-21","'3138XJAE7'","MBS","UMBS MORTPASS 3% 12/28","15yr",,,,,"421221.59",,,,,,""
"2021-04-21","'3140GWFM0'","MBS","UMBS MORTPASS 3.5% 08/47","30yr",,,,,"421211.9",,,,,,""
"2021-04-21","'36296LNP1'","MBS","GNMA I MORTPASS 4% 05/39","30yr",,,,,"420939.04",,,,,,""
"2021-04-21","'36297BFD8'","MBS","GNMA I 4.5% 10/39","30yr",,,,,"420867.08",,,,,,""
"2021-04-21","'3620A1TF5'","MBS","GNMA I MORTPASS 5% 09/39","30yr",,,,,"420775.79",,,,,,""
"2021-04-21","'36179JAU1'","MBS","GNMA I MORTPASS 3% 01/43","30yr",,,,,"420685.66",,,,,,""
"2021-04-21","'3138W4W23'","MBS","UMBS MORTPASS 3.5% 02/43","30yr",,,,,"420624.49",,,,,,""
"2021-04-21","'3138XMBA7'","MBS","UMBS MORTPASS 4.5% 02/44","30yr",,,,,"420587.44",,,,,,""
"2021-04-21","'3138YGVA7'","MBS","UMBS MORTPASS 3% 06/45","30yr",,,,,"420501.37",,,,,,""
"2021-04-21","'3140HPU96'","MBS","UMBS MORTPASS 3.5% 09/48","30yr",,,,,"420198.02",,,,,,""
"2021-04-21","'312938WP4'","MBS","FHLMCGLD 4% 01/40","30yr",,,,,"420107.96",,,,,,""
"2021-04-21","'3138Y22D4'","MBS","UMBS MORTPASS 2.5% 10/29","15yr",,,,,"419859.88",,,,,,""
"2021-04-21","'36178SGV4'","MBS","GNMA I MORTPASS 4% 11/42","30yr",,,,,"419730.89",,,,,,""
"2021-04-21","'3132J6RC0'","MBS","FHLMCGLD 3.5% 02/43","30yr",,,,,"419729.95",,,,,,""
"2021-04-21","'36178FMW3'","MBS","GNMA I MORTPASS 3% 03/43","30yr",,,,,"419308.8",,,,,,""
"2021-04-21","'31417FRF7'","MBS","UMBS MORTPASS 2% 03/28","15yr",,,,,"419280.9",,,,,,""
"2021-04-21","'3138LXYZ6'","MBS","UMBS MORTPASS 3% 06/27","15yr",,,,,"419072.04",,,,,,""
"2021-04-21","'3138M8XV0'","MBS","UMBS MORTPASS 3% 09/27","15yr",,,,,"419034.4",,,,,,""
"2021-04-21","'3138XYBW3'","MBS","UMBS MORTPASS 3% 01/22","Other",,,,,"418995.52",,,,,,""
"2021-04-21","'3138WU6X6'","MBS","UMBS MORTPASS 3% 06/28","15yr",,,,,"418857.49",,,,,,""
"2021-04-21","'3620A4YM8'","MBS","GNMA I 4.5% 10/39","30yr",,,,,"418751.04",,,,,,""
"2021-04-21","'3140JVSJ2'","MBS","UMBS MORTPASS 3.5% 09/49","30yr",,,,,"418748.53",,,,,,""
"2021-04-21","'3138AUDP9'","MBS","UMBS MORTPASS 3.5% 11/41","30yr",,,,,"418652.39",,,,,,""
"2021-04-21","'3138A1VZ1'","MBS","UMBS MORTPASS 3% 01/26","15yr",,,,,"418651.81",,,,,,""
"2021-04-21","'3132L6VY4'","MBS","FHLMCGLD 3.5% 02/45","30yr",,,,,"418612.06",,,,,,""
"2021-04-21","'36178QFH0'","MBS","GNMA I 3.5% 09/42","30yr",,,,,"418479.17",,,,,,""
"2021-04-21","'3138EKXG5'","MBS","UMBS MORTPASS 2.5% 03/28","15yr",,,,,"418375.63",,,,,,""
"2021-04-21","'36179EH84'","MBS","GNMA I MORTPASS 3% 02/43","30yr",,,,,"418341.29",,,,,,""
"2021-04-21","'3138NW5C9'","MBS","UMBS MORTPASS 2.5% 01/28","15yr",,,,,"418308.94",,,,,,""
"2021-04-21","'3138W1S57'","MBS","UMBS MORTPASS 3% 02/43","30yr",,,,,"417686.23",,,,,,""
"2021-04-21","'3132A8VW6'","MBS","UMBS MORTPASS 3% 02/32","15yr",,,,,"417664.48",,,,,,""
"2021-04-21","'31418U2D5'","MBS","UMBS MORTPASS 4% 06/25","15yr",,,,,"417463.14",,,,,,""
"2021-04-21","'31307KCM0'","MBS","FHLMCGLD 3% 12/29","15yr",,,,,"417217.01",,,,,,""
"2021-04-21","'3138WH3T7'","MBS","UMBS MORTPASS 2.5% 10/31","15yr",,,,,"417159.34",,,,,,""
"2021-04-21","'36202D2R1'","MBS","GNMA II 3.5% 09/33","30yr",,,,,"416905.22",,,,,,""
"2021-04-21","'3138XELJ5'","MBS","UMBS MORTPASS 4% 04/44","30yr",,,,,"416726.45",,,,,,""
"2021-04-21","'3132M92C7'","MBS","FHLMCGLD 4% 10/44","30yr",,,,,"416573.62",,,,,,""
"2021-04-21","'31307PEV7'","MBS","FHLMCGLD 2.5% 09/30","15yr",,,,,"416549.6",,,,,,""
"2021-04-21","'3132A75J6'","MBS","UMBS MORTPASS 2.5% 04/25","Other",,,,,"416117.97",,,,,,""
"2021-04-21","'36297FJA1'","MBS","GNMA I 4.5% 07/39","30yr",,,,,"416080.71",,,,,,""
"2021-04-21","'3138WTVW3'","MBS","UMBS MORTPASS 3% 05/28","15yr",,,,,"416029.44",,,,,,""
"2021-04-21","'3138E4RL7'","MBS","UMBS MORTPASS 3% 01/27","15yr",,,,,"416002.76",,,,,,""
"2021-04-21","'31307JF57'","MBS","FHLMCGLD 3% 08/29","15yr",,,,,"415965.02",,,,,,""
"2021-04-21","'3140GXPS4'","MBS","UMBS MORTPASS 2.5% 12/32","15yr",,,,,"415956.65",,,,,,""
"2021-04-21","'31329LCB6'","MBS","UMBS MORTPASS 2.5% 08/22","Other",,,,,"415954.51",,,,,,""
"2021-04-21","'3138WSY69'","MBS","UMBS MORTPASS 3% 06/28","15yr",,,,,"415916.94",,,,,,""
"2021-04-21","'3140Q8VY8'","MBS","UMBS MORTPASS 3.5% 04/43","30yr",,,,,"415731.46",,,,,,""
"2021-04-21","'36176VR88'","MBS","GNMA I MORTPASS 3% 02/43","30yr",,,,,"415595.59",,,,,,""
"2021-04-21","'3128MEBV2'","MBS","FHLMCGLD 3% 12/29","15yr",,,,,"415321.22",,,,,,""
"2021-04-21","'3138WVHR5'","MBS","UMBS MORTPASS 3% 05/28","15yr",,,,,"415318.73",,,,,,""
"2021-04-21","'3620AACR7'","MBS","GNMA I MORTPASS 5% 01/40","30yr",,,,,"415269.58",,,,,,""
"2021-04-21","'31307MDY9'","MBS","FHLMCGLD 3% 03/30","15yr",,,,,"415194.48",,,,,,""
"2021-04-21","'3140HETJ1'","MBS","UMBS MORTPASS 3.5% 03/48","30yr",,,,,"414484.37",,,,,,""
"2021-04-21","'31307LRL4'","MBS","FHLMCGLD 2.5% 01/30","15yr",,,,,"414358.68",,,,,,""
"2021-04-21","'3132GR2B6'","MBS","FHLMCGLD 3% 03/42","30yr",,,,,"414246.92",,,,,,""
"2021-04-21","'36296XXK5'","MBS","GNMA I MORTPASS 4% 06/39","30yr",,,,,"414180.08",,,,,,""
"2021-04-21","'3131XAN31'","MBS","UMBS MORTPASS 3% 06/24","Other",,,,,"414176.74",,,,,,""
"2021-04-21","'3138YJAV8'","MBS","UMBS MORTPASS 3% 04/30","15yr",,,,,"414168.16",,,,,,""
"2021-04-21","'3140X4UL8'","MBS","UMBS MORTPASS 2.5% 10/39","Other",,,,,"414135.04",,,,,,""
"2021-04-21","'3132JN4H7'","MBS","FHLMCGLD 3.5% 09/43","30yr",,,,,"413833.47",,,,,,""
"2021-04-21","'3140EAN66'","MBS","UMBS MORTPASS 3% 11/30","15yr",,,,,"413737.16",,,,,,""
"2021-04-21","'3132AAJV7'","MBS","UMBS MORTPASS 2.5% 03/37","Other",,,,,"413719.3",,,,,,""
"2021-04-21","'3138EQV33'","MBS","UMBS MORTPASS 2.5% 06/29","15yr",,,,,"413689.64",,,,,,""
"2021-04-21","'31307QUX3'","MBS","FHLMCGLD 3.5% 04/31","15yr",,,,,"413659.63",,,,,,""
"2021-04-21","'36180DM79'","MBS","GNMA I 3.5% 02/43","30yr",,,,,"413583.79",,,,,,""
"2021-04-21","'3138A2GY9'","MBS","UMBS MORTPASS 4% 12/40","30yr",,,,,"413532.07",,,,,,""
"2021-04-21","'3138YTYQ1'","MBS","UMBS MORTPASS 3% 07/45","30yr",,,,,"413504.57",,,,,,""
"2021-04-21","'3138XFHS7'","MBS","UMBS MORTPASS 3% 11/28","15yr",,,,,"413449.57",,,,,,""
"2021-04-21","'3140H4AW4'","MBS","UMBS MORTPASS 2.5% 04/33","15yr",,,,,"413320.03",,,,,,""
"2021-04-21","'36178B2V6'","MBS","GNMA I MORTPASS 4% 05/42","30yr",,,,,"413291.71",,,,,,""
"2021-04-21","'3138A7QH4'","MBS","UMBS MORTPASS 3.5% 01/41","30yr",,,,,"413226.28",,,,,,""
"2021-04-21","'3140HMGY4'","MBS","UMBS MORTPASS 3.5% 08/48","30yr",,,,,"413197.77",,,,,,""
"2021-04-21","'3140JGUW3'","MBS","UMBS MORTPASS 3% 12/33","15yr",,,,,"413192.52",,,,,,""
"2021-04-21","'3138X1LU8'","MBS","UMBS MORTPASS 3% 08/28","15yr",,,,,"413015.58",,,,,,""
"2021-04-21","'31329KVN1'","MBS","UMBS MORTPASS 3% 08/36","Other",,,,,"412961.68",,,,,,""
"2021-04-21","'3133GAVX1'","MBS","UMBS MORTPASS 1.5% 11/35","15yr",,,,,"412920.69",,,,,,""
"2021-04-21","'3138XFTL9'","MBS","UMBS MORTPASS 3% 11/28","15yr",,,,,"412867.13",,,,,,""
"2021-04-21","'3128PQFD8'","MBS","FHLMCGLD 4.5% 10/24","15yr",,,,,"412676.44",,,,,,""
"2021-04-21","'3132QW4K2'","MBS","FHLMCGLD 4% 04/46","30yr",,,,,"412609.19",,,,,,""
"2021-04-21","'3140H5JX0'","MBS","UMBS MORTPASS 3.5% 01/48","30yr",,,,,"412584.28",,,,,,""
"2021-04-21","'3132KE3Q6'","MBS","FHLMCGLD 3% 04/30","15yr",,,,,"412506.82",,,,,,""
"2021-04-21","'31297QZR3'","MBS","FHLMCGLD 5.5% 06/35","30yr",,,,,"412332.54",,,,,,""
"2021-04-21","'3132D9A95'","MBS","UMBS MORTPASS 3% 06/38","Other",,,,,"412152.88",,,,,,""
"2021-04-21","'3138XVE97'","MBS","UMBS MORTPASS 3% 08/44","30yr",,,,,"411874.95",,,,,,""
"2021-04-21","'3620ADE81'","MBS","GNMA I MORTPASS 5% 09/39","30yr",,,,,"411606.1",,,,,,""
"2021-04-21","'3131XYDE6'","MBS","UMBS MORTPASS 3.5% 10/47","30yr",,,,,"411561.2",,,,,,""
"2021-04-21","'3132J6MR2'","MBS","FHLMCGLD 3.5% 01/43","30yr",,,,,"411511.08",,,,,,""
"2021-04-21","'36230SHR8'","MBS","GNMA I MORTPASS 4% 08/41","30yr",,,,,"411491.6",,,,,,""
"2021-04-21","'31418CXS8'","MBS","UMBS MORTPASS 3.5% 06/38","Other",,,,,"411450.31",,,,,,""
"2021-04-21","'3131X7C48'","MBS","UMBS MORTPASS 3% 11/26","15yr",,,,,"411395.8",,,,,,""
"2021-04-21","'31418XZE1'","MBS","UMBS MORTPASS 4% 08/40","30yr",,,,,"411392.86",,,,,,""
"2021-04-21","'3131X8GB6'","MBS","UMBS MORTPASS 2.5% 11/22","Other",,,,,"411354.71",,,,,,""
"2021-04-21","'3131Y2WX2'","MBS","UMBS MORTPASS 4% 08/48","30yr",,,,,"411352.45",,,,,,""
"2021-04-21","'3138XGQA4'","MBS","UMBS MORTPASS 3% 11/28","15yr",,,,,"411320.12",,,,,,""
"2021-04-21","'3140X8P27'","MBS","UMBS MORTPASS 2.5% 12/50","30yr",,,,,"411203.64",,,,,,""
"2021-04-21","'3138ATCV0'","MBS","UMBS MORTPASS 3% 02/42","30yr",,,,,"411049.44",,,,,,""
"2021-04-21","'36176E5D9'","MBS","GNMA I MORTPASS 4% 11/41","30yr",,,,,"410989.49",,,,,,""
"2021-04-21","'31415Y4Z9'","MBS","UMBS MORTPASS 6.5% 09/38","30yr",,,,,"410857.22",,,,,,""
"2021-04-21","'3138MKR65'","MBS","UMBS MORTPASS 4% 09/43","30yr",,,,,"410618.68",,,,,,""
"2021-04-21","'3138Y7CM2'","MBS","UMBS MORTPASS 2.5% 09/30","15yr",,,,,"410584.61",,,,,,""
"2021-04-21","'3138XUC59'","MBS","UMBS MORTPASS 3% 07/29","15yr",,,,,"410570.8",,,,,,""
"2021-04-21","'3138Y5XY7'","MBS","UMBS MORTPASS 2.5% 01/30","15yr",,,,,"410536.81",,,,,,""
"2021-04-21","'31418PPZ2'","MBS","UMBS MORTPASS 4.5% 03/25","15yr",,,,,"410451.75",,,,,,""
"2021-04-21","'3138YYKB8'","MBS","UMBS MORTPASS 3% 11/30","15yr",,,,,"410352.01",,,,,,""
"2021-04-21","'3138W4XR7'","MBS","UMBS MORTPASS 3.5% 10/42","30yr",,,,,"410335.23",,,,,,""
"2021-04-21","'3138YNPN1'","MBS","UMBS MORTPASS 3% 06/30","15yr",,,,,"410243.27",,,,,,""
"2021-04-21","'3138EDHJ3'","MBS","UMBS MORTPASS 2% 04/28","15yr",,,,,"409934.05",,,,,,""
"2021-04-21","'3620ADSP8'","MBS","GNMA I MORTPASS 5% 11/39","30yr",,,,,"409912.74",,,,,,""
"2021-04-21","'36179EXV5'","MBS","GNMA I MORTPASS 3% 05/43","30yr",,,,,"409805.03",,,,,,""
"2021-04-21","'31307GHD4'","MBS","FHLMCGLD 3.5% 02/29","15yr",,,,,"409664.02",,,,,,""
"2021-04-21","'3138X5EE3'","MBS","UMBS MORTPASS 3% 08/28","15yr",,,,,"409547.35",,,,,,""
"2021-04-21","'3131X7E20'","MBS","UMBS MORTPASS 3% 12/26","15yr",,,,,"409412.43",,,,,,""
"2021-04-21","'36177UV92'","MBS","GNMA I 3.5% 06/42","30yr",,,,,"409322.33",,,,,,""
"2021-04-21","'3140GWLG6'","MBS","UMBS MORTPASS 3% 09/32","15yr",,,,,"409243.5",,,,,,""
"2021-04-21","'3138EPP81'","MBS","UMBS MORTPASS 3% 09/28","15yr",,,,,"409192.6",,,,,,""
"2021-04-21","'31307DKW5'","MBS","FHLMCGLD 2% 07/28","15yr",,,,,"409171.89",,,,,,""
"2021-04-21","'3140HJJ69'","MBS","UMBS MORTPASS 3.5% 08/33","15yr",,,,,"409129.2",,,,,,""
"2021-04-21","'3138W3CW1'","MBS","UMBS MORTPASS 3% 02/28","15yr",,,,,"408882.24",,,,,,""
"2021-04-21","'3138XBKS2'","MBS","UMBS MORTPASS 3% 11/28","15yr",,,,,"408787.99",,,,,,""
"2021-04-21","'3131Y0KD3'","MBS","UMBS MORTPASS 4% 02/48","30yr",,,,,"408773.34",,,,,,""
"2021-04-21","'3138WUPT4'","MBS","UMBS MORTPASS 3.5% 05/43","30yr",,,,,"408732.51",,,,,,""
"2021-04-21","'3138XXNZ5'","MBS","UMBS MORTPASS 4% 06/44","30yr",,,,,"408570.05",,,,,,""
"2021-04-21","'36296LNE6'","MBS","GNMA I MORTPASS 4% 04/39","30yr",,,,,"408569.53",,,,,,""
"2021-04-21","'31307LCD8'","MBS","FHLMCGLD 2.5% 12/29","15yr",,,,,"408516.2",,,,,,""
"2021-04-21","'36297BFX4'","MBS","GNMA I MORTPASS 5% 12/39","30yr",,,,,"408372.42",,,,,,""
"2021-04-21","'31335BNE2'","MBS","FHLMCGLD 4% 12/46","30yr",,,,,"408163.4",,,,,,""
"2021-04-21","'3138YDF20'","MBS","UMBS MORTPASS 3.5% 12/29","15yr",,,,,"408080.27",,,,,,""
"2021-04-21","'3128PRAF6'","MBS","FHLMCGLD 4.5% 03/25","15yr",,,,,"407993.31",,,,,,""
"2021-04-21","'31307NZM9'","MBS","FHLMCGLD 2.5% 08/30","15yr",,,,,"407974.99",,,,,,""
"2021-04-21","'3620ABCV6'","MBS","GNMA I MORTPASS 5% 11/39","30yr",,,,,"407846.5",,,,,,""
"2021-04-21","'3138X7L35'","MBS","UMBS MORTPASS 3% 10/28","15yr",,,,,"407712.51",,,,,,""
"2021-04-21","'3138ER7G9'","MBS","UMBS MORTPASS 2.5% 01/28","15yr",,,,,"407654.97",,,,,,""
"2021-04-21","'3138Y1DK8'","MBS","UMBS MORTPASS 3.5% 09/29","15yr",,,,,"407498.01",,,,,,""
"2021-04-21","'31307UVS4'","MBS","FHLMCGLD 3.5% 10/27","15yr",,,,,"407451.97",,,,,,""
"2021-04-21","'3140HAR93'","MBS","UMBS MORTPASS 3.5% 04/33","15yr",,,,,"407385.3",,,,,,""
"2021-04-21","'31307L4U9'","MBS","FHLMCGLD 3% 02/30","15yr",,,,,"407363.56",,,,,,""
"2021-04-21","'31410LTE2'","MBS","UMBS MORTPASS 2% 06/26","Other",,,,,"407129.37",,,,,,""
"2021-04-21","'36291UN84'","MBS","GNMA I 4.5% 05/39","30yr",,,,,"407050.06",,,,,,""
"2021-04-21","'3140X7BF5'","MBS","UMBS MORTPASS 2% 07/35","15yr",,,,,"406921.29",,,,,,""
"2021-04-21","'3138EQAL6'","MBS","UMBS MORTPASS 2.5% 05/30","15yr",,,,,"406815.69",,,,,,""
"2021-04-21","'3132A5GA7'","MBS","UMBS MORTPASS 3% 12/46","30yr",,,,,"406700.32",,,,,,""
"2021-04-21","'31417L2A2'","MBS","UMBS MORTPASS 6% 09/39","30yr",,,,,"406503.21",,,,,,""
"2021-04-21","'3128MFG77'","MBS","FHLMCGLD 4% 07/29","15yr",,,,,"406419.27",,,,,,""
"2021-04-21","'3132D55T5'","MBS","UMBS MORTPASS 2.5% 08/35","15yr",,,,,"406348.51",,,,,,""
"2021-04-21","'3138XF5W1'","MBS","UMBS MORTPASS 3% 01/29","15yr",,,,,"406335.94",,,,,,""
"2021-04-21","'3138YYFY4'","MBS","UMBS MORTPASS 2.5% 07/30","15yr",,,,,"406223.43",,,,,,""
"2021-04-21","'3131X8JS6'","MBS","UMBS MORTPASS 2% 12/22","Other",,,,,"406083.46",,,,,,""
"2021-04-21","'3128PSJ40'","MBS","FHLMCGLD 4% 09/25","15yr",,,,,"405897.87",,,,,,""
"2021-04-21","'36178WPW3'","MBS","GNMA I 3.5% 11/42","30yr",,,,,"405835.17",,,,,,""
"2021-04-21","'36296LMA5'","MBS","GNMA I 4.5% 02/39","30yr",,,,,"405753",,,,,,""
"2021-04-21","'36202FB47'","MBS","GNMA II MORTPASS 5% 10/39","30yr",,,,,"405720.29",,,,,,""
"2021-04-21","'3140Q8GH2'","MBS","UMBS MORTPASS 3% 01/33","15yr",,,,,"405712.4",,,,,,""
"2021-04-21","'3138M0C32'","MBS","UMBS MORTPASS 2.5% 06/27","15yr",,,,,"405523.18",,,,,,""
"2021-04-21","'3132L6MY4'","MBS","FHLMCGLD 3.5% 07/44","30yr",,,,,"405311.04",,,,,,""
"2021-04-21","'3138MLCF9'","MBS","UMBS MORTPASS 3% 12/27","15yr",,,,,"405158.04",,,,,,""
"2021-04-21","'3131YDFQ2'","MBS","UMBS MORTPASS 2.5% 05/49","30yr",,,,,"404985.8",,,,,,""
"2021-04-21","'36181A4B5'","MBS","GNMA I MORTPASS 3% 06/43","30yr",,,,,"404981.62",,,,,,""
"2021-04-21","'3131YAL81'","MBS","UMBS MORTPASS 4% 03/49","30yr",,,,,"404830.49",,,,,,""
"2021-04-21","'31329PAR4'","MBS","UMBS MORTPASS 3.5% 05/48","30yr",,,,,"404822.29",,,,,,""
"2021-04-21","'3140JLPS7'","MBS","UMBS MORTPASS 4.5% 12/48","30yr",,,,,"404783.42",,,,,,""
"2021-04-21","'36176KMW4'","MBS","GNMA I MORTPASS 4% 09/41","30yr",,,,,"404777.55",,,,,,""
"2021-04-21","'3140E63D2'","MBS","UMBS MORTPASS 3% 11/45","30yr",,,,,"404772.31",,,,,,""
"2021-04-21","'3140HDYK4'","MBS","UMBS MORTPASS 2.5% 02/35","15yr",,,,,"404764.68",,,,,,""
"2021-04-21","'36230T3T7'","MBS","GNMA I MORTPASS 3% 06/43","30yr",,,,,"404499.18",,,,,,""
"2021-04-21","'31417MUT8'","MBS","UMBS MORTPASS 4.5% 10/24","15yr",,,,,"404304.65",,,,,,""
"2021-04-21","'3131XCAN7'","MBS","UMBS MORTPASS 3% 06/31","15yr",,,,,"404288.46",,,,,,""
"2021-04-21","'3138YKCL5'","MBS","UMBS MORTPASS 3% 01/30","15yr",,,,,"404043.97",,,,,,""
"2021-04-21","'3138WDNK3'","MBS","UMBS MORTPASS 3% 12/44","30yr",,,,,"403990.05",,,,,,""
"2021-04-21","'3140HJQP9'","MBS","UMBS MORTPASS 3.5% 05/48","30yr",,,,,"403949.84",,,,,,""
"2021-04-21","'36201DWH1'","MBS","GNMA I MORTPASS 4% 10/41","30yr",,,,,"403750.19",,,,,,""
"2021-04-21","'31417G5C6'","MBS","UMBS MORTPASS 2% 07/28","15yr",,,,,"403531.53",,,,,,""
"2021-04-21","'3138E54S4'","MBS","UMBS MORTPASS 2.5% 06/27","15yr",,,,,"403526.31",,,,,,""
"2021-04-21","'3140FPCG2'","MBS","UMBS MORTPASS 3.5% 06/47","30yr",,,,,"403475.89",,,,,,""
"2021-04-21","'3140KHER8'","MBS","UMBS MORTPASS 2.5% 07/40","Other",,,,,"403311.28",,,,,,""
"2021-04-21","'3138E8TY8'","MBS","UMBS MORTPASS 2% 03/28","15yr",,,,,"403292.07",,,,,,""
"2021-04-21","'31407JDM1'","MBS","UMBS MORTPASS 6% 09/36","30yr",,,,,"402919.85",,,,,,""
"2021-04-21","'36181NS96'","MBS","GNMA I MORTPASS 4% 08/43","30yr",,,,,"402804.11",,,,,,""
"2021-04-21","'31417GGV2'","MBS","UMBS MORTPASS 2% 05/28","15yr",,,,,"402787.15",,,,,,""
"2021-04-21","'3133GCDC3'","MBS","UMBS MORTPASS 2% 03/36","15yr",,,,,"402629.73",,,,,,""
"2021-04-21","'3128PUTZ5'","MBS","FHLMCGLD 4% 04/26","15yr",,,,,"402381.11",,,,,,""
"2021-04-21","'3131X7CU0'","MBS","UMBS MORTPASS 3% 11/26","15yr",,,,,"402262.12",,,,,,""
"2021-04-21","'31307JV75'","MBS","FHLMCGLD 2.5% 10/29","15yr",,,,,"402122.79",,,,,,""
"2021-04-21","'3132WH4T9'","MBS","FHLMCGLD 3% 11/46","30yr",,,,,"402049.19",,,,,,""
"2021-04-21","'3140E13Q4'","MBS","UMBS MORTPASS 2.5% 08/30","15yr",,,,,"401913.26",,,,,,""
"2021-04-21","'3620AAXD5'","MBS","GNMA I MORTPASS 5% 10/39","30yr",,,,,"401908.56",,,,,,""
"2021-04-21","'3138WD7F2'","MBS","UMBS MORTPASS 2.5% 03/30","15yr",,,,,"401757.44",,,,,,""
"2021-04-21","'3138XRJJ9'","MBS","UMBS MORTPASS 3.5% 04/29","15yr",,,,,"401500.55",,,,,,""
"2021-04-21","'31307NLA0'","MBS","FHLMCGLD 2.5% 07/30","15yr",,,,,"401348.28",,,,,,""
"2021-04-21","'3138W9U24'","MBS","UMBS MORTPASS 1.5% 07/28","15yr",,,,,"401200.58",,,,,,""
"2021-04-21","'3140E0PU3'","MBS","UMBS MORTPASS 3% 08/30","15yr",,,,,"401168.91",,,,,,""
"2021-04-21","'3138WWUX5'","MBS","UMBS MORTPASS 3% 08/28","15yr",,,,,"401082.37",,,,,,""
"2021-04-21","'31307PK81'","MBS","FHLMCGLD 2.5% 10/30","15yr",,,,,"401082.04",,,,,,""
"2021-04-21","'3140E65M0'","MBS","UMBS MORTPASS 3.5% 11/45","30yr",,,,,"401014.43",,,,,,""
"2021-04-21","'3138XZBQ3'","MBS","UMBS MORTPASS 3.5% 07/29","15yr",,,,,"400938.49",,,,,,""
"2021-04-21","'3138W0MN6'","MBS","UMBS MORTPASS 2.5% 01/23","Other",,,,,"400883.63",,,,,,""
"2021-04-21","'36177LKU7'","MBS","GNMA I MORTPASS 4% 12/41","30yr",,,,,"400780.81",,,,,,""
"2021-04-21","'31412JBL8'","MBS","UMBS MORTPASS 5% 06/40","30yr",,,,,"400752.27",,,,,,""
"2021-04-21","'3620AKFN1'","MBS","GNMA I MORTPASS 5% 03/40","30yr",,,,,"400749.78",,,,,,""
"2021-04-21","'36297BFG1'","MBS","GNMA I MORTPASS 5% 10/39","30yr",,,,,"400720.23",,,,,,""
"2021-04-21","'3138NXRC3'","MBS","UMBS MORTPASS 3.5% 01/28","15yr",,,,,"400696.93",,,,,,""
"2021-04-21","'31418CM43'","MBS","UMBS MORTPASS 3% 07/37","Other",,,,,"400676.25",,,,,,""
"2021-04-21","'36296XSV7'","MBS","GNMA I MORTPASS 5% 03/39","30yr",,,,,"400584.82",,,,,,""
"2021-04-21","'3140JQTK9'","MBS","UMBS MORTPASS 3% 09/49","30yr",,,,,"400583.28",,,,,,""
"2021-04-21","'3129366W2'","MBS","FHLMCGLD 4.5% 11/39","30yr",,,,,"400415.19",,,,,,""
"2021-04-21","'3620ABDH6'","MBS","GNMA I MORTPASS 5% 01/40","30yr",,,,,"400409.45",,,,,,""
"2021-04-21","'3140JRC41'","MBS","UMBS MORTPASS 4% 05/49","30yr",,,,,"400239.8",,,,,,""
"2021-04-21","'3138WUXM0'","MBS","UMBS MORTPASS 2.5% 05/28","15yr",,,,,"400168.48",,,,,,""
"2021-04-21","'3138XPQQ9'","MBS","UMBS MORTPASS 3% 02/29","15yr",,,,,"400103.84",,,,,,""
"2021-04-21","'3140HMN59'","MBS","UMBS MORTPASS 4.5% 09/48","30yr",,,,,"400095.47",,,,,,""
"2021-04-21","'36181CY77'","MBS","GNMA I 3.5% 10/43","30yr",,,,,"400070.05",,,,,,""
"2021-04-21","'31417CXU4'","MBS","UMBS MORTPASS 2.5% 09/22","Other",,,,,"399956.69",,,,,,""
"2021-04-21","'36177YDT0'","MBS","GNMA I 3.5% 10/42","30yr",,,,,"399851.55",,,,,,""
"2021-04-21","'3128M56W5'","MBS","FHLMCGLD 6% 03/38","30yr",,,,,"399714.61",,,,,,""
"2021-04-21","'3620AJK40'","MBS","GNMA I MORTPASS 5% 01/40","30yr",,,,,"399582.41",,,,,,""
"2021-04-21","'3138XF3Q6'","MBS","UMBS MORTPASS 4% 12/43","30yr",,,,,"399555.99",,,,,,""
"2021-04-21","'3140HAS50'","MBS","UMBS MORTPASS 3% 01/33","15yr",,,,,"399519.41",,,,,,""
"2021-04-21","'3138XKWA8'","MBS","UMBS MORTPASS 3% 12/28","15yr",,,,,"399454.67",,,,,,""
"2021-04-21","'3138X9MT3'","MBS","UMBS MORTPASS 2.5% 11/28","15yr",,,,,"399408.41",,,,,,""
"2021-04-21","'3140X7Y52'","MBS","UMBS MORTPASS 2.5% 10/50","30yr",,,,,"399250.29",,,,,,""
"2021-04-21","'3140QAE55'","MBS","UMBS MORTPASS 4.5% 12/48","30yr",,,,,"399166.27",,,,,,""
"2021-04-21","'3132A84D8'","MBS","UMBS MORTPASS 3% 09/27","15yr",,,,,"399157.75",,,,,,""
"2021-04-21","'3620A1TH1'","MBS","GNMA I MORTPASS 5% 10/39","30yr",,,,,"399119.81",,,,,,""
"2021-04-21","'31418AYK8'","MBS","UMBS MORTPASS 2.5% 09/28","15yr",,,,,"399106.2",,,,,,""
"2021-04-21","'3140E8NW4'","MBS","UMBS MORTPASS 2.5% 02/31","15yr",,,,,"399082.94",,,,,,""
"2021-04-21","'3138M4XF4'","MBS","UMBS MORTPASS 3.5% 02/28","15yr",,,,,"399043.67",,,,,,""
"2021-04-21","'3131X7PN2'","MBS","UMBS MORTPASS 3% 04/27","15yr",,,,,"398941.35",,,,,,""
"2021-04-21","'3140F2UB4'","MBS","UMBS MORTPASS 3% 06/31","15yr",,,,,"398899.65",,,,,,""
"2021-04-21","'3138A14Y4'","MBS","UMBS MORTPASS 4% 12/40","30yr",,,,,"398680.47",,,,,,""
"2021-04-21","'3128MMK28'","MBS","FHLMCGLD 4% 06/24","15yr",,,,,"398660.16",,,,,,""
"2021-04-21","'31307GGS2'","MBS","FHLMCGLD 3.5% 02/29","15yr",,,,,"398532.74",,,,,,""
"2021-04-21","'36179EJA7'","MBS","GNMA I MORTPASS 3% 02/43","30yr",,,,,"398382.48",,,,,,""
"2021-04-21","'31417EBK6'","MBS","UMBS MORTPASS 2% 12/27","15yr",,,,,"398270.84",,,,,,""
"2021-04-21","'36296LNV8'","MBS","GNMA I MORTPASS 4% 05/39","30yr",,,,,"398096.17",,,,,,""
"2021-04-21","'31307C7L6'","MBS","FHLMCGLD 2% 07/28","15yr",,,,,"398056.46",,,,,,""
"2021-04-21","'3140EAPM9'","MBS","UMBS MORTPASS 3% 11/30","15yr",,,,,"397926.84",,,,,,""
"2021-04-21","'3140HMF41'","MBS","UMBS MORTPASS 3.5% 07/48","30yr",,,,,"397661.9",,,,,,""
"2021-04-21","'36178MFL0'","MBS","GNMA I MORTPASS 3% 11/42","30yr",,,,,"397611.25",,,,,,""
"2021-04-21","'3140XTAA9'","MBS","UMBS MORTPASS 3% 11/27","15yr",,,,,"397478.67",,,,,,""
"2021-04-21","'3132JBN82'","MBS","FHLMCGLD 3.5% 07/43","30yr",,,,,"397434.83",,,,,,""
"2021-04-21","'3138WFXX9'","MBS","UMBS MORTPASS 3% 10/30","15yr",,,,,"397348.23",,,,,,""
"2021-04-21","'3140FHYM3'","MBS","UMBS MORTPASS 2.5% 10/31","15yr",,,,,"397226.56",,,,,,""
"2021-04-21","'31412QVS5'","MBS","UMBS MORTPASS 4% 12/24","15yr",,,,,"397175.85",,,,,,""
"2021-04-21","'3131X77A0'","MBS","UMBS MORTPASS 2.5% 09/27","15yr",,,,,"396961.7",,,,,,""
"2021-04-21","'3128MJXQ8'","MBS","FHLMCGLD 3% 01/46","30yr",,,,,"396758.34",,,,,,""
"2021-04-21","'31418CAK0'","MBS","UMBS MORTPASS 2.5% 08/31","15yr",,,,,"396671.42",,,,,,""
"2021-04-21","'3140H5NZ0'","MBS","UMBS MORTPASS 3.5% 02/48","30yr",,,,,"396574.1",,,,,,""
"2021-04-21","'3138YW5P8'","MBS","UMBS MORTPASS 3.5% 08/45","30yr",,,,,"396513.27",,,,,,""
"2021-04-21","'3138EH5Y4'","MBS","UMBS MORTPASS 3% 05/27","15yr",,,,,"396390.86",,,,,,""
"2021-04-21","'31418CNP5'","MBS","UMBS MORTPASS 3.5% 08/27","Other",,,,,"396127.69",,,,,,""
"2021-04-21","'31307AVT6'","MBS","FHLMCGLD 3% 02/28","15yr",,,,,"396107.22",,,,,,""
"2021-04-21","'3138XHEX5'","MBS","UMBS MORTPASS 3.5% 02/29","15yr",,,,,"396100.24",,,,,,""
"2021-04-21","'3131X8QE9'","MBS","UMBS MORTPASS 2% 02/23","Other",,,,,"396080.73",,,,,,""
"2021-04-21","'3138E8KQ4'","MBS","UMBS MORTPASS 3% 03/27","15yr",,,,,"395980.98",,,,,,""
"2021-04-21","'3138MM7L0'","MBS","UMBS MORTPASS 2.5% 12/27","15yr",,,,,"395928.61",,,,,,""
"2021-04-21","'3132M5G71'","MBS","FHLMCGLD 4.5% 03/44","30yr",,,,,"395764.32",,,,,,""
"2021-04-21","'36177WJB7'","MBS","GNMA I 3.5% 05/42","30yr",,,,,"395695.12",,,,,,""
"2021-04-21","'3620A5XP9'","MBS","GNMA I MORTPASS 5% 09/39","30yr",,,,,"395645.51",,,,,,""
"2021-04-21","'3131X8FW1'","MBS","UMBS MORTPASS 2.5% 11/27","15yr",,,,,"395626.2",,,,,,""
"2021-04-21","'36179N5U8'","MBS","GNMA II MORTPASS 3% 03/44","30yr",,,,,"395625.6",,,,,,""
"2021-04-21","'3620A9PL9'","MBS","GNMA I 4.5% 10/39","30yr",,,,,"395596.08",,,,,,""
"2021-04-21","'36179VDQ0'","MBS","GNMA II MORTPASS 4% 01/50","30yr",,,,,"395586.18",,,,,,""
"2021-04-21","'312939K42'","MBS","FHLMCGLD 5% 02/40","30yr",,,,,"395500.9",,,,,,""
"2021-04-21","'3131X8BF2'","MBS","UMBS MORTPASS 2.5% 10/27","15yr",,,,,"395375.9",,,,,,""
"2021-04-21","'3138XR3S6'","MBS","UMBS MORTPASS 3% 06/29","15yr",,,,,"395146.43",,,,,,""
"2021-04-21","'31307HNW3'","MBS","FHLMCGLD 3% 06/29","15yr",,,,,"395051.11",,,,,,""
"2021-04-21","'3138A92W3'","MBS","UMBS MORTPASS 3% 11/26","15yr",,,,,"394854.27",,,,,,""
"2021-04-21","'36177JAK5'","MBS","GNMA I MORTPASS 4% 11/41","30yr",,,,,"394778.41",,,,,,""
"2021-04-21","'3131X9EF7'","MBS","UMBS MORTPASS 3% 06/28","15yr",,,,,"394636.63",,,,,,""
"2021-04-21","'36179BWS9'","MBS","GNMA I 3.5% 07/43","30yr",,,,,"394589.27",,,,,,""
"2021-04-21","'31307SS46'","MBS","FHLMCGLD 3.5% 12/31","15yr",,,,,"394572.85",,,,,,""
"2021-04-21","'36297FCB6'","MBS","GNMA I 4.5% 07/39","30yr",,,,,"394503.79",,,,,,""
"2021-04-21","'3131XWD67'","MBS","UMBS MORTPASS 4% 03/47","30yr",,,,,"394392.48",,,,,,""
"2021-04-21","'3128P7L50'","MBS","FHLMCGLD 4% 05/29","Other",,,,,"394381.46",,,,,,""
"2021-04-21","'3132A9TK3'","MBS","UMBS MORTPASS 3% 05/32","15yr",,,,,"394361.88",,,,,,""
"2021-04-21","'3131XAWN7'","MBS","UMBS MORTPASS 2.5% 11/29","15yr",,,,,"394324.17",,,,,,""
"2021-04-21","'3132QUBF9'","MBS","FHLMCGLD 3.5% 11/45","30yr",,,,,"394323.89",,,,,,""
"2021-04-21","'31407JAL6'","MBS","UMBS MORTPASS 6.5% 09/26","Other",,,,,"394243.93",,,,,,""
"2021-04-21","'3138WZWT5'","MBS","UMBS MORTPASS 3% 07/28","15yr",,,,,"394172.68",,,,,,""
"2021-04-21","'3140H4KQ6'","MBS","UMBS MORTPASS 3% 02/33","15yr",,,,,"394089.05",,,,,,""
"2021-04-21","'3138XBVZ4'","MBS","UMBS MORTPASS 3% 11/28","15yr",,,,,"394011.5",,,,,,""
"2021-04-21","'3138AXXQ9'","MBS","UMBS MORTPASS 3% 12/26","15yr",,,,,"393996.82",,,,,,""
"2021-04-21","'3140Q7QE0'","MBS","UMBS MORTPASS 3.5% 09/47","30yr",,,,,"393911.21",,,,,,""
"2021-04-21","'3140JVZ62'","MBS","UMBS MORTPASS 3% 06/49","30yr",,,,,"393835.02",,,,,,""
"2021-04-21","'3138LTX60'","MBS","UMBS MORTPASS 3% 05/27","15yr",,,,,"393813.14",,,,,,""
"2021-04-21","'3140JLQB3'","MBS","UMBS MORTPASS 4.5% 12/48","30yr",,,,,"393753.8",,,,,,""
"2021-04-21","'3132A7MH1'","MBS","UMBS MORTPASS 2% 03/23","Other",,,,,"393689.19",,,,,,""
"2021-04-21","'36297BEV9'","MBS","GNMA I 4.5% 07/39","30yr",,,,,"393570.08",,,,,,""
"2021-04-21","'3138WPV84'","MBS","UMBS MORTPASS 3.5% 05/43","30yr",,,,,"393511.47",,,,,,""
"2021-04-21","'3132QRMU1'","MBS","FHLMCGLD 3.5% 07/45","30yr",,,,,"393351.8",,,,,,""
"2021-04-21","'3138XQQN4'","MBS","UMBS MORTPASS 4% 03/44","30yr",,,,,"393317.49",,,,,,""
"2021-04-21","'3131X8BM7'","MBS","UMBS MORTPASS 2.5% 10/27","15yr",,,,,"393304.42",,,,,,""
"2021-04-21","'3140JLNP5'","MBS","UMBS MORTPASS 4% 12/48","30yr",,,,,"392919.35",,,,,,""
"2021-04-21","'3138MKM86'","MBS","UMBS MORTPASS 3% 10/28","15yr",,,,,"392721.72",,,,,,""
"2021-04-21","'3140E6ZM7'","MBS","UMBS MORTPASS 2.5% 10/30","15yr",,,,,"392656.52",,,,,,""
"2021-04-21","'31307FYY1'","MBS","FHLMCGLD 3% 01/29","15yr",,,,,"392552.1",,,,,,""
"2021-04-21","'31418CLG7'","MBS","UMBS MORTPASS 3.5% 06/47","30yr",,,,,"392533.38",,,,,,""
"2021-04-21","'31329MGD6'","MBS","UMBS MORTPASS 2% 05/25","Other",,,,,"392352.96",,,,,,""
"2021-04-21","'36296V3F3'","MBS","GNMA I 3.5% 11/40","30yr",,,,,"392257.67",,,,,,""
"2021-04-21","'3128MCDQ5'","MBS","FHLMCGLD 4.5% 04/24","15yr",,,,,"392235.51",,,,,,""
"2021-04-21","'36177NT91'","MBS","GNMA I MORTPASS 3% 07/42","30yr",,,,,"392193.35",,,,,,""
"2021-04-21","'31329K3G7'","MBS","UMBS MORTPASS 3% 12/25","15yr",,,,,"392107.31",,,,,,""
"2021-04-21","'3140KNKN7'","MBS","UMBS MORTPASS 2% 10/50","30yr",,,,,"392069.45",,,,,,""
"2021-04-21","'36296YZU9'","MBS","GNMA I 4.5% 11/39","30yr",,,,,"392032.04",,,,,,""
"2021-04-21","'31307WNL4'","MBS","FHLMCGLD 3.5% 08/33","15yr",,,,,"392028.26",,,,,,""
"2021-04-21","'36178EQC6'","MBS","GNMA I 3.5% 10/42","30yr",,,,,"391998.87",,,,,,""
"2021-04-21","'3620A7D28'","MBS","GNMA I 4.5% 11/39","30yr",,,,,"391876.68",,,,,,""
"2021-04-21","'36296PWA5'","MBS","GNMA I 4.5% 05/39","30yr",,,,,"391816.51",,,,,,""
"2021-04-21","'3138XVDG2'","MBS","UMBS MORTPASS 4% 05/44","30yr",,,,,"391796.56",,,,,,""
"2021-04-21","'3140HNVL3'","MBS","UMBS MORTPASS 4% 08/48","30yr",,,,,"391572.7",,,,,,""
"2021-04-21","'3131XBDV8'","MBS","UMBS MORTPASS 2.5% 05/30","15yr",,,,,"391519.3",,,,,,""
"2021-04-21","'36177UYG3'","MBS","GNMA I 3.5% 09/42","30yr",,,,,"391439.62",,,,,,""
"2021-04-21","'3138XNCJ5'","MBS","UMBS MORTPASS 4.5% 02/44","30yr",,,,,"391388.34",,,,,,""
"2021-04-21","'3138M7P90'","MBS","UMBS MORTPASS 3% 08/27","15yr",,,,,"391289.68",,,,,,""
"2021-04-21","'31307GQV4'","MBS","FHLMCGLD 3% 03/29","15yr",,,,,"391234.54",,,,,,""
"2021-04-21","'31417GCX2'","MBS","UMBS MORTPASS 2.5% 04/23","Other",,,,,"391140.43",,,,,,""
"2021-04-21","'3138EPQS6'","MBS","UMBS MORTPASS 2% 12/27","15yr",,,,,"391121.5",,,,,,""
"2021-04-21","'3138ETQV1'","MBS","UMBS MORTPASS 3% 06/31","15yr",,,,,"391103.71",,,,,,""
"2021-04-21","'3138YTL36'","MBS","UMBS MORTPASS 3.5% 07/45","30yr",,,,,"391003.96",,,,,,""
"2021-04-21","'3138X6A21'","MBS","UMBS MORTPASS 3% 08/28","15yr",,,,,"390906.74",,,,,,""
"2021-04-21","'3138WWZK8'","MBS","UMBS MORTPASS 2.5% 06/28","15yr",,,,,"390876.02",,,,,,""
"2021-04-21","'36297DBA4'","MBS","GNMA I 4.5% 04/39","30yr",,,,,"390875.27",,,,,,""
"2021-04-21","'3131X8EW2'","MBS","UMBS MORTPASS 2.5% 11/27","15yr",,,,,"390737.65",,,,,,""
"2021-04-21","'31307NG24'","MBS","FHLMCGLD 2.5% 06/30","15yr",,,,,"390714.44",,,,,,""
"2021-04-21","'3138WWRW1'","MBS","UMBS MORTPASS 3% 06/28","15yr",,,,,"390705.43",,,,,,""
"2021-04-21","'3138XKWB6'","MBS","UMBS MORTPASS 3% 01/29","15yr",,,,,"390521.76",,,,,,""
"2021-04-21","'3138XK2A1'","MBS","UMBS MORTPASS 4.5% 01/44","30yr",,,,,"390483.12",,,,,,""
"2021-04-21","'3620AHMV2'","MBS","GNMA I 4.5% 12/39","30yr",,,,,"390336.74",,,,,,""
"2021-04-21","'3140JVMH2'","MBS","UMBS MORTPASS 4.5% 06/49","30yr",,,,,"390280.28",,,,,,""
"2021-04-21","'31307VME3'","MBS","FHLMCGLD 3.5% 01/33","15yr",,,,,"390169.38",,,,,,""
"2021-04-21","'36176AFB0'","MBS","GNMA I MORTPASS 4% 04/41","30yr",,,,,"390146.38",,,,,,""
"2021-04-21","'3128MJWQ9'","MBS","FHLMCGLD 3.5% 07/45","30yr",,,,,"390061.78",,,,,,""
"2021-04-21","'3140KUP48'","MBS","UMBS MORTPASS 1.5% 11/50","30yr",,,,,"389902.24",,,,,,""
"2021-04-21","'31410LRT1'","MBS","UMBS MORTPASS 2% 10/30","15yr",,,,,"389781.81",,,,,,""
"2021-04-21","'3133KYSA8'","MBS","UMBS MORTPASS 4% 09/39","Other",,,,,"389657.81",,,,,,""
"2021-04-21","'3132J9Q27'","MBS","FHLMCGLD 3% 05/43","30yr",,,,,"389508.82",,,,,,""
"2021-04-21","'3138XBP57'","MBS","UMBS MORTPASS 3% 10/28","15yr",,,,,"389462.35",,,,,,""
"2021-04-21","'36177MAZ5'","MBS","GNMA I MORTPASS 4% 01/42","30yr",,,,,"389427.93",,,,,,""
"2021-04-21","'3133G6FL4'","MBS","UMBS MORTPASS 2.5% 06/34","15yr",,,,,"389233.06",,,,,,""
"2021-04-21","'36176W5Q0'","MBS","GNMA I 3.5% 01/42","30yr",,,,,"389144.47",,,,,,""
"2021-04-21","'3140FRUD5'","MBS","UMBS MORTPASS 3% 02/32","15yr",,,,,"389135.14",,,,,,""
"2021-04-21","'3138WURR6'","MBS","UMBS MORTPASS 2.5% 09/28","15yr",,,,,"389127.42",,,,,,""
"2021-04-21","'3138MDT85'","MBS","UMBS MORTPASS 2.5% 10/27","15yr",,,,,"389107.62",,,,,,""
"2021-04-21","'31307MN36'","MBS","FHLMCGLD 3% 04/30","15yr",,,,,"389101.22",,,,,,""
"2021-04-21","'36176EQL8'","MBS","GNMA I 3.5% 11/41","30yr",,,,,"388877.67",,,,,,""
"2021-04-21","'31329LEZ1'","MBS","UMBS MORTPASS 2.5% 08/27","15yr",,,,,"388519.39",,,,,,""
"2021-04-21","'36202FCM6'","MBS","GNMA II MORTPASS 4% 11/39","30yr",,,,,"388457.83",,,,,,""
"2021-04-21","'31418BPD2'","MBS","UMBS MORTPASS 2.5% 03/30","15yr",,,,,"388393.38",,,,,,""
"2021-04-21","'31307F5E7'","MBS","FHLMCGLD 3% 01/29","15yr",,,,,"388291.6",,,,,,""
"2021-04-21","'36296UJD3'","MBS","GNMA I 4.5% 04/39","30yr",,,,,"388269.43",,,,,,""
"2021-04-21","'3138MKPG5'","MBS","UMBS MORTPASS 2.5% 10/27","15yr",,,,,"388207.71",,,,,,""
"2021-04-21","'3140JUPD0'","MBS","UMBS MORTPASS 3.5% 06/49","30yr",,,,,"388194.57",,,,,,""
"2021-04-21","'3138E0LD9'","MBS","UMBS MORTPASS 3% 01/27","15yr",,,,,"388098.36",,,,,,""
"2021-04-21","'3132QQSH6'","MBS","FHLMCGLD 3% 06/45","30yr",,,,,"388017.65",,,,,,""
"2021-04-21","'3138WEU49'","MBS","UMBS MORTPASS 3% 06/30","15yr",,,,,"387820.6",,,,,,""
"2021-04-21","'3138EKLV5'","MBS","UMBS MORTPASS 3.5% 10/27","15yr",,,,,"387786.82",,,,,,""
"2021-04-21","'3132A7VK4'","MBS","UMBS MORTPASS 3.5% 12/26","15yr",,,,,"387301.85",,,,,,""
"2021-04-21","'3128MEE49'","MBS","FHLMCGLD 2.5% 04/30","15yr",,,,,"387242.35",,,,,,""
"2021-04-21","'36296LM80'","MBS","GNMA I MORTPASS 4% 04/39","30yr",,,,,"387176.21",,,,,,""
"2021-04-21","'3138XLFM9'","MBS","UMBS MORTPASS 3.5% 02/29","15yr",,,,,"387059.23",,,,,,""
"2021-04-21","'31307WCB8'","MBS","FHLMCGLD 3% 05/33","15yr",,,,,"386991.19",,,,,,""
"2021-04-21","'3138X5UY1'","MBS","UMBS MORTPASS 3% 09/28","15yr",,,,,"386900.36",,,,,,""
"2021-04-21","'3138XSCT2'","MBS","UMBS MORTPASS 3.5% 03/29","15yr",,,,,"386897.42",,,,,,""
"2021-04-21","'36178VCK5'","MBS","GNMA I MORTPASS 3% 02/43","30yr",,,,,"386715.5",,,,,,""
"2021-04-21","'3132MAXC0'","MBS","FHLMCGLD 3.5% 11/44","30yr",,,,,"386681.22",,,,,,""
"2021-04-21","'36177N2D1'","MBS","GNMA I MORTPASS 4% 02/42","30yr",,,,,"386591.89",,,,,,""
"2021-04-21","'3138W7AJ3'","MBS","UMBS MORTPASS 2.5% 02/28","15yr",,,,,"386557.35",,,,,,""
"2021-04-21","'3140HJRJ2'","MBS","UMBS MORTPASS 4% 06/48","30yr",,,,,"386419.19",,,,,,""
"2021-04-21","'3620ABC20'","MBS","GNMA I MORTPASS 5% 11/39","30yr",,,,,"386313.07",,,,,,""
"2021-04-21","'36176DQM8'","MBS","GNMA I 3.5% 12/41","30yr",,,,,"386283.58",,,,,,""
"2021-04-21","'3138MMBA9'","MBS","UMBS MORTPASS 2.5% 11/27","15yr",,,,,"386224.1",,,,,,""
"2021-04-21","'3620A3XV1'","MBS","GNMA I 4.5% 12/39","30yr",,,,,"386167.09",,,,,,""
"2021-04-21","'3140HEA93'","MBS","UMBS MORTPASS 3% 07/33","15yr",,,,,"386127.5",,,,,,""
"2021-04-21","'3138W0T74'","MBS","UMBS MORTPASS 2.5% 02/28","15yr",,,,,"386099.93",,,,,,""
"2021-04-21","'31307LT24'","MBS","FHLMCGLD 3% 02/30","15yr",,,,,"386066.36",,,,,,""
"2021-04-21","'3138XS3U9'","MBS","UMBS MORTPASS 3.5% 06/29","15yr",,,,,"385241.58",,,,,,""
"2021-04-21","'3140Q9HR7'","MBS","UMBS MORTPASS 4% 07/48","30yr",,,,,"385234.51",,,,,,""
"2021-04-21","'3128MMTQ6'","MBS","FHLMCGLD 3.5% 06/30","15yr",,,,,"384923.38",,,,,,""
"2021-04-21","'3140E42J5'","MBS","UMBS MORTPASS 3% 09/30","15yr",,,,,"384842.11",,,,,,""
"2021-04-21","'3138YNAY3'","MBS","UMBS MORTPASS 3% 06/30","15yr",,,,,"384750.38",,,,,,""
"2021-04-21","'3132A9PW1'","MBS","UMBS MORTPASS 2.5% 09/29","15yr",,,,,"384706.97",,,,,,""
"2021-04-21","'3132WKGY8'","MBS","FHLMCGLD 3.5% 01/47","30yr",,,,,"384239.34",,,,,,""
"2021-04-21","'36176RC91'","MBS","GNMA I MORTPASS 4% 10/41","30yr",,,,,"384199.49",,,,,,""
"2021-04-21","'36296AGX6'","MBS","GNMA I 4.5% 03/39","30yr",,,,,"384078.89",,,,,,""
"2021-04-21","'3132A7U41'","MBS","UMBS MORTPASS 2.5% 03/24","Other",,,,,"383966.24",,,,,,""
"2021-04-21","'3140HJ4H1'","MBS","UMBS MORTPASS 4% 06/33","15yr",,,,,"383896.93",,,,,,""
"2021-04-21","'3131Y3YA8'","MBS","UMBS MORTPASS 4.5% 10/48","30yr",,,,,"383815.47",,,,,,""
"2021-04-21","'31335BFN1'","MBS","FHLMCGLD 3% 07/47","30yr",,,,,"383782.16",,,,,,""
"2021-04-21","'3128PSW86'","MBS","FHLMCGLD 4% 10/25","15yr",,,,,"383633.71",,,,,,""
"2021-04-21","'3138X7DH3'","MBS","UMBS MORTPASS 4% 08/43","30yr",,,,,"383525.04",,,,,,""
"2021-04-21","'3138X6GL3'","MBS","UMBS MORTPASS 3% 03/29","15yr",,,,,"383490.16",,,,,,""
"2021-04-21","'3138XW5X2'","MBS","UMBS MORTPASS 3.5% 06/29","15yr",,,,,"383409.8",,,,,,""
"2021-04-21","'3131YCND4'","MBS","UMBS MORTPASS 3% 04/49","30yr",,,,,"383305.91",,,,,,""
"2021-04-21","'3140KEG28'","MBS","UMBS MORTPASS 1.5% 07/35","15yr",,,,,"383289.58",,,,,,""
"2021-04-21","'31329Q2L4'","MBS","UMBS MORTPASS 4% 06/39","Other",,,,,"383067.77",,,,,,""
"2021-04-21","'3140FR5M3'","MBS","UMBS MORTPASS 3.5% 04/32","15yr",,,,,"382952.94",,,,,,""
"2021-04-21","'3138WJWW4'","MBS","UMBS MORTPASS 2.5% 02/32","15yr",,,,,"382943.64",,,,,,""
"2021-04-21","'36176UT96'","MBS","GNMA I 3.5% 05/42","30yr",,,,,"382671.25",,,,,,""
"2021-04-21","'3140J7S55'","MBS","UMBS MORTPASS 3% 11/28","15yr",,,,,"382545.33",,,,,,""
"2021-04-21","'3131Y3HS8'","MBS","UMBS MORTPASS 3.5% 09/48","30yr",,,,,"382540.78",,,,,,""
"2021-04-21","'3138E8X31'","MBS","UMBS MORTPASS 3% 04/27","15yr",,,,,"382538.72",,,,,,""
"2021-04-21","'3140GYKK4'","MBS","UMBS MORTPASS 2.5% 02/33","15yr",,,,,"382422.08",,,,,,""
"2021-04-21","'3128PTSV8'","MBS","FHLMCGLD 3.5% 01/26","15yr",,,,,"382287.51",,,,,,""
"2021-04-21","'31417GSD9'","MBS","UMBS MORTPASS 2.5% 05/28","15yr",,,,,"382134.53",,,,,,""
"2021-04-21","'36179TV36'","MBS","GNMA II 2.5% 04/48","30yr",,,,,"382085.08",,,,,,""
"2021-04-21","'3140H73P0'","MBS","UMBS MORTPASS 3% 02/33","15yr",,,,,"381855.4",,,,,,""
"2021-04-21","'31418DDU3'","MBS","UMBS MORTPASS 2.5% 05/39","Other",,,,,"381680.62",,,,,,""
"2021-04-21","'36176VWL3'","MBS","GNMA I 3.5% 02/42","30yr",,,,,"381650.36",,,,,,""
"2021-04-21","'3138M1XS2'","MBS","UMBS MORTPASS 2.5% 07/27","15yr",,,,,"381584.57",,,,,,""
"2021-04-21","'36179VMB3'","MBS","GNMA II MORTPASS 2% 05/50","30yr",,,,,"381555.73",,,,,,""
"2021-04-21","'3131X7M62'","MBS","UMBS MORTPASS 3% 04/27","15yr",,,,,"381174.94",,,,,,""
"2021-04-21","'31307LJR0'","MBS","FHLMCGLD 2.5% 01/30","15yr",,,,,"381102.02",,,,,,""
"2021-04-21","'3138X5KK2'","MBS","UMBS MORTPASS 3.5% 10/28","15yr",,,,,"381063.26",,,,,,""
"2021-04-21","'31307F6Y2'","MBS","FHLMCGLD 3.5% 01/29","15yr",,,,,"380984.67",,,,,,""
"2021-04-21","'3131X8PK6'","MBS","UMBS MORTPASS 2.5% 02/28","15yr",,,,,"380896.08",,,,,,""
"2021-04-21","'3131X7MR6'","MBS","UMBS MORTPASS 3% 03/27","15yr",,,,,"380745.53",,,,,,""
"2021-04-21","'3138EEZ28'","MBS","UMBS MORTPASS 3% 05/27","15yr",,,,,"380714.97",,,,,,""
"2021-04-21","'36297BEN7'","MBS","GNMA I 4.5% 05/39","30yr",,,,,"380478.74",,,,,,""
"2021-04-21","'31307TVL2'","MBS","FHLMCGLD 3% 05/32","15yr",,,,,"380435.93",,,,,,""
"2021-04-21","'312943FX6'","MBS","FHLMCGLD 3.5% 01/41","30yr",,,,,"380394.53",,,,,,""
"2021-04-21","'3132QUEH2'","MBS","FHLMCGLD 3.5% 11/45","30yr",,,,,"380360.76",,,,,,""
"2021-04-21","'3138LRM74'","MBS","UMBS MORTPASS 2% 08/28","15yr",,,,,"380304.67",,,,,,""
"2021-04-21","'31417T3A4'","MBS","UMBS MORTPASS 6% 11/39","30yr",,,,,"380280.33",,,,,,""
"2021-04-21","'3140FR5W1'","MBS","UMBS MORTPASS 3.5% 05/32","15yr",,,,,"380273.25",,,,,,""
"2021-04-21","'3132J6XC3'","MBS","FHLMCGLD 4% 02/43","30yr",,,,,"380129.03",,,,,,""
"2021-04-21","'3132WGRE9'","MBS","FHLMCGLD 4.5% 09/46","30yr",,,,,"380061.87",,,,,,""
"2021-04-21","'31418BH33'","MBS","UMBS MORTPASS 3% 08/44","30yr",,,,,"379915.17",,,,,,""
"2021-04-21","'3138WVA84'","MBS","UMBS MORTPASS 2.5% 07/28","15yr",,,,,"379836.27",,,,,,""
"2021-04-21","'3138XMAJ9'","MBS","UMBS MORTPASS 4.5% 02/44","30yr",,,,,"379683.33",,,,,,""
"2021-04-21","'31410LMH2'","MBS","UMBS MORTPASS 2.5% 09/28","15yr",,,,,"379664.88",,,,,,""
"2021-04-21","'31307J4S9'","MBS","FHLMCGLD 3% 11/29","15yr",,,,,"379567.68",,,,,,""
"2021-04-21","'3128MMVC4'","MBS","FHLMCGLD 3.5% 08/31","15yr",,,,,"379532.88",,,,,,""
"2021-04-21","'3138LQSR6'","MBS","UMBS MORTPASS 3% 05/27","15yr",,,,,"379527.31",,,,,,""
"2021-04-21","'3132M9J21'","MBS","FHLMCGLD 3.5% 09/44","30yr",,,,,"379510.89",,,,,,""
"2021-04-21","'3140E9WM4'","MBS","UMBS MORTPASS 3% 12/45","30yr",,,,,"379109.97",,,,,,""
"2021-04-21","'3138Y3UU3'","MBS","UMBS MORTPASS 2.5% 09/29","15yr",,,,,"379066.51",,,,,,""
"2021-04-21","'3140FNGT5'","MBS","UMBS MORTPASS 3.5% 12/46","30yr",,,,,"378865.79",,,,,,""
"2021-04-21","'3140Q93Y7'","MBS","UMBS MORTPASS 3.5% 11/48","30yr",,,,,"378781.3",,,,,,""
"2021-04-21","'3132QUC84'","MBS","FHLMCGLD 3% 11/45","30yr",,,,,"378641.64",,,,,,""
"2021-04-21","'3138WWWE5'","MBS","UMBS MORTPASS 3% 06/28","15yr",,,,,"378423.05",,,,,,""
"2021-04-21","'36176HTG9'","MBS","GNMA I 3.5% 05/42","30yr",,,,,"378349.24",,,,,,""
"2021-04-21","'3138WEZS1'","MBS","UMBS MORTPASS 2.5% 01/30","15yr",,,,,"378347.02",,,,,,""
"2021-04-21","'3140F5BM4'","MBS","UMBS MORTPASS 2.5% 11/31","15yr",,,,,"378310.49",,,,,,""
"2021-04-21","'3138NXBP1'","MBS","UMBS MORTPASS 2.5% 01/28","15yr",,,,,"377918.42",,,,,,""
"2021-04-21","'31329N7B8'","MBS","UMBS MORTPASS 2.5% 04/48","30yr",,,,,"377896.79",,,,,,""
"2021-04-21","'3131XAS44'","MBS","UMBS MORTPASS 3% 08/24","Other",,,,,"377893.68",,,,,,""
"2021-04-21","'3140K07K8'","MBS","UMBS MORTPASS 3% 09/49","30yr",,,,,"377854.28",,,,,,""
"2021-04-21","'3138EMEH0'","MBS","UMBS MORTPASS 2.5% 09/28","15yr",,,,,"377800.4",,,,,,""
"2021-04-21","'3140HJQC8'","MBS","UMBS MORTPASS 3.5% 05/48","30yr",,,,,"377696.99",,,,,,""
"2021-04-21","'36295CHG9'","MBS","GNMA I MORTPASS 3% 03/43","30yr",,,,,"377580.11",,,,,,""
"2021-04-21","'36290QPL3'","MBS","GNMA I MORTPASS 3% 01/43","30yr",,,,,"377415.39",,,,,,""
"2021-04-21","'3140HLLA2'","MBS","UMBS MORTPASS 3.5% 06/48","30yr",,,,,"377374.77",,,,,,""
"2021-04-21","'36297FJS2'","MBS","GNMA I MORTPASS 4% 09/39","30yr",,,,,"377367.35",,,,,,""
"2021-04-21","'36178QLW0'","MBS","GNMA I MORTPASS 3% 04/43","30yr",,,,,"377366.64",,,,,,""
"2021-04-21","'36178QGW6'","MBS","GNMA I MORTPASS 3% 11/42","30yr",,,,,"377342.72",,,,,,""
"2021-04-21","'3138W2X91'","MBS","UMBS MORTPASS 3.5% 11/28","15yr",,,,,"377257.57",,,,,,""
"2021-04-21","'3138WAEH6'","MBS","UMBS MORTPASS 3% 02/27","15yr",,,,,"377196.2",,,,,,""
"2021-04-21","'3138YLE31'","MBS","UMBS MORTPASS 3% 04/45","30yr",,,,,"377170.02",,,,,,""
"2021-04-21","'31346YXK4'","MBS","UMBS MORTPASS 3% 12/49","30yr",,,,,"376945.18",,,,,,""
"2021-04-21","'36179UCC4'","MBS","GNMA II 4.5% 09/48","30yr",,,,,"376923.28",,,,,,""
"2021-04-21","'3140FU4S4'","MBS","UMBS MORTPASS 3% 03/32","15yr",,,,,"376875.91",,,,,,""
"2021-04-21","'3132A7JZ5'","MBS","UMBS MORTPASS 3% 04/27","15yr",,,,,"376697.7",,,,,,""
"2021-04-21","'3138WMQZ7'","MBS","UMBS MORTPASS 3% 03/28","15yr",,,,,"376617.91",,,,,,""
"2021-04-21","'31417AH93'","MBS","UMBS MORTPASS 2.5% 11/26","15yr",,,,,"376478",,,,,,""
"2021-04-21","'3132A7QK0'","MBS","UMBS MORTPASS 3% 11/27","15yr",,,,,"376469.98",,,,,,""
"2021-04-21","'3140JQVR1'","MBS","UMBS MORTPASS 3.5% 03/49","30yr",,,,,"376428.67",,,,,,""
"2021-04-21","'3131XCQ67'","MBS","UMBS MORTPASS 2% 01/27","Other",,,,,"376217.4",,,,,,""
"2021-04-21","'36176WRE3'","MBS","GNMA I 3.5% 08/42","30yr",,,,,"375916.44",,,,,,""
"2021-04-21","'3128MMU50'","MBS","FHLMCGLD 2% 06/31","15yr",,,,,"375894.21",,,,,,""
"2021-04-21","'3138Y12B0'","MBS","UMBS MORTPASS 3% 08/29","15yr",,,,,"375833.54",,,,,,""
"2021-04-21","'3132KE6E0'","MBS","FHLMCGLD 2.5% 07/30","15yr",,,,,"375820.88",,,,,,""
"2021-04-21","'3131Y2MQ8'","MBS","UMBS MORTPASS 4% 08/48","30yr",,,,,"375614.09",,,,,,""
"2021-04-21","'3138MTFY8'","MBS","UMBS MORTPASS 3% 09/27","15yr",,,,,"375540.42",,,,,,""
"2021-04-21","'3140X4UF1'","MBS","UMBS MORTPASS 2% 03/33","15yr",,,,,"375482.95",,,,,,""
"2021-04-21","'3132A5HC2'","MBS","UMBS MORTPASS 4% 07/47","30yr",,,,,"375338.75",,,,,,""
"2021-04-21","'3138WFG26'","MBS","UMBS MORTPASS 2.5% 08/30","15yr",,,,,"375231.92",,,,,,""
"2021-04-21","'3138XPJU8'","MBS","UMBS MORTPASS 3% 03/29","15yr",,,,,"375200.18",,,,,,""
"2021-04-21","'31418UZH0'","MBS","UMBS MORTPASS 4% 05/25","15yr",,,,,"375066.71",,,,,,""
"2021-04-21","'3138WFT55'","MBS","UMBS MORTPASS 3% 10/30","15yr",,,,,"375005.24",,,,,,""
"2021-04-21","'3138XCYP1'","MBS","UMBS MORTPASS 3.5% 10/28","15yr",,,,,"374930.19",,,,,,""
"2021-04-21","'3620A5XZ7'","MBS","GNMA I MORTPASS 5% 10/39","30yr",,,,,"374849.14",,,,,,""
"2021-04-21","'3138XKY57'","MBS","UMBS MORTPASS 3% 02/29","15yr",,,,,"374827.74",,,,,,""
"2021-04-21","'31411JFP6'","MBS","UMBS MORTPASS 5% 01/37","30yr",,,,,"374826.4",,,,,,""
"2021-04-21","'3138MQDF7'","MBS","UMBS MORTPASS 2.5% 01/28","15yr",,,,,"374765.47",,,,,,""
"2021-04-21","'31307G4K2'","MBS","FHLMCGLD 3.5% 04/29","15yr",,,,,"374691.6",,,,,,""
"2021-04-21","'3138ERYE4'","MBS","UMBS MORTPASS 2.5% 03/31","15yr",,,,,"374686.64",,,,,,""
"2021-04-21","'31307PPH6'","MBS","FHLMCGLD 2.5% 11/30","15yr",,,,,"374577.59",,,,,,""
"2021-04-21","'3131X7P85'","MBS","UMBS MORTPASS 3% 04/27","15yr",,,,,"374575.44",,,,,,""
"2021-04-21","'3138X6R72'","MBS","UMBS MORTPASS 3% 09/28","15yr",,,,,"374504",,,,,,""
"2021-04-21","'3140JN6C9'","MBS","UMBS MORTPASS 4% 04/49","30yr",,,,,"374433.4",,,,,,""
"2021-04-21","'3140HANX4'","MBS","UMBS MORTPASS 3% 07/49","30yr",,,,,"374403.66",,,,,,""
"2021-04-21","'3138YJ3M6'","MBS","UMBS MORTPASS 3.5% 03/45","30yr",,,,,"374402.2",,,,,,""
"2021-04-21","'36177VAA0'","MBS","GNMA I 3.5% 04/42","30yr",,,,,"374216.55",,,,,,""
"2021-04-21","'3131X7F52'","MBS","UMBS MORTPASS 3% 12/26","15yr",,,,,"374195.05",,,,,,""
"2021-04-21","'31418BLA2'","MBS","UMBS MORTPASS 3% 12/24","Other",,,,,"374160.46",,,,,,""
"2021-04-21","'31306YRF0'","MBS","FHLMCGLD 3% 12/27","15yr",,,,,"374128.99",,,,,,""
"2021-04-21","'3138WALF2'","MBS","UMBS MORTPASS 3.5% 12/43","30yr",,,,,"373992.08",,,,,,""
"2021-04-21","'36176YAB3'","MBS","GNMA I MORTPASS 4% 10/41","30yr",,,,,"373894.21",,,,,,""
"2021-04-21","'31329K6X7'","MBS","UMBS MORTPASS 3% 02/27","15yr",,,,,"373871.97",,,,,,""
"2021-04-21","'3132JBNH2'","MBS","FHLMCGLD 3% 07/43","30yr",,,,,"373833.66",,,,,,""
"2021-04-21","'3128MMUC5'","MBS","FHLMCGLD 3% 12/30","15yr",,,,,"373781.12",,,,,,""
"2021-04-21","'36179JM61'","MBS","GNMA I MORTPASS 3% 02/43","30yr",,,,,"373760.16",,,,,,""
"2021-04-21","'3138AVRK3'","MBS","UMBS MORTPASS 3.5% 10/26","15yr",,,,,"373465.78",,,,,,""
"2021-04-21","'3138WWZF9'","MBS","UMBS MORTPASS 2.5% 06/28","15yr",,,,,"373429.54",,,,,,""
"2021-04-21","'3138AHC20'","MBS","UMBS MORTPASS 3.5% 12/40","30yr",,,,,"373252.62",,,,,,""
"2021-04-21","'31334YM46'","MBS","UMBS MORTPASS 3% 07/49","30yr",,,,,"373244.98",,,,,,""
"2021-04-21","'3132ADZR2'","MBS","UMBS MORTPASS 3% 01/34","15yr",,,,,"373210.64",,,,,,""
"2021-04-21","'3140X4NT9'","MBS","UMBS MORTPASS 2.5% 03/29","15yr",,,,,"373203.24",,,,,,""
"2021-04-21","'3620ASNW5'","MBS","GNMA I MORTPASS 4% 07/41","30yr",,,,,"373153.46",,,,,,""
"2021-04-21","'3138WEQM4'","MBS","UMBS MORTPASS 3% 05/30","15yr",,,,,"372842.37",,,,,,""
"2021-04-21","'3138XZL74'","MBS","UMBS MORTPASS 2.5% 11/29","15yr",,,,,"372664.19",,,,,,""
"2021-04-21","'3132GVKQ4'","MBS","FHLMCGLD 3% 08/42","30yr",,,,,"372554.1",,,,,,""
"2021-04-21","'3132DV7M1'","MBS","UMBS MORTPASS 3% 10/50","30yr",,,,,"372553.5",,,,,,""
"2021-04-21","'3131X8E44'","MBS","UMBS MORTPASS 2.5% 11/27","15yr",,,,,"372324.73",,,,,,""
"2021-04-21","'36297KMT5'","MBS","GNMA I 4.5% 06/39","30yr",,,,,"372310.76",,,,,,""
"2021-04-21","'31417GG91'","MBS","UMBS MORTPASS 3% 05/28","15yr",,,,,"372244.66",,,,,,""
"2021-04-21","'36296YZD7'","MBS","GNMA I 4.5% 06/39","30yr",,,,,"372233",,,,,,""
"2021-04-21","'3620AB4Q6'","MBS","GNMA I MORTPASS 5% 11/39","30yr",,,,,"372082.72",,,,,,""
"2021-04-21","'3138X72E2'","MBS","UMBS MORTPASS 3% 02/29","15yr",,,,,"372066.56",,,,,,""
"2021-04-21","'31329QJL6'","MBS","UMBS MORTPASS 4.5% 04/39","Other",,,,,"371893.19",,,,,,""
"2021-04-21","'31418DQB1'","MBS","UMBS MORTPASS 3.5% 06/50","30yr",,,,,"371775.89",,,,,,""
"2021-04-21","'36179EJK5'","MBS","GNMA I MORTPASS 3% 02/43","30yr",,,,,"371704.3",,,,,,""
"2021-04-21","'31307DJL1'","MBS","FHLMCGLD 3% 07/28","15yr",,,,,"371681.42",,,,,,""
"2021-04-21","'36180CRZ4'","MBS","GNMA I 3.5% 08/43","30yr",,,,,"371599.74",,,,,,""
"2021-04-21","'3138WDES6'","MBS","UMBS MORTPASS 2.5% 11/29","15yr",,,,,"371580.46",,,,,,""
"2021-04-21","'36180BH87'","MBS","GNMA I 3.5% 05/43","30yr",,,,,"371544.38",,,,,,""
"2021-04-21","'3140HBJ90'","MBS","UMBS MORTPASS 4% 02/48","30yr",,,,,"371371.9",,,,,,""
"2021-04-21","'3620AE2H2'","MBS","GNMA I 4.5% 12/39","30yr",,,,,"371255.77",,,,,,""
"2021-04-21","'36177T5Y9'","MBS","GNMA I MORTPASS 4% 05/42","30yr",,,,,"371057.95",,,,,,""
"2021-04-21","'3138WURD7'","MBS","UMBS MORTPASS 3% 09/28","15yr",,,,,"371049.92",,,,,,""
"2021-04-21","'31418BLL8'","MBS","UMBS MORTPASS 3.5% 12/29","15yr",,,,,"371043.06",,,,,,""
"2021-04-21","'3138EQKK7'","MBS","UMBS MORTPASS 3.5% 09/40","30yr",,,,,"371010.72",,,,,,""
"2021-04-21","'3138WYCW3'","MBS","UMBS MORTPASS 2.5% 06/28","15yr",,,,,"370770.69",,,,,,""
"2021-04-21","'36230KVR9'","MBS","GNMA I 3.5% 03/42","30yr",,,,,"370762.32",,,,,,""
"2021-04-21","'3132A9NS2'","MBS","UMBS MORTPASS 2.5% 09/28","15yr",,,,,"370533.29",,,,,,""
"2021-04-21","'36179FYP4'","MBS","GNMA I MORTPASS 4% 08/43","30yr",,,,,"370523.99",,,,,,""
"2021-04-21","'3128KXWL1'","MBS","FHLMCGLD 6% 10/37","30yr",,,,,"370448.68",,,,,,""
"2021-04-21","'3138XZQL8'","MBS","UMBS MORTPASS 3% 09/44","30yr",,,,,"370187.06",,,,,,""
"2021-04-21","'3128P7MP5'","MBS","FHLMCGLD 4% 09/29","Other",,,,,"370146.89",,,,,,""
"2021-04-21","'3132A9R33'","MBS","UMBS MORTPASS 3% 04/31","15yr",,,,,"369905.48",,,,,,""
"2021-04-21","'3140GXPT2'","MBS","UMBS MORTPASS 2.5% 12/32","15yr",,,,,"369766.52",,,,,,""
"2021-04-21","'3132MACM1'","MBS","FHLMCGLD 3.5% 10/44","30yr",,,,,"369582.85",,,,,,""
"2021-04-21","'31417CDT9'","MBS","UMBS MORTPASS 2.5% 07/22","Other",,,,,"369474.8",,,,,,""
"2021-04-21","'31416X7F1'","MBS","UMBS MORTPASS 4.5% 04/41","30yr",,,,,"369350.07",,,,,,""
"2021-04-21","'31417DSA2'","MBS","UMBS MORTPASS 2.5% 11/27","15yr",,,,,"369284.62",,,,,,""
"2021-04-21","'3620A6C47'","MBS","GNMA I 4.5% 07/39","30yr",,,,,"369201.6",,,,,,""
"2021-04-21","'3620A7B20'","MBS","GNMA I 4.5% 12/39","30yr",,,,,"369195.62",,,,,,""
"2021-04-21","'3138MDF64'","MBS","UMBS MORTPASS 2.5% 10/27","15yr",,,,,"369115.11",,,,,,""
"2021-04-21","'31410LCU4'","MBS","UMBS MORTPASS 3% 12/25","15yr",,,,,"368950.21",,,,,,""
"2021-04-21","'3140FQBR7'","MBS","UMBS MORTPASS 2.5% 01/32","15yr",,,,,"368897.52",,,,,,""
"2021-04-21","'3138WU7D9'","MBS","UMBS MORTPASS 2.5% 05/28","15yr",,,,,"368877.49",,,,,,""
"2021-04-21","'36179UEA6'","MBS","GNMA II 4.5% 10/48","30yr",,,,,"368828.38",,,,,,""
"2021-04-21","'3140F3YM4'","MBS","UMBS MORTPASS 2.5% 04/46","30yr",,,,,"368687.04",,,,,,""
"2021-04-21","'3133KKPR4'","MBS","UMBS MORTPASS 1.5% 11/50","30yr",,,,,"368540.76",,,,,,""
"2021-04-21","'31371N2D6'","MBS","UMBS MORTPASS 6% 09/28","Other",,,,,"368448.86",,,,,,""
"2021-04-21","'3140X9YH2'","MBS","UMBS MORTPASS 2.5% 01/51","30yr",,,,,"368262.72",,,,,,""
"2021-04-21","'3138YDJF7'","MBS","UMBS MORTPASS 3% 04/30","15yr",,,,,"368260.64",,,,,,""
"2021-04-21","'36297KL33'","MBS","GNMA I 4.5% 04/39","30yr",,,,,"368244.6",,,,,,""
"2021-04-21","'31307TB67'","MBS","FHLMCGLD 2.5% 02/32","15yr",,,,,"368066.09",,,,,,""
"2021-04-21","'3620AGB38'","MBS","GNMA I MORTPASS 5% 12/39","30yr",,,,,"367896.35",,,,,,""
"2021-04-21","'3138XJDW4'","MBS","UMBS MORTPASS 3% 02/29","15yr",,,,,"367828.76",,,,,,""
"2021-04-21","'312938L27'","MBS","FHLMCGLD 4% 01/40","30yr",,,,,"367808.09",,,,,,""
"2021-04-21","'3132A7JN2'","MBS","UMBS MORTPASS 2.5% 09/22","Other",,,,,"367747.68",,,,,,""
"2021-04-21","'36178CMZ3'","MBS","GNMA I MORTPASS 3% 07/42","30yr",,,,,"367523.84",,,,,,""
"2021-04-21","'3138MHR21'","MBS","UMBS MORTPASS 3% 10/42","30yr",,,,,"367450.49",,,,,,""
"2021-04-21","'3133D3CE3'","MBS","UMBS MORTPASS 3% 09/39","Other",,,,,"367400.82",,,,,,""
"2021-04-21","'3138W7BE3'","MBS","UMBS MORTPASS 3.5% 02/43","30yr",,,,,"367325.51",,,,,,""
"2021-04-21","'31292LGU3'","MBS","FHLMCGLD 3.5% 04/42","30yr",,,,,"367186.87",,,,,,""
"2021-04-21","'3132A9SN8'","MBS","UMBS MORTPASS 3% 10/31","15yr",,,,,"367184.88",,,,,,""
"2021-04-21","'36180KB91'","MBS","GNMA I MORTPASS 3% 03/43","30yr",,,,,"367125.79",,,,,,""
"2021-04-21","'31307EZW7'","MBS","FHLMCGLD 3.5% 10/28","15yr",,,,,"367100.95",,,,,,""
"2021-04-21","'3138XEHD3'","MBS","UMBS MORTPASS 3.5% 01/29","15yr",,,,,"367048",,,,,,""
"2021-04-21","'31307HG43'","MBS","FHLMCGLD 3.5% 06/29","15yr",,,,,"367036.09",,,,,,""
"2021-04-21","'3138W4FT3'","MBS","UMBS MORTPASS 2.5% 02/23","Other",,,,,"367019.21",,,,,,""
"2021-04-21","'3140E9WF9'","MBS","UMBS MORTPASS 3.5% 01/46","30yr",,,,,"366954.04",,,,,,""
"2021-04-21","'31307HKX4'","MBS","FHLMCGLD 3.5% 06/29","15yr",,,,,"366922.52",,,,,,""
"2021-04-21","'3138WURT2'","MBS","UMBS MORTPASS 3% 09/28","15yr",,,,,"366908.98",,,,,,""
"2021-04-21","'3140JTC62'","MBS","UMBS MORTPASS 3% 05/34","15yr",,,,,"366872.45",,,,,,""
"2021-04-21","'36297JTM6'","MBS","GNMA I MORTPASS 4% 06/39","30yr",,,,,"366861.85",,,,,,""
"2021-04-21","'3140FF3C3'","MBS","UMBS MORTPASS 2.5% 09/31","15yr",,,,,"366666.59",,,,,,""
"2021-04-21","'31418V4S8'","MBS","UMBS MORTPASS 3.5% 08/40","30yr",,,,,"366629.37",,,,,,""
"2021-04-21","'36180MLU9'","MBS","GNMA I MORTPASS 4% 08/43","30yr",,,,,"366601.78",,,,,,""
"2021-04-21","'3138X9YD5'","MBS","UMBS MORTPASS 3% 04/29","15yr",,,,,"366419.98",,,,,,""
"2021-04-21","'3128PUV82'","MBS","FHLMCGLD 4% 05/26","15yr",,,,,"366416.37",,,,,,""
"2021-04-21","'3133KJ6R8'","MBS","UMBS MORTPASS 2% 09/50","30yr",,,,,"366350.55",,,,,,""
"2021-04-21","'3140JMM33'","MBS","UMBS MORTPASS 3% 04/49","30yr",,,,,"366053.47",,,,,,""
"2021-04-21","'3140H7SP3'","MBS","UMBS MORTPASS 3% 05/33","15yr",,,,,"365900.06",,,,,,""
"2021-04-21","'36296FTV5'","MBS","GNMA I 4.5% 09/39","30yr",,,,,"365890.17",,,,,,""
"2021-04-21","'3133AADG4'","MBS","UMBS MORTPASS 2.5% 09/50","30yr",,,,,"365828.9",,,,,,""
"2021-04-21","'3138MM6Q0'","MBS","UMBS MORTPASS 3% 12/27","15yr",,,,,"365763",,,,,,""
"2021-04-21","'3128MMR62'","MBS","FHLMCGLD 3% 04/29","15yr",,,,,"365737.41",,,,,,""
"2021-04-21","'3620ABH74'","MBS","GNMA I 3.5% 06/42","30yr",,,,,"365707.19",,,,,,""
"2021-04-21","'3620ACYM0'","MBS","GNMA I 3.5% 04/42","30yr",,,,,"365475.52",,,,,,""
"2021-04-21","'3132KFYG1'","MBS","FHLMCGLD 3% 04/32","15yr",,,,,"365255.71",,,,,,""
"2021-04-21","'3138W2ZU2'","MBS","UMBS MORTPASS 2.5% 02/28","15yr",,,,,"364972.45",,,,,,""
"2021-04-21","'3138YRY93'","MBS","UMBS MORTPASS 2.5% 05/30","15yr",,,,,"364815.17",,,,,,""
"2021-04-21","'3138WCFH1'","MBS","UMBS MORTPASS 3% 07/29","15yr",,,,,"364766.17",,,,,,""
"2021-04-21","'3138ERYP9'","MBS","UMBS MORTPASS 4% 01/47","30yr",,,,,"364696.09",,,,,,""
"2021-04-21","'3138ECPR8'","MBS","UMBS MORTPASS 4% 02/42","30yr",,,,,"364226.75",,,,,,""
"2021-04-21","'3138MKC38'","MBS","UMBS MORTPASS 3% 10/27","15yr",,,,,"364117.81",,,,,,""
"2021-04-21","'3131Y16V7'","MBS","UMBS MORTPASS 3.5% 07/48","30yr",,,,,"363802.28",,,,,,""
"2021-04-21","'3138XWFA1'","MBS","UMBS MORTPASS 3% 07/29","15yr",,,,,"363768.45",,,,,,""
"2021-04-21","'3138MPUL7'","MBS","UMBS MORTPASS 2.5% 12/27","15yr",,,,,"363741.61",,,,,,""
"2021-04-21","'36177SGW3'","MBS","GNMA I 3.5% 05/42","30yr",,,,,"363705.09",,,,,,""
"2021-04-21","'31307RNK7'","MBS","FHLMCGLD 2.5% 08/31","15yr",,,,,"363701.96",,,,,,""
"2021-04-21","'31307H6M4'","MBS","FHLMCGLD 3.5% 08/29","15yr",,,,,"363637.31",,,,,,""
"2021-04-21","'3620ACMN1'","MBS","GNMA I MORTPASS 5% 01/40","30yr",,,,,"363465.29",,,,,,""
"2021-04-21","'36178TLE4'","MBS","GNMA I MORTPASS 4% 11/42","30yr",,,,,"363346.27",,,,,,""
"2021-04-21","'3138YGDR0'","MBS","UMBS MORTPASS 3% 07/45","30yr",,,,,"363294.44",,,,,,""
"2021-04-21","'3138W4NQ0'","MBS","UMBS MORTPASS 2.5% 02/28","15yr",,,,,"363216.71",,,,,,""
"2021-04-21","'31417F3T3'","MBS","UMBS MORTPASS 2% 12/27","15yr",,,,,"363174.7",,,,,,""
"2021-04-21","'3138M4X49'","MBS","UMBS MORTPASS 3% 08/27","15yr",,,,,"363163.23",,,,,,""
"2021-04-21","'31412NUK0'","MBS","UMBS MORTPASS 4.5% 01/39","30yr",,,,,"363039.04",,,,,,""
"2021-04-21","'3140JUCZ5'","MBS","UMBS MORTPASS 4% 11/49","30yr",,,,,"363012.23",,,,,,""
"2021-04-21","'3138APDJ4'","MBS","UMBS MORTPASS 3% 04/27","15yr",,,,,"362924.38",,,,,,""
"2021-04-21","'3138LWT84'","MBS","UMBS MORTPASS 3% 06/27","15yr",,,,,"362916.46",,,,,,""
"2021-04-21","'3620ADL91'","MBS","GNMA I MORTPASS 5% 11/39","30yr",,,,,"362767.48",,,,,,""
"2021-04-21","'36178L5N9'","MBS","GNMA I MORTPASS 3% 10/42","30yr",,,,,"362754.46",,,,,,""
"2021-04-21","'3131YAXR6'","MBS","UMBS MORTPASS 3% 03/49","30yr",,,,,"362510.04",,,,,,""
"2021-04-21","'3131Y0AJ1'","MBS","UMBS MORTPASS 3% 01/48","30yr",,,,,"362294.68",,,,,,""
"2021-04-21","'3138XVQL7'","MBS","UMBS MORTPASS 3% 07/29","15yr",,,,,"362109.14",,,,,,""
"2021-04-21","'3132A9R25'","MBS","UMBS MORTPASS 2.5% 04/31","15yr",,,,,"362012.02",,,,,,""
"2021-04-21","'3138M6L96'","MBS","UMBS MORTPASS 3% 09/27","15yr",,,,,"361993.51",,,,,,""
"2021-04-21","'3128MMTE3'","MBS","FHLMCGLD 2% 04/30","15yr",,,,,"361992.97",,,,,,""
"2021-04-21","'3133KGGL6'","MBS","UMBS MORTPASS 3% 07/49","30yr",,,,,"361958.55",,,,,,""
"2021-04-21","'31307H2E6'","MBS","FHLMCGLD 3.5% 08/29","15yr",,,,,"361712.14",,,,,,""
"2021-04-21","'3140F1XE7'","MBS","UMBS MORTPASS 3% 03/31","15yr",,,,,"361657.39",,,,,,""
"2021-04-21","'31418AFD5'","MBS","UMBS MORTPASS 3% 05/22","Other",,,,,"361070.55",,,,,,""
"2021-04-21","'36179KPZ1'","MBS","GNMA I 3.5% 01/43","30yr",,,,,"361033.9",,,,,,""
"2021-04-21","'3140QFS91'","MBS","UMBS MORTPASS 2.5% 11/50","30yr",,,,,"361000.48",,,,,,""
"2021-04-21","'3140JN5P1'","MBS","UMBS MORTPASS 3.5% 04/49","30yr",,,,,"360664.16",,,,,,""
"2021-04-21","'3138LUBK0'","MBS","UMBS MORTPASS 3% 05/27","15yr",,,,,"360597.14",,,,,,""
"2021-04-21","'3140H9L35'","MBS","UMBS MORTPASS 3% 12/33","15yr",,,,,"360552.35",,,,,,""
"2021-04-21","'3133G8BH3'","MBS","UMBS MORTPASS 2.5% 03/35","15yr",,,,,"360539.37",,,,,,""
"2021-04-21","'3138M8UK7'","MBS","UMBS MORTPASS 2.5% 08/27","15yr",,,,,"360404.69",,,,,,""
"2021-04-21","'3131XXM65'","MBS","UMBS MORTPASS 3.5% 08/47","30yr",,,,,"360334.56",,,,,,""
"2021-04-21","'3132A8BK4'","MBS","UMBS MORTPASS 2% 08/25","Other",,,,,"360218.06",,,,,,""
"2021-04-21","'3140JVNH1'","MBS","UMBS MORTPASS 3.5% 07/49","30yr",,,,,"360173.08",,,,,,""
"2021-04-21","'31418CPN8'","MBS","UMBS MORTPASS 3.5% 09/37","Other",,,,,"360073.23",,,,,,""
"2021-04-21","'3132GSXC8'","MBS","FHLMCGLD 4% 04/42","30yr",,,,,"360047.25",,,,,,""
"2021-04-21","'31329QN98'","MBS","UMBS MORTPASS 4.5% 04/49","30yr",,,,,"360043.86",,,,,,""
"2021-04-21","'3128PU5H1'","MBS","FHLMCGLD 4% 05/26","15yr",,,,,"359958.61",,,,,,""
"2021-04-21","'3131X75N4'","MBS","UMBS MORTPASS 2.5% 09/27","15yr",,,,,"359606.7",,,,,,""
"2021-04-21","'36178SJ58'","MBS","GNMA I MORTPASS 4% 01/43","30yr",,,,,"359591.7",,,,,,""
"2021-04-21","'3131YDC51'","MBS","UMBS MORTPASS 3% 05/29","15yr",,,,,"359572.73",,,,,,""
"2021-04-21","'3138WPWU4'","MBS","UMBS MORTPASS 3% 04/28","15yr",,,,,"359546.31",,,,,,""
"2021-04-21","'3140HN4E9'","MBS","UMBS MORTPASS 4% 08/48","30yr",,,,,"359489.71",,,,,,""
"2021-04-21","'3133D3GN9'","MBS","UMBS MORTPASS 3% 03/40","Other",,,,,"359422.82",,,,,,""
"2021-04-21","'3620AQJW4'","MBS","GNMA I MORTPASS 5% 02/40","30yr",,,,,"358976.89",,,,,,""
"2021-04-21","'3132QRER7'","MBS","FHLMCGLD 3.5% 07/45","30yr",,,,,"358817.85",,,,,,""
"2021-04-21","'3132QP2R4'","MBS","FHLMCGLD 3.5% 04/45","30yr",,,,,"358767.77",,,,,,""
"2021-04-21","'3132QRA59'","MBS","FHLMCGLD 3.5% 07/45","30yr",,,,,"358706.35",,,,,,""
"2021-04-21","'3133USGK1'","MBS","UMBS MORTPASS 4% 03/48","30yr",,,,,"358534.13",,,,,,""
"2021-04-21","'31335AWU8'","MBS","FHLMCGLD 3.5% 08/46","30yr",,,,,"358529.23",,,,,,""
"2021-04-21","'3133AAP63'","MBS","UMBS MORTPASS 2.5% 10/50","30yr",,,,,"358503.58",,,,,,""
"2021-04-21","'31307HFW2'","MBS","FHLMCGLD 3.5% 05/29","15yr",,,,,"358409.97",,,,,,""
"2021-04-21","'3138M2AG1'","MBS","UMBS MORTPASS 3% 08/27","15yr",,,,,"358268.49",,,,,,""
"2021-04-21","'3138W9LU2'","MBS","UMBS MORTPASS 2% 08/28","15yr",,,,,"358121.43",,,,,,""
"2021-04-21","'3140H7J24'","MBS","UMBS MORTPASS 2.5% 02/33","15yr",,,,,"358096.25",,,,,,""
"2021-04-21","'31416MZV9'","MBS","UMBS MORTPASS 4% 04/39","30yr",,,,,"358095.32",,,,,,""
"2021-04-21","'36177U3S1'","MBS","GNMA I MORTPASS 3% 03/42","30yr",,,,,"358032.48",,,,,,""
"2021-04-21","'31418DW65'","MBS","UMBS MORTPASS 2% 02/41","Other",,,,,"357885.35",,,,,,""
"2021-04-21","'3138YGHC9'","MBS","UMBS MORTPASS 3% 03/45","30yr",,,,,"357826.38",,,,,,""
"2021-04-21","'31307GAY5'","MBS","FHLMCGLD 3.5% 02/29","15yr",,,,,"357803.96",,,,,,""
"2021-04-21","'3138Y9JD1'","MBS","UMBS MORTPASS 3.5% 11/29","15yr",,,,,"357702.42",,,,,,""
"2021-04-21","'3140E4T80'","MBS","UMBS MORTPASS 2.5% 03/31","15yr",,,,,"357603.38",,,,,,""
"2021-04-21","'3138WDEW7'","MBS","UMBS MORTPASS 3% 11/29","15yr",,,,,"357397.98",,,,,,""
"2021-04-21","'3138MCHQ0'","MBS","UMBS MORTPASS 3.5% 11/28","15yr",,,,,"357191.27",,,,,,""
"2021-04-21","'36297FWA6'","MBS","GNMA I 4.5% 09/39","30yr",,,,,"357186.64",,,,,,""
"2021-04-21","'31307M3J3'","MBS","FHLMCGLD 2.5% 05/30","15yr",,,,,"357184.39",,,,,,""
"2021-04-21","'3131X73Y2'","MBS","UMBS MORTPASS 2.5% 09/27","15yr",,,,,"356971.44",,,,,,""
"2021-04-21","'3140FGKN8'","MBS","UMBS MORTPASS 2.5% 02/32","15yr",,,,,"356908.21",,,,,,""
"2021-04-21","'3620ABC53'","MBS","GNMA I 4.5% 12/39","30yr",,,,,"356648.76",,,,,,""
"2021-04-21","'3132QNL56'","MBS","FHLMCGLD 3% 03/45","30yr",,,,,"356606.17",,,,,,""
"2021-04-21","'31418A6E3'","MBS","UMBS MORTPASS 2% 01/24","Other",,,,,"356577.25",,,,,,""
"2021-04-21","'3131YACM0'","MBS","UMBS MORTPASS 2.5% 02/34","15yr",,,,,"356422.94",,,,,,""
"2021-04-21","'36178L4G5'","MBS","GNMA I 3.5% 09/42","30yr",,,,,"356344.69",,,,,,""
"2021-04-21","'31307AUZ3'","MBS","FHLMCGLD 3% 02/28","15yr",,,,,"356261.38",,,,,,""
"2021-04-21","'3140HDYY4'","MBS","UMBS MORTPASS 3.5% 02/33","15yr",,,,,"356218.27",,,,,,""
"2021-04-21","'31307NBJ2'","MBS","FHLMCGLD 2.5% 06/30","15yr",,,,,"356210.79",,,,,,""
"2021-04-21","'3128MJW48'","MBS","FHLMCGLD 3% 09/45","30yr",,,,,"356198.82",,,,,,""
"2021-04-21","'31329LC26'","MBS","UMBS MORTPASS 2.5% 12/27","15yr",,,,,"356067.48",,,,,,""
"2021-04-21","'3138WDM99'","MBS","UMBS MORTPASS 3% 12/29","15yr",,,,,"355931.78",,,,,,""
"2021-04-21","'36178RTS9'","MBS","GNMA I MORTPASS 3% 04/43","30yr",,,,,"355931.19",,,,,,""
"2021-04-21","'31307GK24'","MBS","FHLMCGLD 3% 03/29","15yr",,,,,"355906.78",,,,,,""
"2021-04-21","'3138E2TK1'","MBS","UMBS MORTPASS 3% 01/27","15yr",,,,,"355787.89",,,,,,""
"2021-04-21","'3138YKSL8'","MBS","UMBS MORTPASS 3% 05/30","15yr",,,,,"355772.4",,,,,,""
"2021-04-21","'3138XFU37'","MBS","UMBS MORTPASS 4.5% 02/44","30yr",,,,,"355681.6",,,,,,""
"2021-04-21","'31334WTW1'","MBS","UMBS MORTPASS 3.5% 06/49","30yr",,,,,"355651.36",,,,,,""
"2021-04-21","'3138EJQ27'","MBS","UMBS MORTPASS 3% 07/27","15yr",,,,,"355629.16",,,,,,""
"2021-04-21","'3620C4MV9'","MBS","GNMA I 3.5% 02/42","30yr",,,,,"355524.53",,,,,,""
"2021-04-21","'3140HNY48'","MBS","UMBS MORTPASS 4.5% 08/48","30yr",,,,,"355452.66",,,,,,""
"2021-04-21","'3140HPWK9'","MBS","UMBS MORTPASS 4% 11/48","30yr",,,,,"355452.33",,,,,,""
"2021-04-21","'31329LAK8'","MBS","UMBS MORTPASS 3% 04/27","15yr",,,,,"355309.01",,,,,,""
"2021-04-21","'3140H7SM0'","MBS","UMBS MORTPASS 3% 04/33","15yr",,,,,"355290.99",,,,,,""
"2021-04-21","'31329KUV4'","MBS","UMBS MORTPASS 3% 11/35","Other",,,,,"355161.02",,,,,,""
"2021-04-21","'3138WE3F4'","MBS","UMBS MORTPASS 2.5% 07/30","15yr",,,,,"354814.77",,,,,,""
"2021-04-21","'3138LUAR6'","MBS","UMBS MORTPASS 3% 05/27","15yr",,,,,"354798.94",,,,,,""
"2021-04-21","'3620AFBQ9'","MBS","GNMA I MORTPASS 5% 11/39","30yr",,,,,"354784.21",,,,,,""
"2021-04-21","'312932K96'","MBS","FHLMCGLD 5% 04/39","30yr",,,,,"354656.59",,,,,,""
"2021-04-21","'3132KFBY7'","MBS","FHLMCGLD 2.5% 10/30","15yr",,,,,"354653.72",,,,,,""
"2021-04-21","'3140KGV34'","MBS","UMBS MORTPASS 3% 06/50","30yr",,,,,"354588.66",,,,,,""
"2021-04-21","'3128P7N33'","MBS","FHLMCGLD 4% 06/30","Other",,,,,"354432.4",,,,,,""
"2021-04-21","'31307UAS7'","MBS","FHLMCGLD 3% 06/27","15yr",,,,,"354241.05",,,,,,""
"2021-04-21","'3138YELL9'","MBS","UMBS MORTPASS 3% 01/30","15yr",,,,,"353813.7",,,,,,""
"2021-04-21","'3140HFZT9'","MBS","UMBS MORTPASS 3% 03/33","15yr",,,,,"353733.04",,,,,,""
"2021-04-21","'31417DHW6'","MBS","UMBS MORTPASS 2.5% 10/22","Other",,,,,"353730.88",,,,,,""
"2021-04-21","'31307PXL8'","MBS","FHLMCGLD 2.5% 12/30","15yr",,,,,"353720.26",,,,,,""
"2021-04-21","'3138EQAS1'","MBS","UMBS MORTPASS 3% 01/30","15yr",,,,,"353683.53",,,,,,""
"2021-04-21","'3140H5EQ0'","MBS","UMBS MORTPASS 2.5% 12/32","15yr",,,,,"353597",,,,,,""
"2021-04-21","'3138WA6K8'","MBS","UMBS MORTPASS 4% 02/44","30yr",,,,,"353460.86",,,,,,""
"2021-04-21","'31335A6A1'","MBS","FHLMCGLD 3.5% 02/47","30yr",,,,,"353392.72",,,,,,""
"2021-04-21","'3138Y6Q80'","MBS","UMBS MORTPASS 3.5% 10/44","30yr",,,,,"353337.89",,,,,,""
"2021-04-21","'3138XMJB7'","MBS","UMBS MORTPASS 3% 01/29","15yr",,,,,"353123.21",,,,,,""
"2021-04-21","'3128KWT52'","MBS","FHLMCGLD 6% 09/37","30yr",,,,,"353090.11",,,,,,""
"2021-04-21","'3132WQAF2'","MBS","FHLMCGLD 3% 08/47","30yr",,,,,"353089.75",,,,,,""
"2021-04-21","'31339UTL4'","MBS","UMBS MORTPASS 3.5% 09/44","30yr",,,,,"353074.38",,,,,,""
"2021-04-21","'3138LY2K2'","MBS","UMBS MORTPASS 3% 06/27","15yr",,,,,"353012.31",,,,,,""
"2021-04-21","'36178DX30'","MBS","GNMA I 3.5% 02/43","30yr",,,,,"352832.05",,,,,,""
"2021-04-21","'3138W2KB0'","MBS","UMBS MORTPASS 3% 04/28","15yr",,,,,"352785.26",,,,,,""
"2021-04-21","'3138MPE27'","MBS","UMBS MORTPASS 2.5% 12/27","15yr",,,,,"352698.73",,,,,,""
"2021-04-21","'3138ELQL0'","MBS","UMBS MORTPASS 3% 07/23","Other",,,,,"352361.85",,,,,,""
"2021-04-21","'3138X1NS1'","MBS","UMBS MORTPASS 3% 08/28","15yr",,,,,"352261.14",,,,,,""
"2021-04-21","'3140HGUH8'","MBS","UMBS MORTPASS 4.5% 04/48","30yr",,,,,"352082.66",,,,,,""
"2021-04-21","'3132L8AD9'","MBS","FHLMCGLD 3.5% 01/45","30yr",,,,,"352077.39",,,,,,""
"2021-04-21","'3138XSJB4'","MBS","UMBS MORTPASS 3.5% 07/29","15yr",,,,,"352006.45",,,,,,""
"2021-04-21","'3140H8PG4'","MBS","UMBS MORTPASS 3.5% 04/33","15yr",,,,,"351794.36",,,,,,""
"2021-04-21","'3138WHT44'","MBS","UMBS MORTPASS 4.5% 08/46","30yr",,,,,"351769.46",,,,,,""
"2021-04-21","'36295LTR2'","MBS","GNMA I 4.5% 05/39","30yr",,,,,"351629.16",,,,,,""
"2021-04-21","'3132WK5B0'","MBS","FHLMCGLD 3% 01/47","30yr",,,,,"351304.67",,,,,,""
"2021-04-21","'3128E4WJ7'","MBS","FHLMCGLD 5% 05/28","Other",,,,,"351175.94",,,,,,""
"2021-04-21","'3140KDDD9'","MBS","UMBS MORTPASS 3% 06/50","30yr",,,,,"351128.6",,,,,,""
"2021-04-21","'3138WJGQ5'","MBS","UMBS MORTPASS 3% 11/41","30yr",,,,,"351066.16",,,,,,""
"2021-04-21","'31307LMW5'","MBS","FHLMCGLD 3% 12/29","15yr",,,,,"350941.43",,,,,,""
"2021-04-21","'3133AEWP5'","MBS","UMBS MORTPASS 2.5% 01/51","30yr",,,,,"350888.75",,,,,,""
"2021-04-21","'31329PM83'","MBS","UMBS MORTPASS 4.5% 10/48","30yr",,,,,"350676.14",,,,,,""
"2021-04-21","'3138WWD30'","MBS","UMBS MORTPASS 3.5% 06/43","30yr",,,,,"350661.16",,,,,,""
"2021-04-21","'3138X9X46'","MBS","UMBS MORTPASS 3% 01/29","15yr",,,,,"350648.83",,,,,,""
"2021-04-21","'3138M8CJ0'","MBS","UMBS MORTPASS 3% 09/27","15yr",,,,,"350616.7",,,,,,""
"2021-04-21","'36295YFQ1'","MBS","GNMA I 4.5% 10/39","30yr",,,,,"350517.04",,,,,,""
"2021-04-21","'3132A7ND9'","MBS","UMBS MORTPASS 2.5% 04/28","15yr",,,,,"350383.33",,,,,,""
"2021-04-21","'36297BF22'","MBS","GNMA I MORTPASS 5% 02/40","30yr",,,,,"350216.01",,,,,,""
"2021-04-21","'3620AFKZ9'","MBS","GNMA I MORTPASS 5% 12/39","30yr",,,,,"350179.16",,,,,,""
"2021-04-21","'3131X7ZF8'","MBS","UMBS MORTPASS 3% 08/27","15yr",,,,,"350076.57",,,,,,""
"2021-04-21","'3620A2Y42'","MBS","GNMA I 4.5% 06/39","30yr",,,,,"350069.9",,,,,,""
"2021-04-21","'3131X7GJ1'","MBS","UMBS MORTPASS 3% 12/26","15yr",,,,,"350050.25",,,,,,""
"2021-04-21","'3133G6SV8'","MBS","UMBS MORTPASS 2.5% 09/34","15yr",,,,,"349998.03",,,,,,""
"2021-04-21","'36177PEJ0'","MBS","GNMA I 3.5% 06/42","30yr",,,,,"349957.33",,,,,,""
"2021-04-21","'3138X9X53'","MBS","UMBS MORTPASS 3% 01/29","15yr",,,,,"349859.87",,,,,,""
"2021-04-21","'36297FYH9'","MBS","GNMA I MORTPASS 5% 10/39","30yr",,,,,"349802.52",,,,,,""
"2021-04-21","'36177PMA0'","MBS","GNMA I 3.5% 02/42","30yr",,,,,"349712.36",,,,,,""
"2021-04-21","'3131XBDP1'","MBS","UMBS MORTPASS 2.5% 07/28","15yr",,,,,"349547.06",,,,,,""
"2021-04-21","'3133KJC34'","MBS","UMBS MORTPASS 2.5% 06/50","30yr",,,,,"349532.2",,,,,,""
"2021-04-21","'3138X7H22'","MBS","UMBS MORTPASS 3% 08/28","15yr",,,,,"349500.5",,,,,,""
"2021-04-21","'3140L4EV7'","MBS","UMBS MORTPASS 2% 02/51","30yr",,,,,"349327.88",,,,,,""
"2021-04-21","'3138MD5A6'","MBS","UMBS MORTPASS 3% 10/27","15yr",,,,,"349316.4",,,,,,""
"2021-04-21","'3140HJL41'","MBS","UMBS MORTPASS 3.5% 03/33","15yr",,,,,"349288.46",,,,,,""
"2021-04-21","'3131X9NT7'","MBS","UMBS MORTPASS 2% 07/23","Other",,,,,"349215.83",,,,,,""
"2021-04-21","'36241LW51'","MBS","GNMA II 4.5% 07/41","30yr",,,,,"349134.32",,,,,,""
"2021-04-21","'3128MMXU2'","MBS","FHLMCGLD 4% 04/33","15yr",,,,,"349124.34",,,,,,""
"2021-04-21","'36292EP38'","MBS","GNMA I MORTPASS 5% 03/39","30yr",,,,,"349109.5",,,,,,""
"2021-04-21","'3138XBZV9'","MBS","UMBS MORTPASS 3.5% 10/28","15yr",,,,,"349056.48",,,,,,""
"2021-04-21","'3620AKVE3'","MBS","GNMA I MORTPASS 5% 03/40","30yr",,,,,"348858.61",,,,,,""
"2021-04-21","'3140HPVK0'","MBS","UMBS MORTPASS 3.5% 10/48","30yr",,,,,"348821.96",,,,,,""
"2021-04-21","'3138XF5X9'","MBS","UMBS MORTPASS 3% 01/29","15yr",,,,,"348759.54",,,,,,""
"2021-04-21","'3140EA5X7'","MBS","UMBS MORTPASS 3% 12/30","15yr",,,,,"348735.45",,,,,,""
"2021-04-21","'3132WHLW3'","MBS","FHLMCGLD 3% 10/46","30yr",,,,,"348726.4",,,,,,""
"2021-04-21","'3138NWMX4'","MBS","UMBS MORTPASS 2% 12/27","15yr",,,,,"348592.68",,,,,,""
"2021-04-21","'3140FWCF9'","MBS","UMBS MORTPASS 3% 07/32","15yr",,,,,"348561.59",,,,,,""
"2021-04-21","'3138LTTQ1'","MBS","UMBS MORTPASS 3% 10/22","Other",,,,,"348399.62",,,,,,""
"2021-04-21","'3138YDM22'","MBS","UMBS MORTPASS 3% 12/29","15yr",,,,,"348369.59",,,,,,""
"2021-04-21","'3140H3XW1'","MBS","UMBS MORTPASS 3.5% 12/47","30yr",,,,,"348329.24",,,,,,""
"2021-04-21","'3132JMFD6'","MBS","FHLMCGLD 3.5% 07/43","30yr",,,,,"348303.03",,,,,,""
"2021-04-21","'3140HJTD3'","MBS","UMBS MORTPASS 3.5% 07/48","30yr",,,,,"348079.92",,,,,,""
"2021-04-21","'3620AF2B2'","MBS","GNMA I 4.5% 12/39","30yr",,,,,"348028.43",,,,,,""
"2021-04-21","'3140HMF25'","MBS","UMBS MORTPASS 3.5% 07/48","30yr",,,,,"347997.93",,,,,,""
"2021-04-21","'31307LEM6'","MBS","FHLMCGLD 3% 12/29","15yr",,,,,"347843.7",,,,,,""
"2021-04-21","'3132WMST2'","MBS","FHLMCGLD 3% 03/47","30yr",,,,,"347796.38",,,,,,""
"2021-04-21","'3138XUCF7'","MBS","UMBS MORTPASS 3% 06/29","15yr",,,,,"347786.03",,,,,,""
"2021-04-21","'3138WEJL4'","MBS","UMBS MORTPASS 2.5% 04/30","15yr",,,,,"347641.56",,,,,,""
"2021-04-21","'3138X0K80'","MBS","UMBS MORTPASS 2.5% 07/28","15yr",,,,,"347567.69",,,,,,""
"2021-04-21","'3132GLCN2'","MBS","FHLMCGLD 3.5% 12/41","30yr",,,,,"347475.98",,,,,,""
"2021-04-21","'31416AEK2'","MBS","UMBS MORTPASS 3.5% 03/24","15yr",,,,,"347454.12",,,,,,""
"2021-04-21","'3140X4RX6'","MBS","UMBS MORTPASS 4.5% 11/48","30yr",,,,,"347339.29",,,,,,""
"2021-04-21","'3140JW7F1'","MBS","UMBS MORTPASS 4% 07/49","30yr",,,,,"347315.71",,,,,,""
"2021-04-21","'31307MGP5'","MBS","FHLMCGLD 2.5% 03/30","15yr",,,,,"347111.55",,,,,,""
"2021-04-21","'36177QZS5'","MBS","GNMA I 3.5% 03/42","30yr",,,,,"347107.64",,,,,,""
"2021-04-21","'3138W2W50'","MBS","UMBS MORTPASS 3% 05/28","15yr",,,,,"347100.93",,,,,,""
"2021-04-21","'31307N2Q6'","MBS","FHLMCGLD 2.5% 09/30","15yr",,,,,"347027.45",,,,,,""
"2021-04-21","'3138WH4N9'","MBS","UMBS MORTPASS 2.5% 09/31","15yr",,,,,"347026.9",,,,,,""
"2021-04-21","'3132GDD90'","MBS","FHLMCGLD 4% 04/41","30yr",,,,,"346903.07",,,,,,""
"2021-04-21","'3138E9XA3'","MBS","UMBS MORTPASS 3% 03/27","15yr",,,,,"346808.94",,,,,,""
"2021-04-21","'3131YDFP4'","MBS","UMBS MORTPASS 3.5% 05/49","30yr",,,,,"346774.25",,,,,,""
"2021-04-21","'36296YY97'","MBS","GNMA I 4.5% 04/39","30yr",,,,,"346726.49",,,,,,""
"2021-04-21","'3131XDTG0'","MBS","UMBS MORTPASS 3.5% 07/33","15yr",,,,,"346442.13",,,,,,""
"2021-04-21","'31417JQ94'","MBS","UMBS MORTPASS 6% 09/39","30yr",,,,,"346414.58",,,,,,""
"2021-04-21","'36177SZJ1'","MBS","GNMA I MORTPASS 4% 02/42","30yr",,,,,"346406.39",,,,,,""
"2021-04-21","'3140HAQG8'","MBS","UMBS MORTPASS 3% 03/33","15yr",,,,,"346398.43",,,,,,""
"2021-04-21","'3138WEWE5'","MBS","UMBS MORTPASS 2.5% 06/30","15yr",,,,,"346051.32",,,,,,""
"2021-04-21","'31418CPG3'","MBS","UMBS MORTPASS 4.5% 09/47","30yr",,,,,"346029.96",,,,,,""
"2021-04-21","'36297H7E2'","MBS","GNMA I MORTPASS 5% 04/40","30yr",,,,,"345981.87",,,,,,""
"2021-04-21","'31307MZV1'","MBS","FHLMCGLD 3% 05/30","15yr",,,,,"345934.33",,,,,,""
"2021-04-21","'3140GW6W8'","MBS","UMBS MORTPASS 3% 09/47","30yr",,,,,"345840.26",,,,,,""
"2021-04-21","'31307P4L0'","MBS","FHLMCGLD 2.5% 01/31","15yr",,,,,"345805.38",,,,,,""
"2021-04-21","'31307SNQ2'","MBS","FHLMCGLD 3% 10/31","15yr",,,,,"345764.18",,,,,,""
"2021-04-21","'3131X7WA2'","MBS","UMBS MORTPASS 2.5% 07/27","15yr",,,,,"345760.59",,,,,,""
"2021-04-21","'3128MDXU2'","MBS","FHLMCGLD 4% 01/29","15yr",,,,,"345736.94",,,,,,""
"2021-04-21","'3131X8KY1'","MBS","UMBS MORTPASS 2.5% 12/22","Other",,,,,"345724.33",,,,,,""
"2021-04-21","'3138MGC78'","MBS","UMBS MORTPASS 3% 10/42","30yr",,,,,"345709.26",,,,,,""
"2021-04-21","'36178CRN5'","MBS","GNMA I 3.5% 06/42","30yr",,,,,"345680.82",,,,,,""
"2021-04-21","'31307NCC6'","MBS","FHLMCGLD 3% 06/30","15yr",,,,,"345618.5",,,,,,""
"2021-04-21","'3140HNXP2'","MBS","UMBS MORTPASS 4% 08/48","30yr",,,,,"345589.62",,,,,,""
"2021-04-21","'31417F2Y3'","MBS","UMBS MORTPASS 3% 04/28","15yr",,,,,"345373.02",,,,,,""
"2021-04-21","'3132A7PU9'","MBS","UMBS MORTPASS 2% 06/23","Other",,,,,"345362.9",,,,,,""
"2021-04-21","'36178FZ41'","MBS","GNMA I 3.5% 08/42","30yr",,,,,"345361.8",,,,,,""
"2021-04-21","'3138WVB26'","MBS","UMBS MORTPASS 3% 08/28","15yr",,,,,"345310.71",,,,,,""
"2021-04-21","'3131XXD81'","MBS","UMBS MORTPASS 4% 07/47","30yr",,,,,"345207.92",,,,,,""
"2021-04-21","'36181FKG5'","MBS","GNMA I MORTPASS 4% 08/43","30yr",,,,,"345159.05",,,,,,""
"2021-04-21","'3140JJNP0'","MBS","UMBS MORTPASS 4% 11/48","30yr",,,,,"345159",,,,,,""
"2021-04-21","'3138NYJH9'","MBS","UMBS MORTPASS 3% 01/43","30yr",,,,,"345065.28",,,,,,""
"2021-04-21","'3131Y0GD8'","MBS","UMBS MORTPASS 4% 02/48","30yr",,,,,"345008.42",,,,,,""
"2021-04-21","'3138NYPB5'","MBS","UMBS MORTPASS 3% 05/28","15yr",,,,,"344980.51",,,,,,""
"2021-04-21","'31329LAV4'","MBS","UMBS MORTPASS 2.5% 03/27","15yr",,,,,"344970.01",,,,,,""
"2021-04-21","'3138E5HS0'","MBS","UMBS MORTPASS 3% 02/27","15yr",,,,,"344815.44",,,,,,""
"2021-04-21","'36296SQB4'","MBS","GNMA I 4.5% 04/39","30yr",,,,,"344654.93",,,,,,""
"2021-04-21","'3138LXSH3'","MBS","UMBS MORTPASS 3% 06/27","15yr",,,,,"344616.75",,,,,,""
"2021-04-21","'31418CND2'","MBS","UMBS MORTPASS 3.5% 08/47","30yr",,,,,"344582.14",,,,,,""
"2021-04-21","'36296XSE5'","MBS","GNMA I MORTPASS 4% 03/39","30yr",,,,,"344489.39",,,,,,""
"2021-04-21","'3138E5NT1'","MBS","UMBS MORTPASS 3% 02/27","15yr",,,,,"344291.34",,,,,,""
"2021-04-21","'3138MC5T7'","MBS","UMBS MORTPASS 2.5% 10/27","15yr",,,,,"344287.22",,,,,,""
"2021-04-21","'3138YD4P1'","MBS","UMBS MORTPASS 2.5% 04/30","15yr",,,,,"344255.75",,,,,,""
"2021-04-21","'3138YJP34'","MBS","UMBS MORTPASS 3% 03/30","15yr",,,,,"344065.68",,,,,,""
"2021-04-21","'3131X8JR8'","MBS","UMBS MORTPASS 2.5% 12/27","15yr",,,,,"343969.33",,,,,,""
"2021-04-21","'3620AJYC7'","MBS","GNMA I 4.5% 01/40","30yr",,,,,"343916.12",,,,,,""
"2021-04-21","'3138WEF46'","MBS","UMBS MORTPASS 3.5% 03/30","15yr",,,,,"343763.78",,,,,,""
"2021-04-21","'3132A8MQ9'","MBS","UMBS MORTPASS 2% 11/26","Other",,,,,"343480.19",,,,,,""
"2021-04-21","'31307UDK1'","MBS","FHLMCGLD 2.5% 07/32","15yr",,,,,"343366.99",,,,,,""
"2021-04-21","'3131X8LX2'","MBS","UMBS MORTPASS 2.5% 12/27","15yr",,,,,"343355.19",,,,,,""
"2021-04-21","'3128MMTG8'","MBS","FHLMCGLD 3% 04/30","15yr",,,,,"343327.97",,,,,,""
"2021-04-21","'3138Y7DN9'","MBS","UMBS MORTPASS 2.5% 02/31","15yr",,,,,"343297.45",,,,,,""
"2021-04-21","'3140ECGC7'","MBS","UMBS MORTPASS 3% 02/31","15yr",,,,,"343088.95",,,,,,""
"2021-04-21","'36297FRF1'","MBS","GNMA I 4.5% 07/39","30yr",,,,,"342975.95",,,,,,""
"2021-04-21","'3128MCA62'","MBS","FHLMCGLD 4.5% 01/24","15yr",,,,,"342907.65",,,,,,""
"2021-04-21","'3138YGQP0'","MBS","UMBS MORTPASS 3% 02/30","15yr",,,,,"342874.21",,,,,,""
"2021-04-21","'3140GVNC5'","MBS","UMBS MORTPASS 4% 10/47","30yr",,,,,"342858.64",,,,,,""
"2021-04-21","'3128PTGS8'","MBS","FHLMCGLD 3.5% 12/25","15yr",,,,,"342848.38",,,,,,""
"2021-04-21","'36179EHY7'","MBS","GNMA I MORTPASS 3% 12/42","30yr",,,,,"342634.06",,,,,,""
"2021-04-21","'3138WRSS0'","MBS","UMBS MORTPASS 2.5% 05/28","15yr",,,,,"342560.77",,,,,,""
"2021-04-21","'3140HLW93'","MBS","UMBS MORTPASS 4% 06/48","30yr",,,,,"342552",,,,,,""
"2021-04-21","'31307HMV6'","MBS","FHLMCGLD 3% 06/24","15yr",,,,,"342483.44",,,,,,""
"2021-04-21","'3140JXGG7'","MBS","UMBS MORTPASS 3.5% 07/49","30yr",,,,,"342481.31",,,,,,""
"2021-04-21","'3132WKU22'","MBS","FHLMCGLD 3% 02/47","30yr",,,,,"342460.65",,,,,,""
"2021-04-21","'3138X6KQ7'","MBS","UMBS MORTPASS 4.5% 01/44","30yr",,,,,"342352.92",,,,,,""
"2021-04-21","'3132HLRF2'","MBS","FHLMCGLD 4% 08/42","30yr",,,,,"342324.82",,,,,,""
"2021-04-21","'31307GLN7'","MBS","FHLMCGLD 3.5% 02/29","15yr",,,,,"342281.94",,,,,,""
"2021-04-21","'31418BXC5'","MBS","UMBS MORTPASS 3% 12/30","15yr",,,,,"342183.67",,,,,,""
"2021-04-21","'3140E4TP2'","MBS","UMBS MORTPASS 3% 03/31","15yr",,,,,"342170.82",,,,,,""
"2021-04-21","'3138WRK90'","MBS","UMBS MORTPASS 3.5% 08/43","30yr",,,,,"342074.65",,,,,,""
"2021-04-21","'3132JBM26'","MBS","FHLMCGLD 3.5% 07/43","30yr",,,,,"342062.23",,,,,,""
"2021-04-21","'3138YLEY3'","MBS","UMBS MORTPASS 3% 04/45","30yr",,,,,"341853.05",,,,,,""
"2021-04-21","'312939AW1'","MBS","FHLMCGLD 4.5% 05/40","30yr",,,,,"341366.9",,,,,,""
"2021-04-21","'3140JV6B3'","MBS","UMBS MORTPASS 3% 07/34","15yr",,,,,"341200.21",,,,,,""
"2021-04-21","'31410LP63'","MBS","UMBS MORTPASS 2% 09/29","15yr",,,,,"341171.29",,,,,,""
"2021-04-21","'36176TKJ6'","MBS","GNMA I MORTPASS 3% 11/41","30yr",,,,,"341156.41",,,,,,""
"2021-04-21","'3140HL2N5'","MBS","UMBS MORTPASS 3.5% 06/33","15yr",,,,,"341138.3",,,,,,""
"2021-04-21","'3138WEJP5'","MBS","UMBS MORTPASS 2.5% 04/30","15yr",,,,,"340999.39",,,,,,""
"2021-04-21","'3140GUMW4'","MBS","UMBS MORTPASS 2.5% 11/32","15yr",,,,,"340702.46",,,,,,""
"2021-04-21","'3138W0NH8'","MBS","UMBS MORTPASS 2% 02/23","Other",,,,,"340638.03",,,,,,""
"2021-04-21","'3131X8B88'","MBS","UMBS MORTPASS 2.5% 10/27","15yr",,,,,"340492.95",,,,,,""
"2021-04-21","'3138M3YM0'","MBS","UMBS MORTPASS 3% 08/27","15yr",,,,,"340453.36",,,,,,""
"2021-04-21","'3138YXHK4'","MBS","UMBS MORTPASS 3.5% 07/45","30yr",,,,,"340396.18",,,,,,""
"2021-04-21","'3140HPCW5'","MBS","UMBS MORTPASS 4% 01/49","30yr",,,,,"340097.72",,,,,,""
"2021-04-21","'3140X63P4'","MBS","UMBS MORTPASS 2.5% 06/50","30yr",,,,,"340084.43",,,,,,""
"2021-04-21","'3138MKLS3'","MBS","UMBS MORTPASS 3% 04/28","15yr",,,,,"339915.01",,,,,,""
"2021-04-21","'36177N3F5'","MBS","GNMA I MORTPASS 4% 05/42","30yr",,,,,"339871.84",,,,,,""
"2021-04-21","'31307PDL0'","MBS","FHLMCGLD 2.5% 10/30","15yr",,,,,"339847.6",,,,,,""
"2021-04-21","'36297FJJ2'","MBS","GNMA I 4.5% 08/39","30yr",,,,,"339674.23",,,,,,""
"2021-04-21","'31307SAR4'","MBS","FHLMCGLD 2.5% 10/31","15yr",,,,,"339554.06",,,,,,""
"2021-04-21","'3140H7HH3'","MBS","UMBS MORTPASS 3.5% 02/48","30yr",,,,,"339548.71",,,,,,""
"2021-04-21","'3138EQ3R1'","MBS","UMBS MORTPASS 3% 05/27","15yr",,,,,"339429.6",,,,,,""
"2021-04-21","'31306YGS4'","MBS","FHLMCGLD 3.5% 11/27","15yr",,,,,"339377.24",,,,,,""
"2021-04-21","'3140HAW89'","MBS","UMBS MORTPASS 3% 08/44","30yr",,,,,"339368.24",,,,,,""
"2021-04-21","'3138W7BV5'","MBS","UMBS MORTPASS 2% 03/28","15yr",,,,,"339175.36",,,,,,""
"2021-04-21","'3138WE3R8'","MBS","UMBS MORTPASS 3% 07/30","15yr",,,,,"339163.24",,,,,,""
"2021-04-21","'3128MCYX7'","MBS","FHLMCGLD 3.5% 02/26","15yr",,,,,"339107.7",,,,,,""
"2021-04-21","'31307GNR6'","MBS","FHLMCGLD 3.5% 03/29","15yr",,,,,"339046.01",,,,,,""
"2021-04-21","'3140JQSD6'","MBS","UMBS MORTPASS 3% 08/34","15yr",,,,,"338985.51",,,,,,""
"2021-04-21","'3132CWCV4'","MBS","UMBS MORTPASS 3% 02/32","15yr",,,,,"338881.78",,,,,,""
"2021-04-21","'3140HJS28'","MBS","UMBS MORTPASS 3.5% 06/48","30yr",,,,,"338795.02",,,,,,""
"2021-04-21","'3138MNH60'","MBS","UMBS MORTPASS 2.5% 01/28","15yr",,,,,"338775.92",,,,,,""
"2021-04-21","'3138XPV91'","MBS","UMBS MORTPASS 3.5% 02/29","15yr",,,,,"338718.7",,,,,,""
"2021-04-21","'3140QBA57'","MBS","UMBS MORTPASS 3.5% 06/49","30yr",,,,,"338710.27",,,,,,""
"2021-04-21","'3140HFEH8'","MBS","UMBS MORTPASS 3% 03/33","15yr",,,,,"338649.33",,,,,,""
"2021-04-21","'3620AASJ8'","MBS","GNMA I 4.5% 08/39","30yr",,,,,"338318.78",,,,,,""
"2021-04-21","'3140QBEB0'","MBS","UMBS MORTPASS 3.5% 12/48","30yr",,,,,"338223.58",,,,,,""
"2021-04-21","'3138E4MZ1'","MBS","UMBS MORTPASS 3% 02/27","15yr",,,,,"338175.28",,,,,,""
"2021-04-21","'3132QTN77'","MBS","FHLMCGLD 3.5% 10/45","30yr",,,,,"338160.73",,,,,,""
"2021-04-21","'3140E9K62'","MBS","UMBS MORTPASS 3.5% 11/45","30yr",,,,,"338123.53",,,,,,""
"2021-04-21","'3131Y1VN7'","MBS","UMBS MORTPASS 4% 06/48","30yr",,,,,"338117.25",,,,,,""
"2021-04-21","'3138MRDQ1'","MBS","UMBS MORTPASS 2.5% 12/27","15yr",,,,,"338030.66",,,,,,""
"2021-04-21","'36181FDQ1'","MBS","GNMA I 3.5% 07/43","30yr",,,,,"338005.98",,,,,,""
"2021-04-21","'3140E2RY9'","MBS","UMBS MORTPASS 2.5% 10/30","15yr",,,,,"337939.48",,,,,,""
"2021-04-21","'3620AC3Z5'","MBS","GNMA I MORTPASS 5% 09/39","30yr",,,,,"337888.42",,,,,,""
"2021-04-21","'3138EQZB1'","MBS","UMBS MORTPASS 3% 04/35","Other",,,,,"337842.47",,,,,,""
"2021-04-21","'3620A42K7'","MBS","GNMA I MORTPASS 5% 11/39","30yr",,,,,"337837.25",,,,,,""
"2021-04-21","'3140F0PZ1'","MBS","UMBS MORTPASS 3.5% 03/31","15yr",,,,,"337797.82",,,,,,""
"2021-04-21","'31417L6A8'","MBS","UMBS MORTPASS 4% 10/24","15yr",,,,,"337750.12",,,,,,""
"2021-04-21","'3138A2CA5'","MBS","UMBS MORTPASS 3% 12/25","15yr",,,,,"337426.94",,,,,,""
"2021-04-21","'3138WX2T3'","MBS","UMBS MORTPASS 3% 06/43","30yr",,,,,"337347.3",,,,,,""
"2021-04-21","'3131X6YG9'","MBS","UMBS MORTPASS 3% 07/26","15yr",,,,,"337256.88",,,,,,""
"2021-04-21","'31418BMC7'","MBS","UMBS MORTPASS 3% 01/25","Other",,,,,"336711.68",,,,,,""
"2021-04-21","'31307FFJ5'","MBS","FHLMCGLD 3.5% 11/28","15yr",,,,,"336402.06",,,,,,""
"2021-04-21","'3138WP2U7'","MBS","UMBS MORTPASS 2.5% 06/28","15yr",,,,,"336384.12",,,,,,""
"2021-04-21","'36180HGN2'","MBS","GNMA I MORTPASS 4% 03/43","30yr",,,,,"336198.39",,,,,,""
"2021-04-21","'3132A5E35'","MBS","UMBS MORTPASS 3% 03/46","30yr",,,,,"336073.42",,,,,,""
"2021-04-21","'3132A9RP4'","MBS","UMBS MORTPASS 3% 01/31","15yr",,,,,"335948.68",,,,,,""
"2021-04-21","'3138M5TD1'","MBS","UMBS MORTPASS 3% 10/27","15yr",,,,,"335719.4",,,,,,""
"2021-04-21","'3138W7V43'","MBS","UMBS MORTPASS 2.5% 04/28","15yr",,,,,"335700.79",,,,,,""
"2021-04-21","'3138W0MF3'","MBS","UMBS MORTPASS 3% 01/28","15yr",,,,,"335697.24",,,,,,""
"2021-04-21","'31307F4B4'","MBS","FHLMCGLD 3% 01/29","15yr",,,,,"335611.02",,,,,,""
"2021-04-21","'3140Q7H67'","MBS","UMBS MORTPASS 3.5% 08/47","30yr",,,,,"335521.24",,,,,,""
"2021-04-21","'3620ABDC7'","MBS","GNMA I 4.5% 01/40","30yr",,,,,"335496.41",,,,,,""
"2021-04-21","'3140J9MS7'","MBS","UMBS MORTPASS 3% 10/28","Other",,,,,"335394.53",,,,,,""
"2021-04-21","'3138X5W86'","MBS","UMBS MORTPASS 3% 08/28","15yr",,,,,"335388.27",,,,,,""
"2021-04-21","'3140E8H76'","MBS","UMBS MORTPASS 2.5% 01/32","15yr",,,,,"335231.21",,,,,,""
"2021-04-21","'3138YACN3'","MBS","UMBS MORTPASS 2.5% 05/30","15yr",,,,,"335157.11",,,,,,""
"2021-04-21","'3620A2CP9'","MBS","GNMA I 4.5% 07/39","30yr",,,,,"335150.32",,,,,,""
"2021-04-21","'36202DYX3'","MBS","GNMA II MORTPASS 4% 07/33","30yr",,,,,"335049.25",,,,,,""
"2021-04-21","'312930XQ8'","MBS","FHLMCGLD 6.5% 01/39","30yr",,,,,"335042.98",,,,,,""
"2021-04-21","'3133G7EM1'","MBS","UMBS MORTPASS 2.5% 11/34","15yr",,,,,"335034.34",,,,,,""
"2021-04-21","'3140JKYD2'","MBS","UMBS MORTPASS 4% 01/49","30yr",,,,,"334941.83",,,,,,""
"2021-04-21","'3138EH4D1'","MBS","UMBS MORTPASS 3% 05/27","15yr",,,,,"334929.08",,,,,,""
"2021-04-21","'3138YVUP2'","MBS","UMBS MORTPASS 3% 07/30","15yr",,,,,"334891.8",,,,,,""
"2021-04-21","'3138A1V32'","MBS","UMBS MORTPASS 3.5% 01/26","15yr",,,,,"334884.88",,,,,,""
"2021-04-21","'3132A5JT3'","MBS","UMBS MORTPASS 4.5% 05/48","30yr",,,,,"334706.54",,,,,,""
"2021-04-21","'3138WPJD7'","MBS","UMBS MORTPASS 2.5% 04/28","15yr",,,,,"334695.57",,,,,,""
"2021-04-21","'3132JAHY4'","MBS","FHLMCGLD 3% 06/43","30yr",,,,,"334478.82",,,,,,""
"2021-04-21","'3140HAQK9'","MBS","UMBS MORTPASS 3% 03/33","15yr",,,,,"334456.68",,,,,,""
"2021-04-21","'3140HEQQ8'","MBS","UMBS MORTPASS 3% 03/33","15yr",,,,,"334388.63",,,,,,""
"2021-04-21","'3138EH3Z3'","MBS","UMBS MORTPASS 3% 05/27","15yr",,,,,"334368.25",,,,,,""
"2021-04-21","'3131YCHC3'","MBS","UMBS MORTPASS 3.5% 12/48","30yr",,,,,"334329.45",,,,,,""
"2021-04-21","'36295CH79'","MBS","GNMA I MORTPASS 3% 05/43","30yr",,,,,"334308.41",,,,,,""
"2021-04-21","'36297AHW6'","MBS","GNMA I 3.5% 05/42","30yr",,,,,"334264.59",,,,,,""
"2021-04-21","'3138LTM47'","MBS","UMBS MORTPASS 3% 06/27","15yr",,,,,"333850.79",,,,,,""
"2021-04-21","'3128MJWP1'","MBS","FHLMCGLD 3% 07/45","30yr",,,,,"333703.02",,,,,,""
"2021-04-21","'36177UVR2'","MBS","GNMA I 3.5% 06/42","30yr",,,,,"333672.13",,,,,,""
"2021-04-21","'3138XEFG8'","MBS","UMBS MORTPASS 3% 12/28","15yr",,,,,"333607.84",,,,,,""
"2021-04-21","'3140F2UH1'","MBS","UMBS MORTPASS 3% 06/46","30yr",,,,,"333464.08",,,,,,""
"2021-04-21","'3140H9AG8'","MBS","UMBS MORTPASS 3.5% 09/48","30yr",,,,,"333391.3",,,,,,""
"2021-04-21","'31418BMK9'","MBS","UMBS MORTPASS 3.5% 01/30","15yr",,,,,"333314.15",,,,,,""
"2021-04-21","'36296PMY4'","MBS","GNMA I MORTPASS 5% 04/39","30yr",,,,,"333257.48",,,,,,""
"2021-04-21","'3138YVEK1'","MBS","UMBS MORTPASS 3% 11/45","30yr",,,,,"332992.07",,,,,,""
"2021-04-21","'3140H8UG8'","MBS","UMBS MORTPASS 3.5% 06/33","15yr",,,,,"332874.81",,,,,,""
"2021-04-21","'31417GXU5'","MBS","UMBS MORTPASS 2% 06/23","Other",,,,,"332801.72",,,,,,""
"2021-04-21","'3138XKUL6'","MBS","UMBS MORTPASS 4% 01/44","30yr",,,,,"332790.03",,,,,,""
"2021-04-21","'3140H8YJ8'","MBS","UMBS MORTPASS 3.5% 07/48","30yr",,,,,"332735.03",,,,,,""
"2021-04-21","'31307JPV9'","MBS","FHLMCGLD 3% 10/24","15yr",,,,,"332582.31",,,,,,""
"2021-04-21","'31307GS59'","MBS","FHLMCGLD 3.5% 03/29","15yr",,,,,"332530.64",,,,,,""
"2021-04-21","'3620A5ZB8'","MBS","GNMA I MORTPASS 5% 10/39","30yr",,,,,"332519.82",,,,,,""
"2021-04-21","'31307PCL1'","MBS","FHLMCGLD 2.5% 07/30","15yr",,,,,"332457.8",,,,,,""
"2021-04-21","'3138LYPB7'","MBS","UMBS MORTPASS 3% 06/27","15yr",,,,,"332399.57",,,,,,""
"2021-04-21","'31307JKR3'","MBS","FHLMCGLD 3% 09/29","15yr",,,,,"332269.65",,,,,,""
"2021-04-21","'36176LT70'","MBS","GNMA I MORTPASS 4% 11/41","30yr",,,,,"332215.58",,,,,,""
"2021-04-21","'3140FAP89'","MBS","UMBS MORTPASS 3% 08/46","30yr",,,,,"332129.47",,,,,,""
"2021-04-21","'3140JXMJ4'","MBS","UMBS MORTPASS 2.5% 08/34","15yr",,,,,"332102.99",,,,,,""
"2021-04-21","'3620A13Y2'","MBS","GNMA I 4.5% 07/39","30yr",,,,,"332097.77",,,,,,""
"2021-04-21","'31415Y4L0'","MBS","UMBS MORTPASS 6.5% 07/38","30yr",,,,,"332038.39",,,,,,""
"2021-04-21","'3128P8CT6'","MBS","FHLMCGLD 3% 08/36","Other",,,,,"331978.8",,,,,,""
"2021-04-21","'3140K1AC0'","MBS","UMBS MORTPASS 3% 10/49","30yr",,,,,"331763.2",,,,,,""
"2021-04-21","'3138EP3D4'","MBS","UMBS MORTPASS 2.5% 10/28","15yr",,,,,"331733.25",,,,,,""
"2021-04-21","'3138XCYS5'","MBS","UMBS MORTPASS 3% 10/28","15yr",,,,,"331571",,,,,,""
"2021-04-21","'36180DQG5'","MBS","GNMA I 3.5% 03/43","30yr",,,,,"331308.23",,,,,,""
"2021-04-21","'3132A8ZU6'","MBS","UMBS MORTPASS 2.5% 08/27","Other",,,,,"331303.34",,,,,,""
"2021-04-21","'3620ABDD5'","MBS","GNMA I MORTPASS 5% 01/40","30yr",,,,,"331285.17",,,,,,""
"2021-04-21","'31346YMN0'","MBS","UMBS MORTPASS 3% 11/49","30yr",,,,,"331246.03",,,,,,""
"2021-04-21","'31307VFF8'","MBS","FHLMCGLD 3% 01/33","15yr",,,,,"331154.56",,,,,,""
"2021-04-21","'31418BPQ3'","MBS","UMBS MORTPASS 3% 04/35","Other",,,,,"330847.41",,,,,,""
"2021-04-21","'3138WHPB2'","MBS","UMBS MORTPASS 2.5% 07/31","15yr",,,,,"330831.17",,,,,,""
"2021-04-21","'31307PB81'","MBS","FHLMCGLD 2.5% 09/30","15yr",,,,,"330752.48",,,,,,""
"2021-04-21","'31418AE87'","MBS","UMBS MORTPASS 3% 05/32","Other",,,,,"330652.65",,,,,,""
"2021-04-21","'3140FR5H4'","MBS","UMBS MORTPASS 3.5% 04/32","15yr",,,,,"330440.17",,,,,,""
"2021-04-21","'3138ERQW3'","MBS","UMBS MORTPASS 3% 12/31","15yr",,,,,"330436.07",,,,,,""
"2021-04-21","'3138WEFV6'","MBS","UMBS MORTPASS 3% 03/30","15yr",,,,,"330403.91",,,,,,""
"2021-04-21","'3140QAZ60'","MBS","UMBS MORTPASS 3% 07/48","30yr",,,,,"330350.04",,,,,,""
"2021-04-21","'31417EU74'","MBS","UMBS MORTPASS 2% 02/23","Other",,,,,"330319.05",,,,,,""
"2021-04-21","'3620AWC81'","MBS","GNMA I MORTPASS 4% 11/41","30yr",,,,,"330250.99",,,,,,""
"2021-04-21","'3140GRSD7'","MBS","UMBS MORTPASS 3% 07/32","15yr",,,,,"330214.59",,,,,,""
"2021-04-21","'31307MTG1'","MBS","FHLMCGLD 2.5% 05/30","15yr",,,,,"330150.42",,,,,,""
"2021-04-21","'3138Y27C1'","MBS","UMBS MORTPASS 4% 09/44","30yr",,,,,"329970.85",,,,,,""
"2021-04-21","'3138MAKU1'","MBS","UMBS MORTPASS 2.5% 09/27","15yr",,,,,"329959.88",,,,,,""
"2021-04-21","'3138WM6F3'","MBS","UMBS MORTPASS 3.5% 06/43","30yr",,,,,"329951.84",,,,,,""
"2021-04-21","'3138WKWX9'","MBS","UMBS MORTPASS 3.5% 05/47","30yr",,,,,"329913.63",,,,,,""
"2021-04-21","'3140KABJ4'","MBS","UMBS MORTPASS 2.5% 05/50","30yr",,,,,"329772.8",,,,,,""
"2021-04-21","'3138WE3G2'","MBS","UMBS MORTPASS 2.5% 07/30","15yr",,,,,"329772.17",,,,,,""
"2021-04-21","'3140HD2T0'","MBS","UMBS MORTPASS 3% 04/33","15yr",,,,,"329749.8",,,,,,""
"2021-04-21","'3138W9B74'","MBS","UMBS MORTPASS 3% 08/28","15yr",,,,,"329709.88",,,,,,""
"2021-04-21","'3140F9DN2'","MBS","UMBS MORTPASS 3% 07/31","15yr",,,,,"329709.21",,,,,,""
"2021-04-21","'31417BFG7'","MBS","UMBS MORTPASS 2.5% 03/27","15yr",,,,,"329703.22",,,,,,""
"2021-04-21","'3620AB4Y9'","MBS","GNMA I MORTPASS 5% 12/39","30yr",,,,,"329648.45",,,,,,""
"2021-04-21","'3138X1MV5'","MBS","UMBS MORTPASS 2.5% 08/28","15yr",,,,,"329526.85",,,,,,""
"2021-04-21","'3620ABG91'","MBS","GNMA I MORTPASS 4% 12/40","30yr",,,,,"329475.21",,,,,,""
"2021-04-21","'3138YPUJ9'","MBS","UMBS MORTPASS 3.5% 05/45","30yr",,,,,"329453.6",,,,,,""
"2021-04-21","'3138EMQF1'","MBS","UMBS MORTPASS 3% 11/27","15yr",,,,,"329439.29",,,,,,""
"2021-04-21","'3140QBJL3'","MBS","UMBS MORTPASS 3.5% 07/49","30yr",,,,,"329437.99",,,,,,""
"2021-04-21","'3138XKPY4'","MBS","UMBS MORTPASS 4.5% 02/44","30yr",,,,,"329229.94",,,,,,""
"2021-04-21","'31418CKY9'","MBS","UMBS MORTPASS 3% 05/27","Other",,,,,"329035.91",,,,,,""
"2021-04-21","'3138W6AY2'","MBS","UMBS MORTPASS 3% 03/28","15yr",,,,,"328983.88",,,,,,""
"2021-04-21","'3138WR6W5'","MBS","UMBS MORTPASS 2% 04/28","15yr",,,,,"328873.36",,,,,,""
"2021-04-21","'3138YTVA9'","MBS","UMBS MORTPASS 3% 06/30","15yr",,,,,"328780.78",,,,,,""
"2021-04-21","'3138WQLY6'","MBS","UMBS MORTPASS 3% 04/43","30yr",,,,,"328760.19",,,,,,""
"2021-04-21","'36297FJW3'","MBS","GNMA I MORTPASS 5% 09/39","30yr",,,,,"328693.8",,,,,,""
"2021-04-21","'3138ENQ85'","MBS","UMBS MORTPASS 3.5% 09/29","15yr",,,,,"328680.85",,,,,,""
"2021-04-21","'3138W9J92'","MBS","UMBS MORTPASS 2% 08/28","15yr",,,,,"328598.31",,,,,,""
"2021-04-21","'3128P7NH2'","MBS","FHLMCGLD 4% 03/30","Other",,,,,"328461.14",,,,,,""
"2021-04-21","'3132GLBL7'","MBS","FHLMCGLD 3.5% 11/41","30yr",,,,,"328349.19",,,,,,""
"2021-04-21","'31417AJH3'","MBS","UMBS MORTPASS 3.5% 11/26","15yr",,,,,"328252.25",,,,,,""
"2021-04-21","'3138X0Z35'","MBS","UMBS MORTPASS 2.5% 07/28","15yr",,,,,"328216.32",,,,,,""
"2021-04-21","'31334WJD4'","MBS","UMBS MORTPASS 4.5% 05/49","30yr",,,,,"328137.33",,,,,,""
"2021-04-21","'3138YNTQ0'","MBS","UMBS MORTPASS 2.5% 08/30","15yr",,,,,"328084.46",,,,,,""
"2021-04-21","'3133L7X51'","MBS","UMBS MORTPASS 2% 10/35","15yr",,,,,"328061.18",,,,,,""
"2021-04-21","'3620A8T78'","MBS","GNMA I MORTPASS 5% 09/39","30yr",,,,,"327993.4",,,,,,""
"2021-04-21","'3138X22Y9'","MBS","UMBS MORTPASS 3% 09/28","15yr",,,,,"327978.07",,,,,,""
"2021-04-21","'3132KFTY8'","MBS","FHLMCGLD 3.5% 01/27","15yr",,,,,"327797.1",,,,,,""
"2021-04-21","'3138MBWC6'","MBS","UMBS MORTPASS 3% 09/27","15yr",,,,,"327723.5",,,,,,""
"2021-04-21","'3131X7EX2'","MBS","UMBS MORTPASS 3% 12/26","15yr",,,,,"327630.47",,,,,,""
"2021-04-21","'3140K7ZA4'","MBS","UMBS MORTPASS 3.5% 12/49","30yr",,,,,"327559.09",,,,,,""
"2021-04-21","'31412UCX6'","MBS","UMBS MORTPASS 4% 07/24","15yr",,,,,"327551.69",,,,,,""
"2021-04-21","'3138MRBF7'","MBS","UMBS MORTPASS 2.5% 01/28","15yr",,,,,"327523.89",,,,,,""
"2021-04-21","'36180JFW9'","MBS","GNMA I 3.5% 06/43","30yr",,,,,"327339.2",,,,,,""
"2021-04-21","'3132MADV0'","MBS","FHLMCGLD 4% 11/44","30yr",,,,,"327308.15",,,,,,""
"2021-04-21","'3138W4XN6'","MBS","UMBS MORTPASS 2.5% 11/27","15yr",,,,,"327306.31",,,,,,""
"2021-04-21","'3138WMMY4'","MBS","UMBS MORTPASS 2.5% 03/28","15yr",,,,,"327233.35",,,,,,""
"2021-04-21","'36177QA60'","MBS","GNMA I MORTPASS 3% 04/43","30yr",,,,,"327208.08",,,,,,""
"2021-04-21","'3138LSX70'","MBS","UMBS MORTPASS 3% 05/27","15yr",,,,,"327103.95",,,,,,""
"2021-04-21","'3138WTQK5'","MBS","UMBS MORTPASS 4% 06/43","30yr",,,,,"327068.9",,,,,,""
"2021-04-21","'3138X5PA9'","MBS","UMBS MORTPASS 3% 08/28","15yr",,,,,"327046.69",,,,,,""
"2021-04-21","'3138EMFY2'","MBS","UMBS MORTPASS 3.5% 12/43","30yr",,,,,"327038.75",,,,,,""
"2021-04-21","'3138WCFM0'","MBS","UMBS MORTPASS 3% 03/29","15yr",,,,,"326985.04",,,,,,""
"2021-04-21","'3128PQXX4'","MBS","FHLMCGLD 4.5% 01/25","15yr",,,,,"326951.27",,,,,,""
"2021-04-21","'3138WGZM9'","MBS","UMBS MORTPASS 2.5% 04/31","15yr",,,,,"326843.71",,,,,,""
"2021-04-21","'3140E8DD7'","MBS","UMBS MORTPASS 2.5% 11/30","15yr",,,,,"326718.2",,,,,,""
"2021-04-21","'3140HJSJ1'","MBS","UMBS MORTPASS 3% 06/33","15yr",,,,,"326633.41",,,,,,""
"2021-04-21","'3138WJM88'","MBS","UMBS MORTPASS 3% 12/46","30yr",,,,,"326517.93",,,,,,""
"2021-04-21","'31307LLT3'","MBS","FHLMCGLD 2.5% 12/29","15yr",,,,,"326448.84",,,,,,""
"2021-04-21","'31307F3N9'","MBS","FHLMCGLD 3.5% 01/29","15yr",,,,,"326419.17",,,,,,""
"2021-04-21","'3131X8VX1'","MBS","UMBS MORTPASS 2.5% 04/23","Other",,,,,"326397.97",,,,,,""
"2021-04-21","'3131XAD73'","MBS","UMBS MORTPASS 2.5% 01/24","Other",,,,,"326271.06",,,,,,""
"2021-04-21","'31417TYB8'","MBS","UMBS MORTPASS 4.5% 01/25","15yr",,,,,"326222.35",,,,,,""
"2021-04-21","'31417DBN2'","MBS","UMBS MORTPASS 2.5% 10/22","Other",,,,,"326104.88",,,,,,""
"2021-04-21","'31339UBT6'","MBS","UMBS MORTPASS 2.5% 10/49","30yr",,,,,"326086.8",,,,,,""
"2021-04-21","'36178QXL1'","MBS","GNMA I MORTPASS 3% 09/42","30yr",,,,,"326007.33",,,,,,""
"2021-04-21","'3138W5DR6'","MBS","UMBS MORTPASS 3% 08/28","15yr",,,,,"325867.1",,,,,,""
"2021-04-21","'36297JJ88'","MBS","GNMA I MORTPASS 4% 04/39","30yr",,,,,"325691.99",,,,,,""
"2021-04-21","'3138XPQD8'","MBS","UMBS MORTPASS 3% 02/29","15yr",,,,,"325586.78",,,,,,""
"2021-04-21","'31307L4P0'","MBS","FHLMCGLD 2.5% 02/30","15yr",,,,,"325402.6",,,,,,""
"2021-04-21","'3138WFHD1'","MBS","UMBS MORTPASS 3% 08/30","15yr",,,,,"325226.84",,,,,,""
"2021-04-21","'3138A5ET5'","MBS","UMBS MORTPASS 3% 02/26","15yr",,,,,"325185.7",,,,,,""
"2021-04-21","'36177WFB1'","MBS","GNMA I 3.5% 05/42","30yr",,,,,"325179.7",,,,,,""
"2021-04-21","'3138YNE94'","MBS","UMBS MORTPASS 3% 05/30","15yr",,,,,"325118.31",,,,,,""
"2021-04-21","'3140HHNB7'","MBS","UMBS MORTPASS 4% 05/48","30yr",,,,,"324977.61",,,,,,""
"2021-04-21","'3131XY4U0'","MBS","UMBS MORTPASS 3.5% 01/48","30yr",,,,,"324966.73",,,,,,""
"2021-04-21","'3131X9FY5'","MBS","UMBS MORTPASS 2.5% 05/28","15yr",,,,,"324960.99",,,,,,""
"2021-04-21","'31307UAH1'","MBS","FHLMCGLD 3.5% 06/32","15yr",,,,,"324905.47",,,,,,""
"2021-04-21","'3133KHSY3'","MBS","UMBS MORTPASS 3% 03/50","30yr",,,,,"324748.98",,,,,,""
"2021-04-21","'31307JKV4'","MBS","FHLMCGLD 2.5% 09/29","15yr",,,,,"324722.51",,,,,,""
"2021-04-21","'3131X8FM3'","MBS","UMBS MORTPASS 2.5% 11/27","15yr",,,,,"324571.97",,,,,,""
"2021-04-21","'31307B5T3'","MBS","FHLMCGLD 3% 05/28","15yr",,,,,"324481.5",,,,,,""
"2021-04-21","'3140H7RT6'","MBS","UMBS MORTPASS 3.5% 03/48","30yr",,,,,"324378.33",,,,,,""
"2021-04-21","'3138WDDV0'","MBS","UMBS MORTPASS 3% 11/29","15yr",,,,,"324281.95",,,,,,""
"2021-04-21","'3131X8ZC3'","MBS","UMBS MORTPASS 2.5% 04/28","15yr",,,,,"324219.45",,,,,,""
"2021-04-21","'3140HPBT3'","MBS","UMBS MORTPASS 4% 11/48","30yr",,,,,"324202.47",,,,,,""
"2021-04-21","'3138WXSC2'","MBS","UMBS MORTPASS 3% 06/28","15yr",,,,,"323894.38",,,,,,""
"2021-04-21","'36296LMS6'","MBS","GNMA I MORTPASS 4% 03/39","30yr",,,,,"323837.53",,,,,,""
"2021-04-21","'3138XHTQ4'","MBS","UMBS MORTPASS 3% 12/28","15yr",,,,,"323781.33",,,,,,""
"2021-04-21","'3131X7M54'","MBS","UMBS MORTPASS 2.5% 04/22","Other",,,,,"323748.9",,,,,,""
"2021-04-21","'3138WDNQ0'","MBS","UMBS MORTPASS 3% 12/44","30yr",,,,,"323542.77",,,,,,""
"2021-04-21","'3131X7EF1'","MBS","UMBS MORTPASS 3% 12/26","15yr",,,,,"323508.21",,,,,,""
"2021-04-21","'3133KGF52'","MBS","UMBS MORTPASS 4.5% 07/49","30yr",,,,,"323414.25",,,,,,""
"2021-04-21","'31307PD55'","MBS","FHLMCGLD 2.5% 09/30","15yr",,,,,"323347.52",,,,,,""
"2021-04-21","'31418AH76'","MBS","UMBS MORTPASS 3% 08/22","Other",,,,,"323251.86",,,,,,""
"2021-04-21","'3128MMTS2'","MBS","FHLMCGLD 2.5% 07/30","15yr",,,,,"323243.52",,,,,,""
"2021-04-21","'3132A5HF5'","MBS","UMBS MORTPASS 3.5% 08/47","30yr",,,,,"323236.75",,,,,,""
"2021-04-21","'3138X9GJ2'","MBS","UMBS MORTPASS 3% 09/28","15yr",,,,,"323124.72",,,,,,""
"2021-04-21","'3138XPQK2'","MBS","UMBS MORTPASS 3% 02/29","15yr",,,,,"323112.36",,,,,,""
"2021-04-21","'3133KKFE4'","MBS","UMBS MORTPASS 2.5% 10/50","30yr",,,,,"323081.25",,,,,,""
"2021-04-21","'31416XW22'","MBS","UMBS MORTPASS 4% 01/41","30yr",,,,,"322839.47",,,,,,""
"2021-04-21","'3140KPSK0'","MBS","UMBS MORTPASS 1.5% 09/35","15yr",,,,,"322761.09",,,,,,""
"2021-04-21","'3128P7CW1'","MBS","FHLMCGLD 6.5% 08/26","Other",,,,,"322758.34",,,,,,""
"2021-04-21","'3140H7ZH3'","MBS","UMBS MORTPASS 3.5% 01/48","30yr",,,,,"322643.06",,,,,,""
"2021-04-21","'3131X8DZ6'","MBS","UMBS MORTPASS 2.5% 11/27","15yr",,,,,"322498.92",,,,,,""
"2021-04-21","'3140HJSR3'","MBS","UMBS MORTPASS 3.5% 06/48","30yr",,,,,"322358.48",,,,,,""
"2021-04-21","'36176HTF1'","MBS","GNMA I 3.5% 05/42","30yr",,,,,"322309.73",,,,,,""
"2021-04-21","'3138X2DR2'","MBS","UMBS MORTPASS 3% 09/28","15yr",,,,,"322308.23",,,,,,""
"2021-04-21","'3140GYZ44'","MBS","UMBS MORTPASS 2.5% 02/33","15yr",,,,,"322052.43",,,,,,""
"2021-04-21","'3138WJET1'","MBS","UMBS MORTPASS 2.5% 11/31","15yr",,,,,"321964.21",,,,,,""
"2021-04-21","'3132QQQ54'","MBS","FHLMCGLD 3.5% 06/45","30yr",,,,,"321817.83",,,,,,""
"2021-04-21","'3138LUBF1'","MBS","UMBS MORTPASS 3% 05/27","15yr",,,,,"321741.75",,,,,,""
"2021-04-21","'3132JM4T3'","MBS","FHLMCGLD 3% 08/43","30yr",,,,,"321720.09",,,,,,""
"2021-04-21","'31417DCC5'","MBS","UMBS MORTPASS 2.5% 10/27","15yr",,,,,"321646.07",,,,,,""
"2021-04-21","'3140HDJX3'","MBS","UMBS MORTPASS 4.5% 09/48","30yr",,,,,"321518.83",,,,,,""
"2021-04-21","'3138YDCV9'","MBS","UMBS MORTPASS 2.5% 12/29","15yr",,,,,"321491.82",,,,,,""
"2021-04-21","'3138EMZR5'","MBS","UMBS MORTPASS 3% 04/24","Other",,,,,"321480.5",,,,,,""
"2021-04-21","'3131X8HM1'","MBS","UMBS MORTPASS 2.5% 12/27","15yr",,,,,"321172.75",,,,,,""
"2021-04-21","'3140Q8MR3'","MBS","UMBS MORTPASS 3% 02/33","15yr",,,,,"320771.38",,,,,,""
"2021-04-21","'36178YWY7'","MBS","GNMA I 3.5% 07/43","30yr",,,,,"320766.13",,,,,,""
"2021-04-21","'3138WNF38'","MBS","UMBS MORTPASS 2.5% 04/28","15yr",,,,,"320684.67",,,,,,""
"2021-04-21","'3140JAFM5'","MBS","UMBS MORTPASS 3% 04/32","15yr",,,,,"320661.26",,,,,,""
"2021-04-21","'3620ABDT0'","MBS","GNMA I MORTPASS 5% 03/40","30yr",,,,,"320649.99",,,,,,""
"2021-04-21","'3140HN4X7'","MBS","UMBS MORTPASS 4% 09/48","30yr",,,,,"320634.8",,,,,,""
"2021-04-21","'3138YTZK3'","MBS","UMBS MORTPASS 2.5% 09/30","15yr",,,,,"320614.39",,,,,,""
"2021-04-21","'3138YXNQ4'","MBS","UMBS MORTPASS 3% 09/30","15yr",,,,,"320541.61",,,,,,""
"2021-04-21","'31418CW34'","MBS","UMBS MORTPASS 3% 05/28","Other",,,,,"320425.68",,,,,,""
"2021-04-21","'36296LM72'","MBS","GNMA I MORTPASS 4% 04/39","30yr",,,,,"320409.72",,,,,,""
"2021-04-21","'3138YJGD2'","MBS","UMBS MORTPASS 3% 05/31","15yr",,,,,"320373.56",,,,,,""
"2021-04-21","'31416XRS1'","MBS","UMBS MORTPASS 3% 02/26","15yr",,,,,"320146.63",,,,,,""
"2021-04-21","'3138YGNU2'","MBS","UMBS MORTPASS 3% 04/45","30yr",,,,,"320001.37",,,,,,""
"2021-04-21","'31417EVT5'","MBS","UMBS MORTPASS 2% 02/28","15yr",,,,,"319998.64",,,,,,""
"2021-04-21","'3138A35T0'","MBS","UMBS MORTPASS 3% 01/26","15yr",,,,,"319866.92",,,,,,""
"2021-04-21","'36230MS32'","MBS","GNMA I 3.5% 08/43","30yr",,,,,"319817.47",,,,,,""
"2021-04-21","'3128MCFY6'","MBS","FHLMCGLD 4% 05/24","15yr",,,,,"319814.5",,,,,,""
"2021-04-21","'31418U5H3'","MBS","UMBS MORTPASS 3.5% 07/25","15yr",,,,,"319746.54",,,,,,""
"2021-04-21","'3138E2GB5'","MBS","UMBS MORTPASS 3% 01/27","15yr",,,,,"319738.79",,,,,,""
"2021-04-21","'3140HJQ53'","MBS","UMBS MORTPASS 3.5% 05/48","30yr",,,,,"319685.54",,,,,,""
"2021-04-21","'31418B5N2'","MBS","UMBS MORTPASS 3.5% 06/31","15yr",,,,,"319567.82",,,,,,""
"2021-04-21","'3138W5X94'","MBS","UMBS MORTPASS 2.5% 02/28","15yr",,,,,"319355.15",,,,,,""
"2021-04-21","'31307L4R6'","MBS","FHLMCGLD 2.5% 02/30","15yr",,,,,"319275.5",,,,,,""
"2021-04-21","'3138E6XW1'","MBS","UMBS MORTPASS 3% 02/27","15yr",,,,,"319243.29",,,,,,""
"2021-04-21","'3132M7QR2'","MBS","FHLMCGLD 3.5% 07/44","30yr",,,,,"319241.45",,,,,,""
"2021-04-21","'3620A1TL2'","MBS","GNMA I MORTPASS 5% 10/39","30yr",,,,,"319193.75",,,,,,""
"2021-04-21","'3620A5X20'","MBS","GNMA I MORTPASS 5% 10/39","30yr",,,,,"319189.26",,,,,,""
"2021-04-21","'31307NSR6'","MBS","FHLMCGLD 2.5% 07/30","15yr",,,,,"319013.67",,,,,,""
"2021-04-21","'3138WBZK4'","MBS","UMBS MORTPASS 2.5% 05/24","Other",,,,,"319005.35",,,,,,""
"2021-04-21","'3138LYX77'","MBS","UMBS MORTPASS 2.5% 11/27","15yr",,,,,"318724.84",,,,,,""
"2021-04-21","'3132A9MH7'","MBS","UMBS MORTPASS 3% 04/27","15yr",,,,,"318687.92",,,,,,""
"2021-04-21","'3140H6FU8'","MBS","UMBS MORTPASS 4.5% 01/48","30yr",,,,,"318579.2",,,,,,""
"2021-04-21","'3138XUCD2'","MBS","UMBS MORTPASS 3% 06/29","15yr",,,,,"318557.33",,,,,,""
"2021-04-21","'3138EDQ53'","MBS","UMBS MORTPASS 2.5% 05/27","15yr",,,,,"318535.08",,,,,,""
"2021-04-21","'3140Q7UB1'","MBS","UMBS MORTPASS 3% 10/32","15yr",,,,,"318498.35",,,,,,""
"2021-04-21","'3140X9NJ0'","MBS","UMBS MORTPASS 1.5% 12/35","15yr",,,,,"318464.45",,,,,,""
"2021-04-21","'3138E9L32'","MBS","UMBS MORTPASS 3% 04/27","15yr",,,,,"318277.03",,,,,,""
"2021-04-21","'3128MMTJ2'","MBS","FHLMCGLD 3% 05/30","15yr",,,,,"318224.54",,,,,,""
"2021-04-21","'3132DMBR5'","MBS","UMBS MORTPASS 4% 05/49","30yr",,,,,"318222.77",,,,,,""
"2021-04-21","'36176LYY5'","MBS","GNMA I 3.5% 12/41","30yr",,,,,"318222.52",,,,,,""
"2021-04-21","'3138XK4N1'","MBS","UMBS MORTPASS 3.5% 02/29","15yr",,,,,"318208.21",,,,,,""
"2021-04-21","'3138EQUX8'","MBS","UMBS MORTPASS 2.5% 11/28","15yr",,,,,"318160.35",,,,,,""
"2021-04-21","'3138X1P83'","MBS","UMBS MORTPASS 2.5% 09/28","15yr",,,,,"318138.28",,,,,,""
"2021-04-21","'3138AY2D0'","MBS","UMBS MORTPASS 4% 02/42","30yr",,,,,"318130.95",,,,,,""
"2021-04-21","'31307SM83'","MBS","FHLMCGLD 2.5% 11/31","15yr",,,,,"318084.93",,,,,,""
"2021-04-21","'3138WEU56'","MBS","UMBS MORTPASS 3% 06/30","15yr",,,,,"317967.77",,,,,,""
"2021-04-21","'3138WQX49'","MBS","UMBS MORTPASS 2.5% 08/28","15yr",,,,,"317928.1",,,,,,""
"2021-04-21","'36297ADQ3'","MBS","GNMA I 4.5% 08/39","30yr",,,,,"317913.73",,,,,,""
"2021-04-21","'3131X8GQ3'","MBS","UMBS MORTPASS 2.5% 11/27","15yr",,,,,"317908.57",,,,,,""
"2021-04-21","'3620A6WJ2'","MBS","GNMA I MORTPASS 5% 10/39","30yr",,,,,"317870.03",,,,,,""
"2021-04-21","'36297BAZ4'","MBS","GNMA I MORTPASS 5% 04/39","30yr",,,,,"317706.86",,,,,,""
"2021-04-21","'3620A4RE4'","MBS","GNMA I MORTPASS 5% 08/39","30yr",,,,,"317695.79",,,,,,""
"2021-04-21","'3132HPJZ8'","MBS","FHLMCGLD 3.5% 11/42","30yr",,,,,"317694.27",,,,,,""
"2021-04-21","'3138EPQR8'","MBS","UMBS MORTPASS 3% 05/30","15yr",,,,,"317604.3",,,,,,""
"2021-04-21","'3138A5AM4'","MBS","UMBS MORTPASS 3% 01/26","15yr",,,,,"317464.41",,,,,,""
"2021-04-21","'3138YNX69'","MBS","UMBS MORTPASS 2.5% 06/30","15yr",,,,,"317453.74",,,,,,""
"2021-04-21","'31418BNL6'","MBS","UMBS MORTPASS 2.5% 02/30","15yr",,,,,"317443.36",,,,,,""
"2021-04-21","'3138XZM57'","MBS","UMBS MORTPASS 3% 03/30","15yr",,,,,"317352.62",,,,,,""
"2021-04-21","'36295RWF1'","MBS","GNMA I MORTPASS 5% 11/39","30yr",,,,,"317268.9",,,,,,""
"2021-04-21","'3140FVVS2'","MBS","UMBS MORTPASS 4.5% 06/47","30yr",,,,,"317205.26",,,,,,""
"2021-04-21","'3131X7LB2'","MBS","UMBS MORTPASS 2.5% 02/27","15yr",,,,,"316995.91",,,,,,""
"2021-04-21","'3132A9L96'","MBS","UMBS MORTPASS 3% 01/27","15yr",,,,,"316893.1",,,,,,""
"2021-04-21","'3132A8MC0'","MBS","UMBS MORTPASS 3% 11/31","15yr",,,,,"316802.05",,,,,,""
"2021-04-21","'3138X4WZ9'","MBS","UMBS MORTPASS 2% 08/28","15yr",,,,,"316779.65",,,,,,""
"2021-04-21","'3131XCBB2'","MBS","UMBS MORTPASS 3% 06/31","15yr",,,,,"316722.09",,,,,,""
"2021-04-21","'3128MFKW7'","MBS","FHLMCGLD 2.5% 01/33","15yr",,,,,"316631.26",,,,,,""
"2021-04-21","'3132JBLH4'","MBS","FHLMCGLD 3.5% 06/43","30yr",,,,,"316329.72",,,,,,""
"2021-04-21","'3138W4XW6'","MBS","UMBS MORTPASS 3% 02/43","30yr",,,,,"316170.25",,,,,,""
"2021-04-21","'3620AAXW3'","MBS","GNMA I 4.5% 10/39","30yr",,,,,"316121.88",,,,,,""
"2021-04-21","'3131Y2V54'","MBS","UMBS MORTPASS 3% 08/48","30yr",,,,,"315996.76",,,,,,""
"2021-04-21","'3138Y7CZ3'","MBS","UMBS MORTPASS 3% 10/30","15yr",,,,,"315746.56",,,,,,""
"2021-04-21","'3620A63A3'","MBS","GNMA I MORTPASS 5% 07/39","30yr",,,,,"315686.78",,,,,,""
"2021-04-21","'3138MQC68'","MBS","UMBS MORTPASS 3% 01/43","30yr",,,,,"315607.65",,,,,,""
"2021-04-21","'3138YPYK2'","MBS","UMBS MORTPASS 3% 06/30","15yr",,,,,"315607.49",,,,,,""
"2021-04-21","'31418AJK5'","MBS","UMBS MORTPASS 3% 09/32","Other",,,,,"315477.07",,,,,,""
"2021-04-21","'36297G5S5'","MBS","GNMA I 4.5% 04/39","30yr",,,,,"315382.08",,,,,,""
"2021-04-21","'36294WXF0'","MBS","GNMA I 4.5% 03/39","30yr",,,,,"315264.47",,,,,,""
"2021-04-21","'3138XUCW0'","MBS","UMBS MORTPASS 3.5% 07/44","30yr",,,,,"315092.55",,,,,,""
"2021-04-21","'3140QD2F0'","MBS","UMBS MORTPASS 2% 06/30","Other",,,,,"315057.71",,,,,,""
"2021-04-21","'3131X7ZQ4'","MBS","UMBS MORTPASS 3% 08/27","15yr",,,,,"315020.82",,,,,,""
"2021-04-21","'312930N22'","MBS","FHLMCGLD 5% 01/39","30yr",,,,,"314919.09",,,,,,""
"2021-04-21","'31307PV71'","MBS","FHLMCGLD 3% 12/30","15yr",,,,,"314891.53",,,,,,""
"2021-04-21","'31418CBF0'","MBS","UMBS MORTPASS 3% 09/46","30yr",,,,,"314833.68",,,,,,""
"2021-04-21","'3138WVWT4'","MBS","UMBS MORTPASS 2.5% 06/28","15yr",,,,,"314806.63",,,,,,""
"2021-04-21","'3138AWHN6'","MBS","UMBS MORTPASS 3% 12/26","15yr",,,,,"314754.38",,,,,,""
"2021-04-21","'3138W1D53'","MBS","UMBS MORTPASS 2.5% 03/28","15yr",,,,,"314651.51",,,,,,""
"2021-04-21","'36202EBT5'","MBS","GNMA II 4.5% 12/34","30yr",,,,,"314612.88",,,,,,""
"2021-04-21","'3140J74S1'","MBS","UMBS MORTPASS 4% 02/48","30yr",,,,,"314593.22",,,,,,""
"2021-04-21","'3138XU5J7'","MBS","UMBS MORTPASS 3.5% 06/29","15yr",,,,,"314525.79",,,,,,""
"2021-04-21","'3138XUYT3'","MBS","UMBS MORTPASS 4% 05/44","30yr",,,,,"314390.48",,,,,,""
"2021-04-21","'3138EQA36'","MBS","UMBS MORTPASS 3% 08/30","15yr",,,,,"314262.1",,,,,,""
"2021-04-21","'3131YAS76'","MBS","UMBS MORTPASS 3.5% 03/49","30yr",,,,,"314197.06",,,,,,""
"2021-04-21","'3620A9K91'","MBS","GNMA I MORTPASS 4% 04/42","30yr",,,,,"314195.44",,,,,,""
"2021-04-21","'3140J82W2'","MBS","UMBS MORTPASS 4% 08/48","30yr",,,,,"314174.39",,,,,,""
"2021-04-21","'3132WEQB1'","MBS","FHLMCGLD 4.5% 06/46","30yr",,,,,"314090.44",,,,,,""
"2021-04-21","'3138MNH45'","MBS","UMBS MORTPASS 2.5% 12/27","15yr",,,,,"314073.22",,,,,,""
"2021-04-21","'3128MBUJ4'","MBS","FHLMCGLD 4.5% 04/23","15yr",,,,,"313914.43",,,,,,""
"2021-04-21","'31417GWT9'","MBS","UMBS MORTPASS 3% 06/28","15yr",,,,,"313817.5",,,,,,""
"2021-04-21","'3138EL6B4'","MBS","UMBS MORTPASS 3% 07/28","15yr",,,,,"313758.27",,,,,,""
"2021-04-21","'31418C7C2'","MBS","UMBS MORTPASS 4% 02/39","Other",,,,,"313726.52",,,,,,""
"2021-04-21","'3138X6B79'","MBS","UMBS MORTPASS 3% 08/28","15yr",,,,,"313721.34",,,,,,""
"2021-04-21","'36296MGE2'","MBS","GNMA I 4.5% 04/39","30yr",,,,,"313710.87",,,,,,""
"2021-04-21","'31307H5Q6'","MBS","FHLMCGLD 3% 08/29","15yr",,,,,"313704.08",,,,,,""
"2021-04-21","'3138YJXN1'","MBS","UMBS MORTPASS 3% 05/30","15yr",,,,,"313540.05",,,,,,""
"2021-04-21","'36297DWS2'","MBS","GNMA I MORTPASS 4% 10/41","30yr",,,,,"313398.61",,,,,,""
"2021-04-21","'3133KJ3W0'","MBS","UMBS MORTPASS 2.5% 09/50","30yr",,,,,"313358.07",,,,,,""
"2021-04-21","'3140HJ6S5'","MBS","UMBS MORTPASS 3.5% 06/48","30yr",,,,,"313356.52",,,,,,""
"2021-04-21","'3140HKAS7'","MBS","UMBS MORTPASS 4% 08/48","30yr",,,,,"313078.74",,,,,,""
"2021-04-21","'3132A7RK9'","MBS","UMBS MORTPASS 2% 08/23","Other",,,,,"312897.74",,,,,,""
"2021-04-21","'3140K9EM7'","MBS","UMBS MORTPASS 2% 04/50","30yr",,,,,"312789.93",,,,,,""
"2021-04-21","'3138YKQK2'","MBS","UMBS MORTPASS 2.5% 04/30","15yr",,,,,"312600.66",,,,,,""
"2021-04-21","'3138YRNC8'","MBS","UMBS MORTPASS 3% 06/30","15yr",,,,,"312577.35",,,,,,""
"2021-04-21","'36297JJ96'","MBS","GNMA I MORTPASS 4% 04/39","30yr",,,,,"312436.95",,,,,,""
"2021-04-21","'3138M4BS0'","MBS","UMBS MORTPASS 2.5% 08/27","15yr",,,,,"312310.44",,,,,,""
"2021-04-21","'31417GGY6'","MBS","UMBS MORTPASS 2% 04/28","15yr",,,,,"312274.42",,,,,,""
"2021-04-21","'31307GUB3'","MBS","FHLMCGLD 3.5% 03/29","15yr",,,,,"312254.31",,,,,,""
"2021-04-21","'3140H6EB1'","MBS","UMBS MORTPASS 3.5% 03/33","15yr",,,,,"312234.58",,,,,,""
"2021-04-21","'3138YAGT6'","MBS","UMBS MORTPASS 3% 11/29","15yr",,,,,"312188.07",,,,,,""
"2021-04-21","'3138MKVQ6'","MBS","UMBS MORTPASS 3% 11/32","Other",,,,,"312098.6",,,,,,""
"2021-04-21","'3132A86E4'","MBS","UMBS MORTPASS 3% 05/33","15yr",,,,,"312062.24",,,,,,""
"2021-04-21","'3140HKXX1'","MBS","UMBS MORTPASS 3.5% 05/48","30yr",,,,,"312014.88",,,,,,""
"2021-04-21","'3140JJEA3'","MBS","UMBS MORTPASS 3.5% 10/48","30yr",,,,,"311913.61",,,,,,""
"2021-04-21","'3140JQHB2'","MBS","UMBS MORTPASS 2% 12/34","15yr",,,,,"311903.76",,,,,,""
"2021-04-21","'3620C1VT0'","MBS","GNMA I MORTPASS 4% 11/41","30yr",,,,,"311881.56",,,,,,""
"2021-04-21","'3140X4UZ7'","MBS","UMBS MORTPASS 3.5% 05/49","30yr",,,,,"311767.85",,,,,,""
"2021-04-21","'3138MRAF8'","MBS","UMBS MORTPASS 3.5% 12/42","30yr",,,,,"311749.02",,,,,,""
"2021-04-21","'3128MMSU8'","MBS","FHLMCGLD 2.5% 11/29","15yr",,,,,"311652.42",,,,,,""
"2021-04-21","'3620A2DJ2'","MBS","GNMA I MORTPASS 5% 08/39","30yr",,,,,"311491.34",,,,,,""
"2021-04-21","'3140H5NV9'","MBS","UMBS MORTPASS 3% 02/33","15yr",,,,,"311459.31",,,,,,""
"2021-04-21","'3138EPV92'","MBS","UMBS MORTPASS 2.5% 01/29","15yr",,,,,"311457.95",,,,,,""
"2021-04-21","'3132HQEF5'","MBS","FHLMCGLD 3.5% 12/42","30yr",,,,,"311435.48",,,,,,""
"2021-04-21","'3128MMSF1'","MBS","FHLMCGLD 2.5% 07/29","15yr",,,,,"311422.79",,,,,,""
"2021-04-21","'3140H8ZQ1'","MBS","UMBS MORTPASS 3.5% 07/33","15yr",,,,,"311355.68",,,,,,""
"2021-04-21","'36177PGL3'","MBS","GNMA I 3.5% 03/42","30yr",,,,,"311257.41",,,,,,""
"2021-04-21","'3138WJKJ6'","MBS","UMBS MORTPASS 3% 11/31","15yr",,,,,"311220.62",,,,,,""
"2021-04-21","'3132QMYR6'","MBS","FHLMCGLD 3% 02/45","30yr",,,,,"311132.38",,,,,,""
"2021-04-21","'31307YEE6'","MBS","FHLMCGLD 3.5% 01/34","15yr",,,,,"311045.04",,,,,,""
"2021-04-21","'3138A34U8'","MBS","UMBS MORTPASS 3.5% 01/26","15yr",,,,,"310942.27",,,,,,""
"2021-04-21","'36177TQP5'","MBS","GNMA I 3.5% 07/42","30yr",,,,,"310828.7",,,,,,""
"2021-04-21","'31307L6T0'","MBS","FHLMCGLD 2.5% 03/30","15yr",,,,,"310671.36",,,,,,""
"2021-04-21","'3138MGNJ0'","MBS","UMBS MORTPASS 2.5% 02/28","15yr",,,,,"310639.95",,,,,,""
"2021-04-21","'3140H5MZ1'","MBS","UMBS MORTPASS 3% 01/33","15yr",,,,,"310629.42",,,,,,""
"2021-04-21","'3138YD2P3'","MBS","UMBS MORTPASS 2% 04/30","15yr",,,,,"310524.39",,,,,,""
"2021-04-21","'3131X7DB1'","MBS","UMBS MORTPASS 3% 11/26","15yr",,,,,"310428.76",,,,,,""
"2021-04-21","'3620AKUQ7'","MBS","GNMA I MORTPASS 5% 02/40","30yr",,,,,"310370.05",,,,,,""
"2021-04-21","'36177LBM5'","MBS","GNMA I MORTPASS 3% 05/43","30yr",,,,,"310357.44",,,,,,""
"2021-04-21","'3138WWMH9'","MBS","UMBS MORTPASS 3% 06/28","15yr",,,,,"310315.99",,,,,,""
"2021-04-21","'3140HAR28'","MBS","UMBS MORTPASS 3.5% 04/48","30yr",,,,,"310278.04",,,,,,""
"2021-04-21","'3620A6WK9'","MBS","GNMA I MORTPASS 5% 10/39","30yr",,,,,"310266.77",,,,,,""
"2021-04-21","'31416KMZ8'","MBS","UMBS MORTPASS 4% 02/39","30yr",,,,,"310238.75",,,,,,""
"2021-04-21","'3138W5TM0'","MBS","UMBS MORTPASS 2.5% 02/28","15yr",,,,,"310168.16",,,,,,""
"2021-04-21","'3132DV6E0'","MBS","UMBS MORTPASS 3.5% 06/50","30yr",,,,,"310093.46",,,,,,""
"2021-04-21","'3138E54T2'","MBS","UMBS MORTPASS 2.5% 06/27","15yr",,,,,"310068.39",,,,,,""
"2021-04-21","'3131XYVR7'","MBS","UMBS MORTPASS 4.5% 12/47","30yr",,,,,"310057.14",,,,,,""
"2021-04-21","'36295R5P9'","MBS","GNMA I MORTPASS 4% 02/40","30yr",,,,,"309980.34",,,,,,""
"2021-04-21","'3138XBV43'","MBS","UMBS MORTPASS 3% 11/28","15yr",,,,,"309862.25",,,,,,""
"2021-04-21","'3132DMD69'","MBS","UMBS MORTPASS 3% 10/49","30yr",,,,,"309796.99",,,,,,""
"2021-04-21","'3140GTML1'","MBS","UMBS MORTPASS 3% 06/32","15yr",,,,,"309777.83",,,,,,""
"2021-04-21","'3620AMUB6'","MBS","GNMA I MORTPASS 4% 02/41","30yr",,,,,"309716.72",,,,,,""
"2021-04-21","'3138WDB83'","MBS","UMBS MORTPASS 2.5% 10/24","Other",,,,,"309663.43",,,,,,""
"2021-04-21","'36297GQ60'","MBS","GNMA I MORTPASS 4% 06/41","30yr",,,,,"309620.23",,,,,,""
"2021-04-21","'31418BGG5'","MBS","UMBS MORTPASS 3% 08/24","Other",,,,,"309481.22",,,,,,""
"2021-04-21","'31307GUC1'","MBS","FHLMCGLD 3.5% 03/29","15yr",,,,,"309262.56",,,,,,""
"2021-04-21","'3140H1BE9'","MBS","UMBS MORTPASS 2.5% 12/32","15yr",,,,,"309244.19",,,,,,""
"2021-04-21","'3140HARQ5'","MBS","UMBS MORTPASS 3% 04/33","15yr",,,,,"309094.73",,,,,,""
"2021-04-21","'3138LYHJ9'","MBS","UMBS MORTPASS 2.5% 08/27","15yr",,,,,"308731.54",,,,,,""
"2021-04-21","'31417BL70'","MBS","UMBS MORTPASS 2.5% 04/22","Other",,,,,"308716.18",,,,,,""
"2021-04-21","'3140H6B81'","MBS","UMBS MORTPASS 3.5% 01/48","30yr",,,,,"308545.3",,,,,,""
"2021-04-21","'3131X8AH9'","MBS","UMBS MORTPASS 2.5% 10/27","15yr",,,,,"308520.42",,,,,,""
"2021-04-21","'3138X3R95'","MBS","UMBS MORTPASS 2% 08/23","Other",,,,,"308514.35",,,,,,""
"2021-04-21","'3620A7BW4'","MBS","GNMA I 4.5% 12/39","30yr",,,,,"308323.67",,,,,,""
"2021-04-21","'3132A7NS6'","MBS","UMBS MORTPASS 2.5% 05/23","Other",,,,,"308310.23",,,,,,""
"2021-04-21","'31307PBG3'","MBS","FHLMCGLD 2.5% 09/30","15yr",,,,,"308182.11",,,,,,""
"2021-04-21","'3133KKB81'","MBS","UMBS MORTPASS 2.5% 10/50","30yr",,,,,"308170.25",,,,,,""
"2021-04-21","'3128PTL60'","MBS","FHLMCGLD 3.5% 12/25","15yr",,,,,"308160.81",,,,,,""
"2021-04-21","'3138XCBK7'","MBS","UMBS MORTPASS 3% 01/44","30yr",,,,,"307978.09",,,,,,""
"2021-04-21","'36181FXF3'","MBS","GNMA I MORTPASS 4% 09/43","30yr",,,,,"307763.68",,,,,,""
"2021-04-21","'31307GFJ3'","MBS","FHLMCGLD 3% 02/29","15yr",,,,,"307699.89",,,,,,""
"2021-04-21","'312938JM6'","MBS","FHLMCGLD 4% 12/39","30yr",,,,,"307581.3",,,,,,""
"2021-04-21","'3132AAVJ0'","MBS","UMBS MORTPASS 3% 01/41","30yr",,,,,"307541.95",,,,,,""
"2021-04-21","'31417DJS3'","MBS","UMBS MORTPASS 2% 09/27","15yr",,,,,"307518.02",,,,,,""
"2021-04-21","'3138MD6E7'","MBS","UMBS MORTPASS 4.5% 10/42","30yr",,,,,"307516.48",,,,,,""
"2021-04-21","'3140FDZT6'","MBS","UMBS MORTPASS 3% 11/31","15yr",,,,,"307443.49",,,,,,""
"2021-04-21","'3138LTK64'","MBS","UMBS MORTPASS 2.5% 05/27","15yr",,,,,"307441.96",,,,,,""
"2021-04-21","'36178QBM3'","MBS","GNMA I 3.5% 09/42","30yr",,,,,"307437.53",,,,,,""
"2021-04-21","'3138ERUB4'","MBS","UMBS MORTPASS 3% 03/30","15yr",,,,,"307419.52",,,,,,""
"2021-04-21","'3132GLQN7'","MBS","FHLMCGLD 3.5% 12/41","30yr",,,,,"307417.49",,,,,,""
"2021-04-21","'3132WF4M8'","MBS","FHLMCGLD 4.5% 08/46","30yr",,,,,"307406.69",,,,,,""
"2021-04-21","'3138EDCG4'","MBS","UMBS MORTPASS 3% 03/27","15yr",,,,,"307320.65",,,,,,""
"2021-04-21","'3138WUVY6'","MBS","UMBS MORTPASS 2.5% 06/28","15yr",,,,,"307245.81",,,,,,""
"2021-04-21","'31418AEC8'","MBS","UMBS MORTPASS 3% 04/22","Other",,,,,"307221.27",,,,,,""
"2021-04-21","'31307HUU9'","MBS","FHLMCGLD 3.5% 07/29","15yr",,,,,"307184.49",,,,,,""
"2021-04-21","'3128MJ6B1'","MBS","FHLMCGLD 3.5% 03/49","30yr",,,,,"307138.21",,,,,,""
"2021-04-21","'3138Y1E92'","MBS","UMBS MORTPASS 3.5% 09/29","15yr",,,,,"307079.88",,,,,,""
"2021-04-21","'3131YBED6'","MBS","UMBS MORTPASS 4% 12/48","30yr",,,,,"306809.69",,,,,,""
"2021-04-21","'3138XWPW2'","MBS","UMBS MORTPASS 4% 06/44","30yr",,,,,"306630.4",,,,,,""
"2021-04-21","'3138YFCS1'","MBS","UMBS MORTPASS 2.5% 02/30","15yr",,,,,"306605.03",,,,,,""
"2021-04-21","'3140H73R6'","MBS","UMBS MORTPASS 3.5% 02/48","30yr",,,,,"306277.18",,,,,,""
"2021-04-21","'3132A7UL3'","MBS","UMBS MORTPASS 3% 01/24","Other",,,,,"306230.93",,,,,,""
"2021-04-21","'3138XTKM6'","MBS","UMBS MORTPASS 3% 06/29","15yr",,,,,"306225.94",,,,,,""
"2021-04-21","'3131X7RW0'","MBS","UMBS MORTPASS 2.5% 04/27","15yr",,,,,"306200.07",,,,,,""
"2021-04-21","'36181FHN4'","MBS","GNMA I 3.5% 07/43","30yr",,,,,"306069.47",,,,,,""
"2021-04-21","'3138XLX72'","MBS","UMBS MORTPASS 3% 01/29","15yr",,,,,"305887.12",,,,,,""
"2021-04-21","'3620A7BU8'","MBS","GNMA I 4.5% 12/39","30yr",,,,,"305700.28",,,,,,""
"2021-04-21","'31417B7J0'","MBS","UMBS MORTPASS 3% 06/22","Other",,,,,"305698.1",,,,,,""
"2021-04-21","'3140JPKF1'","MBS","UMBS MORTPASS 3.5% 05/49","30yr",,,,,"305586.35",,,,,,""
"2021-04-21","'31412P3M1'","MBS","UMBS MORTPASS 4.5% 07/39","30yr",,,,,"305533.8",,,,,,""
"2021-04-21","'31419MCU3'","MBS","UMBS MORTPASS 3.5% 04/26","15yr",,,,,"305406.93",,,,,,""
"2021-04-21","'3140Q9NE9'","MBS","UMBS MORTPASS 4% 08/43","30yr",,,,,"305334.32",,,,,,""
"2021-04-21","'3138YL4A6'","MBS","UMBS MORTPASS 3% 04/30","15yr",,,,,"305228.29",,,,,,""
"2021-04-21","'3140X4H25'","MBS","UMBS MORTPASS 3.5% 12/48","30yr",,,,,"305094.62",,,,,,""
"2021-04-21","'3128MMKN2'","MBS","FHLMCGLD 4% 01/24","15yr",,,,,"304961.45",,,,,,""
"2021-04-21","'3620ACGN8'","MBS","GNMA I MORTPASS 5% 12/39","30yr",,,,,"304903.78",,,,,,""
"2021-04-21","'3140F9UB9'","MBS","UMBS MORTPASS 4.5% 12/46","30yr",,,,,"304864.22",,,,,,""
"2021-04-21","'3128MMTU7'","MBS","FHLMCGLD 3.5% 07/30","15yr",,,,,"304760.48",,,,,,""
"2021-04-21","'31418QAV5'","MBS","UMBS MORTPASS 4% 03/25","15yr",,,,,"304360.2",,,,,,""
"2021-04-21","'31414NFB5'","MBS","UMBS MORTPASS 6.5% 12/38","30yr",,,,,"304298.51",,,,,,""
"2021-04-21","'36296LNA4'","MBS","GNMA I 4.5% 04/39","30yr",,,,,"304108.26",,,,,,""
"2021-04-21","'3138M0CX6'","MBS","UMBS MORTPASS 3% 06/27","15yr",,,,,"304102.06",,,,,,""
"2021-04-21","'3138WDQ38'","MBS","UMBS MORTPASS 4% 12/44","30yr",,,,,"303801.17",,,,,,""
"2021-04-21","'3138X9GM5'","MBS","UMBS MORTPASS 3% 09/28","15yr",,,,,"303714.39",,,,,,""
"2021-04-21","'36296SPL3'","MBS","GNMA I MORTPASS 5% 10/39","30yr",,,,,"303701.02",,,,,,""
"2021-04-21","'3138EJ3V8'","MBS","UMBS MORTPASS 2.5% 11/27","15yr",,,,,"303677.06",,,,,,""
"2021-04-21","'3138WJBY3'","MBS","UMBS MORTPASS 4.5% 10/46","30yr",,,,,"303564.75",,,,,,""
"2021-04-21","'3140FDAV8'","MBS","UMBS MORTPASS 2.5% 11/46","30yr",,,,,"303559.64",,,,,,""
"2021-04-21","'31418BNM4'","MBS","UMBS MORTPASS 3.5% 02/30","15yr",,,,,"303534.94",,,,,,""
"2021-04-21","'3128MFE61'","MBS","FHLMCGLD 2.5% 08/32","15yr",,,,,"303490.23",,,,,,""
"2021-04-21","'3132KFKN1'","MBS","FHLMCGLD 3.5% 01/27","15yr",,,,,"303460.76",,,,,,""
"2021-04-21","'3138XWJU3'","MBS","UMBS MORTPASS 4.5% 08/44","30yr",,,,,"303382.51",,,,,,""
"2021-04-21","'31307FH87'","MBS","FHLMCGLD 3.5% 12/28","15yr",,,,,"303304.12",,,,,,""
"2021-04-21","'3132A8AA7'","MBS","UMBS MORTPASS 2.5% 07/25","Other",,,,,"303287.98",,,,,,""
"2021-04-21","'31307C6F0'","MBS","FHLMCGLD 3% 05/28","15yr",,,,,"303167.76",,,,,,""
"2021-04-21","'3132HNVA4'","MBS","FHLMCGLD 4% 11/42","30yr",,,,,"303133.1",,,,,,""
"2021-04-21","'3620A3XZ2'","MBS","GNMA I MORTPASS 5% 12/39","30yr",,,,,"302777.04",,,,,,""
"2021-04-21","'3138XVBZ2'","MBS","UMBS MORTPASS 3% 08/29","15yr",,,,,"302706.5",,,,,,""
"2021-04-21","'3138MNLL2'","MBS","UMBS MORTPASS 2.5% 12/27","15yr",,,,,"302640.37",,,,,,""
"2021-04-21","'3138WPFP4'","MBS","UMBS MORTPASS 2% 04/28","15yr",,,,,"302524.34",,,,,,""
"2021-04-21","'36296YZV7'","MBS","GNMA I MORTPASS 5% 11/39","30yr",,,,,"302339.69",,,,,,""
"2021-04-21","'36295RW53'","MBS","GNMA I MORTPASS 5% 01/40","30yr",,,,,"302242.15",,,,,,""
"2021-04-21","'3138W6WT9'","MBS","UMBS MORTPASS 2.5% 03/28","15yr",,,,,"302188.74",,,,,,""
"2021-04-21","'31307L3H9'","MBS","FHLMCGLD 2.5% 02/30","15yr",,,,,"302144.58",,,,,,""
"2021-04-21","'3138EMLW9'","MBS","UMBS MORTPASS 4% 02/44","30yr",,,,,"302138.36",,,,,,""
"2021-04-21","'3138M5QK8'","MBS","UMBS MORTPASS 2.5% 08/27","15yr",,,,,"302109.5",,,,,,""
"2021-04-21","'31307NHP2'","MBS","FHLMCGLD 3% 06/30","15yr",,,,,"301927.81",,,,,,""
"2021-04-21","'31418CCH5'","MBS","UMBS MORTPASS 3% 10/46","30yr",,,,,"301860.12",,,,,,""
"2021-04-21","'3140HMHE7'","MBS","UMBS MORTPASS 3.5% 08/48","30yr",,,,,"301659.96",,,,,,""
"2021-04-21","'3131XCJW8'","MBS","UMBS MORTPASS 2.5% 11/31","15yr",,,,,"301532.64",,,,,,""
"2021-04-21","'3138YFF58'","MBS","UMBS MORTPASS 2.5% 01/30","15yr",,,,,"301465.47",,,,,,""
"2021-04-21","'36177NXB1'","MBS","GNMA I MORTPASS 4% 03/42","30yr",,,,,"301311.29",,,,,,""
"2021-04-21","'3138LYH67'","MBS","UMBS MORTPASS 2.5% 09/27","15yr",,,,,"301281.87",,,,,,""
"2021-04-21","'31417EQG9'","MBS","UMBS MORTPASS 2.5% 01/23","Other",,,,,"301239.67",,,,,,""
"2021-04-21","'3140HEK84'","MBS","UMBS MORTPASS 3.5% 02/48","30yr",,,,,"301207.85",,,,,,""
"2021-04-21","'3138MBLL8'","MBS","UMBS MORTPASS 2.5% 09/27","15yr",,,,,"301127.18",,,,,,""
"2021-04-21","'36295VK81'","MBS","GNMA I MORTPASS 4% 03/39","30yr",,,,,"301018.78",,,,,,""
"2021-04-21","'3620A2YU4'","MBS","GNMA I 4.5% 06/39","30yr",,,,,"300964.28",,,,,,""
"2021-04-21","'3140H2CJ5'","MBS","UMBS MORTPASS 3.5% 11/47","30yr",,,,,"300893.2",,,,,,""
"2021-04-21","'3140HFH93'","MBS","UMBS MORTPASS 3% 03/48","30yr",,,,,"300838.03",,,,,,""
"2021-04-21","'36297BF97'","MBS","GNMA I MORTPASS 5% 03/40","30yr",,,,,"300588.65",,,,,,""
"2021-04-21","'3138E4AG6'","MBS","UMBS MORTPASS 3% 01/27","15yr",,,,,"300546.57",,,,,,""
"2021-04-21","'3140X5YQ0'","MBS","UMBS MORTPASS 2.5% 02/35","15yr",,,,,"300523.68",,,,,,""
"2021-04-21","'3140EVCX3'","MBS","UMBS MORTPASS 3% 12/30","15yr",,,,,"300465.5",,,,,,""
"2021-04-21","'3620A1RQ3'","MBS","GNMA I 4.5% 07/39","30yr",,,,,"300430.25",,,,,,""
"2021-04-21","'3138EE4E6'","MBS","UMBS MORTPASS 3% 04/27","15yr",,,,,"300267.68",,,,,,""
"2021-04-21","'3138WGD84'","MBS","UMBS MORTPASS 2% 08/28","15yr",,,,,"300200.88",,,,,,""
"2021-04-21","'3620AB6U5'","MBS","GNMA I MORTPASS 5% 01/40","30yr",,,,,"300169.85",,,,,,""
"2021-04-21","'3138WBFP5'","MBS","UMBS MORTPASS 2.5% 03/29","15yr",,,,,"300168.34",,,,,,""
"2021-04-21","'3138WKVM4'","MBS","UMBS MORTPASS 4.5% 05/47","30yr",,,,,"299952.38",,,,,,""
"2021-04-21","'36177Y6J0'","MBS","GNMA I 3.5% 07/43","30yr",,,,,"299951.61",,,,,,""
"2021-04-21","'31307WWT7'","MBS","FHLMCGLD 3.5% 09/33","15yr",,,,,"299855.55",,,,,,""
"2021-04-21","'3140JNVU1'","MBS","UMBS MORTPASS 4.5% 04/49","30yr",,,,,"299824.14",,,,,,""
"2021-04-21","'3128MMSY0'","MBS","FHLMCGLD 3% 12/29","15yr",,,,,"299785.75",,,,,,""
"2021-04-21","'3620A8CF8'","MBS","GNMA I MORTPASS 3% 12/42","30yr",,,,,"299772.47",,,,,,""
"2021-04-21","'3133KHSA5'","MBS","UMBS MORTPASS 3.5% 03/50","30yr",,,,,"299743.45",,,,,,""
"2021-04-21","'3138EMMJ7'","MBS","UMBS MORTPASS 2.5% 04/28","15yr",,,,,"299673.85",,,,,,""
"2021-04-21","'36178GTF1'","MBS","GNMA I MORTPASS 3% 03/43","30yr",,,,,"299563.41",,,,,,""
"2021-04-21","'36181NNC4'","MBS","GNMA I MORTPASS 3% 07/43","30yr",,,,,"299409.64",,,,,,""
"2021-04-21","'3138XWFF0'","MBS","UMBS MORTPASS 3% 06/29","15yr",,,,,"299383.56",,,,,,""
"2021-04-21","'3140KVQG8'","MBS","UMBS MORTPASS 2% 03/51","30yr",,,,,"299343.24",,,,,,""
"2021-04-21","'3140F33W6'","MBS","UMBS MORTPASS 3% 07/31","15yr",,,,,"299194.36",,,,,,""
"2021-04-21","'36296YSL7'","MBS","GNMA I MORTPASS 5% 03/39","30yr",,,,,"299184.25",,,,,,""
"2021-04-21","'3138WBWL5'","MBS","UMBS MORTPASS 2.5% 05/29","15yr",,,,,"299075.41",,,,,,""
"2021-04-21","'31412QB81'","MBS","UMBS MORTPASS 3.5% 07/24","15yr",,,,,"299042.32",,,,,,""
"2021-04-21","'36179TG25'","MBS","GNMA II 2.5% 09/47","30yr",,,,,"299018.42",,,,,,""
"2021-04-21","'36181CXR4'","MBS","GNMA I MORTPASS 3% 08/43","30yr",,,,,"298963.97",,,,,,""
"2021-04-21","'3140E0EV3'","MBS","UMBS MORTPASS 3% 11/45","30yr",,,,,"298895.35",,,,,,""
"2021-04-21","'3140JPWS0'","MBS","UMBS MORTPASS 4.5% 02/49","30yr",,,,,"298881.15",,,,,,""
"2021-04-21","'3140FEC85'","MBS","UMBS MORTPASS 3% 09/46","30yr",,,,,"298749.38",,,,,,""
"2021-04-21","'36296LM64'","MBS","GNMA I MORTPASS 4% 04/39","30yr",,,,,"298646.71",,,,,,""
"2021-04-21","'36296WEF9'","MBS","GNMA I MORTPASS 4% 02/39","30yr",,,,,"298482.82",,,,,,""
"2021-04-21","'3140KVXR6'","MBS","UMBS MORTPASS 2% 01/51","30yr",,,,,"298464.94",,,,,,""
"2021-04-21","'3140QAND8'","MBS","UMBS MORTPASS 4% 02/49","30yr",,,,,"298247.68",,,,,,""
"2021-04-21","'3620AB4U7'","MBS","GNMA I MORTPASS 5% 12/39","30yr",,,,,"298225.37",,,,,,""
"2021-04-21","'31346YFQ1'","MBS","UMBS MORTPASS 3% 11/49","30yr",,,,,"298205",,,,,,""
"2021-04-21","'36297EFH3'","MBS","GNMA I 5.5% 05/39","30yr",,,,,"298191.47",,,,,,""
"2021-04-21","'3140KVHA1'","MBS","UMBS MORTPASS 2% 01/51","30yr",,,,,"298100.52",,,,,,""
"2021-04-21","'3138WW5M7'","MBS","UMBS MORTPASS 3% 07/28","15yr",,,,,"297996.27",,,,,,""
"2021-04-21","'3138MAC30'","MBS","UMBS MORTPASS 2.5% 09/42","30yr",,,,,"297988.6",,,,,,""
"2021-04-21","'36297KMQ1'","MBS","GNMA I 4.5% 05/39","30yr",,,,,"297971.66",,,,,,""
"2021-04-21","'3140E9RU2'","MBS","UMBS MORTPASS 2.5% 11/30","15yr",,,,,"297953.16",,,,,,""
"2021-04-21","'31417DT52'","MBS","UMBS MORTPASS 2.5% 11/27","15yr",,,,,"297941.72",,,,,,""
"2021-04-21","'31307PS34'","MBS","FHLMCGLD 2.5% 11/30","15yr",,,,,"297805.28",,,,,,""
"2021-04-21","'3132J8KH2'","MBS","FHLMCGLD 3% 04/43","30yr",,,,,"297771.92",,,,,,""
"2021-04-21","'31307F3D1'","MBS","FHLMCGLD 3.5% 01/29","15yr",,,,,"297745.29",,,,,,""
"2021-04-21","'3138Y9X45'","MBS","UMBS MORTPASS 3% 12/29","15yr",,,,,"297672.38",,,,,,""
"2021-04-21","'3138YLZ87'","MBS","UMBS MORTPASS 4% 04/45","30yr",,,,,"297155.33",,,,,,""
"2021-04-21","'3140KN7F9'","MBS","UMBS MORTPASS 2% 09/50","30yr",,,,,"297138.36",,,,,,""
"2021-04-21","'31416Y3D8'","MBS","UMBS MORTPASS 3.5% 09/26","15yr",,,,,"297135.89",,,,,,""
"2021-04-21","'36202FE51'","MBS","GNMA II MORTPASS 4% 03/40","30yr",,,,,"297100.37",,,,,,""
"2021-04-21","'36181CYA0'","MBS","GNMA I 3.5% 09/43","30yr",,,,,"297029.86",,,,,,""
"2021-04-21","'31329MDE7'","MBS","UMBS MORTPASS 3% 02/29","15yr",,,,,"297028.89",,,,,,""
"2021-04-21","'3132QSPJ1'","MBS","FHLMCGLD 4% 09/45","30yr",,,,,"297013.26",,,,,,""
"2021-04-21","'31417G3F1'","MBS","UMBS MORTPASS 2% 07/23","Other",,,,,"296998.6",,,,,,""
"2021-04-21","'36297CL72'","MBS","GNMA I 4.5% 08/39","30yr",,,,,"296949.22",,,,,,""
"2021-04-21","'31307EMZ4'","MBS","FHLMCGLD 3% 09/28","15yr",,,,,"296721.31",,,,,,""
"2021-04-21","'3620AE2Z2'","MBS","GNMA I MORTPASS 5% 10/39","30yr",,,,,"296685.99",,,,,,""
"2021-04-21","'3132J6YG3'","MBS","FHLMCGLD 3% 02/43","30yr",,,,,"296641.43",,,,,,""
"2021-04-21","'3138EKH99'","MBS","UMBS MORTPASS 2.5% 01/28","15yr",,,,,"296560.14",,,,,,""
"2021-04-21","'36216GZQ4'","MBS","GNMA I MORTPASS 4% 01/42","30yr",,,,,"296441.07",,,,,,""
"2021-04-21","'3138E5FN3'","MBS","UMBS MORTPASS 3% 12/26","15yr",,,,,"296423.88",,,,,,""
"2021-04-21","'3138X5JT5'","MBS","UMBS MORTPASS 4.5% 09/43","30yr",,,,,"296272.8",,,,,,""
"2021-04-21","'3620AKTN6'","MBS","GNMA I MORTPASS 5% 12/39","30yr",,,,,"296171.06",,,,,,""
"2021-04-21","'31417FRH3'","MBS","UMBS MORTPASS 2% 03/28","15yr",,,,,"296116.18",,,,,,""
"2021-04-21","'3140JGV28'","MBS","UMBS MORTPASS 4% 09/48","30yr",,,,,"296044.14",,,,,,""
"2021-04-21","'3132WDBV5'","MBS","FHLMCGLD 4.5% 04/46","30yr",,,,,"295938.08",,,,,,""
"2021-04-21","'36181QBY2'","MBS","GNMA I 3.5% 09/43","30yr",,,,,"295862.3",,,,,,""
"2021-04-21","'36178TP83'","MBS","GNMA I MORTPASS 4% 02/43","30yr",,,,,"295760.28",,,,,,""
"2021-04-21","'3140FQTE7'","MBS","UMBS MORTPASS 3% 12/45","30yr",,,,,"295638.99",,,,,,""
"2021-04-21","'3138EQDC3'","MBS","UMBS MORTPASS 2.5% 09/28","15yr",,,,,"295607.51",,,,,,""
"2021-04-21","'31419H2U5'","MBS","UMBS MORTPASS 3% 12/25","15yr",,,,,"295491.36",,,,,,""
"2021-04-21","'3138MBNP7'","MBS","UMBS MORTPASS 2.5% 10/27","15yr",,,,,"295459.62",,,,,,""
"2021-04-21","'3138EKVU6'","MBS","UMBS MORTPASS 2% 03/23","Other",,,,,"295438.85",,,,,,""
"2021-04-21","'3138M4XX5'","MBS","UMBS MORTPASS 3% 08/27","15yr",,,,,"295395.1",,,,,,""
"2021-04-21","'3140HBGZ5'","MBS","UMBS MORTPASS 4% 06/48","30yr",,,,,"295320.63",,,,,,""
"2021-04-21","'3138XFHP3'","MBS","UMBS MORTPASS 3% 11/28","15yr",,,,,"295041.26",,,,,,""
"2021-04-21","'3128MMLW1'","MBS","FHLMCGLD 4.5% 02/25","15yr",,,,,"294972.25",,,,,,""
"2021-04-21","'31307JBS1'","MBS","FHLMCGLD 3% 08/29","15yr",,,,,"294802.52",,,,,,""
"2021-04-21","'3140J6BZ9'","MBS","UMBS MORTPASS 3.5% 05/32","15yr",,,,,"294790.17",,,,,,""
"2021-04-21","'3140H5MJ7'","MBS","UMBS MORTPASS 3.5% 01/48","30yr",,,,,"294767.93",,,,,,""
"2021-04-21","'3138WJFS2'","MBS","UMBS MORTPASS 3% 11/46","30yr",,,,,"294507.32",,,,,,""
"2021-04-21","'3128PX5B8'","MBS","FHLMCGLD 3% 02/22","15yr",,,,,"294414.81",,,,,,""
"2021-04-21","'3138WNXT1'","MBS","UMBS MORTPASS 2.5% 05/28","15yr",,,,,"294350.53",,,,,,""
"2021-04-21","'3140J6E78'","MBS","UMBS MORTPASS 3.5% 11/47","30yr",,,,,"294137.1",,,,,,""
"2021-04-21","'3138ELFX6'","MBS","UMBS MORTPASS 3% 06/28","15yr",,,,,"294119.67",,,,,,""
"2021-04-21","'3140HHE84'","MBS","UMBS MORTPASS 3.5% 05/33","15yr",,,,,"294116.27",,,,,,""
"2021-04-21","'312944PD7'","MBS","FHLMCGLD 4% 12/40","30yr",,,,,"294105.82",,,,,,""
"2021-04-21","'36296FBB8'","MBS","GNMA I MORTPASS 6% 10/38","30yr",,,,,"294079.22",,,,,,""
"2021-04-21","'3132A9SW8'","MBS","UMBS MORTPASS 3% 12/31","15yr",,,,,"294025.48",,,,,,""
"2021-04-21","'3131XXMY4'","MBS","UMBS MORTPASS 4% 08/47","30yr",,,,,"293779.77",,,,,,""
"2021-04-21","'31307TGB1'","MBS","FHLMCGLD 3% 03/32","15yr",,,,,"293626.75",,,,,,""
"2021-04-21","'3128LDJL9'","MBS","FHLMCGLD 5.5% 12/37","30yr",,,,,"293519.53",,,,,,""
"2021-04-21","'3138MCC51'","MBS","UMBS MORTPASS 3% 09/27","15yr",,,,,"293460.51",,,,,,""
"2021-04-21","'3138YVUY3'","MBS","UMBS MORTPASS 3% 07/30","15yr",,,,,"293281.75",,,,,,""
"2021-04-21","'3138XELR7'","MBS","UMBS MORTPASS 2.5% 11/29","15yr",,,,,"293225.28",,,,,,""
"2021-04-21","'3138AJQF2'","MBS","UMBS MORTPASS 3% 11/26","15yr",,,,,"293194.74",,,,,,""
"2021-04-21","'3138YKYS6'","MBS","UMBS MORTPASS 2.5% 06/30","15yr",,,,,"293155.24",,,,,,""
"2021-04-21","'3138XU4G4'","MBS","UMBS MORTPASS 3.5% 06/29","15yr",,,,,"293140.27",,,,,,""
"2021-04-21","'3132JMQ28'","MBS","FHLMCGLD 4% 08/43","30yr",,,,,"293054.06",,,,,,""
"2021-04-21","'3133GBGD0'","MBS","UMBS MORTPASS 2% 12/35","15yr",,,,,"292964.6",,,,,,""
"2021-04-21","'36181A3W0'","MBS","GNMA I MORTPASS 3% 07/43","30yr",,,,,"292868.08",,,,,,""
"2021-04-21","'3140X9TS4'","MBS","UMBS MORTPASS 2% 01/51","30yr",,,,,"292783.4",,,,,,""
"2021-04-21","'3620AJX61'","MBS","GNMA I 4.5% 12/39","30yr",,,,,"292702.63",,,,,,""
"2021-04-21","'3138WBH65'","MBS","UMBS MORTPASS 3% 03/24","Other",,,,,"292553.02",,,,,,""
"2021-04-21","'3138W7EE0'","MBS","UMBS MORTPASS 3% 03/28","15yr",,,,,"292549.52",,,,,,""
"2021-04-21","'3131X7G51'","MBS","UMBS MORTPASS 3% 01/27","15yr",,,,,"292535.37",,,,,,""
"2021-04-21","'3138XZNC1'","MBS","UMBS MORTPASS 3.5% 07/29","15yr",,,,,"292375.19",,,,,,""
"2021-04-21","'3140FB5R7'","MBS","UMBS MORTPASS 2.5% 08/31","15yr",,,,,"292302.7",,,,,,""
"2021-04-21","'31307PTU3'","MBS","FHLMCGLD 3% 11/30","15yr",,,,,"292207.37",,,,,,""
"2021-04-21","'3140HA5L0'","MBS","UMBS MORTPASS 3.5% 02/33","15yr",,,,,"292164.15",,,,,,""
"2021-04-21","'31418DTJ1'","MBS","UMBS MORTPASS 2% 10/40","Other",,,,,"292032.86",,,,,,""
"2021-04-21","'31329NTH1'","MBS","UMBS MORTPASS 3.5% 11/47","30yr",,,,,"291821.39",,,,,,""
"2021-04-21","'3620AFE29'","MBS","GNMA I MORTPASS 5% 12/39","30yr",,,,,"291733.02",,,,,,""
"2021-04-21","'3138EAR66'","MBS","UMBS MORTPASS 3% 04/32","Other",,,,,"291677.98",,,,,,""
"2021-04-21","'3131YAK41'","MBS","UMBS MORTPASS 3.5% 03/49","30yr",,,,,"291645.57",,,,,,""
"2021-04-21","'36178XC62'","MBS","GNMA I 3.5% 05/43","30yr",,,,,"291626.95",,,,,,""
"2021-04-21","'3620A8SS3'","MBS","GNMA I 4.5% 12/39","30yr",,,,,"291514.12",,,,,,""
"2021-04-21","'36295DN21'","MBS","GNMA I MORTPASS 5% 08/39","30yr",,,,,"291454.91",,,,,,""
"2021-04-21","'36180MJG3'","MBS","GNMA I 3.5% 08/43","30yr",,,,,"291080.26",,,,,,""
"2021-04-21","'31417CFR1'","MBS","UMBS MORTPASS 3% 07/27","15yr",,,,,"291063.3",,,,,,""
"2021-04-21","'3138WFUK0'","MBS","UMBS MORTPASS 3.5% 10/30","15yr",,,,,"291040.25",,,,,,""
"2021-04-21","'3138W1EY9'","MBS","UMBS MORTPASS 2.5% 04/28","15yr",,,,,"290743.65",,,,,,""
"2021-04-21","'3140FWB86'","MBS","UMBS MORTPASS 4% 07/47","30yr",,,,,"290660.49",,,,,,""
"2021-04-21","'36291UPM1'","MBS","GNMA I 4.5% 06/39","30yr",,,,,"290648.03",,,,,,""
"2021-04-21","'31307L2R8'","MBS","FHLMCGLD 2.5% 02/30","15yr",,,,,"290560.82",,,,,,""
"2021-04-21","'31307GZT9'","MBS","FHLMCGLD 3.5% 04/29","15yr",,,,,"290423.7",,,,,,""
"2021-04-21","'31417E3D1'","MBS","UMBS MORTPASS 2.5% 02/23","Other",,,,,"290099.31",,,,,,""
"2021-04-21","'31307PSC4'","MBS","FHLMCGLD 2.5% 11/30","15yr",,,,,"290046.48",,,,,,""
"2021-04-21","'3138WGEU4'","MBS","UMBS MORTPASS 3.5% 12/30","15yr",,,,,"289836.4",,,,,,""
"2021-04-21","'3140F8H75'","MBS","UMBS MORTPASS 3% 08/46","30yr",,,,,"289823.19",,,,,,""
"2021-04-21","'3620AAHW1'","MBS","GNMA I MORTPASS 5% 09/39","30yr",,,,,"289720.49",,,,,,""
"2021-04-21","'3132A8RJ0'","MBS","UMBS MORTPASS 3% 03/32","15yr",,,,,"289678.27",,,,,,""
"2021-04-21","'3140FNJ39'","MBS","UMBS MORTPASS 3% 02/32","15yr",,,,,"289677.79",,,,,,""
"2021-04-21","'36297HUZ9'","MBS","GNMA I 4.5% 07/39","30yr",,,,,"289546.88",,,,,,""
"2021-04-21","'3131X9HE7'","MBS","UMBS MORTPASS 2% 06/23","Other",,,,,"289361.42",,,,,,""
"2021-04-21","'31418ACR7'","MBS","UMBS MORTPASS 3% 02/22","Other",,,,,"289322.27",,,,,,""
"2021-04-21","'31329K3E2'","MBS","UMBS MORTPASS 3% 12/25","15yr",,,,,"289312.5",,,,,,""
"2021-04-21","'3620ABDA1'","MBS","GNMA I MORTPASS 5% 12/39","30yr",,,,,"289180.03",,,,,,""
"2021-04-21","'36179F7E9'","MBS","GNMA I 3.5% 02/43","30yr",,,,,"289163.46",,,,,,""
"2021-04-21","'3140Q8Q81'","MBS","UMBS MORTPASS 4% 03/48","30yr",,,,,"289129.16",,,,,,""
"2021-04-21","'3138E0KF5'","MBS","UMBS MORTPASS 3% 12/26","15yr",,,,,"288861.73",,,,,,""
"2021-04-21","'3132DMS22'","MBS","UMBS MORTPASS 2% 03/51","30yr",,,,,"288821.7",,,,,,""
"2021-04-21","'3138YTSS4'","MBS","UMBS MORTPASS 2.5% 07/30","15yr",,,,,"288741.3",,,,,,""
"2021-04-21","'36180NRA5'","MBS","GNMA I MORTPASS 3% 04/43","30yr",,,,,"288644.5",,,,,,""
"2021-04-21","'31307C6W3'","MBS","FHLMCGLD 3.5% 07/28","15yr",,,,,"288638.54",,,,,,""
"2021-04-21","'3132M3CV7'","MBS","FHLMCGLD 4% 11/43","30yr",,,,,"288559.55",,,,,,""
"2021-04-21","'3138MAS25'","MBS","UMBS MORTPASS 2.5% 09/42","30yr",,,,,"288517.13",,,,,,""
"2021-04-21","'3140HJQG9'","MBS","UMBS MORTPASS 3.5% 05/48","30yr",,,,,"288477.11",,,,,,""
"2021-04-21","'36207QVN4'","MBS","GNMA I 5.5% 01/39","30yr",,,,,"288474.1",,,,,,""
"2021-04-21","'3140FB7H7'","MBS","UMBS MORTPASS 3% 10/29","15yr",,,,,"288345.31",,,,,,""
"2021-04-21","'3128MEHX2'","MBS","FHLMCGLD 3% 05/30","15yr",,,,,"288321.04",,,,,,""
"2021-04-21","'3138AYW54'","MBS","UMBS MORTPASS 3% 11/26","15yr",,,,,"288144.29",,,,,,""
"2021-04-21","'3620A7P74'","MBS","GNMA I MORTPASS 5% 11/39","30yr",,,,,"288119.55",,,,,,""
"2021-04-21","'31417CPE9'","MBS","UMBS MORTPASS 2% 08/27","15yr",,,,,"287926.28",,,,,,""
"2021-04-21","'31417FL63'","MBS","UMBS MORTPASS 2.5% 02/28","15yr",,,,,"287855.72",,,,,,""
"2021-04-21","'36177T4T1'","MBS","GNMA I MORTPASS 4% 04/42","30yr",,,,,"287574.98",,,,,,""
"2021-04-21","'3138WEJ59'","MBS","UMBS MORTPASS 3.5% 04/45","30yr",,,,,"287429.2",,,,,,""
"2021-04-21","'3620A7LU7'","MBS","GNMA I MORTPASS 5% 02/40","30yr",,,,,"287426.57",,,,,,""
"2021-04-21","'3138XRZB8'","MBS","UMBS MORTPASS 3% 03/29","15yr",,,,,"287274.51",,,,,,""
"2021-04-21","'3138ABFN4'","MBS","UMBS MORTPASS 4% 05/41","30yr",,,,,"287067.91",,,,,,""
"2021-04-21","'3620A35Q3'","MBS","GNMA I 4.5% 12/39","30yr",,,,,"286980.54",,,,,,""
"2021-04-21","'3620ABDR4'","MBS","GNMA I MORTPASS 5% 02/40","30yr",,,,,"286965.4",,,,,,""
"2021-04-21","'3138WUM67'","MBS","UMBS MORTPASS 2.5% 05/28","15yr",,,,,"286871.44",,,,,,""
"2021-04-21","'31307TAJ0'","MBS","FHLMCGLD 2.5% 02/32","15yr",,,,,"286810.25",,,,,,""
"2021-04-21","'31419JE61'","MBS","UMBS MORTPASS 3.5% 12/25","15yr",,,,,"286783.27",,,,,,""
"2021-04-21","'3131X7WY0'","MBS","UMBS MORTPASS 2.5% 07/27","15yr",,,,,"286747.87",,,,,,""
"2021-04-21","'3620AJVG1'","MBS","GNMA I MORTPASS 5% 12/39","30yr",,,,,"286536.33",,,,,,""
"2021-04-21","'36201YAY2'","MBS","GNMA I MORTPASS 5% 03/40","30yr",,,,,"286224.52",,,,,,""
"2021-04-21","'3620AAVJ4'","MBS","GNMA I 4.5% 09/39","30yr",,,,,"286141.16",,,,,,""
"2021-04-21","'3138E1H67'","MBS","UMBS MORTPASS 3% 01/27","15yr",,,,,"286134.17",,,,,,""
"2021-04-21","'3138YA5G6'","MBS","UMBS MORTPASS 3% 01/30","15yr",,,,,"286063.03",,,,,,""
"2021-04-21","'3140H6CQ0'","MBS","UMBS MORTPASS 3.5% 01/33","15yr",,,,,"286028.55",,,,,,""
"2021-04-21","'31418CJC9'","MBS","UMBS MORTPASS 2% 02/27","Other",,,,,"285792.14",,,,,,""
"2021-04-21","'3133A9ZV0'","MBS","UMBS MORTPASS 2.5% 09/50","30yr",,,,,"285576.03",,,,,,""
"2021-04-21","'3140HN5T5'","MBS","UMBS MORTPASS 4% 09/33","15yr",,,,,"285570.65",,,,,,""
"2021-04-21","'3138WGVA9'","MBS","UMBS MORTPASS 3% 03/31","15yr",,,,,"285504.91",,,,,,""
"2021-04-21","'3132A8MK2'","MBS","UMBS MORTPASS 2.5% 08/23","Other",,,,,"285444.54",,,,,,""
"2021-04-21","'3128PQ4V0'","MBS","FHLMCGLD 4.5% 02/25","15yr",,,,,"285390.82",,,,,,""
"2021-04-21","'31307PVX4'","MBS","FHLMCGLD 2.5% 12/30","15yr",,,,,"285359.3",,,,,,""
"2021-04-21","'31329LB50'","MBS","UMBS MORTPASS 2.5% 07/27","15yr",,,,,"285307.6",,,,,,""
"2021-04-21","'3131X7WK0'","MBS","UMBS MORTPASS 3% 07/27","15yr",,,,,"284980.27",,,,,,""
"2021-04-21","'3132KEYU3'","MBS","FHLMCGLD 3% 02/30","15yr",,,,,"284958.29",,,,,,""
"2021-04-21","'3620ABD52'","MBS","GNMA I MORTPASS 5% 04/40","30yr",,,,,"284934.24",,,,,,""
"2021-04-21","'3138X5B22'","MBS","UMBS MORTPASS 3.5% 12/28","15yr",,,,,"284904.12",,,,,,""
"2021-04-21","'36296SPS8'","MBS","GNMA I 4.5% 11/39","30yr",,,,,"284901.92",,,,,,""
"2021-04-21","'3138LSA42'","MBS","UMBS MORTPASS 3% 04/27","15yr",,,,,"284837.17",,,,,,""
"2021-04-21","'36180F2D3'","MBS","GNMA I MORTPASS 4% 08/43","30yr",,,,,"284754.9",,,,,,""
"2021-04-21","'31307NYP3'","MBS","FHLMCGLD 3% 08/30","15yr",,,,,"284751.38",,,,,,""
"2021-04-21","'3138WGE59'","MBS","UMBS MORTPASS 2.5% 01/31","15yr",,,,,"284633.94",,,,,,""
"2021-04-21","'312979TW7'","MBS","FHLMCGLD 4% 08/48","30yr",,,,,"284546.72",,,,,,""
"2021-04-21","'3132A7DV0'","MBS","UMBS MORTPASS 2.5% 01/27","15yr",,,,,"284536.59",,,,,,""
"2021-04-21","'36178D7C9'","MBS","GNMA I MORTPASS 3% 04/43","30yr",,,,,"284498.05",,,,,,""
"2021-04-21","'3128PSCZ8'","MBS","FHLMCGLD 4% 08/25","15yr",,,,,"284317.84",,,,,,""
"2021-04-21","'3128MMS79'","MBS","FHLMCGLD 3% 02/30","15yr",,,,,"284109.85",,,,,,""
"2021-04-21","'3620AB6W1'","MBS","GNMA I MORTPASS 5% 02/40","30yr",,,,,"284106.66",,,,,,""
"2021-04-21","'3140XADX7'","MBS","UMBS MORTPASS 2% 04/31","Other",,,,,"284056.03",,,,,,""
"2021-04-21","'3140HMHR8'","MBS","UMBS MORTPASS 3.5% 08/48","30yr",,,,,"284053.88",,,,,,""
"2021-04-21","'31418DKG6'","MBS","UMBS MORTPASS 4% 09/31","Other",,,,,"284051.68",,,,,,""
"2021-04-21","'3138MLJK1'","MBS","UMBS MORTPASS 2.5% 11/22","Other",,,,,"283901.15",,,,,,""
"2021-04-21","'3138E7UY8'","MBS","UMBS MORTPASS 3% 03/27","15yr",,,,,"283782.96",,,,,,""
"2021-04-21","'3138YGL91'","MBS","UMBS MORTPASS 2.5% 09/22","Other",,,,,"283740.8",,,,,,""
"2021-04-21","'3128E4WH1'","MBS","FHLMCGLD 5% 05/28","Other",,,,,"283737.48",,,,,,""
"2021-04-21","'3140H8DD4'","MBS","UMBS MORTPASS 3.5% 03/33","15yr",,,,,"283679.97",,,,,,""
"2021-04-21","'36178WFP9'","MBS","GNMA I MORTPASS 3% 11/42","30yr",,,,,"283515.27",,,,,,""
"2021-04-21","'3140K8R37'","MBS","UMBS MORTPASS 2.5% 03/50","30yr",,,,,"283249.16",,,,,,""
"2021-04-21","'3138XZL82'","MBS","UMBS MORTPASS 2.5% 12/29","15yr",,,,,"283085.79",,,,,,""
"2021-04-21","'31419JTL2'","MBS","UMBS MORTPASS 3% 11/25","15yr",,,,,"283082.49",,,,,,""
"2021-04-21","'3140E2XK2'","MBS","UMBS MORTPASS 4% 10/45","30yr",,,,,"283002",,,,,,""
"2021-04-21","'3128MMTX1'","MBS","FHLMCGLD 3% 08/30","15yr",,,,,"282933.99",,,,,,""
"2021-04-21","'3128MJWV8'","MBS","FHLMCGLD 3.5% 08/45","30yr",,,,,"282715.81",,,,,,""
"2021-04-21","'3138AMV77'","MBS","UMBS MORTPASS 3.5% 07/26","15yr",,,,,"282574.99",,,,,,""
"2021-04-21","'3131XYCF4'","MBS","UMBS MORTPASS 3.5% 11/47","30yr",,,,,"282240.95",,,,,,""
"2021-04-21","'31307F3X7'","MBS","FHLMCGLD 3.5% 01/29","15yr",,,,,"282120.09",,,,,,""
"2021-04-21","'31307GJR1'","MBS","FHLMCGLD 3% 02/29","15yr",,,,,"282109.55",,,,,,""
"2021-04-21","'3132A7RC7'","MBS","UMBS MORTPASS 2.5% 03/23","Other",,,,,"282085.67",,,,,,""
"2021-04-21","'3128K6M98'","MBS","FHLMCGLD 4.5% 05/35","30yr",,,,,"281945.62",,,,,,""
"2021-04-21","'3620AEB25'","MBS","GNMA I MORTPASS 5% 02/40","30yr",,,,,"281874.06",,,,,,""
"2021-04-21","'3131Y9BS1'","MBS","UMBS MORTPASS 4.5% 01/49","30yr",,,,,"281870.16",,,,,,""
"2021-04-21","'3140H6QY8'","MBS","UMBS MORTPASS 4% 03/48","30yr",,,,,"281793.1",,,,,,""
"2021-04-21","'3140Q7XX0'","MBS","UMBS MORTPASS 3.5% 11/47","30yr",,,,,"281621.41",,,,,,""
"2021-04-21","'3138MRFK2'","MBS","UMBS MORTPASS 2.5% 12/27","15yr",,,,,"281614.84",,,,,,""
"2021-04-21","'3138M8HB2'","MBS","UMBS MORTPASS 3% 08/27","15yr",,,,,"281603.53",,,,,,""
"2021-04-21","'3138EQ3K6'","MBS","UMBS MORTPASS 3.5% 02/31","15yr",,,,,"281532.6",,,,,,""
"2021-04-21","'3138YJD94'","MBS","UMBS MORTPASS 3% 03/30","15yr",,,,,"281439.91",,,,,,""
"2021-04-21","'36179TCZ6'","MBS","GNMA II 4.5% 07/47","30yr",,,,,"281287.01",,,,,,""
"2021-04-21","'3138AXGU9'","MBS","UMBS MORTPASS 3% 02/27","15yr",,,,,"281266.31",,,,,,""
"2021-04-21","'3131Y0KB7'","MBS","UMBS MORTPASS 4% 02/48","30yr",,,,,"281140.37",,,,,,""
"2021-04-21","'3140HHM28'","MBS","UMBS MORTPASS 4.5% 05/48","30yr",,,,,"281126.69",,,,,,""
"2021-04-21","'31416HUU7'","MBS","UMBS MORTPASS 4% 02/39","30yr",,,,,"281116.78",,,,,,""
"2021-04-21","'36178LGM9'","MBS","GNMA I MORTPASS 3% 11/42","30yr",,,,,"281064.17",,,,,,""
"2021-04-21","'3138W9GC8'","MBS","UMBS MORTPASS 3% 08/28","15yr",,,,,"281053.43",,,,,,""
"2021-04-21","'3132J7T77'","MBS","FHLMCGLD 3% 03/43","30yr",,,,,"281051.77",,,,,,""
"2021-04-21","'3140JSSW0'","MBS","UMBS MORTPASS 2.5% 06/34","15yr",,,,,"280873.66",,,,,,""
"2021-04-21","'31307FEK3'","MBS","FHLMCGLD 3% 12/28","15yr",,,,,"280571.61",,,,,,""
"2021-04-21","'36178NQ44'","MBS","GNMA I MORTPASS 4% 09/43","30yr",,,,,"280568.23",,,,,,""
"2021-04-21","'31329LBK7'","MBS","UMBS MORTPASS 2.5% 05/22","Other",,,,,"280534.79",,,,,,""
"2021-04-21","'36296HMP1'","MBS","GNMA I 4.5% 07/39","30yr",,,,,"280363.73",,,,,,""
"2021-04-21","'3138LS4A5'","MBS","UMBS MORTPASS 2.5% 06/27","15yr",,,,,"280314.64",,,,,,""
"2021-04-21","'3131X8FT8'","MBS","UMBS MORTPASS 2.5% 11/27","15yr",,,,,"280217.44",,,,,,""
"2021-04-21","'31410LR61'","MBS","UMBS MORTPASS 3% 12/30","15yr",,,,,"279992.43",,,,,,""
"2021-04-21","'3140HPXA0'","MBS","UMBS MORTPASS 3% 11/33","15yr",,,,,"279957.71",,,,,,""
"2021-04-21","'31418BJH0'","MBS","UMBS MORTPASS 2% 09/24","Other",,,,,"279929.24",,,,,,""
"2021-04-21","'36297JE34'","MBS","GNMA I MORTPASS 4% 03/39","30yr",,,,,"279882.69",,,,,,""
"2021-04-21","'3140E23Y5'","MBS","UMBS MORTPASS 3% 09/30","15yr",,,,,"279760.6",,,,,,""
"2021-04-21","'3138XREG0'","MBS","UMBS MORTPASS 4% 03/44","30yr",,,,,"279720.01",,,,,,""
"2021-04-21","'3138XPQJ5'","MBS","UMBS MORTPASS 3% 02/29","15yr",,,,,"279690.53",,,,,,""
"2021-04-21","'3131X9KL7'","MBS","UMBS MORTPASS 2.5% 07/23","Other",,,,,"279530.5",,,,,,""
"2021-04-21","'3131X8RE8'","MBS","UMBS MORTPASS 2.5% 02/28","15yr",,,,,"279487.38",,,,,,""
"2021-04-21","'3132WHEE1'","MBS","FHLMCGLD 3% 10/46","30yr",,,,,"279445.6",,,,,,""
"2021-04-21","'3131X7A99'","MBS","UMBS MORTPASS 3% 10/26","15yr",,,,,"279412.6",,,,,,""
"2021-04-21","'31417YDJ3'","MBS","UMBS MORTPASS 6% 06/39","30yr",,,,,"279358.91",,,,,,""
"2021-04-21","'3132QMYH8'","MBS","FHLMCGLD 3% 02/45","30yr",,,,,"279284.63",,,,,,""
"2021-04-21","'36297DSW8'","MBS","GNMA I MORTPASS 6% 03/39","30yr",,,,,"279251.95",,,,,,""
"2021-04-21","'36176M4W0'","MBS","GNMA I MORTPASS 4% 09/41","30yr",,,,,"279220.36",,,,,,""
"2021-04-21","'3138WXKU0'","MBS","UMBS MORTPASS 2% 08/23","Other",,,,,"279178.36",,,,,,""
"2021-04-21","'3138WSQ27'","MBS","UMBS MORTPASS 3% 05/28","15yr",,,,,"278992.36",,,,,,""
"2021-04-21","'3140QEWM0'","MBS","UMBS MORTPASS 2.5% 09/50","30yr",,,,,"278823.94",,,,,,""
"2021-04-21","'31307F5D9'","MBS","FHLMCGLD 3% 01/29","15yr",,,,,"278724.44",,,,,,""
"2021-04-21","'3138XK3K8'","MBS","UMBS MORTPASS 3.5% 01/29","15yr",,,,,"278689.88",,,,,,""
"2021-04-21","'31307GUM9'","MBS","FHLMCGLD 3% 03/29","15yr",,,,,"278541.34",,,,,,""
"2021-04-21","'31417KGE1'","MBS","UMBS MORTPASS 4% 07/39","30yr",,,,,"278489.99",,,,,,""
"2021-04-21","'31329MG61'","MBS","UMBS MORTPASS 2.5% 07/30","15yr",,,,,"278327.55",,,,,,""
"2021-04-21","'31329MHJ2'","MBS","UMBS MORTPASS 2.5% 09/30","15yr",,,,,"278234.6",,,,,,""
"2021-04-21","'3131X9J47'","MBS","UMBS MORTPASS 2.5% 06/28","15yr",,,,,"278225.29",,,,,,""
"2021-04-21","'3138Y52K1'","MBS","UMBS MORTPASS 3.5% 11/44","30yr",,,,,"278141.72",,,,,,""
"2021-04-21","'36180GDD9'","MBS","GNMA I 3.5% 07/43","30yr",,,,,"278008.37",,,,,,""
"2021-04-21","'3140F1TE2'","MBS","UMBS MORTPASS 2.5% 03/31","15yr",,,,,"277772.56",,,,,,""
"2021-04-21","'36177NVM9'","MBS","GNMA I MORTPASS 4% 02/42","30yr",,,,,"277759.54",,,,,,""
"2021-04-21","'3132QPG99'","MBS","FHLMCGLD 3.5% 04/45","30yr",,,,,"277676.84",,,,,,""
"2021-04-21","'3132WFQB8'","MBS","FHLMCGLD 3% 08/46","30yr",,,,,"277661.49",,,,,,""
"2021-04-21","'31417ED57'","MBS","UMBS MORTPASS 2.5% 12/22","Other",,,,,"277628.89",,,,,,""
"2021-04-21","'3140HAA75'","MBS","UMBS MORTPASS 3.5% 01/48","30yr",,,,,"277560.24",,,,,,""
"2021-04-21","'3140Q83V5'","MBS","UMBS MORTPASS 4.5% 05/48","30yr",,,,,"277560.15",,,,,,""
"2021-04-21","'3140HPWM5'","MBS","UMBS MORTPASS 4% 11/48","30yr",,,,,"277548.93",,,,,,""
"2021-04-21","'3138X9NJ4'","MBS","UMBS MORTPASS 4% 12/43","30yr",,,,,"277526.65",,,,,,""
"2021-04-21","'3131X7MY1'","MBS","UMBS MORTPASS 3% 03/22","Other",,,,,"277459.69",,,,,,""
"2021-04-21","'36297FKH4'","MBS","GNMA I MORTPASS 4% 11/39","30yr",,,,,"277449.93",,,,,,""
"2021-04-21","'3140JHJW4'","MBS","UMBS MORTPASS 4.5% 11/48","30yr",,,,,"277335.86",,,,,,""
"2021-04-21","'3132QWYD5'","MBS","FHLMCGLD 4.5% 04/46","30yr",,,,,"277329.62",,,,,,""
"2021-04-21","'36295UAN1'","MBS","GNMA I MORTPASS 5% 01/40","30yr",,,,,"277267.43",,,,,,""
"2021-04-21","'3138X4Y61'","MBS","UMBS MORTPASS 4.5% 11/43","30yr",,,,,"277256.63",,,,,,""
"2021-04-21","'3138W2YX7'","MBS","UMBS MORTPASS 3% 01/44","30yr",,,,,"277243.83",,,,,,""
"2021-04-21","'31307FFL0'","MBS","FHLMCGLD 3.5% 11/28","15yr",,,,,"277133.6",,,,,,""
"2021-04-21","'36296MD21'","MBS","GNMA I 4.5% 02/39","30yr",,,,,"277111.39",,,,,,""
"2021-04-21","'3140J8ND1'","MBS","UMBS MORTPASS 2.5% 06/32","15yr",,,,,"277068.68",,,,,,""
"2021-04-21","'36297DJU2'","MBS","GNMA I 4.5% 04/39","30yr",,,,,"277026.06",,,,,,""
"2021-04-21","'3138WDNW7'","MBS","UMBS MORTPASS 3% 12/44","30yr",,,,,"277024.61",,,,,,""
"2021-04-21","'3140FH3T2'","MBS","UMBS MORTPASS 3% 04/32","15yr",,,,,"276883.85",,,,,,""
"2021-04-21","'3128CUNZ5'","MBS","FHLMCGLD 5% 07/28","Other",,,,,"276849.74",,,,,,""
"2021-04-21","'3138X83Q2'","MBS","UMBS MORTPASS 3.5% 10/28","15yr",,,,,"276849.14",,,,,,""
"2021-04-21","'3140H7HJ9'","MBS","UMBS MORTPASS 4% 02/48","30yr",,,,,"276815.55",,,,,,""
"2021-04-21","'31412VBH0'","MBS","UMBS MORTPASS 4.5% 10/24","15yr",,,,,"276766.03",,,,,,""
"2021-04-21","'31412QRQ4'","MBS","UMBS MORTPASS 4% 11/24","15yr",,,,,"276678.94",,,,,,""
"2021-04-21","'3138X1AD8'","MBS","UMBS MORTPASS 3% 08/43","30yr",,,,,"276580.83",,,,,,""
"2021-04-21","'36179EHP6'","MBS","GNMA I MORTPASS 3% 01/43","30yr",,,,,"276572.31",,,,,,""
"2021-04-21","'36296U6U9'","MBS","GNMA I 4.5% 06/39","30yr",,,,,"276533.49",,,,,,""
"2021-04-21","'3138WU2V4'","MBS","UMBS MORTPASS 2.5% 05/28","15yr",,,,,"276427.47",,,,,,""
"2021-04-21","'3138WTPU4'","MBS","UMBS MORTPASS 2.5% 05/28","15yr",,,,,"276263.83",,,,,,""
"2021-04-21","'3620ABDK9'","MBS","GNMA I MORTPASS 5% 01/40","30yr",,,,,"276230.49",,,,,,""
"2021-04-21","'3138WHBX9'","MBS","UMBS MORTPASS 4.5% 05/46","30yr",,,,,"276095.99",,,,,,""
"2021-04-21","'36296JFX8'","MBS","GNMA I 4.5% 02/39","30yr",,,,,"276032.94",,,,,,""
"2021-04-21","'31416SQB0'","MBS","UMBS MORTPASS 4.5% 07/24","15yr",,,,,"275962.5",,,,,,""
"2021-04-21","'3138XJNV5'","MBS","UMBS MORTPASS 4.5% 02/44","30yr",,,,,"275951.01",,,,,,""
"2021-04-21","'3138W5YH5'","MBS","UMBS MORTPASS 3.5% 02/28","15yr",,,,,"275915.66",,,,,,""
"2021-04-21","'36296PVV0'","MBS","GNMA I 4.5% 05/39","30yr",,,,,"275651.6",,,,,,""
"2021-04-21","'3131YA7G9'","MBS","UMBS MORTPASS 4% 12/48","30yr",,,,,"275563.23",,,,,,""
"2021-04-21","'31417ARF8'","MBS","UMBS MORTPASS 3% 12/26","15yr",,,,,"275403.04",,,,,,""
"2021-04-21","'3138Y9KJ6'","MBS","UMBS MORTPASS 3% 12/29","15yr",,,,,"275350.56",,,,,,""
"2021-04-21","'3140JHSF1'","MBS","UMBS MORTPASS 4% 09/48","30yr",,,,,"275200.42",,,,,,""
"2021-04-21","'3140F1DT6'","MBS","UMBS MORTPASS 2.5% 05/46","30yr",,,,,"275189.13",,,,,,""
"2021-04-21","'31413CSB6'","MBS","UMBS MORTPASS 4.5% 04/41","30yr",,,,,"275179.96",,,,,,""
"2021-04-21","'3138W5QU5'","MBS","UMBS MORTPASS 2% 02/28","15yr",,,,,"275110.03",,,,,,""
"2021-04-21","'3620A1SK5'","MBS","GNMA I MORTPASS 5% 08/39","30yr",,,,,"275073.32",,,,,,""
"2021-04-21","'3128MJ6T2'","MBS","FHLMCGLD 3.5% 06/49","30yr",,,,,"275024.45",,,,,,""
"2021-04-21","'3133A6GH8'","MBS","UMBS MORTPASS 2.5% 06/50","30yr",,,,,"275023.95",,,,,,""
"2021-04-21","'3138YNFD4'","MBS","UMBS MORTPASS 3% 05/35","Other",,,,,"274668.32",,,,,,""
"2021-04-21","'31346YNZ2'","MBS","UMBS MORTPASS 3.5% 02/49","30yr",,,,,"274630.41",,,,,,""
"2021-04-21","'3132A9NP8'","MBS","UMBS MORTPASS 2% 09/28","15yr",,,,,"274508.03",,,,,,""
"2021-04-21","'3138WCV91'","MBS","UMBS MORTPASS 2% 09/24","Other",,,,,"274500.15",,,,,,""
"2021-04-21","'3138XQV32'","MBS","UMBS MORTPASS 3.5% 03/29","15yr",,,,,"274441.89",,,,,,""
"2021-04-21","'3133G6RN7'","MBS","UMBS MORTPASS 2% 09/34","15yr",,,,,"274398.77",,,,,,""
"2021-04-21","'3131YCYD2'","MBS","UMBS MORTPASS 3.5% 05/49","30yr",,,,,"274384.29",,,,,,""
"2021-04-21","'3140QDQ56'","MBS","UMBS MORTPASS 3.5% 03/39","Other",,,,,"274380.92",,,,,,""
"2021-04-21","'3138MJAS8'","MBS","UMBS MORTPASS 2.5% 10/27","15yr",,,,,"274301.42",,,,,,""
"2021-04-21","'3620AB6T8'","MBS","GNMA I 4.5% 01/40","30yr",,,,,"274206.98",,,,,,""
"2021-04-21","'3140JUQV9'","MBS","UMBS MORTPASS 4% 05/49","30yr",,,,,"274144.81",,,,,,""
"2021-04-21","'3131XCD53'","MBS","UMBS MORTPASS 2.5% 08/31","15yr",,,,,"274085.88",,,,,,""
"2021-04-21","'3131X7SW9'","MBS","UMBS MORTPASS 3% 05/27","15yr",,,,,"274073.99",,,,,,""
"2021-04-21","'3138MBWR3'","MBS","UMBS MORTPASS 3% 09/27","15yr",,,,,"274041.34",,,,,,""
"2021-04-21","'3138XCYL0'","MBS","UMBS MORTPASS 3% 10/28","15yr",,,,,"273956.79",,,,,,""
"2021-04-21","'3138W9LB4'","MBS","UMBS MORTPASS 2% 08/23","Other",,,,,"273914.31",,,,,,""
"2021-04-21","'3620A8T29'","MBS","GNMA I 4.5% 08/39","30yr",,,,,"273844.29",,,,,,""
"2021-04-21","'3138XRSM2'","MBS","UMBS MORTPASS 3% 03/29","15yr",,,,,"273678.71",,,,,,""
"2021-04-21","'31307KBN9'","MBS","FHLMCGLD 3.5% 11/24","15yr",,,,,"273553.37",,,,,,""
"2021-04-21","'3128MMUZ4'","MBS","FHLMCGLD 2% 05/31","15yr",,,,,"273440.99",,,,,,""
"2021-04-21","'3138W6B54'","MBS","UMBS MORTPASS 3% 03/28","15yr",,,,,"273411.65",,,,,,""
"2021-04-21","'3138E8ZL9'","MBS","UMBS MORTPASS 2.5% 06/27","15yr",,,,,"272969.61",,,,,,""
"2021-04-21","'3131X8J23'","MBS","UMBS MORTPASS 2.5% 12/27","15yr",,,,,"272901.36",,,,,,""
"2021-04-21","'3138MPC78'","MBS","UMBS MORTPASS 3% 12/27","15yr",,,,,"272879.78",,,,,,""
"2021-04-21","'3138WPTH7'","MBS","UMBS MORTPASS 3% 05/28","15yr",,,,,"272863.08",,,,,,""
"2021-04-21","'3138YWL96'","MBS","UMBS MORTPASS 3.5% 09/45","30yr",,,,,"272812.93",,,,,,""
"2021-04-21","'3138WJEY0'","MBS","UMBS MORTPASS 2% 11/31","15yr",,,,,"272786.01",,,,,,""
"2021-04-21","'36296YDG4'","MBS","GNMA I MORTPASS 5% 05/39","30yr",,,,,"272781.67",,,,,,""
"2021-04-21","'31417GYX8'","MBS","UMBS MORTPASS 2.5% 06/28","15yr",,,,,"272719",,,,,,""
"2021-04-21","'3131X8LG9'","MBS","UMBS MORTPASS 2.5% 01/28","15yr",,,,,"272701.84",,,,,,""
"2021-04-21","'36297EBA2'","MBS","GNMA I 4.5% 06/39","30yr",,,,,"272696.61",,,,,,""
"2021-04-21","'3138WFAK2'","MBS","UMBS MORTPASS 2.5% 07/30","15yr",,,,,"272551.17",,,,,,""
"2021-04-21","'3620A7LC7'","MBS","GNMA I MORTPASS 4% 11/40","30yr",,,,,"272550.97",,,,,,""
"2021-04-21","'31417GMY9'","MBS","UMBS MORTPASS 3.5% 05/43","30yr",,,,,"272127.82",,,,,,""
"2021-04-21","'3138W6DA1'","MBS","UMBS MORTPASS 3% 03/28","15yr",,,,,"272076.68",,,,,,""
"2021-04-21","'3131XAQQ7'","MBS","UMBS MORTPASS 3% 07/24","Other",,,,,"272044.63",,,,,,""
"2021-04-21","'3620A8UP6'","MBS","GNMA I MORTPASS 5% 10/39","30yr",,,,,"271691.71",,,,,,""
"2021-04-21","'31329K3A0'","MBS","UMBS MORTPASS 3% 12/25","15yr",,,,,"271669.41",,,,,,""
"2021-04-21","'36296X3M4'","MBS","GNMA I MORTPASS 5% 09/39","30yr",,,,,"271331.19",,,,,,""
"2021-04-21","'3140JN6Z8'","MBS","UMBS MORTPASS 3% 05/49","30yr",,,,,"271171.53",,,,,,""
"2021-04-21","'3620AAXU7'","MBS","GNMA I MORTPASS 5% 10/39","30yr",,,,,"271072.02",,,,,,""
"2021-04-21","'31329KWD2'","MBS","UMBS MORTPASS 2.5% 01/37","Other",,,,,"271044.69",,,,,,""
"2021-04-21","'31418BB70'","MBS","UMBS MORTPASS 3.5% 04/29","15yr",,,,,"270881.44",,,,,,""
"2021-04-21","'3131X9EZ3'","MBS","UMBS MORTPASS 2.5% 06/23","Other",,,,,"270819.16",,,,,,""
"2021-04-21","'31329LEU2'","MBS","UMBS MORTPASS 3% 06/27","15yr",,,,,"270555.12",,,,,,""
"2021-04-21","'3138WUBD4'","MBS","UMBS MORTPASS 2.5% 06/28","15yr",,,,,"270482.25",,,,,,""
"2021-04-21","'31307MU46'","MBS","FHLMCGLD 3.5% 04/30","15yr",,,,,"270433.27",,,,,,""
"2021-04-21","'3140Q9VM2'","MBS","UMBS MORTPASS 4.5% 10/48","30yr",,,,,"270421.09",,,,,,""
"2021-04-21","'3140L8PH7'","MBS","UMBS MORTPASS 2% 04/51","30yr",,,,,"270231",,,,,,""
"2021-04-21","'3138MTHR1'","MBS","UMBS MORTPASS 3% 03/28","15yr",,,,,"270216.98",,,,,,""
"2021-04-21","'36176JGF1'","MBS","GNMA I 3.5% 03/42","30yr",,,,,"270162.67",,,,,,""
"2021-04-21","'31418DW73'","MBS","UMBS MORTPASS 2.5% 02/41","Other",,,,,"270131.9",,,,,,""
"2021-04-21","'31307VFG6'","MBS","FHLMCGLD 3% 01/33","15yr",,,,,"270119.2",,,,,,""
"2021-04-21","'31417F7J1'","MBS","UMBS MORTPASS 2.5% 04/28","15yr",,,,,"270057.53",,,,,,""
"2021-04-21","'3138XX6C5'","MBS","UMBS MORTPASS 3.5% 10/29","15yr",,,,,"269960.91",,,,,,""
"2021-04-21","'31307HFQ5'","MBS","FHLMCGLD 3% 06/29","15yr",,,,,"269957.97",,,,,,""
"2021-04-21","'31418DSD5'","MBS","UMBS MORTPASS 3% 08/40","Other",,,,,"269850.31",,,,,,""
"2021-04-21","'3620A7BT1'","MBS","GNMA I MORTPASS 5% 12/39","30yr",,,,,"269798.49",,,,,,""
"2021-04-21","'3132D54W9'","MBS","UMBS MORTPASS 3.5% 03/35","15yr",,,,,"269762.56",,,,,,""
"2021-04-21","'31418ADU9'","MBS","UMBS MORTPASS 3% 03/22","Other",,,,,"269762.33",,,,,,""
"2021-04-21","'3138YYBP7'","MBS","UMBS MORTPASS 2.5% 07/30","15yr",,,,,"269641.46",,,,,,""
"2021-04-21","'3140Q7RH2'","MBS","UMBS MORTPASS 3.5% 10/47","30yr",,,,,"269581.74",,,,,,""
"2021-04-21","'3138XW2D9'","MBS","UMBS MORTPASS 3.5% 07/29","15yr",,,,,"269579.02",,,,,,""
"2021-04-21","'3132QNLU1'","MBS","FHLMCGLD 3% 03/45","30yr",,,,,"269554.46",,,,,,""
"2021-04-21","'36295GVP4'","MBS","GNMA I MORTPASS 5% 06/37","30yr",,,,,"269505.57",,,,,,""
"2021-04-21","'3138X7HZ9'","MBS","UMBS MORTPASS 2.5% 08/28","15yr",,,,,"269457.28",,,,,,""
"2021-04-21","'3138EQCT7'","MBS","UMBS MORTPASS 3% 09/30","15yr",,,,,"269436.74",,,,,,""
"2021-04-21","'31416YML9'","MBS","UMBS MORTPASS 4% 06/41","30yr",,,,,"269360.61",,,,,,""
"2021-04-21","'3138XUY48'","MBS","UMBS MORTPASS 4% 05/44","30yr",,,,,"269327.38",,,,,,""
"2021-04-21","'31417CK61'","MBS","UMBS MORTPASS 3% 07/27","15yr",,,,,"269280.69",,,,,,""
"2021-04-21","'3128MD3C5'","MBS","FHLMCGLD 3% 04/24","15yr",,,,,"269252.9",,,,,,""
"2021-04-21","'3131X9D84'","MBS","UMBS MORTPASS 3% 05/23","Other",,,,,"269215.79",,,,,,""
"2021-04-21","'3133KYSF7'","MBS","UMBS MORTPASS 3.5% 11/39","Other",,,,,"269133.58",,,,,,""
"2021-04-21","'36210BVQ5'","MBS","GNMA I MORTPASS 5% 02/39","30yr",,,,,"269083.48",,,,,,""
"2021-04-21","'3138WEGE3'","MBS","UMBS MORTPASS 3.5% 04/45","30yr",,,,,"269077.32",,,,,,""
"2021-04-21","'36295AKE4'","MBS","GNMA I MORTPASS 5% 10/39","30yr",,,,,"269067.7",,,,,,""
"2021-04-21","'3140JYT89'","MBS","UMBS MORTPASS 3% 08/34","15yr",,,,,"269045.87",,,,,,""
"2021-04-21","'36297DKL0'","MBS","GNMA I 4.5% 04/39","30yr",,,,,"269037.69",,,,,,""
"2021-04-21","'3140HAQ60'","MBS","UMBS MORTPASS 3% 03/33","15yr",,,,,"269009.79",,,,,,""
"2021-04-21","'3138WHQE5'","MBS","UMBS MORTPASS 2.5% 08/26","Other",,,,,"269000.7",,,,,,""
"2021-04-21","'36297JPC2'","MBS","GNMA I MORTPASS 4% 05/39","30yr",,,,,"268994.44",,,,,,""
"2021-04-21","'3138EHRC8'","MBS","UMBS MORTPASS 3% 02/27","15yr",,,,,"268851.87",,,,,,""
"2021-04-21","'36180CDV8'","MBS","GNMA I MORTPASS 3% 06/43","30yr",,,,,"268797.87",,,,,,""
"2021-04-21","'31307HN37'","MBS","FHLMCGLD 3.5% 06/29","15yr",,,,,"268773.1",,,,,,""
"2021-04-21","'3131X7LE6'","MBS","UMBS MORTPASS 2.5% 02/27","15yr",,,,,"268768.92",,,,,,""
"2021-04-21","'3138YAKJ3'","MBS","UMBS MORTPASS 4% 08/45","30yr",,,,,"268747.33",,,,,,""
"2021-04-21","'3138XK4G6'","MBS","UMBS MORTPASS 3% 02/29","15yr",,,,,"268687.34",,,,,,""
"2021-04-21","'31307JV83'","MBS","FHLMCGLD 2.5% 10/29","15yr",,,,,"268462.03",,,,,,""
"2021-04-21","'3138LUK38'","MBS","UMBS MORTPASS 3% 06/27","15yr",,,,,"268284.04",,,,,,""
"2021-04-21","'3138MKMR4'","MBS","UMBS MORTPASS 3% 08/28","15yr",,,,,"268170.59",,,,,,""
"2021-04-21","'3620AVP97'","MBS","GNMA I MORTPASS 5% 04/40","30yr",,,,,"268013.5",,,,,,""
"2021-04-21","'3140F0GY4'","MBS","UMBS MORTPASS 3% 10/46","30yr",,,,,"267887.26",,,,,,""
"2021-04-21","'3131X8D29'","MBS","UMBS MORTPASS 2.5% 11/27","15yr",,,,,"267709.8",,,,,,""
"2021-04-21","'31307SP23'","MBS","FHLMCGLD 2.5% 12/31","15yr",,,,,"267673.05",,,,,,""
"2021-04-21","'3138NX5A1'","MBS","UMBS MORTPASS 3% 02/28","15yr",,,,,"267604.57",,,,,,""
"2021-04-21","'3138EMLH2'","MBS","UMBS MORTPASS 3% 11/27","15yr",,,,,"267587.48",,,,,,""
"2021-04-21","'3140JU2Q6'","MBS","UMBS MORTPASS 3% 06/49","30yr",,,,,"267553.43",,,,,,""
"2021-04-21","'36178GRR7'","MBS","GNMA I 3.5% 10/42","30yr",,,,,"267415.36",,,,,,""
"2021-04-21","'3132A8DW6'","MBS","UMBS MORTPASS 2.5% 12/25","Other",,,,,"267345.59",,,,,,""
"2021-04-21","'3140HD5C4'","MBS","UMBS MORTPASS 3.5% 02/48","30yr",,,,,"267334.18",,,,,,""
"2021-04-21","'36177RCE9'","MBS","GNMA I 3.5% 02/43","30yr",,,,,"267316.71",,,,,,""
"2021-04-21","'3140X96R1'","MBS","UMBS MORTPASS 1.5% 02/36","15yr",,,,,"267293.19",,,,,,""
"2021-04-21","'3132QUBC6'","MBS","FHLMCGLD 3.5% 11/45","30yr",,,,,"267289.94",,,,,,""
"2021-04-21","'3138W46X4'","MBS","UMBS MORTPASS 3% 03/43","30yr",,,,,"267235.15",,,,,,""
"2021-04-21","'3138YLR45'","MBS","UMBS MORTPASS 3% 03/45","30yr",,,,,"267227.15",,,,,,""
"2021-04-21","'3131YBD88'","MBS","UMBS MORTPASS 3% 04/39","Other",,,,,"267217.6",,,,,,""
"2021-04-21","'3138XK5P5'","MBS","UMBS MORTPASS 3.5% 04/44","30yr",,,,,"267163.64",,,,,,""
"2021-04-21","'3140JTCX3'","MBS","UMBS MORTPASS 3.5% 05/49","30yr",,,,,"267150.83",,,,,,""
"2021-04-21","'36176UJW6'","MBS","GNMA I 3.5% 11/41","30yr",,,,,"267149.27",,,,,,""
"2021-04-21","'3138W7HL1'","MBS","UMBS MORTPASS 2% 03/28","15yr",,,,,"267089.89",,,,,,""
"2021-04-21","'3131XAX71'","MBS","UMBS MORTPASS 3.5% 12/24","Other",,,,,"266855.62",,,,,,""
"2021-04-21","'3140JWPR5'","MBS","UMBS MORTPASS 2.5% 09/34","15yr",,,,,"266741.97",,,,,,""
"2021-04-21","'3138YUSL6'","MBS","UMBS MORTPASS 3% 06/30","15yr",,,,,"266672.01",,,,,,""
"2021-04-21","'3140HHT54'","MBS","UMBS MORTPASS 4% 04/48","30yr",,,,,"266518.39",,,,,,""
"2021-04-21","'36295CFZ9'","MBS","GNMA I 3.5% 11/42","30yr",,,,,"266345.04",,,,,,""
"2021-04-21","'3138WF7H3'","MBS","UMBS MORTPASS 3% 12/30","15yr",,,,,"266295.61",,,,,,""
"2021-04-21","'3138X2M35'","MBS","UMBS MORTPASS 3.5% 07/43","30yr",,,,,"266273.2",,,,,,""
"2021-04-21","'36297CMV8'","MBS","GNMA I 4.5% 02/39","30yr",,,,,"266263.9",,,,,,""
"2021-04-21","'3138Y6KD5'","MBS","UMBS MORTPASS 3% 09/29","15yr",,,,,"266229.02",,,,,,""
"2021-04-21","'3140X7EV7'","MBS","UMBS MORTPASS 2.5% 08/50","30yr",,,,,"266223.95",,,,,,""
"2021-04-21","'3131Y2TU2'","MBS","UMBS MORTPASS 4.5% 08/48","30yr",,,,,"266206.67",,,,,,""
"2021-04-21","'3140JNY95'","MBS","UMBS MORTPASS 4% 02/49","30yr",,,,,"266173.67",,,,,,""
"2021-04-21","'3138NWG94'","MBS","UMBS MORTPASS 3% 01/28","15yr",,,,,"266131.73",,,,,,""
"2021-04-21","'3128MEQW4'","MBS","FHLMCGLD 3% 12/30","15yr",,,,,"266066.38",,,,,,""
"2021-04-21","'31329LDP4'","MBS","UMBS MORTPASS 2.5% 02/28","15yr",,,,,"265750.83",,,,,,""
"2021-04-21","'3140HL2Z8'","MBS","UMBS MORTPASS 4.5% 06/48","30yr",,,,,"265591.09",,,,,,""
"2021-04-21","'3140Q9Q48'","MBS","UMBS MORTPASS 3.5% 08/33","15yr",,,,,"265461.18",,,,,,""
"2021-04-21","'3131X8XS0'","MBS","UMBS MORTPASS 2% 03/23","Other",,,,,"265456.95",,,,,,""
"2021-04-21","'3138LWA50'","MBS","UMBS MORTPASS 3% 07/27","15yr",,,,,"265450.84",,,,,,""
"2021-04-21","'3138WCJ61'","MBS","UMBS MORTPASS 3% 08/29","15yr",,,,,"265244.5",,,,,,""
"2021-04-21","'36296U4T4'","MBS","GNMA I 4.5% 06/39","30yr",,,,,"265235.79",,,,,,""
"2021-04-21","'31307M6S0'","MBS","FHLMCGLD 3% 05/30","15yr",,,,,"265138.65",,,,,,""
"2021-04-21","'3138X5CZ8'","MBS","UMBS MORTPASS 3.5% 05/29","15yr",,,,,"264872.7",,,,,,""
"2021-04-21","'3132KE3D5'","MBS","FHLMCGLD 2.5% 05/30","15yr",,,,,"264773.79",,,,,,""
"2021-04-21","'31417DUG6'","MBS","UMBS MORTPASS 2.5% 11/27","15yr",,,,,"264593.56",,,,,,""
"2021-04-21","'3128Q0KB2'","MBS","FHLMCGLD 3% 06/27","15yr",,,,,"264580.85",,,,,,""
"2021-04-21","'3138WJB31'","MBS","UMBS MORTPASS 4.5% 10/46","30yr",,,,,"264509.1",,,,,,""
"2021-04-21","'3138X22N3'","MBS","UMBS MORTPASS 3% 09/28","15yr",,,,,"264494.2",,,,,,""
"2021-04-21","'36297DBW6'","MBS","GNMA I MORTPASS 5% 04/39","30yr",,,,,"264470.09",,,,,,""
"2021-04-21","'3620A6AE7'","MBS","GNMA I MORTPASS 5% 06/39","30yr",,,,,"264454.39",,,,,,""
"2021-04-21","'3128M96X5'","MBS","FHLMCGLD 4% 08/44","30yr",,,,,"264425.6",,,,,,""
"2021-04-21","'3138X1SG2'","MBS","UMBS MORTPASS 3% 02/29","15yr",,,,,"264358.17",,,,,,""
"2021-04-21","'36202E7H6'","MBS","GNMA II MORTPASS 5% 07/39","30yr",,,,,"264305.42",,,,,,""
"2021-04-21","'3138WD7A3'","MBS","UMBS MORTPASS 2.5% 02/30","15yr",,,,,"264303.11",,,,,,""
"2021-04-21","'3133A7VS5'","MBS","UMBS MORTPASS 3% 07/50","30yr",,,,,"264298.82",,,,,,""
"2021-04-21","'31307CJK5'","MBS","FHLMCGLD 3% 05/28","15yr",,,,,"264246.18",,,,,,""
"2021-04-21","'3138XQM99'","MBS","UMBS MORTPASS 2.5% 06/29","15yr",,,,,"264242.19",,,,,,""
"2021-04-21","'36177XHR2'","MBS","GNMA I 3.5% 05/42","30yr",,,,,"264198.84",,,,,,""
"2021-04-21","'3138YBGK3'","MBS","UMBS MORTPASS 3% 02/30","15yr",,,,,"264149.87",,,,,,""
"2021-04-21","'36230MSH1'","MBS","GNMA I MORTPASS 4% 07/43","30yr",,,,,"264115.95",,,,,,""
"2021-04-21","'3138AU7A9'","MBS","UMBS MORTPASS 3.5% 10/41","30yr",,,,,"264093.47",,,,,,""
"2021-04-21","'31418CCU6'","MBS","UMBS MORTPASS 3.5% 09/31","15yr",,,,,"264012.22",,,,,,""
"2021-04-21","'3140QBQQ4'","MBS","UMBS MORTPASS 2.5% 08/31","15yr",,,,,"263951.69",,,,,,""
"2021-04-21","'3140FKUF5'","MBS","UMBS MORTPASS 3.5% 11/46","30yr",,,,,"263951.6",,,,,,""
"2021-04-21","'3140X5MX8'","MBS","UMBS MORTPASS 4% 09/48","30yr",,,,,"263726.97",,,,,,""
"2021-04-21","'31307JSS3'","MBS","FHLMCGLD 3.5% 10/29","15yr",,,,,"263586.85",,,,,,""
"2021-04-21","'3132QVZ79'","MBS","FHLMCGLD 4.5% 02/46","30yr",,,,,"263422.09",,,,,,""
"2021-04-21","'3128P7JH7'","MBS","FHLMCGLD 5% 03/28","Other",,,,,"263399.56",,,,,,""
"2021-04-21","'3138M4LN0'","MBS","UMBS MORTPASS 3% 04/28","15yr",,,,,"263367.45",,,,,,""
"2021-04-21","'3138MKSW7'","MBS","UMBS MORTPASS 3% 10/28","15yr",,,,,"263314.13",,,,,,""
"2021-04-21","'36176PT30'","MBS","GNMA I 3.5% 04/42","30yr",,,,,"263240.79",,,,,,""
"2021-04-21","'3138X5B71'","MBS","UMBS MORTPASS 3% 11/28","15yr",,,,,"263228.54",,,,,,""
"2021-04-21","'3132A7MT5'","MBS","UMBS MORTPASS 3% 01/28","15yr",,,,,"262965.39",,,,,,""
"2021-04-21","'3131XDLZ6'","MBS","UMBS MORTPASS 2.5% 03/33","15yr",,,,,"262934.36",,,,,,""
"2021-04-21","'3140FR6S9'","MBS","UMBS MORTPASS 3.5% 07/32","15yr",,,,,"262891.5",,,,,,""
"2021-04-21","'36295CHV6'","MBS","GNMA I MORTPASS 3% 04/43","30yr",,,,,"262875.76",,,,,,""
"2021-04-21","'3132QUAR4'","MBS","FHLMCGLD 3.5% 11/45","30yr",,,,,"262850.71",,,,,,""
"2021-04-21","'36295MDG1'","MBS","GNMA I 4.5% 03/39","30yr",,,,,"262771.07",,,,,,""
"2021-04-21","'3140JJMU0'","MBS","UMBS MORTPASS 4% 10/48","30yr",,,,,"262710.1",,,,,,""
"2021-04-21","'3140HNAC6'","MBS","UMBS MORTPASS 4% 07/48","30yr",,,,,"262667.24",,,,,,""
"2021-04-21","'3620ACAM6'","MBS","GNMA I MORTPASS 5% 04/40","30yr",,,,,"262627.11",,,,,,""
"2021-04-21","'3138MJY60'","MBS","UMBS MORTPASS 3% 11/27","15yr",,,,,"262548.49",,,,,,""
"2021-04-21","'36176FVY1'","MBS","GNMA I 3.5% 06/42","30yr",,,,,"262530.71",,,,,,""
"2021-04-21","'3133LPSP3'","MBS","UMBS MORTPASS 3% 04/30","Other",,,,,"262378.68",,,,,,""
"2021-04-21","'36180FGD8'","MBS","GNMA I 3.5% 05/43","30yr",,,,,"262212.5",,,,,,""
"2021-04-21","'36176ENR8'","MBS","GNMA I 3.5% 11/43","30yr",,,,,"262011.3",,,,,,""
"2021-04-21","'31418DMM1'","MBS","UMBS MORTPASS 2% 01/30","Other",,,,,"261770.24",,,,,,""
"2021-04-21","'31307FTS0'","MBS","FHLMCGLD 3.5% 11/28","15yr",,,,,"261768.4",,,,,,""
"2021-04-21","'3138X6MZ5'","MBS","UMBS MORTPASS 2% 09/28","15yr",,,,,"261728.74",,,,,,""
"2021-04-21","'3140HMG32'","MBS","UMBS MORTPASS 3% 08/33","15yr",,,,,"261725.8",,,,,,""
"2021-04-21","'36295T7D0'","MBS","GNMA I MORTPASS 5% 11/39","30yr",,,,,"261720.3",,,,,,""
"2021-04-21","'36178QBN1'","MBS","GNMA I MORTPASS 3% 09/42","30yr",,,,,"261639.83",,,,,,""
"2021-04-21","'3132M6X62'","MBS","FHLMCGLD 3.5% 05/44","30yr",,,,,"261620.58",,,,,,""
"2021-04-21","'3138WEUR8'","MBS","UMBS MORTPASS 2.5% 06/30","15yr",,,,,"261568.05",,,,,,""
"2021-04-21","'31307SSQ7'","MBS","FHLMCGLD 2.5% 12/31","15yr",,,,,"261564.25",,,,,,""
"2021-04-21","'3132M85T9'","MBS","FHLMCGLD 4% 09/44","30yr",,,,,"261528.92",,,,,,""
"2021-04-21","'31416NAX0'","MBS","UMBS MORTPASS 4.5% 03/24","15yr",,,,,"261485.13",,,,,,""
"2021-04-21","'36181AZR6'","MBS","GNMA I MORTPASS 3% 04/43","30yr",,,,,"261471.91",,,,,,""
"2021-04-21","'3140JAP36'","MBS","UMBS MORTPASS 3.5% 09/45","30yr",,,,,"261445.55",,,,,,""
"2021-04-21","'36176UR80'","MBS","GNMA I MORTPASS 4% 02/42","30yr",,,,,"261409.17",,,,,,""
"2021-04-21","'31412S2S3'","MBS","UMBS MORTPASS 6.5% 04/38","30yr",,,,,"261282.28",,,,,,""
"2021-04-21","'3138M36N9'","MBS","UMBS MORTPASS 3% 07/27","15yr",,,,,"261210.31",,,,,,""
"2021-04-21","'36297F2P6'","MBS","GNMA I 4.5% 11/39","30yr",,,,,"261178.36",,,,,,""
"2021-04-21","'36297KLT6'","MBS","GNMA I MORTPASS 4% 07/39","30yr",,,,,"261133.61",,,,,,""
"2021-04-21","'31417JUD0'","MBS","UMBS MORTPASS 4% 11/24","15yr",,,,,"261128.61",,,,,,""
"2021-04-21","'31404S4B8'","MBS","UMBS MORTPASS 5% 01/34","30yr",,,,,"261033.25",,,,,,""
"2021-04-21","'3132KEC60'","MBS","FHLMCGLD 3.5% 02/25","15yr",,,,,"261028.74",,,,,,""
"2021-04-21","'31307SNA7'","MBS","FHLMCGLD 2.5% 11/31","15yr",,,,,"261003.02",,,,,,""
"2021-04-21","'3140FE3J1'","MBS","UMBS MORTPASS 2.5% 03/32","15yr",,,,,"260983.8",,,,,,""
"2021-04-21","'31417C3G8'","MBS","UMBS MORTPASS 3% 09/27","15yr",,,,,"260968.12",,,,,,""
"2021-04-21","'36177R5G2'","MBS","GNMA I 3.5% 03/42","30yr",,,,,"260912.45",,,,,,""
"2021-04-21","'3138LSDP2'","MBS","UMBS MORTPASS 3% 05/27","15yr",,,,,"260836.93",,,,,,""
"2021-04-21","'36176SLX6'","MBS","GNMA I MORTPASS 4% 12/41","30yr",,,,,"260827.12",,,,,,""
"2021-04-21","'3138MTHM2'","MBS","UMBS MORTPASS 3% 03/28","15yr",,,,,"260722.96",,,,,,""
"2021-04-21","'3138WZWR9'","MBS","UMBS MORTPASS 3% 07/28","15yr",,,,,"260634.29",,,,,,""
"2021-04-21","'3132A7WM9'","MBS","UMBS MORTPASS 3% 04/24","Other",,,,,"260543.44",,,,,,""
"2021-04-21","'3138XRGU7'","MBS","UMBS MORTPASS 3% 03/29","15yr",,,,,"260376.99",,,,,,""
"2021-04-21","'3132M7DL9'","MBS","FHLMCGLD 3.5% 06/44","30yr",,,,,"260332.15",,,,,,""
"2021-04-21","'3138ABNX3'","MBS","UMBS MORTPASS 4.5% 04/41","30yr",,,,,"260308.34",,,,,,""
"2021-04-21","'3132A7TQ4'","MBS","UMBS MORTPASS 2.5% 01/24","Other",,,,,"260157.83",,,,,,""
"2021-04-21","'3138YWMS3'","MBS","UMBS MORTPASS 3% 06/30","15yr",,,,,"260017.83",,,,,,""
"2021-04-21","'3138MJ2B4'","MBS","UMBS MORTPASS 3.5% 11/27","15yr",,,,,"260002.18",,,,,,""
"2021-04-21","'3138WB6N0'","MBS","UMBS MORTPASS 3% 06/29","15yr",,,,,"259945.41",,,,,,""
"2021-04-21","'3132QTHA7'","MBS","FHLMCGLD 4.5% 10/45","30yr",,,,,"259926.8",,,,,,""
"2021-04-21","'36176KMM6'","MBS","GNMA I MORTPASS 4% 08/41","30yr",,,,,"259924.48",,,,,,""
"2021-04-21","'31418AKZ0'","MBS","UMBS MORTPASS 3% 10/27","15yr",,,,,"259907.01",,,,,,""
"2021-04-21","'3138LRKY7'","MBS","UMBS MORTPASS 3% 04/27","15yr",,,,,"259875.22",,,,,,""
"2021-04-21","'36181BB74'","MBS","GNMA I 3.5% 06/43","30yr",,,,,"259863.88",,,,,,""
"2021-04-21","'31307PCG2'","MBS","FHLMCGLD 3% 07/30","15yr",,,,,"259728.8",,,,,,""
"2021-04-21","'3140E1RP0'","MBS","UMBS MORTPASS 2.5% 08/30","15yr",,,,,"259725.94",,,,,,""
"2021-04-21","'31307V7H3'","MBS","FHLMCGLD 3.5% 05/28","15yr",,,,,"259719.24",,,,,,""
"2021-04-21","'31329QVX6'","MBS","UMBS MORTPASS 4.5% 01/49","30yr",,,,,"259421.03",,,,,,""
"2021-04-21","'36177ULH5'","MBS","GNMA I 3.5% 06/42","30yr",,,,,"259366.96",,,,,,""
"2021-04-21","'36230LJR1'","MBS","GNMA I MORTPASS 4% 12/40","30yr",,,,,"259338.3",,,,,,""
"2021-04-21","'31416R5H2'","MBS","UMBS MORTPASS 3.5% 04/39","30yr",,,,,"259329.72",,,,,,""
"2021-04-21","'3140HMGN8'","MBS","UMBS MORTPASS 3.5% 08/48","30yr",,,,,"259136.38",,,,,,""
"2021-04-21","'31417BFK8'","MBS","UMBS MORTPASS 2.5% 03/27","15yr",,,,,"259127.34",,,,,,""
"2021-04-21","'3620A4BB7'","MBS","GNMA I MORTPASS 5% 08/39","30yr",,,,,"259120.91",,,,,,""
"2021-04-21","'3131XDFN0'","MBS","UMBS MORTPASS 2% 12/32","15yr",,,,,"259092.36",,,,,,""
"2021-04-21","'3138WNAB5'","MBS","UMBS MORTPASS 2% 03/28","15yr",,,,,"259088.06",,,,,,""
"2021-04-21","'3131Y3RJ7'","MBS","UMBS MORTPASS 4.5% 10/48","30yr",,,,,"259054.73",,,,,,""
"2021-04-21","'3128MJTY6'","MBS","FHLMCGLD 3.5% 01/44","30yr",,,,,"258951.97",,,,,,""
"2021-04-21","'3138ETED4'","MBS","UMBS MORTPASS 2.5% 04/31","15yr",,,,,"258860.5",,,,,,""
"2021-04-21","'3138W9U40'","MBS","UMBS MORTPASS 2.5% 09/28","15yr",,,,,"258819.11",,,,,,""
"2021-04-21","'31418BHP4'","MBS","UMBS MORTPASS 2.5% 09/29","15yr",,,,,"258802.01",,,,,,""
"2021-04-21","'3140QHBC8'","MBS","UMBS MORTPASS 2% 02/51","30yr",,,,,"258722.11",,,,,,""
"2021-04-21","'3138ET5H5'","MBS","UMBS MORTPASS 3.5% 09/46","30yr",,,,,"258674.55",,,,,,""
"2021-04-21","'31307VTR7'","MBS","FHLMCGLD 3% 03/33","15yr",,,,,"258671.66",,,,,,""
"2021-04-21","'3140Q7NZ6'","MBS","UMBS MORTPASS 3.5% 09/47","30yr",,,,,"258655.16",,,,,,""
"2021-04-21","'36295R5E4'","MBS","GNMA I 4.5% 10/39","30yr",,,,,"258607.77",,,,,,""
"2021-04-21","'3129464Q6'","MBS","FHLMCGLD 3% 10/41","30yr",,,,,"258467.98",,,,,,""
"2021-04-21","'3138W66A9'","MBS","UMBS MORTPASS 3% 03/28","15yr",,,,,"258209.4",,,,,,""
"2021-04-21","'3140FNW34'","MBS","UMBS MORTPASS 3.5% 11/46","30yr",,,,,"258198.99",,,,,,""
"2021-04-21","'3128P7L27'","MBS","FHLMCGLD 4% 04/29","Other",,,,,"258196.8",,,,,,""
"2021-04-21","'3138W6FM3'","MBS","UMBS MORTPASS 2.5% 04/28","15yr",,,,,"258193.6",,,,,,""
"2021-04-21","'31329K6M1'","MBS","UMBS MORTPASS 3% 02/27","15yr",,,,,"258154.26",,,,,,""
"2021-04-21","'36178D7G0'","MBS","GNMA I MORTPASS 3% 04/43","30yr",,,,,"257952.6",,,,,,""
"2021-04-21","'3140HKL97'","MBS","UMBS MORTPASS 3.5% 05/33","15yr",,,,,"257944.87",,,,,,""
"2021-04-21","'36176ABB4'","MBS","GNMA I 3.5% 03/42","30yr",,,,,"257788.94",,,,,,""
"2021-04-21","'36178YW76'","MBS","GNMA I MORTPASS 4% 09/43","30yr",,,,,"257622.82",,,,,,""
"2021-04-21","'3138LYH59'","MBS","UMBS MORTPASS 2.5% 09/27","15yr",,,,,"257507.14",,,,,,""
"2021-04-21","'3620ABC79'","MBS","GNMA I MORTPASS 5% 12/39","30yr",,,,,"257395.33",,,,,,""
"2021-04-21","'36177NSS0'","MBS","GNMA I 3.5% 04/42","30yr",,,,,"257391.35",,,,,,""
"2021-04-21","'3140H6N88'","MBS","UMBS MORTPASS 4% 02/48","30yr",,,,,"257264.98",,,,,,""
"2021-04-21","'31417ER78'","MBS","UMBS MORTPASS 2% 01/28","15yr",,,,,"257241.74",,,,,,""
"2021-04-21","'3138YBWY5'","MBS","UMBS MORTPASS 2.5% 05/30","15yr",,,,,"257235.12",,,,,,""
"2021-04-21","'3131X8JD9'","MBS","UMBS MORTPASS 2.5% 12/27","15yr",,,,,"257184.45",,,,,,""
"2021-04-21","'3132GTHR1'","MBS","FHLMCGLD 3.5% 05/42","30yr",,,,,"257177.89",,,,,,""
"2021-04-21","'3140JKZX7'","MBS","UMBS MORTPASS 3.5% 02/49","30yr",,,,,"257126.28",,,,,,""
"2021-04-21","'3140H5TM3'","MBS","UMBS MORTPASS 4% 05/48","30yr",,,,,"257121.85",,,,,,""
"2021-04-21","'3138MJWW5'","MBS","UMBS MORTPASS 3% 11/27","15yr",,,,,"257045.94",,,,,,""
"2021-04-21","'3140Q8JD8'","MBS","UMBS MORTPASS 3.5% 07/47","30yr",,,,,"257001.85",,,,,,""
"2021-04-21","'3138AVZ57'","MBS","UMBS MORTPASS 3% 11/26","15yr",,,,,"256962.06",,,,,,""
"2021-04-21","'31412UAL4'","MBS","UMBS MORTPASS 4.5% 03/24","15yr",,,,,"256928.62",,,,,,""
"2021-04-21","'3140E4BH9'","MBS","UMBS MORTPASS 3% 02/31","15yr",,,,,"256924.52",,,,,,""
"2021-04-21","'31334YYP6'","MBS","UMBS MORTPASS 3% 09/49","30yr",,,,,"256861.01",,,,,,""
"2021-04-21","'3140X8KD8'","MBS","UMBS MORTPASS 2% 11/50","30yr",,,,,"256774.57",,,,,,""
"2021-04-21","'36177RUD1'","MBS","GNMA I 3.5% 05/42","30yr",,,,,"256764.96",,,,,,""
"2021-04-21","'3138ELN33'","MBS","UMBS MORTPASS 3.5% 07/43","30yr",,,,,"256666.01",,,,,,""
"2021-04-21","'3132ADX78'","MBS","UMBS MORTPASS 2.5% 12/33","15yr",,,,,"256626.06",,,,,,""
"2021-04-21","'31329LFG2'","MBS","UMBS MORTPASS 2% 03/28","15yr",,,,,"256551.38",,,,,,""
"2021-04-21","'3131XBJJ9'","MBS","UMBS MORTPASS 2% 06/30","15yr",,,,,"256542.42",,,,,,""
"2021-04-21","'3140H5N80'","MBS","UMBS MORTPASS 3.5% 02/48","30yr",,,,,"256524.38",,,,,,""
"2021-04-21","'36296WXC5'","MBS","GNMA I 4.5% 06/39","30yr",,,,,"256510.23",,,,,,""
"2021-04-21","'3140H6F38'","MBS","UMBS MORTPASS 3% 01/33","15yr",,,,,"256502.59",,,,,,""
"2021-04-21","'36297KXR7'","MBS","GNMA I 4.5% 07/39","30yr",,,,,"256500.25",,,,,,""
"2021-04-21","'3138W5NM6'","MBS","UMBS MORTPASS 2.5% 02/28","15yr",,,,,"256496.16",,,,,,""
"2021-04-21","'3138ELBH5'","MBS","UMBS MORTPASS 3% 04/27","15yr",,,,,"256493.95",,,,,,""
"2021-04-21","'3138WMQ20'","MBS","UMBS MORTPASS 2.5% 03/28","15yr",,,,,"256465.96",,,,,,""
"2021-04-21","'3620ABGB6'","MBS","GNMA I 4.5% 01/40","30yr",,,,,"256332.72",,,,,,""
"2021-04-21","'31307SAD5'","MBS","FHLMCGLD 2.5% 10/31","15yr",,,,,"256186.95",,,,,,""
"2021-04-21","'3128MJV56'","MBS","FHLMCGLD 3% 04/45","30yr",,,,,"256168.38",,,,,,""
"2021-04-21","'36179TCV5'","MBS","GNMA II 2.5% 07/47","30yr",,,,,"256026.03",,,,,,""
"2021-04-21","'3138ENZJ1'","MBS","UMBS MORTPASS 3% 01/30","15yr",,,,,"255911.68",,,,,,""
"2021-04-21","'3138WZLR1'","MBS","UMBS MORTPASS 3% 06/28","15yr",,,,,"255909.49",,,,,,""
"2021-04-21","'3140H5MK4'","MBS","UMBS MORTPASS 2.5% 01/33","15yr",,,,,"255841.78",,,,,,""
"2021-04-21","'3140E7YV6'","MBS","UMBS MORTPASS 4% 10/45","30yr",,,,,"255720.7",,,,,,""
"2021-04-21","'31307R2J3'","MBS","FHLMCGLD 3.5% 09/31","15yr",,,,,"255617.74",,,,,,""
"2021-04-21","'3138WRQP8'","MBS","UMBS MORTPASS 2% 04/28","15yr",,,,,"255597.79",,,,,,""
"2021-04-21","'3138W9UV0'","MBS","UMBS MORTPASS 2.5% 08/27","15yr",,,,,"255553.58",,,,,,""
"2021-04-21","'36297ACT8'","MBS","GNMA I MORTPASS 4% 08/39","30yr",,,,,"255548.2",,,,,,""
"2021-04-21","'31307VJ56'","MBS","FHLMCGLD 3% 01/33","15yr",,,,,"255545.52",,,,,,""
"2021-04-21","'3131X8GY6'","MBS","UMBS MORTPASS 2.5% 12/27","15yr",,,,,"255485.87",,,,,,""
"2021-04-21","'36297CQ51'","MBS","GNMA I 4.5% 12/39","30yr",,,,,"255463.88",,,,,,""
"2021-04-21","'3132QRA83'","MBS","FHLMCGLD 4% 07/45","30yr",,,,,"255443.35",,,,,,""
"2021-04-21","'3140Q9DP5'","MBS","UMBS MORTPASS 4.5% 06/48","30yr",,,,,"255322.06",,,,,,""
"2021-04-21","'312931T40'","MBS","FHLMCGLD 5% 03/39","30yr",,,,,"255241.7",,,,,,""
"2021-04-21","'3133A7Q85'","MBS","UMBS MORTPASS 2.5% 07/50","30yr",,,,,"255212.54",,,,,,""
"2021-04-21","'36179UGD8'","MBS","GNMA II 4.5% 11/48","30yr",,,,,"255209.21",,,,,,""
"2021-04-21","'3140F5BJ1'","MBS","UMBS MORTPASS 2% 11/31","15yr",,,,,"255082.68",,,,,,""
"2021-04-21","'3138WPYP3'","MBS","UMBS MORTPASS 3% 05/28","15yr",,,,,"254807.03",,,,,,""
"2021-04-21","'3131X8FB7'","MBS","UMBS MORTPASS 2.5% 11/27","15yr",,,,,"254733.1",,,,,,""
"2021-04-21","'31307LY85'","MBS","FHLMCGLD 3.5% 02/30","15yr",,,,,"254713.33",,,,,,""
"2021-04-21","'3138X0QF8'","MBS","UMBS MORTPASS 3% 07/28","15yr",,,,,"254485.17",,,,,,""
"2021-04-21","'3138E7KY9'","MBS","UMBS MORTPASS 2.5% 06/27","15yr",,,,,"254478.44",,,,,,""
"2021-04-21","'36230NVK8'","MBS","GNMA I MORTPASS 4% 09/41","30yr",,,,,"254380.63",,,,,,""
"2021-04-21","'3132A73K5'","MBS","UMBS MORTPASS 3% 07/28","15yr",,,,,"254372.36",,,,,,""
"2021-04-21","'31307NU69'","MBS","FHLMCGLD 2.5% 08/30","15yr",,,,,"254258.44",,,,,,""
"2021-04-21","'3140HD3R3'","MBS","UMBS MORTPASS 3.5% 04/33","15yr",,,,,"254257.09",,,,,,""
"2021-04-21","'3128P7JU8'","MBS","FHLMCGLD 5% 05/28","Other",,,,,"254249.09",,,,,,""
"2021-04-21","'3133A16F4'","MBS","UMBS MORTPASS 3% 01/45","30yr",,,,,"254179.9",,,,,,""
"2021-04-21","'3620A5XN4'","MBS","GNMA I 4.5% 09/39","30yr",,,,,"254151.99",,,,,,""
"2021-04-21","'3138MPC86'","MBS","UMBS MORTPASS 3% 12/27","15yr",,,,,"253980.55",,,,,,""
"2021-04-21","'36179UH21'","MBS","GNMA II MORTPASS 3% 12/48","30yr",,,,,"253891.66",,,,,,""
"2021-04-21","'36296U7G9'","MBS","GNMA I 4.5% 06/39","30yr",,,,,"253820.77",,,,,,""
"2021-04-21","'3131X73S5'","MBS","UMBS MORTPASS 2.5% 09/27","15yr",,,,,"253738.97",,,,,,""
"2021-04-21","'3140FSAD5'","MBS","UMBS MORTPASS 3.5% 08/32","15yr",,,,,"253355.77",,,,,,""
"2021-04-21","'31419EZQ5'","MBS","UMBS MORTPASS 4% 10/40","30yr",,,,,"253344.05",,,,,,""
"2021-04-21","'3138WVWU1'","MBS","UMBS MORTPASS 2.5% 06/28","15yr",,,,,"253275.11",,,,,,""
"2021-04-21","'3138X7XA6'","MBS","UMBS MORTPASS 3% 09/28","15yr",,,,,"253190.98",,,,,,""
"2021-04-21","'3620AECA6'","MBS","GNMA I MORTPASS 5% 03/40","30yr",,,,,"253102.16",,,,,,""
"2021-04-21","'36177TS65'","MBS","GNMA I 3.5% 04/42","30yr",,,,,"253029.44",,,,,,""
"2021-04-21","'36297HSW9'","MBS","GNMA I 4.5% 07/39","30yr",,,,,"252994.6",,,,,,""
"2021-04-21","'3138WG2F0'","MBS","UMBS MORTPASS 2.5% 04/26","Other",,,,,"252946.95",,,,,,""
"2021-04-21","'3138M8UG6'","MBS","UMBS MORTPASS 3% 08/27","15yr",,,,,"252879.85",,,,,,""
"2021-04-21","'36180CGM5'","MBS","GNMA I 3.5% 05/43","30yr",,,,,"252871.46",,,,,,""
"2021-04-21","'36297A7E7'","MBS","GNMA I 4.5% 03/39","30yr",,,,,"252810.81",,,,,,""
"2021-04-21","'36296YZF2'","MBS","GNMA I MORTPASS 4% 07/39","30yr",,,,,"252722.71",,,,,,""
"2021-04-21","'31329NZZ4'","MBS","UMBS MORTPASS 3% 01/48","30yr",,,,,"252686.29",,,,,,""
"2021-04-21","'3140H83F0'","MBS","UMBS MORTPASS 4% 07/43","30yr",,,,,"252628.9",,,,,,""
"2021-04-21","'3140J6C47'","MBS","UMBS MORTPASS 2.5% 01/32","15yr",,,,,"252588.4",,,,,,""
"2021-04-21","'31417CTE5'","MBS","UMBS MORTPASS 2.5% 08/22","Other",,,,,"252484.73",,,,,,""
"2021-04-21","'3138YCC58'","MBS","UMBS MORTPASS 3.5% 01/30","15yr",,,,,"252458.51",,,,,,""
"2021-04-21","'36176MK44'","MBS","GNMA I 3.5% 12/41","30yr",,,,,"252288.61",,,,,,""
"2021-04-21","'3138WHQN5'","MBS","UMBS MORTPASS 2.5% 08/46","30yr",,,,,"252072.41",,,,,,""
"2021-04-21","'3131X9DK7'","MBS","UMBS MORTPASS 2% 05/23","Other",,,,,"252049.4",,,,,,""
"2021-04-21","'31417KWL7'","MBS","UMBS MORTPASS 6% 09/39","30yr",,,,,"252037.97",,,,,,""
"2021-04-21","'3128P7ML4'","MBS","FHLMCGLD 4% 08/29","Other",,,,,"251994.02",,,,,,""
"2021-04-21","'31417HCK8'","MBS","UMBS MORTPASS 2% 06/23","Other",,,,,"251869.53",,,,,,""
"2021-04-21","'3132AECK0'","MBS","UMBS MORTPASS 2.5% 04/34","15yr",,,,,"251822.63",,,,,,""
"2021-04-21","'3138YJY34'","MBS","UMBS MORTPASS 3% 05/30","15yr",,,,,"251622.55",,,,,,""
"2021-04-21","'3138X6AZ8'","MBS","UMBS MORTPASS 3% 08/28","15yr",,,,,"251411.44",,,,,,""
"2021-04-21","'3138W5YA0'","MBS","UMBS MORTPASS 3% 03/28","15yr",,,,,"251369.57",,,,,,""
"2021-04-21","'36180CRP6'","MBS","GNMA I 3.5% 06/43","30yr",,,,,"251284.14",,,,,,""
"2021-04-21","'3138Y9UR7'","MBS","UMBS MORTPASS 3% 04/45","30yr",,,,,"251194.15",,,,,,""
"2021-04-21","'3138WECG2'","MBS","UMBS MORTPASS 3.5% 03/45","30yr",,,,,"250873.32",,,,,,""
"2021-04-21","'3140HNJG8'","MBS","UMBS MORTPASS 3.5% 07/48","30yr",,,,,"250749.93",,,,,,""
"2021-04-21","'31418SBP3'","MBS","UMBS MORTPASS 5.5% 04/40","30yr",,,,,"250656.22",,,,,,""
"2021-04-21","'3620A5S59'","MBS","GNMA I 4.5% 11/39","30yr",,,,,"250528.43",,,,,,""
"2021-04-21","'3140HJL74'","MBS","UMBS MORTPASS 4% 05/48","30yr",,,,,"250523.74",,,,,,""
"2021-04-21","'3138YWNQ6'","MBS","UMBS MORTPASS 2.5% 08/30","15yr",,,,,"250439.42",,,,,,""
"2021-04-21","'3138Y7EH1'","MBS","UMBS MORTPASS 4.5% 06/46","30yr",,,,,"250426.64",,,,,,""
"2021-04-21","'3140J5M48'","MBS","UMBS MORTPASS 3% 05/32","15yr",,,,,"250397.54",,,,,,""
"2021-04-21","'3140GQLC8'","MBS","UMBS MORTPASS 3.5% 04/32","15yr",,,,,"250391.11",,,,,,""
"2021-04-21","'3620C4K25'","MBS","GNMA I 3.5% 12/41","30yr",,,,,"250365.89",,,,,,""
"2021-04-21","'3620C6BP9'","MBS","GNMA I 3.5% 10/40","30yr",,,,,"250255.8",,,,,,""
"2021-04-21","'31307PYV5'","MBS","FHLMCGLD 3% 12/30","15yr",,,,,"250189.78",,,,,,""
"2021-04-21","'31329MD31'","MBS","UMBS MORTPASS 3% 06/29","15yr",,,,,"250115.58",,,,,,""
"2021-04-21","'36297FLT7'","MBS","GNMA I MORTPASS 5% 10/39","30yr",,,,,"250047.13",,,,,,""
"2021-04-21","'3132A9PV3'","MBS","UMBS MORTPASS 3% 08/29","15yr",,,,,"250046.57",,,,,,""
"2021-04-21","'36296Y2H4'","MBS","GNMA I MORTPASS 5% 12/39","30yr",,,,,"250031.41",,,,,,""
"2021-04-21","'3138ADE84'","MBS","UMBS MORTPASS 3.5% 05/26","15yr",,,,,"249876.83",,,,,,""
"2021-04-21","'3140JNWR7'","MBS","UMBS MORTPASS 4% 05/49","30yr",,,,,"249803.27",,,,,,""
"2021-04-21","'36201DWN8'","MBS","GNMA I 3.5% 11/41","30yr",,,,,"249760.68",,,,,,""
"2021-04-21","'31419BDK8'","MBS","UMBS MORTPASS 4% 09/40","30yr",,,,,"249708",,,,,,""
"2021-04-21","'3138EJ3E6'","MBS","UMBS MORTPASS 2.5% 11/27","15yr",,,,,"249698.49",,,,,,""
"2021-04-21","'36296LMR8'","MBS","GNMA I MORTPASS 4% 03/39","30yr",,,,,"249672.08",,,,,,""
"2021-04-21","'36176V3J0'","MBS","GNMA I 3.5% 12/41","30yr",,,,,"249480.77",,,,,,""
"2021-04-21","'3140HMGH1'","MBS","UMBS MORTPASS 3.5% 07/48","30yr",,,,,"249422.76",,,,,,""
"2021-04-21","'3140K33Y6'","MBS","UMBS MORTPASS 3% 03/50","30yr",,,,,"249403.64",,,,,,""
"2021-04-21","'3140H2TT5'","MBS","UMBS MORTPASS 3% 10/32","15yr",,,,,"249327.21",,,,,,""
"2021-04-21","'36179VDP2'","MBS","GNMA II 3.5% 01/50","30yr",,,,,"249326.4",,,,,,""
"2021-04-21","'3138WJEP9'","MBS","UMBS MORTPASS 2.5% 11/31","15yr",,,,,"249222.88",,,,,,""
"2021-04-21","'31417YG35'","MBS","UMBS MORTPASS 5.5% 10/29","Other",,,,,"249088.27",,,,,,""
"2021-04-21","'36179H2M2'","MBS","GNMA I MORTPASS 3% 01/43","30yr",,,,,"248990.76",,,,,,""
"2021-04-21","'36297ACP6'","MBS","GNMA I 4.5% 08/39","30yr",,,,,"248893.08",,,,,,""
"2021-04-21","'3140K3SU7'","MBS","UMBS MORTPASS 3.5% 12/49","30yr",,,,,"248878.63",,,,,,""
"2021-04-21","'3140HJQF1'","MBS","UMBS MORTPASS 3.5% 05/33","15yr",,,,,"248873.27",,,,,,""
"2021-04-21","'3128MJLR9'","MBS","FHLMCGLD 6% 03/39","30yr",,,,,"248847.53",,,,,,""
"2021-04-21","'3138YJ3N4'","MBS","UMBS MORTPASS 3.5% 03/45","30yr",,,,,"248806.4",,,,,,""
"2021-04-21","'31418AK80'","MBS","UMBS MORTPASS 3% 10/22","Other",,,,,"248647.38",,,,,,""
"2021-04-21","'36176NNE7'","MBS","GNMA I MORTPASS 3% 11/42","30yr",,,,,"248419.65",,,,,,""
"2021-04-21","'3132A85M7'","MBS","UMBS MORTPASS 2.5% 07/29","15yr",,,,,"248393.67",,,,,,""
"2021-04-21","'3620AJVK2'","MBS","GNMA I 4.5% 01/40","30yr",,,,,"248142.33",,,,,,""
"2021-04-21","'3620A5D97'","MBS","GNMA I MORTPASS 5% 11/39","30yr",,,,,"248120.63",,,,,,""
"2021-04-21","'36176HTV6'","MBS","GNMA I 3.5% 05/42","30yr",,,,,"248065.87",,,,,,""
"2021-04-21","'3131X8X68'","MBS","UMBS MORTPASS 2.5% 04/23","Other",,,,,"247919.85",,,,,,""
"2021-04-21","'3140EU5P0'","MBS","UMBS MORTPASS 3% 04/31","15yr",,,,,"247878.25",,,,,,""
"2021-04-21","'31307HQ26'","MBS","FHLMCGLD 3.5% 05/29","15yr",,,,,"247800.57",,,,,,""
"2021-04-21","'3132A7QR5'","MBS","UMBS MORTPASS 2.5% 07/23","Other",,,,,"247593.39",,,,,,""
"2021-04-21","'3128MEW80'","MBS","FHLMCGLD 4% 05/27","15yr",,,,,"247576.99",,,,,,""
"2021-04-21","'3140GXW49'","MBS","UMBS MORTPASS 2.5% 09/32","15yr",,,,,"247561.93",,,,,,""
"2021-04-21","'3138XCCG5'","MBS","UMBS MORTPASS 3% 12/26","15yr",,,,,"247325.3",,,,,,""
"2021-04-21","'3140JKYC4'","MBS","UMBS MORTPASS 3.5% 01/49","30yr",,,,,"247300.63",,,,,,""
"2021-04-21","'31307GJH3'","MBS","FHLMCGLD 3.5% 02/29","15yr",,,,,"247274.43",,,,,,""
"2021-04-21","'3132GKF76'","MBS","FHLMCGLD 4% 10/41","30yr",,,,,"247214.75",,,,,,""
"2021-04-21","'3138MRML2'","MBS","UMBS MORTPASS 2.5% 01/28","15yr",,,,,"247132.34",,,,,,""
"2021-04-21","'36177UMM3'","MBS","GNMA I MORTPASS 4% 09/42","30yr",,,,,"247125.99",,,,,,""
"2021-04-21","'31417CGU3'","MBS","UMBS MORTPASS 2.5% 07/22","Other",,,,,"246978.08",,,,,,""
"2021-04-21","'3620A7BQ7'","MBS","GNMA I 4.5% 12/39","30yr",,,,,"246955.39",,,,,,""
"2021-04-21","'3140F7Q85'","MBS","UMBS MORTPASS 3.5% 07/31","15yr",,,,,"246766.54",,,,,,""
"2021-04-21","'3138WFXW1'","MBS","UMBS MORTPASS 3% 10/30","15yr",,,,,"246710.88",,,,,,""
"2021-04-21","'36294SH59'","MBS","GNMA I MORTPASS 6% 01/37","30yr",,,,,"246643.58",,,,,,""
"2021-04-21","'3138MC6G4'","MBS","UMBS MORTPASS 2.5% 11/27","15yr",,,,,"246613.97",,,,,,""
"2021-04-21","'3128ME3X7'","MBS","FHLMCGLD 3.5% 09/31","15yr",,,,,"246594.69",,,,,,""
"2021-04-21","'3138W2KW4'","MBS","UMBS MORTPASS 3% 06/28","15yr",,,,,"246456.42",,,,,,""
"2021-04-21","'36296JDH5'","MBS","GNMA I MORTPASS 5% 01/39","30yr",,,,,"246383.09",,,,,,""
"2021-04-21","'3140J6C70'","MBS","UMBS MORTPASS 2.5% 09/28","15yr",,,,,"246375.83",,,,,,""
"2021-04-21","'31417KZJ9'","MBS","UMBS MORTPASS 4.5% 09/24","15yr",,,,,"246350.01",,,,,,""
"2021-04-21","'31307GMA4'","MBS","FHLMCGLD 3.5% 03/29","15yr",,,,,"246292.66",,,,,,""
"2021-04-21","'3620A2Y75'","MBS","GNMA I 4.5% 06/39","30yr",,,,,"246221.98",,,,,,""
"2021-04-21","'31419LRS4'","MBS","UMBS MORTPASS 4% 11/40","30yr",,,,,"246186.16",,,,,,""
"2021-04-21","'3132HRCN8'","MBS","FHLMCGLD 3% 01/43","30yr",,,,,"246153.81",,,,,,""
"2021-04-21","'3140QEWD0'","MBS","UMBS MORTPASS 2% 09/50","30yr",,,,,"246050.56",,,,,,""
"2021-04-21","'31417SXN5'","MBS","UMBS MORTPASS 4.5% 11/24","15yr",,,,,"245976.47",,,,,,""
"2021-04-21","'3138NWYB9'","MBS","UMBS MORTPASS 2.5% 12/27","15yr",,,,,"245841.74",,,,,,""
"2021-04-21","'3128P7PY3'","MBS","FHLMCGLD 4% 10/30","Other",,,,,"245706.92",,,,,,""
"2021-04-21","'3138WSQ35'","MBS","UMBS MORTPASS 3% 05/28","15yr",,,,,"245673.46",,,,,,""
"2021-04-21","'3132A9M87'","MBS","UMBS MORTPASS 2.5% 03/28","15yr",,,,,"245592.1",,,,,,""
"2021-04-21","'36297DHS9'","MBS","GNMA I MORTPASS 5% 12/39","30yr",,,,,"245528.1",,,,,,""
"2021-04-21","'36177NRW2'","MBS","GNMA I MORTPASS 4% 01/42","30yr",,,,,"245465.96",,,,,,""
"2021-04-21","'3132A7FN6'","MBS","UMBS MORTPASS 3% 03/27","15yr",,,,,"245453.46",,,,,,""
"2021-04-21","'36180UFE4'","MBS","GNMA I 3.5% 05/43","30yr",,,,,"245394.69",,,,,,""
"2021-04-21","'3132M3JT5'","MBS","FHLMCGLD 4.5% 11/43","30yr",,,,,"245371.53",,,,,,""
"2021-04-21","'36297BFP1'","MBS","GNMA I 4.5% 11/39","30yr",,,,,"245332.8",,,,,,""
"2021-04-21","'3620AACH9'","MBS","GNMA I MORTPASS 5% 12/39","30yr",,,,,"245315.97",,,,,,""
"2021-04-21","'3138WJFK9'","MBS","UMBS MORTPASS 3% 11/46","30yr",,,,,"245298.32",,,,,,""
"2021-04-21","'3138EQKP6'","MBS","UMBS MORTPASS 3.5% 10/45","30yr",,,,,"245296.41",,,,,,""
"2021-04-21","'31417DLU5'","MBS","UMBS MORTPASS 2% 10/27","15yr",,,,,"245260.76",,,,,,""
"2021-04-21","'3138XDPK0'","MBS","UMBS MORTPASS 3.5% 12/28","15yr",,,,,"245194.3",,,,,,""
"2021-04-21","'3620A44G4'","MBS","GNMA I MORTPASS 5% 11/39","30yr",,,,,"245166.47",,,,,,""
"2021-04-21","'36296JJZ9'","MBS","GNMA I 4.5% 04/39","30yr",,,,,"245138.32",,,,,,""
"2021-04-21","'3620AAV70'","MBS","GNMA I 4.5% 09/39","30yr",,,,,"245079.26",,,,,,""
"2021-04-21","'3132QSSC3'","MBS","FHLMCGLD 4.5% 08/45","30yr",,,,,"244849.33",,,,,,""
"2021-04-21","'3140E12D4'","MBS","UMBS MORTPASS 4% 09/45","30yr",,,,,"244794.74",,,,,,""
"2021-04-21","'3138MJNS4'","MBS","UMBS MORTPASS 3% 03/28","15yr",,,,,"244782.81",,,,,,""
"2021-04-21","'3131XDDP7'","MBS","UMBS MORTPASS 3% 12/32","15yr",,,,,"244711.44",,,,,,""
"2021-04-21","'3140K9NU9'","MBS","UMBS MORTPASS 2.5% 03/50","30yr",,,,,"244526.15",,,,,,""
"2021-04-21","'3140FABR2'","MBS","UMBS MORTPASS 4% 07/46","30yr",,,,,"244471.61",,,,,,""
"2021-04-21","'3140K04K1'","MBS","UMBS MORTPASS 3% 11/49","30yr",,,,,"244381.64",,,,,,""
"2021-04-21","'31307FY47'","MBS","FHLMCGLD 3.5% 01/29","15yr",,,,,"244350.9",,,,,,""
"2021-04-21","'3132A8TU3'","MBS","UMBS MORTPASS 3% 10/28","15yr",,,,,"244191.42",,,,,,""
"2021-04-21","'36297D7H4'","MBS","GNMA I MORTPASS 5% 03/39","30yr",,,,,"244147.71",,,,,,""
"2021-04-21","'36294WW95'","MBS","GNMA I MORTPASS 5% 02/39","30yr",,,,,"244115.06",,,,,,""
"2021-04-21","'31418SXY0'","MBS","UMBS MORTPASS 5.5% 04/40","30yr",,,,,"244007.35",,,,,,""
"2021-04-21","'31307GNC9'","MBS","FHLMCGLD 3.5% 03/29","15yr",,,,,"243932.74",,,,,,""
"2021-04-21","'3140H7B48'","MBS","UMBS MORTPASS 3% 03/48","30yr",,,,,"243930.57",,,,,,""
"2021-04-21","'3138MQHS5'","MBS","UMBS MORTPASS 2.5% 12/27","15yr",,,,,"243862.54",,,,,,""
"2021-04-21","'31307DK70'","MBS","FHLMCGLD 3% 06/28","15yr",,,,,"243745.34",,,,,,""
"2021-04-21","'36176C5V3'","MBS","GNMA I MORTPASS 4% 08/41","30yr",,,,,"243608.96",,,,,,""
"2021-04-21","'31307M2L9'","MBS","FHLMCGLD 3.5% 05/30","15yr",,,,,"243497.13",,,,,,""
"2021-04-21","'3131XXSM4'","MBS","UMBS MORTPASS 3.5% 09/47","30yr",,,,,"243475.21",,,,,,""
"2021-04-21","'3140FAQJ4'","MBS","UMBS MORTPASS 3% 09/31","15yr",,,,,"243380.84",,,,,,""
"2021-04-21","'3128MMUB7'","MBS","FHLMCGLD 2.5% 12/30","15yr",,,,,"243377.96",,,,,,""
"2021-04-21","'31307JUF8'","MBS","FHLMCGLD 3.5% 10/29","15yr",,,,,"243284.01",,,,,,""
"2021-04-21","'3132A7ZD6'","MBS","UMBS MORTPASS 2.5% 11/24","Other",,,,,"243267.93",,,,,,""
"2021-04-21","'3620AAVW5'","MBS","GNMA I MORTPASS 5% 09/39","30yr",,,,,"243077.83",,,,,,""
"2021-04-21","'3140JHKU6'","MBS","UMBS MORTPASS 4.5% 11/48","30yr",,,,,"243026.54",,,,,,""
"2021-04-21","'3131X6EU0'","MBS","UMBS MORTPASS 3% 12/25","15yr",,,,,"243009.19",,,,,,""
"2021-04-21","'3138A4F34'","MBS","UMBS MORTPASS 3% 02/26","15yr",,,,,"242981.78",,,,,,""
"2021-04-21","'3138XUAU6'","MBS","UMBS MORTPASS 3% 09/29","15yr",,,,,"242866.34",,,,,,""
"2021-04-21","'36296YZA3'","MBS","GNMA I MORTPASS 5% 04/39","30yr",,,,,"242771.82",,,,,,""
"2021-04-21","'31307ANB4'","MBS","FHLMCGLD 2% 11/27","15yr",,,,,"242699.71",,,,,,""
"2021-04-21","'36176AFL8'","MBS","GNMA I MORTPASS 4% 05/41","30yr",,,,,"242677.87",,,,,,""
"2021-04-21","'3140JHEC3'","MBS","UMBS MORTPASS 3.5% 03/49","30yr",,,,,"242642.33",,,,,,""
"2021-04-21","'3140JLZ56'","MBS","UMBS MORTPASS 4.5% 02/49","30yr",,,,,"242566.94",,,,,,""
"2021-04-21","'3620AC6K5'","MBS","GNMA I MORTPASS 5% 10/39","30yr",,,,,"242559.14",,,,,,""
"2021-04-21","'3138YHV23'","MBS","UMBS MORTPASS 2% 05/30","15yr",,,,,"242550.41",,,,,,""
"2021-04-21","'31416NFL1'","MBS","UMBS MORTPASS 4% 05/24","15yr",,,,,"242463",,,,,,""
"2021-04-21","'3138MJHW2'","MBS","UMBS MORTPASS 3% 01/28","15yr",,,,,"242460.19",,,,,,""
"2021-04-21","'3131X8K54'","MBS","UMBS MORTPASS 2.5% 12/27","15yr",,,,,"242446.13",,,,,,""
"2021-04-21","'3138XCY22'","MBS","UMBS MORTPASS 3% 10/28","15yr",,,,,"242174.64",,,,,,""
"2021-04-21","'3132JBAC7'","MBS","FHLMCGLD 3% 07/43","30yr",,,,,"242020.95",,,,,,""
"2021-04-21","'3140H5LT6'","MBS","UMBS MORTPASS 3.5% 01/48","30yr",,,,,"241998.45",,,,,,""
"2021-04-21","'3620AB4T0'","MBS","GNMA I MORTPASS 5% 11/39","30yr",,,,,"241903.76",,,,,,""
"2021-04-21","'3140FA5S7'","MBS","UMBS MORTPASS 4.5% 07/47","30yr",,,,,"241845.96",,,,,,""
"2021-04-21","'31307LVS4'","MBS","FHLMCGLD 2.5% 02/30","15yr",,,,,"241811.43",,,,,,""
"2021-04-21","'3140JP3T0'","MBS","UMBS MORTPASS 2.5% 03/35","15yr",,,,,"241732.74",,,,,,""
"2021-04-21","'3140H7UK1'","MBS","UMBS MORTPASS 3% 12/32","15yr",,,,,"241689.01",,,,,,""
"2021-04-21","'3138X1Y26'","MBS","UMBS MORTPASS 4% 07/43","30yr",,,,,"241687.19",,,,,,""
"2021-04-21","'36295R3N6'","MBS","GNMA I 4.5% 06/38","30yr",,,,,"241646.41",,,,,,""
"2021-04-21","'36297JCE2'","MBS","GNMA I 4.5% 04/39","30yr",,,,,"241529.46",,,,,,""
"2021-04-21","'36176XE96'","MBS","GNMA I 3.5% 03/42","30yr",,,,,"241514.66",,,,,,""
"2021-04-21","'3620AB4N3'","MBS","GNMA I MORTPASS 5% 12/39","30yr",,,,,"241459.95",,,,,,""
"2021-04-21","'36181ECZ5'","MBS","GNMA I MORTPASS 3% 06/43","30yr",,,,,"241443.14",,,,,,""
"2021-04-21","'31421AMM2'","MBS","UMBS MORTPASS 4% 09/40","30yr",,,,,"241388.12",,,,,,""
"2021-04-21","'36177WJP6'","MBS","GNMA I 3.5% 05/42","30yr",,,,,"241381.84",,,,,,""
"2021-04-21","'3140GTS27'","MBS","UMBS MORTPASS 2.5% 08/32","15yr",,,,,"241381.78",,,,,,""
"2021-04-21","'3138WW5D7'","MBS","UMBS MORTPASS 2.5% 07/28","15yr",,,,,"241357.94",,,,,,""
"2021-04-21","'3620ADC91'","MBS","GNMA I MORTPASS 5% 11/39","30yr",,,,,"241276.32",,,,,,""
"2021-04-21","'3620AAQP6'","MBS","GNMA I MORTPASS 4% 07/41","30yr",,,,,"241223.53",,,,,,""
"2021-04-21","'3133KYR43'","MBS","UMBS MORTPASS 3.5% 09/39","Other",,,,,"241210.29",,,,,,""
"2021-04-21","'36296WEG7'","MBS","GNMA I MORTPASS 4% 02/39","30yr",,,,,"241169.47",,,,,,""
"2021-04-21","'36178RM49'","MBS","GNMA I 3.5% 06/43","30yr",,,,,"241081.15",,,,,,""
"2021-04-21","'3132QRL32'","MBS","FHLMCGLD 3% 07/45","30yr",,,,,"240971.66",,,,,,""
"2021-04-21","'3138MKMW3'","MBS","UMBS MORTPASS 3% 06/28","15yr",,,,,"240938.63",,,,,,""
"2021-04-21","'3140HKCQ9'","MBS","UMBS MORTPASS 3% 07/33","15yr",,,,,"240907.04",,,,,,""
"2021-04-21","'3138AN4U4'","MBS","UMBS MORTPASS 3% 09/26","15yr",,,,,"240724.83",,,,,,""
"2021-04-21","'36296GHY0'","MBS","GNMA I MORTPASS 4% 11/40","30yr",,,,,"240720.48",,,,,,""
"2021-04-21","'36230LEQ8'","MBS","GNMA I MORTPASS 4% 01/41","30yr",,,,,"240707.29",,,,,,""
"2021-04-21","'3138WD2D2'","MBS","UMBS MORTPASS 3.5% 02/45","30yr",,,,,"240693.3",,,,,,""
"2021-04-21","'36178MSR3'","MBS","GNMA I 3.5% 09/42","30yr",,,,,"240664.49",,,,,,""
"2021-04-21","'3140JJYF0'","MBS","UMBS MORTPASS 4.5% 12/48","30yr",,,,,"240654.47",,,,,,""
"2021-04-21","'3133L7GP6'","MBS","UMBS MORTPASS 2.5% 10/34","15yr",,,,,"240612.3",,,,,,""
"2021-04-21","'3140KGV26'","MBS","UMBS MORTPASS 2.5% 06/50","30yr",,,,,"240609.77",,,,,,""
"2021-04-21","'3133A2NV8'","MBS","UMBS MORTPASS 4.5% 03/50","30yr",,,,,"240556.14",,,,,,""
"2021-04-21","'36178MRZ6'","MBS","GNMA I 3.5% 09/42","30yr",,,,,"240522.23",,,,,,""
"2021-04-21","'36297H5G9'","MBS","GNMA I MORTPASS 5% 10/39","30yr",,,,,"240393.82",,,,,,""
"2021-04-21","'36296MGW2'","MBS","GNMA I 4.5% 04/39","30yr",,,,,"240313.94",,,,,,""
"2021-04-21","'3131X7TM0'","MBS","UMBS MORTPASS 2.5% 05/22","Other",,,,,"240255.88",,,,,,""
"2021-04-21","'3138WPTJ3'","MBS","UMBS MORTPASS 3% 04/28","15yr",,,,,"240158.99",,,,,,""
"2021-04-21","'3132ACMU1'","MBS","UMBS MORTPASS 4.5% 05/48","30yr",,,,,"240051.27",,,,,,""
"2021-04-21","'31417KGF8'","MBS","UMBS MORTPASS 4.5% 07/39","30yr",,,,,"239953.11",,,,,,""
"2021-04-21","'3140H4KH6'","MBS","UMBS MORTPASS 3% 01/33","15yr",,,,,"239851.42",,,,,,""
"2021-04-21","'3138XUKB7'","MBS","UMBS MORTPASS 3% 04/29","15yr",,,,,"239831.29",,,,,,""
"2021-04-21","'3620A3BP8'","MBS","GNMA I MORTPASS 3% 04/43","30yr",,,,,"239752.3",,,,,,""
"2021-04-21","'3140JLQQ0'","MBS","UMBS MORTPASS 4% 12/48","30yr",,,,,"239726.71",,,,,,""
"2021-04-21","'31411NUC9'","MBS","UMBS MORTPASS 5% 02/37","30yr",,,,,"239690.12",,,,,,""
"2021-04-21","'3132A7YH8'","MBS","UMBS MORTPASS 3% 07/29","15yr",,,,,"239664.19",,,,,,""
"2021-04-21","'3620ARY70'","MBS","GNMA I MORTPASS 4% 02/41","30yr",,,,,"239484.4",,,,,,""
"2021-04-21","'3131Y2E61'","MBS","UMBS MORTPASS 4% 07/48","30yr",,,,,"239443.06",,,,,,""
"2021-04-21","'3140HPV79'","MBS","UMBS MORTPASS 3.5% 11/48","30yr",,,,,"239414.87",,,,,,""
"2021-04-21","'31329MMC1'","MBS","UMBS MORTPASS 2% 03/33","15yr",,,,,"239380.81",,,,,,""
"2021-04-21","'3138NW6U8'","MBS","UMBS MORTPASS 2% 12/27","15yr",,,,,"239359.7",,,,,,""
"2021-04-21","'3138WAZP5'","MBS","UMBS MORTPASS 2.5% 02/24","Other",,,,,"239357.74",,,,,,""
"2021-04-21","'3140FAH88'","MBS","UMBS MORTPASS 3.5% 06/46","30yr",,,,,"239337.62",,,,,,""
"2021-04-21","'3138A8WV4'","MBS","UMBS MORTPASS 4% 02/41","30yr",,,,,"239027.13",,,,,,""
"2021-04-21","'36177JAJ8'","MBS","GNMA I 3.5% 11/41","30yr",,,,,"238951.34",,,,,,""
"2021-04-21","'36177WJG6'","MBS","GNMA I 3.5% 05/42","30yr",,,,,"238948",,,,,,""
"2021-04-21","'3138WKK53'","MBS","UMBS MORTPASS 4.5% 03/47","30yr",,,,,"238918.66",,,,,,""
"2021-04-21","'3140HLT63'","MBS","UMBS MORTPASS 3.5% 06/48","30yr",,,,,"238846.94",,,,,,""
"2021-04-21","'3138EFCL8'","MBS","UMBS MORTPASS 3% 04/27","15yr",,,,,"238842.35",,,,,,""
"2021-04-21","'31418BML7'","MBS","UMBS MORTPASS 3.5% 01/25","Other",,,,,"238783.68",,,,,,""
"2021-04-21","'3131YDG32'","MBS","UMBS MORTPASS 2.5% 06/34","15yr",,,,,"238650.7",,,,,,""
"2021-04-21","'3620AB5S1'","MBS","GNMA I MORTPASS 5% 12/39","30yr",,,,,"238647.37",,,,,,""
"2021-04-21","'36180HKA5'","MBS","GNMA I MORTPASS 4% 09/43","30yr",,,,,"238607.28",,,,,,""
"2021-04-21","'3131X9XT6'","MBS","UMBS MORTPASS 2% 10/23","Other",,,,,"238499.44",,,,,,""
"2021-04-21","'31307JUY7'","MBS","FHLMCGLD 3% 10/29","15yr",,,,,"238438.79",,,,,,""
"2021-04-21","'3140JG2F1'","MBS","UMBS MORTPASS 4% 05/49","30yr",,,,,"238437.12",,,,,,""
"2021-04-21","'3138Y9RV2'","MBS","UMBS MORTPASS 3.5% 02/45","30yr",,,,,"238249.33",,,,,,""
"2021-04-21","'3620A24T0'","MBS","GNMA I MORTPASS 4% 01/42","30yr",,,,,"238221.92",,,,,,""
"2021-04-21","'3140H5TX9'","MBS","UMBS MORTPASS 4% 06/48","30yr",,,,,"238145.2",,,,,,""
"2021-04-21","'36297GUD0'","MBS","GNMA I MORTPASS 3% 10/42","30yr",,,,,"237953.08",,,,,,""
"2021-04-21","'3138YNTL1'","MBS","UMBS MORTPASS 2.5% 08/30","15yr",,,,,"237951.74",,,,,,""
"2021-04-21","'3140K0SM1'","MBS","UMBS MORTPASS 3% 12/49","30yr",,,,,"237875.37",,,,,,""
"2021-04-21","'3138XUAW2'","MBS","UMBS MORTPASS 3.5% 09/29","15yr",,,,,"237813.26",,,,,,""
"2021-04-21","'3140KPJP9'","MBS","UMBS MORTPASS 2% 09/50","30yr",,,,,"237810.24",,,,,,""
"2021-04-21","'3138MLJD7'","MBS","UMBS MORTPASS 3% 11/27","15yr",,,,,"237727.3",,,,,,""
"2021-04-21","'31418CMF8'","MBS","UMBS MORTPASS 3.5% 07/47","30yr",,,,,"237658.42",,,,,,""
"2021-04-21","'31416SQD6'","MBS","UMBS MORTPASS 4.5% 07/24","15yr",,,,,"237652.46",,,,,,""
"2021-04-21","'31329MES5'","MBS","UMBS MORTPASS 2% 08/29","15yr",,,,,"237641.88",,,,,,""
"2021-04-21","'36297HUR7'","MBS","GNMA I 4.5% 07/39","30yr",,,,,"237595.06",,,,,,""
"2021-04-21","'3620A8RZ8'","MBS","GNMA I 4.5% 12/39","30yr",,,,,"237572.08",,,,,,""
"2021-04-21","'3620C4W71'","MBS","GNMA I MORTPASS 4% 10/40","30yr",,,,,"237508.97",,,,,,""
"2021-04-21","'36178Y3D5'","MBS","GNMA I MORTPASS 3% 11/42","30yr",,,,,"237482.27",,,,,,""
"2021-04-21","'31307LE79'","MBS","FHLMCGLD 3% 11/29","15yr",,,,,"237369.66",,,,,,""
"2021-04-21","'3620A8UZ4'","MBS","GNMA I MORTPASS 5% 11/39","30yr",,,,,"237336.58",,,,,,""
"2021-04-21","'3620A7KS3'","MBS","GNMA I 4.5% 12/39","30yr",,,,,"237316.25",,,,,,""
"2021-04-21","'3138WE4M8'","MBS","UMBS MORTPASS 3% 07/30","15yr",,,,,"237059.32",,,,,,""
"2021-04-21","'3132M6P20'","MBS","FHLMCGLD 4% 05/44","30yr",,,,,"237059",,,,,,""
"2021-04-21","'31413CSK6'","MBS","UMBS MORTPASS 3% 12/26","15yr",,,,,"237041.65",,,,,,""
"2021-04-21","'3138XGV34'","MBS","UMBS MORTPASS 4.5% 02/44","30yr",,,,,"236941.47",,,,,,""
"2021-04-21","'31417AVB2'","MBS","UMBS MORTPASS 2.5% 01/27","15yr",,,,,"236896.66",,,,,,""
"2021-04-21","'31307VWG7'","MBS","FHLMCGLD 3% 03/33","15yr",,,,,"236770.11",,,,,,""
"2021-04-21","'3138XFCE3'","MBS","UMBS MORTPASS 3% 01/29","15yr",,,,,"236764",,,,,,""
"2021-04-21","'3140H4YR9'","MBS","UMBS MORTPASS 3% 01/33","15yr",,,,,"236635.9",,,,,,""
"2021-04-21","'3620C1LR5'","MBS","GNMA I MORTPASS 4% 12/41","30yr",,,,,"236590.97",,,,,,""
"2021-04-21","'3132MASD4'","MBS","FHLMCGLD 3.5% 11/44","30yr",,,,,"236463.39",,,,,,""
"2021-04-21","'3138W2JY2'","MBS","UMBS MORTPASS 2.5% 03/28","15yr",,,,,"236453.79",,,,,,""
"2021-04-21","'3128MMUX9'","MBS","FHLMCGLD 3.5% 04/31","15yr",,,,,"236406.94",,,,,,""
"2021-04-21","'3138WCB69'","MBS","UMBS MORTPASS 2.5% 07/24","Other",,,,,"236402.52",,,,,,""
"2021-04-21","'3128MDRV7'","MBS","FHLMCGLD 4% 06/25","15yr",,,,,"236360.1",,,,,,""
"2021-04-21","'3132J92C1'","MBS","FHLMCGLD 3.5% 05/43","30yr",,,,,"236331.62",,,,,,""
"2021-04-21","'36176WSH5'","MBS","GNMA I 3.5% 01/42","30yr",,,,,"236310.29",,,,,,""
"2021-04-21","'3138XCXL1'","MBS","UMBS MORTPASS 3% 11/28","15yr",,,,,"236275.81",,,,,,""
"2021-04-21","'36295HCA6'","MBS","GNMA I MORTPASS 6% 08/37","30yr",,,,,"236240.82",,,,,,""
"2021-04-21","'3138XGKL6'","MBS","UMBS MORTPASS 3.5% 06/29","15yr",,,,,"236156.44",,,,,,""
"2021-04-21","'3140K2UA0'","MBS","UMBS MORTPASS 2.5% 11/34","15yr",,,,,"236035.54",,,,,,""
"2021-04-21","'3138YFQ72'","MBS","UMBS MORTPASS 3% 01/45","30yr",,,,,"235939.94",,,,,,""
"2021-04-21","'3140KUVQ2'","MBS","UMBS MORTPASS 2% 11/50","30yr",,,,,"235698.41",,,,,,""
"2021-04-21","'3140HJRH6'","MBS","UMBS MORTPASS 3.5% 06/48","30yr",,,,,"235658.02",,,,,,""
"2021-04-21","'3131X8FU5'","MBS","UMBS MORTPASS 2.5% 11/27","15yr",,,,,"235637.28",,,,,,""
"2021-04-21","'3128P7N90'","MBS","FHLMCGLD 4% 07/30","Other",,,,,"235563.43",,,,,,""
"2021-04-21","'31346YB69'","MBS","UMBS MORTPASS 3.5% 11/49","30yr",,,,,"235504.02",,,,,,""
"2021-04-21","'3620AB6K7'","MBS","GNMA I MORTPASS 5% 01/40","30yr",,,,,"235490.27",,,,,,""
"2021-04-21","'36295CJC6'","MBS","GNMA I 3.5% 05/43","30yr",,,,,"235452.68",,,,,,""
"2021-04-21","'3620A5WK1'","MBS","GNMA I MORTPASS 5% 12/39","30yr",,,,,"235393.68",,,,,,""
"2021-04-21","'3131YCML7'","MBS","UMBS MORTPASS 3.5% 04/44","30yr",,,,,"235341.63",,,,,,""
"2021-04-21","'36202E6E4'","MBS","GNMA II MORTPASS 5% 06/39","30yr",,,,,"235299.36",,,,,,""
"2021-04-21","'3132D54G4'","MBS","UMBS MORTPASS 2% 10/34","15yr",,,,,"235174.34",,,,,,""
"2021-04-21","'36178Q4R0'","MBS","GNMA I MORTPASS 3% 11/42","30yr",,,,,"235152.13",,,,,,""
"2021-04-21","'31418B2P0'","MBS","UMBS MORTPASS 2.5% 04/26","Other",,,,,"235125.65",,,,,,""
"2021-04-21","'36180HTD0'","MBS","GNMA I MORTPASS 3% 03/43","30yr",,,,,"235011.85",,,,,,""
"2021-04-21","'3140HJQU8'","MBS","UMBS MORTPASS 3.5% 05/48","30yr",,,,,"234876.05",,,,,,""
"2021-04-21","'3138Y7CR1'","MBS","UMBS MORTPASS 3.5% 09/30","15yr",,,,,"234746.19",,,,,,""
"2021-04-21","'3140HATC4'","MBS","UMBS MORTPASS 3.5% 01/48","30yr",,,,,"234694.22",,,,,,""
"2021-04-21","'3138EHJP8'","MBS","UMBS MORTPASS 4% 09/41","30yr",,,,,"234634.94",,,,,,""
"2021-04-21","'36177S7C7'","MBS","GNMA I 3.5% 03/42","30yr",,,,,"234565.68",,,,,,""
"2021-04-21","'31307HPH4'","MBS","FHLMCGLD 3.5% 07/29","15yr",,,,,"234557.56",,,,,,""
"2021-04-21","'3138XTMQ5'","MBS","UMBS MORTPASS 4% 04/44","30yr",,,,,"234495.98",,,,,,""
"2021-04-21","'36296LM98'","MBS","GNMA I 4.5% 04/39","30yr",,,,,"234425.07",,,,,,""
"2021-04-21","'3138X86D8'","MBS","UMBS MORTPASS 2.5% 01/29","15yr",,,,,"234386.05",,,,,,""
"2021-04-21","'31418CUB8'","MBS","UMBS MORTPASS 4% 02/48","30yr",,,,,"234384.86",,,,,,""
"2021-04-21","'3140HAR77'","MBS","UMBS MORTPASS 3.5% 04/48","30yr",,,,,"234315.91",,,,,,""
"2021-04-21","'3620AATY4'","MBS","GNMA I MORTPASS 5% 09/39","30yr",,,,,"234241.32",,,,,,""
"2021-04-21","'36181D6S0'","MBS","GNMA I MORTPASS 3% 05/43","30yr",,,,,"234100.73",,,,,,""
"2021-04-21","'36297ADR1'","MBS","GNMA I 4.5% 08/39","30yr",,,,,"234079.99",,,,,,""
"2021-04-21","'3140F34E5'","MBS","UMBS MORTPASS 2.5% 07/31","15yr",,,,,"233972.5",,,,,,""
"2021-04-21","'36202FMB9'","MBS","GNMA II 4.5% 11/40","30yr",,,,,"233912.65",,,,,,""
"2021-04-21","'31307VJ80'","MBS","FHLMCGLD 3% 01/33","15yr",,,,,"233801.31",,,,,,""
"2021-04-21","'31416LQX7'","MBS","UMBS MORTPASS 4% 03/24","15yr",,,,,"233734.08",,,,,,""
"2021-04-21","'3140HJL82'","MBS","UMBS MORTPASS 4.5% 05/48","30yr",,,,,"233607.76",,,,,,""
"2021-04-21","'3132A9PC5'","MBS","UMBS MORTPASS 3% 03/29","15yr",,,,,"233582.81",,,,,,""
"2021-04-21","'31419KU86'","MBS","UMBS MORTPASS 3% 11/25","15yr",,,,,"233506.29",,,,,,""
"2021-04-21","'36297FBL5'","MBS","GNMA I 4.5% 06/39","30yr",,,,,"233483.74",,,,,,""
"2021-04-21","'3131Y8ZN8'","MBS","UMBS MORTPASS 4% 01/49","30yr",,,,,"233472.48",,,,,,""
"2021-04-21","'3138YL7M7'","MBS","UMBS MORTPASS 3% 04/45","30yr",,,,,"233429.97",,,,,,""
"2021-04-21","'31415AWM9'","MBS","UMBS MORTPASS 4.5% 04/23","15yr",,,,,"233270.11",,,,,,""
"2021-04-21","'3140K0HB7'","MBS","UMBS MORTPASS 2.5% 11/34","15yr",,,,,"233242.05",,,,,,""
"2021-04-21","'31418CHP2'","MBS","UMBS MORTPASS 4% 03/37","Other",,,,,"233219.69",,,,,,""
"2021-04-21","'31307XBP6'","MBS","FHLMCGLD 3.5% 12/33","15yr",,,,,"233216.34",,,,,,""
"2021-04-21","'3140HPZY6'","MBS","UMBS MORTPASS 4% 08/48","30yr",,,,,"233190.61",,,,,,""
"2021-04-21","'3138WFNE2'","MBS","UMBS MORTPASS 2.5% 09/30","15yr",,,,,"233112.71",,,,,,""
"2021-04-21","'31292SCB4'","MBS","FHLMCGLD 3.5% 10/44","30yr",,,,,"233023.52",,,,,,""
"2021-04-21","'3138WQHC9'","MBS","UMBS MORTPASS 2.5% 05/28","15yr",,,,,"232965.98",,,,,,""
"2021-04-21","'3620A3Z49'","MBS","GNMA I MORTPASS 5% 02/40","30yr",,,,,"232938.78",,,,,,""
"2021-04-21","'31334WD81'","MBS","UMBS MORTPASS 3.5% 06/49","30yr",,,,,"232919.5",,,,,,""
"2021-04-21","'36176DJX2'","MBS","GNMA I MORTPASS 4% 04/41","30yr",,,,,"232869.75",,,,,,""
"2021-04-21","'3138MGWU5'","MBS","UMBS MORTPASS 2.5% 10/27","15yr",,,,,"232857.23",,,,,,""
"2021-04-21","'3138WBFQ3'","MBS","UMBS MORTPASS 2.5% 03/29","15yr",,,,,"232853.9",,,,,,""
"2021-04-21","'36297ADX8'","MBS","GNMA I MORTPASS 5% 08/39","30yr",,,,,"232819.87",,,,,,""
"2021-04-21","'3131X8TV8'","MBS","UMBS MORTPASS 2% 03/23","Other",,,,,"232714.56",,,,,,""
"2021-04-21","'3140KXRX6'","MBS","UMBS MORTPASS 2% 12/50","30yr",,,,,"232615.18",,,,,,""
"2021-04-21","'3132QN7B9'","MBS","FHLMCGLD 3% 04/45","30yr",,,,,"232553.93",,,,,,""
"2021-04-21","'3131XARM5'","MBS","UMBS MORTPASS 3% 08/29","15yr",,,,,"232528.86",,,,,,""
"2021-04-21","'36178TQN9'","MBS","GNMA I 3.5% 02/43","30yr",,,,,"232517.92",,,,,,""
"2021-04-21","'3138WRS43'","MBS","UMBS MORTPASS 3.5% 05/43","30yr",,,,,"232394.5",,,,,,""
"2021-04-21","'3140J8DM2'","MBS","UMBS MORTPASS 2.5% 04/47","30yr",,,,,"232286.48",,,,,,""
"2021-04-21","'3140EUE39'","MBS","UMBS MORTPASS 4% 01/46","30yr",,,,,"232251.59",,,,,,""
"2021-04-21","'31418CJY1'","MBS","UMBS MORTPASS 3.5% 04/27","Other",,,,,"232248.19",,,,,,""
"2021-04-21","'31307W3C6'","MBS","FHLMCGLD 3.5% 11/33","15yr",,,,,"232248.04",,,,,,""
"2021-04-21","'31329MGL8'","MBS","UMBS MORTPASS 3% 06/30","15yr",,,,,"232045.29",,,,,,""
"2021-04-21","'3138WPSF2'","MBS","UMBS MORTPASS 2.5% 05/28","15yr",,,,,"232042.75",,,,,,""
"2021-04-21","'36177P6U4'","MBS","GNMA I 3.5% 04/42","30yr",,,,,"231988.6",,,,,,""
"2021-04-21","'36179JJK4'","MBS","GNMA I MORTPASS 3% 02/43","30yr",,,,,"231927.84",,,,,,""
"2021-04-21","'3138M4BX9'","MBS","UMBS MORTPASS 2.5% 08/27","15yr",,,,,"231833",,,,,,""
"2021-04-21","'3140QAV80'","MBS","UMBS MORTPASS 4% 03/49","30yr",,,,,"231688.85",,,,,,""
"2021-04-21","'36297FLW0'","MBS","GNMA I MORTPASS 5% 11/39","30yr",,,,,"231688.17",,,,,,""
"2021-04-21","'31418AFA1'","MBS","UMBS MORTPASS 2.5% 05/27","15yr",,,,,"231683.54",,,,,,""
"2021-04-21","'36230U6B0'","MBS","GNMA I 3.5% 11/41","30yr",,,,,"231589.23",,,,,,""
"2021-04-21","'3138WFAB2'","MBS","UMBS MORTPASS 2% 07/30","15yr",,,,,"231541.57",,,,,,""
"2021-04-21","'3140H7L62'","MBS","UMBS MORTPASS 4% 05/48","30yr",,,,,"231491.58",,,,,,""
"2021-04-21","'3138WRQN3'","MBS","UMBS MORTPASS 3% 04/28","15yr",,,,,"231362.45",,,,,,""
"2021-04-21","'3140Q8BR5'","MBS","UMBS MORTPASS 3% 12/32","15yr",,,,,"231253.95",,,,,,""
"2021-04-21","'3138LXY29'","MBS","UMBS MORTPASS 3% 06/27","15yr",,,,,"231236.15",,,,,,""
"2021-04-21","'3131X8LZ7'","MBS","UMBS MORTPASS 2% 01/23","Other",,,,,"231200.14",,,,,,""
"2021-04-21","'3140HJG96'","MBS","UMBS MORTPASS 3.5% 09/33","15yr",,,,,"231120.88",,,,,,""
"2021-04-21","'31417ESB8'","MBS","UMBS MORTPASS 2.5% 01/28","15yr",,,,,"231101.94",,,,,,""
"2021-04-21","'31418BGQ3'","MBS","UMBS MORTPASS 2% 07/24","Other",,,,,"231090.62",,,,,,""
"2021-04-21","'3138LWFA4'","MBS","UMBS MORTPASS 2.5% 07/27","15yr",,,,,"231037.86",,,,,,""
"2021-04-21","'3128MJY38'","MBS","FHLMCGLD 4.5% 09/46","30yr",,,,,"230940.99",,,,,,""
"2021-04-21","'312935FJ3'","MBS","FHLMCGLD 4% 08/39","30yr",,,,,"230933.01",,,,,,""
"2021-04-21","'312939JS1'","MBS","FHLMCGLD 5.5% 02/40","30yr",,,,,"230707.48",,,,,,""
"2021-04-21","'36296QUV9'","MBS","GNMA I 4.5% 06/39","30yr",,,,,"230655.81",,,,,,""
"2021-04-21","'3140KQVC2'","MBS","UMBS MORTPASS 2.5% 11/50","30yr",,,,,"230638.96",,,,,,""
"2021-04-21","'3140JPAC9'","MBS","UMBS MORTPASS 4.5% 05/49","30yr",,,,,"230616.41",,,,,,""
"2021-04-21","'3138WRR85'","MBS","UMBS MORTPASS 3% 04/28","15yr",,,,,"230392.14",,,,,,""
"2021-04-21","'3140H8VP7'","MBS","UMBS MORTPASS 3.5% 07/48","30yr",,,,,"230340.89",,,,,,""
"2021-04-21","'3138MQVQ3'","MBS","UMBS MORTPASS 3% 12/27","15yr",,,,,"230242.95",,,,,,""
"2021-04-21","'31417EVQ1'","MBS","UMBS MORTPASS 2.5% 02/28","15yr",,,,,"230153.07",,,,,,""
"2021-04-21","'3138Y3YR6'","MBS","UMBS MORTPASS 2.5% 10/24","Other",,,,,"229922.96",,,,,,""
"2021-04-21","'3140FR4C6'","MBS","UMBS MORTPASS 3% 01/32","15yr",,,,,"229778.92",,,,,,""
"2021-04-21","'3138XZCJ8'","MBS","UMBS MORTPASS 3.5% 08/29","15yr",,,,,"229775.41",,,,,,""
"2021-04-21","'31307Q6M4'","MBS","FHLMCGLD 3% 05/31","15yr",,,,,"229721.28",,,,,,""
"2021-04-21","'3128PVMC1'","MBS","FHLMCGLD 4% 06/26","15yr",,,,,"229697.22",,,,,,""
"2021-04-21","'3132KE4Z5'","MBS","FHLMCGLD 3% 06/30","15yr",,,,,"229646.36",,,,,,""
"2021-04-21","'3138YUFX4'","MBS","UMBS MORTPASS 3.5% 08/30","15yr",,,,,"229555.23",,,,,,""
"2021-04-21","'3132QNTR0'","MBS","FHLMCGLD 3.5% 03/45","30yr",,,,,"229425.92",,,,,,""
"2021-04-21","'31416RHU0'","MBS","UMBS MORTPASS 4.5% 06/24","15yr",,,,,"229409.26",,,,,,""
"2021-04-21","'36295PXD9'","MBS","GNMA I MORTPASS 5% 01/38","30yr",,,,,"229392.66",,,,,,""
"2021-04-21","'3620AAVF2'","MBS","GNMA I 4.5% 08/39","30yr",,,,,"229373.53",,,,,,""
"2021-04-21","'3140L5WW2'","MBS","UMBS MORTPASS 1.5% 04/51","30yr",,,,,"229284",,,,,,""
"2021-04-21","'3131YCRT5'","MBS","UMBS MORTPASS 3% 05/49","30yr",,,,,"229226.9",,,,,,""
"2021-04-21","'31416AFA3'","MBS","UMBS MORTPASS 3.5% 05/24","15yr",,,,,"229200.2",,,,,,""
"2021-04-21","'3132WJYR6'","MBS","FHLMCGLD 3.5% 01/45","30yr",,,,,"229156.67",,,,,,""
"2021-04-21","'3138MAJB5'","MBS","UMBS MORTPASS 3% 08/27","15yr",,,,,"229141.26",,,,,,""
"2021-04-21","'3138WGUC6'","MBS","UMBS MORTPASS 3% 03/31","15yr",,,,,"229131.08",,,,,,""
"2021-04-21","'31307QQQ3'","MBS","FHLMCGLD 3.5% 03/31","15yr",,,,,"229112.23",,,,,,""
"2021-04-21","'31417CUM5'","MBS","UMBS MORTPASS 2% 08/27","15yr",,,,,"229022.21",,,,,,""
"2021-04-21","'31294MFU0'","MBS","FHLMCGLD 4% 04/26","15yr",,,,,"228981.18",,,,,,""
"2021-04-21","'36291UPW9'","MBS","GNMA I 4.5% 07/39","30yr",,,,,"228778.58",,,,,,""
"2021-04-21","'31418CQN7'","MBS","UMBS MORTPASS 3.5% 10/27","Other",,,,,"228679.34",,,,,,""
"2021-04-21","'3620A7PS8'","MBS","GNMA I 4.5% 10/39","30yr",,,,,"228639.78",,,,,,""
"2021-04-21","'3140HEE24'","MBS","UMBS MORTPASS 3% 04/33","15yr",,,,,"228530.56",,,,,,""
"2021-04-21","'36297KHD6'","MBS","GNMA I 4.5% 05/39","30yr",,,,,"228479.38",,,,,,""
"2021-04-21","'3132JPP22'","MBS","FHLMCGLD 4% 10/43","30yr",,,,,"228426.74",,,,,,""
"2021-04-21","'31307LYW2'","MBS","FHLMCGLD 3.5% 02/30","15yr",,,,,"228374.84",,,,,,""
"2021-04-21","'3138AV7J8'","MBS","UMBS MORTPASS 3% 12/26","15yr",,,,,"228358.42",,,,,,""
"2021-04-21","'3132DMN35'","MBS","UMBS MORTPASS 2.5% 08/50","30yr",,,,,"228325.21",,,,,,""
"2021-04-21","'3128MMTB9'","MBS","FHLMCGLD 3% 03/30","15yr",,,,,"228252.81",,,,,,""
"2021-04-21","'3138Y3TA9'","MBS","UMBS MORTPASS 3% 08/29","15yr",,,,,"228164.69",,,,,,""
"2021-04-21","'3620AA6Y9'","MBS","GNMA I 4.5% 11/39","30yr",,,,,"228134.47",,,,,,""
"2021-04-21","'36296PW64'","MBS","GNMA I 4.5% 05/39","30yr",,,,,"228086.91",,,,,,""
"2021-04-21","'3138M95M9'","MBS","UMBS MORTPASS 2.5% 10/27","15yr",,,,,"227972.9",,,,,,""
"2021-04-21","'3132A8VQ9'","MBS","UMBS MORTPASS 3% 08/28","15yr",,,,,"227972.25",,,,,,""
"2021-04-21","'31418B3S3'","MBS","UMBS MORTPASS 3% 05/46","30yr",,,,,"227961.9",,,,,,""
"2021-04-21","'36176HQ23'","MBS","GNMA I 3.5% 04/42","30yr",,,,,"227921.93",,,,,,""
"2021-04-21","'36297GL57'","MBS","GNMA I 4.5% 08/39","30yr",,,,,"227855.56",,,,,,""
"2021-04-21","'31307HSY4'","MBS","FHLMCGLD 3.5% 07/29","15yr",,,,,"227850.75",,,,,,""
"2021-04-21","'31418BRW8'","MBS","UMBS MORTPASS 3.5% 04/25","Other",,,,,"227818.78",,,,,,""
"2021-04-21","'3140HN5L2'","MBS","UMBS MORTPASS 3% 09/33","15yr",,,,,"227807.45",,,,,,""
"2021-04-21","'3138YXTV7'","MBS","UMBS MORTPASS 2.5% 07/30","15yr",,,,,"227717.07",,,,,,""
"2021-04-21","'3138MR4J7'","MBS","UMBS MORTPASS 2.5% 12/27","15yr",,,,,"227595.8",,,,,,""
"2021-04-21","'3138M3LA0'","MBS","UMBS MORTPASS 2.5% 09/27","15yr",,,,,"227517.5",,,,,,""
"2021-04-21","'3138X2F66'","MBS","UMBS MORTPASS 3% 08/28","15yr",,,,,"227480.81",,,,,,""
"2021-04-21","'31417ELE9'","MBS","UMBS MORTPASS 2% 01/28","15yr",,,,,"227368.82",,,,,,""
"2021-04-21","'3138XHEF4'","MBS","UMBS MORTPASS 3.5% 01/29","15yr",,,,,"227364.59",,,,,,""
"2021-04-21","'36296YZN5'","MBS","GNMA I 4.5% 09/39","30yr",,,,,"227304.94",,,,,,""
"2021-04-21","'3140HAQH6'","MBS","UMBS MORTPASS 3.5% 03/48","30yr",,,,,"227164.21",,,,,,""
"2021-04-21","'31389ECQ6'","MBS","UMBS MORTPASS 6.5% 09/24","30yr",,,,,"226899.72",,,,,,""
"2021-04-21","'3620A1S66'","MBS","GNMA I MORTPASS 5% 10/39","30yr",,,,,"226847.75",,,,,,""
"2021-04-21","'36179TEX9'","MBS","GNMA II 2.5% 08/47","30yr",,,,,"226834.16",,,,,,""
"2021-04-21","'3140HEVT6'","MBS","UMBS MORTPASS 3.5% 05/33","15yr",,,,,"226821.92",,,,,,""
"2021-04-21","'31335BAW6'","MBS","FHLMCGLD 4.5% 02/47","30yr",,,,,"226808.96",,,,,,""
"2021-04-21","'31418CAF1'","MBS","UMBS MORTPASS 3% 08/46","30yr",,,,,"226754.15",,,,,,""
"2021-04-21","'36177TLL9'","MBS","GNMA I 3.5% 07/42","30yr",,,,,"226634.42",,,,,,""
"2021-04-21","'3138X2ZQ0'","MBS","UMBS MORTPASS 3% 08/28","15yr",,,,,"226577.08",,,,,,""
"2021-04-21","'36294UVM1'","MBS","GNMA I 3.5% 05/42","30yr",,,,,"226516.77",,,,,,""
"2021-04-21","'31307GZ51'","MBS","FHLMCGLD 3% 04/29","15yr",,,,,"226514.78",,,,,,""
"2021-04-21","'3132WESM5'","MBS","FHLMCGLD 4% 06/46","30yr",,,,,"226496.22",,,,,,""
"2021-04-21","'3128MAD55'","MBS","FHLMCGLD 3.5% 01/45","30yr",,,,,"226383",,,,,,""
"2021-04-21","'3620AARD2'","MBS","GNMA I 4.5% 08/39","30yr",,,,,"226378.82",,,,,,""
"2021-04-21","'3140JYQJ8'","MBS","UMBS MORTPASS 3.5% 08/49","30yr",,,,,"226305.99",,,,,,""
"2021-04-21","'31307HAT4'","MBS","FHLMCGLD 3.5% 05/29","15yr",,,,,"226192.67",,,,,,""
"2021-04-21","'31418AJM1'","MBS","UMBS MORTPASS 2.5% 09/27","15yr",,,,,"226066.16",,,,,,""
"2021-04-21","'3140QAVP2'","MBS","UMBS MORTPASS 3.5% 04/49","30yr",,,,,"225812.22",,,,,,""
"2021-04-21","'3138M53P2'","MBS","UMBS MORTPASS 3% 08/27","15yr",,,,,"225809.6",,,,,,""
"2021-04-21","'36180BGL9'","MBS","GNMA I 3.5% 04/43","30yr",,,,,"225537.86",,,,,,""
"2021-04-21","'3131X8WV4'","MBS","UMBS MORTPASS 2% 03/28","15yr",,,,,"225459.65",,,,,,""
"2021-04-21","'3138WDU33'","MBS","UMBS MORTPASS 3.5% 12/29","15yr",,,,,"225449.77",,,,,,""
"2021-04-21","'3131X8MX1'","MBS","UMBS MORTPASS 2.5% 01/28","15yr",,,,,"225430.42",,,,,,""
"2021-04-21","'31417W3P4'","MBS","UMBS MORTPASS 4% 01/25","15yr",,,,,"225214.66",,,,,,""
"2021-04-21","'3138MJH69'","MBS","UMBS MORTPASS 4% 11/42","30yr",,,,,"225164.59",,,,,,""
"2021-04-21","'3138WP3K8'","MBS","UMBS MORTPASS 3% 02/29","15yr",,,,,"225095.03",,,,,,""
"2021-04-21","'3138M86Y4'","MBS","UMBS MORTPASS 2.5% 09/27","15yr",,,,,"225026.81",,,,,,""
"2021-04-21","'3138NW6W4'","MBS","UMBS MORTPASS 2% 12/27","15yr",,,,,"224877.84",,,,,,""
"2021-04-21","'3620A4N40'","MBS","GNMA I MORTPASS 5% 08/39","30yr",,,,,"224875.72",,,,,,""
"2021-04-21","'36297KWD9'","MBS","GNMA I MORTPASS 5% 07/39","30yr",,,,,"224865.35",,,,,,""
"2021-04-21","'3138WKQD0'","MBS","UMBS MORTPASS 3.5% 04/47","30yr",,,,,"224653.44",,,,,,""
"2021-04-21","'3140FP5U9'","MBS","UMBS MORTPASS 4.5% 11/46","30yr",,,,,"224459.81",,,,,,""
"2021-04-21","'31417GXX9'","MBS","UMBS MORTPASS 2.5% 06/23","Other",,,,,"224435.27",,,,,,""
"2021-04-21","'3138AXCM1'","MBS","UMBS MORTPASS 3% 10/26","15yr",,,,,"224369.74",,,,,,""
"2021-04-21","'3140JPK95'","MBS","UMBS MORTPASS 3.5% 05/49","30yr",,,,,"224311.7",,,,,,""
"2021-04-21","'3138W44U2'","MBS","UMBS MORTPASS 2.5% 06/28","15yr",,,,,"224247.79",,,,,,""
"2021-04-21","'36296AG57'","MBS","GNMA I MORTPASS 5% 04/39","30yr",,,,,"224123.47",,,,,,""
"2021-04-21","'31418UTN4'","MBS","UMBS MORTPASS 5% 07/40","30yr",,,,,"224101.23",,,,,,""
"2021-04-21","'3138Y1CQ6'","MBS","UMBS MORTPASS 3.5% 08/29","15yr",,,,,"224080.92",,,,,,""
"2021-04-21","'3138E7TS3'","MBS","UMBS MORTPASS 3% 02/27","15yr",,,,,"224033.77",,,,,,""
"2021-04-21","'3138ECF32'","MBS","UMBS MORTPASS 3% 03/27","15yr",,,,,"223996.77",,,,,,""
"2021-04-21","'36178VUF6'","MBS","GNMA I MORTPASS 3% 01/43","30yr",,,,,"223886.28",,,,,,""
"2021-04-21","'3140JWQJ2'","MBS","UMBS MORTPASS 3% 10/49","30yr",,,,,"223713.86",,,,,,""
"2021-04-21","'3131YBXY9'","MBS","UMBS MORTPASS 2.5% 05/34","15yr",,,,,"223709.15",,,,,,""
"2021-04-21","'3620A4N32'","MBS","GNMA I 4.5% 08/39","30yr",,,,,"223542.95",,,,,,""
"2021-04-21","'3620AB6F8'","MBS","GNMA I MORTPASS 5% 12/39","30yr",,,,,"223541.69",,,,,,""
"2021-04-21","'31307EKG8'","MBS","FHLMCGLD 3% 09/28","15yr",,,,,"223535.28",,,,,,""
"2021-04-21","'3140F4TV8'","MBS","UMBS MORTPASS 3% 05/46","30yr",,,,,"223522.43",,,,,,""
"2021-04-21","'36297BXX4'","MBS","GNMA I MORTPASS 5% 02/39","30yr",,,,,"223366.22",,,,,,""
"2021-04-21","'36176TY44'","MBS","GNMA I 3.5% 06/42","30yr",,,,,"223312.14",,,,,,""
"2021-04-21","'36179Q3F6'","MBS","GNMA II MORTPASS 2% 01/44","30yr",,,,,"223298.95",,,,,,""
"2021-04-21","'36180CQR3'","MBS","GNMA I MORTPASS 3% 02/43","30yr",,,,,"223250.79",,,,,,""
"2021-04-21","'3131X84D5'","MBS","UMBS MORTPASS 2.5% 04/23","Other",,,,,"223122.24",,,,,,""
"2021-04-21","'3140E7KM1'","MBS","UMBS MORTPASS 3.5% 11/30","15yr",,,,,"223101.8",,,,,,""
"2021-04-21","'3138E92D1'","MBS","UMBS MORTPASS 3% 07/27","15yr",,,,,"223033.43",,,,,,""
"2021-04-21","'3138ABEM7'","MBS","UMBS MORTPASS 4% 04/41","30yr",,,,,"222935.39",,,,,,""
"2021-04-21","'3140X8DL8'","MBS","UMBS MORTPASS 2.5% 10/50","30yr",,,,,"222866.78",,,,,,""
"2021-04-21","'3140H7L39'","MBS","UMBS MORTPASS 4% 05/48","30yr",,,,,"222853.44",,,,,,""
"2021-04-21","'31418CK45'","MBS","UMBS MORTPASS 3.5% 05/27","Other",,,,,"222843.49",,,,,,""
"2021-04-21","'3138MHJD6'","MBS","UMBS MORTPASS 3% 10/27","15yr",,,,,"222834.23",,,,,,""
"2021-04-21","'36177NQA1'","MBS","GNMA I 3.5% 12/41","30yr",,,,,"222821.08",,,,,,""
"2021-04-21","'3132GTE94'","MBS","FHLMCGLD 3.5% 04/42","30yr",,,,,"222773.16",,,,,,""
"2021-04-21","'3620A7K38'","MBS","GNMA I 4.5% 08/39","30yr",,,,,"222700.14",,,,,,""
"2021-04-21","'3140JN7K0'","MBS","UMBS MORTPASS 3.5% 05/49","30yr",,,,,"222696.18",,,,,,""
"2021-04-21","'31419H4U3'","MBS","UMBS MORTPASS 4% 10/40","30yr",,,,,"222646.2",,,,,,""
"2021-04-21","'31417D5C3'","MBS","UMBS MORTPASS 2.5% 12/27","15yr",,,,,"222457.28",,,,,,""
"2021-04-21","'3138XZ2Y6'","MBS","UMBS MORTPASS 3.5% 07/44","30yr",,,,,"222456.86",,,,,,""
"2021-04-21","'3620AQKZ5'","MBS","GNMA I MORTPASS 5% 03/40","30yr",,,,,"222353.07",,,,,,""
"2021-04-21","'3138W7X66'","MBS","UMBS MORTPASS 2.5% 03/28","15yr",,,,,"222310.43",,,,,,""
"2021-04-21","'3138MMEC2'","MBS","UMBS MORTPASS 2.5% 10/27","15yr",,,,,"222255.47",,,,,,""
"2021-04-21","'36181A3T7'","MBS","GNMA I MORTPASS 3% 06/43","30yr",,,,,"222214.82",,,,,,""
"2021-04-21","'3138XHKP5'","MBS","UMBS MORTPASS 4.5% 02/44","30yr",,,,,"222182.94",,,,,,""
"2021-04-21","'3138WWMF3'","MBS","UMBS MORTPASS 3% 06/28","15yr",,,,,"222182.31",,,,,,""
"2021-04-21","'31329QGF2'","MBS","UMBS MORTPASS 3.5% 03/49","30yr",,,,,"222146.94",,,,,,""
"2021-04-21","'3138ELFD0'","MBS","UMBS MORTPASS 3.5% 05/28","15yr",,,,,"222089.91",,,,,,""
"2021-04-21","'3132M8MA1'","MBS","FHLMCGLD 4% 08/44","30yr",,,,,"222041.89",,,,,,""
"2021-04-21","'3140H6DS5'","MBS","UMBS MORTPASS 3.5% 02/48","30yr",,,,,"222004.43",,,,,,""
"2021-04-21","'3140JKZB5'","MBS","UMBS MORTPASS 4% 01/49","30yr",,,,,"221856.99",,,,,,""
"2021-04-21","'36297FBP6'","MBS","GNMA I 4.5% 06/39","30yr",,,,,"221711.22",,,,,,""
"2021-04-21","'36297FG30'","MBS","GNMA I MORTPASS 5% 12/39","30yr",,,,,"221691.35",,,,,,""
"2021-04-21","'3620A7K46'","MBS","GNMA I MORTPASS 5% 01/40","30yr",,,,,"221679.12",,,,,,""
"2021-04-21","'36297DHT7'","MBS","GNMA I 4.5% 11/39","30yr",,,,,"221344.22",,,,,,""
"2021-04-21","'3138NX6B8'","MBS","UMBS MORTPASS 2.5% 02/28","15yr",,,,,"221276.3",,,,,,""
"2021-04-21","'3140HAC99'","MBS","UMBS MORTPASS 3.5% 01/48","30yr",,,,,"221174.57",,,,,,""
"2021-04-21","'3138Y7NA6'","MBS","UMBS MORTPASS 3.5% 07/29","15yr",,,,,"221166.48",,,,,,""
"2021-04-21","'36296HN70'","MBS","GNMA I MORTPASS 4% 05/41","30yr",,,,,"221136.35",,,,,,""
"2021-04-21","'3133KJTX0'","MBS","UMBS MORTPASS 2% 08/50","30yr",,,,,"220910.89",,,,,,""
"2021-04-21","'31417BRN9'","MBS","UMBS MORTPASS 2.5% 04/27","15yr",,,,,"220874.6",,,,,,""
"2021-04-21","'31307M4M5'","MBS","FHLMCGLD 2.5% 05/30","15yr",,,,,"220871.49",,,,,,""
"2021-04-21","'3138WGZ31'","MBS","UMBS MORTPASS 3% 04/31","15yr",,,,,"220869.2",,,,,,""
"2021-04-21","'3138X3TR3'","MBS","UMBS MORTPASS 2.5% 09/28","15yr",,,,,"220866.33",,,,,,""
"2021-04-21","'3128MCZ57'","MBS","FHLMCGLD 3.5% 05/26","15yr",,,,,"220782.78",,,,,,""
"2021-04-21","'3140JRXF3'","MBS","UMBS MORTPASS 4.5% 04/49","30yr",,,,,"220698.81",,,,,,""
"2021-04-21","'3620AAC48'","MBS","GNMA I MORTPASS 5% 03/40","30yr",,,,,"220639.42",,,,,,""
"2021-04-21","'36296YQA3'","MBS","GNMA I 4.5% 08/39","30yr",,,,,"220515.52",,,,,,""
"2021-04-21","'3132WENV0'","MBS","FHLMCGLD 4% 06/46","30yr",,,,,"220513.24",,,,,,""
"2021-04-21","'3620A35R1'","MBS","GNMA I MORTPASS 5% 12/39","30yr",,,,,"220493.38",,,,,,""
"2021-04-21","'3620A0B33'","MBS","GNMA I 4.5% 08/39","30yr",,,,,"220428",,,,,,""
"2021-04-21","'31417MBD4'","MBS","UMBS MORTPASS 4.5% 08/24","15yr",,,,,"220269.01",,,,,,""
"2021-04-21","'31417UCP8'","MBS","UMBS MORTPASS 4% 11/24","15yr",,,,,"220167.24",,,,,,""
"2021-04-21","'3140JQQG1'","MBS","UMBS MORTPASS 2.5% 07/49","30yr",,,,,"220149.58",,,,,,""
"2021-04-21","'31335HY49'","MBS","FHLMCGLD 5% 11/23","Other",,,,,"220089.45",,,,,,""
"2021-04-21","'3138MCXA7'","MBS","UMBS MORTPASS 2% 10/27","15yr",,,,,"220082.47",,,,,,""
"2021-04-21","'3138Y1DH5'","MBS","UMBS MORTPASS 3.5% 08/29","15yr",,,,,"220030.31",,,,,,""
"2021-04-21","'3132A7GC9'","MBS","UMBS MORTPASS 3% 05/22","Other",,,,,"219938.18",,,,,,""
"2021-04-21","'3138W0R43'","MBS","UMBS MORTPASS 3% 03/28","15yr",,,,,"219927.93",,,,,,""
"2021-04-21","'3138MCXC3'","MBS","UMBS MORTPASS 2% 10/27","15yr",,,,,"219926.54",,,,,,""
"2021-04-21","'3138Y9AR9'","MBS","UMBS MORTPASS 3% 11/29","15yr",,,,,"219837.34",,,,,,""
"2021-04-21","'3138MAA73'","MBS","UMBS MORTPASS 3.5% 09/42","30yr",,,,,"219769.39",,,,,,""
"2021-04-21","'3138ANRD7'","MBS","UMBS MORTPASS 3% 08/27","15yr",,,,,"219757.6",,,,,,""
"2021-04-21","'31329KXR0'","MBS","UMBS MORTPASS 3% 01/38","Other",,,,,"219739.43",,,,,,""
"2021-04-21","'31307G2P3'","MBS","FHLMCGLD 3% 04/29","15yr",,,,,"219708.62",,,,,,""
"2021-04-21","'36178GTS3'","MBS","GNMA I MORTPASS 3% 08/42","30yr",,,,,"219697.54",,,,,,""
"2021-04-21","'36176QPV0'","MBS","GNMA I 3.5% 03/42","30yr",,,,,"219666.76",,,,,,""
"2021-04-21","'3128MCBD6'","MBS","FHLMCGLD 4.5% 02/24","15yr",,,,,"219624.11",,,,,,""
"2021-04-21","'3138M1VD7'","MBS","UMBS MORTPASS 3% 07/27","15yr",,,,,"219605.5",,,,,,""
"2021-04-21","'3133A0MR2'","MBS","UMBS MORTPASS 3% 01/50","30yr",,,,,"219581.06",,,,,,""
"2021-04-21","'3138XCCF7'","MBS","UMBS MORTPASS 2.5% 11/26","15yr",,,,,"219555.84",,,,,,""
"2021-04-21","'31415QHU3'","MBS","UMBS MORTPASS 6.5% 05/38","30yr",,,,,"219522.29",,,,,,""
"2021-04-21","'3138Y2GF4'","MBS","UMBS MORTPASS 3.5% 09/44","30yr",,,,,"219477.47",,,,,,""
"2021-04-21","'36297KYY1'","MBS","GNMA I 4.5% 06/39","30yr",,,,,"219436.47",,,,,,""
"2021-04-21","'3133A0XD1'","MBS","UMBS MORTPASS 3% 01/50","30yr",,,,,"219265.89",,,,,,""
"2021-04-21","'3140QAH29'","MBS","UMBS MORTPASS 4% 09/48","30yr",,,,,"219170.57",,,,,,""
"2021-04-21","'3138ATVZ0'","MBS","UMBS MORTPASS 3% 01/27","15yr",,,,,"219160.99",,,,,,""
"2021-04-21","'36177TBT3'","MBS","GNMA I 3.5% 03/42","30yr",,,,,"219032.15",,,,,,""
"2021-04-21","'3138Y6X74'","MBS","UMBS MORTPASS 3.5% 10/29","15yr",,,,,"218994.22",,,,,,""
"2021-04-21","'3140H72B2'","MBS","UMBS MORTPASS 4% 01/48","30yr",,,,,"218887.53",,,,,,""
"2021-04-21","'36295DPC7'","MBS","GNMA I 5.5% 08/39","30yr",,,,,"218849.28",,,,,,""
"2021-04-21","'3128PS6T9'","MBS","FHLMCGLD 3.5% 11/25","15yr",,,,,"218688.88",,,,,,""
"2021-04-21","'36297GT83'","MBS","GNMA I 3.5% 09/42","30yr",,,,,"218543.85",,,,,,""
"2021-04-21","'312933PJ7'","MBS","FHLMCGLD 4% 06/39","30yr",,,,,"218514.81",,,,,,""
"2021-04-21","'3138YNF28'","MBS","UMBS MORTPASS 3.5% 06/30","15yr",,,,,"218508.86",,,,,,""
"2021-04-21","'3132WFEV7'","MBS","FHLMCGLD 4.5% 07/46","30yr",,,,,"218478.05",,,,,,""
"2021-04-21","'3140H7D20'","MBS","UMBS MORTPASS 3.5% 03/33","15yr",,,,,"218469.28",,,,,,""
"2021-04-21","'3132KETU9'","MBS","FHLMCGLD 3% 06/29","15yr",,,,,"218417.65",,,,,,""
"2021-04-21","'3140HHTM7'","MBS","UMBS MORTPASS 3.5% 04/33","15yr",,,,,"218370.2",,,,,,""
"2021-04-21","'3140HA5W6'","MBS","UMBS MORTPASS 3.5% 04/33","15yr",,,,,"218322.36",,,,,,""
"2021-04-21","'3131X7BF4'","MBS","UMBS MORTPASS 3% 11/26","15yr",,,,,"218309.3",,,,,,""
"2021-04-21","'3140JKYM2'","MBS","UMBS MORTPASS 3.5% 01/49","30yr",,,,,"218228.73",,,,,,""
"2021-04-21","'36176SQX1'","MBS","GNMA I 3.5% 12/41","30yr",,,,,"218222.04",,,,,,""
"2021-04-21","'3132JAVW2'","MBS","FHLMCGLD 3% 06/43","30yr",,,,,"218218.19",,,,,,""
"2021-04-21","'3138Y53K0'","MBS","UMBS MORTPASS 3.5% 11/44","30yr",,,,,"218151.33",,,,,,""
"2021-04-21","'3132CWG32'","MBS","UMBS MORTPASS 3% 10/33","15yr",,,,,"218094.92",,,,,,""
"2021-04-21","'3131Y7QJ9'","MBS","UMBS MORTPASS 4% 11/48","30yr",,,,,"218089.32",,,,,,""
"2021-04-21","'3140K05J3'","MBS","UMBS MORTPASS 3% 11/49","30yr",,,,,"218085.64",,,,,,""
"2021-04-21","'3132VMQ81'","MBS","FHLMCGLD 3.5% 02/49","30yr",,,,,"218013.43",,,,,,""
"2021-04-21","'36297KMB4'","MBS","GNMA I MORTPASS 5% 05/39","30yr",,,,,"218008.77",,,,,,""
"2021-04-21","'3140Q8KD6'","MBS","UMBS MORTPASS 3.5% 11/47","30yr",,,,,"217963.86",,,,,,""
"2021-04-21","'3138ECF73'","MBS","UMBS MORTPASS 3% 03/27","15yr",,,,,"217917.69",,,,,,""
"2021-04-21","'3131X9D76'","MBS","UMBS MORTPASS 2.5% 05/23","Other",,,,,"217916.43",,,,,,""
"2021-04-21","'36179EJX7'","MBS","GNMA I MORTPASS 3% 02/43","30yr",,,,,"217818.74",,,,,,""
"2021-04-21","'31307GRC5'","MBS","FHLMCGLD 3% 03/29","15yr",,,,,"217659.93",,,,,,""
"2021-04-21","'3140JPDU6'","MBS","UMBS MORTPASS 3.5% 03/34","15yr",,,,,"217632.99",,,,,,""
"2021-04-21","'3140JPFD2'","MBS","UMBS MORTPASS 3% 06/49","30yr",,,,,"217597.8",,,,,,""
"2021-04-21","'3138MD6G2'","MBS","UMBS MORTPASS 2.5% 10/27","15yr",,,,,"217578.61",,,,,,""
"2021-04-21","'31307SYC1'","MBS","FHLMCGLD 2.5% 01/32","15yr",,,,,"217472.5",,,,,,""
"2021-04-21","'3132KE6X8'","MBS","FHLMCGLD 2.5% 08/30","15yr",,,,,"217435.59",,,,,,""
"2021-04-21","'31307NGB4'","MBS","FHLMCGLD 3% 06/30","15yr",,,,,"217419.74",,,,,,""
"2021-04-21","'3138XC6K3'","MBS","UMBS MORTPASS 3% 12/28","15yr",,,,,"217337.86",,,,,,""
"2021-04-21","'3138Y4JQ3'","MBS","UMBS MORTPASS 3.5% 09/29","15yr",,,,,"217320.68",,,,,,""
"2021-04-21","'3620A6TZ0'","MBS","GNMA I 4.5% 07/39","30yr",,,,,"217210.68",,,,,,""
"2021-04-21","'3138W3A78'","MBS","UMBS MORTPASS 3% 02/28","15yr",,,,,"217157.62",,,,,,""
"2021-04-21","'31416XHZ6'","MBS","UMBS MORTPASS 3% 01/26","15yr",,,,,"216981.78",,,,,,""
"2021-04-21","'31418SRQ4'","MBS","UMBS MORTPASS 5% 07/40","30yr",,,,,"216980.37",,,,,,""
"2021-04-21","'3140Q8K87'","MBS","UMBS MORTPASS 4.5% 02/48","30yr",,,,,"216915.48",,,,,,""
"2021-04-21","'3140JGTG0'","MBS","UMBS MORTPASS 3.5% 10/33","15yr",,,,,"216748.34",,,,,,""
"2021-04-21","'3138E8KR2'","MBS","UMBS MORTPASS 3% 03/27","15yr",,,,,"216682.54",,,,,,""
"2021-04-21","'3138M9BJ9'","MBS","UMBS MORTPASS 2.5% 09/27","15yr",,,,,"216673.89",,,,,,""
"2021-04-21","'31417BFF9'","MBS","UMBS MORTPASS 2.5% 03/27","15yr",,,,,"216612.9",,,,,,""
"2021-04-21","'31417A6V6'","MBS","UMBS MORTPASS 3% 02/27","15yr",,,,,"216479.79",,,,,,""
"2021-04-21","'3620ATWV5'","MBS","GNMA I MORTPASS 5% 02/40","30yr",,,,,"216416.74",,,,,,""
"2021-04-21","'31307LH43'","MBS","FHLMCGLD 2.5% 12/29","15yr",,,,,"216375.27",,,,,,""
"2021-04-21","'36297EBQ7'","MBS","GNMA I 4.5% 07/39","30yr",,,,,"216361.47",,,,,,""
"2021-04-21","'3620AGXG5'","MBS","GNMA I MORTPASS 5% 02/40","30yr",,,,,"216350.04",,,,,,""
"2021-04-21","'31418AR91'","MBS","UMBS MORTPASS 2.5% 04/33","Other",,,,,"216247.96",,,,,,""
"2021-04-21","'3138MCW91'","MBS","UMBS MORTPASS 2% 10/27","15yr",,,,,"216156.84",,,,,,""
"2021-04-21","'3138XDAW0'","MBS","UMBS MORTPASS 3.5% 12/28","15yr",,,,,"216119.61",,,,,,""
"2021-04-21","'3140HEDE9'","MBS","UMBS MORTPASS 3.5% 01/48","30yr",,,,,"216073.65",,,,,,""
"2021-04-21","'3138MQUY7'","MBS","UMBS MORTPASS 2.5% 12/27","15yr",,,,,"215979.64",,,,,,""
"2021-04-21","'36176WE23'","MBS","GNMA I 3.5% 06/42","30yr",,,,,"215888.25",,,,,,""
"2021-04-21","'3138YV4Q9'","MBS","UMBS MORTPASS 2.5% 06/30","15yr",,,,,"215883.29",,,,,,""
"2021-04-21","'36296V6K9'","MBS","GNMA I 4.5% 01/39","30yr",,,,,"215876.99",,,,,,""
"2021-04-21","'36297CNN5'","MBS","GNMA I 4.5% 04/39","30yr",,,,,"215734.88",,,,,,""
"2021-04-21","'31307JHX4'","MBS","FHLMCGLD 2.5% 09/29","15yr",,,,,"215557.64",,,,,,""
"2021-04-21","'3131XDPQ2'","MBS","UMBS MORTPASS 3% 05/28","Other",,,,,"215552.48",,,,,,""
"2021-04-21","'3140JGZG3'","MBS","UMBS MORTPASS 4% 09/48","30yr",,,,,"215486.95",,,,,,""
"2021-04-21","'3138XF6H3'","MBS","UMBS MORTPASS 3.5% 02/29","15yr",,,,,"215485.64",,,,,,""
"2021-04-21","'31418NGN4'","MBS","UMBS MORTPASS 4% 02/25","15yr",,,,,"215368.36",,,,,,""
"2021-04-21","'31417QLK8'","MBS","UMBS MORTPASS 4% 10/24","15yr",,,,,"215318.58",,,,,,""
"2021-04-21","'3140HL2T2'","MBS","UMBS MORTPASS 4% 06/48","30yr",,,,,"215239.4",,,,,,""
"2021-04-21","'31419GC44'","MBS","UMBS MORTPASS 4% 10/25","15yr",,,,,"215093.67",,,,,,""
"2021-04-21","'3131X7EQ7'","MBS","UMBS MORTPASS 3% 12/26","15yr",,,,,"215079.03",,,,,,""
"2021-04-21","'31339UTX8'","MBS","UMBS MORTPASS 3% 11/49","30yr",,,,,"215058",,,,,,""
"2021-04-21","'36296LML1'","MBS","GNMA I 4.5% 02/39","30yr",,,,,"214988.72",,,,,,""
"2021-04-21","'3138Y7PA4'","MBS","UMBS MORTPASS 3% 10/44","30yr",,,,,"214930.59",,,,,,""
"2021-04-21","'3138Y6J88'","MBS","UMBS MORTPASS 2.5% 09/29","15yr",,,,,"214812.45",,,,,,""
"2021-04-21","'31307GJX8'","MBS","FHLMCGLD 3.5% 02/29","15yr",,,,,"214802.86",,,,,,""
"2021-04-21","'3131Y0Q39'","MBS","UMBS MORTPASS 3.5% 03/48","30yr",,,,,"214737.45",,,,,,""
"2021-04-21","'3132JMP52'","MBS","FHLMCGLD 3.5% 07/43","30yr",,,,,"214572.86",,,,,,""
"2021-04-21","'3620AE2F6'","MBS","GNMA I MORTPASS 5% 11/39","30yr",,,,,"214485.61",,,,,,""
"2021-04-21","'3131X8B47'","MBS","UMBS MORTPASS 2.5% 10/27","15yr",,,,,"214415.64",,,,,,""
"2021-04-21","'36295QJU5'","MBS","GNMA I 5.5% 06/38","30yr",,,,,"214399.17",,,,,,""
"2021-04-21","'36296PVT5'","MBS","GNMA I 4.5% 05/39","30yr",,,,,"214325.58",,,,,,""
"2021-04-21","'31418BJF4'","MBS","UMBS MORTPASS 3% 10/29","15yr",,,,,"214293.07",,,,,,""
"2021-04-21","'36177NTR1'","MBS","GNMA I 3.5% 06/42","30yr",,,,,"214292.09",,,,,,""
"2021-04-21","'31417GSP2'","MBS","UMBS MORTPASS 2% 02/28","15yr",,,,,"214275.17",,,,,,""
"2021-04-21","'3140JKZP4'","MBS","UMBS MORTPASS 4% 01/49","30yr",,,,,"214138.76",,,,,,""
"2021-04-21","'36176YFV4'","MBS","GNMA I MORTPASS 4% 10/41","30yr",,,,,"214067.67",,,,,,""
"2021-04-21","'3138WGVM3'","MBS","UMBS MORTPASS 3.5% 03/31","15yr",,,,,"214036.15",,,,,,""
"2021-04-21","'31417GNK8'","MBS","UMBS MORTPASS 2.5% 05/23","Other",,,,,"213991.67",,,,,,""
"2021-04-21","'36176AHZ5'","MBS","GNMA I MORTPASS 4% 11/40","30yr",,,,,"213895.19",,,,,,""
"2021-04-21","'31368HMU4'","MBS","UMBS MORTPASS 6.5% 07/36","30yr",,,,,"213736.28",,,,,,""
"2021-04-21","'3128Q0C54'","MBS","FHLMCGLD 3.5% 05/27","15yr",,,,,"213548.61",,,,,,""
"2021-04-21","'36178HY22'","MBS","GNMA I MORTPASS 3% 03/43","30yr",,,,,"213520.77",,,,,,""
"2021-04-21","'3138ATVJ6'","MBS","UMBS MORTPASS 3% 11/26","15yr",,,,,"213449.86",,,,,,""
"2021-04-21","'3132KFH47'","MBS","FHLMCGLD 2.5% 05/31","15yr",,,,,"213345.94",,,,,,""
"2021-04-21","'3620AHMY6'","MBS","GNMA I MORTPASS 5% 12/39","30yr",,,,,"213323.5",,,,,,""
"2021-04-21","'36178VHF1'","MBS","GNMA I 3.5% 04/43","30yr",,,,,"213207.72",,,,,,""
"2021-04-21","'31415MDD4'","MBS","UMBS MORTPASS 5% 06/38","30yr",,,,,"213202.07",,,,,,""
"2021-04-21","'3132VMCU7'","MBS","FHLMCGLD 3.5% 01/49","30yr",,,,,"213062.81",,,,,,""
"2021-04-21","'36202E2A6'","MBS","GNMA II MORTPASS 5% 02/39","30yr",,,,,"212986.59",,,,,,""
"2021-04-21","'3140QGAJ6'","MBS","UMBS MORTPASS 2% 12/50","30yr",,,,,"212985.9",,,,,,""
"2021-04-21","'3131Y8Y25'","MBS","UMBS MORTPASS 3% 01/34","15yr",,,,,"212974.29",,,,,,""
"2021-04-21","'3140JMZZ8'","MBS","UMBS MORTPASS 4% 01/49","30yr",,,,,"212790.91",,,,,,""
"2021-04-21","'3140FS5F6'","MBS","UMBS MORTPASS 3% 02/32","15yr",,,,,"212789.52",,,,,,""
"2021-04-21","'36296JUB9'","MBS","GNMA I 4.5% 09/39","30yr",,,,,"212777.68",,,,,,""
"2021-04-21","'31412Q4A4'","MBS","UMBS MORTPASS 4.5% 01/40","30yr",,,,,"212732.27",,,,,,""
"2021-04-21","'3138EQLM2'","MBS","UMBS MORTPASS 3% 09/28","15yr",,,,,"212676.34",,,,,,""
"2021-04-21","'31329KRN6'","MBS","UMBS MORTPASS 2.5% 02/33","Other",,,,,"212670.56",,,,,,""
"2021-04-21","'36176XPE3'","MBS","GNMA I 3.5% 05/42","30yr",,,,,"212660.96",,,,,,""
"2021-04-21","'36179EJ74'","MBS","GNMA I MORTPASS 3% 02/43","30yr",,,,,"212660.66",,,,,,""
"2021-04-21","'3138LXDX4'","MBS","UMBS MORTPASS 2.5% 07/27","15yr",,,,,"212507.49",,,,,,""
"2021-04-21","'31335ACR7'","MBS","FHLMCGLD 3.5% 06/45","30yr",,,,,"212431.1",,,,,,""
"2021-04-21","'3620A4PL0'","MBS","GNMA I MORTPASS 5% 08/39","30yr",,,,,"212293.07",,,,,,""
"2021-04-21","'3140HJZU8'","MBS","UMBS MORTPASS 4% 05/48","30yr",,,,,"212273.67",,,,,,""
"2021-04-21","'312945DQ8'","MBS","FHLMCGLD 4% 01/41","30yr",,,,,"212245.9",,,,,,""
"2021-04-21","'3620A7D36'","MBS","GNMA I MORTPASS 5% 10/39","30yr",,,,,"212235.91",,,,,,""
"2021-04-21","'3140HJQS3'","MBS","UMBS MORTPASS 3.5% 05/33","15yr",,,,,"212188.25",,,,,,""
"2021-04-21","'3128MMVS9'","MBS","FHLMCGLD 3.5% 12/31","15yr",,,,,"212184.78",,,,,,""
"2021-04-21","'36297ENL5'","MBS","GNMA I 4.5% 04/39","30yr",,,,,"212169.86",,,,,,""
"2021-04-21","'36179HTF8'","MBS","GNMA I 3.5% 12/42","30yr",,,,,"212122.99",,,,,,""
"2021-04-21","'31307AZA3'","MBS","FHLMCGLD 3% 02/23","15yr",,,,,"212073.34",,,,,,""
"2021-04-21","'3138XT3G8'","MBS","UMBS MORTPASS 3.5% 05/29","15yr",,,,,"211945.75",,,,,,""
"2021-04-21","'31418BQH2'","MBS","UMBS MORTPASS 2.5% 04/35","Other",,,,,"211925.44",,,,,,""
"2021-04-21","'3140H8NJ0'","MBS","UMBS MORTPASS 3.5% 03/48","30yr",,,,,"211918",,,,,,""
"2021-04-21","'3138XZDC2'","MBS","UMBS MORTPASS 3.5% 09/29","15yr",,,,,"211915.38",,,,,,""
"2021-04-21","'3138MRDF5'","MBS","UMBS MORTPASS 3% 12/27","15yr",,,,,"211826.32",,,,,,""
"2021-04-21","'3140HD2S2'","MBS","UMBS MORTPASS 3.5% 04/33","15yr",,,,,"211760.94",,,,,,""
"2021-04-21","'3620A6WH6'","MBS","GNMA I MORTPASS 5% 10/39","30yr",,,,,"211755.15",,,,,,""
"2021-04-21","'3132QN5V7'","MBS","FHLMCGLD 3% 04/45","30yr",,,,,"211602.53",,,,,,""
"2021-04-21","'3138M7MA0'","MBS","UMBS MORTPASS 3% 09/27","15yr",,,,,"211519.92",,,,,,""
"2021-04-21","'3140Q9H89'","MBS","UMBS MORTPASS 4.5% 07/48","30yr",,,,,"211516.09",,,,,,""
"2021-04-21","'3138WWDG1'","MBS","UMBS MORTPASS 3% 05/28","15yr",,,,,"211490.57",,,,,,""
"2021-04-21","'3132A8D48'","MBS","UMBS MORTPASS 2.5% 12/25","Other",,,,,"211407.76",,,,,,""
"2021-04-21","'31417DMD2'","MBS","UMBS MORTPASS 2.5% 10/27","15yr",,,,,"211384.71",,,,,,""
"2021-04-21","'3140H5NW7'","MBS","UMBS MORTPASS 3% 02/33","15yr",,,,,"211373.59",,,,,,""
"2021-04-21","'3140X4F68'","MBS","UMBS MORTPASS 3% 12/48","30yr",,,,,"211332.64",,,,,,""
"2021-04-21","'3132QSEB0'","MBS","FHLMCGLD 3.5% 08/45","30yr",,,,,"211237.23",,,,,,""
"2021-04-21","'3131X7LK2'","MBS","UMBS MORTPASS 3% 02/27","15yr",,,,,"211237.16",,,,,,""
"2021-04-21","'3132A9RK5'","MBS","UMBS MORTPASS 2.5% 12/30","15yr",,,,,"211212.14",,,,,,""
"2021-04-21","'31334YMW4'","MBS","UMBS MORTPASS 3% 08/49","30yr",,,,,"211145.92",,,,,,""
"2021-04-21","'3140J83Q4'","MBS","UMBS MORTPASS 2.5% 09/28","15yr",,,,,"211014.75",,,,,,""
"2021-04-21","'3140JJN62'","MBS","UMBS MORTPASS 4% 12/48","30yr",,,,,"210823.88",,,,,,""
"2021-04-21","'3132DMJA4'","MBS","UMBS MORTPASS 3% 01/50","30yr",,,,,"210708.23",,,,,,""
"2021-04-21","'3138W0NX3'","MBS","UMBS MORTPASS 2.5% 02/28","15yr",,,,,"210590.69",,,,,,""
"2021-04-21","'31329PRN5'","MBS","UMBS MORTPASS 3.5% 11/48","30yr",,,,,"210552.24",,,,,,""
"2021-04-21","'3138MKPF7'","MBS","UMBS MORTPASS 2.5% 10/27","15yr",,,,,"210492.57",,,,,,""
"2021-04-21","'3138W5FD5'","MBS","UMBS MORTPASS 3% 10/28","15yr",,,,,"210368.57",,,,,,""
"2021-04-21","'3132M7B64'","MBS","FHLMCGLD 4% 06/44","30yr",,,,,"210365.87",,,,,,""
"2021-04-21","'3132QP2P8'","MBS","FHLMCGLD 3% 05/45","30yr",,,,,"210299.55",,,,,,""
"2021-04-21","'3140JGNQ4'","MBS","UMBS MORTPASS 4% 09/48","30yr",,,,,"210220.31",,,,,,""
"2021-04-21","'3128MEUY5'","MBS","FHLMCGLD 3% 04/31","15yr",,,,,"210219.11",,,,,,""
"2021-04-21","'3138E73M4'","MBS","UMBS MORTPASS 3.5% 02/27","15yr",,,,,"210206.17",,,,,,""
"2021-04-21","'3138WPSR6'","MBS","UMBS MORTPASS 2.5% 05/28","15yr",,,,,"210114.44",,,,,,""
"2021-04-21","'36297ER49'","MBS","GNMA I MORTPASS 5% 09/39","30yr",,,,,"210042.73",,,,,,""
"2021-04-21","'3140FSLX9'","MBS","UMBS MORTPASS 4% 06/47","30yr",,,,,"209923.91",,,,,,""
"2021-04-21","'3140HKLQ9'","MBS","UMBS MORTPASS 3% 06/33","15yr",,,,,"209899.91",,,,,,""
"2021-04-21","'36176U4R3'","MBS","GNMA I 3.5% 03/42","30yr",,,,,"209828",,,,,,""
"2021-04-21","'3140KDCH1'","MBS","UMBS MORTPASS 3% 06/50","30yr",,,,,"209821.28",,,,,,""
"2021-04-21","'3132GMCL4'","MBS","FHLMCGLD 4% 01/42","30yr",,,,,"209629.73",,,,,,""
"2021-04-21","'31417D6E8'","MBS","UMBS MORTPASS 3% 11/27","15yr",,,,,"209611.81",,,,,,""
"2021-04-21","'3131Y9CM3'","MBS","UMBS MORTPASS 4% 01/49","30yr",,,,,"209571.53",,,,,,""
"2021-04-21","'3138YVEJ4'","MBS","UMBS MORTPASS 3% 11/45","30yr",,,,,"209533.97",,,,,,""
"2021-04-21","'3132JMFS3'","MBS","FHLMCGLD 4% 06/43","30yr",,,,,"209513.05",,,,,,""
"2021-04-21","'3138XMBX7'","MBS","UMBS MORTPASS 4.5% 02/44","30yr",,,,,"209486.11",,,,,,""
"2021-04-21","'36176LLJ2'","MBS","GNMA I MORTPASS 4% 07/41","30yr",,,,,"209461.68",,,,,,""
"2021-04-21","'3138X7YQ0'","MBS","UMBS MORTPASS 3% 01/29","15yr",,,,,"209301.41",,,,,,""
"2021-04-21","'31334YF36'","MBS","UMBS MORTPASS 4.5% 08/49","30yr",,,,,"209270.3",,,,,,""
"2021-04-21","'3132CWDW1'","MBS","UMBS MORTPASS 2.5% 11/34","15yr",,,,,"209219.29",,,,,,""
"2021-04-21","'3140HPVT1'","MBS","UMBS MORTPASS 3.5% 10/48","30yr",,,,,"209122.48",,,,,,""
"2021-04-21","'3138MFHZ3'","MBS","UMBS MORTPASS 3% 11/27","15yr",,,,,"209099.22",,,,,,""
"2021-04-21","'3138Y5MF0'","MBS","UMBS MORTPASS 3% 01/45","30yr",,,,,"209090.38",,,,,,""
"2021-04-21","'3128P7LM3'","MBS","FHLMCGLD 5% 11/28","Other",,,,,"209066.95",,,,,,""
"2021-04-21","'3138WJV21'","MBS","UMBS MORTPASS 3.5% 11/31","15yr",,,,,"208852.54",,,,,,""
"2021-04-21","'36176WSK8'","MBS","GNMA I MORTPASS 4% 12/41","30yr",,,,,"208830.55",,,,,,""
"2021-04-21","'3132JPQ47'","MBS","FHLMCGLD 4.5% 10/43","30yr",,,,,"208749.22",,,,,,""
"2021-04-21","'3140Q8E68'","MBS","UMBS MORTPASS 4% 01/48","30yr",,,,,"208665.97",,,,,,""
"2021-04-21","'3128MJX62'","MBS","FHLMCGLD 4.5% 03/46","30yr",,,,,"208630.76",,,,,,""
"2021-04-21","'3140E9TN6'","MBS","UMBS MORTPASS 3.5% 01/46","30yr",,,,,"208626.11",,,,,,""
"2021-04-21","'3132GK6B7'","MBS","FHLMCGLD 3.5% 11/41","30yr",,,,,"208604.97",,,,,,""
"2021-04-21","'31418DBD3'","MBS","UMBS MORTPASS 4% 04/39","Other",,,,,"208577.45",,,,,,""
"2021-04-21","'3138MPNN1'","MBS","UMBS MORTPASS 3% 12/42","30yr",,,,,"208557.83",,,,,,""
"2021-04-21","'3138MLRH9'","MBS","UMBS MORTPASS 3% 08/28","15yr",,,,,"208361.46",,,,,,""
"2021-04-21","'31307UK49'","MBS","FHLMCGLD 3% 09/27","15yr",,,,,"208169.22",,,,,,""
"2021-04-21","'3138EDFZ9'","MBS","UMBS MORTPASS 3% 06/27","15yr",,,,,"208168.34",,,,,,""
"2021-04-21","'312930U81'","MBS","FHLMCGLD 4.5% 12/37","30yr",,,,,"208096.86",,,,,,""
"2021-04-21","'36180BYD7'","MBS","GNMA I 3.5% 06/43","30yr",,,,,"208092.49",,,,,,""
"2021-04-21","'3138XQPF2'","MBS","UMBS MORTPASS 3% 07/29","15yr",,,,,"208069.75",,,,,,""
"2021-04-21","'3140X4HR0'","MBS","UMBS MORTPASS 3% 09/33","15yr",,,,,"208066.81",,,,,,""
"2021-04-21","'3140HMUW2'","MBS","UMBS MORTPASS 4.5% 07/48","30yr",,,,,"208061.63",,,,,,""
"2021-04-21","'3131XWBW2'","MBS","UMBS MORTPASS 3% 03/47","30yr",,,,,"208017.58",,,,,,""
"2021-04-21","'36176XB81'","MBS","GNMA I 3.5% 02/42","30yr",,,,,"207960.84",,,,,,""
"2021-04-21","'3138A9P65'","MBS","UMBS MORTPASS 3% 10/26","15yr",,,,,"207909.99",,,,,,""
"2021-04-21","'3620ASZF9'","MBS","GNMA I 3.5% 10/41","30yr",,,,,"207835.68",,,,,,""
"2021-04-21","'36177MCT7'","MBS","GNMA I 3.5% 01/42","30yr",,,,,"207753.4",,,,,,""
"2021-04-21","'36297HVR6'","MBS","GNMA I 4.5% 07/39","30yr",,,,,"207703.68",,,,,,""
"2021-04-21","'3133A0DT8'","MBS","UMBS MORTPASS 3% 12/49","30yr",,,,,"207479.58",,,,,,""
"2021-04-21","'31368HMH3'","MBS","UMBS MORTPASS 5% 08/35","30yr",,,,,"207411.35",,,,,,""
"2021-04-21","'36176WZW4'","MBS","GNMA I 3.5% 12/41","30yr",,,,,"207385.62",,,,,,""
"2021-04-21","'3128MMSK0'","MBS","FHLMCGLD 3.5% 08/29","15yr",,,,,"207316.24",,,,,,""
"2021-04-21","'3140JKXM3'","MBS","UMBS MORTPASS 4.5% 01/49","30yr",,,,,"207296.9",,,,,,""
"2021-04-21","'3140KYGZ1'","MBS","UMBS MORTPASS 2.5% 12/50","30yr",,,,,"207211.19",,,,,,""
"2021-04-21","'31334WY96'","MBS","UMBS MORTPASS 4.5% 01/49","30yr",,,,,"207138.83",,,,,,""
"2021-04-21","'3140JHBF9'","MBS","UMBS MORTPASS 4.5% 12/48","30yr",,,,,"207107.56",,,,,,""
"2021-04-21","'31417FLX4'","MBS","UMBS MORTPASS 2% 02/28","15yr",,,,,"207083.94",,,,,,""
"2021-04-21","'3138YB6R9'","MBS","UMBS MORTPASS 3% 04/45","30yr",,,,,"207065.97",,,,,,""
"2021-04-21","'3140GWL68'","MBS","UMBS MORTPASS 3.5% 09/32","15yr",,,,,"207059.56",,,,,,""
"2021-04-21","'36297GSD3'","MBS","GNMA I 3.5% 12/41","30yr",,,,,"207055.01",,,,,,""
"2021-04-21","'3128MFHF8'","MBS","FHLMCGLD 3.5% 08/32","15yr",,,,,"207040.59",,,,,,""
"2021-04-21","'3132A9PK7'","MBS","UMBS MORTPASS 3% 05/29","15yr",,,,,"207014.75",,,,,,""
"2021-04-21","'36176AAR0'","MBS","GNMA I MORTPASS 4% 02/42","30yr",,,,,"207010.7",,,,,,""
"2021-04-21","'3138WHER9'","MBS","UMBS MORTPASS 3% 06/46","30yr",,,,,"206979.45",,,,,,""
"2021-04-21","'31417BHC4'","MBS","UMBS MORTPASS 3% 03/27","15yr",,,,,"206819.15",,,,,,""
"2021-04-21","'31413CQT9'","MBS","UMBS MORTPASS 4% 08/39","30yr",,,,,"206715.77",,,,,,""
"2021-04-21","'36181BDS6'","MBS","GNMA I 3.5% 06/43","30yr",,,,,"206585.97",,,,,,""
"2021-04-21","'3138Y2RX3'","MBS","UMBS MORTPASS 2.5% 09/29","15yr",,,,,"206557.75",,,,,,""
"2021-04-21","'3140JXRT7'","MBS","UMBS MORTPASS 3% 10/49","30yr",,,,,"206533.21",,,,,,""
"2021-04-21","'3131X7QL5'","MBS","UMBS MORTPASS 2.5% 04/22","Other",,,,,"206377.01",,,,,,""
"2021-04-21","'36178LS87'","MBS","GNMA I MORTPASS 4% 07/42","30yr",,,,,"206245.22",,,,,,""
"2021-04-21","'3138MFXH5'","MBS","UMBS MORTPASS 3% 10/42","30yr",,,,,"206092.63",,,,,,""
"2021-04-21","'3140HPWJ2'","MBS","UMBS MORTPASS 3.5% 11/48","30yr",,,,,"206086",,,,,,""
"2021-04-21","'3140Q7KF3'","MBS","UMBS MORTPASS 3% 09/32","15yr",,,,,"205972.12",,,,,,""
"2021-04-21","'3620AJLL1'","MBS","GNMA I MORTPASS 5% 03/40","30yr",,,,,"205908.61",,,,,,""
"2021-04-21","'3140X5F99'","MBS","UMBS MORTPASS 4.5% 05/49","30yr",,,,,"205811.8",,,,,,""
"2021-04-21","'31417EK59'","MBS","UMBS MORTPASS 2% 01/23","Other",,,,,"205770.38",,,,,,""
"2021-04-21","'3138XG4E0'","MBS","UMBS MORTPASS 3% 12/28","15yr",,,,,"205745.77",,,,,,""
"2021-04-21","'36297GQJ2'","MBS","GNMA I MORTPASS 4% 02/41","30yr",,,,,"205684.44",,,,,,""
"2021-04-21","'312939GV7'","MBS","FHLMCGLD 4.5% 02/40","30yr",,,,,"205676.74",,,,,,""
"2021-04-21","'3132A7MC2'","MBS","UMBS MORTPASS 2.5% 02/28","15yr",,,,,"205670.83",,,,,,""
"2021-04-21","'3138EKX26'","MBS","UMBS MORTPASS 2.5% 03/28","15yr",,,,,"205593.14",,,,,,""
"2021-04-21","'3620A7DD4'","MBS","GNMA I 4.5% 12/39","30yr",,,,,"205580.88",,,,,,""
"2021-04-21","'36297B5G2'","MBS","GNMA I 4.5% 02/39","30yr",,,,,"205432.3",,,,,,""
"2021-04-21","'31307TTK7'","MBS","FHLMCGLD 3.5% 04/32","15yr",,,,,"205309.84",,,,,,""
"2021-04-21","'3138LVHD8'","MBS","UMBS MORTPASS 3% 08/42","30yr",,,,,"205274.95",,,,,,""
"2021-04-21","'3138WHVK5'","MBS","UMBS MORTPASS 2.5% 08/46","30yr",,,,,"205239.27",,,,,,""
"2021-04-21","'3140E8KU1'","MBS","UMBS MORTPASS 3.5% 11/45","30yr",,,,,"205203.22",,,,,,""
"2021-04-21","'3138W7VY7'","MBS","UMBS MORTPASS 3% 03/28","15yr",,,,,"205088.1",,,,,,""
"2021-04-21","'3138WFSR8'","MBS","UMBS MORTPASS 3% 10/30","15yr",,,,,"205001.02",,,,,,""
"2021-04-21","'3140KBS21'","MBS","UMBS MORTPASS 1.5% 07/35","15yr",,,,,"205000.36",,,,,,""
"2021-04-21","'36296LMG2'","MBS","GNMA I 4.5% 02/39","30yr",,,,,"204888.71",,,,,,""
"2021-04-21","'3131Y1LD0'","MBS","UMBS MORTPASS 4% 05/48","30yr",,,,,"204860.76",,,,,,""
"2021-04-21","'3138LVA37'","MBS","UMBS MORTPASS 3% 06/27","15yr",,,,,"204852.57",,,,,,""
"2021-04-21","'3138WHRP9'","MBS","UMBS MORTPASS 2% 08/31","15yr",,,,,"204848.69",,,,,,""
"2021-04-21","'36296FTM5'","MBS","GNMA I MORTPASS 4% 06/39","30yr",,,,,"204773.82",,,,,,""
"2021-04-21","'36230UFG9'","MBS","GNMA I 3.5% 02/41","30yr",,,,,"204688.08",,,,,,""
"2021-04-21","'3140HAR44'","MBS","UMBS MORTPASS 3.5% 04/48","30yr",,,,,"204665.87",,,,,,""
"2021-04-21","'3128MEC33'","MBS","FHLMCGLD 3.5% 02/30","15yr",,,,,"204644.87",,,,,,""
"2021-04-21","'3138XYRR7'","MBS","UMBS MORTPASS 3% 08/29","15yr",,,,,"204635.53",,,,,,""
"2021-04-21","'3140EUEF2'","MBS","UMBS MORTPASS 3% 12/30","15yr",,,,,"204552.49",,,,,,""
"2021-04-21","'3620C6B95'","MBS","GNMA I 3.5% 12/40","30yr",,,,,"204346.31",,,,,,""
"2021-04-21","'3620A45Z1'","MBS","GNMA I 4.5% 06/39","30yr",,,,,"204298.65",,,,,,""
"2021-04-21","'36181FB75'","MBS","GNMA I 3.5% 07/43","30yr",,,,,"204277.01",,,,,,""
"2021-04-21","'36177UGP3'","MBS","GNMA I MORTPASS 4% 03/42","30yr",,,,,"204232.34",,,,,,""
"2021-04-21","'36178B6K6'","MBS","GNMA I MORTPASS 3% 08/42","30yr",,,,,"204196.57",,,,,,""
"2021-04-21","'3131XBT66'","MBS","UMBS MORTPASS 2.5% 10/25","Other",,,,,"204142.52",,,,,,""
"2021-04-21","'3140FGWB1'","MBS","UMBS MORTPASS 2.5% 10/31","15yr",,,,,"204127.58",,,,,,""
"2021-04-21","'36177PNC5'","MBS","GNMA I 3.5% 03/42","30yr",,,,,"204090.95",,,,,,""
"2021-04-21","'3140X4TQ9'","MBS","UMBS MORTPASS 4.5% 04/49","30yr",,,,,"204080.63",,,,,,""
"2021-04-21","'3620AKNJ1'","MBS","GNMA I MORTPASS 5% 02/40","30yr",,,,,"204073.31",,,,,,""
"2021-04-21","'3620A7LP8'","MBS","GNMA I MORTPASS 5% 10/39","30yr",,,,,"204038.25",,,,,,""
"2021-04-21","'3140JKQV1'","MBS","UMBS MORTPASS 3% 12/33","15yr",,,,,"204002.19",,,,,,""
"2021-04-21","'3138XL5M0'","MBS","UMBS MORTPASS 3.5% 02/29","15yr",,,,,"203990.24",,,,,,""
"2021-04-21","'3140H2DS4'","MBS","UMBS MORTPASS 3.5% 12/47","30yr",,,,,"203905.92",,,,,,""
"2021-04-21","'3138AUDY0'","MBS","UMBS MORTPASS 3.5% 12/41","30yr",,,,,"203812.22",,,,,,""
"2021-04-21","'3138MJY52'","MBS","UMBS MORTPASS 3% 11/27","15yr",,,,,"203622.4",,,,,,""
"2021-04-21","'3132QPE91'","MBS","FHLMCGLD 3.5% 04/45","30yr",,,,,"203580.34",,,,,,""
"2021-04-21","'3138WQTX0'","MBS","UMBS MORTPASS 2.5% 04/28","15yr",,,,,"203531.12",,,,,,""
"2021-04-21","'3138WJL63'","MBS","UMBS MORTPASS 2% 12/31","15yr",,,,,"203464.26",,,,,,""
"2021-04-21","'3620A8MJ9'","MBS","GNMA I MORTPASS 5% 09/39","30yr",,,,,"203453.92",,,,,,""
"2021-04-21","'31307JYU1'","MBS","FHLMCGLD 3% 11/29","15yr",,,,,"203441.37",,,,,,""
"2021-04-21","'31307GFH7'","MBS","FHLMCGLD 3% 02/29","15yr",,,,,"203422.41",,,,,,""
"2021-04-21","'3138EJH27'","MBS","UMBS MORTPASS 3.5% 02/27","15yr",,,,,"203406.54",,,,,,""
"2021-04-21","'3140K5J57'","MBS","UMBS MORTPASS 2.5% 02/35","15yr",,,,,"203398.94",,,,,,""
"2021-04-21","'3138XUCK6'","MBS","UMBS MORTPASS 3.5% 06/29","15yr",,,,,"203314.78",,,,,,""
"2021-04-21","'3132WGPN1'","MBS","FHLMCGLD 4.5% 09/46","30yr",,,,,"203312.63",,,,,,""
"2021-04-21","'3133L8D77'","MBS","UMBS MORTPASS 1.5% 04/36","15yr",,,,,"203076.58",,,,,,""
"2021-04-21","'36178DLP4'","MBS","GNMA I 3.5% 10/42","30yr",,,,,"203009.53",,,,,,""
"2021-04-21","'36178DYA3'","MBS","GNMA I 3.5% 02/43","30yr",,,,,"202985.08",,,,,,""
"2021-04-21","'3138WFAD8'","MBS","UMBS MORTPASS 2.5% 07/30","15yr",,,,,"202944.07",,,,,,""
"2021-04-21","'3132WFPT0'","MBS","FHLMCGLD 3% 08/46","30yr",,,,,"202874.41",,,,,,""
"2021-04-21","'3138YEKS5'","MBS","UMBS MORTPASS 3% 01/30","15yr",,,,,"202784.82",,,,,,""
"2021-04-21","'3138YXSJ5'","MBS","UMBS MORTPASS 2.5% 09/30","15yr",,,,,"202760.5",,,,,,""
"2021-04-21","'36176ERY9'","MBS","GNMA I 3.5% 02/42","30yr",,,,,"202751.77",,,,,,""
"2021-04-21","'36178V5R8'","MBS","GNMA I MORTPASS 3% 01/43","30yr",,,,,"202654.04",,,,,,""
"2021-04-21","'3140HEFU1'","MBS","UMBS MORTPASS 3.5% 07/48","30yr",,,,,"202420.23",,,,,,""
"2021-04-21","'3620A4PS5'","MBS","GNMA I MORTPASS 5% 08/39","30yr",,,,,"202405.62",,,,,,""
"2021-04-21","'3138W1ZD2'","MBS","UMBS MORTPASS 2.5% 05/28","15yr",,,,,"202354.92",,,,,,""
"2021-04-21","'3132A8PP8'","MBS","UMBS MORTPASS 2.5% 01/27","Other",,,,,"202352.44",,,,,,""
"2021-04-21","'3140E2R94'","MBS","UMBS MORTPASS 3% 10/30","15yr",,,,,"202222.14",,,,,,""
"2021-04-21","'36291BCR6'","MBS","GNMA I 4.5% 02/39","30yr",,,,,"202195.78",,,,,,""
"2021-04-21","'3140JXJ66'","MBS","UMBS MORTPASS 3% 09/49","30yr",,,,,"201869.03",,,,,,""
"2021-04-21","'3140QE6M9'","MBS","UMBS MORTPASS 2% 09/35","15yr",,,,,"201822.45",,,,,,""
"2021-04-21","'3620AHEA7'","MBS","GNMA I 4.5% 12/39","30yr",,,,,"201810.93",,,,,,""
"2021-04-21","'3620ARY62'","MBS","GNMA I MORTPASS 4% 02/41","30yr",,,,,"201698.39",,,,,,""
"2021-04-21","'3140E6B27'","MBS","UMBS MORTPASS 3.5% 10/45","30yr",,,,,"201598.32",,,,,,""
"2021-04-21","'3138YGN65'","MBS","UMBS MORTPASS 3% 04/45","30yr",,,,,"201579.79",,,,,,""
"2021-04-21","'3138M54K2'","MBS","UMBS MORTPASS 2.5% 08/27","15yr",,,,,"201546.01",,,,,,""
"2021-04-21","'3620A5X38'","MBS","GNMA I 4.5% 10/39","30yr",,,,,"201478.04",,,,,,""
"2021-04-21","'36181RDB8'","MBS","GNMA I MORTPASS 4% 08/43","30yr",,,,,"201469.47",,,,,,""
"2021-04-21","'36230SLB8'","MBS","GNMA I MORTPASS 3% 05/42","30yr",,,,,"201433.8",,,,,,""
"2021-04-21","'3131X9EM2'","MBS","UMBS MORTPASS 2.5% 05/23","Other",,,,,"201263.45",,,,,,""
"2021-04-21","'3138W1YP6'","MBS","UMBS MORTPASS 2.5% 02/28","15yr",,,,,"201186.6",,,,,,""
"2021-04-21","'3140HASE1'","MBS","UMBS MORTPASS 3.5% 05/48","30yr",,,,,"201085.73",,,,,,""
"2021-04-21","'36180DER4'","MBS","GNMA I 3.5% 06/43","30yr",,,,,"201084.95",,,,,,""
"2021-04-21","'3140JPDM4'","MBS","UMBS MORTPASS 3.5% 03/49","30yr",,,,,"200716.52",,,,,,""
"2021-04-21","'3620AJ4Q9'","MBS","GNMA I MORTPASS 5% 01/40","30yr",,,,,"200709.26",,,,,,""
"2021-04-21","'3128PTJE6'","MBS","FHLMCGLD 3.5% 12/25","15yr",,,,,"200595.62",,,,,,""
"2021-04-21","'3140JKDD5'","MBS","UMBS MORTPASS 4.5% 12/48","30yr",,,,,"200535.47",,,,,,""
"2021-04-21","'3138YLEM9'","MBS","UMBS MORTPASS 2.5% 04/30","15yr",,,,,"200464.42",,,,,,""
"2021-04-21","'3138WM4S7'","MBS","UMBS MORTPASS 3% 03/28","15yr",,,,,"200420.53",,,,,,""
"2021-04-21","'36202EVM8'","MBS","GNMA II MORTPASS 5% 08/38","30yr",,,,,"200371.89",,,,,,""
"2021-04-21","'36296LNF3'","MBS","GNMA I MORTPASS 4% 04/39","30yr",,,,,"200296.48",,,,,,""
"2021-04-21","'3138MDVN9'","MBS","UMBS MORTPASS 2% 10/27","15yr",,,,,"200192.05",,,,,,""
"2021-04-21","'31418CPE8'","MBS","UMBS MORTPASS 3.5% 09/47","30yr",,,,,"200163.99",,,,,,""
"2021-04-21","'3138AV6X8'","MBS","UMBS MORTPASS 3% 12/26","15yr",,,,,"200095.3",,,,,,""
"2021-04-21","'36176GWM4'","MBS","GNMA I MORTPASS 4% 06/41","30yr",,,,,"200025.43",,,,,,""
"2021-04-21","'3138E1P76'","MBS","UMBS MORTPASS 3% 01/27","15yr",,,,,"199900.81",,,,,,""
"2021-04-21","'31417URN7'","MBS","UMBS MORTPASS 4.5% 11/24","15yr",,,,,"199849.19",,,,,,""
"2021-04-21","'36297DH42'","MBS","GNMA I MORTPASS 5% 04/39","30yr",,,,,"199790.78",,,,,,""
"2021-04-21","'3620A8VE0'","MBS","GNMA I MORTPASS 5% 01/40","30yr",,,,,"199688.25",,,,,,""
"2021-04-21","'3140H3XP6'","MBS","UMBS MORTPASS 3% 12/37","Other",,,,,"199597.79",,,,,,""
"2021-04-21","'3140L5FC5'","MBS","UMBS MORTPASS 2% 03/51","30yr",,,,,"199593.93",,,,,,""
"2021-04-21","'3138APZN1'","MBS","UMBS MORTPASS 4.5% 08/41","30yr",,,,,"199531.81",,,,,,""
"2021-04-21","'3138YPW81'","MBS","UMBS MORTPASS 3% 05/30","15yr",,,,,"199525.82",,,,,,""
"2021-04-21","'3140L4FT1'","MBS","UMBS MORTPASS 2% 03/51","30yr",,,,,"199507.44",,,,,,""
"2021-04-21","'3131Y03D2'","MBS","UMBS MORTPASS 3.5% 04/48","30yr",,,,,"199482.89",,,,,,""
"2021-04-21","'3620ABKP0'","MBS","GNMA I 4.5% 01/40","30yr",,,,,"199478.19",,,,,,""
"2021-04-21","'36178LPD9'","MBS","GNMA I MORTPASS 3% 08/42","30yr",,,,,"199475.5",,,,,,""
"2021-04-21","'3140GVDV4'","MBS","UMBS MORTPASS 3% 03/33","15yr",,,,,"199297.6",,,,,,""
"2021-04-21","'3138YBGZ0'","MBS","UMBS MORTPASS 3.5% 12/29","15yr",,,,,"199148.7",,,,,,""
"2021-04-21","'3620A5ZM4'","MBS","GNMA I MORTPASS 5% 10/39","30yr",,,,,"199134.86",,,,,,""
"2021-04-21","'3140L05D5'","MBS","UMBS MORTPASS 2% 02/51","30yr",,,,,"199032.98",,,,,,""
"2021-04-21","'3138EGKU7'","MBS","UMBS MORTPASS 4% 06/26","15yr",,,,,"198976.93",,,,,,""
"2021-04-21","'31418CGQ1'","MBS","UMBS MORTPASS 2% 02/32","15yr",,,,,"198891.29",,,,,,""
"2021-04-21","'36179R4C0'","MBS","GNMA II 2.5% 03/46","30yr",,,,,"198872.55",,,,,,""
"2021-04-21","'3138WC3L5'","MBS","UMBS MORTPASS 2.5% 09/29","15yr",,,,,"198778.67",,,,,,""
"2021-04-21","'3140FCJB5'","MBS","UMBS MORTPASS 2.5% 08/46","30yr",,,,,"198740.9",,,,,,""
"2021-04-21","'36177NNG1'","MBS","GNMA I 3.5% 04/42","30yr",,,,,"198646.49",,,,,,""
"2021-04-21","'3620A7B61'","MBS","GNMA I MORTPASS 5% 12/39","30yr",,,,,"198644.16",,,,,,""
"2021-04-21","'36178MAM3'","MBS","GNMA I 3.5% 10/42","30yr",,,,,"198606.05",,,,,,""
"2021-04-21","'31329PJU8'","MBS","UMBS MORTPASS 4% 09/48","30yr",,,,,"198561.13",,,,,,""
"2021-04-21","'3140H6QZ5'","MBS","UMBS MORTPASS 3.5% 02/48","30yr",,,,,"198468.58",,,,,,""
"2021-04-21","'31417EQE4'","MBS","UMBS MORTPASS 2% 01/23","Other",,,,,"198456.31",,,,,,""
"2021-04-21","'3620ACGR9'","MBS","GNMA I MORTPASS 5% 01/40","30yr",,,,,"198455.97",,,,,,""
"2021-04-21","'3140J9RM5'","MBS","UMBS MORTPASS 4% 09/48","30yr",,,,,"198420.21",,,,,,""
"2021-04-21","'3138XJCE5'","MBS","UMBS MORTPASS 3.5% 01/29","15yr",,,,,"198414.19",,,,,,""
"2021-04-21","'3128M5XK1'","MBS","FHLMCGLD 5% 03/38","30yr",,,,,"198395.94",,,,,,""
"2021-04-21","'3138WD7B1'","MBS","UMBS MORTPASS 2.5% 03/30","15yr",,,,,"198099.22",,,,,,""
"2021-04-21","'3140HMFR0'","MBS","UMBS MORTPASS 3% 07/33","15yr",,,,,"197978.73",,,,,,""
"2021-04-21","'36296YBA9'","MBS","GNMA I MORTPASS 5% 12/39","30yr",,,,,"197908.87",,,,,,""
"2021-04-21","'36297C3T4'","MBS","GNMA I 4.5% 02/39","30yr",,,,,"197905.21",,,,,,""
"2021-04-21","'3133ABXM7'","MBS","UMBS MORTPASS 2.5% 10/50","30yr",,,,,"197881.04",,,,,,""
"2021-04-21","'3138E7J62'","MBS","UMBS MORTPASS 3% 05/27","15yr",,,,,"197760.8",,,,,,""
"2021-04-21","'3140K2DA9'","MBS","UMBS MORTPASS 2.5% 11/49","30yr",,,,,"197711.53",,,,,,""
"2021-04-21","'3140H2B49'","MBS","UMBS MORTPASS 2.5% 11/32","15yr",,,,,"197696.91",,,,,,""
"2021-04-21","'36297HQC5'","MBS","GNMA I 4.5% 06/39","30yr",,,,,"197667.44",,,,,,""
"2021-04-21","'3131X9BY9'","MBS","UMBS MORTPASS 2.5% 05/23","Other",,,,,"197591.47",,,,,,""
"2021-04-21","'3131X6C65'","MBS","UMBS MORTPASS 3% 12/25","15yr",,,,,"197530.77",,,,,,""
"2021-04-21","'3138X1XS0'","MBS","UMBS MORTPASS 2.5% 07/23","Other",,,,,"197530.24",,,,,,""
"2021-04-21","'31417SXG0'","MBS","UMBS MORTPASS 4% 11/24","15yr",,,,,"197489.07",,,,,,""
"2021-04-21","'31307H3T2'","MBS","FHLMCGLD 3% 08/29","15yr",,,,,"197362.25",,,,,,""
"2021-04-21","'3138YSQK5'","MBS","UMBS MORTPASS 2.5% 06/30","15yr",,,,,"197193.47",,,,,,""
"2021-04-21","'36180B5Q0'","MBS","GNMA I MORTPASS 3% 02/43","30yr",,,,,"197135.01",,,,,,""
"2021-04-21","'31307HAQ0'","MBS","FHLMCGLD 3.5% 05/29","15yr",,,,,"197131.11",,,,,,""
"2021-04-21","'36296YSH6'","MBS","GNMA I MORTPASS 4% 03/39","30yr",,,,,"197025.34",,,,,,""
"2021-04-21","'31329KWA8'","MBS","UMBS MORTPASS 3% 01/37","Other",,,,,"196821.05",,,,,,""
"2021-04-21","'31307HLV7'","MBS","FHLMCGLD 3% 06/29","15yr",,,,,"196796.13",,,,,,""
"2021-04-21","'3131X7QK7'","MBS","UMBS MORTPASS 3% 04/27","15yr",,,,,"196774.29",,,,,,""
"2021-04-21","'36297GMZ0'","MBS","GNMA I MORTPASS 4% 12/39","30yr",,,,,"196758.37",,,,,,""
"2021-04-21","'3138WRUY4'","MBS","UMBS MORTPASS 2.5% 05/28","15yr",,,,,"196754.66",,,,,,""
"2021-04-21","'3132A9T23'","MBS","UMBS MORTPASS 3% 09/32","15yr",,,,,"196740.32",,,,,,""
"2021-04-21","'36296JPY5'","MBS","GNMA I 4.5% 06/39","30yr",,,,,"196739.39",,,,,,""
"2021-04-21","'3140JKYY6'","MBS","UMBS MORTPASS 4% 01/49","30yr",,,,,"196560.25",,,,,,""
"2021-04-21","'3132WQAH8'","MBS","FHLMCGLD 3% 08/47","30yr",,,,,"196517.69",,,,,,""
"2021-04-21","'36297DMC8'","MBS","GNMA I MORTPASS 5% 04/39","30yr",,,,,"196495.17",,,,,,""
"2021-04-21","'3131X8HV1'","MBS","UMBS MORTPASS 2.5% 12/27","15yr",,,,,"196487.76",,,,,,""
"2021-04-21","'3133LPSS7'","MBS","UMBS MORTPASS 2.5% 06/30","Other",,,,,"196482.33",,,,,,""
"2021-04-21","'31410SBE6'","MBS","UMBS MORTPASS 6.5% 05/36","30yr",,,,,"196427.7",,,,,,""
"2021-04-21","'36230SHS6'","MBS","GNMA I MORTPASS 4% 08/41","30yr",,,,,"196419.47",,,,,,""
"2021-04-21","'36296HPF0'","MBS","GNMA I MORTPASS 4% 08/41","30yr",,,,,"196286.13",,,,,,""
"2021-04-21","'3140HPWZ6'","MBS","UMBS MORTPASS 4% 11/48","30yr",,,,,"196221.79",,,,,,""
"2021-04-21","'3620AGS97'","MBS","GNMA I 4.5% 01/40","30yr",,,,,"196159.7",,,,,,""
"2021-04-21","'3132QQPD8'","MBS","FHLMCGLD 3.5% 06/45","30yr",,,,,"196156.94",,,,,,""
"2021-04-21","'3140X5UB7'","MBS","UMBS MORTPASS 4.5% 01/49","30yr",,,,,"196144.57",,,,,,""
"2021-04-21","'3131XYK99'","MBS","UMBS MORTPASS 3% 11/47","30yr",,,,,"196139.19",,,,,,""
"2021-04-21","'3138EA3K1'","MBS","UMBS MORTPASS 3% 03/27","15yr",,,,,"196122.24",,,,,,""
"2021-04-21","'31346YLW1'","MBS","UMBS MORTPASS 3% 11/49","30yr",,,,,"196010.89",,,,,,""
"2021-04-21","'36297BX63'","MBS","GNMA I 4.5% 02/39","30yr",,,,,"196009.79",,,,,,""
"2021-04-21","'31417EVS7'","MBS","UMBS MORTPASS 2% 01/28","15yr",,,,,"195917.23",,,,,,""
"2021-04-21","'31329LAT9'","MBS","UMBS MORTPASS 2.5% 03/27","15yr",,,,,"195796.75",,,,,,""
"2021-04-21","'31418CZU1'","MBS","UMBS MORTPASS 3% 07/28","Other",,,,,"195793.96",,,,,,""
"2021-04-21","'31418ANX2'","MBS","UMBS MORTPASS 3% 12/22","Other",,,,,"195719.5",,,,,,""
"2021-04-21","'3133GBSF2'","MBS","UMBS MORTPASS 2% 01/36","15yr",,,,,"195546.15",,,,,,""
"2021-04-21","'36179RBU2'","MBS","GNMA II MORTPASS 2% 08/44","30yr",,,,,"195460.8",,,,,,""
"2021-04-21","'3138YTH56'","MBS","UMBS MORTPASS 3% 09/30","15yr",,,,,"195407.86",,,,,,""
"2021-04-21","'36177YRH1'","MBS","GNMA I 3.5% 05/42","30yr",,,,,"195404.95",,,,,,""
"2021-04-21","'3138WDHX2'","MBS","UMBS MORTPASS 3% 11/29","15yr",,,,,"195377.96",,,,,,""
"2021-04-21","'3620C16L5'","MBS","GNMA I MORTPASS 4% 12/40","30yr",,,,,"195374.58",,,,,,""
"2021-04-21","'3138W2J97'","MBS","UMBS MORTPASS 3% 04/28","15yr",,,,,"195312.49",,,,,,""
"2021-04-21","'3138WJXR4'","MBS","UMBS MORTPASS 2% 02/32","15yr",,,,,"195253.77",,,,,,""
"2021-04-21","'31307GFK0'","MBS","FHLMCGLD 3% 02/29","15yr",,,,,"195248.15",,,,,,""
"2021-04-21","'31417GM60'","MBS","UMBS MORTPASS 3.5% 04/43","30yr",,,,,"195229.96",,,,,,""
"2021-04-21","'31307VQ90'","MBS","FHLMCGLD 3% 01/33","15yr",,,,,"195225.99",,,,,,""
"2021-04-21","'31418AF29'","MBS","UMBS MORTPASS 3.5% 06/32","Other",,,,,"195172.05",,,,,,""
"2021-04-21","'3128MD5Z2'","MBS","FHLMCGLD 3% 09/29","15yr",,,,,"195039.45",,,,,,""
"2021-04-21","'36176E4U2'","MBS","GNMA I 3.5% 11/41","30yr",,,,,"195026.1",,,,,,""
"2021-04-21","'3140HAQR4'","MBS","UMBS MORTPASS 3% 03/33","15yr",,,,,"194977.96",,,,,,""
"2021-04-21","'3140JKZS8'","MBS","UMBS MORTPASS 4% 02/49","30yr",,,,,"194971.11",,,,,,""
"2021-04-21","'3140QGMJ3'","MBS","UMBS MORTPASS 2.5% 01/51","30yr",,,,,"194924.85",,,,,,""
"2021-04-21","'36176LVK8'","MBS","GNMA I MORTPASS 4% 08/41","30yr",,,,,"194880.69",,,,,,""
"2021-04-21","'3140HASL5'","MBS","UMBS MORTPASS 3.5% 05/48","30yr",,,,,"194819.55",,,,,,""
"2021-04-21","'3132CWN67'","MBS","UMBS MORTPASS 2% 09/35","15yr",,,,,"194805.43",,,,,,""
"2021-04-21","'36296YSQ6'","MBS","GNMA I MORTPASS 4% 04/39","30yr",,,,,"194757.68",,,,,,""
"2021-04-21","'3138WAF69'","MBS","UMBS MORTPASS 3.5% 12/42","30yr",,,,,"194728.71",,,,,,""
"2021-04-21","'31418CET7'","MBS","UMBS MORTPASS 2% 12/31","15yr",,,,,"194720.97",,,,,,""
"2021-04-21","'3620A4W81'","MBS","GNMA I MORTPASS 5% 10/39","30yr",,,,,"194720.4",,,,,,""
"2021-04-21","'3132L6YJ4'","MBS","FHLMCGLD 3.5% 03/45","30yr",,,,,"194596.24",,,,,,""
"2021-04-21","'36209FVY2'","MBS","GNMA I MORTPASS 4% 09/41","30yr",,,,,"194584.2",,,,,,""
"2021-04-21","'3138WEPF0'","MBS","UMBS MORTPASS 3.5% 05/45","30yr",,,,,"194489.92",,,,,,""
"2021-04-21","'36179UQ21'","MBS","GNMA II 2.5% 04/49","30yr",,,,,"194458.42",,,,,,""
"2021-04-21","'3138LYLU9'","MBS","UMBS MORTPASS 3% 08/27","15yr",,,,,"194445.9",,,,,,""
"2021-04-21","'3140JVEC2'","MBS","UMBS MORTPASS 4% 08/49","30yr",,,,,"194354.69",,,,,,""
"2021-04-21","'3140X9FL4'","MBS","UMBS MORTPASS 2% 01/36","15yr",,,,,"194344.96",,,,,,""
"2021-04-21","'3138YKTW3'","MBS","UMBS MORTPASS 2.5% 06/30","15yr",,,,,"194271.88",,,,,,""
"2021-04-21","'31307JVZ3'","MBS","FHLMCGLD 3.5% 10/29","15yr",,,,,"194235.04",,,,,,""
"2021-04-21","'3138XUNY4'","MBS","UMBS MORTPASS 3% 05/29","15yr",,,,,"194158.85",,,,,,""
"2021-04-21","'36177WJN1'","MBS","GNMA I MORTPASS 3% 05/42","30yr",,,,,"194114.71",,,,,,""
"2021-04-21","'36202FM86'","MBS","GNMA II 4.5% 12/40","30yr",,,,,"194093.77",,,,,,""
"2021-04-21","'3140L4WC9'","MBS","UMBS MORTPASS 2% 02/51","30yr",,,,,"194030.87",,,,,,""
"2021-04-21","'36230Q5M6'","MBS","GNMA I MORTPASS 4% 05/42","30yr",,,,,"193994.46",,,,,,""
"2021-04-21","'3138WQLQ3'","MBS","UMBS MORTPASS 2.5% 04/23","Other",,,,,"193960.97",,,,,,""
"2021-04-21","'31412N6P6'","MBS","UMBS MORTPASS 5% 03/39","30yr",,,,,"193957.72",,,,,,""
"2021-04-21","'3133G7F40'","MBS","UMBS MORTPASS 3% 12/34","15yr",,,,,"193944.34",,,,,,""
"2021-04-21","'3140X4HL3'","MBS","UMBS MORTPASS 3% 04/48","30yr",,,,,"193922.97",,,,,,""
"2021-04-21","'3620A3GR9'","MBS","GNMA I 4.5% 11/39","30yr",,,,,"193920.91",,,,,,""
"2021-04-21","'31418CN83'","MBS","UMBS MORTPASS 2.5% 08/32","15yr",,,,,"193915.98",,,,,,""
"2021-04-21","'3620AC3F9'","MBS","GNMA I MORTPASS 5% 09/39","30yr",,,,,"193888.46",,,,,,""
"2021-04-21","'312933E75'","MBS","FHLMCGLD 5% 05/39","30yr",,,,,"193791.26",,,,,,""
"2021-04-21","'3140E6M66'","MBS","UMBS MORTPASS 2.5% 11/30","15yr",,,,,"193776.95",,,,,,""
"2021-04-21","'3138WJVF2'","MBS","UMBS MORTPASS 2.5% 02/32","15yr",,,,,"193766.08",,,,,,""
"2021-04-21","'36178QEB4'","MBS","GNMA I MORTPASS 3% 08/42","30yr",,,,,"193746.89",,,,,,""
"2021-04-21","'3132WFSD2'","MBS","FHLMCGLD 4.5% 07/46","30yr",,,,,"193735.66",,,,,,""
"2021-04-21","'31418CNV2'","MBS","UMBS MORTPASS 3% 08/27","Other",,,,,"193658.56",,,,,,""
"2021-04-21","'3140H9GH0'","MBS","UMBS MORTPASS 4.5% 11/48","30yr",,,,,"193646.59",,,,,,""
"2021-04-21","'3140Q9T29'","MBS","UMBS MORTPASS 4% 09/48","30yr",,,,,"193548.21",,,,,,""
"2021-04-21","'3138XRXR5'","MBS","UMBS MORTPASS 3.5% 06/29","15yr",,,,,"193535.57",,,,,,""
"2021-04-21","'31307UMM7'","MBS","FHLMCGLD 2.5% 09/32","15yr",,,,,"193502.47",,,,,,""
"2021-04-21","'3140FLA32'","MBS","UMBS MORTPASS 2.5% 11/31","15yr",,,,,"193435.69",,,,,,""
"2021-04-21","'3138W5AS7'","MBS","UMBS MORTPASS 3% 05/43","30yr",,,,,"193416.93",,,,,,""
"2021-04-21","'3140F43F1'","MBS","UMBS MORTPASS 2.5% 05/31","15yr",,,,,"193303.66",,,,,,""
"2021-04-21","'3140E8L97'","MBS","UMBS MORTPASS 2% 01/31","15yr",,,,,"193269.34",,,,,,""
"2021-04-21","'3140HD4H4'","MBS","UMBS MORTPASS 3.5% 02/33","15yr",,,,,"193261.47",,,,,,""
"2021-04-21","'36181ECX0'","MBS","GNMA I MORTPASS 3% 06/43","30yr",,,,,"193246.2",,,,,,""
"2021-04-21","'31418ADY1'","MBS","UMBS MORTPASS 3% 03/27","15yr",,,,,"193132.18",,,,,,""
"2021-04-21","'3132QSFH6'","MBS","FHLMCGLD 3% 08/45","30yr",,,,,"192974.39",,,,,,""
"2021-04-21","'31329QCR0'","MBS","UMBS MORTPASS 4% 03/49","30yr",,,,,"192949.58",,,,,,""
"2021-04-21","'3132A9UN5'","MBS","UMBS MORTPASS 2.5% 03/33","15yr",,,,,"192885.12",,,,,,""
"2021-04-21","'31307S3H4'","MBS","FHLMCGLD 3.5% 02/32","15yr",,,,,"192829.27",,,,,,""
"2021-04-21","'31416KN38'","MBS","UMBS MORTPASS 4% 04/24","15yr",,,,,"192826.05",,,,,,""
"2021-04-21","'3620AAU55'","MBS","GNMA I MORTPASS 5% 08/39","30yr",,,,,"192821.99",,,,,,""
"2021-04-21","'3131X77M4'","MBS","UMBS MORTPASS 2.5% 10/27","15yr",,,,,"192802.68",,,,,,""
"2021-04-21","'3138MDHS4'","MBS","UMBS MORTPASS 3% 10/27","15yr",,,,,"192738.79",,,,,,""
"2021-04-21","'3138WJUL0'","MBS","UMBS MORTPASS 3% 01/47","30yr",,,,,"192464.88",,,,,,""
"2021-04-21","'3133G9BJ7'","MBS","UMBS MORTPASS 1.5% 07/35","15yr",,,,,"192374.84",,,,,,""
"2021-04-21","'3140JKY91'","MBS","UMBS MORTPASS 3% 01/34","15yr",,,,,"192298.79",,,,,,""
"2021-04-21","'31417GXT8'","MBS","UMBS MORTPASS 2% 06/23","Other",,,,,"192101.12",,,,,,""
"2021-04-21","'36297FHJ4'","MBS","GNMA I MORTPASS 4% 06/39","30yr",,,,,"191957.83",,,,,,""
"2021-04-21","'36209RST1'","MBS","GNMA I MORTPASS 4% 10/41","30yr",,,,,"191798.54",,,,,,""
"2021-04-21","'3140K46E5'","MBS","UMBS MORTPASS 4% 01/50","30yr",,,,,"191727.62",,,,,,""
"2021-04-21","'3620C4ZM5'","MBS","GNMA I MORTPASS 4% 11/40","30yr",,,,,"191712.46",,,,,,""
"2021-04-21","'3138WZJ94'","MBS","UMBS MORTPASS 3% 07/28","15yr",,,,,"191675.6",,,,,,""
"2021-04-21","'31417FQF8'","MBS","UMBS MORTPASS 2.5% 03/23","Other",,,,,"191672.83",,,,,,""
"2021-04-21","'3620A6QZ3'","MBS","GNMA I MORTPASS 5% 09/39","30yr",,,,,"191642.9",,,,,,""
"2021-04-21","'3620AKXF8'","MBS","GNMA I MORTPASS 5% 02/40","30yr",,,,,"191619.06",,,,,,""
"2021-04-21","'3138XHRF0'","MBS","UMBS MORTPASS 4% 03/44","30yr",,,,,"191569.47",,,,,,""
"2021-04-21","'3620A2WR3'","MBS","GNMA I MORTPASS 5% 05/39","30yr",,,,,"191447.35",,,,,,""
"2021-04-21","'3620ABF50'","MBS","GNMA I MORTPASS 5% 09/39","30yr",,,,,"191246.83",,,,,,""
"2021-04-21","'36295LTE1'","MBS","GNMA I MORTPASS 6% 01/39","30yr",,,,,"191246.62",,,,,,""
"2021-04-21","'31329K3L6'","MBS","UMBS MORTPASS 3% 01/26","15yr",,,,,"191243.97",,,,,,""
"2021-04-21","'3132M4Y82'","MBS","FHLMCGLD 4% 02/44","30yr",,,,,"191241.99",,,,,,""
"2021-04-21","'3140HAQL7'","MBS","UMBS MORTPASS 3.5% 03/48","30yr",,,,,"191218.1",,,,,,""
"2021-04-21","'3138XSA72'","MBS","UMBS MORTPASS 3.5% 03/29","15yr",,,,,"191092.23",,,,,,""
"2021-04-21","'3133AKKF6'","MBS","UMBS MORTPASS 1.5% 04/51","30yr",,,,,"190999",,,,,,""
"2021-04-21","'31307JDG5'","MBS","FHLMCGLD 3.5% 08/29","15yr",,,,,"190968.23",,,,,,""
"2021-04-21","'3138YSMA1'","MBS","UMBS MORTPASS 2.5% 07/30","15yr",,,,,"190947.16",,,,,,""
"2021-04-21","'3128MEMW8'","MBS","FHLMCGLD 4% 10/28","15yr",,,,,"190918.77",,,,,,""
"2021-04-21","'3131X8BB1'","MBS","UMBS MORTPASS 2.5% 10/27","15yr",,,,,"190806.92",,,,,,""
"2021-04-21","'312939UJ8'","MBS","FHLMCGLD 4.5% 03/40","30yr",,,,,"190723.98",,,,,,""
"2021-04-21","'31418DSU7'","MBS","UMBS MORTPASS 3% 09/40","Other",,,,,"190674.42",,,,,,""
"2021-04-21","'3140E8MM7'","MBS","UMBS MORTPASS 2% 01/31","15yr",,,,,"190668.63",,,,,,""
"2021-04-21","'36181REN1'","MBS","GNMA I MORTPASS 4% 09/43","30yr",,,,,"190667.02",,,,,,""
"2021-04-21","'36178YWL5'","MBS","GNMA I MORTPASS 3% 01/43","30yr",,,,,"190660.01",,,,,,""
"2021-04-21","'31307VZP4'","MBS","FHLMCGLD 3.5% 04/33","15yr",,,,,"190640.55",,,,,,""
"2021-04-21","'36177TAF4'","MBS","GNMA I 3.5% 03/42","30yr",,,,,"190461.22",,,,,,""
"2021-04-21","'36297CU64'","MBS","GNMA I 4.5% 10/39","30yr",,,,,"190293.09",,,,,,""
"2021-04-21","'3128PMN89'","MBS","FHLMCGLD 4% 03/24","15yr",,,,,"190279.24",,,,,,""
"2021-04-21","'3620A4G71'","MBS","GNMA I MORTPASS 5% 03/40","30yr",,,,,"190228.14",,,,,,""
"2021-04-21","'3140GUPP6'","MBS","UMBS MORTPASS 4% 06/47","30yr",,,,,"190163.4",,,,,,""
"2021-04-21","'3140FEZF4'","MBS","UMBS MORTPASS 3.5% 02/47","30yr",,,,,"190142.19",,,,,,""
"2021-04-21","'3132L7GN3'","MBS","FHLMCGLD 4.5% 10/45","30yr",,,,,"190131.39",,,,,,""
"2021-04-21","'3138MCWZ3'","MBS","UMBS MORTPASS 2% 10/27","15yr",,,,,"190100.55",,,,,,""
"2021-04-21","'36296YPZ9'","MBS","GNMA I 4.5% 08/39","30yr",,,,,"190088.18",,,,,,""
"2021-04-21","'31404EUF1'","MBS","UMBS MORTPASS 5.5% 03/34","30yr",,,,,"190043.46",,,,,,""
"2021-04-21","'31418CQ31'","MBS","UMBS MORTPASS 4% 09/32","15yr",,,,,"190034",,,,,,""
"2021-04-21","'36176E2M2'","MBS","GNMA I MORTPASS 4% 09/41","30yr",,,,,"189886.48",,,,,,""
"2021-04-21","'36297GZ78'","MBS","GNMA I 4.5% 05/39","30yr",,,,,"189685.41",,,,,,""
"2021-04-21","'3140QDCB8'","MBS","UMBS MORTPASS 3% 03/35","15yr",,,,,"189675.17",,,,,,""
"2021-04-21","'3620ABJB3'","MBS","GNMA I 3.5% 08/42","30yr",,,,,"189557.78",,,,,,""
"2021-04-21","'36297CQX0'","MBS","GNMA I MORTPASS 5% 11/39","30yr",,,,,"189556.51",,,,,,""
"2021-04-21","'3128PQUU3'","MBS","FHLMCGLD 4.5% 02/25","15yr",,,,,"189358.91",,,,,,""
"2021-04-21","'3138M9WR8'","MBS","UMBS MORTPASS 2% 07/28","15yr",,,,,"189242.49",,,,,,""
"2021-04-21","'3132M7ZS0'","MBS","FHLMCGLD 4% 07/44","30yr",,,,,"189107.3",,,,,,""
"2021-04-21","'36296WTM8'","MBS","GNMA I MORTPASS 5% 05/39","30yr",,,,,"189048.16",,,,,,""
"2021-04-21","'3140E66P2'","MBS","UMBS MORTPASS 2% 10/30","15yr",,,,,"189047.31",,,,,,""
"2021-04-21","'3620ADE73'","MBS","GNMA I MORTPASS 5% 09/39","30yr",,,,,"188956.31",,,,,,""
"2021-04-21","'3140QBZF8'","MBS","UMBS MORTPASS 3% 03/48","30yr",,,,,"188927.43",,,,,,""
"2021-04-21","'31307CUJ5'","MBS","FHLMCGLD 3% 06/28","15yr",,,,,"188895.64",,,,,,""
"2021-04-21","'3140JKYL4'","MBS","UMBS MORTPASS 3% 01/34","15yr",,,,,"188748.71",,,,,,""
"2021-04-21","'3140JW2X7'","MBS","UMBS MORTPASS 2.5% 08/49","30yr",,,,,"188715.19",,,,,,""
"2021-04-21","'3138EMWR8'","MBS","UMBS MORTPASS 3% 04/24","Other",,,,,"188711.74",,,,,,""
"2021-04-21","'3620A1SX7'","MBS","GNMA I 4.5% 08/39","30yr",,,,,"188691.7",,,,,,""
"2021-04-21","'36296LL99'","MBS","GNMA I 4.5% 02/39","30yr",,,,,"188653.51",,,,,,""
"2021-04-21","'3138XQM73'","MBS","UMBS MORTPASS 3% 07/29","15yr",,,,,"188594.55",,,,,,""
"2021-04-21","'3138EAJ81'","MBS","UMBS MORTPASS 3% 03/27","15yr",,,,,"188544.71",,,,,,""
"2021-04-21","'36230RVW3'","MBS","GNMA I 3.5% 11/40","30yr",,,,,"188490.58",,,,,,""
"2021-04-21","'3131YCDZ6'","MBS","UMBS MORTPASS 3% 02/48","30yr",,,,,"188440.11",,,,,,""
"2021-04-21","'3131X9SH8'","MBS","UMBS MORTPASS 2% 08/23","Other",,,,,"188420.67",,,,,,""
"2021-04-21","'31417G7H3'","MBS","UMBS MORTPASS 2% 07/23","Other",,,,,"188368.64",,,,,,""
"2021-04-21","'31307PR92'","MBS","FHLMCGLD 2.5% 11/30","15yr",,,,,"188347.55",,,,,,""
"2021-04-21","'31418CNF7'","MBS","UMBS MORTPASS 3.5% 08/37","Other",,,,,"188320.9",,,,,,""
"2021-04-21","'36202FDC7'","MBS","GNMA II MORTPASS 5% 12/39","30yr",,,,,"188290.8",,,,,,""
"2021-04-21","'3138X5L54'","MBS","UMBS MORTPASS 3% 09/28","15yr",,,,,"188193.59",,,,,,""
"2021-04-21","'36177TTH0'","MBS","GNMA I 3.5% 05/42","30yr",,,,,"188123.44",,,,,,""
"2021-04-21","'36179SYQ4'","MBS","GNMA II 2.5% 03/47","30yr",,,,,"188093.02",,,,,,""
"2021-04-21","'3128MMTK9'","MBS","FHLMCGLD 2.5% 05/30","15yr",,,,,"187964.2",,,,,,""
"2021-04-21","'36292C3J1'","MBS","GNMA I 5.5% 06/38","30yr",,,,,"187963.84",,,,,,""
"2021-04-21","'31417A6U8'","MBS","UMBS MORTPASS 3% 02/27","15yr",,,,,"187906.38",,,,,,""
"2021-04-21","'3132QSLZ9'","MBS","FHLMCGLD 3% 08/45","30yr",,,,,"187881.17",,,,,,""
"2021-04-21","'3140H3QL3'","MBS","UMBS MORTPASS 3% 12/47","30yr",,,,,"187756.39",,,,,,""
"2021-04-21","'3138WEPZ6'","MBS","UMBS MORTPASS 2.5% 05/30","15yr",,,,,"187748.65",,,,,,""
"2021-04-21","'3620A7QH1'","MBS","GNMA I 4.5% 12/39","30yr",,,,,"187698.94",,,,,,""
"2021-04-21","'31410LUP5'","MBS","UMBS MORTPASS 3% 08/32","15yr",,,,,"187500.96",,,,,,""
"2021-04-21","'3620A1UC0'","MBS","GNMA I MORTPASS 5% 11/39","30yr",,,,,"187471.85",,,,,,""
"2021-04-21","'3140JGUU7'","MBS","UMBS MORTPASS 4% 12/48","30yr",,,,,"187400.62",,,,,,""
"2021-04-21","'36176W2P5'","MBS","GNMA I MORTPASS 4% 12/41","30yr",,,,,"187368.74",,,,,,""
"2021-04-21","'3128E5WM7'","MBS","FHLMCGLD 4% 08/31","Other",,,,,"187270.49",,,,,,""
"2021-04-21","'3138E0KH1'","MBS","UMBS MORTPASS 3% 12/26","15yr",,,,,"187209.94",,,,,,""
"2021-04-21","'3620ACAL8'","MBS","GNMA I MORTPASS 5% 03/40","30yr",,,,,"187119.49",,,,,,""
"2021-04-21","'36297G4E7'","MBS","GNMA I MORTPASS 5% 04/39","30yr",,,,,"187081.44",,,,,,""
"2021-04-21","'3140H8KJ3'","MBS","UMBS MORTPASS 3% 01/48","30yr",,,,,"187078.64",,,,,,""
"2021-04-21","'3138WFAW6'","MBS","UMBS MORTPASS 3% 07/30","15yr",,,,,"187055.33",,,,,,""
"2021-04-21","'3128MDPY3'","MBS","FHLMCGLD 3% 04/23","15yr",,,,,"186871.39",,,,,,""
"2021-04-21","'3138XK3Q5'","MBS","UMBS MORTPASS 3.5% 02/44","30yr",,,,,"186863.43",,,,,,""
"2021-04-21","'36296WUR5'","MBS","GNMA I MORTPASS 5% 12/39","30yr",,,,,"186731.17",,,,,,""
"2021-04-21","'31417GYT7'","MBS","UMBS MORTPASS 2% 06/28","15yr",,,,,"186712.45",,,,,,""
"2021-04-21","'3132AAMB7'","MBS","UMBS MORTPASS 4% 07/38","Other",,,,,"186696.46",,,,,,""
"2021-04-21","'3138E8XV9'","MBS","UMBS MORTPASS 3% 03/22","Other",,,,,"186694.96",,,,,,""
"2021-04-21","'3140Q7B89'","MBS","UMBS MORTPASS 4% 07/47","30yr",,,,,"186426.19",,,,,,""
"2021-04-21","'3140HM6S8'","MBS","UMBS MORTPASS 3.5% 07/48","30yr",,,,,"186347.45",,,,,,""
"2021-04-21","'3138WXRU3'","MBS","UMBS MORTPASS 3% 07/28","15yr",,,,,"186181.67",,,,,,""
"2021-04-21","'31307LVP0'","MBS","FHLMCGLD 2.5% 02/30","15yr",,,,,"186174.68",,,,,,""
"2021-04-21","'3138AWQD8'","MBS","UMBS MORTPASS 3.5% 10/26","15yr",,,,,"186131.39",,,,,,""
"2021-04-21","'36296LM31'","MBS","GNMA I MORTPASS 4% 03/39","30yr",,,,,"186116.08",,,,,,""
"2021-04-21","'3140GTZY9'","MBS","UMBS MORTPASS 3% 08/32","15yr",,,,,"186057.41",,,,,,""
"2021-04-21","'3620A7XA8'","MBS","GNMA I MORTPASS 5% 11/39","30yr",,,,,"185938.65",,,,,,""
"2021-04-21","'3140JPTE5'","MBS","UMBS MORTPASS 2% 01/36","15yr",,,,,"185689.82",,,,,,""
"2021-04-21","'36295T7L2'","MBS","GNMA I MORTPASS 5% 12/39","30yr",,,,,"185652.83",,,,,,""
"2021-04-21","'3131X7DG0'","MBS","UMBS MORTPASS 3% 11/26","15yr",,,,,"185644.87",,,,,,""
"2021-04-21","'36202EZE2'","MBS","GNMA II 4.5% 01/39","30yr",,,,,"185593.1",,,,,,""
"2021-04-21","'3140FMFE1'","MBS","UMBS MORTPASS 2.5% 11/31","15yr",,,,,"185407.12",,,,,,""
"2021-04-21","'3138WFK54'","MBS","UMBS MORTPASS 3% 09/30","15yr",,,,,"185397.04",,,,,,""
"2021-04-21","'3133KYUU1'","MBS","UMBS MORTPASS 2% 01/41","Other",,,,,"185238.43",,,,,,""
"2021-04-21","'36297A6V0'","MBS","GNMA I MORTPASS 5% 02/39","30yr",,,,,"185114.58",,,,,,""
"2021-04-21","'3133G6RR8'","MBS","UMBS MORTPASS 2% 09/34","15yr",,,,,"185103.36",,,,,,""
"2021-04-21","'3138WWRZ4'","MBS","UMBS MORTPASS 3% 06/28","15yr",,,,,"184978.64",,,,,,""
"2021-04-21","'3128MJYV6'","MBS","FHLMCGLD 4% 09/46","30yr",,,,,"184922.62",,,,,,""
"2021-04-21","'31417DL76'","MBS","UMBS MORTPASS 2.5% 10/27","15yr",,,,,"184896.69",,,,,,""
"2021-04-21","'3132KEZ99'","MBS","FHLMCGLD 3% 01/30","15yr",,,,,"184849.78",,,,,,""
"2021-04-21","'3131X74V7'","MBS","UMBS MORTPASS 2.5% 09/22","Other",,,,,"184799.51",,,,,,""
"2021-04-21","'3132AEEK8'","MBS","UMBS MORTPASS 4% 02/39","Other",,,,,"184772.09",,,,,,""
"2021-04-21","'3132J8T42'","MBS","FHLMCGLD 3% 04/43","30yr",,,,,"184672.4",,,,,,""
"2021-04-21","'3138YYYM9'","MBS","UMBS MORTPASS 3.5% 10/45","30yr",,,,,"184655.99",,,,,,""
"2021-04-21","'3140Q9A29'","MBS","UMBS MORTPASS 3.5% 05/33","15yr",,,,,"184654.15",,,,,,""
"2021-04-21","'3128M8RT3'","MBS","FHLMCGLD 4% 04/41","30yr",,,,,"184639.04",,,,,,""
"2021-04-21","'36297KSK8'","MBS","GNMA I 4.5% 10/39","30yr",,,,,"184423.88",,,,,,""
"2021-04-21","'3620A8SL8'","MBS","GNMA I 4.5% 12/39","30yr",,,,,"184418.42",,,,,,""
"2021-04-21","'3140Q9EZ2'","MBS","UMBS MORTPASS 4% 07/48","30yr",,,,,"184380.21",,,,,,""
"2021-04-21","'3138XU5K4'","MBS","UMBS MORTPASS 3.5% 06/29","15yr",,,,,"184288.35",,,,,,""
"2021-04-21","'3140Q93G6'","MBS","UMBS MORTPASS 4% 11/48","30yr",,,,,"184236.26",,,,,,""
"2021-04-21","'3140HPV20'","MBS","UMBS MORTPASS 3.5% 10/48","30yr",,,,,"184202.52",,,,,,""
"2021-04-21","'3138XTBJ3'","MBS","UMBS MORTPASS 3% 06/29","15yr",,,,,"184090.35",,,,,,""
"2021-04-21","'3138M0RN2'","MBS","UMBS MORTPASS 3% 06/27","15yr",,,,,"183970.98",,,,,,""
"2021-04-21","'31418CQA5'","MBS","UMBS MORTPASS 3.5% 10/47","30yr",,,,,"183841.58",,,,,,""
"2021-04-21","'3128PUJW3'","MBS","FHLMCGLD 3.5% 03/26","15yr",,,,,"183727.55",,,,,,""
"2021-04-21","'3138X7YA5'","MBS","UMBS MORTPASS 3.5% 09/28","15yr",,,,,"183666.76",,,,,,""
"2021-04-21","'36297K4W8'","MBS","GNMA I 4.5% 05/39","30yr",,,,,"183662.54",,,,,,""
"2021-04-21","'3138WF6J0'","MBS","UMBS MORTPASS 2.5% 12/30","15yr",,,,,"183564.07",,,,,,""
"2021-04-21","'36176A5H8'","MBS","GNMA I MORTPASS 4% 09/41","30yr",,,,,"183465.08",,,,,,""
"2021-04-21","'3138EQ6Q0'","MBS","UMBS MORTPASS 3.5% 10/30","15yr",,,,,"183413.94",,,,,,""
"2021-04-21","'3138XQBU4'","MBS","UMBS MORTPASS 4.5% 04/44","30yr",,,,,"183397.34",,,,,,""
"2021-04-21","'36295CG62'","MBS","GNMA I MORTPASS 3% 02/43","30yr",,,,,"183375.63",,,,,,""
"2021-04-21","'3132A8FN4'","MBS","UMBS MORTPASS 2.5% 07/25","Other",,,,,"183366.24",,,,,,""
"2021-04-21","'36176VEW9'","MBS","GNMA I MORTPASS 4% 11/41","30yr",,,,,"183361.65",,,,,,""
"2021-04-21","'3140JSZH5'","MBS","UMBS MORTPASS 3% 04/34","15yr",,,,,"183294.24",,,,,,""
"2021-04-21","'3140FPK24'","MBS","UMBS MORTPASS 3% 12/31","15yr",,,,,"183119.13",,,,,,""
"2021-04-21","'3132KFAC6'","MBS","FHLMCGLD 2.5% 09/30","15yr",,,,,"183096.38",,,,,,""
"2021-04-21","'3132GTY68'","MBS","FHLMCGLD 4% 05/42","30yr",,,,,"183088.03",,,,,,""
"2021-04-21","'3620A5DF3'","MBS","GNMA I 4.5% 08/39","30yr",,,,,"183060.53",,,,,,""
"2021-04-21","'31329K2P8'","MBS","UMBS MORTPASS 3% 11/25","15yr",,,,,"183038.52",,,,,,""
"2021-04-21","'36179BTF1'","MBS","GNMA I MORTPASS 3% 02/43","30yr",,,,,"183037.29",,,,,,""
"2021-04-21","'36176QPB4'","MBS","GNMA I 3.5% 02/42","30yr",,,,,"183035.69",,,,,,""
"2021-04-21","'31417G7K6'","MBS","UMBS MORTPASS 2.5% 07/23","Other",,,,,"183020.56",,,,,,""
"2021-04-21","'3131X9NN0'","MBS","UMBS MORTPASS 2% 07/23","Other",,,,,"182978.28",,,,,,""
"2021-04-21","'31418AY69'","MBS","UMBS MORTPASS 3.5% 10/23","Other",,,,,"182882.32",,,,,,""
"2021-04-21","'36295CHU8'","MBS","GNMA I MORTPASS 3% 04/43","30yr",,,,,"182864.13",,,,,,""
"2021-04-21","'36297DXU6'","MBS","GNMA I MORTPASS 4% 09/41","30yr",,,,,"182851.46",,,,,,""
"2021-04-21","'36213FZY2'","MBS","GNMA I MORTPASS 4% 01/42","30yr",,,,,"182810.06",,,,,,""
"2021-04-21","'3133LPR33'","MBS","UMBS MORTPASS 2.5% 09/29","Other",,,,,"182552.01",,,,,,""
"2021-04-21","'36179BTB0'","MBS","GNMA I MORTPASS 3% 02/43","30yr",,,,,"182503.41",,,,,,""
"2021-04-21","'3620AB6Q4'","MBS","GNMA I MORTPASS 5% 01/40","30yr",,,,,"182469.85",,,,,,""
"2021-04-21","'3138WGH56'","MBS","UMBS MORTPASS 3% 01/31","15yr",,,,,"182441.27",,,,,,""
"2021-04-21","'3140F4MN3'","MBS","UMBS MORTPASS 2.5% 07/31","15yr",,,,,"182388.75",,,,,,""
"2021-04-21","'3140E8MB1'","MBS","UMBS MORTPASS 2.5% 01/31","15yr",,,,,"182336.79",,,,,,""
"2021-04-21","'3138ECWW9'","MBS","UMBS MORTPASS 3% 03/27","15yr",,,,,"182267.68",,,,,,""
"2021-04-21","'3128MMT45'","MBS","FHLMCGLD 3.5% 09/30","15yr",,,,,"182087.27",,,,,,""
"2021-04-21","'3132QMY54'","MBS","FHLMCGLD 4% 02/45","30yr",,,,,"182085.79",,,,,,""
"2021-04-21","'3140H5MW8'","MBS","UMBS MORTPASS 3% 01/48","30yr",,,,,"181991.02",,,,,,""
"2021-04-21","'3138X9XP9'","MBS","UMBS MORTPASS 3% 12/28","15yr",,,,,"181787.46",,,,,,""
"2021-04-21","'36296MGZ5'","MBS","GNMA I 4.5% 04/39","30yr",,,,,"181635.34",,,,,,""
"2021-04-21","'3138X1YD2'","MBS","UMBS MORTPASS 2.5% 07/28","15yr",,,,,"181616.49",,,,,,""
"2021-04-21","'31307QYB7'","MBS","FHLMCGLD 3.5% 05/31","15yr",,,,,"181578.78",,,,,,""
"2021-04-21","'3132A8MN6'","MBS","UMBS MORTPASS 2.5% 02/31","15yr",,,,,"181537.41",,,,,,""
"2021-04-21","'31417TXP8'","MBS","UMBS MORTPASS 6% 01/40","30yr",,,,,"181497.53",,,,,,""
"2021-04-21","'36230N2Y0'","MBS","GNMA I 3.5% 08/42","30yr",,,,,"181480.86",,,,,,""
"2021-04-21","'31416PZ59'","MBS","UMBS MORTPASS 6% 05/39","30yr",,,,,"181479.89",,,,,,""
"2021-04-21","'3138XYZN7'","MBS","UMBS MORTPASS 3.5% 08/29","15yr",,,,,"181471.22",,,,,,""
"2021-04-21","'3131Y7L39'","MBS","UMBS MORTPASS 4% 11/48","30yr",,,,,"181238.89",,,,,,""
"2021-04-21","'3620A45M0'","MBS","GNMA I MORTPASS 5% 11/39","30yr",,,,,"181134.11",,,,,,""
"2021-04-21","'36295RWQ7'","MBS","GNMA I 4.5% 12/39","30yr",,,,,"181058.55",,,,,,""
"2021-04-21","'3131X8L20'","MBS","UMBS MORTPASS 2.5% 01/28","15yr",,,,,"181039.57",,,,,,""
"2021-04-21","'3138EKUZ6'","MBS","UMBS MORTPASS 3% 02/28","15yr",,,,,"181010.4",,,,,,""
"2021-04-21","'3138LS4B3'","MBS","UMBS MORTPASS 2.5% 05/27","15yr",,,,,"180926.44",,,,,,""
"2021-04-21","'36176E6G1'","MBS","GNMA I 3.5% 12/41","30yr",,,,,"180776.02",,,,,,""
"2021-04-21","'31307LKX5'","MBS","FHLMCGLD 2.5% 12/29","15yr",,,,,"180734.31",,,,,,""
"2021-04-21","'36296WTB2'","MBS","GNMA I 4.5% 07/39","30yr",,,,,"180611.59",,,,,,""
"2021-04-21","'36207QFQ5'","MBS","GNMA I MORTPASS 4% 11/41","30yr",,,,,"180542.72",,,,,,""
"2021-04-21","'31417BFH5'","MBS","UMBS MORTPASS 2.5% 03/27","15yr",,,,,"180402.91",,,,,,""
"2021-04-21","'3138W1UB1'","MBS","UMBS MORTPASS 3% 02/28","15yr",,,,,"180242.84",,,,,,""
"2021-04-21","'31418BYZ3'","MBS","UMBS MORTPASS 2% 01/26","Other",,,,,"180220.26",,,,,,""
"2021-04-21","'3138WDU58'","MBS","UMBS MORTPASS 2% 01/30","15yr",,,,,"180201.53",,,,,,""
"2021-04-21","'31307LSU3'","MBS","FHLMCGLD 3% 01/30","15yr",,,,,"179785.88",,,,,,""
"2021-04-21","'31307DVG8'","MBS","FHLMCGLD 3% 08/28","15yr",,,,,"179700.78",,,,,,""
"2021-04-21","'36180UEN5'","MBS","GNMA I MORTPASS 3% 04/43","30yr",,,,,"179531.19",,,,,,""
"2021-04-21","'36291UMW2'","MBS","GNMA I MORTPASS 5% 12/38","30yr",,,,,"179326.97",,,,,,""
"2021-04-21","'3138X3AY8'","MBS","UMBS MORTPASS 4% 07/43","30yr",,,,,"179291.75",,,,,,""
"2021-04-21","'31307HC54'","MBS","FHLMCGLD 3.5% 05/29","15yr",,,,,"179224.01",,,,,,""
"2021-04-21","'36297HSS8'","MBS","GNMA I 4.5% 06/39","30yr",,,,,"179185.28",,,,,,""
"2021-04-21","'3140HJQB0'","MBS","UMBS MORTPASS 3.5% 05/48","30yr",,,,,"179129.23",,,,,,""
"2021-04-21","'3133AACN0'","MBS","UMBS MORTPASS 2% 09/50","30yr",,,,,"179087.25",,,,,,""
"2021-04-21","'3138NXEB9'","MBS","UMBS MORTPASS 3% 01/28","15yr",,,,,"179083.94",,,,,,""
"2021-04-21","'3138AWHQ9'","MBS","UMBS MORTPASS 3.5% 12/26","15yr",,,,,"179070.57",,,,,,""
"2021-04-21","'3138NWUN7'","MBS","UMBS MORTPASS 3% 03/28","15yr",,,,,"179068.25",,,,,,""
"2021-04-21","'31307DTS5'","MBS","FHLMCGLD 3.5% 08/28","15yr",,,,,"178995.09",,,,,,""
"2021-04-21","'3138WJXN3'","MBS","UMBS MORTPASS 3% 02/47","30yr",,,,,"178952.65",,,,,,""
"2021-04-21","'36177MUC4'","MBS","GNMA I 3.5% 03/42","30yr",,,,,"178914.87",,,,,,""
"2021-04-21","'3133KGNV6'","MBS","UMBS MORTPASS 4% 01/49","30yr",,,,,"178900.43",,,,,,""
"2021-04-21","'3140FPC98'","MBS","UMBS MORTPASS 3.5% 06/47","30yr",,,,,"178819.67",,,,,,""
"2021-04-21","'3140GSPP1'","MBS","UMBS MORTPASS 3% 09/32","15yr",,,,,"178722.89",,,,,,""
"2021-04-21","'3129325S1'","MBS","FHLMCGLD 4.5% 05/39","30yr",,,,,"178699.16",,,,,,""
"2021-04-21","'36213F2C6'","MBS","GNMA I 3.5% 01/42","30yr",,,,,"178687.94",,,,,,""
"2021-04-21","'36202EET2'","MBS","GNMA II 4.5% 08/35","30yr",,,,,"178591.97",,,,,,""
"2021-04-21","'3140HJKB6'","MBS","UMBS MORTPASS 3% 08/33","15yr",,,,,"178571.53",,,,,,""
"2021-04-21","'3131Y2GY8'","MBS","UMBS MORTPASS 4% 07/48","30yr",,,,,"178563.28",,,,,,""
"2021-04-21","'36296WT48'","MBS","GNMA I 4.5% 08/39","30yr",,,,,"178481.59",,,,,,""
"2021-04-21","'3138E8T51'","MBS","UMBS MORTPASS 3% 07/29","15yr",,,,,"178365.85",,,,,,""
"2021-04-21","'3131X9CF9'","MBS","UMBS MORTPASS 2.5% 05/28","15yr",,,,,"178293.61",,,,,,""
"2021-04-21","'3140HESE3'","MBS","UMBS MORTPASS 4.5% 05/48","30yr",,,,,"178257.57",,,,,,""
"2021-04-21","'36180BJZ5'","MBS","GNMA I 3.5% 05/43","30yr",,,,,"178219.29",,,,,,""
"2021-04-21","'3138AWQL0'","MBS","UMBS MORTPASS 3% 11/26","15yr",,,,,"178166.64",,,,,,""
"2021-04-21","'3620A1WQ7'","MBS","GNMA I 4.5% 05/39","30yr",,,,,"178127.76",,,,,,""
"2021-04-21","'3131XVAZ8'","MBS","UMBS MORTPASS 2.5% 10/46","30yr",,,,,"178014.18",,,,,,""
"2021-04-21","'3131X7PM4'","MBS","UMBS MORTPASS 3% 04/27","15yr",,,,,"177960.75",,,,,,""
"2021-04-21","'31371N4Q5'","MBS","UMBS MORTPASS 6.5% 10/28","Other",,,,,"177906.83",,,,,,""
"2021-04-21","'3132A73R0'","MBS","UMBS MORTPASS 2.5% 03/25","Other",,,,,"177840.97",,,,,,""
"2021-04-21","'3128L4T79'","MBS","FHLMCGLD 6% 01/38","30yr",,,,,"177781.57",,,,,,""
"2021-04-21","'31307DQE9'","MBS","FHLMCGLD 2% 07/23","15yr",,,,,"177768.31",,,,,,""
"2021-04-21","'36295AJ30'","MBS","GNMA I 4.5% 09/39","30yr",,,,,"177763.37",,,,,,""
"2021-04-21","'3620A6UP0'","MBS","GNMA I MORTPASS 5% 08/39","30yr",,,,,"177632.34",,,,,,""
"2021-04-21","'3138Y52L9'","MBS","UMBS MORTPASS 3.5% 10/44","30yr",,,,,"177599.73",,,,,,""
"2021-04-21","'3140QFRU5'","MBS","UMBS MORTPASS 1.5% 11/50","30yr",,,,,"177579.58",,,,,,""
"2021-04-21","'3138NYR80'","MBS","UMBS MORTPASS 3% 02/28","15yr",,,,,"177572.72",,,,,,""
"2021-04-21","'36200THD3'","MBS","GNMA I MORTPASS 5% 09/39","30yr",,,,,"177560.9",,,,,,""
"2021-04-21","'3140HARS1'","MBS","UMBS MORTPASS 3.5% 04/33","15yr",,,,,"177492",,,,,,""
"2021-04-21","'36230UGG8'","MBS","GNMA I MORTPASS 4% 01/41","30yr",,,,,"177459.27",,,,,,""
"2021-04-21","'36180CDU0'","MBS","GNMA I MORTPASS 3% 05/43","30yr",,,,,"177434.86",,,,,,""
"2021-04-21","'36296AQN7'","MBS","GNMA I MORTPASS 5% 04/39","30yr",,,,,"177276.64",,,,,,""
"2021-04-21","'31417BZA8'","MBS","UMBS MORTPASS 3% 05/27","15yr",,,,,"177223.59",,,,,,""
"2021-04-21","'3138MRGQ8'","MBS","UMBS MORTPASS 3.5% 01/43","30yr",,,,,"177207.43",,,,,,""
"2021-04-21","'3138XVQS2'","MBS","UMBS MORTPASS 3% 07/29","15yr",,,,,"177187",,,,,,""
"2021-04-21","'31418BX68'","MBS","UMBS MORTPASS 2% 12/25","Other",,,,,"177179.54",,,,,,""
"2021-04-21","'36177TAE7'","MBS","GNMA I 3.5% 03/42","30yr",,,,,"177024.54",,,,,,""
"2021-04-21","'3140Q8FN0'","MBS","UMBS MORTPASS 3.5% 01/48","30yr",,,,,"177018.33",,,,,,""
"2021-04-21","'3138MGX34'","MBS","UMBS MORTPASS 3% 11/27","15yr",,,,,"176942.26",,,,,,""
"2021-04-21","'36180CYV5'","MBS","GNMA I 3.5% 01/43","30yr",,,,,"176929.84",,,,,,""
"2021-04-21","'3138MG2X2'","MBS","UMBS MORTPASS 2.5% 11/27","15yr",,,,,"176696.13",,,,,,""
"2021-04-21","'3133A5B77'","MBS","UMBS MORTPASS 2.5% 06/50","30yr",,,,,"176672.05",,,,,,""
"2021-04-21","'36178CM75'","MBS","GNMA I MORTPASS 4% 07/42","30yr",,,,,"176553.02",,,,,,""
"2021-04-21","'36176QKS2'","MBS","GNMA I 3.5% 03/42","30yr",,,,,"176552.25",,,,,,""
"2021-04-21","'3620C1WW2'","MBS","GNMA I MORTPASS 4% 01/42","30yr",,,,,"176304.68",,,,,,""
"2021-04-21","'36176E5Q0'","MBS","GNMA I 3.5% 12/41","30yr",,,,,"176229.05",,,,,,""
"2021-04-21","'3140GYHV4'","MBS","UMBS MORTPASS 3% 01/33","15yr",,,,,"176208.67",,,,,,""
"2021-04-21","'31418BT89'","MBS","UMBS MORTPASS 3.5% 08/25","Other",,,,,"176200.26",,,,,,""
"2021-04-21","'3140HL2P0'","MBS","UMBS MORTPASS 4% 06/48","30yr",,,,,"176045.71",,,,,,""
"2021-04-21","'3138YD2F5'","MBS","UMBS MORTPASS 3.5% 03/45","30yr",,,,,"175786.38",,,,,,""
"2021-04-21","'3620AQJB0'","MBS","GNMA I MORTPASS 5% 02/40","30yr",,,,,"175744.34",,,,,,""
"2021-04-21","'3620AJM97'","MBS","GNMA I MORTPASS 4% 12/39","30yr",,,,,"175646.33",,,,,,""
"2021-04-21","'3138YJKX3'","MBS","UMBS MORTPASS 2% 04/30","15yr",,,,,"175634.72",,,,,,""
"2021-04-21","'3138WE4G1'","MBS","UMBS MORTPASS 2.5% 07/30","15yr",,,,,"175608.61",,,,,,""
"2021-04-21","'3138ED4Y4'","MBS","UMBS MORTPASS 3% 05/27","15yr",,,,,"175479.29",,,,,,""
"2021-04-21","'3620ACXY5'","MBS","GNMA I MORTPASS 4% 12/41","30yr",,,,,"175442.87",,,,,,""
"2021-04-21","'36179TE35'","MBS","GNMA II 4.5% 08/47","30yr",,,,,"175407.1",,,,,,""
"2021-04-21","'31415MDZ5'","MBS","UMBS MORTPASS 5% 06/38","30yr",,,,,"175386.29",,,,,,""
"2021-04-21","'3138W0MC0'","MBS","UMBS MORTPASS 3% 01/28","15yr",,,,,"175384.48",,,,,,""
"2021-04-21","'3138YBTD5'","MBS","UMBS MORTPASS 3% 02/30","15yr",,,,,"175225.1",,,,,,""
"2021-04-21","'3140HPW45'","MBS","UMBS MORTPASS 4% 11/48","30yr",,,,,"175059.75",,,,,,""
"2021-04-21","'36297AB69'","MBS","GNMA I MORTPASS 6% 01/39","30yr",,,,,"175042.57",,,,,,""
"2021-04-21","'3138EMH46'","MBS","UMBS MORTPASS 3.5% 01/44","30yr",,,,,"174850.53",,,,,,""
"2021-04-21","'3140EBHR5'","MBS","UMBS MORTPASS 4.5% 11/45","30yr",,,,,"174647.01",,,,,,""
"2021-04-21","'36176UDD4'","MBS","GNMA I MORTPASS 4% 11/41","30yr",,,,,"174536.13",,,,,,""
"2021-04-21","'3138WFAN6'","MBS","UMBS MORTPASS 2.5% 07/30","15yr",,,,,"174530.44",,,,,,""
"2021-04-21","'3131YCPN0'","MBS","UMBS MORTPASS 4.5% 05/49","30yr",,,,,"174502.46",,,,,,""
"2021-04-21","'3138A62X7'","MBS","UMBS MORTPASS 3.5% 02/26","15yr",,,,,"174474.03",,,,,,""
"2021-04-21","'3133ABNU0'","MBS","UMBS MORTPASS 2.5% 11/50","30yr",,,,,"174406.15",,,,,,""
"2021-04-21","'36296MDU9'","MBS","GNMA I 4.5% 03/39","30yr",,,,,"174333.8",,,,,,""
"2021-04-21","'3131X7TZ1'","MBS","UMBS MORTPASS 2.5% 05/27","15yr",,,,,"174330.91",,,,,,""
"2021-04-21","'3132KEZJ7'","MBS","FHLMCGLD 2.5% 03/30","15yr",,,,,"174283.63",,,,,,""
"2021-04-21","'36180BJ36'","MBS","GNMA I MORTPASS 4% 05/43","30yr",,,,,"174243.4",,,,,,""
"2021-04-21","'31418BRQ1'","MBS","UMBS MORTPASS 3% 06/25","Other",,,,,"174209.78",,,,,,""
"2021-04-21","'3620AB6Y7'","MBS","GNMA I MORTPASS 5% 02/40","30yr",,,,,"174114.86",,,,,,""
"2021-04-21","'3131Y15F3'","MBS","UMBS MORTPASS 4% 07/48","30yr",,,,,"174091.87",,,,,,""
"2021-04-21","'31416AFM7'","MBS","UMBS MORTPASS 3.5% 06/24","15yr",,,,,"174087.72",,,,,,""
"2021-04-21","'3140JWSP6'","MBS","UMBS MORTPASS 3.5% 09/49","30yr",,,,,"174039.5",,,,,,""
"2021-04-21","'3132A7FR7'","MBS","UMBS MORTPASS 3% 04/27","15yr",,,,,"174021.3",,,,,,""
"2021-04-21","'3140JNW55'","MBS","UMBS MORTPASS 4% 05/49","30yr",,,,,"173872.46",,,,,,""
"2021-04-21","'3620A3DF8'","MBS","GNMA I 4.5% 05/39","30yr",,,,,"173823.2",,,,,,""
"2021-04-21","'3140EBRW3'","MBS","UMBS MORTPASS 3% 01/46","30yr",,,,,"173821.73",,,,,,""
"2021-04-21","'31416XQJ2'","MBS","UMBS MORTPASS 3.5% 02/26","15yr",,,,,"173722.92",,,,,,""
"2021-04-21","'3128MDKM4'","MBS","FHLMCGLD 3% 11/27","15yr",,,,,"173708.43",,,,,,""
"2021-04-21","'31307NZ80'","MBS","FHLMCGLD 2.5% 08/30","15yr",,,,,"173695.19",,,,,,""
"2021-04-21","'31417CAC9'","MBS","UMBS MORTPASS 3% 06/32","Other",,,,,"173684.84",,,,,,""
"2021-04-21","'36177UDG6'","MBS","GNMA I 3.5% 03/42","30yr",,,,,"173675.45",,,,,,""
"2021-04-21","'3140H6RZ4'","MBS","UMBS MORTPASS 3% 12/32","15yr",,,,,"173550.25",,,,,,""
"2021-04-21","'3138YSQP4'","MBS","UMBS MORTPASS 3% 06/30","15yr",,,,,"173375.52",,,,,,""
"2021-04-21","'31418BWL6'","MBS","UMBS MORTPASS 3% 11/25","Other",,,,,"173299.41",,,,,,""
"2021-04-21","'3131YAP20'","MBS","UMBS MORTPASS 4% 03/49","30yr",,,,,"173270.89",,,,,,""
"2021-04-21","'3140QBWM6'","MBS","UMBS MORTPASS 3.5% 09/49","30yr",,,,,"173163.01",,,,,,""
"2021-04-21","'36178NF46'","MBS","GNMA I MORTPASS 4% 09/42","30yr",,,,,"173125.76",,,,,,""
"2021-04-21","'31307L6R4'","MBS","FHLMCGLD 3% 03/30","15yr",,,,,"173097.69",,,,,,""
"2021-04-21","'31307GGQ6'","MBS","FHLMCGLD 3.5% 03/29","15yr",,,,,"173083.19",,,,,,""
"2021-04-21","'36294UU75'","MBS","GNMA I 3.5% 04/42","30yr",,,,,"173064.14",,,,,,""
"2021-04-21","'3620AULG7'","MBS","GNMA I 3.5% 01/42","30yr",,,,,"172840.99",,,,,,""
"2021-04-21","'3128PSES2'","MBS","FHLMCGLD 3.5% 08/25","15yr",,,,,"172822.85",,,,,,""
"2021-04-21","'3128PV7B0'","MBS","FHLMCGLD 3.5% 08/26","15yr",,,,,"172782.44",,,,,,""
"2021-04-21","'3138EDPH8'","MBS","UMBS MORTPASS 3% 03/27","15yr",,,,,"172781.74",,,,,,""
"2021-04-21","'3131X7CY2'","MBS","UMBS MORTPASS 3% 12/26","15yr",,,,,"172735.82",,,,,,""
"2021-04-21","'31414SYE7'","MBS","UMBS MORTPASS 5% 05/38","30yr",,,,,"172719.27",,,,,,""
"2021-04-21","'3140HAQX1'","MBS","UMBS MORTPASS 3% 03/33","15yr",,,,,"172717.92",,,,,,""
"2021-04-21","'36176XBP3'","MBS","GNMA I 3.5% 02/42","30yr",,,,,"172697.59",,,,,,""
"2021-04-21","'3140KKLK8'","MBS","UMBS MORTPASS 2.5% 07/50","30yr",,,,,"172662.19",,,,,,""
"2021-04-21","'31307JJJ3'","MBS","FHLMCGLD 3.5% 09/29","15yr",,,,,"172635.71",,,,,,""
"2021-04-21","'3131X7PB8'","MBS","UMBS MORTPASS 3% 03/27","15yr",,,,,"172279.56",,,,,,""
"2021-04-21","'3138M4XT4'","MBS","UMBS MORTPASS 3% 08/27","15yr",,,,,"172269.72",,,,,,""
"2021-04-21","'3131XDKM6'","MBS","UMBS MORTPASS 2.5% 03/33","15yr",,,,,"172225.9",,,,,,""
"2021-04-21","'3138WHVY5'","MBS","UMBS MORTPASS 2.5% 09/31","15yr",,,,,"172011.89",,,,,,""
"2021-04-21","'3140FNGB4'","MBS","UMBS MORTPASS 2.5% 11/31","15yr",,,,,"171892.43",,,,,,""
"2021-04-21","'3138XHJR3'","MBS","UMBS MORTPASS 3% 01/29","15yr",,,,,"171761.33",,,,,,""
"2021-04-21","'36180UE96'","MBS","GNMA I MORTPASS 3% 04/43","30yr",,,,,"171735.64",,,,,,""
"2021-04-21","'3131X7B56'","MBS","UMBS MORTPASS 3% 11/26","15yr",,,,,"171585.95",,,,,,""
"2021-04-21","'3140EVE29'","MBS","UMBS MORTPASS 3% 04/31","15yr",,,,,"171564.49",,,,,,""
"2021-04-21","'31419DLC3'","MBS","UMBS MORTPASS 4.5% 09/40","30yr",,,,,"171564.04",,,,,,""
"2021-04-21","'3620A1S82'","MBS","GNMA I MORTPASS 5% 09/39","30yr",,,,,"171481.77",,,,,,""
"2021-04-21","'3138LSC81'","MBS","UMBS MORTPASS 2.5% 04/27","15yr",,,,,"171451.6",,,,,,""
"2021-04-21","'3138XJZR1'","MBS","UMBS MORTPASS 3% 02/45","30yr",,,,,"171433.96",,,,,,""
"2021-04-21","'3140FKUX6'","MBS","UMBS MORTPASS 4.5% 12/46","30yr",,,,,"171323.02",,,,,,""
"2021-04-21","'31346YPV9'","MBS","UMBS MORTPASS 3% 12/49","30yr",,,,,"171254.37",,,,,,""
"2021-04-21","'3128MMR70'","MBS","FHLMCGLD 3.5% 04/29","15yr",,,,,"171196.66",,,,,,""
"2021-04-21","'31412RND5'","MBS","UMBS MORTPASS 3.5% 01/41","30yr",,,,,"171102.32",,,,,,""
"2021-04-21","'36206EW68'","MBS","GNMA I MORTPASS 4% 11/41","30yr",,,,,"171089.03",,,,,,""
"2021-04-21","'31418DEY4'","MBS","UMBS MORTPASS 2.5% 06/39","Other",,,,,"171040.23",,,,,,""
"2021-04-21","'36178CJQ7'","MBS","GNMA I 3.5% 07/42","30yr",,,,,"170971.98",,,,,,""
"2021-04-21","'3620A5WC9'","MBS","GNMA I MORTPASS 5% 11/39","30yr",,,,,"170880.98",,,,,,""
"2021-04-21","'3138MD6W7'","MBS","UMBS MORTPASS 3% 10/27","15yr",,,,,"170870.41",,,,,,""
"2021-04-21","'3138WD6W6'","MBS","UMBS MORTPASS 2.5% 02/30","15yr",,,,,"170819.22",,,,,,""
"2021-04-21","'3140HKLR7'","MBS","UMBS MORTPASS 3% 06/33","15yr",,,,,"170723.91",,,,,,""
"2021-04-21","'3140HPWV5'","MBS","UMBS MORTPASS 4% 11/48","30yr",,,,,"170660.83",,,,,,""
"2021-04-21","'3620A86L2'","MBS","GNMA I MORTPASS 5% 09/39","30yr",,,,,"170656.98",,,,,,""
"2021-04-21","'36178MEU1'","MBS","GNMA I 3.5% 10/42","30yr",,,,,"170648.24",,,,,,""
"2021-04-21","'3132QTX27'","MBS","FHLMCGLD 3% 10/45","30yr",,,,,"170592.53",,,,,,""
"2021-04-21","'36295G7M8'","MBS","GNMA I MORTPASS 6% 10/38","30yr",,,,,"170476.79",,,,,,""
"2021-04-21","'3128P7Q71'","MBS","FHLMCGLD 4% 06/31","Other",,,,,"170323.02",,,,,,""
"2021-04-21","'36296AQK3'","MBS","GNMA I 4.5% 03/39","30yr",,,,,"170278.97",,,,,,""
"2021-04-21","'3138Y86T2'","MBS","UMBS MORTPASS 3% 12/29","15yr",,,,,"170257.64",,,,,,""
"2021-04-21","'3140HMHZ0'","MBS","UMBS MORTPASS 3.5% 09/48","30yr",,,,,"170082.58",,,,,,""
"2021-04-21","'3132CWBH6'","MBS","UMBS MORTPASS 2.5% 12/33","15yr",,,,,"170062.45",,,,,,""
"2021-04-21","'3138WFYM2'","MBS","UMBS MORTPASS 2.5% 11/30","15yr",,,,,"170019.38",,,,,,""
"2021-04-21","'3138YGMN9'","MBS","UMBS MORTPASS 3.5% 08/26","15yr",,,,,"169943.61",,,,,,""
"2021-04-21","'3138MG3L7'","MBS","UMBS MORTPASS 2.5% 11/27","15yr",,,,,"169923.76",,,,,,""
"2021-04-21","'36297EAU9'","MBS","GNMA I 4.5% 05/39","30yr",,,,,"169919.44",,,,,,""
"2021-04-21","'36297AJ61'","MBS","GNMA I MORTPASS 5% 12/38","30yr",,,,,"169805.07",,,,,,""
"2021-04-21","'31418CNT7'","MBS","UMBS MORTPASS 4.5% 08/47","30yr",,,,,"169789.66",,,,,,""
"2021-04-21","'36295UB59'","MBS","GNMA I MORTPASS 5% 02/40","30yr",,,,,"169779.32",,,,,,""
"2021-04-21","'3138AHKK1'","MBS","UMBS MORTPASS 3.5% 07/26","15yr",,,,,"169767.94",,,,,,""
"2021-04-21","'3620ALV84'","MBS","GNMA I MORTPASS 5% 04/40","30yr",,,,,"169749.79",,,,,,""
"2021-04-21","'31417AXK0'","MBS","UMBS MORTPASS 3% 01/27","15yr",,,,,"169744.66",,,,,,""
"2021-04-21","'36178GEE0'","MBS","GNMA I 3.5% 07/42","30yr",,,,,"169667.55",,,,,,""
"2021-04-21","'31416YZT8'","MBS","UMBS MORTPASS 4% 08/41","30yr",,,,,"169621.98",,,,,,""
"2021-04-21","'3140KF6H3'","MBS","UMBS MORTPASS 2% 08/50","30yr",,,,,"169608.73",,,,,,""
"2021-04-21","'3620AKFU5'","MBS","GNMA I MORTPASS 5% 04/40","30yr",,,,,"169451.2",,,,,,""
"2021-04-21","'3138M5N88'","MBS","UMBS MORTPASS 3% 09/27","15yr",,,,,"169401.13",,,,,,""
"2021-04-21","'31334XG52'","MBS","UMBS MORTPASS 4% 07/49","30yr",,,,,"169384.1",,,,,,""
"2021-04-21","'3138WEJN0'","MBS","UMBS MORTPASS 3% 04/30","15yr",,,,,"169291.05",,,,,,""
"2021-04-21","'36202EE70'","MBS","GNMA II 4.5% 09/35","30yr",,,,,"169172.98",,,,,,""
"2021-04-21","'3131X85S1'","MBS","UMBS MORTPASS 2.5% 04/28","15yr",,,,,"169153",,,,,,""
"2021-04-21","'31307S2M4'","MBS","FHLMCGLD 3% 01/32","15yr",,,,,"169132.24",,,,,,""
"2021-04-21","'31418DKA9'","MBS","UMBS MORTPASS 2% 11/29","Other",,,,,"169129.24",,,,,,""
"2021-04-21","'3138A4EW1'","MBS","UMBS MORTPASS 3% 01/26","15yr",,,,,"169125.27",,,,,,""
"2021-04-21","'3133G7XE8'","MBS","UMBS 2.5%","15yr",,,,,"169101.95",,,,,,""
"2021-04-21","'31339USH4'","MBS","UMBS MORTPASS 3% 11/49","30yr",,,,,"169101.56",,,,,,""
"2021-04-21","'36176H2W3'","MBS","GNMA I MORTPASS 3% 11/42","30yr",,,,,"169072.76",,,,,,""
"2021-04-21","'3138WB5B7'","MBS","UMBS MORTPASS 2% 01/24","Other",,,,,"168941.64",,,,,,""
"2021-04-21","'31418CQ80'","MBS","UMBS MORTPASS 2% 10/27","Other",,,,,"168824.98",,,,,,""
"2021-04-21","'3620A1UD8'","MBS","GNMA I 4.5% 11/39","30yr",,,,,"168803.55",,,,,,""
"2021-04-21","'31412QRN1'","MBS","UMBS MORTPASS 4% 11/24","15yr",,,,,"168681.66",,,,,,""
"2021-04-21","'3131Y0BW1'","MBS","UMBS MORTPASS 3% 01/48","30yr",,,,,"168664.97",,,,,,""
"2021-04-21","'3620A1S25'","MBS","GNMA I MORTPASS 5% 09/39","30yr",,,,,"168660.6",,,,,,""
"2021-04-21","'3138A55L2'","MBS","UMBS MORTPASS 3% 01/26","15yr",,,,,"168537.75",,,,,,""
"2021-04-21","'3138X9JB6'","MBS","UMBS MORTPASS 3% 09/28","15yr",,,,,"168521.35",,,,,,""
"2021-04-21","'3131XDPH2'","MBS","UMBS MORTPASS 3.5% 05/33","15yr",,,,,"168461.51",,,,,,""
"2021-04-21","'3138WEZJ1'","MBS","UMBS MORTPASS 3.5% 06/45","30yr",,,,,"168399.37",,,,,,""
"2021-04-21","'36296YSN3'","MBS","GNMA I 4.5% 04/39","30yr",,,,,"168351.1",,,,,,""
"2021-04-21","'3138WCPQ0'","MBS","UMBS MORTPASS 3.5% 08/29","15yr",,,,,"168271",,,,,,""
"2021-04-21","'3620A1TJ7'","MBS","GNMA I MORTPASS 5% 11/39","30yr",,,,,"168162.91",,,,,,""
"2021-04-21","'3132M8R40'","MBS","FHLMCGLD 4.5% 08/44","30yr",,,,,"168135.85",,,,,,""
"2021-04-21","'36202DYJ4'","MBS","GNMA II 4.5% 07/33","30yr",,,,,"168091.07",,,,,,""
"2021-04-21","'3140EWJ30'","MBS","UMBS MORTPASS 3% 05/46","30yr",,,,,"168058.74",,,,,,""
"2021-04-21","'3140HMGS7'","MBS","UMBS MORTPASS 3.5% 08/48","30yr",,,,,"167953.66",,,,,,""
"2021-04-21","'3138MG2Z7'","MBS","UMBS MORTPASS 2.5% 11/27","15yr",,,,,"167933.28",,,,,,""
"2021-04-21","'3140E2UV1'","MBS","UMBS MORTPASS 2.5% 12/30","15yr",,,,,"167914.4",,,,,,""
"2021-04-21","'31329KVS0'","MBS","UMBS MORTPASS 3.5% 08/36","Other",,,,,"167851.07",,,,,,""
"2021-04-21","'3138MDAX0'","MBS","UMBS MORTPASS 2.5% 04/28","15yr",,,,,"167819.31",,,,,,""
"2021-04-21","'31307PVV8'","MBS","FHLMCGLD 2% 12/30","15yr",,,,,"167749.33",,,,,,""
"2021-04-21","'3140K8H53'","MBS","UMBS MORTPASS 3% 01/40","Other",,,,,"167580.11",,,,,,""
"2021-04-21","'3128MEBC4'","MBS","FHLMCGLD 3% 10/29","15yr",,,,,"167546.62",,,,,,""
"2021-04-21","'3138LYL54'","MBS","UMBS MORTPASS 3% 08/27","15yr",,,,,"167495.91",,,,,,""
"2021-04-21","'3138E2UG8'","MBS","UMBS MORTPASS 3% 02/27","15yr",,,,,"167493.29",,,,,,""
"2021-04-21","'3138NWYP8'","MBS","UMBS MORTPASS 2.5% 12/27","15yr",,,,,"167473.7",,,,,,""
"2021-04-21","'3138WGPG3'","MBS","UMBS MORTPASS 3% 02/31","15yr",,,,,"167330.39",,,,,,""
"2021-04-21","'36296YSK9'","MBS","GNMA I 4.5% 03/39","30yr",,,,,"167275.64",,,,,,""
"2021-04-21","'36178ATU1'","MBS","GNMA I 3.5% 07/42","30yr",,,,,"167114.3",,,,,,""
"2021-04-21","'3140JRSZ5'","MBS","UMBS MORTPASS 3% 06/49","30yr",,,,,"166874.49",,,,,,""
"2021-04-21","'3140HETF9'","MBS","UMBS MORTPASS 3.5% 03/48","30yr",,,,,"166811.02",,,,,,""
"2021-04-21","'3132GLY81'","MBS","FHLMCGLD 3.5% 01/42","30yr",,,,,"166744.21",,,,,,""
"2021-04-21","'36180DSR9'","MBS","GNMA I 3.5% 04/43","30yr",,,,,"166596.29",,,,,,""
"2021-04-21","'3140F33Y2'","MBS","UMBS MORTPASS 3% 07/31","15yr",,,,,"166258.06",,,,,,""
"2021-04-21","'31415RE59'","MBS","UMBS MORTPASS 5% 07/38","30yr",,,,,"166252.14",,,,,,""
"2021-04-21","'3620A45X6'","MBS","GNMA I 4.5% 06/39","30yr",,,,,"166217.21",,,,,,""
"2021-04-21","'3138WVTT8'","MBS","UMBS MORTPASS 2.5% 06/28","15yr",,,,,"166118.27",,,,,,""
"2021-04-21","'3138X5S40'","MBS","UMBS MORTPASS 3% 09/28","15yr",,,,,"165952.29",,,,,,""
"2021-04-21","'3138NW6V6'","MBS","UMBS MORTPASS 2% 12/27","15yr",,,,,"165930.01",,,,,,""
"2021-04-21","'36176VNZ2'","MBS","GNMA I 3.5% 08/42","30yr",,,,,"165910.28",,,,,,""
"2021-04-21","'31417CUR4'","MBS","UMBS MORTPASS 2.5% 08/27","15yr",,,,,"165885.48",,,,,,""
"2021-04-21","'3138YGKV3'","MBS","UMBS MORTPASS 2.5% 01/30","15yr",,,,,"165814.01",,,,,,""
"2021-04-21","'31418AQU5'","MBS","UMBS MORTPASS 3% 03/33","Other",,,,,"165807.02",,,,,,""
"2021-04-21","'3128MJXE5'","MBS","FHLMCGLD 3.5% 11/45","30yr",,,,,"165709.51",,,,,,""
"2021-04-21","'31417AXA2'","MBS","UMBS MORTPASS 2.5% 01/27","15yr",,,,,"165696.14",,,,,,""
"2021-04-21","'3138WGRV8'","MBS","UMBS MORTPASS 3% 03/31","15yr",,,,,"165684.89",,,,,,""
"2021-04-21","'3140HE4Q2'","MBS","UMBS MORTPASS 4% 05/48","30yr",,,,,"165473.7",,,,,,""
"2021-04-21","'3138AN5H2'","MBS","UMBS MORTPASS 3.5% 09/26","15yr",,,,,"165422.33",,,,,,""
"2021-04-21","'36180KEW7'","MBS","GNMA I MORTPASS 3% 04/43","30yr",,,,,"165326.26",,,,,,""
"2021-04-21","'3140E2S28'","MBS","UMBS MORTPASS 4% 11/45","30yr",,,,,"165221.84",,,,,,""
"2021-04-21","'3131XASQ5'","MBS","UMBS MORTPASS 3% 08/29","15yr",,,,,"165094.4",,,,,,""
"2021-04-21","'3138WFKF2'","MBS","UMBS MORTPASS 3% 08/45","30yr",,,,,"165052.57",,,,,,""
"2021-04-21","'36180Y7M7'","MBS","GNMA I MORTPASS 3% 06/43","30yr",,,,,"164824.76",,,,,,""
"2021-04-21","'36179JMR5'","MBS","GNMA I MORTPASS 3% 03/43","30yr",,,,,"164641.59",,,,,,""
"2021-04-21","'3132L6YH8'","MBS","FHLMCGLD 3.5% 04/45","30yr",,,,,"164566.7",,,,,,""
"2021-04-21","'3140E2E23'","MBS","UMBS MORTPASS 3.5% 09/45","30yr",,,,,"164379.8",,,,,,""
"2021-04-21","'3140X4PK6'","MBS","UMBS MORTPASS 3% 08/34","15yr",,,,,"164256.2",,,,,,""
"2021-04-21","'31418BCF1'","MBS","UMBS MORTPASS 3.5% 04/24","Other",,,,,"164042.6",,,,,,""
"2021-04-21","'36176D7L1'","MBS","GNMA I MORTPASS 4% 05/41","30yr",,,,,"164034.71",,,,,,""
"2021-04-21","'31410LRJ3'","MBS","UMBS MORTPASS 2% 03/30","15yr",,,,,"164004.65",,,,,,""
"2021-04-21","'3138XUK27'","MBS","UMBS MORTPASS 3% 04/29","15yr",,,,,"163965.43",,,,,,""
"2021-04-21","'3138X8BZ3'","MBS","UMBS MORTPASS 4% 09/43","30yr",,,,,"163963.15",,,,,,""
"2021-04-21","'3133G6LJ2'","MBS","UMBS MORTPASS 2.5% 07/34","15yr",,,,,"163959.36",,,,,,""
"2021-04-21","'3138XM3V0'","MBS","UMBS MORTPASS 3.5% 07/44","30yr",,,,,"163914",,,,,,""
"2021-04-21","'3128PRUA5'","MBS","FHLMCGLD 4% 06/25","15yr",,,,,"163873.74",,,,,,""
"2021-04-21","'3132A9TZ0'","MBS","UMBS MORTPASS 2.5% 09/32","15yr",,,,,"163833.37",,,,,,""
"2021-04-21","'3140HN4U3'","MBS","UMBS MORTPASS 4% 08/48","30yr",,,,,"163788.63",,,,,,""
"2021-04-21","'31417DLZ4'","MBS","UMBS MORTPASS 2.5% 10/27","15yr",,,,,"163784.39",,,,,,""
"2021-04-21","'31418DLB6'","MBS","UMBS MORTPASS 4.5% 12/39","Other",,,,,"163728.91",,,,,,""
"2021-04-21","'3138EQD41'","MBS","UMBS MORTPASS 3% 06/30","15yr",,,,,"163644.84",,,,,,""
"2021-04-21","'3138X82E0'","MBS","UMBS MORTPASS 3% 12/28","15yr",,,,,"163519.29",,,,,,""
"2021-04-21","'36176PTK2'","MBS","GNMA I MORTPASS 4% 09/41","30yr",,,,,"163493.35",,,,,,""
"2021-04-21","'3138Y8PD6'","MBS","UMBS MORTPASS 3% 12/44","30yr",,,,,"163490.31",,,,,,""
"2021-04-21","'3620A6NQ6'","MBS","GNMA I MORTPASS 5% 08/39","30yr",,,,,"163431.85",,,,,,""
"2021-04-21","'3620A4NM0'","MBS","GNMA I MORTPASS 5% 08/39","30yr",,,,,"163392.59",,,,,,""
"2021-04-21","'3140KGWC3'","MBS","UMBS MORTPASS 2.5% 07/50","30yr",,,,,"163222.2",,,,,,""
"2021-04-21","'3132A7P54'","MBS","UMBS MORTPASS 3% 07/28","15yr",,,,,"163170.48",,,,,,""
"2021-04-21","'3138X86H9'","MBS","UMBS MORTPASS 3% 01/29","15yr",,,,,"163142.38",,,,,,""
"2021-04-21","'3138W2YK5'","MBS","UMBS MORTPASS 3% 11/43","30yr",,,,,"163135.28",,,,,,""
"2021-04-21","'3138Y5D29'","MBS","UMBS MORTPASS 3.5% 07/27","15yr",,,,,"163043.6",,,,,,""
"2021-04-21","'3133KKAF6'","MBS","UMBS MORTPASS 2% 10/50","30yr",,,,,"163017.4",,,,,,""
"2021-04-21","'3140HEQU9'","MBS","UMBS MORTPASS 3.5% 04/48","30yr",,,,,"162992.14",,,,,,""
"2021-04-21","'3131XBXE4'","MBS","UMBS MORTPASS 2% 12/25","Other",,,,,"162919.13",,,,,,""
"2021-04-21","'36290RU35'","MBS","GNMA I 4.5% 08/33","30yr",,,,,"162857.66",,,,,,""
"2021-04-21","'31419EJP5'","MBS","UMBS MORTPASS 4% 11/25","15yr",,,,,"162850.38",,,,,,""
"2021-04-21","'36297KMD0'","MBS","GNMA I 4.5% 05/39","30yr",,,,,"162753.76",,,,,,""
"2021-04-21","'36230SJB1'","MBS","GNMA I MORTPASS 4% 10/41","30yr",,,,,"162605.63",,,,,,""
"2021-04-21","'3128PXF43'","MBS","FHLMCGLD 3.5% 12/26","15yr",,,,,"162557.97",,,,,,""
"2021-04-21","'31306YRQ6'","MBS","FHLMCGLD 2% 11/27","15yr",,,,,"162505.61",,,,,,""
"2021-04-21","'36296JFS9'","MBS","GNMA I 4.5% 02/39","30yr",,,,,"162501.53",,,,,,""
"2021-04-21","'31335AGJ1'","MBS","FHLMCGLD 4.5% 12/44","30yr",,,,,"162500.89",,,,,,""
"2021-04-21","'3138WHSR4'","MBS","UMBS MORTPASS 3% 08/46","30yr",,,,,"162460.15",,,,,,""
"2021-04-21","'312934SQ6'","MBS","FHLMCGLD 4% 08/39","30yr",,,,,"162376.54",,,,,,""
"2021-04-21","'31307GUA5'","MBS","FHLMCGLD 3.5% 03/29","15yr",,,,,"162327.52",,,,,,""
"2021-04-21","'3132A5JH9'","MBS","UMBS MORTPASS 4% 04/48","30yr",,,,,"162272.99",,,,,,""
"2021-04-21","'3138WQX64'","MBS","UMBS MORTPASS 2.5% 09/28","15yr",,,,,"162235.4",,,,,,""
"2021-04-21","'3132QV3H2'","MBS","FHLMCGLD 4.5% 02/46","30yr",,,,,"162206.12",,,,,,""
"2021-04-21","'36297CW88'","MBS","GNMA I 4.5% 02/39","30yr",,,,,"162153.24",,,,,,""
"2021-04-21","'3138M2CP9'","MBS","UMBS MORTPASS 3% 07/27","15yr",,,,,"162116.06",,,,,,""
"2021-04-21","'36207QF93'","MBS","GNMA I 3.5% 03/42","30yr",,,,,"162050.8",,,,,,""
"2021-04-21","'31416LPN0'","MBS","UMBS MORTPASS 4% 02/39","30yr",,,,,"162037.75",,,,,,""
"2021-04-21","'3138WNWL9'","MBS","UMBS MORTPASS 2.5% 05/28","15yr",,,,,"162033.23",,,,,,""
"2021-04-21","'3128P7ZN6'","MBS","FHLMCGLD 3% 04/33","Other",,,,,"161944.6",,,,,,""
"2021-04-21","'36296E4H6'","MBS","GNMA I 5.5% 06/38","30yr",,,,,"161846.59",,,,,,""
"2021-04-21","'3131X8Z25'","MBS","UMBS MORTPASS 2% 04/23","Other",,,,,"161765.35",,,,,,""
"2021-04-21","'3140K37F3'","MBS","UMBS MORTPASS 2.5% 11/49","30yr",,,,,"161667.79",,,,,,""
"2021-04-21","'3620ABCU8'","MBS","GNMA I 4.5% 10/39","30yr",,,,,"161611.26",,,,,,""
"2021-04-21","'31418AFZ6'","MBS","UMBS MORTPASS 3% 06/32","Other",,,,,"161599.57",,,,,,""
"2021-04-21","'3132QRQB9'","MBS","FHLMCGLD 3% 07/45","30yr",,,,,"161579.82",,,,,,""
"2021-04-21","'3138XQLF6'","MBS","UMBS MORTPASS 3% 05/44","30yr",,,,,"161559.44",,,,,,""
"2021-04-21","'3140X4Z41'","MBS","UMBS MORTPASS 3% 05/33","15yr",,,,,"161456.23",,,,,,""
"2021-04-21","'3620AHDY6'","MBS","GNMA I MORTPASS 5% 12/39","30yr",,,,,"161447.28",,,,,,""
"2021-04-21","'3140HJRE3'","MBS","UMBS MORTPASS 3.5% 06/48","30yr",,,,,"161405.03",,,,,,""
"2021-04-21","'3131X8TQ9'","MBS","UMBS MORTPASS 2.5% 02/23","Other",,,,,"161403.39",,,,,,""
"2021-04-21","'3132M52U5'","MBS","FHLMCGLD 4.5% 04/44","30yr",,,,,"161391.92",,,,,,""
"2021-04-21","'36296UKM1'","MBS","GNMA I 4.5% 12/38","30yr",,,,,"161284.64",,,,,,""
"2021-04-21","'3138M2C20'","MBS","UMBS MORTPASS 2.5% 07/27","15yr",,,,,"161059.35",,,,,,""
"2021-04-21","'36176VGD9'","MBS","GNMA I 3.5% 12/41","30yr",,,,,"161056.72",,,,,,""
"2021-04-21","'3138E7XN9'","MBS","UMBS MORTPASS 3% 02/27","15yr",,,,,"161024.88",,,,,,""
"2021-04-21","'36296UZK9'","MBS","GNMA I MORTPASS 5% 06/39","30yr",,,,,"160994.19",,,,,,""
"2021-04-21","'36297EGT6'","MBS","GNMA I 4.5% 01/40","30yr",,,,,"160993.52",,,,,,""
"2021-04-21","'3138W9Z37'","MBS","UMBS MORTPASS 3% 10/28","15yr",,,,,"160851.49",,,,,,""
"2021-04-21","'31307HEQ6'","MBS","FHLMCGLD 3% 05/29","15yr",,,,,"160838.72",,,,,,""
"2021-04-21","'3128PMQA1'","MBS","FHLMCGLD 4% 03/24","15yr",,,,,"160828.07",,,,,,""
"2021-04-21","'31307NWQ3'","MBS","FHLMCGLD 3.5% 08/30","15yr",,,,,"160812.76",,,,,,""
"2021-04-21","'3138XSLL9'","MBS","UMBS MORTPASS 3% 04/29","15yr",,,,,"160679.94",,,,,,""
"2021-04-21","'3138YYFX6'","MBS","UMBS MORTPASS 2.5% 07/30","15yr",,,,,"160616.56",,,,,,""
"2021-04-21","'3138XKMG6'","MBS","UMBS MORTPASS 3% 01/29","15yr",,,,,"160579.5",,,,,,""
"2021-04-21","'3138WEQZ5'","MBS","UMBS MORTPASS 3% 05/45","30yr",,,,,"160309.22",,,,,,""
"2021-04-21","'3128PRUM9'","MBS","FHLMCGLD 4% 07/25","15yr",,,,,"160283.01",,,,,,""
"2021-04-21","'31307SRU9'","MBS","FHLMCGLD 2% 11/31","15yr",,,,,"160282.18",,,,,,""
"2021-04-21","'31339SX42'","MBS","UMBS MORTPASS 4% 10/49","30yr",,,,,"160196.49",,,,,,""
"2021-04-21","'36295KKZ5'","MBS","GNMA I MORTPASS 5% 05/38","30yr",,,,,"160194.69",,,,,,""
"2021-04-21","'3140E4RM1'","MBS","UMBS MORTPASS 2.5% 09/30","15yr",,,,,"160128.64",,,,,,""
"2021-04-21","'3133AAYK2'","MBS","UMBS MORTPASS 2% 09/50","30yr",,,,,"160065.39",,,,,,""
"2021-04-21","'3132WPGL5'","MBS","FHLMCGLD 3% 07/47","30yr",,,,,"160012.71",,,,,,""
"2021-04-21","'3133G9TX7'","MBS","UMBS MORTPASS 2% 09/35","15yr",,,,,"159999.53",,,,,,""
"2021-04-21","'36181KJR2'","MBS","GNMA I 3.5% 07/43","30yr",,,,,"159976.12",,,,,,""
"2021-04-21","'3138YLEF4'","MBS","UMBS MORTPASS 3% 03/45","30yr",,,,,"159889.06",,,,,,""
"2021-04-21","'3138XY6Q2'","MBS","UMBS MORTPASS 3.5% 07/29","15yr",,,,,"159888.75",,,,,,""
"2021-04-21","'3140FWA53'","MBS","UMBS MORTPASS 3.5% 06/47","30yr",,,,,"159860.29",,,,,,""
"2021-04-21","'3138WTPW0'","MBS","UMBS MORTPASS 2.5% 05/28","15yr",,,,,"159845.99",,,,,,""
"2021-04-21","'3140QBCY2'","MBS","UMBS MORTPASS 4.5% 06/49","30yr",,,,,"159741.17",,,,,,""
"2021-04-21","'3138X2WY6'","MBS","UMBS MORTPASS 3% 08/28","15yr",,,,,"159566.05",,,,,,""
"2021-04-21","'31417DLY7'","MBS","UMBS MORTPASS 2% 10/27","15yr",,,,,"159462.99",,,,,,""
"2021-04-21","'3138YGGG1'","MBS","UMBS MORTPASS 2.5% 01/30","15yr",,,,,"159371.64",,,,,,""
"2021-04-21","'3140Q75Y9'","MBS","UMBS MORTPASS 3.5% 09/47","30yr",,,,,"159341.76",,,,,,""
"2021-04-21","'31307HPJ0'","MBS","FHLMCGLD 3.5% 06/29","15yr",,,,,"159197.06",,,,,,""
"2021-04-21","'3132QWZ93'","MBS","FHLMCGLD 4.5% 04/46","30yr",,,,,"159176.26",,,,,,""
"2021-04-21","'3138WKKT1'","MBS","UMBS MORTPASS 4% 03/37","Other",,,,,"159012.2",,,,,,""
"2021-04-21","'3128MMWS8'","MBS","FHLMCGLD 3.5% 08/32","15yr",,,,,"159001.61",,,,,,""
"2021-04-21","'3131X9ZX5'","MBS","UMBS MORTPASS 3.5% 10/23","Other",,,,,"158958.01",,,,,,""
"2021-04-21","'3133A0KK9'","MBS","UMBS MORTPASS 3% 12/49","30yr",,,,,"158873.34",,,,,,""
"2021-04-21","'36296URL6'","MBS","GNMA I MORTPASS 5% 02/39","30yr",,,,,"158828.01",,,,,,""
"2021-04-21","'3138XKCB8'","MBS","UMBS MORTPASS 4% 01/44","30yr",,,,,"158801.95",,,,,,""
"2021-04-21","'312942KK0'","MBS","FHLMCGLD 4% 09/40","30yr",,,,,"158795.78",,,,,,""
"2021-04-21","'31329KS88'","MBS","UMBS MORTPASS 3.5% 05/34","Other",,,,,"158727.43",,,,,,""
"2021-04-21","'3140E9JN7'","MBS","UMBS MORTPASS 3% 01/31","15yr",,,,,"158722.54",,,,,,""
"2021-04-21","'3131YCRW8'","MBS","UMBS MORTPASS 2.5% 05/49","30yr",,,,,"158716.07",,,,,,""
"2021-04-21","'31417L2R5'","MBS","UMBS MORTPASS 6% 10/39","30yr",,,,,"158660.94",,,,,,""
"2021-04-21","'3138W13R6'","MBS","UMBS MORTPASS 2.5% 02/28","15yr",,,,,"158556.42",,,,,,""
"2021-04-21","'3140HEWL2'","MBS","UMBS MORTPASS 3.5% 07/33","15yr",,,,,"158512.46",,,,,,""
"2021-04-21","'31417DUM3'","MBS","UMBS MORTPASS 3% 11/27","15yr",,,,,"158450.67",,,,,,""
"2021-04-21","'3128PYNV2'","MBS","FHLMCGLD 3% 03/22","15yr",,,,,"158392.99",,,,,,""
"2021-04-21","'36202ERR2'","MBS","GNMA II 4.5% 03/38","30yr",,,,,"158334.86",,,,,,""
"2021-04-21","'31417EU82'","MBS","UMBS MORTPASS 2.5% 02/23","Other",,,,,"158284.98",,,,,,""
"2021-04-21","'36297HN95'","MBS","GNMA I 4.5% 06/39","30yr",,,,,"158252.25",,,,,,""
"2021-04-21","'3138MGSB2'","MBS","UMBS MORTPASS 2.5% 12/27","15yr",,,,,"158223.98",,,,,,""
"2021-04-21","'3132A9P50'","MBS","UMBS MORTPASS 3% 11/29","15yr",,,,,"158151.75",,,,,,""
"2021-04-21","'36177JTC3'","MBS","GNMA I 3.5% 04/42","30yr",,,,,"158137.5",,,,,,""
"2021-04-21","'3140H1N55'","MBS","UMBS MORTPASS 3.5% 10/47","30yr",,,,,"158104.14",,,,,,""
"2021-04-21","'3131Y1FV7'","MBS","UMBS MORTPASS 4% 05/48","30yr",,,,,"158027.2",,,,,,""
"2021-04-21","'3140F1U91'","MBS","UMBS MORTPASS 3% 05/31","15yr",,,,,"158018.97",,,,,,""
"2021-04-21","'3140HB6L7'","MBS","UMBS MORTPASS 4.5% 09/49","30yr",,,,,"158008.4",,,,,,""
"2021-04-21","'36177PCU7'","MBS","GNMA I 3.5% 03/42","30yr",,,,,"157975.48",,,,,,""
"2021-04-21","'3131X66X3'","MBS","UMBS MORTPASS 3% 10/26","15yr",,,,,"157963.76",,,,,,""
"2021-04-21","'36297KZH7'","MBS","GNMA I MORTPASS 5% 06/39","30yr",,,,,"157842.59",,,,,,""
"2021-04-21","'3138WBWY7'","MBS","UMBS MORTPASS 3% 05/29","15yr",,,,,"157797.91",,,,,,""
"2021-04-21","'3138EBBC8'","MBS","UMBS MORTPASS 4% 03/42","30yr",,,,,"157759.49",,,,,,""
"2021-04-21","'36176E4F5'","MBS","GNMA I 3.5% 11/41","30yr",,,,,"157757.52",,,,,,""
"2021-04-21","'36292NR28'","MBS","GNMA I MORTPASS 6% 01/39","30yr",,,,,"157711.53",,,,,,""
"2021-04-21","'36176SQW3'","MBS","GNMA I MORTPASS 4% 12/41","30yr",,,,,"157626.9",,,,,,""
"2021-04-21","'31307SMX8'","MBS","FHLMCGLD 2.5% 11/31","15yr",,,,,"157597.69",,,,,,""
"2021-04-21","'3138WREQ9'","MBS","UMBS MORTPASS 2% 04/23","Other",,,,,"157560.54",,,,,,""
"2021-04-21","'3128PKKW3'","MBS","FHLMCGLD 4% 04/23","15yr",,,,,"157389.5",,,,,,""
"2021-04-21","'31414L6F0'","MBS","UMBS MORTPASS 6% 06/38","30yr",,,,,"157320.94",,,,,,""
"2021-04-21","'3140HND58'","MBS","UMBS MORTPASS 2% 08/35","15yr",,,,,"157312.07",,,,,,""
"2021-04-21","'3140H5MG3'","MBS","UMBS MORTPASS 3.5% 01/48","30yr",,,,,"157241.23",,,,,,""
"2021-04-21","'3140JWPQ7'","MBS","UMBS MORTPASS 2% 09/34","15yr",,,,,"157234.35",,,,,,""
"2021-04-21","'36297C3A5'","MBS","GNMA I MORTPASS 5% 02/39","30yr",,,,,"157189.89",,,,,,""
"2021-04-21","'31416WXZ0'","MBS","UMBS MORTPASS 3% 10/25","15yr",,,,,"157158.26",,,,,,""
"2021-04-21","'3140HASA9'","MBS","UMBS MORTPASS 3.5% 04/33","15yr",,,,,"157102.59",,,,,,""
"2021-04-21","'3620A24F0'","MBS","GNMA I MORTPASS 4% 12/41","30yr",,,,,"157090.81",,,,,,""
"2021-04-21","'31417UE92'","MBS","UMBS MORTPASS 4% 05/25","15yr",,,,,"157083",,,,,,""
"2021-04-21","'3140JHH55'","MBS","UMBS MORTPASS 4% 10/48","30yr",,,,,"157022.3",,,,,,""
"2021-04-21","'3620A7CE3'","MBS","GNMA I MORTPASS 5% 12/39","30yr",,,,,"156939.59",,,,,,""
"2021-04-21","'31307VLU8'","MBS","FHLMCGLD 3% 02/33","15yr",,,,,"156869.71",,,,,,""
"2021-04-21","'31417GEA0'","MBS","UMBS MORTPASS 2.5% 04/28","15yr",,,,,"156820.99",,,,,,""
"2021-04-21","'36176RCW0'","MBS","GNMA I MORTPASS 4% 09/41","30yr",,,,,"156797.82",,,,,,""
"2021-04-21","'3138E6BC9'","MBS","UMBS MORTPASS 3% 01/27","15yr",,,,,"156781.28",,,,,,""
"2021-04-21","'3140QANP1'","MBS","UMBS MORTPASS 4.5% 02/49","30yr",,,,,"156674.41",,,,,,""
"2021-04-21","'36230N3B9'","MBS","GNMA I 3.5% 08/42","30yr",,,,,"156665.2",,,,,,""
"2021-04-21","'36202EHD4'","MBS","GNMA II 4.5% 03/36","30yr",,,,,"156632.4",,,,,,""
"2021-04-21","'36176S4Q0'","MBS","GNMA I MORTPASS 4% 09/41","30yr",,,,,"156547.82",,,,,,""
"2021-04-21","'3131X8C79'","MBS","UMBS MORTPASS 2.5% 10/27","15yr",,,,,"156470.54",,,,,,""
"2021-04-21","'36179RNY1'","MBS","GNMA II 4.5% 09/45","30yr",,,,,"156398.59",,,,,,""
"2021-04-21","'3131X9HV9'","MBS","UMBS MORTPASS 2.5% 06/23","Other",,,,,"156317.9",,,,,,""
"2021-04-21","'31417DX32'","MBS","UMBS MORTPASS 2.5% 11/22","Other",,,,,"156315.27",,,,,,""
"2021-04-21","'3140HJN31'","MBS","UMBS MORTPASS 4.5% 06/48","30yr",,,,,"156106.76",,,,,,""
"2021-04-21","'3140HKLW6'","MBS","UMBS MORTPASS 4% 06/48","30yr",,,,,"156084.45",,,,,,""
"2021-04-21","'3132A9PF8'","MBS","UMBS MORTPASS 3% 04/29","15yr",,,,,"156056.21",,,,,,""
"2021-04-21","'3131X7MP0'","MBS","UMBS MORTPASS 2.5% 03/27","15yr",,,,,"156037.7",,,,,,""
"2021-04-21","'36178EEC9'","MBS","GNMA I 3.5% 05/43","30yr",,,,,"156028.95",,,,,,""
"2021-04-21","'3140GYHU6'","MBS","UMBS MORTPASS 2.5% 01/33","15yr",,,,,"155985.23",,,,,,""
"2021-04-21","'3140JRYF2'","MBS","UMBS MORTPASS 4% 05/49","30yr",,,,,"155977.95",,,,,,""
"2021-04-21","'31329K3N2'","MBS","UMBS MORTPASS 3% 01/26","15yr",,,,,"155930.33",,,,,,""
"2021-04-21","'3138Y3YS4'","MBS","UMBS MORTPASS 3% 10/24","Other",,,,,"155788.81",,,,,,""
"2021-04-21","'3138X0A57'","MBS","UMBS MORTPASS 2% 07/28","15yr",,,,,"155714.89",,,,,,""
"2021-04-21","'31307LS90'","MBS","FHLMCGLD 2.5% 12/29","15yr",,,,,"155520.68",,,,,,""
"2021-04-21","'3138WHC34'","MBS","UMBS MORTPASS 3.5% 05/31","15yr",,,,,"155495.64",,,,,,""
"2021-04-21","'3131YAZ52'","MBS","UMBS MORTPASS 3.5% 04/49","30yr",,,,,"155479.21",,,,,,""
"2021-04-21","'36230KUX7'","MBS","GNMA I MORTPASS 4% 02/42","30yr",,,,,"154990.49",,,,,,""
"2021-04-21","'36297CS26'","MBS","GNMA I 4.5% 09/39","30yr",,,,,"154846.04",,,,,,""
"2021-04-21","'31374CLD6'","MBS","UMBS MORTPASS 6.5% 09/36","30yr",,,,,"154824.26",,,,,,""
"2021-04-21","'36296YNR9'","MBS","GNMA I 4.5% 07/39","30yr",,,,,"154765.56",,,,,,""
"2021-04-21","'3128P7R39'","MBS","FHLMCGLD 3% 10/31","Other",,,,,"154722.55",,,,,,""
"2021-04-21","'3140H4J88'","MBS","UMBS MORTPASS 2.5% 12/32","15yr",,,,,"154689.68",,,,,,""
"2021-04-21","'36295LE23'","MBS","GNMA I 5.5% 03/38","30yr",,,,,"154645.28",,,,,,""
"2021-04-21","'36180CGX1'","MBS","GNMA I 3.5% 06/43","30yr",,,,,"154535.94",,,,,,""
"2021-04-21","'3620AAS82'","MBS","GNMA I MORTPASS 4% 08/39","30yr",,,,,"154529.3",,,,,,""
"2021-04-21","'31307F2H3'","MBS","FHLMCGLD 3.5% 01/29","15yr",,,,,"154505.15",,,,,,""
"2021-04-21","'31417UEU5'","MBS","UMBS MORTPASS 5% 05/40","30yr",,,,,"154481.37",,,,,,""
"2021-04-21","'3128PMP87'","MBS","FHLMCGLD 4% 03/24","15yr",,,,,"154469.25",,,,,,""
"2021-04-21","'3131X8DN3'","MBS","UMBS MORTPASS 3% 11/27","15yr",,,,,"154407.2",,,,,,""
"2021-04-21","'36296LMD9'","MBS","GNMA I MORTPASS 4% 02/39","30yr",,,,,"154247.63",,,,,,""
"2021-04-21","'36177TMP9'","MBS","GNMA I 3.5% 09/42","30yr",,,,,"154228.29",,,,,,""
"2021-04-21","'3138EEDQ9'","MBS","UMBS MORTPASS 3% 01/26","15yr",,,,,"154158.84",,,,,,""
"2021-04-21","'3138MK6G6'","MBS","UMBS MORTPASS 3% 11/27","15yr",,,,,"154140.55",,,,,,""
"2021-04-21","'3140EYQG9'","MBS","UMBS MORTPASS 3.5% 04/31","15yr",,,,,"154135.15",,,,,,""
"2021-04-21","'31416XEF3'","MBS","UMBS MORTPASS 3% 12/25","15yr",,,,,"154103.62",,,,,,""
"2021-04-21","'3140Q9LG6'","MBS","UMBS MORTPASS 4% 07/33","15yr",,,,,"154102.53",,,,,,""
"2021-04-21","'3131X7VU9'","MBS","UMBS MORTPASS 2.5% 06/27","15yr",,,,,"154036.78",,,,,,""
"2021-04-21","'31418RMQ1'","MBS","UMBS MORTPASS 4% 05/25","15yr",,,,,"154032.77",,,,,,""
"2021-04-21","'3140EVEC7'","MBS","UMBS MORTPASS 3% 03/31","15yr",,,,,"154001.17",,,,,,""
"2021-04-21","'3138EQA51'","MBS","UMBS MORTPASS 3% 08/30","15yr",,,,,"153901.93",,,,,,""
"2021-04-21","'3138WEJ42'","MBS","UMBS MORTPASS 3% 04/45","30yr",,,,,"153832.61",,,,,,""
"2021-04-21","'36292NS50'","MBS","GNMA I 4.5% 04/39","30yr",,,,,"153781.94",,,,,,""
"2021-04-21","'31307MLA2'","MBS","FHLMCGLD 3% 04/30","15yr",,,,,"153731.07",,,,,,""
"2021-04-21","'3138ETNP7'","MBS","UMBS MORTPASS 3% 09/29","15yr",,,,,"153679.55",,,,,,""
"2021-04-21","'3620A1YP7'","MBS","GNMA I MORTPASS 4% 06/39","30yr",,,,,"153667.52",,,,,,""
"2021-04-21","'3138WFNN2'","MBS","UMBS MORTPASS 3% 09/30","15yr",,,,,"153593.49",,,,,,""
"2021-04-21","'3132WKUP1'","MBS","FHLMCGLD 3% 01/47","30yr",,,,,"153569.8",,,,,,""
"2021-04-21","'3128MECA7'","MBS","FHLMCGLD 3% 01/30","15yr",,,,,"153198.29",,,,,,""
"2021-04-21","'36180UE54'","MBS","GNMA I MORTPASS 3% 05/43","30yr",,,,,"153197.2",,,,,,""
"2021-04-21","'3620A9HY0'","MBS","GNMA I MORTPASS 5% 10/39","30yr",,,,,"153153.28",,,,,,""
"2021-04-21","'3132KEWQ4'","MBS","FHLMCGLD 3% 10/29","15yr",,,,,"153143.34",,,,,,""
"2021-04-21","'3131Y2YV4'","MBS","UMBS MORTPASS 4% 09/48","30yr",,,,,"153142.37",,,,,,""
"2021-04-21","'31329LAD4'","MBS","UMBS MORTPASS 3% 03/27","15yr",,,,,"153022.78",,,,,,""
"2021-04-21","'3128MMJX2'","MBS","FHLMCGLD 4% 07/23","15yr",,,,,"152998.98",,,,,,""
"2021-04-21","'31414RD69'","MBS","UMBS MORTPASS 5.5% 11/38","30yr",,,,,"152726.94",,,,,,""
"2021-04-21","'3140X4M52'","MBS","UMBS MORTPASS 3% 06/49","30yr",,,,,"152703.09",,,,,,""
"2021-04-21","'31414QVJ3'","MBS","UMBS MORTPASS 5.5% 02/38","30yr",,,,,"152672.51",,,,,,""
"2021-04-21","'36178DAG6'","MBS","GNMA I 3.5% 06/42","30yr",,,,,"152641.54",,,,,,""
"2021-04-21","'3140JGZ81'","MBS","UMBS MORTPASS 4% 02/49","30yr",,,,,"152617.91",,,,,,""
"2021-04-21","'3140JGWX9'","MBS","UMBS MORTPASS 4.5% 09/48","30yr",,,,,"152508.18",,,,,,""
"2021-04-21","'3138W7RK2'","MBS","UMBS MORTPASS 3% 04/28","15yr",,,,,"152200.42",,,,,,""
"2021-04-21","'3132M7N46'","MBS","FHLMCGLD 4% 07/44","30yr",,,,,"152075.85",,,,,,""
"2021-04-21","'3132KESL0'","MBS","FHLMCGLD 3% 04/29","15yr",,,,,"151880.84",,,,,,""
"2021-04-21","'3620ARHT1'","MBS","GNMA I MORTPASS 4% 09/40","30yr",,,,,"151824.59",,,,,,""
"2021-04-21","'36296PWD9'","MBS","GNMA I 4.5% 05/39","30yr",,,,,"151819.35",,,,,,""
"2021-04-21","'3132A5GV1'","MBS","UMBS MORTPASS 3% 04/47","30yr",,,,,"151791.66",,,,,,""
"2021-04-21","'3133ABUC2'","MBS","UMBS MORTPASS 2% 11/50","30yr",,,,,"151791.21",,,,,,""
"2021-04-21","'3131Y73G0'","MBS","UMBS MORTPASS 4.5% 12/48","30yr",,,,,"151716.31",,,,,,""
"2021-04-21","'36181GHV4'","MBS","GNMA I MORTPASS 3% 07/43","30yr",,,,,"151710.3",,,,,,""
"2021-04-21","'3138LWTU5'","MBS","UMBS MORTPASS 3% 06/27","15yr",,,,,"151702.97",,,,,,""
"2021-04-21","'3132WHJY2'","MBS","FHLMCGLD 3% 10/46","30yr",,,,,"151694.62",,,,,,""
"2021-04-21","'3132DV6L4'","MBS","UMBS MORTPASS 3.5% 07/50","30yr",,,,,"151531.86",,,,,,""
"2021-04-21","'3140KQN72'","MBS","UMBS MORTPASS 2.5% 09/50","30yr",,,,,"151430.58",,,,,,""
"2021-04-21","'31329JP27'","MBS","UMBS MORTPASS 3% 09/42","30yr",,,,,"151403.97",,,,,,""
"2021-04-21","'36295R4B1'","MBS","GNMA I MORTPASS 4% 01/39","30yr",,,,,"151333.22",,,,,,""
"2021-04-21","'3140J5NF2'","MBS","UMBS MORTPASS 3.5% 06/32","15yr",,,,,"151040.82",,,,,,""
"2021-04-21","'36179ME55'","MBS","GNMA II 4.5% 06/42","30yr",,,,,"151006.9",,,,,,""
"2021-04-21","'36180FMM1'","MBS","GNMA I 3.5% 03/43","30yr",,,,,"150828.69",,,,,,""
"2021-04-21","'36181A3B6'","MBS","GNMA I MORTPASS 3% 06/43","30yr",,,,,"150747.27",,,,,,""
"2021-04-21","'3128MJW55'","MBS","FHLMCGLD 3.5% 09/45","30yr",,,,,"150733.55",,,,,,""
"2021-04-21","'3620AB7D2'","MBS","GNMA I MORTPASS 5% 02/40","30yr",,,,,"150690.47",,,,,,""
"2021-04-21","'31307PHT9'","MBS","FHLMCGLD 3.5% 10/30","15yr",,,,,"150645.81",,,,,,""
"2021-04-21","'3620APZ73'","MBS","GNMA I MORTPASS 4% 10/41","30yr",,,,,"150482.56",,,,,,""
"2021-04-21","'3138XMLX6'","MBS","UMBS MORTPASS 3.5% 03/29","15yr",,,,,"150456.21",,,,,,""
"2021-04-21","'36296WRU2'","MBS","GNMA I 4.5% 04/39","30yr",,,,,"150392.56",,,,,,""
"2021-04-21","'3131Y8UC7'","MBS","UMBS MORTPASS 4.5% 01/49","30yr",,,,,"150253.34",,,,,,""
"2021-04-21","'3132QML82'","MBS","FHLMCGLD 3% 02/45","30yr",,,,,"150195.27",,,,,,""
"2021-04-21","'3138E8KN1'","MBS","UMBS MORTPASS 2.5% 03/27","15yr",,,,,"150108.68",,,,,,""
"2021-04-21","'3138YSMC7'","MBS","UMBS MORTPASS 3% 07/30","15yr",,,,,"150050.12",,,,,,""
"2021-04-21","'3620AFD53'","MBS","GNMA I 5.5% 09/39","30yr",,,,,"150026.42",,,,,,""
"2021-04-21","'36297DC39'","MBS","GNMA I 4.5% 03/39","30yr",,,,,"150020.7",,,,,,""
"2021-04-21","'3140J92D2'","MBS","UMBS MORTPASS 4% 07/47","30yr",,,,,"149982.58",,,,,,""
"2021-04-21","'36297KM57'","MBS","GNMA I 4.5% 07/39","30yr",,,,,"149967.34",,,,,,""
"2021-04-21","'36179UD74'","MBS","GNMA II MORTPASS 3% 10/48","30yr",,,,,"149954.21",,,,,,""
"2021-04-21","'3140JNVT4'","MBS","UMBS MORTPASS 4% 04/49","30yr",,,,,"149924.67",,,,,,""
"2021-04-21","'31307GLZ0'","MBS","FHLMCGLD 3.5% 03/29","15yr",,,,,"149850.98",,,,,,""
"2021-04-21","'3138WYB46'","MBS","UMBS MORTPASS 2.5% 07/28","15yr",,,,,"149843.63",,,,,,""
"2021-04-21","'36297BDX6'","MBS","GNMA I 4.5% 03/39","30yr",,,,,"149813.2",,,,,,""
"2021-04-21","'36202S3G1'","MBS","GNMA I MORTPASS 5% 06/33","30yr",,,,,"149805.48",,,,,,""
"2021-04-21","'3138WD6L0'","MBS","UMBS MORTPASS 3% 02/45","30yr",,,,,"149791.49",,,,,,""
"2021-04-21","'3620ACA79'","MBS","GNMA I MORTPASS 5% 12/39","30yr",,,,,"149783.95",,,,,,""
"2021-04-21","'3138XUAH5'","MBS","UMBS MORTPASS 3.5% 06/29","15yr",,,,,"149732.3",,,,,,""
"2021-04-21","'3140QHGH2'","MBS","UMBS MORTPASS 2.5% 02/51","30yr",,,,,"149500.14",,,,,,""
"2021-04-21","'31410S7J0'","MBS","UMBS MORTPASS 6.5% 08/36","30yr",,,,,"149480.38",,,,,,""
"2021-04-21","'3138XFTK1'","MBS","UMBS MORTPASS 3% 11/28","15yr",,,,,"149312.42",,,,,,""
"2021-04-21","'3138WEM30'","MBS","UMBS MORTPASS 3% 04/30","15yr",,,,,"149294.52",,,,,,""
"2021-04-21","'36180UK73'","MBS","GNMA I MORTPASS 3% 07/43","30yr",,,,,"149278.17",,,,,,""
"2021-04-21","'31418AB80'","MBS","UMBS MORTPASS 3% 12/31","Other",,,,,"149257.01",,,,,,""
"2021-04-21","'3620AB6L5'","MBS","GNMA I 4.5% 01/40","30yr",,,,,"149198.93",,,,,,""
"2021-04-21","'3140QG5U7'","MBS","UMBS MORTPASS 2.5% 02/51","30yr",,,,,"149132.79",,,,,,""
"2021-04-21","'3132WDY24'","MBS","FHLMCGLD 4.5% 05/46","30yr",,,,,"149089.27",,,,,,""
"2021-04-21","'3138XKNM2'","MBS","UMBS MORTPASS 3.5% 03/29","15yr",,,,,"148886.15",,,,,,""
"2021-04-21","'3138EBCA1'","MBS","UMBS MORTPASS 3% 04/27","15yr",,,,,"148865.87",,,,,,""
"2021-04-21","'3140J7Y25'","MBS","UMBS MORTPASS 3.5% 01/33","15yr",,,,,"148819.17",,,,,,""
"2021-04-21","'3620C0L30'","MBS","GNMA I 3.5% 03/42","30yr",,,,,"148808.05",,,,,,""
"2021-04-21","'3132QTSV9'","MBS","FHLMCGLD 3.5% 10/45","30yr",,,,,"148804.81",,,,,,""
"2021-04-21","'36178LUL5'","MBS","GNMA I 3.5% 09/42","30yr",,,,,"148797.77",,,,,,""
"2021-04-21","'3128MEWQ0'","MBS","FHLMCGLD 3.5% 01/31","15yr",,,,,"148746.97",,,,,,""
"2021-04-21","'3620A7CG8'","MBS","GNMA I MORTPASS 5% 12/39","30yr",,,,,"148718.55",,,,,,""
"2021-04-21","'31307LEJ3'","MBS","FHLMCGLD 3.5% 12/29","15yr",,,,,"148665.32",,,,,,""
"2021-04-21","'3138XSLW5'","MBS","UMBS MORTPASS 4% 04/44","30yr",,,,,"148566.13",,,,,,""
"2021-04-21","'3138X2F41'","MBS","UMBS MORTPASS 2.5% 08/28","15yr",,,,,"148552.2",,,,,,""
"2021-04-21","'31306YKG5'","MBS","FHLMCGLD 3% 11/27","15yr",,,,,"148488.65",,,,,,""
"2021-04-21","'3138X1YE0'","MBS","UMBS MORTPASS 3% 07/28","15yr",,,,,"148471.95",,,,,,""
"2021-04-21","'3132HP5L4'","MBS","FHLMCGLD 4% 12/42","30yr",,,,,"148428.01",,,,,,""
"2021-04-21","'36176UUB9'","MBS","GNMA I 3.5% 05/42","30yr",,,,,"148405.13",,,,,,""
"2021-04-21","'36230TF56'","MBS","GNMA I MORTPASS 4% 04/41","30yr",,,,,"148388.9",,,,,,""
"2021-04-21","'3138X16F8'","MBS","UMBS MORTPASS 2.5% 10/28","15yr",,,,,"148388.26",,,,,,""
"2021-04-21","'3620A5C23'","MBS","GNMA I 4.5% 07/39","30yr",,,,,"148341.69",,,,,,""
"2021-04-21","'3138WFHS8'","MBS","UMBS MORTPASS 3.5% 08/45","30yr",,,,,"148333.29",,,,,,""
"2021-04-21","'36179USR4'","MBS","GNMA II 2.5% 05/49","30yr",,,,,"148298.14",,,,,,""
"2021-04-21","'36177JQS1'","MBS","GNMA I MORTPASS 4% 12/41","30yr",,,,,"148212.7",,,,,,""
"2021-04-21","'3140HHHT5'","MBS","UMBS MORTPASS 3.5% 04/48","30yr",,,,,"148194.09",,,,,,""
"2021-04-21","'3131X9N67'","MBS","UMBS MORTPASS 3% 07/23","Other",,,,,"148173.32",,,,,,""
"2021-04-21","'3138EEGK9'","MBS","UMBS MORTPASS 3% 05/27","15yr",,,,,"148138.83",,,,,,""
"2021-04-21","'3128MMW90'","MBS","FHLMCGLD 3.5% 12/32","15yr",,,,,"148092.26",,,,,,""
"2021-04-21","'31339UZT0'","MBS","UMBS MORTPASS 3% 11/49","30yr",,,,,"148021.15",,,,,,""
"2021-04-21","'3140JXUM8'","MBS","UMBS MORTPASS 3% 08/34","15yr",,,,,"147943.28",,,,,,""
"2021-04-21","'3620AKFB7'","MBS","GNMA I MORTPASS 5% 01/40","30yr",,,,,"147925.26",,,,,,""
"2021-04-21","'3620C6FP5'","MBS","GNMA I MORTPASS 4% 12/40","30yr",,,,,"147890.66",,,,,,""
"2021-04-21","'3138WSQZ4'","MBS","UMBS MORTPASS 3% 05/28","15yr",,,,,"147811.63",,,,,,""
"2021-04-21","'3138EKBV6'","MBS","UMBS MORTPASS 3% 11/27","15yr",,,,,"147751.05",,,,,,""
"2021-04-21","'3131XAFS5'","MBS","UMBS MORTPASS 3% 02/29","15yr",,,,,"147647.58",,,,,,""
"2021-04-21","'31419JYP7'","MBS","UMBS MORTPASS 3.5% 11/25","15yr",,,,,"147597.1",,,,,,""
"2021-04-21","'3138WHPY2'","MBS","UMBS MORTPASS 2.5% 07/31","15yr",,,,,"147534.52",,,,,,""
"2021-04-21","'36297HR83'","MBS","GNMA I 4.5% 06/39","30yr",,,,,"147505.53",,,,,,""
"2021-04-21","'3138EP7K4'","MBS","UMBS MORTPASS 2.5% 08/29","15yr",,,,,"147503.54",,,,,,""
"2021-04-21","'3132QWLJ6'","MBS","FHLMCGLD 3.5% 03/46","30yr",,,,,"147378.06",,,,,,""
"2021-04-21","'31307GGX1'","MBS","FHLMCGLD 3.5% 02/29","15yr",,,,,"147370.94",,,,,,""
"2021-04-21","'31335ADW5'","MBS","FHLMCGLD 3.5% 07/45","30yr",,,,,"147296.29",,,,,,""
"2021-04-21","'3620A64S3'","MBS","GNMA I 4.5% 11/39","30yr",,,,,"147272.33",,,,,,""
"2021-04-21","'3128P7PU1'","MBS","FHLMCGLD 4% 09/30","Other",,,,,"147155.61",,,,,,""
"2021-04-21","'31417KYS0'","MBS","UMBS MORTPASS 6% 08/39","30yr",,,,,"147151.14",,,,,,""
"2021-04-21","'36177NS92'","MBS","GNMA I 3.5% 05/42","30yr",,,,,"146943.5",,,,,,""
"2021-04-21","'3620C1WM4'","MBS","GNMA I 3.5% 12/41","30yr",,,,,"146903.15",,,,,,""
"2021-04-21","'3138Y22C6'","MBS","UMBS MORTPASS 2.5% 10/29","15yr",,,,,"146880.03",,,,,,""
"2021-04-21","'3620A1P69'","MBS","GNMA I MORTPASS 5% 02/40","30yr",,,,,"146835.18",,,,,,""
"2021-04-21","'3132MATV3'","MBS","FHLMCGLD 3.5% 11/44","30yr",,,,,"146815.48",,,,,,""
"2021-04-21","'36296V6S2'","MBS","GNMA I MORTPASS 4% 02/39","30yr",,,,,"146780.9",,,,,,""
"2021-04-21","'3140JJFX2'","MBS","UMBS MORTPASS 4% 11/48","30yr",,,,,"146761.7",,,,,,""
"2021-04-21","'3138WQCK6'","MBS","UMBS MORTPASS 2.5% 05/28","15yr",,,,,"146728.05",,,,,,""
"2021-04-21","'31307NDJ0'","MBS","FHLMCGLD 3% 06/30","15yr",,,,,"146725.85",,,,,,""
"2021-04-21","'36297DMM6'","MBS","GNMA I 4.5% 05/39","30yr",,,,,"146716.87",,,,,,""
"2021-04-21","'3138XGS20'","MBS","UMBS MORTPASS 3.5% 02/44","30yr",,,,,"146644.06",,,,,,""
"2021-04-21","'3138A5FW7'","MBS","UMBS MORTPASS 4% 02/41","30yr",,,,,"146477.69",,,,,,""
"2021-04-21","'3132A8MD8'","MBS","UMBS MORTPASS 3% 11/31","15yr",,,,,"146281.88",,,,,,""
"2021-04-21","'3128M9NE8'","MBS","FHLMCGLD 3% 11/42","30yr",,,,,"146244.88",,,,,,""
"2021-04-21","'3140EU2A6'","MBS","UMBS MORTPASS 4.5% 12/45","30yr",,,,,"146211.43",,,,,,""
"2021-04-21","'3138ED5D9'","MBS","UMBS MORTPASS 2.5% 04/27","15yr",,,,,"146192.22",,,,,,""
"2021-04-21","'36291X2K4'","MBS","GNMA I MORTPASS 4% 12/41","30yr",,,,,"146129.89",,,,,,""
"2021-04-21","'3138AXV57'","MBS","UMBS MORTPASS 3.5% 11/26","15yr",,,,,"146064.21",,,,,,""
"2021-04-21","'3131XUER4'","MBS","UMBS MORTPASS 4% 04/46","30yr",,,,,"146007.01",,,,,,""
"2021-04-21","'3128MMUD3'","MBS","FHLMCGLD 3.5% 12/30","15yr",,,,,"145847.4",,,,,,""
"2021-04-21","'3138XY2J2'","MBS","UMBS MORTPASS 3.5% 07/29","15yr",,,,,"145817.66",,,,,,""
"2021-04-21","'3140J75G6'","MBS","UMBS MORTPASS 2.5% 08/27","Other",,,,,"145714.24",,,,,,""
"2021-04-21","'3138XHB67'","MBS","UMBS MORTPASS 3% 01/29","15yr",,,,,"145689.5",,,,,,""
"2021-04-21","'31412MYU6'","MBS","UMBS MORTPASS 5% 06/38","30yr",,,,,"145665.91",,,,,,""
"2021-04-21","'3128PR3M9'","MBS","FHLMCGLD 4% 07/25","15yr",,,,,"145652.77",,,,,,""
"2021-04-21","'3620AUME1'","MBS","GNMA I 3.5% 04/42","30yr",,,,,"145593.66",,,,,,""
"2021-04-21","'3138X4GA2'","MBS","UMBS MORTPASS 3% 09/28","15yr",,,,,"145538.44",,,,,,""
"2021-04-21","'36297ELC7'","MBS","GNMA I 4.5% 02/39","30yr",,,,,"145368.16",,,,,,""
"2021-04-21","'36201YA48'","MBS","GNMA I MORTPASS 5% 04/40","30yr",,,,,"145306.82",,,,,,""
"2021-04-21","'31417CAW5'","MBS","UMBS MORTPASS 3% 06/27","15yr",,,,,"145294.36",,,,,,""
"2021-04-21","'3140JGSV8'","MBS","UMBS MORTPASS 3.5% 09/33","15yr",,,,,"145264.21",,,,,,""
"2021-04-21","'31418BEF9'","MBS","UMBS MORTPASS 3.5% 06/29","15yr",,,,,"145223.23",,,,,,""
"2021-04-21","'3620A5V22'","MBS","GNMA I MORTPASS 5% 10/39","30yr",,,,,"145175.84",,,,,,""
"2021-04-21","'31418AXS2'","MBS","UMBS MORTPASS 3.5% 09/23","Other",,,,,"145171.53",,,,,,""
"2021-04-21","'3140X4LV6'","MBS","UMBS MORTPASS 3.5% 11/48","30yr",,,,,"145159.79",,,,,,""
"2021-04-21","'3138MFVP9'","MBS","UMBS MORTPASS 3% 10/27","15yr",,,,,"145152.34",,,,,,""
"2021-04-21","'36296MG85'","MBS","GNMA I 4.5% 04/39","30yr",,,,,"145063.89",,,,,,""
"2021-04-21","'3138WCFQ1'","MBS","UMBS MORTPASS 3% 07/29","15yr",,,,,"145012.16",,,,,,""
"2021-04-21","'31307JJ61'","MBS","FHLMCGLD 2.5% 09/29","15yr",,,,,"145008.68",,,,,,""
"2021-04-21","'3140J8SM6'","MBS","UMBS MORTPASS 3% 03/30","15yr",,,,,"144977.41",,,,,,""
"2021-04-21","'3138XEVS4'","MBS","UMBS MORTPASS 4.5% 02/44","30yr",,,,,"144956.68",,,,,,""
"2021-04-21","'36178TK88'","MBS","GNMA I MORTPASS 4% 11/42","30yr",,,,,"144935.39",,,,,,""
"2021-04-21","'3140FLHV3'","MBS","UMBS MORTPASS 4% 12/46","30yr",,,,,"144861.83",,,,,,""
"2021-04-21","'3620A1TR9'","MBS","GNMA I MORTPASS 5% 09/39","30yr",,,,,"144861.6",,,,,,""
"2021-04-21","'3140Q7HV2'","MBS","UMBS MORTPASS 4.5% 08/47","30yr",,,,,"144815.3",,,,,,""
"2021-04-21","'3138E3CX9'","MBS","UMBS MORTPASS 4.5% 07/42","30yr",,,,,"144766.03",,,,,,""
"2021-04-21","'31417CNQ4'","MBS","UMBS MORTPASS 2.5% 08/22","Other",,,,,"144748.96",,,,,,""
"2021-04-21","'3140H7TA5'","MBS","UMBS MORTPASS 3.5% 01/48","30yr",,,,,"144725.58",,,,,,""
"2021-04-21","'3138WBT62'","MBS","UMBS MORTPASS 3.5% 05/29","15yr",,,,,"144689.34",,,,,,""
"2021-04-21","'31418QYJ6'","MBS","UMBS MORTPASS 4% 02/25","15yr",,,,,"144611.98",,,,,,""
"2021-04-21","'31418UYV0'","MBS","UMBS MORTPASS 4% 05/25","15yr",,,,,"144454.15",,,,,,""
"2021-04-21","'36297H6S2'","MBS","GNMA I MORTPASS 5% 02/40","30yr",,,,,"144409.84",,,,,,""
"2021-04-21","'31413CRT8'","MBS","UMBS MORTPASS 4% 09/40","30yr",,,,,"144390.36",,,,,,""
"2021-04-21","'36177JSM2'","MBS","GNMA I MORTPASS 4% 02/42","30yr",,,,,"144330.71",,,,,,""
"2021-04-21","'36297DPW1'","MBS","GNMA I MORTPASS 5% 05/39","30yr",,,,,"144278.97",,,,,,""
"2021-04-21","'312932BD7'","MBS","FHLMCGLD 5% 03/39","30yr",,,,,"144277.1",,,,,,""
"2021-04-21","'3138XSKU0'","MBS","UMBS MORTPASS 3.5% 10/29","15yr",,,,,"144261.69",,,,,,""
"2021-04-21","'3620A5ZJ1'","MBS","GNMA I 4.5% 11/39","30yr",,,,,"144194.22",,,,,,""
"2021-04-21","'36296U7F1'","MBS","GNMA I 4.5% 06/39","30yr",,,,,"144172.49",,,,,,""
"2021-04-21","'36180HJG4'","MBS","GNMA I MORTPASS 4% 06/43","30yr",,,,,"144147.15",,,,,,""
"2021-04-21","'31416XEN6'","MBS","UMBS MORTPASS 3.5% 12/25","15yr",,,,,"144126.74",,,,,,""
"2021-04-21","'3620ABGJ9'","MBS","GNMA I MORTPASS 5% 02/40","30yr",,,,,"144039.93",,,,,,""
"2021-04-21","'3138XXFT8'","MBS","UMBS MORTPASS 2.5% 08/29","15yr",,,,,"144014.55",,,,,,""
"2021-04-21","'3140HNYL0'","MBS","UMBS MORTPASS 4.5% 08/48","30yr",,,,,"143980.07",,,,,,""
"2021-04-21","'3138XQUW9'","MBS","UMBS MORTPASS 4% 03/44","30yr",,,,,"143951.29",,,,,,""
"2021-04-21","'3620C66U4'","MBS","GNMA I MORTPASS 4% 08/41","30yr",,,,,"143892.35",,,,,,""
"2021-04-21","'36176ULJ2'","MBS","GNMA I 3.5% 02/42","30yr",,,,,"143796",,,,,,""
"2021-04-21","'3620ABC87'","MBS","GNMA I MORTPASS 5% 12/39","30yr",,,,,"143691.69",,,,,,""
"2021-04-21","'3620ADS45'","MBS","GNMA I MORTPASS 5% 11/39","30yr",,,,,"143565.82",,,,,,""
"2021-04-21","'3620A6DD6'","MBS","GNMA I MORTPASS 5% 07/39","30yr",,,,,"143542.25",,,,,,""
"2021-04-21","'36178DBW0'","MBS","GNMA I 3.5% 07/42","30yr",,,,,"143535.16",,,,,,""
"2021-04-21","'3140FF5G2'","MBS","UMBS MORTPASS 2.5% 09/31","15yr",,,,,"143460.74",,,,,,""
"2021-04-21","'31417AMH9'","MBS","UMBS MORTPASS 2.5% 11/21","Other",,,,,"143312.15",,,,,,""
"2021-04-21","'3138LVWU3'","MBS","UMBS MORTPASS 3% 06/27","15yr",,,,,"143261.67",,,,,,""
"2021-04-21","'312938BV4'","MBS","FHLMCGLD 4.5% 12/39","30yr",,,,,"143243.63",,,,,,""
"2021-04-21","'31416SVZ1'","MBS","UMBS MORTPASS 6% 06/39","30yr",,,,,"143240.23",,,,,,""
"2021-04-21","'31417M3Y7'","MBS","UMBS MORTPASS 6% 08/39","30yr",,,,,"143215.83",,,,,,""
"2021-04-21","'31307MWC6'","MBS","FHLMCGLD 2.5% 05/30","15yr",,,,,"143062.28",,,,,,""
"2021-04-21","'3128P7QS5'","MBS","FHLMCGLD 4% 04/31","Other",,,,,"143047.05",,,,,,""
"2021-04-21","'3133G66M2'","MBS","UMBS MORTPASS 2.5% 11/34","15yr",,,,,"142863.08",,,,,,""
"2021-04-21","'3140L6YK4'","MBS","UMBS MORTPASS 2% 04/51","30yr",,,,,"142792.14",,,,,,""
"2021-04-21","'36177KWJ1'","MBS","GNMA I 3.5% 01/42","30yr",,,,,"142696.41",,,,,,""
"2021-04-21","'3133ACTE8'","MBS","UMBS MORTPASS 2% 11/50","30yr",,,,,"142573.2",,,,,,""
"2021-04-21","'36177JSY6'","MBS","GNMA I 3.5% 03/42","30yr",,,,,"142547.41",,,,,,""
"2021-04-21","'36296WDG8'","MBS","GNMA I 4.5% 06/39","30yr",,,,,"142540.04",,,,,,""
"2021-04-21","'3128PY4C5'","MBS","FHLMCGLD 3% 05/27","15yr",,,,,"142486.33",,,,,,""
"2021-04-21","'36297EJB2'","MBS","GNMA I MORTPASS 4% 08/41","30yr",,,,,"142466.33",,,,,,""
"2021-04-21","'3128PRWQ8'","MBS","FHLMCGLD 4% 06/25","15yr",,,,,"142367.78",,,,,,""
"2021-04-21","'31335AFR4'","MBS","FHLMCGLD 3.5% 07/45","30yr",,,,,"142359.5",,,,,,""
"2021-04-21","'3131Y2AW8'","MBS","UMBS MORTPASS 4.5% 07/48","30yr",,,,,"142314.26",,,,,,""
"2021-04-21","'3138W5NF1'","MBS","UMBS MORTPASS 2% 02/28","15yr",,,,,"142310.08",,,,,,""
"2021-04-21","'3133KYSX8'","MBS","UMBS MORTPASS 3.5% 02/40","Other",,,,,"142119.52",,,,,,""
"2021-04-21","'36176E4N8'","MBS","GNMA I 3.5% 11/41","30yr",,,,,"142081.69",,,,,,""
"2021-04-21","'3140HMJB1'","MBS","UMBS MORTPASS 3.5% 09/48","30yr",,,,,"142051.06",,,,,,""
"2021-04-21","'3138A3V46'","MBS","UMBS MORTPASS 3% 12/25","15yr",,,,,"142017.02",,,,,,""
"2021-04-21","'36180KBZ3'","MBS","GNMA I 3.5% 03/43","30yr",,,,,"142007.15",,,,,,""
"2021-04-21","'3138YUWU1'","MBS","UMBS MORTPASS 3.5% 07/30","15yr",,,,,"141972.04",,,,,,""
"2021-04-21","'31418BMX1'","MBS","UMBS MORTPASS 2% 01/25","Other",,,,,"141960.54",,,,,,""
"2021-04-21","'3620C1S56'","MBS","GNMA I MORTPASS 4% 10/40","30yr",,,,,"141938.22",,,,,,""
"2021-04-21","'3138YAUG8'","MBS","UMBS MORTPASS 4% 11/44","30yr",,,,,"141919.22",,,,,,""
"2021-04-21","'3128PMKR0'","MBS","FHLMCGLD 4.5% 02/24","15yr",,,,,"141815.3",,,,,,""
"2021-04-21","'31307DZV1'","MBS","FHLMCGLD 3% 08/23","15yr",,,,,"141796.99",,,,,,""
"2021-04-21","'3140JYCA2'","MBS","UMBS MORTPASS 2.5% 11/34","15yr",,,,,"141685.5",,,,,,""
"2021-04-21","'3128P8CA7'","MBS","FHLMCGLD 3.5% 02/36","Other",,,,,"141651.93",,,,,,""
"2021-04-21","'3138A4Y25'","MBS","UMBS MORTPASS 3.5% 01/26","15yr",,,,,"141519.73",,,,,,""
"2021-04-21","'31307HFD4'","MBS","FHLMCGLD 3% 05/29","15yr",,,,,"141409.14",,,,,,""
"2021-04-21","'3133G7SX2'","MBS","UMBS MORTPASS 2.5% 01/35","15yr",,,,,"141353.52",,,,,,""
"2021-04-21","'36180NQB4'","MBS","GNMA I MORTPASS 3% 04/43","30yr",,,,,"141349.1",,,,,,""
"2021-04-21","'36177WA26'","MBS","GNMA I 3.5% 03/42","30yr",,,,,"141275.68",,,,,,""
"2021-04-21","'31339UQE3'","MBS","UMBS MORTPASS 3% 10/49","30yr",,,,,"141269.95",,,,,,""
"2021-04-21","'3138WDAE1'","MBS","UMBS MORTPASS 3% 10/29","15yr",,,,,"141246.53",,,,,,""
"2021-04-21","'3620AEE22'","MBS","GNMA I MORTPASS 4% 08/41","30yr",,,,,"141122.21",,,,,,""
"2021-04-21","'36296WSL1'","MBS","GNMA I 4.5% 06/39","30yr",,,,,"141018.58",,,,,,""
"2021-04-21","'3140HARC6'","MBS","UMBS MORTPASS 3.5% 04/48","30yr",,,,,"140954.76",,,,,,""
"2021-04-21","'36296QHN2'","MBS","GNMA I MORTPASS 4% 02/39","30yr",,,,,"140922.99",,,,,,""
"2021-04-21","'31334XCN7'","MBS","UMBS MORTPASS 3.5% 07/49","30yr",,,,,"140741.89",,,,,,""
"2021-04-21","'31307RFV2'","MBS","FHLMCGLD 3% 06/31","15yr",,,,,"140717.6",,,,,,""
"2021-04-21","'3620AAQ68'","MBS","GNMA I MORTPASS 5% 09/39","30yr",,,,,"140591.42",,,,,,""
"2021-04-21","'3138EJRD2'","MBS","UMBS MORTPASS 3% 08/27","15yr",,,,,"140571.62",,,,,,""
"2021-04-21","'3131X7QS0'","MBS","UMBS MORTPASS 3% 04/27","15yr",,,,,"140441.97",,,,,,""
"2021-04-21","'36297EUK9'","MBS","GNMA I 4.5% 11/39","30yr",,,,,"140432.3",,,,,,""
"2021-04-21","'3138Y6KH6'","MBS","UMBS MORTPASS 3.5% 09/29","15yr",,,,,"140411.91",,,,,,""
"2021-04-21","'3620AKT63'","MBS","GNMA I 4.5% 01/40","30yr",,,,,"140354.23",,,,,,""
"2021-04-21","'3620AKA48'","MBS","GNMA I MORTPASS 5% 02/40","30yr",,,,,"140315.24",,,,,,""
"2021-04-21","'31371QRK6'","MBS","UMBS MORTPASS 6.5% 11/36","30yr",,,,,"140300.16",,,,,,""
"2021-04-21","'31335AZ68'","MBS","FHLMCGLD 3% 11/46","30yr",,,,,"140269.27",,,,,,""
"2021-04-21","'36178D2Q3'","MBS","GNMA I MORTPASS 3% 03/43","30yr",,,,,"140244.8",,,,,,""
"2021-04-21","'31417DCK7'","MBS","UMBS MORTPASS 3% 10/27","15yr",,,,,"140127.77",,,,,,""
"2021-04-21","'3140F34C9'","MBS","UMBS MORTPASS 3% 07/31","15yr",,,,,"140042.89",,,,,,""
"2021-04-21","'31412NLP9'","MBS","UMBS MORTPASS 5.5% 11/38","30yr",,,,,"139832.28",,,,,,""
"2021-04-21","'36297C3M9'","MBS","GNMA I MORTPASS 5% 03/39","30yr",,,,,"139829.97",,,,,,""
"2021-04-21","'3138ER2Q2'","MBS","UMBS MORTPASS 3% 01/32","15yr",,,,,"139819.93",,,,,,""
"2021-04-21","'3620ABF92'","MBS","GNMA I 4.5% 12/39","30yr",,,,,"139811.92",,,,,,""
"2021-04-21","'3620A5V89'","MBS","GNMA I MORTPASS 5% 11/39","30yr",,,,,"139804.45",,,,,,""
"2021-04-21","'3132A5H99'","MBS","UMBS MORTPASS 4% 02/48","30yr",,,,,"139779.13",,,,,,""
"2021-04-21","'3140HPWA1'","MBS","UMBS MORTPASS 3.5% 11/48","30yr",,,,,"139665.79",,,,,,""
"2021-04-21","'3140HMHD9'","MBS","UMBS MORTPASS 3.5% 08/48","30yr",,,,,"139662.65",,,,,,""
"2021-04-21","'36297H5S3'","MBS","GNMA I 4.5% 11/39","30yr",,,,,"139636.94",,,,,,""
"2021-04-21","'31416KB80'","MBS","UMBS MORTPASS 6.5% 02/39","30yr",,,,,"139616.66",,,,,,""
"2021-04-21","'36202FDU7'","MBS","GNMA II 3.5% 01/40","30yr",,,,,"139590.33",,,,,,""
"2021-04-21","'31329KV68'","MBS","UMBS MORTPASS 2.5% 11/36","Other",,,,,"139477.55",,,,,,""
"2021-04-21","'3138A1TV3'","MBS","UMBS MORTPASS 3% 12/25","15yr",,,,,"139469.31",,,,,,""
"2021-04-21","'36176SQU7'","MBS","GNMA I MORTPASS 4% 12/41","30yr",,,,,"139419.04",,,,,,""
"2021-04-21","'31412RLS4'","MBS","UMBS MORTPASS 3% 12/25","15yr",,,,,"139384.81",,,,,,""
"2021-04-21","'36176WYG0'","MBS","GNMA I MORTPASS 4% 11/41","30yr",,,,,"139360.45",,,,,,""
"2021-04-21","'36290QPJ8'","MBS","GNMA I MORTPASS 3% 01/43","30yr",,,,,"139299.69",,,,,,""
"2021-04-21","'31335AEV6'","MBS","FHLMCGLD 4.5% 07/45","30yr",,,,,"139229.12",,,,,,""
"2021-04-21","'31307GV71'","MBS","FHLMCGLD 3.5% 04/29","15yr",,,,,"139222.94",,,,,,""
"2021-04-21","'36176KNB9'","MBS","GNMA I 3.5% 11/41","30yr",,,,,"139192.7",,,,,,""
"2021-04-21","'36180FKT8'","MBS","GNMA I MORTPASS 3% 06/43","30yr",,,,,"139147.04",,,,,,""
"2021-04-21","'36176WHT1'","MBS","GNMA I MORTPASS 4% 01/42","30yr",,,,,"139128.96",,,,,,""
"2021-04-21","'3138MLLY8'","MBS","UMBS MORTPASS 3% 11/27","15yr",,,,,"139126.23",,,,,,""
"2021-04-21","'3132A7TV3'","MBS","UMBS MORTPASS 2.5% 05/28","15yr",,,,,"139081.64",,,,,,""
"2021-04-21","'31418BNS1'","MBS","UMBS MORTPASS 3.5% 02/25","Other",,,,,"139081.18",,,,,,""
"2021-04-21","'3131X6Y53'","MBS","UMBS MORTPASS 3% 08/26","15yr",,,,,"139045.36",,,,,,""
"2021-04-21","'3138M95H0'","MBS","UMBS MORTPASS 2.5% 10/27","15yr",,,,,"139019.66",,,,,,""
"2021-04-21","'3620ACBC7'","MBS","GNMA I MORTPASS 5% 03/40","30yr",,,,,"139018.63",,,,,,""
"2021-04-21","'3140EVKC0'","MBS","UMBS MORTPASS 2.5% 06/31","15yr",,,,,"138950.95",,,,,,""
"2021-04-21","'3138WCXC2'","MBS","UMBS MORTPASS 3% 09/44","30yr",,,,,"138844.94",,,,,,""
"2021-04-21","'3140F23E8'","MBS","UMBS MORTPASS 3.5% 04/46","30yr",,,,,"138815.53",,,,,,""
"2021-04-21","'3138X1VE3'","MBS","UMBS MORTPASS 3% 12/44","30yr",,,,,"138746.87",,,,,,""
"2021-04-21","'31416XFA3'","MBS","UMBS MORTPASS 4% 12/40","30yr",,,,,"138704.38",,,,,,""
"2021-04-21","'3138X86E6'","MBS","UMBS MORTPASS 2.5% 01/29","15yr",,,,,"138666.6",,,,,,""
"2021-04-21","'3140FM3G9'","MBS","UMBS MORTPASS 3% 10/32","15yr",,,,,"138578.76",,,,,,""
"2021-04-21","'3140K1D60'","MBS","UMBS MORTPASS 4.5% 09/49","30yr",,,,,"138467.46",,,,,,""
"2021-04-21","'36295DN39'","MBS","GNMA I MORTPASS 5% 08/39","30yr",,,,,"138425.88",,,,,,""
"2021-04-21","'36176FPV4'","MBS","GNMA I MORTPASS 4% 05/41","30yr",,,,,"138370.97",,,,,,""
"2021-04-21","'31307CMD7'","MBS","FHLMCGLD 3% 06/28","15yr",,,,,"138310.38",,,,,,""
"2021-04-21","'31306YP70'","MBS","FHLMCGLD 2% 12/22","15yr",,,,,"138196.95",,,,,,""
"2021-04-21","'36297EB61'","MBS","GNMA I MORTPASS 5% 08/39","30yr",,,,,"138024.27",,,,,,""
"2021-04-21","'36180TG97'","MBS","GNMA I 3.5% 08/43","30yr",,,,,"138005.38",,,,,,""
"2021-04-21","'36178FE51'","MBS","GNMA I 3.5% 07/42","30yr",,,,,"137993.22",,,,,,""
"2021-04-21","'3131X8M78'","MBS","UMBS MORTPASS 2.5% 01/28","15yr",,,,,"137988.3",,,,,,""
"2021-04-21","'3620AATA6'","MBS","GNMA I 5.5% 08/39","30yr",,,,,"137969.46",,,,,,""
"2021-04-21","'3132AEEC6'","MBS","UMBS MORTPASS 3% 03/33","15yr",,,,,"137903.37",,,,,,""
"2021-04-21","'3138WPYR9'","MBS","UMBS MORTPASS 3% 05/28","15yr",,,,,"137873.18",,,,,,""
"2021-04-21","'36200A7K9'","MBS","GNMA I 4.5% 08/39","30yr",,,,,"137859.38",,,,,,""
"2021-04-21","'36177PND3'","MBS","GNMA I MORTPASS 4% 03/42","30yr",,,,,"137841.78",,,,,,""
"2021-04-21","'31417EYB1'","MBS","UMBS MORTPASS 2.5% 02/28","15yr",,,,,"137811.07",,,,,,""
"2021-04-21","'36297FGQ9'","MBS","GNMA I MORTPASS 5% 11/39","30yr",,,,,"137757.18",,,,,,""
"2021-04-21","'3138NXVC8'","MBS","UMBS MORTPASS 4% 12/42","30yr",,,,,"137686.64",,,,,,""
"2021-04-21","'36295PCF7'","MBS","GNMA I MORTPASS 6% 10/38","30yr",,,,,"137656.73",,,,,,""
"2021-04-21","'36177UL36'","MBS","GNMA I 3.5% 07/42","30yr",,,,,"137625.77",,,,,,""
"2021-04-21","'3138AVP66'","MBS","UMBS MORTPASS 4% 10/41","30yr",,,,,"137620.77",,,,,,""
"2021-04-21","'36177WLL2'","MBS","GNMA I MORTPASS 3% 05/42","30yr",,,,,"137605.45",,,,,,""
"2021-04-21","'3128KWKD4'","MBS","FHLMCGLD 6% 09/37","30yr",,,,,"137541.96",,,,,,""
"2021-04-21","'31418WVH0'","MBS","UMBS MORTPASS 5% 06/40","30yr",,,,,"137500.25",,,,,,""
"2021-04-21","'3133KKVG1'","MBS","UMBS MORTPASS 2% 12/50","30yr",,,,,"137489.96",,,,,,""
"2021-04-21","'36206ENS0'","MBS","GNMA I 5.5% 06/38","30yr",,,,,"137316.83",,,,,,""
"2021-04-21","'36295YJ61'","MBS","GNMA I MORTPASS 5% 03/38","30yr",,,,,"137292.7",,,,,,""
"2021-04-21","'3138YEDD6'","MBS","UMBS MORTPASS 2.5% 06/30","15yr",,,,,"137221.94",,,,,,""
"2021-04-21","'3132CWDA9'","MBS","UMBS MORTPASS 2.5% 10/34","15yr",,,,,"137173.59",,,,,,""
"2021-04-21","'31416XLG3'","MBS","UMBS MORTPASS 3% 01/26","15yr",,,,,"137163.56",,,,,,""
"2021-04-21","'36178MV40'","MBS","GNMA I MORTPASS 3% 05/43","30yr",,,,,"137152.7",,,,,,""
"2021-04-21","'36297KML2'","MBS","GNMA I MORTPASS 4% 05/39","30yr",,,,,"137090.92",,,,,,""
"2021-04-21","'31412U5U0'","MBS","UMBS MORTPASS 6.5% 09/39","30yr",,,,,"137032.5",,,,,,""
"2021-04-21","'36241KQJ0'","MBS","GNMA II 4.5% 01/38","30yr",,,,,"136981.54",,,,,,""
"2021-04-21","'3138Y4Q69'","MBS","UMBS MORTPASS 3.5% 10/29","15yr",,,,,"136952.77",,,,,,""
"2021-04-21","'3138APNG9'","MBS","UMBS MORTPASS 3% 12/26","15yr",,,,,"136946.46",,,,,,""
"2021-04-21","'3138ECW33'","MBS","UMBS MORTPASS 3% 04/27","15yr",,,,,"136896.04",,,,,,""
"2021-04-21","'3133KKD48'","MBS","UMBS MORTPASS 2% 10/50","30yr",,,,,"136831.2",,,,,,""
"2021-04-21","'3131XANL1'","MBS","UMBS MORTPASS 3% 06/24","Other",,,,,"136824.48",,,,,,""
"2021-04-21","'3128MMSX2'","MBS","FHLMCGLD 2.5% 12/29","15yr",,,,,"136786.45",,,,,,""
"2021-04-21","'312935FM6'","MBS","FHLMCGLD 4% 08/39","30yr",,,,,"136664.53",,,,,,""
"2021-04-21","'3140X8AT4'","MBS","UMBS MORTPASS 2% 10/35","15yr",,,,,"136647.89",,,,,,""
"2021-04-21","'3620A1TA6'","MBS","GNMA I 4.5% 09/39","30yr",,,,,"136562.61",,,,,,""
"2021-04-21","'3620A7AR6'","MBS","GNMA I MORTPASS 5% 12/39","30yr",,,,,"136549.88",,,,,,""
"2021-04-21","'3138WQTN2'","MBS","UMBS MORTPASS 2.5% 06/23","Other",,,,,"136518.03",,,,,,""
"2021-04-21","'36297BX71'","MBS","GNMA I 4.5% 02/39","30yr",,,,,"136489.92",,,,,,""
"2021-04-21","'3128PXCP9'","MBS","FHLMCGLD 3% 12/26","15yr",,,,,"136478.81",,,,,,""
"2021-04-21","'3620A3GC2'","MBS","GNMA I MORTPASS 5% 10/39","30yr",,,,,"136469.31",,,,,,""
"2021-04-21","'36297KU41'","MBS","GNMA I 5.5% 04/39","30yr",,,,,"136162.4",,,,,,""
"2021-04-21","'3140FF6R7'","MBS","UMBS MORTPASS 2.5% 10/31","15yr",,,,,"136161.68",,,,,,""
"2021-04-21","'3620A5YD5'","MBS","GNMA I 5.5% 09/39","30yr",,,,,"136133.67",,,,,,""
"2021-04-21","'31307EMJ0'","MBS","FHLMCGLD 3.5% 09/28","15yr",,,,,"136071.21",,,,,,""
"2021-04-21","'3138EKQH1'","MBS","UMBS MORTPASS 3% 12/27","15yr",,,,,"136050.97",,,,,,""
"2021-04-21","'36180UL23'","MBS","GNMA I 3.5% 05/43","30yr",,,,,"136026.98",,,,,,""
"2021-04-21","'3140H1PZ7'","MBS","UMBS MORTPASS 3% 10/32","15yr",,,,,"135965.84",,,,,,""
"2021-04-21","'3128MFJR0'","MBS","FHLMCGLD 4% 12/26","15yr",,,,,"135935.49",,,,,,""
"2021-04-21","'31415BCL1'","MBS","UMBS MORTPASS 6.5% 06/38","30yr",,,,,"135927.03",,,,,,""
"2021-04-21","'36296JGB5'","MBS","GNMA I MORTPASS 6% 02/39","30yr",,,,,"135877.54",,,,,,""
"2021-04-21","'3620AGWB7'","MBS","GNMA I MORTPASS 5% 02/40","30yr",,,,,"135877.06",,,,,,""
"2021-04-21","'3138XYG24'","MBS","UMBS MORTPASS 3.5% 08/29","15yr",,,,,"135841.66",,,,,,""
"2021-04-21","'3132XS4N7'","MBS","FHLMCGLD 3.5% 09/47","30yr",,,,,"135811.32",,,,,,""
"2021-04-21","'3140J8TH6'","MBS","UMBS MORTPASS 2.5% 06/32","15yr",,,,,"135788.96",,,,,,""
"2021-04-21","'3140HE2E1'","MBS","UMBS MORTPASS 3.5% 02/48","30yr",,,,,"135727.84",,,,,,""
"2021-04-21","'3132J9DV7'","MBS","FHLMCGLD 3% 04/43","30yr",,,,,"135666.85",,,,,,""
"2021-04-21","'31307W2H6'","MBS","FHLMCGLD 3.5% 10/33","15yr",,,,,"135622.6",,,,,,""
"2021-04-21","'36295RXM5'","MBS","GNMA I MORTPASS 5% 03/40","30yr",,,,,"135613.98",,,,,,""
"2021-04-21","'31307GN39'","MBS","FHLMCGLD 3.5% 03/29","15yr",,,,,"135595.18",,,,,,""
"2021-04-21","'31417KYC5'","MBS","UMBS MORTPASS 4% 08/39","30yr",,,,,"135565.86",,,,,,""
"2021-04-21","'3128MD6Y4'","MBS","FHLMCGLD 3% 09/29","15yr",,,,,"135559.26",,,,,,""
"2021-04-21","'36177Q2X0'","MBS","GNMA I 3.5% 04/42","30yr",,,,,"135531.91",,,,,,""
"2021-04-21","'3131X7BB3'","MBS","UMBS MORTPASS 3% 10/26","15yr",,,,,"135514.74",,,,,,""
"2021-04-21","'36294UWU2'","MBS","GNMA I 3.5% 09/42","30yr",,,,,"135470.52",,,,,,""
"2021-04-21","'3620A6AC1'","MBS","GNMA I 4.5% 06/39","30yr",,,,,"135436.41",,,,,,""
"2021-04-21","'3140J76U4'","MBS","UMBS MORTPASS 3% 02/33","15yr",,,,,"135387.58",,,,,,""
"2021-04-21","'3131X6JY7'","MBS","UMBS MORTPASS 3% 02/26","15yr",,,,,"135369.59",,,,,,""
"2021-04-21","'3138WCKP7'","MBS","UMBS MORTPASS 3% 08/29","15yr",,,,,"135363.55",,,,,,""
"2021-04-21","'31418XNQ7'","MBS","UMBS MORTPASS 4.5% 06/40","30yr",,,,,"135218.91",,,,,,""
"2021-04-21","'3138ER6C9'","MBS","UMBS MORTPASS 2.5% 07/30","15yr",,,,,"135161.83",,,,,,""
"2021-04-21","'36180DXK8'","MBS","GNMA I 3.5% 06/43","30yr",,,,,"135157.89",,,,,,""
"2021-04-21","'31418CA87'","MBS","UMBS MORTPASS 2.5% 08/46","30yr",,,,,"135152.22",,,,,,""
"2021-04-21","'3138YN6R3'","MBS","UMBS MORTPASS 2.5% 08/30","15yr",,,,,"135071.63",,,,,,""
"2021-04-21","'36297BDY4'","MBS","GNMA I 4.5% 03/39","30yr",,,,,"134994.59",,,,,,""
"2021-04-21","'3132QPA79'","MBS","FHLMCGLD 3% 04/45","30yr",,,,,"134970.94",,,,,,""
"2021-04-21","'3131X7KR8'","MBS","UMBS MORTPASS 3% 02/22","Other",,,,,"134969.04",,,,,,""
"2021-04-21","'31417DFN8'","MBS","UMBS MORTPASS 2% 10/27","15yr",,,,,"134930.61",,,,,,""
"2021-04-21","'3138XM4T4'","MBS","UMBS MORTPASS 3.5% 08/29","15yr",,,,,"134907.04",,,,,,""
"2021-04-21","'3140QA2F6'","MBS","UMBS MORTPASS 3.5% 05/44","30yr",,,,,"134821.12",,,,,,""
"2021-04-21","'3140H5NU1'","MBS","UMBS MORTPASS 3.5% 02/48","30yr",,,,,"134808.72",,,,,,""
"2021-04-21","'31418AFY9'","MBS","UMBS MORTPASS 3% 06/27","15yr",,,,,"134770.06",,,,,,""
"2021-04-21","'3140F8KE6'","MBS","UMBS MORTPASS 4% 01/47","30yr",,,,,"134741.35",,,,,,""
"2021-04-21","'3132JBDV2'","MBS","FHLMCGLD 4% 07/43","30yr",,,,,"134675.09",,,,,,""
"2021-04-21","'3140JVN57'","MBS","UMBS MORTPASS 3.5% 08/49","30yr",,,,,"134555.57",,,,,,""
"2021-04-21","'36297ETJ4'","MBS","GNMA I MORTPASS 5% 10/39","30yr",,,,,"134549.91",,,,,,""
"2021-04-21","'3620A5WJ4'","MBS","GNMA I 4.5% 12/39","30yr",,,,,"134462.15",,,,,,""
"2021-04-21","'31307G4W6'","MBS","FHLMCGLD 3% 05/29","15yr",,,,,"134459.75",,,,,,""
"2021-04-21","'3140JKYN0'","MBS","UMBS MORTPASS 3.5% 01/49","30yr",,,,,"134426.02",,,,,,""
"2021-04-21","'31417EX63'","MBS","UMBS MORTPASS 2% 02/28","15yr",,,,,"134397.77",,,,,,""
"2021-04-21","'31417YH59'","MBS","UMBS MORTPASS 5.5% 10/29","Other",,,,,"134376.18",,,,,,""
"2021-04-21","'31414UTX6'","MBS","UMBS MORTPASS 6.5% 04/38","30yr",,,,,"134335.48",,,,,,""
"2021-04-21","'3140FGFE4'","MBS","UMBS MORTPASS 3% 09/31","15yr",,,,,"134032.53",,,,,,""
"2021-04-21","'3140EVHT7'","MBS","UMBS MORTPASS 3% 06/46","30yr",,,,,"133975.26",,,,,,""
"2021-04-21","'36181FV65'","MBS","GNMA I 3.5% 09/43","30yr",,,,,"133962.06",,,,,,""
"2021-04-21","'36297A4S9'","MBS","GNMA I MORTPASS 6% 02/39","30yr",,,,,"133828.41",,,,,,""
"2021-04-21","'3140H7WK9'","MBS","UMBS MORTPASS 3.5% 03/33","15yr",,,,,"133828.22",,,,,,""
"2021-04-21","'31334YCS4'","MBS","UMBS MORTPASS 4.5% 08/49","30yr",,,,,"133821.37",,,,,,""
"2021-04-21","'312930K82'","MBS","FHLMCGLD 6.5% 01/39","30yr",,,,,"133764.89",,,,,,""
"2021-04-21","'3620A7K53'","MBS","GNMA I MORTPASS 5% 03/40","30yr",,,,,"133533.89",,,,,,""
"2021-04-21","'36180CYU7'","MBS","GNMA I 3.5% 01/43","30yr",,,,,"133476.63",,,,,,""
"2021-04-21","'3140J5U98'","MBS","UMBS MORTPASS 2.5% 12/29","15yr",,,,,"133462.4",,,,,,""
"2021-04-21","'3131X9DB7'","MBS","UMBS MORTPASS 2.5% 05/28","15yr",,,,,"133441.46",,,,,,""
"2021-04-21","'36176VEZ2'","MBS","GNMA I MORTPASS 4% 11/41","30yr",,,,,"133365.46",,,,,,""
"2021-04-21","'3620A0B25'","MBS","GNMA I 4.5% 07/39","30yr",,,,,"133242.96",,,,,,""
"2021-04-21","'31417AKN8'","MBS","UMBS MORTPASS 3% 11/26","15yr",,,,,"133231.19",,,,,,""
"2021-04-21","'3138EAQ26'","MBS","UMBS MORTPASS 3% 04/27","15yr",,,,,"133139.34",,,,,,""
"2021-04-21","'3132A9N60'","MBS","UMBS MORTPASS 3% 01/29","15yr",,,,,"133067.92",,,,,,""
"2021-04-21","'3128MMSP9'","MBS","FHLMCGLD 3.5% 09/29","15yr",,,,,"133045.78",,,,,,""
"2021-04-21","'36202E4H9'","MBS","GNMA II MORTPASS 5% 04/39","30yr",,,,,"132961.57",,,,,,""
"2021-04-21","'3620AB6E1'","MBS","GNMA I 4.5% 12/39","30yr",,,,,"132864.74",,,,,,""
"2021-04-21","'3140JKZ25'","MBS","UMBS MORTPASS 4% 02/49","30yr",,,,,"132851.44",,,,,,""
"2021-04-21","'36202EGM5'","MBS","GNMA II 4.5% 01/36","30yr",,,,,"132789.68",,,,,,""
"2021-04-21","'3620A9BV2'","MBS","GNMA I 4.5% 10/39","30yr",,,,,"132745.22",,,,,,""
"2021-04-21","'36176UFS9'","MBS","GNMA I 3.5% 12/41","30yr",,,,,"132691.88",,,,,,""
"2021-04-21","'3620A5V48'","MBS","GNMA I MORTPASS 5% 10/39","30yr",,,,,"132657.55",,,,,,""
"2021-04-21","'31307LPZ5'","MBS","FHLMCGLD 3.5% 01/30","15yr",,,,,"132614.84",,,,,,""
"2021-04-21","'3138LUBG9'","MBS","UMBS MORTPASS 3% 05/27","15yr",,,,,"132604.5",,,,,,""
"2021-04-21","'36297J4S0'","MBS","GNMA I MORTPASS 4% 08/39","30yr",,,,,"132487.39",,,,,,""
"2021-04-21","'3620AB2J4'","MBS","GNMA I MORTPASS 5% 09/39","30yr",,,,,"132425.55",,,,,,""
"2021-04-21","'3128L15U0'","MBS","FHLMCGLD 6% 12/37","30yr",,,,,"132409.11",,,,,,""
"2021-04-21","'3138A6C40'","MBS","UMBS MORTPASS 3.5% 03/26","15yr",,,,,"132398.85",,,,,,""
"2021-04-21","'36176JH78'","MBS","GNMA I MORTPASS 3% 09/42","30yr",,,,,"132296.99",,,,,,""
"2021-04-21","'3132WEN24'","MBS","FHLMCGLD 3.5% 06/46","30yr",,,,,"132244.55",,,,,,""
"2021-04-21","'3131X72C1'","MBS","UMBS MORTPASS 2.5% 08/27","15yr",,,,,"132229.44",,,,,,""
"2021-04-21","'36297GND8'","MBS","GNMA I MORTPASS 4% 01/40","30yr",,,,,"132226.86",,,,,,""
"2021-04-21","'3140HDCT9'","MBS","UMBS MORTPASS 4.5% 04/48","30yr",,,,,"132224.79",,,,,,""
"2021-04-21","'36296RUM7'","MBS","GNMA I MORTPASS 6% 09/38","30yr",,,,,"132181.04",,,,,,""
"2021-04-21","'31418BS23'","MBS","UMBS MORTPASS 3.5% 07/25","Other",,,,,"132136.52",,,,,,""
"2021-04-21","'36296JMV4'","MBS","GNMA I MORTPASS 5% 05/39","30yr",,,,,"132089.04",,,,,,""
"2021-04-21","'3128MFDP0'","MBS","FHLMCGLD 3.5% 06/32","15yr",,,,,"132074.88",,,,,,""
"2021-04-21","'36296JGJ8'","MBS","GNMA I 4.5% 02/39","30yr",,,,,"131919.62",,,,,,""
"2021-04-21","'31334Y2G1'","MBS","UMBS MORTPASS 2.5% 09/49","30yr",,,,,"131841.63",,,,,,""
"2021-04-21","'3138MJKL2'","MBS","UMBS MORTPASS 3% 02/28","15yr",,,,,"131808.06",,,,,,""
"2021-04-21","'36297HVL9'","MBS","GNMA I 4.5% 07/39","30yr",,,,,"131757.06",,,,,,""
"2021-04-21","'3140HAQ78'","MBS","UMBS MORTPASS 3.5% 03/33","15yr",,,,,"131720.17",,,,,,""
"2021-04-21","'3620A3BN3'","MBS","GNMA I MORTPASS 3% 04/43","30yr",,,,,"131685.05",,,,,,""
"2021-04-21","'3620A7QR9'","MBS","GNMA I 4.5% 10/39","30yr",,,,,"131682.5",,,,,,""
"2021-04-21","'36177LQX5'","MBS","GNMA I 3.5% 05/42","30yr",,,,,"131540",,,,,,""
"2021-04-21","'36297BAP6'","MBS","GNMA I MORTPASS 5% 08/39","30yr",,,,,"131365.8",,,,,,""
"2021-04-21","'31416Y7B8'","MBS","UMBS MORTPASS 3% 09/26","15yr",,,,,"131365.01",,,,,,""
"2021-04-21","'3132QV3B5'","MBS","FHLMCGLD 4% 02/46","30yr",,,,,"131256.22",,,,,,""
"2021-04-21","'36176MGB3'","MBS","GNMA I MORTPASS 4% 10/41","30yr",,,,,"131195.56",,,,,,""
"2021-04-21","'3133LPSG3'","MBS","UMBS MORTPASS 3% 02/30","Other",,,,,"131153",,,,,,""
"2021-04-21","'3138LRZB1'","MBS","UMBS MORTPASS 3% 05/27","15yr",,,,,"131121.95",,,,,,""
"2021-04-21","'3138Y9NM6'","MBS","UMBS MORTPASS 2.5% 01/30","15yr",,,,,"131045.11",,,,,,""
"2021-04-21","'36297JXY5'","MBS","GNMA I MORTPASS 4% 07/39","30yr",,,,,"130985.1",,,,,,""
"2021-04-21","'36297KND9'","MBS","GNMA I MORTPASS 5% 03/39","30yr",,,,,"130901.21",,,,,,""
"2021-04-21","'31417DS53'","MBS","UMBS MORTPASS 2.5% 11/27","15yr",,,,,"130831.85",,,,,,""
"2021-04-21","'3132A9UD7'","MBS","UMBS MORTPASS 3.5% 12/32","15yr",,,,,"130822.31",,,,,,""
"2021-04-21","'36178L5P4'","MBS","GNMA I MORTPASS 3% 10/42","30yr",,,,,"130768.64",,,,,,""
"2021-04-21","'3132A9QF7'","MBS","UMBS MORTPASS 3% 02/30","15yr",,,,,"130750.21",,,,,,""
"2021-04-21","'3132MADD0'","MBS","FHLMCGLD 3.5% 11/44","30yr",,,,,"130669.41",,,,,,""
"2021-04-21","'3138ABJ67'","MBS","UMBS MORTPASS 4% 03/41","30yr",,,,,"130650.83",,,,,,""
"2021-04-21","'3138WVWX5'","MBS","UMBS MORTPASS 3% 06/28","15yr",,,,,"130632.95",,,,,,""
"2021-04-21","'3620AED49'","MBS","GNMA I MORTPASS 5% 02/40","30yr",,,,,"130622.62",,,,,,""
"2021-04-21","'3133AA6C1'","MBS","UMBS MORTPASS 2% 10/50","30yr",,,,,"130607.17",,,,,,""
"2021-04-21","'31307BZE3'","MBS","FHLMCGLD 3% 04/28","15yr",,,,,"130560.08",,,,,,""
"2021-04-21","'3138EEY29'","MBS","UMBS MORTPASS 3% 04/27","15yr",,,,,"130512.28",,,,,,""
"2021-04-21","'3132WKJW9'","MBS","FHLMCGLD 3% 01/47","30yr",,,,,"130453.14",,,,,,""
"2021-04-21","'3131X9PW8'","MBS","UMBS MORTPASS 2% 07/23","Other",,,,,"130352.69",,,,,,""
"2021-04-21","'31307ALB6'","MBS","FHLMCGLD 3.5% 01/28","15yr",,,,,"130330.66",,,,,,""
"2021-04-21","'3132GJJK6'","MBS","FHLMCGLD 4% 09/41","30yr",,,,,"130316.56",,,,,,""
"2021-04-21","'36177TAC1'","MBS","GNMA I 3.5% 03/42","30yr",,,,,"130251.1",,,,,,""
"2021-04-21","'3140X42Q8'","MBS","UMBS MORTPASS 2.5% 03/29","15yr",,,,,"130230.19",,,,,,""
"2021-04-21","'3138WGER1'","MBS","UMBS MORTPASS 3% 12/30","15yr",,,,,"130189.76",,,,,,""
"2021-04-21","'31407EH30'","MBS","UMBS MORTPASS 5% 07/35","30yr",,,,,"130185.25",,,,,,""
"2021-04-21","'36241L6P6'","MBS","GNMA II 4.5% 05/41","30yr",,,,,"130161.23",,,,,,""
"2021-04-21","'3138E0R92'","MBS","UMBS MORTPASS 2.5% 12/26","15yr",,,,,"130152.67",,,,,,""
"2021-04-21","'3620A0B74'","MBS","GNMA I MORTPASS 5% 09/39","30yr",,,,,"130079.96",,,,,,""
"2021-04-21","'3128PQVP3'","MBS","FHLMCGLD 4.5% 01/25","15yr",,,,,"130065.13",,,,,,""
"2021-04-21","'31417GSA5'","MBS","UMBS MORTPASS 3.5% 05/43","30yr",,,,,"130025.9",,,,,,""
"2021-04-21","'3140JMLW0'","MBS","UMBS MORTPASS 3.5% 03/34","15yr",,,,,"129986.72",,,,,,""
"2021-04-21","'36212WQZ3'","MBS","GNMA I MORTPASS 5% 03/40","30yr",,,,,"129925.47",,,,,,""
"2021-04-21","'36296PU58'","MBS","GNMA I 4.5% 05/39","30yr",,,,,"129918.02",,,,,,""
"2021-04-21","'3140KDBR0'","MBS","UMBS MORTPASS 2.5% 06/50","30yr",,,,,"129889.98",,,,,,""
"2021-04-21","'3133G9RD3'","MBS","UMBS MORTPASS 2% 08/35","15yr",,,,,"129888.88",,,,,,""
"2021-04-21","'3138A3UB1'","MBS","UMBS MORTPASS 3% 01/26","15yr",,,,,"129861.66",,,,,,""
"2021-04-21","'3132WHWQ4'","MBS","FHLMCGLD 4.5% 08/46","30yr",,,,,"129855.62",,,,,,""
"2021-04-21","'31306YX22'","MBS","FHLMCGLD 3% 12/27","15yr",,,,,"129845.5",,,,,,""
"2021-04-21","'36297C6V6'","MBS","GNMA I MORTPASS 5% 03/39","30yr",,,,,"129688.03",,,,,,""
"2021-04-21","'3131XAPX3'","MBS","UMBS MORTPASS 3% 07/24","Other",,,,,"129565.53",,,,,,""
"2021-04-21","'3140JQQE6'","MBS","UMBS MORTPASS 3% 07/49","30yr",,,,,"129546.83",,,,,,""
"2021-04-21","'31417Y6B8'","MBS","UMBS MORTPASS 3% 10/21","Other",,,,,"129445.87",,,,,,""
"2021-04-21","'3138M9VB4'","MBS","UMBS MORTPASS 2% 01/28","15yr",,,,,"129432.25",,,,,,""
"2021-04-21","'36297FAT9'","MBS","GNMA I 4.5% 05/39","30yr",,,,,"129384.49",,,,,,""
"2021-04-21","'3140X4ZK5'","MBS","UMBS MORTPASS 3% 04/32","15yr",,,,,"129373.84",,,,,,""
"2021-04-21","'3138M56Y0'","MBS","UMBS MORTPASS 2.5% 09/27","15yr",,,,,"129368.29",,,,,,""
"2021-04-21","'31417HDD3'","MBS","UMBS MORTPASS 2% 07/28","15yr",,,,,"129350.33",,,,,,""
"2021-04-21","'31415PCC0'","MBS","UMBS MORTPASS 5% 06/38","30yr",,,,,"129315.55",,,,,,""
"2021-04-21","'3138YKSJ3'","MBS","UMBS MORTPASS 3% 05/30","15yr",,,,,"129304.75",,,,,,""
"2021-04-21","'3620AD5F5'","MBS","GNMA I MORTPASS 5% 11/39","30yr",,,,,"129302.64",,,,,,""
"2021-04-21","'3138LYCP0'","MBS","UMBS MORTPASS 3% 07/27","15yr",,,,,"129288.7",,,,,,""
"2021-04-21","'3620AJC56'","MBS","GNMA I MORTPASS 5% 01/40","30yr",,,,,"129258.58",,,,,,""
"2021-04-21","'3138Y1GT6'","MBS","UMBS MORTPASS 3% 08/44","30yr",,,,,"129123.13",,,,,,""
"2021-04-21","'3620A4ZX3'","MBS","GNMA I MORTPASS 5% 11/39","30yr",,,,,"129088.04",,,,,,""
"2021-04-21","'3620C0FZ6'","MBS","GNMA I MORTPASS 4% 07/41","30yr",,,,,"129055.27",,,,,,""
"2021-04-21","'31292KSF5'","MBS","FHLMCGLD 6% 05/38","30yr",,,,,"128978.41",,,,,,""
"2021-04-21","'3138WBJZ9'","MBS","UMBS MORTPASS 3% 03/29","15yr",,,,,"128866.03",,,,,,""
"2021-04-21","'36180DM20'","MBS","GNMA I 3.5% 02/43","30yr",,,,,"128851.03",,,,,,""
"2021-04-21","'36297ADY6'","MBS","GNMA I MORTPASS 5% 08/39","30yr",,,,,"128763.14",,,,,,""
"2021-04-21","'3138WV5J6'","MBS","UMBS MORTPASS 2% 07/23","Other",,,,,"128727.37",,,,,,""
"2021-04-21","'36295U3X7'","MBS","GNMA I 4.5% 07/39","30yr",,,,,"128597.21",,,,,,""
"2021-04-21","'3620A24S2'","MBS","GNMA I 3.5% 01/42","30yr",,,,,"128557.07",,,,,,""
"2021-04-21","'36180DFH5'","MBS","GNMA I MORTPASS 4% 10/43","30yr",,,,,"128471.95",,,,,,""
"2021-04-21","'3131Y2NA2'","MBS","UMBS MORTPASS 4% 08/48","30yr",,,,,"128461.29",,,,,,""
"2021-04-21","'36230MKB2'","MBS","GNMA I MORTPASS 4% 08/41","30yr",,,,,"128383.62",,,,,,""
"2021-04-21","'312932W44'","MBS","FHLMCGLD 5.5% 05/39","30yr",,,,,"128331.32",,,,,,""
"2021-04-21","'3132A7XP1'","MBS","UMBS MORTPASS 2.5% 05/24","Other",,,,,"128300.96",,,,,,""
"2021-04-21","'36297FLV2'","MBS","GNMA I MORTPASS 5% 11/39","30yr",,,,,"128291.09",,,,,,""
"2021-04-21","'36296UJL5'","MBS","GNMA I 4.5% 04/39","30yr",,,,,"128287.31",,,,,,""
"2021-04-21","'3132A7UB5'","MBS","UMBS MORTPASS 2.5% 12/28","15yr",,,,,"128234.25",,,,,,""
"2021-04-21","'3138ABF87'","MBS","UMBS MORTPASS 4% 05/41","30yr",,,,,"128228.63",,,,,,""
"2021-04-21","'31418CUG7'","MBS","UMBS MORTPASS 2.5% 02/33","15yr",,,,,"128172.68",,,,,,""
"2021-04-21","'3620A6FH5'","MBS","GNMA I MORTPASS 5% 07/39","30yr",,,,,"128136.41",,,,,,""
"2021-04-21","'3131Y0PN6'","MBS","UMBS MORTPASS 3.5% 03/48","30yr",,,,,"128127.36",,,,,,""
"2021-04-21","'3140FGGU7'","MBS","UMBS MORTPASS 3% 11/31","15yr",,,,,"128118.17",,,,,,""
"2021-04-21","'3138WUTA1'","MBS","UMBS MORTPASS 3% 12/28","15yr",,,,,"128074.38",,,,,,""
"2021-04-21","'31414FYC9'","MBS","UMBS MORTPASS 4.5% 09/38","30yr",,,,,"128067.02",,,,,,""
"2021-04-21","'3138XYYR9'","MBS","UMBS MORTPASS 3% 12/44","30yr",,,,,"127939.63",,,,,,""
"2021-04-21","'3140H5TL5'","MBS","UMBS MORTPASS 3.5% 05/48","30yr",,,,,"127806.8",,,,,,""
"2021-04-21","'3138XJNS2'","MBS","UMBS MORTPASS 4.5% 01/44","30yr",,,,,"127781.26",,,,,,""
"2021-04-21","'312939FK2'","MBS","FHLMCGLD 5.5% 02/40","30yr",,,,,"127781.16",,,,,,""
"2021-04-21","'3620A9YE5'","MBS","GNMA I 4.5% 12/39","30yr",,,,,"127747.96",,,,,,""
"2021-04-21","'3138XBKL7'","MBS","UMBS MORTPASS 3% 11/28","15yr",,,,,"127727.08",,,,,,""
"2021-04-21","'3138WDLQ2'","MBS","UMBS MORTPASS 3% 12/29","15yr",,,,,"127726.36",,,,,,""
"2021-04-21","'31415YMJ5'","MBS","UMBS MORTPASS 5.5% 01/39","30yr",,,,,"127706.32",,,,,,""
"2021-04-21","'31296LZP9'","MBS","FHLMCGLD 4.5% 08/33","30yr",,,,,"127677.62",,,,,,""
"2021-04-21","'3132GF6Z5'","MBS","FHLMCGLD 4% 08/41","30yr",,,,,"127651.9",,,,,,""
"2021-04-21","'3133A64E8'","MBS","UMBS MORTPASS 2.5% 07/50","30yr",,,,,"127557.33",,,,,,""
"2021-04-21","'3140FD2F2'","MBS","UMBS MORTPASS 3% 01/32","15yr",,,,,"127549.07",,,,,,""
"2021-04-21","'3620A7BS3'","MBS","GNMA I MORTPASS 5% 12/39","30yr",,,,,"127508.23",,,,,,""
"2021-04-21","'3138WFM94'","MBS","UMBS MORTPASS 2.5% 09/30","15yr",,,,,"127415.62",,,,,,""
"2021-04-21","'36291UPH2'","MBS","GNMA I 4.5% 06/39","30yr",,,,,"127320.57",,,,,,""
"2021-04-21","'36296WSR8'","MBS","GNMA I 4.5% 06/39","30yr",,,,,"127276.88",,,,,,""
"2021-04-21","'36296TD75'","MBS","GNMA I 4.5% 03/39","30yr",,,,,"127256.49",,,,,,""
"2021-04-21","'3131X9MT8'","MBS","UMBS MORTPASS 2.5% 07/23","Other",,,,,"127207.86",,,,,,""
"2021-04-21","'3140FS3Z4'","MBS","UMBS MORTPASS 4.5% 01/47","30yr",,,,,"127199.8",,,,,,""
"2021-04-21","'3620A5XJ3'","MBS","GNMA I 4.5% 08/39","30yr",,,,,"127197.83",,,,,,""
"2021-04-21","'3140ECTM1'","MBS","UMBS MORTPASS 3% 07/31","15yr",,,,,"127138.54",,,,,,""
"2021-04-21","'3132QN6D6'","MBS","FHLMCGLD 3% 04/45","30yr",,,,,"127124.01",,,,,,""
"2021-04-21","'3138W1UJ4'","MBS","UMBS MORTPASS 3% 02/28","15yr",,,,,"127107.36",,,,,,""
"2021-04-21","'31416QQ24'","MBS","UMBS MORTPASS 6% 07/39","30yr",,,,,"126947.38",,,,,,""
"2021-04-21","'3138XTZ73'","MBS","UMBS MORTPASS 3% 05/29","15yr",,,,,"126892.19",,,,,,""
"2021-04-21","'3620ANDX5'","MBS","GNMA I MORTPASS 4% 06/40","30yr",,,,,"126884.91",,,,,,""
"2021-04-21","'3620AD6E7'","MBS","GNMA I 4.5% 12/39","30yr",,,,,"126882.33",,,,,,""
"2021-04-21","'36296V7J1'","MBS","GNMA I 4.5% 04/39","30yr",,,,,"126856.77",,,,,,""
"2021-04-21","'36297JCJ1'","MBS","GNMA I MORTPASS 5% 04/39","30yr",,,,,"126847.68",,,,,,""
"2021-04-21","'36179FKK0'","MBS","GNMA I 3.5% 05/43","30yr",,,,,"126766.7",,,,,,""
"2021-04-21","'3138XEVC9'","MBS","UMBS MORTPASS 4.5% 01/44","30yr",,,,,"126650.21",,,,,,""
"2021-04-21","'3140JGWB7'","MBS","UMBS MORTPASS 4% 09/48","30yr",,,,,"126620.16",,,,,,""
"2021-04-21","'3140EYCH2'","MBS","UMBS MORTPASS 3% 02/31","15yr",,,,,"126536.32",,,,,,""
"2021-04-21","'31329MKX7'","MBS","UMBS MORTPASS 3% 04/32","15yr",,,,,"126508.66",,,,,,""
"2021-04-21","'3138ERQ94'","MBS","UMBS MORTPASS 3% 06/31","15yr",,,,,"126500.99",,,,,,""
"2021-04-21","'3620ABL46'","MBS","GNMA I 4.5% 01/40","30yr",,,,,"126490.3",,,,,,""
"2021-04-21","'3131X7AT5'","MBS","UMBS MORTPASS 3% 10/26","15yr",,,,,"126413.24",,,,,,""
"2021-04-21","'3140JQZ22'","MBS","UMBS MORTPASS 3.5% 03/49","30yr",,,,,"126381.32",,,,,,""
"2021-04-21","'3138E2FK6'","MBS","UMBS MORTPASS 4% 01/42","30yr",,,,,"126327.53",,,,,,""
"2021-04-21","'36179BBD5'","MBS","GNMA I MORTPASS 3% 03/43","30yr",,,,,"126325.08",,,,,,""
"2021-04-21","'31307P4F3'","MBS","FHLMCGLD 2.5% 01/31","15yr",,,,,"126239.23",,,,,,""
"2021-04-21","'31329MFA3'","MBS","UMBS MORTPASS 2% 12/29","15yr",,,,,"126227.03",,,,,,""
"2021-04-21","'3620A3JJ4'","MBS","GNMA I MORTPASS 5% 11/39","30yr",,,,,"126225.63",,,,,,""
"2021-04-21","'31334YTG2'","MBS","UMBS MORTPASS 3.5% 09/49","30yr",,,,,"126162.13",,,,,,""
"2021-04-21","'3138XUBQ4'","MBS","UMBS MORTPASS 3% 05/29","15yr",,,,,"126162.11",,,,,,""
"2021-04-21","'31419ANG8'","MBS","UMBS MORTPASS 4% 09/25","15yr",,,,,"126120.79",,,,,,""
"2021-04-21","'3138EQKS0'","MBS","UMBS MORTPASS 3.5% 11/30","15yr",,,,,"125947.64",,,,,,""
"2021-04-21","'31419GCW2'","MBS","UMBS MORTPASS 3.5% 10/25","15yr",,,,,"125853.23",,,,,,""
"2021-04-21","'3140F1WL2'","MBS","UMBS MORTPASS 3% 06/31","15yr",,,,,"125799.68",,,,,,""
"2021-04-21","'3140JRKB6'","MBS","UMBS MORTPASS 3.5% 05/49","30yr",,,,,"125791.58",,,,,,""
"2021-04-21","'3138EK6Y6'","MBS","UMBS MORTPASS 3% 03/28","15yr",,,,,"125780",,,,,,""
"2021-04-21","'3128PQ2S9'","MBS","FHLMCGLD 4.5% 02/25","15yr",,,,,"125700.98",,,,,,""
"2021-04-21","'3138LSFH8'","MBS","UMBS MORTPASS 3% 06/27","15yr",,,,,"125644.43",,,,,,""
"2021-04-21","'3128P7S61'","MBS","FHLMCGLD 3% 04/32","Other",,,,,"125528.07",,,,,,""
"2021-04-21","'36176E6A4'","MBS","GNMA I 3.5% 12/41","30yr",,,,,"125435.72",,,,,,""
"2021-04-21","'3129367L5'","MBS","FHLMCGLD 4.5% 11/39","30yr",,,,,"125431.3",,,,,,""
"2021-04-21","'3132A5GP4'","MBS","UMBS MORTPASS 3% 03/47","30yr",,,,,"125407.34",,,,,,""
"2021-04-21","'3128MMUH4'","MBS","FHLMCGLD 3.5% 01/31","15yr",,,,,"125378.15",,,,,,""
"2021-04-21","'3132GKZQ2'","MBS","FHLMCGLD 4% 11/41","30yr",,,,,"125345.53",,,,,,""
"2021-04-21","'31418ATM0'","MBS","UMBS MORTPASS 3.5% 05/23","Other",,,,,"125293.28",,,,,,""
"2021-04-21","'3132A5HW8'","MBS","UMBS MORTPASS 4.5% 11/47","30yr",,,,,"125192.12",,,,,,""
"2021-04-21","'3138Y9BK3'","MBS","UMBS MORTPASS 3.5% 11/29","15yr",,,,,"125132.46",,,,,,""
"2021-04-21","'3620A2WH5'","MBS","GNMA I 4.5% 05/39","30yr",,,,,"125117.8",,,,,,""
"2021-04-21","'36177P6C4'","MBS","GNMA I MORTPASS 4% 01/42","30yr",,,,,"125032.29",,,,,,""
"2021-04-21","'3620A7KR5'","MBS","GNMA I MORTPASS 5% 08/39","30yr",,,,,"125028.69",,,,,,""
"2021-04-21","'3140EU7C7'","MBS","UMBS MORTPASS 3.5% 05/46","30yr",,,,,"125002.87",,,,,,""
"2021-04-21","'3131XB6V6'","MBS","UMBS MORTPASS 3% 06/31","15yr",,,,,"124987.28",,,,,,""
"2021-04-21","'36230SM35'","MBS","GNMA I MORTPASS 4% 03/41","30yr",,,,,"124979.84",,,,,,""
"2021-04-21","'3138XQDM0'","MBS","UMBS MORTPASS 4% 05/44","30yr",,,,,"124941.23",,,,,,""
"2021-04-21","'3138MQN41'","MBS","UMBS MORTPASS 4% 12/42","30yr",,,,,"124884.26",,,,,,""
"2021-04-21","'36177UFA7'","MBS","GNMA I 3.5% 09/42","30yr",,,,,"124875.91",,,,,,""
"2021-04-21","'3138WTKB1'","MBS","UMBS MORTPASS 2% 06/28","15yr",,,,,"124835.4",,,,,,""
"2021-04-21","'31417JU24'","MBS","UMBS MORTPASS 4.5% 12/24","15yr",,,,,"124759.91",,,,,,""
"2021-04-21","'3620AGUN3'","MBS","GNMA I 4.5% 01/40","30yr",,,,,"124750.35",,,,,,""
"2021-04-21","'3132A8ZM4'","MBS","UMBS MORTPASS 3% 01/28","Other",,,,,"124642.67",,,,,,""
"2021-04-21","'3138X9YM5'","MBS","UMBS MORTPASS 3.5% 06/29","15yr",,,,,"124636.06",,,,,,""
"2021-04-21","'3620ASGY9'","MBS","GNMA I MORTPASS 4% 05/41","30yr",,,,,"124563.25",,,,,,""
"2021-04-21","'3138X7AH6'","MBS","UMBS MORTPASS 3.5% 09/28","15yr",,,,,"124534.8",,,,,,""
"2021-04-21","'36296YZK1'","MBS","GNMA I 4.5% 08/39","30yr",,,,,"124469.98",,,,,,""
"2021-04-21","'3131X7R83'","MBS","UMBS MORTPASS 3% 05/27","15yr",,,,,"124318.99",,,,,,""
"2021-04-21","'3620A7Q99'","MBS","GNMA I MORTPASS 5% 12/39","30yr",,,,,"124309.71",,,,,,""
"2021-04-21","'3620AMV33'","MBS","GNMA I MORTPASS 4% 02/41","30yr",,,,,"124300.88",,,,,,""
"2021-04-21","'31418BQX7'","MBS","UMBS MORTPASS 2% 04/25","Other",,,,,"124122.83",,,,,,""
"2021-04-21","'3131XUTJ6'","MBS","UMBS MORTPASS 4% 07/46","30yr",,,,,"124065.06",,,,,,""
"2021-04-21","'3131X7GF9'","MBS","UMBS MORTPASS 3% 01/27","15yr",,,,,"123990.68",,,,,,""
"2021-04-21","'3140Q8VC6'","MBS","UMBS MORTPASS 3.5% 04/48","30yr",,,,,"123877.43",,,,,,""
"2021-04-21","'3138EQ6P2'","MBS","UMBS MORTPASS 3.5% 12/29","15yr",,,,,"123876.1",,,,,,""
"2021-04-21","'3132A7ML2'","MBS","UMBS MORTPASS 3% 02/23","Other",,,,,"123819.64",,,,,,""
"2021-04-21","'36230TFS6'","MBS","GNMA I 3.5% 04/41","30yr",,,,,"123798.03",,,,,,""
"2021-04-21","'36296LMW7'","MBS","GNMA I 4.5% 03/39","30yr",,,,,"123795.76",,,,,,""
"2021-04-21","'36295RW46'","MBS","GNMA I 4.5% 01/40","30yr",,,,,"123683.52",,,,,,""
"2021-04-21","'36176UQT5'","MBS","GNMA I MORTPASS 4% 03/42","30yr",,,,,"123634.04",,,,,,""
"2021-04-21","'3140E15Y5'","MBS","UMBS MORTPASS 3% 09/30","15yr",,,,,"123520.13",,,,,,""
"2021-04-21","'36210ECY3'","MBS","GNMA I 3.5% 11/41","30yr",,,,,"123468.57",,,,,,""
"2021-04-21","'3131X65K2'","MBS","UMBS MORTPASS 3% 09/21","Other",,,,,"123463.72",,,,,,""
"2021-04-21","'36177WQD5'","MBS","GNMA I 3.5% 05/42","30yr",,,,,"123423.35",,,,,,""
"2021-04-21","'3140HN3C4'","MBS","UMBS MORTPASS 4% 10/48","30yr",,,,,"123246.48",,,,,,""
"2021-04-21","'36230PEC0'","MBS","GNMA I 3.5% 03/42","30yr",,,,,"123199.05",,,,,,""
"2021-04-21","'3140HNHK1'","MBS","UMBS MORTPASS 2.5% 08/28","Other",,,,,"123176.52",,,,,,""
"2021-04-21","'3620ABK39'","MBS","GNMA I 4.5% 01/40","30yr",,,,,"123125.98",,,,,,""
"2021-04-21","'31417N5N7'","MBS","UMBS MORTPASS 6% 10/39","30yr",,,,,"123067.45",,,,,,""
"2021-04-21","'3131Y2QG6'","MBS","UMBS MORTPASS 4.5% 08/48","30yr",,,,,"123052.27",,,,,,""
"2021-04-21","'31329QY47'","MBS","UMBS MORTPASS 4.5% 05/49","30yr",,,,,"123023.4",,,,,,""
"2021-04-21","'3133KGN95'","MBS","UMBS MORTPASS 4.5% 04/49","30yr",,,,,"122974.37",,,,,,""
"2021-04-21","'3132WJBZ3'","MBS","FHLMCGLD 4.5% 11/46","30yr",,,,,"122965.35",,,,,,""
"2021-04-21","'3620A7F34'","MBS","GNMA I 4.5% 08/39","30yr",,,,,"122963.62",,,,,,""
"2021-04-21","'3138MKLQ7'","MBS","UMBS MORTPASS 2.5% 04/28","15yr",,,,,"122930.02",,,,,,""
"2021-04-21","'3140K3KS0'","MBS","UMBS MORTPASS 3% 01/50","30yr",,,,,"122924.93",,,,,,""
"2021-04-21","'3138WJKD9'","MBS","UMBS MORTPASS 2.5% 11/31","15yr",,,,,"122864.01",,,,,,""
"2021-04-21","'31417JUC2'","MBS","UMBS MORTPASS 4% 11/24","15yr",,,,,"122816.78",,,,,,""
"2021-04-21","'31417G5R3'","MBS","UMBS MORTPASS 3.5% 07/28","15yr",,,,,"122779.98",,,,,,""
"2021-04-21","'3131X8DD5'","MBS","UMBS MORTPASS 2.5% 11/27","15yr",,,,,"122722.25",,,,,,""
"2021-04-21","'3131X8FY7'","MBS","UMBS MORTPASS 3% 11/27","15yr",,,,,"122640.72",,,,,,""
"2021-04-21","'3138X15S1'","MBS","UMBS MORTPASS 3% 09/28","15yr",,,,,"122609.27",,,,,,""
"2021-04-21","'31307EPV0'","MBS","FHLMCGLD 3.5% 09/28","15yr",,,,,"122539.11",,,,,,""
"2021-04-21","'31307GR27'","MBS","FHLMCGLD 3.5% 03/29","15yr",,,,,"122533.6",,,,,,""
"2021-04-21","'36297KMF5'","MBS","GNMA I 4.5% 05/39","30yr",,,,,"122513.68",,,,,,""
"2021-04-21","'3140FRQJ7'","MBS","UMBS MORTPASS 4.5% 01/47","30yr",,,,,"122485.7",,,,,,""
"2021-04-21","'3132A9S40'","MBS","UMBS MORTPASS 2% 01/32","15yr",,,,,"122474.47",,,,,,""
"2021-04-21","'36297KZR5'","MBS","GNMA I 4.5% 06/39","30yr",,,,,"122473.89",,,,,,""
"2021-04-21","'36297EN43'","MBS","GNMA I MORTPASS 4% 05/39","30yr",,,,,"122448.14",,,,,,""
"2021-04-21","'3138YKY80'","MBS","UMBS MORTPASS 2.5% 12/28","15yr",,,,,"122405.85",,,,,,""
"2021-04-21","'3131X8U95'","MBS","UMBS MORTPASS 2.5% 03/28","15yr",,,,,"122355.94",,,,,,""
"2021-04-21","'3128PMPX2'","MBS","FHLMCGLD 4% 04/24","15yr",,,,,"122330.42",,,,,,""
"2021-04-21","'3132M8BA3'","MBS","FHLMCGLD 4% 07/39","30yr",,,,,"122230.56",,,,,,""
"2021-04-21","'36296Q7M5'","MBS","GNMA I 4.5% 08/39","30yr",,,,,"122218.75",,,,,,""
"2021-04-21","'3620AB5D4'","MBS","GNMA I MORTPASS 5% 12/39","30yr",,,,,"122197.18",,,,,,""
"2021-04-21","'36296JPW9'","MBS","GNMA I 4.5% 06/39","30yr",,,,,"122177.69",,,,,,""
"2021-04-21","'3138AWL43'","MBS","UMBS MORTPASS 3% 11/26","15yr",,,,,"122016.74",,,,,,""
"2021-04-21","'31416XEG1'","MBS","UMBS MORTPASS 3% 12/25","15yr",,,,,"121953.87",,,,,,""
"2021-04-21","'3138YYJ46'","MBS","UMBS MORTPASS 3.5% 10/45","30yr",,,,,"121825.93",,,,,,""
"2021-04-21","'3138W42Z3'","MBS","UMBS MORTPASS 2.5% 04/28","15yr",,,,,"121804.68",,,,,,""
"2021-04-21","'3132A9LY1'","MBS","UMBS MORTPASS 3% 09/26","15yr",,,,,"121771.51",,,,,,""
"2021-04-21","'3620A7BN4'","MBS","GNMA I 4.5% 12/39","30yr",,,,,"121678.64",,,,,,""
"2021-04-21","'3138AXFV8'","MBS","UMBS MORTPASS 3% 01/27","15yr",,,,,"121584.23",,,,,,""
"2021-04-21","'3133LPR66'","MBS","UMBS MORTPASS 2.5% 10/29","Other",,,,,"121574.43",,,,,,""
"2021-04-21","'3138EA3L9'","MBS","UMBS MORTPASS 3% 03/27","15yr",,,,,"121430.76",,,,,,""
"2021-04-21","'36176UFE0'","MBS","GNMA I 3.5% 12/41","30yr",,,,,"121421.64",,,,,,""
"2021-04-21","'31417DRD7'","MBS","UMBS MORTPASS 2.5% 11/27","15yr",,,,,"121412.57",,,,,,""
"2021-04-21","'36178Q4Z2'","MBS","GNMA I MORTPASS 3% 12/42","30yr",,,,,"121391.66",,,,,,""
"2021-04-21","'3138YJZD1'","MBS","UMBS MORTPASS 4% 03/45","30yr",,,,,"121386.78",,,,,,""
"2021-04-21","'31412UAK6'","MBS","UMBS MORTPASS 4.5% 03/24","15yr",,,,,"121357.32",,,,,,""
"2021-04-21","'3138MD2H4'","MBS","UMBS MORTPASS 3% 10/27","15yr",,,,,"121319.5",,,,,,""
"2021-04-21","'3138ETQP4'","MBS","UMBS MORTPASS 3.5% 06/31","15yr",,,,,"121315.68",,,,,,""
"2021-04-21","'3138XBK45'","MBS","UMBS MORTPASS 2.5% 11/28","15yr",,,,,"121262.49",,,,,,""
"2021-04-21","'3140H7L47'","MBS","UMBS MORTPASS 4% 05/48","30yr",,,,,"121225.83",,,,,,""
"2021-04-21","'3140Q7HS9'","MBS","UMBS MORTPASS 3.5% 08/47","30yr",,,,,"121097.47",,,,,,""
"2021-04-21","'31418BBD7'","MBS","UMBS MORTPASS 3.5% 03/24","Other",,,,,"121031.04",,,,,,""
"2021-04-21","'3131YCU46'","MBS","UMBS MORTPASS 2.5% 05/34","15yr",,,,,"120965.86",,,,,,""
"2021-04-21","'3620AGR23'","MBS","GNMA I MORTPASS 5% 03/40","30yr",,,,,"120945.38",,,,,,""
"2021-04-21","'3138M8H48'","MBS","UMBS MORTPASS 3.5% 08/27","15yr",,,,,"120898.79",,,,,,""
"2021-04-21","'36210BYQ2'","MBS","GNMA I MORTPASS 5% 03/39","30yr",,,,,"120790.5",,,,,,""
"2021-04-21","'3138WJFL7'","MBS","UMBS MORTPASS 2.5% 11/46","30yr",,,,,"120784.8",,,,,,""
"2021-04-21","'36177NFP0'","MBS","GNMA I MORTPASS 4% 01/42","30yr",,,,,"120773.44",,,,,,""
"2021-04-21","'3138MFPY7'","MBS","UMBS MORTPASS 3% 10/27","15yr",,,,,"120648.78",,,,,,""
"2021-04-21","'36297HVE5'","MBS","GNMA I 4.5% 07/39","30yr",,,,,"120590.19",,,,,,""
"2021-04-21","'31417UCH6'","MBS","UMBS MORTPASS 4.5% 11/39","30yr",,,,,"120507.52",,,,,,""
"2021-04-21","'31416QAX3'","MBS","UMBS MORTPASS 6% 04/39","30yr",,,,,"120503.65",,,,,,""
"2021-04-21","'36297FBW1'","MBS","GNMA I 4.5% 06/39","30yr",,,,,"120498.99",,,,,,""
"2021-04-21","'3131X7UH9'","MBS","UMBS MORTPASS 2.5% 06/27","15yr",,,,,"120476.88",,,,,,""
"2021-04-21","'31418DLR1'","MBS","UMBS MORTPASS 3.5% 02/40","Other",,,,,"120458.63",,,,,,""
"2021-04-21","'3132A83F4'","MBS","UMBS MORTPASS 3.5% 04/28","Other",,,,,"120429.96",,,,,,""
"2021-04-21","'3138W7D68'","MBS","UMBS MORTPASS 3% 03/28","15yr",,,,,"120415.31",,,,,,""
"2021-04-21","'3138MKHT6'","MBS","UMBS MORTPASS 3.5% 11/42","30yr",,,,,"120397.07",,,,,,""
"2021-04-21","'3620A56N4'","MBS","GNMA I 4.5% 06/39","30yr",,,,,"120327.86",,,,,,""
"2021-04-21","'31418DN99'","MBS","UMBS MORTPASS 2% 04/40","Other",,,,,"120238.33",,,,,,""
"2021-04-21","'3620A7DP7'","MBS","GNMA I 4.5% 01/40","30yr",,,,,"120235.22",,,,,,""
"2021-04-21","'3138EPE34'","MBS","UMBS MORTPASS 3.5% 10/29","15yr",,,,,"120154.99",,,,,,""
"2021-04-21","'3140JRN23'","MBS","UMBS MORTPASS 4% 04/49","30yr",,,,,"120132.76",,,,,,""
"2021-04-21","'3620A5WB1'","MBS","GNMA I MORTPASS 5% 11/39","30yr",,,,,"120087",,,,,,""
"2021-04-21","'3140X5DE0'","MBS","UMBS MORTPASS 2.5% 11/34","15yr",,,,,"120025.94",,,,,,""
"2021-04-21","'36176LVZ5'","MBS","GNMA I MORTPASS 4% 11/41","30yr",,,,,"120007.75",,,,,,""
"2021-04-21","'31417GB21'","MBS","UMBS MORTPASS 3.5% 04/43","30yr",,,,,"119976.52",,,,,,""
"2021-04-21","'3138WGRK2'","MBS","UMBS MORTPASS 3.5% 03/46","30yr",,,,,"119930.39",,,,,,""
"2021-04-21","'36295WH42'","MBS","GNMA I MORTPASS 6% 12/38","30yr",,,,,"119845.54",,,,,,""
"2021-04-21","'3138YKW74'","MBS","UMBS MORTPASS 2.5% 05/30","15yr",,,,,"119804.76",,,,,,""
"2021-04-21","'31307T3T6'","MBS","FHLMCGLD 3% 06/32","15yr",,,,,"119674.55",,,,,,""
"2021-04-21","'3128PQVD0'","MBS","FHLMCGLD 4% 01/25","15yr",,,,,"119640.58",,,,,,""
"2021-04-21","'3620AEQA1'","MBS","GNMA I MORTPASS 5% 03/40","30yr",,,,,"119632.55",,,,,,""
"2021-04-21","'31307QZJ9'","MBS","FHLMCGLD 3% 05/31","15yr",,,,,"119566.97",,,,,,""
"2021-04-21","'31417FML9'","MBS","UMBS MORTPASS 2% 01/43","30yr",,,,,"119521.45",,,,,,""
"2021-04-21","'3140KFPW9'","MBS","UMBS MORTPASS 1.5% 11/35","15yr",,,,,"119513.23",,,,,,""
"2021-04-21","'36177XMD7'","MBS","GNMA I 3.5% 07/42","30yr",,,,,"119468.17",,,,,,""
"2021-04-21","'36297JG40'","MBS","GNMA I 4.5% 02/39","30yr",,,,,"119465.74",,,,,,""
"2021-04-21","'3128MD4M2'","MBS","FHLMCGLD 4% 07/27","15yr",,,,,"119415.26",,,,,,""
"2021-04-21","'36297G3U2'","MBS","GNMA I 4.5% 06/39","30yr",,,,,"119323.4",,,,,,""
"2021-04-21","'36230UHY8'","MBS","GNMA I MORTPASS 4% 03/41","30yr",,,,,"119297.7",,,,,,""
"2021-04-21","'31307DQZ2'","MBS","FHLMCGLD 3% 08/28","15yr",,,,,"119284.9",,,,,,""
"2021-04-21","'31329LFK3'","MBS","UMBS MORTPASS 3% 04/28","15yr",,,,,"119252.03",,,,,,""
"2021-04-21","'3138MD2D3'","MBS","UMBS MORTPASS 3% 10/27","15yr",,,,,"119168.05",,,,,,""
"2021-04-21","'36297DDF1'","MBS","GNMA I MORTPASS 5% 03/39","30yr",,,,,"119093.08",,,,,,""
"2021-04-21","'3138E8ZD7'","MBS","UMBS MORTPASS 3% 06/27","15yr",,,,,"119048.78",,,,,,""
"2021-04-21","'3131XDQV0'","MBS","UMBS MORTPASS 3.5% 05/28","Other",,,,,"119038.01",,,,,,""
"2021-04-21","'3620ABF84'","MBS","GNMA I MORTPASS 5% 11/39","30yr",,,,,"118973.47",,,,,,""
"2021-04-21","'31418CEP5'","MBS","UMBS MORTPASS 2.5% 12/36","Other",,,,,"118932.12",,,,,,""
"2021-04-21","'3132AAKK9'","MBS","UMBS MORTPASS 4% 05/36","Other",,,,,"118916.81",,,,,,""
"2021-04-21","'3140QEKP6'","MBS","UMBS MORTPASS 2.5% 08/50","30yr",,,,,"118902.54",,,,,,""
"2021-04-21","'36180ULL1'","MBS","GNMA I MORTPASS 3% 05/43","30yr",,,,,"118893.61",,,,,,""
"2021-04-21","'36180DE86'","MBS","GNMA I MORTPASS 4% 09/43","30yr",,,,,"118875.63",,,,,,""
"2021-04-21","'36176P3Q7'","MBS","GNMA I 3.5% 05/42","30yr",,,,,"118832.42",,,,,,""
"2021-04-21","'36296WD86'","MBS","GNMA I MORTPASS 5% 01/39","30yr",,,,,"118775.02",,,,,,""
"2021-04-21","'3140EUFY0'","MBS","UMBS MORTPASS 2.5% 01/31","15yr",,,,,"118696.97",,,,,,""
"2021-04-21","'36176H5Z3'","MBS","GNMA I 3.5% 06/43","30yr",,,,,"118678.24",,,,,,""
"2021-04-21","'3128MCBF1'","MBS","FHLMCGLD 4.5% 08/23","15yr",,,,,"118605.16",,,,,,""
"2021-04-21","'3138MHS38'","MBS","UMBS MORTPASS 2% 10/27","15yr",,,,,"118596.15",,,,,,""
"2021-04-21","'36202EBC2'","MBS","GNMA II 4.5% 11/34","30yr",,,,,"118430.95",,,,,,""
"2021-04-21","'36296QUY3'","MBS","GNMA I 4.5% 06/39","30yr",,,,,"118425.88",,,,,,""
"2021-04-21","'3128MMSA2'","MBS","FHLMCGLD 3% 05/29","15yr",,,,,"118404.37",,,,,,""
"2021-04-21","'3138LSZL7'","MBS","UMBS MORTPASS 3% 05/27","15yr",,,,,"118366.98",,,,,,""
"2021-04-21","'36178NBB4'","MBS","GNMA I MORTPASS 3% 08/42","30yr",,,,,"118356.34",,,,,,""
"2021-04-21","'31329K6C3'","MBS","UMBS MORTPASS 3% 10/26","15yr",,,,,"118351.5",,,,,,""
"2021-04-21","'31417DPP2'","MBS","UMBS MORTPASS 2% 10/22","Other",,,,,"118345.71",,,,,,""
"2021-04-21","'36176V2U6'","MBS","GNMA I MORTPASS 4% 11/41","30yr",,,,,"118341.93",,,,,,""
"2021-04-21","'3620AC6Q2'","MBS","GNMA I 4.5% 10/39","30yr",,,,,"118295.72",,,,,,""
"2021-04-21","'3133ADEV4'","MBS","UMBS MORTPASS 2% 12/50","30yr",,,,,"118122.84",,,,,,""
"2021-04-21","'3131XYG86'","MBS","UMBS MORTPASS 3.5% 11/47","30yr",,,,,"118095.16",,,,,,""
"2021-04-21","'36297H4K1'","MBS","GNMA I MORTPASS 5% 05/39","30yr",,,,,"118006.63",,,,,,""
"2021-04-21","'36179VHT0'","MBS","GNMA II 3.5% 03/50","30yr",,,,,"117965.16",,,,,,""
"2021-04-21","'36296VWR5'","MBS","GNMA I MORTPASS 5% 12/38","30yr",,,,,"117956.36",,,,,,""
"2021-04-21","'3138WERM3'","MBS","UMBS MORTPASS 3.5% 05/45","30yr",,,,,"117916.46",,,,,,""
"2021-04-21","'36296XP99'","MBS","GNMA I 4.5% 09/39","30yr",,,,,"117835.39",,,,,,""
"2021-04-21","'3138WBKH7'","MBS","UMBS MORTPASS 3% 04/29","15yr",,,,,"117834.58",,,,,,""
"2021-04-21","'3138XR4S5'","MBS","UMBS MORTPASS 3.5% 07/29","15yr",,,,,"117798.44",,,,,,""
"2021-04-21","'36291UNP6'","MBS","GNMA I 4.5% 03/39","30yr",,,,,"117742.93",,,,,,""
"2021-04-21","'3140KKGL2'","MBS","UMBS MORTPASS 2.5% 08/50","30yr",,,,,"117740.06",,,,,,""
"2021-04-21","'3132VNKV4'","MBS","FHLMCGLD 3.5% 03/49","30yr",,,,,"117676.22",,,,,,""
"2021-04-21","'36291UNR2'","MBS","GNMA I MORTPASS 5% 04/39","30yr",,,,,"117674.55",,,,,,""
"2021-04-21","'3138MJMZ9'","MBS","UMBS MORTPASS 2.5% 10/27","15yr",,,,,"117660.69",,,,,,""
"2021-04-21","'3138LUQ57'","MBS","UMBS MORTPASS 3% 05/27","15yr",,,,,"117653.47",,,,,,""
"2021-04-21","'36296VFM5'","MBS","GNMA I 5.5% 01/39","30yr",,,,,"117635.4",,,,,,""
"2021-04-21","'31417SN55'","MBS","UMBS MORTPASS 4.5% 04/25","15yr",,,,,"117605.07",,,,,,""
"2021-04-21","'3132KFB84'","MBS","FHLMCGLD 3% 09/30","15yr",,,,,"117589.54",,,,,,""
"2021-04-21","'3132A7NB3'","MBS","UMBS MORTPASS 2% 04/23","Other",,,,,"117589.49",,,,,,""
"2021-04-21","'3140J75N1'","MBS","UMBS MORTPASS 2.5% 08/30","15yr",,,,,"117523.36",,,,,,""
"2021-04-21","'3140HDYC2'","MBS","UMBS MORTPASS 2.5% 02/35","15yr",,,,,"117437.44",,,,,,""
"2021-04-21","'36230SM50'","MBS","GNMA I MORTPASS 4% 03/41","30yr",,,,,"117430.36",,,,,,""
"2021-04-21","'36179D5C0'","MBS","GNMA I MORTPASS 3% 04/43","30yr",,,,,"117373.2",,,,,,""
"2021-04-21","'3620A1SP4'","MBS","GNMA I MORTPASS 5% 09/39","30yr",,,,,"117219.05",,,,,,""
"2021-04-21","'31418AHX9'","MBS","UMBS MORTPASS 3% 08/27","15yr",,,,,"117115.44",,,,,,""
"2021-04-21","'3131YBST6'","MBS","UMBS MORTPASS 4% 04/49","30yr",,,,,"117092.61",,,,,,""
"2021-04-21","'3138LUE76'","MBS","UMBS MORTPASS 3% 05/42","30yr",,,,,"117073",,,,,,""
"2021-04-21","'36295J6G6'","MBS","GNMA I MORTPASS 6% 11/37","30yr",,,,,"116937.01",,,,,,""
"2021-04-21","'3138EN3E7'","MBS","UMBS MORTPASS 3.5% 11/29","15yr",,,,,"116930.42",,,,,,""
"2021-04-21","'31418C3P7'","MBS","UMBS MORTPASS 3% 09/38","Other",,,,,"116929.37",,,,,,""
"2021-04-21","'36179EJ66'","MBS","GNMA I MORTPASS 3% 03/43","30yr",,,,,"116733.6",,,,,,""
"2021-04-21","'3133KJR20'","MBS","UMBS MORTPASS 2% 08/50","30yr",,,,,"116732.18",,,,,,""
"2021-04-21","'3138YARV9'","MBS","UMBS MORTPASS 3.5% 12/29","15yr",,,,,"116729.77",,,,,,""
"2021-04-21","'31416WES7'","MBS","UMBS MORTPASS 4% 05/25","15yr",,,,,"116705.31",,,,,,""
"2021-04-21","'3138EQAZ5'","MBS","UMBS MORTPASS 2.5% 11/28","15yr",,,,,"116308.09",,,,,,""
"2021-04-21","'3138YBX73'","MBS","UMBS MORTPASS 3% 07/30","15yr",,,,,"116194.6",,,,,,""
"2021-04-21","'31413U4A4'","MBS","UMBS MORTPASS 6.5% 10/37","30yr",,,,,"116193.19",,,,,,""
"2021-04-21","'3138X3CJ9'","MBS","UMBS MORTPASS 3.5% 07/43","30yr",,,,,"116112.32",,,,,,""
"2021-04-21","'3138A8D94'","MBS","UMBS MORTPASS 3.5% 02/26","15yr",,,,,"116020.41",,,,,,""
"2021-04-21","'3138WEUN7'","MBS","UMBS MORTPASS 2.5% 06/30","15yr",,,,,"116003.85",,,,,,""
"2021-04-21","'3140H5NG2'","MBS","UMBS MORTPASS 2.5% 02/33","15yr",,,,,"115997.47",,,,,,""
"2021-04-21","'36297KU82'","MBS","GNMA I 4.5% 04/39","30yr",,,,,"115965.39",,,,,,""
"2021-04-21","'3138XWYD4'","MBS","UMBS MORTPASS 4% 06/44","30yr",,,,,"115939.13",,,,,,""
"2021-04-21","'31418CS54'","MBS","UMBS MORTPASS 4% 01/48","30yr",,,,,"115802.1",,,,,,""
"2021-04-21","'36179HYT2'","MBS","GNMA I MORTPASS 3% 01/43","30yr",,,,,"115717.11",,,,,,""
"2021-04-21","'3133KHCR5'","MBS","UMBS MORTPASS 3.5% 12/49","30yr",,,,,"115668.44",,,,,,""
"2021-04-21","'36297DHP5'","MBS","GNMA I MORTPASS 5% 10/39","30yr",,,,,"115649.36",,,,,,""
"2021-04-21","'3140JM4J8'","MBS","UMBS MORTPASS 4% 03/49","30yr",,,,,"115584.97",,,,,,""
"2021-04-21","'3133ACKY3'","MBS","UMBS MORTPASS 2% 11/50","30yr",,,,,"115576.34",,,,,,""
"2021-04-21","'3128P7JL8'","MBS","FHLMCGLD 5% 04/28","Other",,,,,"115570.06",,,,,,""
"2021-04-21","'3138X6U78'","MBS","UMBS MORTPASS 3.5% 10/28","15yr",,,,,"115518.03",,,,,,""
"2021-04-21","'3138MCC85'","MBS","UMBS MORTPASS 3% 09/27","15yr",,,,,"115449.95",,,,,,""
"2021-04-21","'36230UCM9'","MBS","GNMA I MORTPASS 4% 01/41","30yr",,,,,"115444.09",,,,,,""
"2021-04-21","'3128M6DV7'","MBS","FHLMCGLD 6% 05/38","30yr",,,,,"115428.12",,,,,,""
"2021-04-21","'3620A23V6'","MBS","GNMA I MORTPASS 4% 11/41","30yr",,,,,"115343.45",,,,,,""
"2021-04-21","'3138E1HB6'","MBS","UMBS MORTPASS 3% 12/26","15yr",,,,,"115333.99",,,,,,""
"2021-04-21","'3138ABFV6'","MBS","UMBS MORTPASS 3% 04/26","15yr",,,,,"115295.44",,,,,,""
"2021-04-21","'3138WJF94'","MBS","UMBS MORTPASS 2% 11/31","15yr",,,,,"115268.06",,,,,,""
"2021-04-21","'36176AAU3'","MBS","GNMA I MORTPASS 4% 02/42","30yr",,,,,"115226.93",,,,,,""
"2021-04-21","'3140JN7B0'","MBS","UMBS MORTPASS 4% 04/49","30yr",,,,,"115111.41",,,,,,""
"2021-04-21","'3131Y9CA9'","MBS","UMBS MORTPASS 4.5% 01/49","30yr",,,,,"115087.62",,,,,,""
"2021-04-21","'3138AUQ59'","MBS","UMBS MORTPASS 3.5% 10/26","15yr",,,,,"115067.83",,,,,,""
"2021-04-21","'3128MJWL0'","MBS","FHLMCGLD 3.5% 06/45","30yr",,,,,"114986.28",,,,,,""
"2021-04-21","'3138AWVD2'","MBS","UMBS MORTPASS 3% 11/26","15yr",,,,,"114945.96",,,,,,""
"2021-04-21","'3138X34F6'","MBS","UMBS MORTPASS 2% 10/28","15yr",,,,,"114903.78",,,,,,""
"2021-04-21","'3132J7L59'","MBS","FHLMCGLD 3.5% 05/43","30yr",,,,,"114902.28",,,,,,""
"2021-04-21","'3138W2V93'","MBS","UMBS MORTPASS 3% 03/28","15yr",,,,,"114845.1",,,,,,""
"2021-04-21","'3138M6B22'","MBS","UMBS MORTPASS 3% 11/27","15yr",,,,,"114841.18",,,,,,""
"2021-04-21","'3138X14D5'","MBS","UMBS MORTPASS 2.5% 08/28","15yr",,,,,"114785.95",,,,,,""
"2021-04-21","'31418VEG3'","MBS","UMBS MORTPASS 5% 06/40","30yr",,,,,"114769.23",,,,,,""
"2021-04-21","'3140X8BN6'","MBS","UMBS MORTPASS 2% 10/50","30yr",,,,,"114743.44",,,,,,""
"2021-04-21","'3138Y8U24'","MBS","UMBS MORTPASS 3% 11/29","15yr",,,,,"114712.88",,,,,,""
"2021-04-21","'36297KVY4'","MBS","GNMA I 4.5% 06/39","30yr",,,,,"114611.2",,,,,,""
"2021-04-21","'31418ACW6'","MBS","UMBS MORTPASS 2.5% 02/22","Other",,,,,"114610.15",,,,,,""
"2021-04-21","'3140F5CS0'","MBS","UMBS MORTPASS 3.5% 12/46","30yr",,,,,"114599.53",,,,,,""
"2021-04-21","'3128MDNW9'","MBS","FHLMCGLD 3% 02/23","15yr",,,,,"114557.55",,,,,,""
"2021-04-21","'31418CZF4'","MBS","UMBS MORTPASS 4% 08/38","Other",,,,,"114542.61",,,,,,""
"2021-04-21","'3620A55Q8'","MBS","GNMA I 4.5% 06/39","30yr",,,,,"114541.14",,,,,,""
"2021-04-21","'31419H2G6'","MBS","UMBS MORTPASS 3.5% 12/25","15yr",,,,,"114523.82",,,,,,""
"2021-04-21","'36297FB35'","MBS","GNMA I 4.5% 06/39","30yr",,,,,"114515.35",,,,,,""
"2021-04-21","'3138E46Z9'","MBS","UMBS MORTPASS 3% 01/27","15yr",,,,,"114484.25",,,,,,""
"2021-04-21","'36297DCA3'","MBS","GNMA I MORTPASS 5% 03/39","30yr",,,,,"114397.64",,,,,,""
"2021-04-21","'312932GH3'","MBS","FHLMCGLD 6% 04/39","30yr",,,,,"114323.42",,,,,,""
"2021-04-21","'3132J62U7'","MBS","FHLMCGLD 3% 02/43","30yr",,,,,"114288.01",,,,,,""
"2021-04-21","'3138EGKP8'","MBS","UMBS MORTPASS 4% 06/26","15yr",,,,,"114284.51",,,,,,""
"2021-04-21","'36230MJL2'","MBS","GNMA I MORTPASS 4% 06/41","30yr",,,,,"114243.33",,,,,,""
"2021-04-21","'312936VU8'","MBS","FHLMCGLD 5.5% 11/39","30yr",,,,,"114238.32",,,,,,""
"2021-04-21","'36297DMR5'","MBS","GNMA I 4.5% 04/39","30yr",,,,,"114170.46",,,,,,""
"2021-04-21","'31418DV33'","MBS","UMBS MORTPASS 2.5% 01/41","Other",,,,,"114129.8",,,,,,""
"2021-04-21","'31371NNX9'","MBS","UMBS MORTPASS 5.5% 12/27","Other",,,,,"114127.11",,,,,,""
"2021-04-21","'3132A8FB0'","MBS","UMBS MORTPASS 2.5% 12/25","Other",,,,,"114118.13",,,,,,""
"2021-04-21","'36292FQY6'","MBS","GNMA I MORTPASS 5% 05/37","30yr",,,,,"114105.72",,,,,,""
"2021-04-21","'3138EMZT1'","MBS","UMBS MORTPASS 3% 06/28","15yr",,,,,"114092.12",,,,,,""
"2021-04-21","'3128LCND4'","MBS","FHLMCGLD 5.5% 06/38","30yr",,,,,"113995.44",,,,,,""
"2021-04-21","'3620ARUN9'","MBS","GNMA I 3.5% 12/40","30yr",,,,,"113969.59",,,,,,""
"2021-04-21","'3132A7Y96'","MBS","UMBS MORTPASS 3% 04/29","15yr",,,,,"113926.24",,,,,,""
"2021-04-21","'3620A7P66'","MBS","GNMA I 4.5% 11/39","30yr",,,,,"113842.25",,,,,,""
"2021-04-21","'31371PBE9'","MBS","UMBS MORTPASS 5.5% 01/29","Other",,,,,"113734.02",,,,,,""
"2021-04-21","'36176LY82'","MBS","GNMA I 3.5% 12/41","30yr",,,,,"113683.98",,,,,,""
"2021-04-21","'3128LDM92'","MBS","FHLMCGLD 5.5% 07/38","30yr",,,,,"113642.07",,,,,,""
"2021-04-21","'3128MCFB6'","MBS","FHLMCGLD 4.5% 05/24","15yr",,,,,"113639.14",,,,,,""
"2021-04-21","'3140HMP24'","MBS","UMBS MORTPASS 3.5% 09/33","15yr",,,,,"113598.92",,,,,,""
"2021-04-21","'31307UUY2'","MBS","FHLMCGLD 3.5% 10/32","15yr",,,,,"113525.79",,,,,,""
"2021-04-21","'3140J5QK8'","MBS","UMBS MORTPASS 4.5% 01/43","30yr",,,,,"113525.34",,,,,,""
"2021-04-21","'3132GLJ21'","MBS","FHLMCGLD 3.5% 12/41","30yr",,,,,"113511.73",,,,,,""
"2021-04-21","'36179BA38'","MBS","GNMA I MORTPASS 3% 03/43","30yr",,,,,"113490.23",,,,,,""
"2021-04-21","'3133KKAL3'","MBS","UMBS MORTPASS 2.5% 09/50","30yr",,,,,"113486.62",,,,,,""
"2021-04-21","'3128P74Q3'","MBS","FHLMCGLD 4% 11/33","Other",,,,,"113466.17",,,,,,""
"2021-04-21","'3620A8UA9'","MBS","GNMA I 4.5% 09/39","30yr",,,,,"113459.16",,,,,,""
"2021-04-21","'3138MKMN3'","MBS","UMBS MORTPASS 3.5% 09/28","15yr",,,,,"113391.39",,,,,,""
"2021-04-21","'31335ANJ3'","MBS","FHLMCGLD 3.5% 01/46","30yr",,,,,"113359.24",,,,,,""
"2021-04-21","'31418BHG4'","MBS","UMBS MORTPASS 2% 09/24","Other",,,,,"113353.51",,,,,,""
"2021-04-21","'36178B4M4'","MBS","GNMA I 3.5% 10/42","30yr",,,,,"113352.41",,,,,,""
"2021-04-21","'3620A7NS0'","MBS","GNMA I MORTPASS 5% 01/40","30yr",,,,,"113336.21",,,,,,""
"2021-04-21","'36296MAA6'","MBS","GNMA I 4.5% 02/39","30yr",,,,,"113330.76",,,,,,""
"2021-04-21","'3140K44W7'","MBS","UMBS MORTPASS 3% 01/50","30yr",,,,,"113318.9",,,,,,""
"2021-04-21","'3620ABKM7'","MBS","GNMA I 4.5% 01/40","30yr",,,,,"113262.53",,,,,,""
"2021-04-21","'3132A7Z79'","MBS","UMBS MORTPASS 2.5% 10/24","Other",,,,,"113260.61",,,,,,""
"2021-04-21","'3138EQNG3'","MBS","UMBS MORTPASS 3.5% 10/45","30yr",,,,,"113238.92",,,,,,""
"2021-04-21","'3140E2VU2'","MBS","UMBS MORTPASS 2.5% 08/30","15yr",,,,,"113216.32",,,,,,""
"2021-04-21","'36180BDN8'","MBS","GNMA I 3.5% 02/43","30yr",,,,,"113051.9",,,,,,""
"2021-04-21","'3140HPNB9'","MBS","UMBS MORTPASS 3% 11/33","15yr",,,,,"113031.27",,,,,,""
"2021-04-21","'31418AL48'","MBS","UMBS MORTPASS 3% 11/27","15yr",,,,,"112917.57",,,,,,""
"2021-04-21","'31418C5N0'","MBS","UMBS MORTPASS 3.5% 11/38","Other",,,,,"112908.37",,,,,,""
"2021-04-21","'36176NNA5'","MBS","GNMA I MORTPASS 3% 08/42","30yr",,,,,"112908.05",,,,,,""
"2021-04-21","'3138WHQK1'","MBS","UMBS MORTPASS 2.5% 08/31","15yr",,,,,"112882.56",,,,,,""
"2021-04-21","'3138ERH60'","MBS","UMBS MORTPASS 4% 10/46","30yr",,,,,"112869.69",,,,,,""
"2021-04-21","'36230RRX6'","MBS","GNMA I MORTPASS 4% 11/40","30yr",,,,,"112787.68",,,,,,""
"2021-04-21","'3132XWJX0'","MBS","FHLMCGLD 3.5% 01/48","30yr",,,,,"112753.63",,,,,,""
"2021-04-21","'3620A85J8'","MBS","GNMA I MORTPASS 5% 07/39","30yr",,,,,"112738.15",,,,,,""
"2021-04-21","'3138WZ7F3'","MBS","UMBS MORTPASS 3.5% 09/28","15yr",,,,,"112718.39",,,,,,""
"2021-04-21","'36178AHT7'","MBS","GNMA I 3.5% 07/42","30yr",,,,,"112626.77",,,,,,""
"2021-04-21","'31418AVM7'","MBS","UMBS MORTPASS 3% 07/23","Other",,,,,"112571.23",,,,,,""
"2021-04-21","'3128MFGR3'","MBS","FHLMCGLD 3.5% 09/32","15yr",,,,,"112440.21",,,,,,""
"2021-04-21","'31329KQ56'","MBS","UMBS MORTPASS 2.5% 08/32","Other",,,,,"112332.88",,,,,,""
"2021-04-21","'36295RNV6'","MBS","GNMA I MORTPASS 4% 05/39","30yr",,,,,"112313.31",,,,,,""
"2021-04-21","'3128PNA73'","MBS","FHLMCGLD 4% 06/24","15yr",,,,,"112278.27",,,,,,""
"2021-04-21","'312938BR3'","MBS","FHLMCGLD 4.5% 12/39","30yr",,,,,"112272.77",,,,,,""
"2021-04-21","'36297A7L1'","MBS","GNMA I 4.5% 05/39","30yr",,,,,"112233.01",,,,,,""
"2021-04-21","'36297ER64'","MBS","GNMA I MORTPASS 5% 09/39","30yr",,,,,"112231.75",,,,,,""
"2021-04-21","'3620A1TK4'","MBS","GNMA I MORTPASS 5% 09/39","30yr",,,,,"112224.5",,,,,,""
"2021-04-21","'36202EFZ7'","MBS","GNMA II 4.5% 11/35","30yr",,,,,"112111.25",,,,,,""
"2021-04-21","'3620A8P80'","MBS","GNMA I MORTPASS 5% 12/39","30yr",,,,,"112057.14",,,,,,""
"2021-04-21","'31329KYF5'","MBS","UMBS MORTPASS 3.5% 06/38","Other",,,,,"112037.28",,,,,,""
"2021-04-21","'36179JKA4'","MBS","GNMA I MORTPASS 3% 02/43","30yr",,,,,"112003.36",,,,,,""
"2021-04-21","'3128PPMX8'","MBS","FHLMCGLD 4% 07/24","15yr",,,,,"111915.61",,,,,,""
"2021-04-21","'36297HJJ8'","MBS","GNMA I 5.5% 04/39","30yr",,,,,"111796.55",,,,,,""
"2021-04-21","'3620A1RY6'","MBS","GNMA I 4.5% 07/39","30yr",,,,,"111794.2",,,,,,""
"2021-04-21","'3131X9CX0'","MBS","UMBS MORTPASS 2.5% 05/28","15yr",,,,,"111788.77",,,,,,""
"2021-04-21","'3620AGYB5'","MBS","GNMA I MORTPASS 5% 02/40","30yr",,,,,"111762.28",,,,,,""
"2021-04-21","'3128PQZS3'","MBS","FHLMCGLD 4.5% 02/25","15yr",,,,,"111698.96",,,,,,""
"2021-04-21","'3620AACC0'","MBS","GNMA I MORTPASS 5% 11/39","30yr",,,,,"111580.52",,,,,,""
"2021-04-21","'31417VYS6'","MBS","UMBS MORTPASS 6% 01/40","30yr",,,,,"111573.18",,,,,,""
"2021-04-21","'36206YDK4'","MBS","GNMA I MORTPASS 5% 11/33","30yr",,,,,"111563.52",,,,,,""
"2021-04-21","'3128PRCU1'","MBS","FHLMCGLD 4.5% 03/25","15yr",,,,,"111543.42",,,,,,""
"2021-04-21","'3138WFA89'","MBS","UMBS MORTPASS 3% 07/30","15yr",,,,,"111531.7",,,,,,""
"2021-04-21","'31417Y4T1'","MBS","UMBS MORTPASS 3% 08/21","Other",,,,,"111530.37",,,,,,""
"2021-04-21","'3133KJ4D1'","MBS","UMBS MORTPASS 2% 09/50","30yr",,,,,"111484.36",,,,,,""
"2021-04-21","'31418AZ50'","MBS","UMBS MORTPASS 3% 11/28","15yr",,,,,"111479.52",,,,,,""
"2021-04-21","'3128MMUN1'","MBS","FHLMCGLD 3.5% 02/31","15yr",,,,,"111478.69",,,,,,""
"2021-04-21","'36177Q7F4'","MBS","GNMA I 3.5% 10/42","30yr",,,,,"111444.24",,,,,,""
"2021-04-21","'3140HL2R6'","MBS","UMBS MORTPASS 4% 06/48","30yr",,,,,"111439.97",,,,,,""
"2021-04-21","'36295YB51'","MBS","GNMA I MORTPASS 5% 06/38","30yr",,,,,"111415.06",,,,,,""
"2021-04-21","'3132A5E76'","MBS","UMBS MORTPASS 3% 04/46","30yr",,,,,"111387.46",,,,,,""
"2021-04-21","'3140HARV4'","MBS","UMBS MORTPASS 3.5% 04/48","30yr",,,,,"111365.28",,,,,,""
"2021-04-21","'3128MMS46'","MBS","FHLMCGLD 3.5% 01/30","15yr",,,,,"111286.41",,,,,,""
"2021-04-21","'3128P7XS7'","MBS","FHLMCGLD 3.5% 11/32","Other",,,,,"111222.93",,,,,,""
"2021-04-21","'3138EMEQ0'","MBS","UMBS MORTPASS 3% 11/27","15yr",,,,,"111219.65",,,,,,""
"2021-04-21","'3140K15K8'","MBS","UMBS MORTPASS 2% 12/34","15yr",,,,,"111169.66",,,,,,""
"2021-04-21","'36297EAA3'","MBS","GNMA I 4.5% 04/39","30yr",,,,,"111131.16",,,,,,""
"2021-04-21","'3620A1R75'","MBS","GNMA I 4.5% 07/39","30yr",,,,,"111114.28",,,,,,""
"2021-04-21","'3140HJS51'","MBS","UMBS MORTPASS 3% 07/33","15yr",,,,,"111072.71",,,,,,""
"2021-04-21","'36179RD48'","MBS","GNMA II MORTPASS 2% 12/43","30yr",,,,,"111060.96",,,,,,""
"2021-04-21","'36177LQW7'","MBS","GNMA I MORTPASS 4% 05/42","30yr",,,,,"110882.63",,,,,,""
"2021-04-21","'3128PSVE4'","MBS","FHLMCGLD 4% 10/25","15yr",,,,,"110881.9",,,,,,""
"2021-04-21","'3138E2VB8'","MBS","UMBS MORTPASS 3% 03/27","15yr",,,,,"110835.15",,,,,,""
"2021-04-21","'3138XS4U8'","MBS","UMBS MORTPASS 4% 06/44","30yr",,,,,"110805.43",,,,,,""
"2021-04-21","'36297F2R2'","MBS","GNMA I 4.5% 11/39","30yr",,,,,"110713.44",,,,,,""
"2021-04-21","'3138WFU79'","MBS","UMBS MORTPASS 3.5% 10/45","30yr",,,,,"110670.83",,,,,,""
"2021-04-21","'3620AGT88'","MBS","GNMA I 4.5% 01/40","30yr",,,,,"110660.44",,,,,,""
"2021-04-21","'36200F3W6'","MBS","GNMA I MORTPASS 5% 09/33","30yr",,,,,"110648.81",,,,,,""
"2021-04-21","'36176UEB7'","MBS","GNMA I MORTPASS 4% 11/41","30yr",,,,,"110646.53",,,,,,""
"2021-04-21","'3138X1ES1'","MBS","UMBS MORTPASS 3% 07/43","30yr",,,,,"110613.57",,,,,,""
"2021-04-21","'36178GQL1'","MBS","GNMA I 3.5% 08/42","30yr",,,,,"110543.4",,,,,,""
"2021-04-21","'31374CK96'","MBS","UMBS MORTPASS 5.5% 11/35","30yr",,,,,"110448.77",,,,,,""
"2021-04-21","'3128MD5E9'","MBS","FHLMCGLD 3% 07/29","15yr",,,,,"110393.93",,,,,,""
"2021-04-21","'3138WFG83'","MBS","UMBS MORTPASS 3% 08/30","15yr",,,,,"110304.41",,,,,,""
"2021-04-21","'36296MFB9'","MBS","GNMA I 4.5% 03/39","30yr",,,,,"110249.91",,,,,,""
"2021-04-21","'3620ASSK6'","MBS","GNMA I MORTPASS 4% 08/41","30yr",,,,,"110248.59",,,,,,""
"2021-04-21","'3138LY2D8'","MBS","UMBS MORTPASS 2.5% 06/27","15yr",,,,,"110229.73",,,,,,""
"2021-04-21","'3138LUM69'","MBS","UMBS MORTPASS 3% 05/27","15yr",,,,,"110212.25",,,,,,""
"2021-04-21","'36179JPL5'","MBS","GNMA I MORTPASS 3% 02/43","30yr",,,,,"110137.17",,,,,,""
"2021-04-21","'3132JML80'","MBS","FHLMCGLD 3.5% 07/43","30yr",,,,,"110099.81",,,,,,""
"2021-04-21","'3128MJXY1'","MBS","FHLMCGLD 4% 02/46","30yr",,,,,"110062.23",,,,,,""
"2021-04-21","'3140EAED1'","MBS","UMBS MORTPASS 4% 11/45","30yr",,,,,"110048.14",,,,,,""
"2021-04-21","'3128PSNH6'","MBS","FHLMCGLD 4% 09/25","15yr",,,,,"110006.18",,,,,,""
"2021-04-21","'31335ARM2'","MBS","FHLMCGLD 4.5% 02/46","30yr",,,,,"109994.77",,,,,,""
"2021-04-21","'36296AGZ1'","MBS","GNMA I 5.5% 03/39","30yr",,,,,"109968.48",,,,,,""
"2021-04-21","'3138EHGH9'","MBS","UMBS MORTPASS 3% 12/26","15yr",,,,,"109960.51",,,,,,""
"2021-04-21","'31418DLN0'","MBS","UMBS MORTPASS 3.5% 02/35","15yr",,,,,"109919.24",,,,,,""
"2021-04-21","'3138W9KK5'","MBS","UMBS MORTPASS 3% 08/28","15yr",,,,,"109870.58",,,,,,""
"2021-04-21","'31411JR32'","MBS","UMBS MORTPASS 5.5% 01/37","30yr",,,,,"109857.41",,,,,,""
"2021-04-21","'3132M5E32'","MBS","FHLMCGLD 4% 02/44","30yr",,,,,"109826.54",,,,,,""
"2021-04-21","'3140JNXV7'","MBS","UMBS MORTPASS 4% 06/49","30yr",,,,,"109737.83",,,,,,""
"2021-04-21","'36177TZ59'","MBS","GNMA I MORTPASS 4% 03/42","30yr",,,,,"109685.94",,,,,,""
"2021-04-21","'36176USM8'","MBS","GNMA I 3.5% 04/42","30yr",,,,,"109650.97",,,,,,""
"2021-04-21","'3138WEQ28'","MBS","UMBS MORTPASS 3% 05/45","30yr",,,,,"109596.83",,,,,,""
"2021-04-21","'3140QC3R5'","MBS","UMBS MORTPASS 3% 03/50","30yr",,,,,"109590.3",,,,,,""
"2021-04-21","'3138M5QJ1'","MBS","UMBS MORTPASS 2.5% 08/27","15yr",,,,,"109493.43",,,,,,""
"2021-04-21","'3620A8QY2'","MBS","GNMA I 4.5% 12/39","30yr",,,,,"109459.23",,,,,,""
"2021-04-21","'3133KH3V6'","MBS","UMBS MORTPASS 2.5% 05/50","30yr",,,,,"109368.53",,,,,,""
"2021-04-21","'36176L7E9'","MBS","GNMA I 3.5% 02/42","30yr",,,,,"109354.96",,,,,,""
"2021-04-21","'3128PRGB9'","MBS","FHLMCGLD 4% 04/25","15yr",,,,,"109332.32",,,,,,""
"2021-04-21","'36177M5R9'","MBS","GNMA I 3.5% 12/41","30yr",,,,,"109120.01",,,,,,""
"2021-04-21","'3140J8NF6'","MBS","UMBS MORTPASS 4% 02/48","30yr",,,,,"109104.33",,,,,,""
"2021-04-21","'3138MLTR5'","MBS","UMBS MORTPASS 2.5% 12/27","15yr",,,,,"109091.32",,,,,,""
"2021-04-21","'3620A8MU4'","MBS","GNMA I 5.5% 09/39","30yr",,,,,"109089.17",,,,,,""
"2021-04-21","'3132M8QG4'","MBS","FHLMCGLD 4% 08/44","30yr",,,,,"109071.25",,,,,,""
"2021-04-21","'36297DT56'","MBS","GNMA I MORTPASS 6% 03/39","30yr",,,,,"108963.09",,,,,,""
"2021-04-21","'3620A1TE8'","MBS","GNMA I MORTPASS 5% 10/39","30yr",,,,,"108918.78",,,,,,""
"2021-04-21","'36297HS25'","MBS","GNMA I 4.5% 06/39","30yr",,,,,"108903.03",,,,,,""
"2021-04-21","'3131X8KT2'","MBS","UMBS MORTPASS 2.5% 12/27","15yr",,,,,"108866.67",,,,,,""
"2021-04-21","'36296WRN8'","MBS","GNMA I MORTPASS 5% 04/39","30yr",,,,,"108865.45",,,,,,""
"2021-04-21","'3138E7K45'","MBS","UMBS MORTPASS 3% 06/27","15yr",,,,,"108787.98",,,,,,""
"2021-04-21","'36297J4Z4'","MBS","GNMA I 4.5% 08/39","30yr",,,,,"108691.2",,,,,,""
"2021-04-21","'3140HPWU7'","MBS","UMBS MORTPASS 3% 11/33","15yr",,,,,"108668.87",,,,,,""
"2021-04-21","'3140X4N28'","MBS","UMBS MORTPASS 2.5% 02/47","30yr",,,,,"108624.6",,,,,,""
"2021-04-21","'3138W2AJ4'","MBS","UMBS MORTPASS 2% 01/28","15yr",,,,,"108528.84",,,,,,""
"2021-04-21","'3128MES69'","MBS","FHLMCGLD 3% 02/31","15yr",,,,,"108465.55",,,,,,""
"2021-04-21","'3620A5W70'","MBS","GNMA I 4.5% 09/39","30yr",,,,,"108339.45",,,,,,""
"2021-04-21","'36177UJK1'","MBS","GNMA I 3.5% 08/42","30yr",,,,,"108319.82",,,,,,""
"2021-04-21","'3138WQA51'","MBS","UMBS MORTPASS 3.5% 05/43","30yr",,,,,"108296.31",,,,,,""
"2021-04-21","'3138WEH69'","MBS","UMBS MORTPASS 2.5% 04/30","15yr",,,,,"108290.78",,,,,,""
"2021-04-21","'3620ATLW5'","MBS","GNMA I 3.5% 10/41","30yr",,,,,"108187.72",,,,,,""
"2021-04-21","'36296M4H8'","MBS","GNMA I MORTPASS 6% 10/38","30yr",,,,,"108165.84",,,,,,""
"2021-04-21","'3138W4RG8'","MBS","UMBS MORTPASS 3% 02/28","15yr",,,,,"108108.99",,,,,,""
"2021-04-21","'3140HAQ45'","MBS","UMBS MORTPASS 3.5% 03/48","30yr",,,,,"108025.92",,,,,,""
"2021-04-21","'3140JNU81'","MBS","UMBS MORTPASS 4.5% 03/49","30yr",,,,,"108024.53",,,,,,""
"2021-04-21","'31416N2G6'","MBS","UMBS MORTPASS 4% 07/24","15yr",,,,,"107982.34",,,,,,""
"2021-04-21","'3138X3AW2'","MBS","UMBS MORTPASS 3.5% 07/28","15yr",,,,,"107940.34",,,,,,""
"2021-04-21","'3132DVLC7'","MBS","UMBS MORTPASS 2.5% 08/50","30yr",,,,,"107913.62",,,,,,""
"2021-04-21","'3132GFYE1'","MBS","FHLMCGLD 4.5% 08/41","30yr",,,,,"107911.8",,,,,,""
"2021-04-21","'36176QQ80'","MBS","GNMA I 3.5% 05/42","30yr",,,,,"107896.67",,,,,,""
"2021-04-21","'3620A46J6'","MBS","GNMA I 4.5% 06/39","30yr",,,,,"107885.88",,,,,,""
"2021-04-21","'31418AAK4'","MBS","UMBS MORTPASS 3% 11/21","Other",,,,,"107874.57",,,,,,""
"2021-04-21","'3138W3QW6'","MBS","UMBS MORTPASS 2% 02/28","15yr",,,,,"107858.24",,,,,,""
"2021-04-21","'3138EPP73'","MBS","UMBS MORTPASS 4% 08/44","30yr",,,,,"107790.79",,,,,,""
"2021-04-21","'3138AXJX0'","MBS","UMBS MORTPASS 3.5% 11/26","15yr",,,,,"107789.2",,,,,,""
"2021-04-21","'3138LXJH3'","MBS","UMBS MORTPASS 3% 06/27","15yr",,,,,"107753.21",,,,,,""
"2021-04-21","'3128L9PD9'","MBS","FHLMCGLD 6% 04/38","30yr",,,,,"107716.87",,,,,,""
"2021-04-21","'36202FGB6'","MBS","GNMA II 3.5% 05/40","30yr",,,,,"107693.83",,,,,,""
"2021-04-21","'36180KRP8'","MBS","GNMA I 3.5% 05/43","30yr",,,,,"107675.05",,,,,,""
"2021-04-21","'3140H6BR9'","MBS","UMBS MORTPASS 4% 01/48","30yr",,,,,"107644.21",,,,,,""
"2021-04-21","'31412BJN3'","MBS","UMBS MORTPASS 6.5% 09/36","30yr",,,,,"107594.68",,,,,,""
"2021-04-21","'31414DBV7'","MBS","UMBS MORTPASS 5% 04/38","30yr",,,,,"107473.12",,,,,,""
"2021-04-21","'3140JGZN8'","MBS","UMBS MORTPASS 4% 10/48","30yr",,,,,"107456.04",,,,,,""
"2021-04-21","'3133G6UL7'","MBS","UMBS MORTPASS 2.5% 09/34","15yr",,,,,"107447.77",,,,,,""
"2021-04-21","'3620AD5E8'","MBS","GNMA I 4.5% 11/39","30yr",,,,,"107397.32",,,,,,""
"2021-04-21","'36294WW79'","MBS","GNMA I 5.5% 02/39","30yr",,,,,"107345.28",,,,,,""
"2021-04-21","'3128MDVH3'","MBS","FHLMCGLD 3.5% 01/28","15yr",,,,,"107312.88",,,,,,""
"2021-04-21","'3138EPFN9'","MBS","UMBS MORTPASS 2% 03/25","Other",,,,,"107276.09",,,,,,""
"2021-04-21","'3620A2Z82'","MBS","GNMA I 4.5% 05/39","30yr",,,,,"107250.55",,,,,,""
"2021-04-21","'3620A4YB2'","MBS","GNMA I MORTPASS 5% 10/39","30yr",,,,,"107232",,,,,,""
"2021-04-21","'36290SX30'","MBS","GNMA I MORTPASS 5% 05/34","30yr",,,,,"107185.89",,,,,,""
"2021-04-21","'31417MCX9'","MBS","UMBS MORTPASS 4.5% 09/24","15yr",,,,,"107123.08",,,,,,""
"2021-04-21","'31418CU85'","MBS","UMBS MORTPASS 4% 03/48","30yr",,,,,"107096.7",,,,,,""
"2021-04-21","'31418A4S4'","MBS","UMBS MORTPASS 3.5% 01/24","Other",,,,,"107070.07",,,,,,""
"2021-04-21","'3140JLUE2'","MBS","UMBS MORTPASS 4% 12/48","30yr",,,,,"107067.37",,,,,,""
"2021-04-21","'36200N7G0'","MBS","GNMA I MORTPASS 5% 12/34","30yr",,,,,"107062.92",,,,,,""
"2021-04-21","'31418DH88'","MBS","UMBS MORTPASS 4% 11/39","Other",,,,,"106999.59",,,,,,""
"2021-04-21","'36230MKF3'","MBS","GNMA I MORTPASS 4% 08/41","30yr",,,,,"106993.84",,,,,,""
"2021-04-21","'3140GTT67'","MBS","UMBS MORTPASS 2.5% 09/32","15yr",,,,,"106992.92",,,,,,""
"2021-04-21","'3138LQRE6'","MBS","UMBS MORTPASS 3% 09/27","15yr",,,,,"106982.82",,,,,,""
"2021-04-21","'3131X8YM2'","MBS","UMBS MORTPASS 2.5% 04/23","Other",,,,,"106949.36",,,,,,""
"2021-04-21","'3140KFKY0'","MBS","UMBS MORTPASS 2% 11/50","30yr",,,,,"106873.82",,,,,,""
"2021-04-21","'3138WRQV5'","MBS","UMBS MORTPASS 2% 04/28","15yr",,,,,"106862.06",,,,,,""
"2021-04-21","'31412MXG8'","MBS","UMBS MORTPASS 6.5% 06/38","30yr",,,,,"106829.46",,,,,,""
"2021-04-21","'36202FFR2'","MBS","GNMA II 3.5% 03/40","30yr",,,,,"106798.67",,,,,,""
"2021-04-21","'36176S7C8'","MBS","GNMA I MORTPASS 3% 10/41","30yr",,,,,"106657.4",,,,,,""
"2021-04-21","'3132QVDP3'","MBS","FHLMCGLD 3% 01/46","30yr",,,,,"106646.5",,,,,,""
"2021-04-21","'3140X7MQ9'","MBS","UMBS MORTPASS 2% 08/30","Other",,,,,"106604.36",,,,,,""
"2021-04-21","'3140HHTC9'","MBS","UMBS MORTPASS 3% 04/33","15yr",,,,,"106587.41",,,,,,""
"2021-04-21","'3132A72B6'","MBS","UMBS MORTPASS 3% 11/27","15yr",,,,,"106566.53",,,,,,""
"2021-04-21","'3128PTDJ1'","MBS","FHLMCGLD 3.5% 12/25","15yr",,,,,"106562.89",,,,,,""
"2021-04-21","'36178TKV7'","MBS","GNMA I 3.5% 11/42","30yr",,,,,"106561.58",,,,,,""
"2021-04-21","'36296MG69'","MBS","GNMA I 4.5% 04/39","30yr",,,,,"106516.19",,,,,,""
"2021-04-21","'36296WQW9'","MBS","GNMA I 4.5% 02/39","30yr",,,,,"106483.13",,,,,,""
"2021-04-21","'36297H5T1'","MBS","GNMA I 4.5% 11/39","30yr",,,,,"106355.82",,,,,,""
"2021-04-21","'3138M7MV4'","MBS","UMBS MORTPASS 3.5% 09/37","30yr",,,,,"106324.62",,,,,,""
"2021-04-21","'3140JXKV9'","MBS","UMBS MORTPASS 3% 10/34","15yr",,,,,"106322.8",,,,,,""
"2021-04-21","'3138W9LE8'","MBS","UMBS MORTPASS 2.5% 08/23","Other",,,,,"106304.77",,,,,,""
"2021-04-21","'36178LPZ0'","MBS","GNMA I 3.5% 08/42","30yr",,,,,"106181.43",,,,,,""
"2021-04-21","'31406GZ36'","MBS","UMBS MORTPASS 5% 03/35","30yr",,,,,"106170.4",,,,,,""
"2021-04-21","'3128MJVV9'","MBS","FHLMCGLD 3.5% 02/45","30yr",,,,,"106165.64",,,,,,""
"2021-04-21","'36296WTQ9'","MBS","GNMA I 4.5% 06/39","30yr",,,,,"106164.21",,,,,,""
"2021-04-21","'31307HJV0'","MBS","FHLMCGLD 3.5% 06/29","15yr",,,,,"106136.44",,,,,,""
"2021-04-21","'36176ND81'","MBS","GNMA I MORTPASS 4% 06/41","30yr",,,,,"106133.92",,,,,,""
"2021-04-21","'3131X7W53'","MBS","UMBS MORTPASS 2.5% 07/22","Other",,,,,"106118.83",,,,,,""
"2021-04-21","'36202DZW4'","MBS","GNMA II 4.5% 10/33","30yr",,,,,"106019",,,,,,""
"2021-04-21","'36177ULJ1'","MBS","GNMA I 3.5% 06/42","30yr",,,,,"106016.88",,,,,,""
"2021-04-21","'3132WELA8'","MBS","FHLMCGLD 4.5% 06/46","30yr",,,,,"106010.84",,,,,,""
"2021-04-21","'3138MFPU5'","MBS","UMBS MORTPASS 2.5% 10/27","15yr",,,,,"105989.1",,,,,,""
"2021-04-21","'3138EENZ8'","MBS","UMBS MORTPASS 2.5% 04/22","Other",,,,,"105959.98",,,,,,""
"2021-04-21","'3132CWDR2'","MBS","UMBS MORTPASS 3% 11/34","15yr",,,,,"105903.36",,,,,,""
"2021-04-21","'3620AFJA6'","MBS","GNMA I MORTPASS 5% 11/39","30yr",,,,,"105820.83",,,,,,""
"2021-04-21","'3620AB5V4'","MBS","GNMA I 4.5% 12/39","30yr",,,,,"105818.81",,,,,,""
"2021-04-21","'3620AB4L7'","MBS","GNMA I 4.5% 12/39","30yr",,,,,"105808.57",,,,,,""
"2021-04-21","'3138M4GY2'","MBS","UMBS MORTPASS 3% 09/27","15yr",,,,,"105742.14",,,,,,""
"2021-04-21","'3138EJH92'","MBS","UMBS MORTPASS 3.5% 10/26","15yr",,,,,"105737.02",,,,,,""
"2021-04-21","'36176JQD5'","MBS","GNMA I MORTPASS 4% 07/41","30yr",,,,,"105641",,,,,,""
"2021-04-21","'3132WHLC7'","MBS","FHLMCGLD 4% 10/46","30yr",,,,,"105630.28",,,,,,""
"2021-04-21","'3138XTQL2'","MBS","UMBS MORTPASS 3.5% 08/29","15yr",,,,,"105578.51",,,,,,""
"2021-04-21","'3138M4YC0'","MBS","UMBS MORTPASS 3% 08/27","15yr",,,,,"105550.69",,,,,,""
"2021-04-21","'3133G6UC7'","MBS","UMBS MORTPASS 3% 09/34","15yr",,,,,"105546.82",,,,,,""
"2021-04-21","'31419LKJ1'","MBS","UMBS MORTPASS 3.5% 11/25","15yr",,,,,"105510.23",,,,,,""
"2021-04-21","'31329MB66'","MBS","UMBS MORTPASS 3% 09/28","15yr",,,,,"105503.55",,,,,,""
"2021-04-21","'3138WFG91'","MBS","UMBS MORTPASS 3% 08/30","15yr",,,,,"105502.75",,,,,,""
"2021-04-21","'36296LMJ6'","MBS","GNMA I 4.5% 02/39","30yr",,,,,"105398.92",,,,,,""
"2021-04-21","'3132QPE67'","MBS","FHLMCGLD 3% 04/45","30yr",,,,,"105382.75",,,,,,""
"2021-04-21","'36297B5F4'","MBS","GNMA I MORTPASS 5% 02/39","30yr",,,,,"105341.2",,,,,,""
"2021-04-21","'36179UKX9'","MBS","GNMA II MORTPASS 4% 01/49","30yr",,,,,"105304.47",,,,,,""
"2021-04-21","'3132QNKW8'","MBS","FHLMCGLD 3% 03/45","30yr",,,,,"105290.59",,,,,,""
"2021-04-21","'3140FNLN2'","MBS","UMBS MORTPASS 2.5% 01/32","15yr",,,,,"105257.31",,,,,,""
"2021-04-21","'3140X5FK4'","MBS","UMBS MORTPASS 3% 11/49","30yr",,,,,"105188.79",,,,,,""
"2021-04-21","'3620AR3K5'","MBS","GNMA I MORTPASS 4% 02/41","30yr",,,,,"105188.72",,,,,,""
"2021-04-21","'36179BTD6'","MBS","GNMA I MORTPASS 3% 03/43","30yr",,,,,"105161.23",,,,,,""
"2021-04-21","'31307HSV0'","MBS","FHLMCGLD 3% 07/29","15yr",,,,,"105145.58",,,,,,""
"2021-04-21","'3138LRXJ6'","MBS","UMBS MORTPASS 3% 04/27","15yr",,,,,"105144.29",,,,,,""
"2021-04-21","'3140K5AB3'","MBS","UMBS MORTPASS 4% 02/50","30yr",,,,,"105141.26",,,,,,""
"2021-04-21","'31413CST7'","MBS","UMBS MORTPASS 3% 03/27","15yr",,,,,"105101.79",,,,,,""
"2021-04-21","'3620AGVZ5'","MBS","GNMA I MORTPASS 5% 01/40","30yr",,,,,"105062.04",,,,,,""
"2021-04-21","'3138EQQG0'","MBS","UMBS MORTPASS 3% 09/35","Other",,,,,"104966.75",,,,,,""
"2021-04-21","'36176UEA9'","MBS","GNMA I MORTPASS 4% 11/41","30yr",,,,,"104949.56",,,,,,""
"2021-04-21","'3138LQAY0'","MBS","UMBS MORTPASS 3% 04/27","15yr",,,,,"104845.32",,,,,,""
"2021-04-21","'31414RKQ7'","MBS","UMBS MORTPASS 5.5% 03/38","30yr",,,,,"104812.87",,,,,,""
"2021-04-21","'3133KJ4A7'","MBS","UMBS MORTPASS 2% 09/50","30yr",,,,,"104729.55",,,,,,""
"2021-04-21","'36297DF51'","MBS","GNMA I 4.5% 04/39","30yr",,,,,"104699.54",,,,,,""
"2021-04-21","'31307FDL2'","MBS","FHLMCGLD 2.5% 11/28","15yr",,,,,"104656.95",,,,,,""
"2021-04-21","'36297GFW5'","MBS","GNMA I MORTPASS 5% 02/39","30yr",,,,,"104654.18",,,,,,""
"2021-04-21","'3138ER6D7'","MBS","UMBS MORTPASS 3% 02/32","15yr",,,,,"104555.67",,,,,,""
"2021-04-21","'3138EJJD1'","MBS","UMBS MORTPASS 4% 06/42","30yr",,,,,"104426.47",,,,,,""
"2021-04-21","'31418TWC7'","MBS","UMBS MORTPASS 5% 07/40","30yr",,,,,"104421.36",,,,,,""
"2021-04-21","'3140JNWC0'","MBS","UMBS MORTPASS 4.5% 04/49","30yr",,,,,"104418.03",,,,,,""
"2021-04-21","'3131XYHD4'","MBS","UMBS MORTPASS 4% 11/47","30yr",,,,,"104403.81",,,,,,""
"2021-04-21","'31346YG56'","MBS","UMBS MORTPASS 2.5% 11/49","30yr",,,,,"104394.9",,,,,,""
"2021-04-21","'3620ABHV1'","MBS","GNMA I 3.5% 01/42","30yr",,,,,"104392.27",,,,,,""
"2021-04-21","'3140H4X82'","MBS","UMBS MORTPASS 3% 11/32","15yr",,,,,"104392.26",,,,,,""
"2021-04-21","'3131X9GV0'","MBS","UMBS MORTPASS 2% 07/23","Other",,,,,"104288.03",,,,,,""
"2021-04-21","'3620A6R66'","MBS","GNMA I 4.5% 12/39","30yr",,,,,"104272.81",,,,,,""
"2021-04-21","'3140J8MA8'","MBS","UMBS MORTPASS 3% 02/29","15yr",,,,,"104245.32",,,,,,""
"2021-04-21","'36177KVR4'","MBS","GNMA I 3.5% 01/42","30yr",,,,,"104227.37",,,,,,""
"2021-04-21","'3128CUVG8'","MBS","FHLMCGLD 3% 12/32","Other",,,,,"104226.8",,,,,,""
"2021-04-21","'3132CJAE3'","MBS","UMBS MORTPASS 3.5% 03/28","Other",,,,,"104141.92",,,,,,""
"2021-04-21","'31307QUH8'","MBS","FHLMCGLD 2.5% 04/31","15yr",,,,,"104125.11",,,,,,""
"2021-04-21","'3140E2VH1'","MBS","UMBS MORTPASS 2.5% 07/30","15yr",,,,,"104093.4",,,,,,""
"2021-04-21","'3138LWCR0'","MBS","UMBS MORTPASS 2.5% 06/27","15yr",,,,,"103943.53",,,,,,""
"2021-04-21","'3128K2EU9'","MBS","FHLMCGLD 5.5% 01/36","30yr",,,,,"103804.83",,,,,,""
"2021-04-21","'3138YMZ51'","MBS","UMBS MORTPASS 3% 04/30","15yr",,,,,"103731.15",,,,,,""
"2021-04-21","'3620A3TN4'","MBS","GNMA I MORTPASS 5% 09/39","30yr",,,,,"103716.27",,,,,,""
"2021-04-21","'36295RW61'","MBS","GNMA I MORTPASS 5% 01/40","30yr",,,,,"103597.33",,,,,,""
"2021-04-21","'31335APE2'","MBS","FHLMCGLD 4% 01/46","30yr",,,,,"103499.15",,,,,,""
"2021-04-21","'3138WEKG3'","MBS","UMBS MORTPASS 3.5% 04/45","30yr",,,,,"103447.52",,,,,,""
"2021-04-21","'3138YSFB7'","MBS","UMBS MORTPASS 3.5% 06/30","15yr",,,,,"103359.99",,,,,,""
"2021-04-21","'3620AG3D5'","MBS","GNMA I MORTPASS 5% 03/40","30yr",,,,,"103295.32",,,,,,""
"2021-04-21","'3620AB4R4'","MBS","GNMA I 4.5% 12/39","30yr",,,,,"103211.68",,,,,,""
"2021-04-21","'36181C4C9'","MBS","GNMA I 3.5% 05/43","30yr",,,,,"103114.31",,,,,,""
"2021-04-21","'31418BLV6'","MBS","UMBS MORTPASS 2.5% 01/25","Other",,,,,"103061.08",,,,,,""
"2021-04-21","'36177J3A5'","MBS","GNMA I 3.5% 06/42","30yr",,,,,"103036.86",,,,,,""
"2021-04-21","'31410VS50'","MBS","UMBS MORTPASS 5% 11/36","30yr",,,,,"102986.33",,,,,,""
"2021-04-21","'3620A7CF0'","MBS","GNMA I MORTPASS 5% 12/39","30yr",,,,,"102931.61",,,,,,""
"2021-04-21","'31329PNA7'","MBS","UMBS MORTPASS 4.5% 10/48","30yr",,,,,"102874.51",,,,,,""
"2021-04-21","'36297H4B1'","MBS","GNMA I MORTPASS 4% 04/39","30yr",,,,,"102823.22",,,,,,""
"2021-04-21","'3128MMUY7'","MBS","FHLMCGLD 2% 04/31","15yr",,,,,"102773.69",,,,,,""
"2021-04-21","'36201YEJ1'","MBS","GNMA I MORTPASS 5% 08/33","30yr",,,,,"102726.62",,,,,,""
"2021-04-21","'3138MHUC5'","MBS","UMBS MORTPASS 2.5% 12/27","15yr",,,,,"102704.77",,,,,,""
"2021-04-21","'31418BJK3'","MBS","UMBS MORTPASS 3% 10/34","Other",,,,,"102657.06",,,,,,""
"2021-04-21","'31416SMK4'","MBS","UMBS MORTPASS 4% 07/24","15yr",,,,,"102654.2",,,,,,""
"2021-04-21","'31419JAF5'","MBS","UMBS MORTPASS 3.5% 11/25","15yr",,,,,"102650.25",,,,,,""
"2021-04-21","'36297CWE5'","MBS","GNMA I 5.5% 02/39","30yr",,,,,"102646.15",,,,,,""
"2021-04-21","'31418BLJ3'","MBS","UMBS MORTPASS 2.5% 12/29","15yr",,,,,"102626.48",,,,,,""
"2021-04-21","'3132QUDC4'","MBS","FHLMCGLD 3.5% 11/45","30yr",,,,,"102611.08",,,,,,""
"2021-04-21","'31307PWW5'","MBS","FHLMCGLD 3% 12/30","15yr",,,,,"102495.45",,,,,,""
"2021-04-21","'3140J7UA1'","MBS","UMBS MORTPASS 3.5% 12/32","15yr",,,,,"102456.65",,,,,,""
"2021-04-21","'36177S2G3'","MBS","GNMA I 3.5% 02/42","30yr",,,,,"102402.43",,,,,,""
"2021-04-21","'3131Y7TJ6'","MBS","UMBS MORTPASS 4% 11/48","30yr",,,,,"102286.75",,,,,,""
"2021-04-21","'3131YBQJ0'","MBS","UMBS MORTPASS 4.5% 04/49","30yr",,,,,"102285.64",,,,,,""
"2021-04-21","'312933GE8'","MBS","FHLMCGLD 5% 05/39","30yr",,,,,"102274.36",,,,,,""
"2021-04-21","'3140HPV87'","MBS","UMBS MORTPASS 3% 11/33","15yr",,,,,"102162.27",,,,,,""
"2021-04-21","'3138YKP64'","MBS","UMBS MORTPASS 2.5% 04/30","15yr",,,,,"102103.8",,,,,,""
"2021-04-21","'3138XPQE6'","MBS","UMBS MORTPASS 3% 02/29","15yr",,,,,"102059.95",,,,,,""
"2021-04-21","'36295YEZ2'","MBS","GNMA I 4.5% 08/39","30yr",,,,,"102013.3",,,,,,""
"2021-04-21","'3138X0DH8'","MBS","UMBS MORTPASS 3.5% 10/23","Other",,,,,"101957.68",,,,,,""
"2021-04-21","'31329K3H5'","MBS","UMBS MORTPASS 3% 01/26","15yr",,,,,"101883",,,,,,""
"2021-04-21","'3620AB6J0'","MBS","GNMA I MORTPASS 5% 01/40","30yr",,,,,"101864.9",,,,,,""
"2021-04-21","'31307LH50'","MBS","FHLMCGLD 2.5% 12/29","15yr",,,,,"101832.65",,,,,,""
"2021-04-21","'3131X7D88'","MBS","UMBS MORTPASS 3% 11/26","15yr",,,,,"101798.38",,,,,,""
"2021-04-21","'31417C5R2'","MBS","UMBS MORTPASS 2.5% 09/22","Other",,,,,"101739",,,,,,""
"2021-04-21","'3132QWM48'","MBS","FHLMCGLD 4.5% 03/46","30yr",,,,,"101699.13",,,,,,""
"2021-04-21","'31307VT89'","MBS","FHLMCGLD 3% 03/33","15yr",,,,,"101660.86",,,,,,""
"2021-04-21","'3620A5S26'","MBS","GNMA I MORTPASS 5% 11/39","30yr",,,,,"101624.5",,,,,,""
"2021-04-21","'3138XYH64'","MBS","UMBS MORTPASS 3.5% 09/29","15yr",,,,,"101573.43",,,,,,""
"2021-04-21","'3620A8UE1'","MBS","GNMA I MORTPASS 5% 10/39","30yr",,,,,"101559.07",,,,,,""
"2021-04-21","'31329KVY7'","MBS","UMBS MORTPASS 2.5% 09/36","Other",,,,,"101550.64",,,,,,""
"2021-04-21","'31418DVT6'","MBS","UMBS MORTPASS 1.5% 01/31","Other",,,,,"101529.3",,,,,,""
"2021-04-21","'3140HMFT6'","MBS","UMBS MORTPASS 3.5% 07/48","30yr",,,,,"101521.04",,,,,,""
"2021-04-21","'36177TA64'","MBS","GNMA I 3.5% 03/42","30yr",,,,,"101517.76",,,,,,""
"2021-04-21","'3131X9M43'","MBS","UMBS MORTPASS 2% 07/23","Other",,,,,"101471.65",,,,,,""
"2021-04-21","'3140HDYF5'","MBS","UMBS MORTPASS 2.5% 02/35","15yr",,,,,"101421.95",,,,,,""
"2021-04-21","'3133A3AC2'","MBS","UMBS MORTPASS 3.5% 03/50","30yr",,,,,"101417.91",,,,,,""
"2021-04-21","'36297DUL9'","MBS","GNMA I 5.5% 04/39","30yr",,,,,"101399.12",,,,,,""
"2021-04-21","'3140X5BJ1'","MBS","UMBS MORTPASS 3% 07/34","15yr",,,,,"101381.36",,,,,,""
"2021-04-21","'31329MFY1'","MBS","UMBS MORTPASS 2.5% 03/30","15yr",,,,,"101340.09",,,,,,""
"2021-04-21","'3128MEMM0'","MBS","FHLMCGLD 2% 09/30","15yr",,,,,"101324.8",,,,,,""
"2021-04-21","'3128MC7K5'","MBS","FHLMCGLD 4% 07/26","15yr",,,,,"101313.14",,,,,,""
"2021-04-21","'36181NND2'","MBS","GNMA I 3.5% 07/43","30yr",,,,,"101235.76",,,,,,""
"2021-04-21","'3128MJVZ0'","MBS","FHLMCGLD 3% 03/45","30yr",,,,,"101160.97",,,,,,""
"2021-04-21","'36294YPH1'","MBS","GNMA I 5.5% 02/37","30yr",,,,,"101068.07",,,,,,""
"2021-04-21","'3138WARW9'","MBS","UMBS MORTPASS 2% 08/23","Other",,,,,"101000.05",,,,,,""
"2021-04-21","'3138MFQJ9'","MBS","UMBS MORTPASS 2.5% 10/27","15yr",,,,,"100993.56",,,,,,""
"2021-04-21","'3138ENXH7'","MBS","UMBS MORTPASS 3.5% 11/44","30yr",,,,,"100986.93",,,,,,""
"2021-04-21","'31307UCQ9'","MBS","FHLMCGLD 2.5% 07/32","15yr",,,,,"100973.96",,,,,,""
"2021-04-21","'3131X7TW8'","MBS","UMBS MORTPASS 3% 05/27","15yr",,,,,"100970.69",,,,,,""
"2021-04-21","'3128LXGZ7'","MBS","FHLMCGLD 5% 11/35","30yr",,,,,"100959.51",,,,,,""
"2021-04-21","'3128P7MZ3'","MBS","FHLMCGLD 5% 11/29","Other",,,,,"100939.07",,,,,,""
"2021-04-21","'31414BF96'","MBS","UMBS MORTPASS 5.5% 03/38","30yr",,,,,"100936.94",,,,,,""
"2021-04-21","'36177TAN7'","MBS","GNMA I 3.5% 03/42","30yr",,,,,"100885.65",,,,,,""
"2021-04-21","'3138A5ZG0'","MBS","UMBS MORTPASS 3% 02/26","15yr",,,,,"100851.97",,,,,,""
"2021-04-21","'36295VLD9'","MBS","GNMA I MORTPASS 4% 04/39","30yr",,,,,"100808.45",,,,,,""
"2021-04-21","'36207A6Z0'","MBS","GNMA I 4.5% 02/39","30yr",,,,,"100773.85",,,,,,""
"2021-04-21","'3140HKK80'","MBS","UMBS MORTPASS 3.5% 05/33","15yr",,,,,"100690.37",,,,,,""
"2021-04-21","'3138EKNC5'","MBS","UMBS MORTPASS 2.5% 01/28","15yr",,,,,"100685.76",,,,,,""
"2021-04-21","'3131XBNP0'","MBS","UMBS MORTPASS 3% 03/27","15yr",,,,,"100684.98",,,,,,""
"2021-04-21","'36297FK76'","MBS","GNMA I MORTPASS 4% 12/39","30yr",,,,,"100659.18",,,,,,""
"2021-04-21","'36230U4X4'","MBS","GNMA I 3.5% 12/41","30yr",,,,,"100629.27",,,,,,""
"2021-04-21","'3132A5G25'","MBS","UMBS MORTPASS 3.5% 05/47","30yr",,,,,"100626.02",,,,,,""
"2021-04-21","'31415R3P7'","MBS","UMBS MORTPASS 6.5% 10/38","30yr",,,,,"100614.71",,,,,,""
"2021-04-21","'3140JGZ24'","MBS","UMBS MORTPASS 4% 12/48","30yr",,,,,"100513.48",,,,,,""
"2021-04-21","'3620AHM75'","MBS","GNMA I MORTPASS 5% 03/40","30yr",,,,,"100428.83",,,,,,""
"2021-04-21","'3138ELLU5'","MBS","UMBS MORTPASS 3.5% 07/28","15yr",,,,,"100309.5",,,,,,""
"2021-04-21","'3138WFGY6'","MBS","UMBS MORTPASS 2.5% 08/30","15yr",,,,,"100303.45",,,,,,""
"2021-04-21","'36296STZ8'","MBS","GNMA I MORTPASS 5% 11/38","30yr",,,,,"100227.69",,,,,,""
"2021-04-21","'3132A9NY9'","MBS","UMBS MORTPASS 3% 11/28","15yr",,,,,"100132.38",,,,,,""
"2021-04-21","'31417DS87'","MBS","UMBS MORTPASS 3% 11/27","15yr",,,,,"100095.84",,,,,,""
"2021-04-21","'3140HMFN9'","MBS","UMBS MORTPASS 3.5% 07/48","30yr",,,,,"100049.32",,,,,,""
"2021-04-21","'3140FF4V0'","MBS","UMBS MORTPASS 2.5% 09/31","15yr",,,,,"100039.95",,,,,,""
"2021-04-21","'3138XQBG5'","MBS","UMBS MORTPASS 3% 04/29","15yr",,,,,"100007.04",,,,,,""
"2021-04-21","'36296GP88'","MBS","GNMA I 5.5% 06/38","30yr",,,,,"100000.24",,,,,,""
"2021-04-21","'3128MDXP3'","MBS","FHLMCGLD 3% 01/24","15yr",,,,,"99997.47",,,,,,""
"2021-04-21","'36177KZF6'","MBS","GNMA I 3.5% 03/42","30yr",,,,,"99993.39",,,,,,""
"2021-04-21","'3140JVQ47'","MBS","UMBS MORTPASS 4.5% 05/49","30yr",,,,,"99981.78",,,,,,""
"2021-04-21","'3131Y9LK7'","MBS","UMBS MORTPASS 4.5% 12/48","30yr",,,,,"99903.74",,,,,,""
"2021-04-21","'3620A7W84'","MBS","GNMA I 4.5% 11/39","30yr",,,,,"99890.58",,,,,,""
"2021-04-21","'36296LNG1'","MBS","GNMA I 4.5% 04/39","30yr",,,,,"99822.66",,,,,,""
"2021-04-21","'3140L4H36'","MBS","UMBS MORTPASS 2% 03/51","30yr",,,,,"99804.21",,,,,,""
"2021-04-21","'3140L4HL6'","MBS","UMBS MORTPASS 2% 03/51","30yr",,,,,"99791.59",,,,,,""
"2021-04-21","'3140L3JA0'","MBS","UMBS MORTPASS 2% 03/51","30yr",,,,,"99767.42",,,,,,""
"2021-04-21","'3140JL2X1'","MBS","UMBS MORTPASS 4% 03/49","30yr",,,,,"99746.82",,,,,,""
"2021-04-21","'31418ABT4'","MBS","UMBS MORTPASS 3.5% 01/32","Other",,,,,"99737.33",,,,,,""
"2021-04-21","'3140L4F53'","MBS","UMBS MORTPASS 2% 03/51","30yr",,,,,"99708",,,,,,""
"2021-04-21","'3138XVEE6'","MBS","UMBS MORTPASS 3.5% 05/44","30yr",,,,,"99703.03",,,,,,""
"2021-04-21","'3133A2L73'","MBS","UMBS MORTPASS 3% 03/50","30yr",,,,,"99621.97",,,,,,""
"2021-04-21","'31412MXL7'","MBS","UMBS MORTPASS 5% 06/23","15yr",,,,,"99615.85",,,,,,""
"2021-04-21","'3140L3BS9'","MBS","UMBS MORTPASS 2% 02/51","30yr",,,,,"99605.93",,,,,,""
"2021-04-21","'3620A4WE8'","MBS","GNMA I MORTPASS 5% 10/39","30yr",,,,,"99592.59",,,,,,""
"2021-04-21","'3140HPVU8'","MBS","UMBS MORTPASS 3.5% 10/48","30yr",,,,,"99566.63",,,,,,""
"2021-04-21","'36296UQE3'","MBS","GNMA I MORTPASS 4% 02/39","30yr",,,,,"99563.15",,,,,,""
"2021-04-21","'3132A8XR5'","MBS","UMBS MORTPASS 2.5% 10/32","15yr",,,,,"99514.04",,,,,,""
"2021-04-21","'3128PRJW0'","MBS","FHLMCGLD 4.5% 04/25","15yr",,,,,"99432.03",,,,,,""
"2021-04-21","'3140QHC45'","MBS","UMBS MORTPASS 2.5% 02/51","30yr",,,,,"99378.77",,,,,,""
"2021-04-21","'3140X9HU2'","MBS","UMBS MORTPASS 2% 01/51","30yr",,,,,"99353.76",,,,,,""
"2021-04-21","'3138WHHF2'","MBS","UMBS MORTPASS 2.5% 06/31","15yr",,,,,"99335.56",,,,,,""
"2021-04-21","'31307JHJ5'","MBS","FHLMCGLD 2.5% 09/29","15yr",,,,,"99305.99",,,,,,""
"2021-04-21","'3140L05E3'","MBS","UMBS MORTPASS 2% 02/51","30yr",,,,,"99296.49",,,,,,""
"2021-04-21","'36181FC58'","MBS","GNMA I 3.5% 06/43","30yr",,,,,"99231.59",,,,,,""
"2021-04-21","'3138W3XQ1'","MBS","UMBS MORTPASS 3.5% 02/43","30yr",,,,,"99136.16",,,,,,""
"2021-04-21","'3132A7HZ7'","MBS","UMBS MORTPASS 3% 08/27","15yr",,,,,"99123.56",,,,,,""
"2021-04-21","'3138YGE32'","MBS","UMBS MORTPASS 3% 03/45","30yr",,,,,"99098.8",,,,,,""
"2021-04-21","'3131X7LA4'","MBS","UMBS MORTPASS 2.5% 02/22","Other",,,,,"98933.65",,,,,,""
"2021-04-21","'3140JKZ41'","MBS","UMBS MORTPASS 3% 02/34","15yr",,,,,"98900.54",,,,,,""
"2021-04-21","'36179JHD2'","MBS","GNMA I MORTPASS 3% 02/43","30yr",,,,,"98887.95",,,,,,""
"2021-04-21","'3140Q83U7'","MBS","UMBS MORTPASS 4.5% 05/48","30yr",,,,,"98827.36",,,,,,""
"2021-04-21","'3138E8P97'","MBS","UMBS MORTPASS 3% 02/27","15yr",,,,,"98817.28",,,,,,""
"2021-04-21","'3140FS6J7'","MBS","UMBS MORTPASS 3% 03/32","15yr",,,,,"98810.36",,,,,,""
"2021-04-21","'36180DPJ0'","MBS","GNMA I 3.5% 02/43","30yr",,,,,"98801.42",,,,,,""
"2021-04-21","'3620AB7J9'","MBS","GNMA I MORTPASS 5% 02/40","30yr",,,,,"98702",,,,,,""
"2021-04-21","'3140QHER2'","MBS","UMBS MORTPASS 2% 02/36","15yr",,,,,"98625.62",,,,,,""
"2021-04-21","'31307HYQ4'","MBS","FHLMCGLD 3% 07/29","15yr",,,,,"98598.26",,,,,,""
"2021-04-21","'36297CS42'","MBS","GNMA I 4.5% 09/39","30yr",,,,,"98594.8",,,,,,""
"2021-04-21","'31417BBT3'","MBS","UMBS MORTPASS 2.5% 03/22","Other",,,,,"98589.61",,,,,,""
"2021-04-21","'36178BZN8'","MBS","GNMA I 3.5% 11/42","30yr",,,,,"98566.36",,,,,,""
"2021-04-21","'3131Y33N4'","MBS","UMBS MORTPASS 4% 10/48","30yr",,,,,"98562.97",,,,,,""
"2021-04-21","'3140QG3D7'","MBS","UMBS MORTPASS 2.5% 02/51","30yr",,,,,"98474.05",,,,,,""
"2021-04-21","'3620A4RM6'","MBS","GNMA I 4.5% 08/39","30yr",,,,,"98426.01",,,,,,""
"2021-04-21","'312944M57'","MBS","FHLMCGLD 4.5% 12/40","30yr",,,,,"98384.49",,,,,,""
"2021-04-21","'36295YU50'","MBS","GNMA I 4.5% 03/38","30yr",,,,,"98359.32",,,,,,""
"2021-04-21","'31419FEQ5'","MBS","UMBS MORTPASS 4% 10/40","30yr",,,,,"98328.22",,,,,,""
"2021-04-21","'36297EL45'","MBS","GNMA I MORTPASS 6% 03/39","30yr",,,,,"98241.93",,,,,,""
"2021-04-21","'36176ATV1'","MBS","GNMA I MORTPASS 4% 08/41","30yr",,,,,"98217.47",,,,,,""
"2021-04-21","'3140FCY77'","MBS","UMBS MORTPASS 4% 08/46","30yr",,,,,"98212.47",,,,,,""
"2021-04-21","'3620AALC0'","MBS","GNMA I MORTPASS 5% 11/39","30yr",,,,,"98192.15",,,,,,""
"2021-04-21","'3128MDYE7'","MBS","FHLMCGLD 3% 03/24","15yr",,,,,"98163.7",,,,,,""
"2021-04-21","'31402YGE8'","MBS","UMBS MORTPASS 5% 10/33","30yr",,,,,"98156.6",,,,,,""
"2021-04-21","'3133L8B20'","MBS","UMBS MORTPASS 1.5% 02/36","15yr",,,,,"98142.68",,,,,,""
"2021-04-21","'36202FXW1'","MBS","GNMA II MORTPASS 3% 09/41","30yr",,,,,"98009.59",,,,,,""
"2021-04-21","'3138ERPJ3'","MBS","UMBS MORTPASS 3.5% 11/46","30yr",,,,,"97997.66",,,,,,""
"2021-04-21","'3140J9SP7'","MBS","UMBS MORTPASS 3% 10/48","30yr",,,,,"97972.41",,,,,,""
"2021-04-21","'3140FUWT1'","MBS","UMBS MORTPASS 2.5% 05/32","15yr",,,,,"97962.48",,,,,,""
"2021-04-21","'3140FHP35'","MBS","UMBS MORTPASS 2.5% 11/31","15yr",,,,,"97863.31",,,,,,""
"2021-04-21","'36295RW38'","MBS","GNMA I 4.5% 01/40","30yr",,,,,"97840.96",,,,,,""
"2021-04-21","'31339UAQ3'","MBS","UMBS MORTPASS 3% 10/49","30yr",,,,,"97829.22",,,,,,""
"2021-04-21","'3138WD2K6'","MBS","UMBS MORTPASS 4% 02/45","30yr",,,,,"97825.69",,,,,,""
"2021-04-21","'3132CJAP8'","MBS","UMBS MORTPASS 3% 07/28","Other",,,,,"97824",,,,,,""
"2021-04-21","'3128P7LX9'","MBS","FHLMCGLD 4% 02/29","Other",,,,,"97700.95",,,,,,""
"2021-04-21","'36181RC52'","MBS","GNMA I MORTPASS 4% 08/43","30yr",,,,,"97700.24",,,,,,""
"2021-04-21","'3140Q9MT7'","MBS","UMBS MORTPASS 4.5% 08/48","30yr",,,,,"97684.96",,,,,,""
"2021-04-21","'3138AUNR4'","MBS","UMBS MORTPASS 3% 12/26","15yr",,,,,"97684.35",,,,,,""
"2021-04-21","'3138LTLA4'","MBS","UMBS MORTPASS 3% 05/27","15yr",,,,,"97645.81",,,,,,""
"2021-04-21","'3133ABVV9'","MBS","UMBS MORTPASS 2% 10/50","30yr",,,,,"97596.3",,,,,,""
"2021-04-21","'31335AYK8'","MBS","FHLMCGLD 4% 01/46","30yr",,,,,"97549.98",,,,,,""
"2021-04-21","'3138X1X76'","MBS","UMBS MORTPASS 3% 07/28","15yr",,,,,"97526.7",,,,,,""
"2021-04-21","'3620AB5A0'","MBS","GNMA I MORTPASS 5% 12/39","30yr",,,,,"97520.79",,,,,,""
"2021-04-21","'36296WQ74'","MBS","GNMA I MORTPASS 5% 02/39","30yr",,,,,"97460.87",,,,,,""
"2021-04-21","'3140EVMR5'","MBS","UMBS MORTPASS 2.5% 12/30","15yr",,,,,"97457.11",,,,,,""
"2021-04-21","'3620AGU86'","MBS","GNMA I MORTPASS 5% 01/40","30yr",,,,,"97428.31",,,,,,""
"2021-04-21","'3138EE3C1'","MBS","UMBS MORTPASS 3% 03/27","15yr",,,,,"97424.64",,,,,,""
"2021-04-21","'3138ETNR3'","MBS","UMBS MORTPASS 3% 05/30","15yr",,,,,"97406.41",,,,,,""
"2021-04-21","'31371N5L5'","MBS","UMBS MORTPASS 5.5% 11/28","Other",,,,,"97404.35",,,,,,""
"2021-04-21","'3133A2BS8'","MBS","UMBS MORTPASS 3% 02/50","30yr",,,,,"97398.86",,,,,,""
"2021-04-21","'3620ARQP9'","MBS","GNMA I 3.5% 11/40","30yr",,,,,"97353.72",,,,,,""
"2021-04-21","'3128MMSE4'","MBS","FHLMCGLD 3.5% 06/29","15yr",,,,,"97332.35",,,,,,""
"2021-04-21","'3133GBTW4'","MBS","UMBS MORTPASS 1.5% 01/36","15yr",,,,,"97329.57",,,,,,""
"2021-04-21","'3138LRL83'","MBS","UMBS MORTPASS 2.5% 05/27","15yr",,,,,"97252.49",,,,,,""
"2021-04-21","'36201UGP3'","MBS","GNMA I MORTPASS 5% 07/33","30yr",,,,,"97220.33",,,,,,""
"2021-04-21","'31419MBH3'","MBS","UMBS MORTPASS 3% 12/25","15yr",,,,,"97195.05",,,,,,""
"2021-04-21","'31307MXA9'","MBS","FHLMCGLD 3% 05/30","15yr",,,,,"97163.4",,,,,,""
"2021-04-21","'3128PL6D9'","MBS","FHLMCGLD 5.5% 12/23","15yr",,,,,"97143.7",,,,,,""
"2021-04-21","'3140X4QT6'","MBS","UMBS MORTPASS 3.5% 08/49","30yr",,,,,"97087.68",,,,,,""
"2021-04-21","'3620A1XJ2'","MBS","GNMA I 4.5% 05/39","30yr",,,,,"97049.35",,,,,,""
"2021-04-21","'3138WHNY4'","MBS","UMBS MORTPASS 2.5% 07/31","15yr",,,,,"97038.9",,,,,,""
"2021-04-21","'3140X9FW0'","MBS","UMBS MORTPASS 1.5% 01/36","15yr",,,,,"97024.88",,,,,,""
"2021-04-21","'3140HMH23'","MBS","UMBS MORTPASS 3.5% 09/48","30yr",,,,,"97017.89",,,,,,""
"2021-04-21","'3140HMGJ7'","MBS","UMBS MORTPASS 3.5% 07/48","30yr",,,,,"97012.34",,,,,,""
"2021-04-21","'312942MQ5'","MBS","FHLMCGLD 3.5% 09/40","30yr",,,,,"96950.34",,,,,,""
"2021-04-21","'3620AB5U6'","MBS","GNMA I MORTPASS 5% 12/39","30yr",,,,,"96943.83",,,,,,""
"2021-04-21","'3140HER61'","MBS","UMBS MORTPASS 3.5% 03/33","15yr",,,,,"96925.81",,,,,,""
"2021-04-21","'3620A5V55'","MBS","GNMA I MORTPASS 5% 10/39","30yr",,,,,"96917.24",,,,,,""
"2021-04-21","'36297BAB7'","MBS","GNMA I MORTPASS 5% 05/39","30yr",,,,,"96902.44",,,,,,""
"2021-04-21","'3140F9WL5'","MBS","UMBS MORTPASS 3.5% 01/47","30yr",,,,,"96901.09",,,,,,""
"2021-04-21","'36177KHV1'","MBS","GNMA I MORTPASS 4% 03/42","30yr",,,,,"96885.19",,,,,,""
"2021-04-21","'36296S6U4'","MBS","GNMA I 4.5% 02/39","30yr",,,,,"96881.66",,,,,,""
"2021-04-21","'36296YVZ2'","MBS","GNMA I 4.5% 01/39","30yr",,,,,"96833.63",,,,,,""
"2021-04-21","'31416XH29'","MBS","UMBS MORTPASS 3% 01/26","15yr",,,,,"96833.31",,,,,,""
"2021-04-21","'36180C3Z0'","MBS","GNMA I MORTPASS 3% 02/43","30yr",,,,,"96818.16",,,,,,""
"2021-04-21","'3132A63F8'","MBS","UMBS MORTPASS 3% 01/26","15yr",,,,,"96750.76",,,,,,""
"2021-04-21","'3128MDSM6'","MBS","FHLMCGLD 4% 06/26","15yr",,,,,"96715.56",,,,,,""
"2021-04-21","'3128PQPU9'","MBS","FHLMCGLD 4.5% 12/24","15yr",,,,,"96713.19",,,,,,""
"2021-04-21","'3140X5CS0'","MBS","UMBS MORTPASS 3% 05/33","15yr",,,,,"96609.76",,,,,,""
"2021-04-21","'3140H7LY1'","MBS","UMBS MORTPASS 4% 05/48","30yr",,,,,"96604.81",,,,,,""
"2021-04-21","'3140KMTG5'","MBS","UMBS MORTPASS 2% 09/50","30yr",,,,,"96579.71",,,,,,""
"2021-04-21","'3138YTPA6'","MBS","UMBS MORTPASS 2.5% 08/30","15yr",,,,,"96515.81",,,,,,""
"2021-04-21","'3138WJB98'","MBS","UMBS MORTPASS 2.5% 10/26","Other",,,,,"96408.64",,,,,,""
"2021-04-21","'3128PPKZ5'","MBS","FHLMCGLD 4% 07/24","15yr",,,,,"96366.01",,,,,,""
"2021-04-21","'36297H2X5'","MBS","GNMA I 4.5% 06/39","30yr",,,,,"96360.95",,,,,,""
"2021-04-21","'3620A1T24'","MBS","GNMA I 4.5% 11/39","30yr",,,,,"96357.27",,,,,,""
"2021-04-21","'3140HL4N3'","MBS","UMBS MORTPASS 4% 07/48","30yr",,,,,"96339.69",,,,,,""
"2021-04-21","'31417LNR2'","MBS","UMBS MORTPASS 4% 07/24","15yr",,,,,"96323.27",,,,,,""
"2021-04-21","'3140X8QD2'","MBS","UMBS MORTPASS 1.5% 11/35","15yr",,,,,"96291.73",,,,,,""
"2021-04-21","'31412QJW0'","MBS","UMBS MORTPASS 4.5% 09/24","15yr",,,,,"96234.97",,,,,,""
"2021-04-21","'3138WFAH9'","MBS","UMBS MORTPASS 2.5% 07/30","15yr",,,,,"96225.9",,,,,,""
"2021-04-21","'36180CQ69'","MBS","GNMA I MORTPASS 3% 04/43","30yr",,,,,"96184.09",,,,,,""
"2021-04-21","'36296ME53'","MBS","GNMA I 4.5% 03/39","30yr",,,,,"96144.23",,,,,,""
"2021-04-21","'36211A2R6'","MBS","GNMA I MORTPASS 4% 06/41","30yr",,,,,"96075.51",,,,,,""
"2021-04-21","'3132A5HQ1'","MBS","UMBS MORTPASS 3.5% 10/47","30yr",,,,,"96026.78",,,,,,""
"2021-04-21","'3133KHJM9'","MBS","UMBS MORTPASS 3.5% 01/50","30yr",,,,,"96017.87",,,,,,""
"2021-04-21","'3140F85P8'","MBS","UMBS MORTPASS 2.5% 06/31","15yr",,,,,"96008.3",,,,,,""
"2021-04-21","'3140L1QK4'","MBS","UMBS MORTPASS 1.5% 02/51","30yr",,,,,"96000.04",,,,,,""
"2021-04-21","'3620A1ST6'","MBS","GNMA I MORTPASS 5% 09/39","30yr",,,,,"95988.81",,,,,,""
"2021-04-21","'312939VE8'","MBS","FHLMCGLD 4.5% 03/40","30yr",,,,,"95973.61",,,,,,""
"2021-04-21","'36176VNG4'","MBS","GNMA I 3.5% 07/42","30yr",,,,,"95894.32",,,,,,""
"2021-04-21","'3132QQTF9'","MBS","FHLMCGLD 3% 06/45","30yr",,,,,"95847.08",,,,,,""
"2021-04-21","'31412UP87'","MBS","UMBS MORTPASS 6% 05/39","30yr",,,,,"95698.96",,,,,,""
"2021-04-21","'3138Y5XW1'","MBS","UMBS MORTPASS 2.5% 01/30","15yr",,,,,"95617.23",,,,,,""
"2021-04-21","'312941LA3'","MBS","FHLMCGLD 5% 07/40","30yr",,,,,"95593.56",,,,,,""
"2021-04-21","'36179VKN9'","MBS","GNMA II MORTPASS 4% 04/50","30yr",,,,,"95575.02",,,,,,""
"2021-04-21","'3138EJB49'","MBS","UMBS MORTPASS 3% 07/27","15yr",,,,,"95528.24",,,,,,""
"2021-04-21","'31307EE67'","MBS","FHLMCGLD 3.5% 09/28","15yr",,,,,"95460.24",,,,,,""
"2021-04-21","'3140KQQU8'","MBS","UMBS MORTPASS 2% 10/35","15yr",,,,,"95409.54",,,,,,""
"2021-04-21","'36177RRD5'","MBS","GNMA I MORTPASS 4% 02/42","30yr",,,,,"95403.25",,,,,,""
"2021-04-21","'31417LMX0'","MBS","UMBS MORTPASS 4% 06/39","30yr",,,,,"95365.21",,,,,,""
"2021-04-21","'31410XQM1'","MBS","UMBS MORTPASS 6.5% 09/36","30yr",,,,,"95329.52",,,,,,""
"2021-04-21","'36177UNY6'","MBS","GNMA I 3.5% 04/42","30yr",,,,,"95308.32",,,,,,""
"2021-04-21","'36179UN73'","MBS","GNMA II 2.5% 02/49","30yr",,,,,"95279.52",,,,,,""
"2021-04-21","'3620A6XQ5'","MBS","GNMA I MORTPASS 5% 11/39","30yr",,,,,"95254.13",,,,,,""
"2021-04-21","'36297ETN5'","MBS","GNMA I MORTPASS 5% 10/39","30yr",,,,,"95244.76",,,,,,""
"2021-04-21","'3128PVJY7'","MBS","FHLMCGLD 4% 06/26","15yr",,,,,"95238.08",,,,,,""
"2021-04-21","'3128MMTC7'","MBS","FHLMCGLD 3.5% 03/30","15yr",,,,,"95197.3",,,,,,""
"2021-04-21","'3128PNAM0'","MBS","FHLMCGLD 4% 06/24","15yr",,,,,"95031.57",,,,,,""
"2021-04-21","'3140JGYY5'","MBS","UMBS MORTPASS 3.5% 09/33","15yr",,,,,"95001.79",,,,,,""
"2021-04-21","'3138EP4Z4'","MBS","UMBS MORTPASS 3% 07/30","15yr",,,,,"94953.02",,,,,,""
"2021-04-21","'31417BX93'","MBS","UMBS MORTPASS 2.5% 05/22","Other",,,,,"94949.59",,,,,,""
"2021-04-21","'36297GGX2'","MBS","GNMA I 4.5% 05/39","30yr",,,,,"94938.63",,,,,,""
"2021-04-21","'3140JLP81'","MBS","UMBS MORTPASS 4% 12/48","30yr",,,,,"94904.37",,,,,,""
"2021-04-21","'31307HQD2'","MBS","FHLMCGLD 3% 07/24","15yr",,,,,"94902.96",,,,,,""
"2021-04-21","'36177S4X4'","MBS","GNMA I 3.5% 03/42","30yr",,,,,"94875.84",,,,,,""
"2021-04-21","'3138WHBW1'","MBS","UMBS MORTPASS 4.5% 05/46","30yr",,,,,"94858.95",,,,,,""
"2021-04-21","'31307TPT2'","MBS","FHLMCGLD 2.5% 03/32","15yr",,,,,"94846.09",,,,,,""
"2021-04-21","'3132A7ZL8'","MBS","UMBS MORTPASS 3% 11/29","15yr",,,,,"94811.64",,,,,,""
"2021-04-21","'36297KVH1'","MBS","GNMA I 4.5% 05/39","30yr",,,,,"94810.92",,,,,,""
"2021-04-21","'3140JJJ91'","MBS","UMBS MORTPASS 3.5% 10/33","15yr",,,,,"94704.46",,,,,,""
"2021-04-21","'3620A7MQ5'","MBS","GNMA I 4.5% 11/39","30yr",,,,,"94657.88",,,,,,""
"2021-04-21","'3140GYGZ6'","MBS","UMBS MORTPASS 3.5% 01/48","30yr",,,,,"94646.29",,,,,,""
"2021-04-21","'36295GVX7'","MBS","GNMA I MORTPASS 5% 07/37","30yr",,,,,"94641.29",,,,,,""
"2021-04-21","'36297HZ35'","MBS","GNMA I MORTPASS 4% 05/39","30yr",,,,,"94566.41",,,,,,""
"2021-04-21","'3128MMUK7'","MBS","FHLMCGLD 2% 01/31","15yr",,,,,"94505.51",,,,,,""
"2021-04-21","'3138XSQH3'","MBS","UMBS MORTPASS 2% 07/29","15yr",,,,,"94478.38",,,,,,""
"2021-04-21","'3140J9VK4'","MBS","UMBS MORTPASS 4.5% 11/48","30yr",,,,,"94411.1",,,,,,""
"2021-04-21","'3620AGT54'","MBS","GNMA I MORTPASS 5% 01/40","30yr",,,,,"94377.12",,,,,,""
"2021-04-21","'3140JMQQ8'","MBS","UMBS MORTPASS 4.5% 12/48","30yr",,,,,"94356.33",,,,,,""
"2021-04-21","'3620AGVG7'","MBS","GNMA I MORTPASS 5% 01/40","30yr",,,,,"94343.76",,,,,,""
"2021-04-21","'3128MMVB6'","MBS","FHLMCGLD 2% 08/31","15yr",,,,,"94304.59",,,,,,""
"2021-04-21","'36295P3Q3'","MBS","GNMA I MORTPASS 4% 03/38","30yr",,,,,"94300.93",,,,,,""
"2021-04-21","'36291UPB5'","MBS","GNMA I MORTPASS 4% 05/39","30yr",,,,,"94273.15",,,,,,""
"2021-04-21","'3140X4VJ2'","MBS","UMBS MORTPASS 3% 02/33","15yr",,,,,"94267.73",,,,,,""
"2021-04-21","'3128MEUF6'","MBS","FHLMCGLD 2.5% 04/26","15yr",,,,,"94259.21",,,,,,""
"2021-04-21","'3132CWPT5'","MBS","UMBS MORTPASS 2% 10/35","15yr",,,,,"94258.08",,,,,,""
"2021-04-21","'31418AEL8'","MBS","UMBS MORTPASS 4% 04/32","Other",,,,,"94246.21",,,,,,""
"2021-04-21","'36178KX26'","MBS","GNMA I 3.5% 05/43","30yr",,,,,"94228.23",,,,,,""
"2021-04-21","'36296WQZ2'","MBS","GNMA I 4.5% 02/39","30yr",,,,,"94195.26",,,,,,""
"2021-04-21","'36295RUS5'","MBS","GNMA I MORTPASS 5% 04/38","30yr",,,,,"93989.19",,,,,,""
"2021-04-21","'3140JPPG4'","MBS","UMBS MORTPASS 3% 06/49","30yr",,,,,"93984.92",,,,,,""
"2021-04-21","'31329LDW9'","MBS","UMBS MORTPASS 2% 02/28","15yr",,,,,"93902.36",,,,,,""
"2021-04-21","'31417C7D1'","MBS","UMBS MORTPASS 3% 09/27","15yr",,,,,"93855.01",,,,,,""
"2021-04-21","'3138X16G6'","MBS","UMBS MORTPASS 2.5% 10/28","15yr",,,,,"93851.95",,,,,,""
"2021-04-21","'3138AVAZ8'","MBS","UMBS MORTPASS 3% 11/26","15yr",,,,,"93814.53",,,,,,""
"2021-04-21","'3131Y0AL6'","MBS","UMBS MORTPASS 3.5% 01/48","30yr",,,,,"93757.98",,,,,,""
"2021-04-21","'36297ECP8'","MBS","GNMA I 4.5% 09/39","30yr",,,,,"93703.89",,,,,,""
"2021-04-21","'36176CH32'","MBS","GNMA I MORTPASS 4% 02/41","30yr",,,,,"93698.98",,,,,,""
"2021-04-21","'3131X7RV2'","MBS","UMBS MORTPASS 2.5% 04/27","15yr",,,,,"93669.8",,,,,,""
"2021-04-21","'3140J7R56'","MBS","UMBS MORTPASS 3% 12/32","15yr",,,,,"93635.25",,,,,,""
"2021-04-21","'3138X5WB9'","MBS","UMBS MORTPASS 3.5% 09/28","15yr",,,,,"93634.86",,,,,,""
"2021-04-21","'31335ADG0'","MBS","FHLMCGLD 3.5% 06/45","30yr",,,,,"93604.49",,,,,,""
"2021-04-21","'3138MBN69'","MBS","UMBS MORTPASS 2.5% 10/27","15yr",,,,,"93573.64",,,,,,""
"2021-04-21","'3138WDDK4'","MBS","UMBS MORTPASS 2.5% 11/24","Other",,,,,"93527.52",,,,,,""
"2021-04-21","'3140K1GQ3'","MBS","UMBS MORTPASS 3% 09/49","30yr",,,,,"93455.69",,,,,,""
"2021-04-21","'3138WVUG4'","MBS","UMBS MORTPASS 2.5% 06/28","15yr",,,,,"93444.66",,,,,,""
"2021-04-21","'3140F3Z84'","MBS","UMBS MORTPASS 2.5% 05/46","30yr",,,,,"93381.1",,,,,,""
"2021-04-21","'3140JUP99'","MBS","UMBS MORTPASS 3.5% 07/49","30yr",,,,,"93370.42",,,,,,""
"2021-04-21","'36295YFE8'","MBS","GNMA I 4.5% 09/39","30yr",,,,,"93369.3",,,,,,""
"2021-04-21","'36212PCX8'","MBS","GNMA I 3.5% 05/42","30yr",,,,,"93366.16",,,,,,""
"2021-04-21","'36296LM23'","MBS","GNMA I 4.5% 03/39","30yr",,,,,"93311.66",,,,,,""
"2021-04-21","'36297ESA4'","MBS","GNMA I MORTPASS 5% 09/39","30yr",,,,,"93277.74",,,,,,""
"2021-04-21","'36200THF8'","MBS","GNMA I 4.5% 12/39","30yr",,,,,"93198.7",,,,,,""
"2021-04-21","'36297FA85'","MBS","GNMA I 4.5% 05/39","30yr",,,,,"93172.11",,,,,,""
"2021-04-21","'31417VAB9'","MBS","UMBS MORTPASS 5% 06/36","30yr",,,,,"93067.63",,,,,,""
"2021-04-21","'3138Y14P7'","MBS","UMBS MORTPASS 3% 09/44","30yr",,,,,"92955.88",,,,,,""
"2021-04-21","'31307EXS8'","MBS","FHLMCGLD 3.5% 11/28","15yr",,,,,"92925.76",,,,,,""
"2021-04-21","'3133KKQX0'","MBS","UMBS MORTPASS 2.5% 11/50","30yr",,,,,"92925.24",,,,,,""
"2021-04-21","'36176LVQ5'","MBS","GNMA I MORTPASS 4% 09/41","30yr",,,,,"92917.03",,,,,,""
"2021-04-21","'31419AYA9'","MBS","UMBS MORTPASS 4% 01/26","15yr",,,,,"92895.35",,,,,,""
"2021-04-21","'31417FMN5'","MBS","UMBS MORTPASS 2.5% 02/43","30yr",,,,,"92862.25",,,,,,""
"2021-04-21","'3140FME93'","MBS","UMBS MORTPASS 4% 11/46","30yr",,,,,"92855.65",,,,,,""
"2021-04-21","'3140Q7GK7'","MBS","UMBS MORTPASS 3.5% 08/32","15yr",,,,,"92835.2",,,,,,""
"2021-04-21","'3138LXVF3'","MBS","UMBS MORTPASS 3% 07/27","15yr",,,,,"92745.61",,,,,,""
"2021-04-21","'31417GNE2'","MBS","UMBS MORTPASS 2% 05/23","Other",,,,,"92740.1",,,,,,""
"2021-04-21","'3140Q9E25'","MBS","UMBS MORTPASS 4.5% 06/48","30yr",,,,,"92726.25",,,,,,""
"2021-04-21","'31418RMW8'","MBS","UMBS MORTPASS 4.5% 05/40","30yr",,,,,"92660.27",,,,,,""
"2021-04-21","'3140HMHH0'","MBS","UMBS MORTPASS 3% 08/33","15yr",,,,,"92612.62",,,,,,""
"2021-04-21","'3140H46U3'","MBS","UMBS MORTPASS 4% 12/47","30yr",,,,,"92585.59",,,,,,""
"2021-04-21","'3138XC4K5'","MBS","UMBS MORTPASS 3% 11/28","15yr",,,,,"92566.18",,,,,,""
"2021-04-21","'3138Y9SR0'","MBS","UMBS MORTPASS 2.5% 03/30","15yr",,,,,"92563.44",,,,,,""
"2021-04-21","'31307JHD8'","MBS","FHLMCGLD 3.5% 08/29","15yr",,,,,"92338.52",,,,,,""
"2021-04-21","'3138E9TH3'","MBS","UMBS MORTPASS 3% 03/27","15yr",,,,,"92304.61",,,,,,""
"2021-04-21","'3138MJCG2'","MBS","UMBS MORTPASS 2.5% 10/27","15yr",,,,,"92266.42",,,,,,""
"2021-04-21","'3132A8JF7'","MBS","UMBS MORTPASS 3% 11/28","15yr",,,,,"92263.49",,,,,,""
"2021-04-21","'31411YLM3'","MBS","UMBS MORTPASS 5.5% 05/37","30yr",,,,,"92232.23",,,,,,""
"2021-04-21","'3138EJCF3'","MBS","UMBS MORTPASS 3% 06/27","15yr",,,,,"92184.09",,,,,,""
"2021-04-21","'36297HXT0'","MBS","GNMA I MORTPASS 5% 04/39","30yr",,,,,"92176.81",,,,,,""
"2021-04-21","'3140JR4G3'","MBS","UMBS MORTPASS 3.5% 06/49","30yr",,,,,"92128.57",,,,,,""
"2021-04-21","'31307M4L7'","MBS","FHLMCGLD 2.5% 05/30","15yr",,,,,"92123.9",,,,,,""
"2021-04-21","'3140FF4U2'","MBS","UMBS MORTPASS 2.5% 09/31","15yr",,,,,"92092.67",,,,,,""
"2021-04-21","'31417Y6Z5'","MBS","UMBS MORTPASS 3% 10/26","15yr",,,,,"92013.2",,,,,,""
"2021-04-21","'3620A8S38'","MBS","GNMA I MORTPASS 5% 12/39","30yr",,,,,"91919.02",,,,,,""
"2021-04-21","'3138YHRB8'","MBS","UMBS MORTPASS 4% 02/45","30yr",,,,,"91907.6",,,,,,""
"2021-04-21","'31388WXC5'","MBS","UMBS MORTPASS 5.5% 01/32","30yr",,,,,"91883.41",,,,,,""
"2021-04-21","'31418B6X9'","MBS","UMBS MORTPASS 3.5% 07/31","15yr",,,,,"91839.37",,,,,,""
"2021-04-21","'3138Y3RM5'","MBS","UMBS MORTPASS 2.5% 09/29","15yr",,,,,"91837.91",,,,,,""
"2021-04-21","'3128KGKK3'","MBS","FHLMCGLD 6.5% 11/36","30yr",,,,,"91829.23",,,,,,""
"2021-04-21","'3131X7DS4'","MBS","UMBS MORTPASS 3% 11/26","15yr",,,,,"91797.27",,,,,,""
"2021-04-21","'31417VMN0'","MBS","UMBS MORTPASS 4% 02/25","15yr",,,,,"91779.8",,,,,,""
"2021-04-21","'31335AYV4'","MBS","FHLMCGLD 3% 10/46","30yr",,,,,"91763",,,,,,""
"2021-04-21","'3140E7FY1'","MBS","UMBS MORTPASS 3% 11/30","15yr",,,,,"91640.08",,,,,,""
"2021-04-21","'36177KVJ2'","MBS","GNMA I 3.5% 01/42","30yr",,,,,"91611.14",,,,,,""
"2021-04-21","'3140HFJA8'","MBS","UMBS MORTPASS 3.5% 03/48","30yr",,,,,"91560.18",,,,,,""
"2021-04-21","'3140JXSL3'","MBS","UMBS MORTPASS 2% 10/34","15yr",,,,,"91529.27",,,,,,""
"2021-04-21","'36179FX34'","MBS","GNMA I MORTPASS 4% 07/43","30yr",,,,,"91521.99",,,,,,""
"2021-04-21","'3620A5R27'","MBS","GNMA I 4.5% 07/39","30yr",,,,,"91483.57",,,,,,""
"2021-04-21","'3140Q7RG4'","MBS","UMBS MORTPASS 3.5% 10/47","30yr",,,,,"91472.5",,,,,,""
"2021-04-21","'3133A0G73'","MBS","UMBS MORTPASS 3% 12/49","30yr",,,,,"91406.55",,,,,,""
"2021-04-21","'3138EJB80'","MBS","UMBS MORTPASS 3% 04/27","15yr",,,,,"91299.14",,,,,,""
"2021-04-21","'36176P6D3'","MBS","GNMA I MORTPASS 4% 08/41","30yr",,,,,"91260.64",,,,,,""
"2021-04-21","'3138WE2L2'","MBS","UMBS MORTPASS 2.5% 06/30","15yr",,,,,"91242.1",,,,,,""
"2021-04-21","'36202W4V8'","MBS","GNMA I MORTPASS 5% 09/33","30yr",,,,,"91153.13",,,,,,""
"2021-04-21","'31417UER2'","MBS","UMBS MORTPASS 5% 05/40","30yr",,,,,"91122.29",,,,,,""
"2021-04-21","'3132WDDB7'","MBS","FHLMCGLD 4.5% 04/46","30yr",,,,,"91028.21",,,,,,""
"2021-04-21","'36297DHH3'","MBS","GNMA I 4.5% 07/39","30yr",,,,,"91019.88",,,,,,""
"2021-04-21","'3140J9YJ4'","MBS","UMBS MORTPASS 4.5% 12/48","30yr",,,,,"90910",,,,,,""
"2021-04-21","'3138Y23K7'","MBS","UMBS MORTPASS 2.5% 12/29","15yr",,,,,"90899.14",,,,,,""
"2021-04-21","'3140FKU40'","MBS","UMBS MORTPASS 4% 12/46","30yr",,,,,"90876.74",,,,,,""
"2021-04-21","'3133A2TR1'","MBS","UMBS MORTPASS 3.5% 03/50","30yr",,,,,"90818.2",,,,,,""
"2021-04-21","'31419JER5'","MBS","UMBS MORTPASS 3.5% 11/25","15yr",,,,,"90746.23",,,,,,""
"2021-04-21","'3138WJSC3'","MBS","UMBS MORTPASS 3.5% 01/32","15yr",,,,,"90714.29",,,,,,""
"2021-04-21","'31418ANK0'","MBS","UMBS MORTPASS 2% 12/27","15yr",,,,,"90712.68",,,,,,""
"2021-04-21","'3128PQMG3'","MBS","FHLMCGLD 4% 11/24","15yr",,,,,"90663.76",,,,,,""
"2021-04-21","'3138ALUX3'","MBS","UMBS MORTPASS 3% 10/26","15yr",,,,,"90659.99",,,,,,""
"2021-04-21","'36178NFM6'","MBS","GNMA I MORTPASS 3% 09/42","30yr",,,,,"90639.33",,,,,,""
"2021-04-21","'3138WCW58'","MBS","UMBS MORTPASS 3.5% 09/29","15yr",,,,,"90614.45",,,,,,""
"2021-04-21","'3132ADWK0'","MBS","UMBS MORTPASS 2.5% 07/32","15yr",,,,,"90595.19",,,,,,""
"2021-04-21","'31416JYN5'","MBS","UMBS MORTPASS 6.5% 01/39","30yr",,,,,"90577.44",,,,,,""
"2021-04-21","'3128MMWK5'","MBS","FHLMCGLD 4% 05/32","15yr",,,,,"90575.89",,,,,,""
"2021-04-21","'3138YD5M7'","MBS","UMBS MORTPASS 3% 12/44","30yr",,,,,"90565.92",,,,,,""
"2021-04-21","'36296VBH0'","MBS","GNMA I 4.5% 06/39","30yr",,,,,"90471.36",,,,,,""
"2021-04-21","'3620AGY74'","MBS","GNMA I MORTPASS 5% 03/40","30yr",,,,,"90465.83",,,,,,""
"2021-04-21","'3140F5QW6'","MBS","UMBS MORTPASS 3% 06/46","30yr",,,,,"90418.86",,,,,,""
"2021-04-21","'3140X4MM5'","MBS","UMBS MORTPASS 4.5% 07/49","30yr",,,,,"90417.76",,,,,,""
"2021-04-21","'36200TQM3'","MBS","GNMA I MORTPASS 5% 08/33","30yr",,,,,"90327.02",,,,,,""
"2021-04-21","'36176QNN0'","MBS","GNMA I 3.5% 01/42","30yr",,,,,"90314.6",,,,,,""
"2021-04-21","'31329KUE2'","MBS","UMBS MORTPASS 2.5% 05/35","Other",,,,,"90232.04",,,,,,""
"2021-04-21","'3140HPXY8'","MBS","UMBS MORTPASS 3% 12/33","15yr",,,,,"90154.88",,,,,,""
"2021-04-21","'3128P7P98'","MBS","FHLMCGLD 4% 12/30","Other",,,,,"90151.33",,,,,,""
"2021-04-21","'3132A9L47'","MBS","UMBS MORTPASS 3% 10/26","15yr",,,,,"90143.13",,,,,,""
"2021-04-21","'3140X73K3'","MBS","UMBS MORTPASS 2% 09/50","30yr",,,,,"90085.24",,,,,,""
"2021-04-21","'3132QTVA1'","MBS","FHLMCGLD 3.5% 10/45","30yr",,,,,"89957.86",,,,,,""
"2021-04-21","'31418BXQ4'","MBS","UMBS MORTPASS 3.5% 12/30","15yr",,,,,"89913.02",,,,,,""
"2021-04-21","'36297ESN6'","MBS","GNMA I MORTPASS 5% 10/39","30yr",,,,,"89865.96",,,,,,""
"2021-04-21","'3133G7CL5'","MBS","UMBS MORTPASS 2% 11/34","15yr",,,,,"89840.61",,,,,,""
"2021-04-21","'3128PQCD1'","MBS","FHLMCGLD 4% 07/24","15yr",,,,,"89812.75",,,,,,""
"2021-04-21","'3140J9G54'","MBS","UMBS MORTPASS 3% 01/31","15yr",,,,,"89791.95",,,,,,""
"2021-04-21","'31416UAX4'","MBS","UMBS MORTPASS 6% 06/39","30yr",,,,,"89741.85",,,,,,""
"2021-04-21","'3620A8PV9'","MBS","GNMA I MORTPASS 5% 12/39","30yr",,,,,"89728.25",,,,,,""
"2021-04-21","'3620AB7G5'","MBS","GNMA I MORTPASS 5% 02/40","30yr",,,,,"89728.1",,,,,,""
"2021-04-21","'3620AF4P9'","MBS","GNMA I MORTPASS 5% 01/40","30yr",,,,,"89695.87",,,,,,""
"2021-04-21","'3128ME3K5'","MBS","FHLMCGLD 2.5% 11/31","15yr",,,,,"89527.58",,,,,,""
"2021-04-21","'3131Y0MB5'","MBS","UMBS MORTPASS 3.5% 03/48","30yr",,,,,"89510.97",,,,,,""
"2021-04-21","'3132A8WY1'","MBS","UMBS MORTPASS 3% 03/32","15yr",,,,,"89489.85",,,,,,""
"2021-04-21","'3128PSZU4'","MBS","FHLMCGLD 3.5% 11/25","15yr",,,,,"89489.66",,,,,,""
"2021-04-21","'36176N2C4'","MBS","GNMA I MORTPASS 4% 11/41","30yr",,,,,"89470.06",,,,,,""
"2021-04-21","'36177YY91'","MBS","GNMA I 3.5% 04/42","30yr",,,,,"89445.53",,,,,,""
"2021-04-21","'3138Y1CU7'","MBS","UMBS MORTPASS 3.5% 08/29","15yr",,,,,"89368.28",,,,,,""
"2021-04-21","'3140K8KN0'","MBS","UMBS MORTPASS 3.5% 01/50","30yr",,,,,"89358.37",,,,,,""
"2021-04-21","'3620A6ER4'","MBS","GNMA I MORTPASS 5% 05/39","30yr",,,,,"89340.54",,,,,,""
"2021-04-21","'36297KMS7'","MBS","GNMA I MORTPASS 4% 05/39","30yr",,,,,"89339.32",,,,,,""
"2021-04-21","'31412UPX2'","MBS","UMBS MORTPASS 6% 05/39","30yr",,,,,"89324.13",,,,,,""
"2021-04-21","'3131X85R3'","MBS","UMBS MORTPASS 2.5% 04/23","Other",,,,,"89192.96",,,,,,""
"2021-04-21","'3128PQDW8'","MBS","FHLMCGLD 4.5% 11/24","15yr",,,,,"89119.6",,,,,,""
"2021-04-21","'3138EARR0'","MBS","UMBS MORTPASS 2.5% 02/27","15yr",,,,,"89083.98",,,,,,""
"2021-04-21","'36180FGC0'","MBS","GNMA I MORTPASS 3% 05/43","30yr",,,,,"89082.6",,,,,,""
"2021-04-21","'3140HMHB3'","MBS","UMBS MORTPASS 3.5% 08/48","30yr",,,,,"89029.83",,,,,,""
"2021-04-21","'3138W6QK5'","MBS","UMBS MORTPASS 3% 07/27","15yr",,,,,"89013.12",,,,,,""
"2021-04-21","'312940SC4'","MBS","FHLMCGLD 5% 05/40","30yr",,,,,"88970.09",,,,,,""
"2021-04-21","'3140JRSC6'","MBS","UMBS MORTPASS 3.5% 04/49","30yr",,,,,"88887.47",,,,,,""
"2021-04-21","'36177PWD3'","MBS","GNMA I MORTPASS 4% 06/42","30yr",,,,,"88871.4",,,,,,""
"2021-04-21","'3620A4X72'","MBS","GNMA I MORTPASS 5% 10/39","30yr",,,,,"88862.96",,,,,,""
"2021-04-21","'36295RXD5'","MBS","GNMA I MORTPASS 5% 02/40","30yr",,,,,"88841.04",,,,,,""
"2021-04-21","'36296WEE2'","MBS","GNMA I 4.5% 02/39","30yr",,,,,"88795.43",,,,,,""
"2021-04-21","'3129273Q7'","MBS","FHLMCGLD 6.5% 09/38","30yr",,,,,"88758.79",,,,,,""
"2021-04-21","'3138WEJ83'","MBS","UMBS MORTPASS 3% 04/45","30yr",,,,,"88678.13",,,,,,""
"2021-04-21","'31417WRD5'","MBS","UMBS MORTPASS 4% 12/24","15yr",,,,,"88539.1",,,,,,""
"2021-04-21","'3132L66Z9'","MBS","FHLMCGLD 4.5% 08/45","30yr",,,,,"88436.66",,,,,,""
"2021-04-21","'3140J5HM4'","MBS","UMBS MORTPASS 4.5% 07/44","30yr",,,,,"88418.13",,,,,,""
"2021-04-21","'36291VNN9'","MBS","GNMA I MORTPASS 5% 02/35","30yr",,,,,"88402.96",,,,,,""
"2021-04-21","'36177LW83'","MBS","GNMA I 3.5% 12/41","30yr",,,,,"88397.82",,,,,,""
"2021-04-21","'36176EMB4'","MBS","GNMA I MORTPASS 3% 07/43","30yr",,,,,"88285.1",,,,,,""
"2021-04-21","'36297CQH5'","MBS","GNMA I MORTPASS 5% 10/39","30yr",,,,,"88090.1",,,,,,""
"2021-04-21","'36201SWB1'","MBS","GNMA I MORTPASS 5% 06/33","30yr",,,,,"87938.3",,,,,,""
"2021-04-21","'3620C2VQ4'","MBS","GNMA I MORTPASS 4% 12/40","30yr",,,,,"87909.28",,,,,,""
"2021-04-21","'3138WAKX4'","MBS","UMBS MORTPASS 2.5% 12/28","15yr",,,,,"87905.26",,,,,,""
"2021-04-21","'3140X6C74'","MBS","UMBS MORTPASS 3% 03/50","30yr",,,,,"87870.31",,,,,,""
"2021-04-21","'31418CM27'","MBS","UMBS MORTPASS 2.5% 07/32","15yr",,,,,"87870.22",,,,,,""
"2021-04-21","'3138MAB64'","MBS","UMBS MORTPASS 3% 09/32","Other",,,,,"87741.51",,,,,,""
"2021-04-21","'31307BDJ6'","MBS","FHLMCGLD 2% 03/28","15yr",,,,,"87722",,,,,,""
"2021-04-21","'3138Y0BB2'","MBS","UMBS MORTPASS 3% 08/44","30yr",,,,,"87681.93",,,,,,""
"2021-04-21","'31307JHG1'","MBS","FHLMCGLD 3% 07/29","15yr",,,,,"87599.7",,,,,,""
"2021-04-21","'36297A3C5'","MBS","GNMA I MORTPASS 5% 01/39","30yr",,,,,"87581.55",,,,,,""
"2021-04-21","'31417ARJ0'","MBS","UMBS MORTPASS 3% 12/26","15yr",,,,,"87524.56",,,,,,""
"2021-04-21","'3138XXQJ8'","MBS","UMBS MORTPASS 3% 06/29","15yr",,,,,"87521.06",,,,,,""
"2021-04-21","'36202EEF2'","MBS","GNMA II 4.5% 07/35","30yr",,,,,"87502.67",,,,,,""
"2021-04-21","'36295CHF1'","MBS","GNMA I MORTPASS 3% 03/43","30yr",,,,,"87463.49",,,,,,""
"2021-04-21","'3140Q72H9'","MBS","UMBS MORTPASS 2.5% 11/32","15yr",,,,,"87457.66",,,,,,""
"2021-04-21","'3138WGG65'","MBS","UMBS MORTPASS 3.5% 01/46","30yr",,,,,"87400.44",,,,,,""
"2021-04-21","'3138ETGS9'","MBS","UMBS MORTPASS 2% 04/26","Other",,,,,"87385.27",,,,,,""
"2021-04-21","'3128PMWZ9'","MBS","FHLMCGLD 4% 04/24","15yr",,,,,"87338.07",,,,,,""
"2021-04-21","'312931XA1'","MBS","FHLMCGLD 5.5% 03/39","30yr",,,,,"87304.47",,,,,,""
"2021-04-21","'36297KLM1'","MBS","GNMA I 5.5% 09/39","30yr",,,,,"87294.59",,,,,,""
"2021-04-21","'3138Y9YH5'","MBS","UMBS MORTPASS 3% 01/45","30yr",,,,,"87266.17",,,,,,""
"2021-04-21","'3140GR3K8'","MBS","UMBS MORTPASS 3.5% 02/48","30yr",,,,,"87194.88",,,,,,""
"2021-04-21","'3138WQLP5'","MBS","UMBS MORTPASS 2.5% 04/23","Other",,,,,"87175.88",,,,,,""
"2021-04-21","'3138MLUW2'","MBS","UMBS MORTPASS 3% 11/27","15yr",,,,,"87141.08",,,,,,""
"2021-04-21","'3138YD5P0'","MBS","UMBS MORTPASS 3% 01/45","30yr",,,,,"87138.2",,,,,,""
"2021-04-21","'3140F6B75'","MBS","UMBS MORTPASS 4% 07/46","30yr",,,,,"86982.95",,,,,,""
"2021-04-21","'3138XML24'","MBS","UMBS MORTPASS 3.5% 03/29","15yr",,,,,"86946.01",,,,,,""
"2021-04-21","'31307PVJ5'","MBS","FHLMCGLD 2.5% 12/30","15yr",,,,,"86853.08",,,,,,""
"2021-04-21","'36201U6P4'","MBS","GNMA I 4.5% 08/33","30yr",,,,,"86842.17",,,,,,""
"2021-04-21","'3132WKWL8'","MBS","FHLMCGLD 3% 02/47","30yr",,,,,"86832.49",,,,,,""
"2021-04-21","'3128MCQR9'","MBS","FHLMCGLD 4% 07/25","15yr",,,,,"86722.1",,,,,,""
"2021-04-21","'3138E0K73'","MBS","UMBS MORTPASS 3% 01/27","15yr",,,,,"86698.06",,,,,,""
"2021-04-21","'3138E4BK6'","MBS","UMBS MORTPASS 2.5% 07/27","15yr",,,,,"86685.48",,,,,,""
"2021-04-21","'36181KJS0'","MBS","GNMA I 3.5% 07/43","30yr",,,,,"86630.17",,,,,,""
"2021-04-21","'31417F2F4'","MBS","UMBS MORTPASS 2.5% 04/28","15yr",,,,,"86626.17",,,,,,""
"2021-04-21","'31329NY69'","MBS","UMBS MORTPASS 3% 01/48","30yr",,,,,"86623.64",,,,,,""
"2021-04-21","'3620C5L21'","MBS","GNMA I MORTPASS 4% 05/41","30yr",,,,,"86551.89",,,,,,""
"2021-04-21","'3133L7V46'","MBS","UMBS MORTPASS 2% 08/35","15yr",,,,,"86519.18",,,,,,""
"2021-04-21","'31335AES3'","MBS","FHLMCGLD 3.5% 08/45","30yr",,,,,"86512.91",,,,,,""
"2021-04-21","'36294UU91'","MBS","GNMA I MORTPASS 4% 04/42","30yr",,,,,"86474.82",,,,,,""
"2021-04-21","'3620A4UJ9'","MBS","GNMA I MORTPASS 5% 09/39","30yr",,,,,"86461.65",,,,,,""
"2021-04-21","'3140JVMJ8'","MBS","UMBS MORTPASS 3.5% 06/49","30yr",,,,,"86401.8",,,,,,""
"2021-04-21","'3138XQBH3'","MBS","UMBS MORTPASS 3% 04/29","15yr",,,,,"86321.47",,,,,,""
"2021-04-21","'36177T3F2'","MBS","GNMA I MORTPASS 4% 04/42","30yr",,,,,"86315.95",,,,,,""
"2021-04-21","'3140JSSC4'","MBS","UMBS MORTPASS 2.5% 06/34","15yr",,,,,"86261.6",,,,,,""
"2021-04-21","'36176ERX1'","MBS","GNMA I 3.5% 02/42","30yr",,,,,"86237.23",,,,,,""
"2021-04-21","'3128CURN8'","MBS","FHLMCGLD 4% 07/29","Other",,,,,"86214.39",,,,,,""
"2021-04-21","'3128MFG85'","MBS","FHLMCGLD 4% 07/29","15yr",,,,,"86185.43",,,,,,""
"2021-04-21","'3128PRC49'","MBS","FHLMCGLD 4.5% 03/25","15yr",,,,,"86165.5",,,,,,""
"2021-04-21","'3138AYDZ9'","MBS","UMBS MORTPASS 3.5% 12/26","15yr",,,,,"86138.09",,,,,,""
"2021-04-21","'31307D5B8'","MBS","FHLMCGLD 3% 09/28","15yr",,,,,"86049.32",,,,,,""
"2021-04-21","'36177KF84'","MBS","GNMA I 3.5% 02/42","30yr",,,,,"86029.47",,,,,,""
"2021-04-21","'3620A7ML6'","MBS","GNMA I MORTPASS 5% 11/39","30yr",,,,,"85999.7",,,,,,""
"2021-04-21","'3138XQV81'","MBS","UMBS MORTPASS 3.5% 03/29","15yr",,,,,"85993.35",,,,,,""
"2021-04-21","'3138Y1X67'","MBS","UMBS MORTPASS 2.5% 08/29","15yr",,,,,"85948.23",,,,,,""
"2021-04-21","'31418AAM0'","MBS","UMBS MORTPASS 3% 11/26","15yr",,,,,"85905.62",,,,,,""
"2021-04-21","'3140FSS61'","MBS","UMBS MORTPASS 2.5% 03/32","15yr",,,,,"85844.61",,,,,,""
"2021-04-21","'36178LQC0'","MBS","GNMA I MORTPASS 3% 08/42","30yr",,,,,"85830.27",,,,,,""
"2021-04-21","'3140FCQU5'","MBS","UMBS MORTPASS 2.5% 09/31","15yr",,,,,"85781.18",,,,,,""
"2021-04-21","'3128M9FY3'","MBS","FHLMCGLD 4% 07/42","30yr",,,,,"85738.81",,,,,,""
"2021-04-21","'3138MFN60'","MBS","UMBS MORTPASS 4% 09/42","30yr",,,,,"85700.45",,,,,,""
"2021-04-21","'36295DMZ9'","MBS","GNMA I MORTPASS 6% 01/39","30yr",,,,,"85672.44",,,,,,""
"2021-04-21","'31417QZV9'","MBS","UMBS MORTPASS 4.5% 01/25","15yr",,,,,"85665.11",,,,,,""
"2021-04-21","'3128PMNW6'","MBS","FHLMCGLD 4% 04/24","15yr",,,,,"85625.83",,,,,,""
"2021-04-21","'31307UMN5'","MBS","FHLMCGLD 2.5% 09/32","15yr",,,,,"85541.68",,,,,,""
"2021-04-21","'3128MMSC8'","MBS","FHLMCGLD 3% 06/29","15yr",,,,,"85538.08",,,,,,""
"2021-04-21","'36295UAF8'","MBS","GNMA I MORTPASS 5% 12/39","30yr",,,,,"85524.81",,,,,,""
"2021-04-21","'36297KM81'","MBS","GNMA I 4.5% 07/39","30yr",,,,,"85522.14",,,,,,""
"2021-04-21","'31417UAA3'","MBS","UMBS MORTPASS 4.5% 11/24","15yr",,,,,"85468.37",,,,,,""
"2021-04-21","'3132A8QB8'","MBS","UMBS MORTPASS 3% 08/31","15yr",,,,,"85377.87",,,,,,""
"2021-04-21","'3138WUHY2'","MBS","UMBS MORTPASS 4% 06/43","30yr",,,,,"85350.77",,,,,,""
"2021-04-21","'36296LMT4'","MBS","GNMA I 4.5% 03/39","30yr",,,,,"85342.5",,,,,,""
"2021-04-21","'3140JXMR6'","MBS","UMBS MORTPASS 3.5% 08/49","30yr",,,,,"85324.65",,,,,,""
"2021-04-21","'36297JET7'","MBS","GNMA I 4.5% 03/39","30yr",,,,,"85315.48",,,,,,""
"2021-04-21","'31418CFM1'","MBS","UMBS MORTPASS 3% 01/32","15yr",,,,,"85300.34",,,,,,""
"2021-04-21","'3620A1N95'","MBS","GNMA I 4.5% 10/39","30yr",,,,,"85263.74",,,,,,""
"2021-04-21","'31417QUE2'","MBS","UMBS MORTPASS 5% 10/39","30yr",,,,,"85249.16",,,,,,""
"2021-04-21","'3140Q82G9'","MBS","UMBS MORTPASS 3% 12/47","30yr",,,,,"85213.87",,,,,,""
"2021-04-21","'3128PQ4C2'","MBS","FHLMCGLD 4% 02/25","15yr",,,,,"85141.5",,,,,,""
"2021-04-21","'36297KVC2'","MBS","GNMA I 4.5% 05/39","30yr",,,,,"85125.65",,,,,,""
"2021-04-21","'3128PPZJ5'","MBS","FHLMCGLD 4% 09/24","15yr",,,,,"85121.62",,,,,,""
"2021-04-21","'3138WF6U5'","MBS","UMBS MORTPASS 3.5% 12/45","30yr",,,,,"85119.31",,,,,,""
"2021-04-21","'31417YP27'","MBS","UMBS MORTPASS 5.5% 05/40","30yr",,,,,"85032.42",,,,,,""
"2021-04-21","'36180EQK4'","MBS","GNMA I MORTPASS 3% 06/43","30yr",,,,,"85026.77",,,,,,""
"2021-04-21","'3138E9L40'","MBS","UMBS MORTPASS 3% 05/27","15yr",,,,,"84964.2",,,,,,""
"2021-04-21","'3138XWCY2'","MBS","UMBS MORTPASS 3% 06/29","15yr",,,,,"84959.32",,,,,,""
"2021-04-21","'36177NMF4'","MBS","GNMA I MORTPASS 4% 02/42","30yr",,,,,"84947.97",,,,,,""
"2021-04-21","'31417GHL3'","MBS","UMBS MORTPASS 3.5% 04/28","15yr",,,,,"84923.37",,,,,,""
"2021-04-21","'31329PSM6'","MBS","UMBS MORTPASS 4.5% 11/48","30yr",,,,,"84894.81",,,,,,""
"2021-04-21","'36178FEA0'","MBS","GNMA I 3.5% 06/42","30yr",,,,,"84894.15",,,,,,""
"2021-04-21","'3620APYM1'","MBS","GNMA I MORTPASS 5% 03/40","30yr",,,,,"84863.58",,,,,,""
"2021-04-21","'36297HRB6'","MBS","GNMA I 4.5% 06/39","30yr",,,,,"84794.67",,,,,,""
"2021-04-21","'3138XUJ45'","MBS","UMBS MORTPASS 3% 04/29","15yr",,,,,"84699.8",,,,,,""
"2021-04-21","'3128P7LF8'","MBS","FHLMCGLD 6.5% 10/28","Other",,,,,"84637.56",,,,,,""
"2021-04-21","'3128MJUF5'","MBS","FHLMCGLD 3.5% 04/44","30yr",,,,,"84635.26",,,,,,""
"2021-04-21","'3131X7JS8'","MBS","UMBS MORTPASS 3% 01/27","15yr",,,,,"84534.81",,,,,,""
"2021-04-21","'36297DJA6'","MBS","GNMA I 4.5% 04/39","30yr",,,,,"84523.68",,,,,,""
"2021-04-21","'36295E3Q8'","MBS","GNMA I MORTPASS 5% 02/39","30yr",,,,,"84485.05",,,,,,""
"2021-04-21","'3131XA6X4'","MBS","UMBS MORTPASS 2.5% 03/25","Other",,,,,"84448.98",,,,,,""
"2021-04-21","'36176E5J6'","MBS","GNMA I 3.5% 11/41","30yr",,,,,"84345.23",,,,,,""
"2021-04-21","'36295YUJ0'","MBS","GNMA I 5.5% 03/38","30yr",,,,,"84292.82",,,,,,""
"2021-04-21","'3128PMLF5'","MBS","FHLMCGLD 4.5% 02/24","15yr",,,,,"84217.05",,,,,,""
"2021-04-21","'36296H4F3'","MBS","GNMA I MORTPASS 5% 10/38","30yr",,,,,"84206.25",,,,,,""
"2021-04-21","'3138MGK79'","MBS","UMBS MORTPASS 2.5% 11/27","15yr",,,,,"84008.72",,,,,,""
"2021-04-21","'3138A2B81'","MBS","UMBS MORTPASS 3% 12/25","15yr",,,,,"83982.06",,,,,,""
"2021-04-21","'3138WVSW2'","MBS","UMBS MORTPASS 2.5% 07/28","15yr",,,,,"83980.58",,,,,,""
"2021-04-21","'3132A7QP9'","MBS","UMBS MORTPASS 3% 07/28","15yr",,,,,"83976.92",,,,,,""
"2021-04-21","'36201YZ82'","MBS","GNMA I MORTPASS 5% 02/34","30yr",,,,,"83879.58",,,,,,""
"2021-04-21","'3133ACDL9'","MBS","UMBS MORTPASS 2% 11/50","30yr",,,,,"83856.01",,,,,,""
"2021-04-21","'36297DJL2'","MBS","GNMA I MORTPASS 5% 04/39","30yr",,,,,"83832.44",,,,,,""
"2021-04-21","'31329QHM6'","MBS","UMBS MORTPASS 4% 03/49","30yr",,,,,"83815.54",,,,,,""
"2021-04-21","'3132M4S97'","MBS","FHLMCGLD 4.5% 02/44","30yr",,,,,"83780.5",,,,,,""
"2021-04-21","'3140EVU96'","MBS","UMBS MORTPASS 4.5% 08/46","30yr",,,,,"83754.07",,,,,,""
"2021-04-21","'3132L7CG2'","MBS","FHLMCGLD 4.5% 09/45","30yr",,,,,"83730.15",,,,,,""
"2021-04-21","'3131XVYU3'","MBS","UMBS MORTPASS 3% 01/47","30yr",,,,,"83712.82",,,,,,""
"2021-04-21","'3620AAMP0'","MBS","GNMA I MORTPASS 5% 11/39","30yr",,,,,"83706.75",,,,,,""
"2021-04-21","'31307GJC4'","MBS","FHLMCGLD 3% 02/29","15yr",,,,,"83673.91",,,,,,""
"2021-04-21","'36291GVB9'","MBS","GNMA I MORTPASS 5% 03/34","30yr",,,,,"83587.42",,,,,,""
"2021-04-21","'3140JABZ0'","MBS","UMBS MORTPASS 4% 01/49","30yr",,,,,"83551.44",,,,,,""
"2021-04-21","'3132QNKY4'","MBS","FHLMCGLD 3% 03/45","30yr",,,,,"83487.43",,,,,,""
"2021-04-21","'36176QN42'","MBS","GNMA I 3.5% 01/42","30yr",,,,,"83485.95",,,,,,""
"2021-04-21","'31334Y3A3'","MBS","UMBS MORTPASS 3% 09/49","30yr",,,,,"83466.45",,,,,,""
"2021-04-21","'3138W95D8'","MBS","UMBS MORTPASS 3% 10/23","Other",,,,,"83461.14",,,,,,""
"2021-04-21","'3140H5NL1'","MBS","UMBS MORTPASS 3.5% 02/48","30yr",,,,,"83404.6",,,,,,""
"2021-04-21","'36181FBR1'","MBS","GNMA I 3.5% 06/43","30yr",,,,,"83350.98",,,,,,""
"2021-04-21","'3138ETEL6'","MBS","UMBS MORTPASS 3.5% 08/30","15yr",,,,,"83299.89",,,,,,""
"2021-04-21","'31417WZ79'","MBS","UMBS MORTPASS 5% 04/40","30yr",,,,,"83232.11",,,,,,""
"2021-04-21","'31417TNA2'","MBS","UMBS MORTPASS 4% 12/24","15yr",,,,,"83103.88",,,,,,""
"2021-04-21","'3620A9KV2'","MBS","GNMA I MORTPASS 4% 01/42","30yr",,,,,"83096.94",,,,,,""
"2021-04-21","'3140QE4N9'","MBS","UMBS MORTPASS 2% 09/30","Other",,,,,"83019.43",,,,,,""
"2021-04-21","'3128PSNM5'","MBS","FHLMCGLD 4% 10/25","15yr",,,,,"82996.53",,,,,,""
"2021-04-21","'3140KFCK9'","MBS","UMBS MORTPASS 2.5% 08/50","30yr",,,,,"82965.83",,,,,,""
"2021-04-21","'31307BDC1'","MBS","FHLMCGLD 2% 03/28","15yr",,,,,"82964.5",,,,,,""
"2021-04-21","'3133A8LC9'","MBS","UMBS MORTPASS 2.5% 08/50","30yr",,,,,"82839.13",,,,,,""
"2021-04-21","'3138A2PJ2'","MBS","UMBS MORTPASS 4% 12/40","30yr",,,,,"82802.86",,,,,,""
"2021-04-21","'3128PNA32'","MBS","FHLMCGLD 4.5% 06/24","15yr",,,,,"82747.37",,,,,,""
"2021-04-21","'36295VHT9'","MBS","GNMA I MORTPASS 5% 12/38","30yr",,,,,"82684.85",,,,,,""
"2021-04-21","'36179S2R7'","MBS","GNMA II 4.5% 04/47","30yr",,,,,"82674.12",,,,,,""
"2021-04-21","'3128L9L50'","MBS","FHLMCGLD 5% 04/38","30yr",,,,,"82606.3",,,,,,""
"2021-04-21","'3140JAQM3'","MBS","UMBS MORTPASS 4% 10/48","30yr",,,,,"82587.19",,,,,,""
"2021-04-21","'36204USX0'","MBS","GNMA I MORTPASS 4% 06/41","30yr",,,,,"82541.13",,,,,,""
"2021-04-21","'31329QZS3'","MBS","UMBS MORTPASS 3% 06/34","15yr",,,,,"82534.9",,,,,,""
"2021-04-21","'3138W4XM8'","MBS","UMBS MORTPASS 3% 12/42","30yr",,,,,"82498.92",,,,,,""
"2021-04-21","'31416SMH1'","MBS","UMBS MORTPASS 4% 06/24","15yr",,,,,"82498.21",,,,,,""
"2021-04-21","'3132QQYW6'","MBS","FHLMCGLD 4.5% 06/45","30yr",,,,,"82472.41",,,,,,""
"2021-04-21","'3620AB3B0'","MBS","GNMA I MORTPASS 5% 02/40","30yr",,,,,"82468.72",,,,,,""
"2021-04-21","'3138M5UL1'","MBS","UMBS MORTPASS 3% 07/27","15yr",,,,,"82434.64",,,,,,""
"2021-04-21","'3140J8TK9'","MBS","UMBS MORTPASS 3% 06/33","15yr",,,,,"82407.12",,,,,,""
"2021-04-21","'36181BSH4'","MBS","GNMA I MORTPASS 4% 08/43","30yr",,,,,"82385.13",,,,,,""
"2021-04-21","'3138WHD25'","MBS","UMBS MORTPASS 2.5% 06/31","15yr",,,,,"82325.78",,,,,,""
"2021-04-21","'3140QBCL0'","MBS","UMBS MORTPASS 4% 06/49","30yr",,,,,"82287.43",,,,,,""
"2021-04-21","'31307PUC1'","MBS","FHLMCGLD 3% 11/30","15yr",,,,,"82267.71",,,,,,""
"2021-04-21","'31418BXR2'","MBS","UMBS MORTPASS 3% 12/45","30yr",,,,,"82267.06",,,,,,""
"2021-04-21","'3620ARR45'","MBS","GNMA I MORTPASS 4% 12/40","30yr",,,,,"82262.64",,,,,,""
"2021-04-21","'31412QUA5'","MBS","UMBS MORTPASS 4% 11/39","30yr",,,,,"82238.57",,,,,,""
"2021-04-21","'31418CEN0'","MBS","UMBS MORTPASS 3.5% 11/31","15yr",,,,,"82180.14",,,,,,""
"2021-04-21","'3138MDFM9'","MBS","UMBS MORTPASS 3% 09/27","15yr",,,,,"82175.36",,,,,,""
"2021-04-21","'3138YKBG7'","MBS","UMBS MORTPASS 3% 03/30","15yr",,,,,"82166.15",,,,,,""
"2021-04-21","'36296RAA5'","MBS","GNMA I 4.5% 08/39","30yr",,,,,"82164.28",,,,,,""
"2021-04-21","'3138WFK47'","MBS","UMBS MORTPASS 3% 09/30","15yr",,,,,"82132.69",,,,,,""
"2021-04-21","'3138ERW63'","MBS","UMBS MORTPASS 3% 10/30","15yr",,,,,"82116.16",,,,,,""
"2021-04-21","'36296S7K5'","MBS","GNMA I 4.5% 02/39","30yr",,,,,"82112.4",,,,,,""
"2021-04-21","'36296JFW0'","MBS","GNMA I MORTPASS 5% 02/39","30yr",,,,,"82096.3",,,,,,""
"2021-04-21","'3620A1NP9'","MBS","GNMA I MORTPASS 4% 06/39","30yr",,,,,"81849.15",,,,,,""
"2021-04-21","'36297FAW2'","MBS","GNMA I 4.5% 06/39","30yr",,,,,"81840.94",,,,,,""
"2021-04-21","'3620C5LP0'","MBS","GNMA I MORTPASS 4% 05/41","30yr",,,,,"81807.69",,,,,,""
"2021-04-21","'36297GGB0'","MBS","GNMA I MORTPASS 5% 02/39","30yr",,,,,"81797.98",,,,,,""
"2021-04-21","'3138MFFP7'","MBS","UMBS MORTPASS 3.5% 10/42","30yr",,,,,"81769.59",,,,,,""
"2021-04-21","'3138ERB90'","MBS","UMBS MORTPASS 3.5% 02/31","15yr",,,,,"81762.72",,,,,,""
"2021-04-21","'3131Y04A7'","MBS","UMBS MORTPASS 4% 04/48","30yr",,,,,"81742.21",,,,,,""
"2021-04-21","'3132HMQC8'","MBS","FHLMCGLD 4% 08/42","30yr",,,,,"81702.77",,,,,,""
"2021-04-21","'31313EK54'","MBS","FHLMCGLD 3.5% 08/25","15yr",,,,,"81601.65",,,,,,""
"2021-04-21","'31297DTS7'","MBS","FHLMCGLD 4.5% 07/34","30yr",,,,,"81501.68",,,,,,""
"2021-04-21","'3138ERPX2'","MBS","UMBS MORTPASS 3% 11/31","15yr",,,,,"81457.82",,,,,,""
"2021-04-21","'31416S2L4'","MBS","UMBS MORTPASS 6.5% 02/39","30yr",,,,,"81368.7",,,,,,""
"2021-04-21","'31418TLF2'","MBS","UMBS MORTPASS 4% 05/25","15yr",,,,,"81368.26",,,,,,""
"2021-04-21","'36177TL70'","MBS","GNMA I MORTPASS 3% 09/42","30yr",,,,,"81365.08",,,,,,""
"2021-04-21","'31411ETJ6'","MBS","UMBS MORTPASS 6.5% 01/37","30yr",,,,,"81313.51",,,,,,""
"2021-04-21","'3620C5NA1'","MBS","GNMA I MORTPASS 4% 07/41","30yr",,,,,"81289.53",,,,,,""
"2021-04-21","'31335H4W0'","MBS","FHLMCGLD 5.5% 06/24","Other",,,,,"81273.17",,,,,,""
"2021-04-21","'36178GWF7'","MBS","GNMA I MORTPASS 3% 11/42","30yr",,,,,"81246.74",,,,,,""
"2021-04-21","'3620AB4P8'","MBS","GNMA I 4.5% 11/39","30yr",,,,,"81237.12",,,,,,""
"2021-04-21","'3138WSB72'","MBS","UMBS MORTPASS 3% 08/43","30yr",,,,,"81231.62",,,,,,""
"2021-04-21","'3133LPR58'","MBS","UMBS MORTPASS 3.5% 09/29","Other",,,,,"81175.53",,,,,,""
"2021-04-21","'3133GBMJ0'","MBS","UMBS MORTPASS 1.5% 01/36","15yr",,,,,"81060.94",,,,,,""
"2021-04-21","'36297A2T9'","MBS","GNMA I MORTPASS 6% 12/38","30yr",,,,,"81031.75",,,,,,""
"2021-04-21","'3132GFSZ1'","MBS","FHLMCGLD 4.5% 07/41","30yr",,,,,"80999.82",,,,,,""
"2021-04-21","'3140HMHL1'","MBS","UMBS MORTPASS 3% 08/33","15yr",,,,,"80966.16",,,,,,""
"2021-04-21","'3138WHLL4'","MBS","UMBS MORTPASS 2.5% 07/46","30yr",,,,,"80953.84",,,,,,""
"2021-04-21","'36213EPQ3'","MBS","GNMA I MORTPASS 6% 12/31","30yr",,,,,"80933.94",,,,,,""
"2021-04-21","'36181FDG3'","MBS","GNMA I 3.5% 07/43","30yr",,,,,"80933.24",,,,,,""
"2021-04-21","'3132M92U7'","MBS","FHLMCGLD 4.5% 10/44","30yr",,,,,"80837.86",,,,,,""
"2021-04-21","'3620ASZU6'","MBS","GNMA I MORTPASS 4% 10/41","30yr",,,,,"80835.79",,,,,,""
"2021-04-21","'31307JXV0'","MBS","FHLMCGLD 3.5% 11/29","15yr",,,,,"80787.63",,,,,,""
"2021-04-21","'3138M54M8'","MBS","UMBS MORTPASS 3% 08/27","15yr",,,,,"80780.11",,,,,,""
"2021-04-21","'3620A5YX1'","MBS","GNMA I MORTPASS 5% 08/39","30yr",,,,,"80771.14",,,,,,""
"2021-04-21","'3131X8QA7'","MBS","UMBS MORTPASS 2.5% 02/28","15yr",,,,,"80760.43",,,,,,""
"2021-04-21","'3138YHFP0'","MBS","UMBS MORTPASS 3.5% 03/45","30yr",,,,,"80737.91",,,,,,""
"2021-04-21","'31416YC89'","MBS","UMBS MORTPASS 4% 04/31","Other",,,,,"80717.31",,,,,,""
"2021-04-21","'3620A1TX6'","MBS","GNMA I MORTPASS 5% 10/39","30yr",,,,,"80623.53",,,,,,""
"2021-04-21","'31417EHX2'","MBS","UMBS MORTPASS 2% 12/22","Other",,,,,"80399.66",,,,,,""
"2021-04-21","'3128M5FY1'","MBS","FHLMCGLD 5.5% 10/37","30yr",,,,,"80384.03",,,,,,""
"2021-04-21","'3620ABK96'","MBS","GNMA I 4.5% 01/40","30yr",,,,,"80375.52",,,,,,""
"2021-04-21","'3128MJY95'","MBS","FHLMCGLD 4.5% 10/46","30yr",,,,,"80338.74",,,,,,""
"2021-04-21","'3128MEYT2'","MBS","FHLMCGLD 3% 08/31","15yr",,,,,"80321.24",,,,,,""
"2021-04-21","'3132XWHT1'","MBS","FHLMCGLD 3% 01/48","30yr",,,,,"80262.75",,,,,,""
"2021-04-21","'36177WAW0'","MBS","GNMA I 3.5% 04/42","30yr",,,,,"80239.93",,,,,,""
"2021-04-21","'3128PPSY0'","MBS","FHLMCGLD 4% 08/24","15yr",,,,,"80236.29",,,,,,""
"2021-04-21","'31416N4F6'","MBS","UMBS MORTPASS 5.5% 04/39","30yr",,,,,"80217.66",,,,,,""
"2021-04-21","'3128PMVF4'","MBS","FHLMCGLD 4% 04/24","15yr",,,,,"80180.88",,,,,,""
"2021-04-21","'3620AB3L8'","MBS","GNMA I MORTPASS 5% 02/40","30yr",,,,,"80148.48",,,,,,""
"2021-04-21","'3620A6EP8'","MBS","GNMA I 4.5% 04/39","30yr",,,,,"80118.96",,,,,,""
"2021-04-21","'3138XRF95'","MBS","UMBS MORTPASS 3% 03/44","30yr",,,,,"80114.53",,,,,,""
"2021-04-21","'3129365X1'","MBS","FHLMCGLD 6% 11/39","30yr",,,,,"80090.84",,,,,,""
"2021-04-21","'3132CWPH1'","MBS","UMBS MORTPASS 2% 10/35","15yr",,,,,"80016.57",,,,,,""
"2021-04-21","'3140F0JX3'","MBS","UMBS MORTPASS 2.5% 10/31","15yr",,,,,"80012.57",,,,,,""
"2021-04-21","'31416YXD5'","MBS","UMBS MORTPASS 3% 08/26","15yr",,,,,"79974.64",,,,,,""
"2021-04-21","'3132JBRQ8'","MBS","FHLMCGLD 4% 07/43","30yr",,,,,"79918.7",,,,,,""
"2021-04-21","'3128PWVV7'","MBS","FHLMCGLD 3% 10/21","15yr",,,,,"79918.08",,,,,,""
"2021-04-21","'3138MLRP1'","MBS","UMBS MORTPASS 3.5% 10/28","15yr",,,,,"79867.79",,,,,,""
"2021-04-21","'3140JKZM1'","MBS","UMBS MORTPASS 3% 01/34","15yr",,,,,"79805.12",,,,,,""
"2021-04-21","'36291SAT7'","MBS","GNMA I MORTPASS 5% 12/29","30yr",,,,,"79803.12",,,,,,""
"2021-04-21","'3138WBFS9'","MBS","UMBS MORTPASS 2.5% 03/29","15yr",,,,,"79789.46",,,,,,""
"2021-04-21","'31307VU53'","MBS","FHLMCGLD 3% 03/33","15yr",,,,,"79775.68",,,,,,""
"2021-04-21","'312930VU1'","MBS","FHLMCGLD 6% 01/39","30yr",,,,,"79736.62",,,,,,""
"2021-04-21","'3620ARUP4'","MBS","GNMA I MORTPASS 4% 12/40","30yr",,,,,"79733.66",,,,,,""
"2021-04-21","'31416SYJ4'","MBS","UMBS MORTPASS 4.5% 05/39","30yr",,,,,"79716.15",,,,,,""
"2021-04-21","'36297HTT5'","MBS","GNMA I MORTPASS 4% 07/39","30yr",,,,,"79710.97",,,,,,""
"2021-04-21","'3131X7V62'","MBS","UMBS MORTPASS 2.5% 06/22","Other",,,,,"79672.6",,,,,,""
"2021-04-21","'31307DNB8'","MBS","FHLMCGLD 3% 07/23","15yr",,,,,"79657.19",,,,,,""
"2021-04-21","'3128MEZ61'","MBS","FHLMCGLD 3% 10/31","15yr",,,,,"79647.47",,,,,,""
"2021-04-21","'3620A4U34'","MBS","GNMA I 4.5% 09/39","30yr",,,,,"79645.04",,,,,,""
"2021-04-21","'31411JAP1'","MBS","UMBS MORTPASS 4.5% 11/22","15yr",,,,,"79625.46",,,,,,""
"2021-04-21","'31307NG73'","MBS","FHLMCGLD 2.5% 06/30","15yr",,,,,"79625.36",,,,,,""
"2021-04-21","'3140JPDN2'","MBS","UMBS MORTPASS 4% 03/49","30yr",,,,,"79604.43",,,,,,""
"2021-04-21","'3620A1SU3'","MBS","GNMA I 4.5% 08/39","30yr",,,,,"79576.56",,,,,,""
"2021-04-21","'36179EKB3'","MBS","GNMA I MORTPASS 3% 03/43","30yr",,,,,"79561.62",,,,,,""
"2021-04-21","'3131X9K29'","MBS","UMBS MORTPASS 2% 06/23","Other",,,,,"79515.67",,,,,,""
"2021-04-21","'31307VY67'","MBS","FHLMCGLD 3.5% 03/33","15yr",,,,,"79499.74",,,,,,""
"2021-04-21","'3140Q9E58'","MBS","UMBS MORTPASS 2.5% 04/33","15yr",,,,,"79475.04",,,,,,""
"2021-04-21","'3138XYZC1'","MBS","UMBS MORTPASS 3.5% 07/29","15yr",,,,,"79469.48",,,,,,""
"2021-04-21","'3140HL3J3'","MBS","UMBS MORTPASS 4% 06/48","30yr",,,,,"79431.82",,,,,,""
"2021-04-21","'3620A4NL2'","MBS","GNMA I 4.5% 08/39","30yr",,,,,"79373.34",,,,,,""
"2021-04-21","'36176JM64'","MBS","GNMA I MORTPASS 4% 08/41","30yr",,,,,"79354.98",,,,,,""
"2021-04-21","'31307RND3'","MBS","FHLMCGLD 2.5% 07/31","15yr",,,,,"79295.04",,,,,,""
"2021-04-21","'3140EW2W4'","MBS","UMBS MORTPASS 2.5% 07/46","30yr",,,,,"79216.64",,,,,,""
"2021-04-21","'3138EKJY2'","MBS","UMBS MORTPASS 2.5% 12/22","Other",,,,,"79215.71",,,,,,""
"2021-04-21","'31416XVH0'","MBS","UMBS MORTPASS 3.5% 01/41","30yr",,,,,"79088.49",,,,,,""
"2021-04-21","'3620ACAG9'","MBS","GNMA I MORTPASS 5% 03/40","30yr",,,,,"79064.69",,,,,,""
"2021-04-21","'36178MC41'","MBS","GNMA I 3.5% 10/42","30yr",,,,,"79036.56",,,,,,""
"2021-04-21","'3128MFF29'","MBS","FHLMCGLD 3.5% 05/32","15yr",,,,,"78872.04",,,,,,""
"2021-04-21","'312933TT1'","MBS","FHLMCGLD 5% 06/39","30yr",,,,,"78816.55",,,,,,""
"2021-04-21","'3140H7YG6'","MBS","UMBS MORTPASS 3.5% 12/47","30yr",,,,,"78800.76",,,,,,""
"2021-04-21","'31417KXM4'","MBS","UMBS MORTPASS 4.5% 07/24","15yr",,,,,"78786.08",,,,,,""
"2021-04-21","'3132AAKN3'","MBS","UMBS MORTPASS 4% 10/37","Other",,,,,"78754.94",,,,,,""
"2021-04-21","'3140FBMD9'","MBS","UMBS MORTPASS 3.5% 08/46","30yr",,,,,"78748.16",,,,,,""
"2021-04-21","'31417CBN4'","MBS","UMBS MORTPASS 3% 02/27","15yr",,,,,"78662.87",,,,,,""
"2021-04-21","'3620AB5K8'","MBS","GNMA I MORTPASS 5% 11/39","30yr",,,,,"78654.57",,,,,,""
"2021-04-21","'36296GQ38'","MBS","GNMA I 5.5% 06/38","30yr",,,,,"78603.04",,,,,,""
"2021-04-21","'3138WKUB9'","MBS","UMBS MORTPASS 3.5% 05/47","30yr",,,,,"78551.14",,,,,,""
"2021-04-21","'31307DQF6'","MBS","FHLMCGLD 2% 08/23","15yr",,,,,"78539.67",,,,,,""
"2021-04-21","'36177MB76'","MBS","GNMA I MORTPASS 3% 12/41","30yr",,,,,"78513.03",,,,,,""
"2021-04-21","'3620AKTM8'","MBS","GNMA I 4.5% 12/39","30yr",,,,,"78502.67",,,,,,""
"2021-04-21","'31417MXS7'","MBS","UMBS MORTPASS 4.5% 10/24","15yr",,,,,"78467.71",,,,,,""
"2021-04-21","'3620ARV40'","MBS","GNMA I MORTPASS 4% 01/41","30yr",,,,,"78451.37",,,,,,""
"2021-04-21","'3620AB5Y8'","MBS","GNMA I MORTPASS 5% 12/39","30yr",,,,,"78377.81",,,,,,""
"2021-04-21","'3138YBDZ3'","MBS","UMBS MORTPASS 3.5% 12/29","15yr",,,,,"78358",,,,,,""
"2021-04-21","'36296TWV1'","MBS","GNMA I MORTPASS 5% 11/38","30yr",,,,,"78347.06",,,,,,""
"2021-04-21","'36177PDX0'","MBS","GNMA I 3.5% 05/42","30yr",,,,,"78296.28",,,,,,""
"2021-04-21","'3128PMPW4'","MBS","FHLMCGLD 4% 03/24","15yr",,,,,"78288.46",,,,,,""
"2021-04-21","'36296PVU2'","MBS","GNMA I 4.5% 05/39","30yr",,,,,"78221.67",,,,,,""
"2021-04-21","'36296FVN0'","MBS","GNMA I MORTPASS 6% 08/38","30yr",,,,,"78097.84",,,,,,""
"2021-04-21","'36202EGB9'","MBS","GNMA II 4.5% 12/35","30yr",,,,,"78078.75",,,,,,""
"2021-04-21","'3128PRBT5'","MBS","FHLMCGLD 4.5% 03/25","15yr",,,,,"78070.72",,,,,,""
"2021-04-21","'3132VLXP7'","MBS","FHLMCGLD 4% 01/49","30yr",,,,,"78062.95",,,,,,""
"2021-04-21","'31371MCC9'","MBS","UMBS MORTPASS 5.5% 06/25","Other",,,,,"77998.88",,,,,,""
"2021-04-21","'3138WCZ71'","MBS","UMBS MORTPASS 3% 10/29","15yr",,,,,"77966.24",,,,,,""
"2021-04-21","'36176SQB9'","MBS","GNMA I MORTPASS 4% 02/42","30yr",,,,,"77954.83",,,,,,""
"2021-04-21","'3620A6EU7'","MBS","GNMA I 5.5% 07/39","30yr",,,,,"77893.53",,,,,,""
"2021-04-21","'3138XKWG5'","MBS","UMBS MORTPASS 3.5% 01/29","15yr",,,,,"77863.77",,,,,,""
"2021-04-21","'3138EBK38'","MBS","UMBS MORTPASS 2.5% 04/27","15yr",,,,,"77855.2",,,,,,""
"2021-04-21","'3138AVDM4'","MBS","UMBS MORTPASS 3% 10/26","15yr",,,,,"77817.16",,,,,,""
"2021-04-21","'3132L5VN0'","MBS","FHLMCGLD 4% 11/43","30yr",,,,,"77790.13",,,,,,""
"2021-04-21","'3620ATUP0'","MBS","GNMA I MORTPASS 4% 12/41","30yr",,,,,"77774.26",,,,,,""
"2021-04-21","'31335AYT9'","MBS","FHLMCGLD 3% 10/46","30yr",,,,,"77698.6",,,,,,""
"2021-04-21","'3620AB6S0'","MBS","GNMA I MORTPASS 5% 01/40","30yr",,,,,"77630.82",,,,,,""
"2021-04-21","'3140FBET3'","MBS","UMBS MORTPASS 3% 08/31","15yr",,,,,"77630.16",,,,,,""
"2021-04-21","'3138YLKN0'","MBS","UMBS MORTPASS 4% 03/45","30yr",,,,,"77627.89",,,,,,""
"2021-04-21","'36202EKJ7'","MBS","GNMA II MORTPASS 5% 09/36","30yr",,,,,"77581.92",,,,,,""
"2021-04-21","'36296FEG4'","MBS","GNMA I MORTPASS 6% 07/38","30yr",,,,,"77565.91",,,,,,""
"2021-04-21","'3132A7J28'","MBS","UMBS MORTPASS 2.5% 10/22","Other",,,,,"77563.56",,,,,,""
"2021-04-21","'36296E4W3'","MBS","GNMA I 5.5% 06/38","30yr",,,,,"77552.4",,,,,,""
"2021-04-21","'3138X1BZ8'","MBS","UMBS MORTPASS 3% 09/28","15yr",,,,,"77527.8",,,,,,""
"2021-04-21","'36297DRF6'","MBS","GNMA I 4.5% 08/39","30yr",,,,,"77492.2",,,,,,""
"2021-04-21","'3133A86D4'","MBS","UMBS MORTPASS 2.5% 08/50","30yr",,,,,"77469.28",,,,,,""
"2021-04-21","'3140HFGT0'","MBS","UMBS MORTPASS 4% 04/48","30yr",,,,,"77436.89",,,,,,""
"2021-04-21","'36177WD98'","MBS","GNMA I 3.5% 05/42","30yr",,,,,"77429.71",,,,,,""
"2021-04-21","'3132A7RM5'","MBS","UMBS MORTPASS 3% 08/23","Other",,,,,"77320.13",,,,,,""
"2021-04-21","'3138YN2X4'","MBS","UMBS MORTPASS 2.5% 04/30","15yr",,,,,"77301.04",,,,,,""
"2021-04-21","'3620A1S74'","MBS","GNMA I MORTPASS 5% 09/39","30yr",,,,,"77231.51",,,,,,""
"2021-04-21","'36178LYY3'","MBS","GNMA I 3.5% 09/42","30yr",,,,,"77194.51",,,,,,""
"2021-04-21","'3620A45T5'","MBS","GNMA I 4.5% 12/39","30yr",,,,,"77164.6",,,,,,""
"2021-04-21","'3620A9HZ7'","MBS","GNMA I MORTPASS 5% 11/39","30yr",,,,,"77143.86",,,,,,""
"2021-04-21","'36297ETL9'","MBS","GNMA I MORTPASS 5% 10/39","30yr",,,,,"77134.63",,,,,,""
"2021-04-21","'36295RH84'","MBS","GNMA I MORTPASS 6% 12/38","30yr",,,,,"77132.11",,,,,,""
"2021-04-21","'36297FCV2'","MBS","GNMA I MORTPASS 5% 03/39","30yr",,,,,"77064.82",,,,,,""
"2021-04-21","'3138MGDW2'","MBS","UMBS MORTPASS 2.5% 10/27","15yr",,,,,"76985.41",,,,,,""
"2021-04-21","'3620A43N0'","MBS","GNMA I MORTPASS 5% 11/39","30yr",,,,,"76925.99",,,,,,""
"2021-04-21","'3128MD5Y5'","MBS","FHLMCGLD 3% 08/24","15yr",,,,,"76923.46",,,,,,""
"2021-04-21","'3131XAYD7'","MBS","UMBS MORTPASS 3% 12/29","15yr",,,,,"76876.5",,,,,,""
"2021-04-21","'36297G4Q0'","MBS","GNMA I MORTPASS 5% 04/39","30yr",,,,,"76805.17",,,,,,""
"2021-04-21","'36297EMU6'","MBS","GNMA I 4.5% 04/39","30yr",,,,,"76790.88",,,,,,""
"2021-04-21","'3131XLDG9'","MBS","UMBS MORTPASS 2.5% 01/43","30yr",,,,,"76778.46",,,,,,""
"2021-04-21","'36176AAA7'","MBS","GNMA I MORTPASS 4% 01/42","30yr",,,,,"76745.08",,,,,,""
"2021-04-21","'36178DCF6'","MBS","GNMA I 3.5% 12/41","30yr",,,,,"76733.74",,,,,,""
"2021-04-21","'3128MJXC9'","MBS","FHLMCGLD 4.5% 10/45","30yr",,,,,"76727.4",,,,,,""
"2021-04-21","'3138YM2B4'","MBS","UMBS MORTPASS 3% 05/30","15yr",,,,,"76691.73",,,,,,""
"2021-04-21","'3138EMZZ7'","MBS","UMBS MORTPASS 3.5% 05/29","15yr",,,,,"76613.72",,,,,,""
"2021-04-21","'3132J6TQ7'","MBS","FHLMCGLD 3% 02/43","30yr",,,,,"76605.11",,,,,,""
"2021-04-21","'3140H47B4'","MBS","UMBS MORTPASS 3% 12/32","15yr",,,,,"76594.43",,,,,,""
"2021-04-21","'3140GWHQ9'","MBS","UMBS MORTPASS 3% 08/47","30yr",,,,,"76592.37",,,,,,""
"2021-04-21","'36176PDE3'","MBS","GNMA I 3.5% 04/42","30yr",,,,,"76587.36",,,,,,""
"2021-04-21","'3140FDAK2'","MBS","UMBS MORTPASS 2% 10/31","15yr",,,,,"76585.71",,,,,,""
"2021-04-21","'3620A5TN9'","MBS","GNMA I MORTPASS 5% 01/40","30yr",,,,,"76554.59",,,,,,""
"2021-04-21","'3620ARYC9'","MBS","GNMA I 3.5% 01/41","30yr",,,,,"76551.63",,,,,,""
"2021-04-21","'31418AB98'","MBS","UMBS MORTPASS 2.5% 01/22","Other",,,,,"76467.05",,,,,,""
"2021-04-21","'31307R5U5'","MBS","FHLMCGLD 2.5% 09/31","15yr",,,,,"76400.35",,,,,,""
"2021-04-21","'36295DNJ4'","MBS","GNMA I 5.5% 04/39","30yr",,,,,"76367.11",,,,,,""
"2021-04-21","'3140JKEU6'","MBS","UMBS MORTPASS 4% 12/48","30yr",,,,,"76313.71",,,,,,""
"2021-04-21","'31417WHJ3'","MBS","UMBS MORTPASS 5.5% 06/40","30yr",,,,,"76151.08",,,,,,""
"2021-04-21","'36176QYS7'","MBS","GNMA I 3.5% 03/42","30yr",,,,,"76131.62",,,,,,""
"2021-04-21","'36297EQN8'","MBS","GNMA I MORTPASS 5% 07/39","30yr",,,,,"76099.35",,,,,,""
"2021-04-21","'36177RSG7'","MBS","GNMA I 3.5% 02/42","30yr",,,,,"76049.35",,,,,,""
"2021-04-21","'3128PWNX2'","MBS","FHLMCGLD 3% 09/21","15yr",,,,,"76039.57",,,,,,""
"2021-04-21","'3138AJQE5'","MBS","UMBS MORTPASS 3% 11/26","15yr",,,,,"76002.74",,,,,,""
"2021-04-21","'3140H5MR9'","MBS","UMBS MORTPASS 3.5% 01/48","30yr",,,,,"75901.48",,,,,,""
"2021-04-21","'36177PVN2'","MBS","GNMA I MORTPASS 4% 05/42","30yr",,,,,"75870.53",,,,,,""
"2021-04-21","'3132QUNY5'","MBS","FHLMCGLD 4% 12/45","30yr",,,,,"75869.43",,,,,,""
"2021-04-21","'3620A7DK8'","MBS","GNMA I MORTPASS 5% 12/39","30yr",,,,,"75778.09",,,,,,""
"2021-04-21","'3138XPM91'","MBS","UMBS MORTPASS 4% 03/44","30yr",,,,,"75707.42",,,,,,""
"2021-04-21","'31418ARR1'","MBS","UMBS MORTPASS 2.5% 03/33","Other",,,,,"75671.12",,,,,,""
"2021-04-21","'36179HUN9'","MBS","GNMA I MORTPASS 3% 12/42","30yr",,,,,"75657.47",,,,,,""
"2021-04-21","'36176USV8'","MBS","GNMA I 3.5% 04/42","30yr",,,,,"75654",,,,,,""
"2021-04-21","'36176E4G3'","MBS","GNMA I 3.5% 11/41","30yr",,,,,"75547.63",,,,,,""
"2021-04-21","'31417K5F0'","MBS","UMBS MORTPASS 4.5% 07/24","15yr",,,,,"75521.39",,,,,,""
"2021-04-21","'3138XUHU9'","MBS","UMBS MORTPASS 4.5% 05/44","30yr",,,,,"75502.69",,,,,,""
"2021-04-21","'3132QN5H8'","MBS","FHLMCGLD 3.5% 04/45","30yr",,,,,"75491.93",,,,,,""
"2021-04-21","'3140JPMK8'","MBS","UMBS MORTPASS 2.5% 05/34","15yr",,,,,"75486.43",,,,,,""
"2021-04-21","'3620A7BD6'","MBS","GNMA I 4.5% 12/39","30yr",,,,,"75475.24",,,,,,""
"2021-04-21","'36297KWV9'","MBS","GNMA I 4.5% 04/39","30yr",,,,,"75451.24",,,,,,""
"2021-04-21","'3132JBDR1'","MBS","FHLMCGLD 4% 07/43","30yr",,,,,"75392.25",,,,,,""
"2021-04-21","'3140JJGB9'","MBS","UMBS MORTPASS 4% 12/48","30yr",,,,,"75374.67",,,,,,""
"2021-04-21","'31417DHV8'","MBS","UMBS MORTPASS 2.5% 10/22","Other",,,,,"75326.76",,,,,,""
"2021-04-21","'31417YJ24'","MBS","UMBS MORTPASS 5.5% 11/29","Other",,,,,"75322.57",,,,,,""
"2021-04-21","'3620A4ML3'","MBS","GNMA I 4.5% 07/39","30yr",,,,,"75321.25",,,,,,""
"2021-04-21","'3620A4PR7'","MBS","GNMA I 4.5% 08/39","30yr",,,,,"75208.34",,,,,,""
"2021-04-21","'3133KYR50'","MBS","UMBS MORTPASS 4% 08/39","Other",,,,,"75194.46",,,,,,""
"2021-04-21","'3131X8RU2'","MBS","UMBS MORTPASS 2.5% 02/28","15yr",,,,,"75169.04",,,,,,""
"2021-04-21","'3138LY6D4'","MBS","UMBS MORTPASS 2.5% 06/27","15yr",,,,,"75118.45",,,,,,""
"2021-04-21","'3138MPN27'","MBS","UMBS MORTPASS 2.5% 12/27","15yr",,,,,"75021",,,,,,""
"2021-04-21","'36202EWZ8'","MBS","GNMA II 4.5% 10/38","30yr",,,,,"75017.94",,,,,,""
"2021-04-21","'3128P7BX0'","MBS","FHLMCGLD 4% 12/25","Other",,,,,"74967.34",,,,,,""
"2021-04-21","'31306YEL1'","MBS","FHLMCGLD 3% 11/27","15yr",,,,,"74951.7",,,,,,""
"2021-04-21","'36296A4X9'","MBS","GNMA I 4.5% 04/38","30yr",,,,,"74935.75",,,,,,""
"2021-04-21","'3132WD3Z5'","MBS","FHLMCGLD 3.5% 06/46","30yr",,,,,"74914.46",,,,,,""
"2021-04-21","'36178B2Y0'","MBS","GNMA I 3.5% 06/42","30yr",,,,,"74912.95",,,,,,""
"2021-04-21","'3620AHMZ3'","MBS","GNMA I 4.5% 01/40","30yr",,,,,"74909.79",,,,,,""
"2021-04-21","'31418CUC6'","MBS","UMBS MORTPASS 4.5% 02/48","30yr",,,,,"74874.3",,,,,,""
"2021-04-21","'36295UAJ0'","MBS","GNMA I MORTPASS 5% 01/40","30yr",,,,,"74873.82",,,,,,""
"2021-04-21","'36296QHQ5'","MBS","GNMA I 4.5% 02/39","30yr",,,,,"74872.23",,,,,,""
"2021-04-21","'36295HYV6'","MBS","GNMA I 5.5% 07/37","30yr",,,,,"74854.05",,,,,,""
"2021-04-21","'36297ETE5'","MBS","GNMA I MORTPASS 5% 10/39","30yr",,,,,"74852.51",,,,,,""
"2021-04-21","'36297FCG5'","MBS","GNMA I MORTPASS 5% 07/39","30yr",,,,,"74847.09",,,,,,""
"2021-04-21","'31418ASW9'","MBS","UMBS MORTPASS 3% 05/33","Other",,,,,"74791.47",,,,,,""
"2021-04-21","'3132MAKE0'","MBS","FHLMCGLD 4% 11/44","30yr",,,,,"74790.2",,,,,,""
"2021-04-21","'36176UEP6'","MBS","GNMA I MORTPASS 4% 11/41","30yr",,,,,"74776.45",,,,,,""
"2021-04-21","'3138WEKH1'","MBS","UMBS MORTPASS 3.5% 04/45","30yr",,,,,"74677.62",,,,,,""
"2021-04-21","'3138WXFK8'","MBS","UMBS MORTPASS 2.5% 07/28","15yr",,,,,"74648.7",,,,,,""
"2021-04-21","'36177NFJ4'","MBS","GNMA I MORTPASS 4% 12/41","30yr",,,,,"74631.9",,,,,,""
"2021-04-21","'3620A8TD5'","MBS","GNMA I 4.5% 12/39","30yr",,,,,"74621.12",,,,,,""
"2021-04-21","'3138WGQE7'","MBS","UMBS MORTPASS 3.5% 02/46","30yr",,,,,"74537.04",,,,,,""
"2021-04-21","'36179VN55'","MBS","GNMA II MORTPASS 4% 06/50","30yr",,,,,"74535.32",,,,,,""
"2021-04-21","'3140KYGX6'","MBS","UMBS MORTPASS 2% 11/50","30yr",,,,,"74494",,,,,,""
"2021-04-21","'36176WHG9'","MBS","GNMA I MORTPASS 4% 01/42","30yr",,,,,"74492.94",,,,,,""
"2021-04-21","'3140H7KB2'","MBS","UMBS MORTPASS 4% 02/48","30yr",,,,,"74486.2",,,,,,""
"2021-04-21","'36292NS76'","MBS","GNMA I 5.5% 04/39","30yr",,,,,"74441.81",,,,,,""
"2021-04-21","'312938BU6'","MBS","FHLMCGLD 4.5% 12/39","30yr",,,,,"74419.12",,,,,,""
"2021-04-21","'3138MMWX6'","MBS","UMBS MORTPASS 2.5% 11/27","15yr",,,,,"74315.85",,,,,,""
"2021-04-21","'36180STA2'","MBS","GNMA I MORTPASS 3% 04/43","30yr",,,,,"74303.14",,,,,,""
"2021-04-21","'31419C5K5'","MBS","UMBS MORTPASS 4% 11/40","30yr",,,,,"74262.75",,,,,,""
"2021-04-21","'36178HT85'","MBS","GNMA I MORTPASS 3% 07/43","30yr",,,,,"74175.81",,,,,,""
"2021-04-21","'3138XFYJ8'","MBS","UMBS MORTPASS 3% 11/28","15yr",,,,,"74155.8",,,,,,""
"2021-04-21","'36176E4H1'","MBS","GNMA I 3.5% 11/41","30yr",,,,,"74153.42",,,,,,""
"2021-04-21","'3138WDC90'","MBS","UMBS MORTPASS 4% 11/44","30yr",,,,,"74148.95",,,,,,""
"2021-04-21","'3140J8EZ2'","MBS","UMBS MORTPASS 3.5% 02/33","15yr",,,,,"74079.48",,,,,,""
"2021-04-21","'3131YACY4'","MBS","UMBS MORTPASS 3% 03/34","15yr",,,,,"74051.8",,,,,,""
"2021-04-21","'3128MDCL5'","MBS","FHLMCGLD 4% 07/26","15yr",,,,,"74033.48",,,,,,""
"2021-04-21","'3131X7ZP6'","MBS","UMBS MORTPASS 3% 08/27","15yr",,,,,"73984.01",,,,,,""
"2021-04-21","'3128MD7M9'","MBS","FHLMCGLD 3% 04/29","15yr",,,,,"73967.66",,,,,,""
"2021-04-21","'3138WHV82'","MBS","UMBS MORTPASS 3% 08/46","30yr",,,,,"73937.12",,,,,,""
"2021-04-21","'3133G76C2'","MBS","UMBS MORTPASS 2.5% 04/35","15yr",,,,,"73853.27",,,,,,""
"2021-04-21","'31412NXB7'","MBS","UMBS MORTPASS 5% 01/39","30yr",,,,,"73850",,,,,,""
"2021-04-21","'3131XAC58'","MBS","UMBS MORTPASS 3% 01/29","15yr",,,,,"73835.07",,,,,,""
"2021-04-21","'3620A1UA4'","MBS","GNMA I MORTPASS 5% 10/39","30yr",,,,,"73813.59",,,,,,""
"2021-04-21","'3138XZBR1'","MBS","UMBS MORTPASS 3.5% 07/29","15yr",,,,,"73620.54",,,,,,""
"2021-04-21","'3140H7LH8'","MBS","UMBS MORTPASS 4.5% 04/48","30yr",,,,,"73540.64",,,,,,""
"2021-04-21","'36176E6F3'","MBS","GNMA I MORTPASS 4% 12/41","30yr",,,,,"73511.9",,,,,,""
"2021-04-21","'36176XER6'","MBS","GNMA I 3.5% 03/42","30yr",,,,,"73462.64",,,,,,""
"2021-04-21","'3138XMJU5'","MBS","UMBS MORTPASS 3.5% 02/29","15yr",,,,,"73445.54",,,,,,""
"2021-04-21","'3620A86Z1'","MBS","GNMA I 4.5% 10/39","30yr",,,,,"73306.42",,,,,,""
"2021-04-21","'3140HBFS2'","MBS","UMBS MORTPASS 4% 05/48","30yr",,,,,"73283.44",,,,,,""
"2021-04-21","'3620A87G2'","MBS","GNMA I MORTPASS 5% 11/39","30yr",,,,,"73267.99",,,,,,""
"2021-04-21","'3140E7TX8'","MBS","UMBS MORTPASS 3% 10/30","15yr",,,,,"73251.46",,,,,,""
"2021-04-21","'3131X9MS0'","MBS","UMBS MORTPASS 2.5% 07/23","Other",,,,,"73196.02",,,,,,""
"2021-04-21","'3138YNSU2'","MBS","UMBS MORTPASS 4% 05/45","30yr",,,,,"73180.94",,,,,,""
"2021-04-21","'3138YNTS6'","MBS","UMBS MORTPASS 3.5% 04/45","30yr",,,,,"73109.48",,,,,,""
"2021-04-21","'36297ET96'","MBS","GNMA I 4.5% 11/39","30yr",,,,,"73017.24",,,,,,""
"2021-04-21","'31329MDK3'","MBS","UMBS MORTPASS 3% 04/29","15yr",,,,,"73010.29",,,,,,""
"2021-04-21","'3140K1Z41'","MBS","UMBS MORTPASS 3% 01/50","30yr",,,,,"73001.29",,,,,,""
"2021-04-21","'3132J7EK4'","MBS","FHLMCGLD 3% 03/43","30yr",,,,,"72988.15",,,,,,""
"2021-04-21","'3138YGYN6'","MBS","UMBS MORTPASS 2.5% 04/30","15yr",,,,,"72969.34",,,,,,""
"2021-04-21","'3133GBDT8'","MBS","UMBS MORTPASS 1.5% 12/35","15yr",,,,,"72903.88",,,,,,""
"2021-04-21","'3140QADH0'","MBS","UMBS MORTPASS 4.5% 12/48","30yr",,,,,"72883.11",,,,,,""
"2021-04-21","'36296NGF7'","MBS","GNMA I 5.5% 07/38","30yr",,,,,"72863.86",,,,,,""
"2021-04-21","'3132M9GN8'","MBS","FHLMCGLD 3.5% 09/44","30yr",,,,,"72842.92",,,,,,""
"2021-04-21","'31413N3D5'","MBS","UMBS MORTPASS 6.5% 10/37","30yr",,,,,"72832",,,,,,""
"2021-04-21","'36179JMP9'","MBS","GNMA I MORTPASS 3% 02/43","30yr",,,,,"72816.83",,,,,,""
"2021-04-21","'36178MHJ3'","MBS","GNMA I MORTPASS 3% 11/42","30yr",,,,,"72772.46",,,,,,""
"2021-04-21","'31412USS0'","MBS","UMBS MORTPASS 6% 07/39","30yr",,,,,"72757.88",,,,,,""
"2021-04-21","'3140HEVW9'","MBS","UMBS MORTPASS 3.5% 05/33","15yr",,,,,"72750.18",,,,,,""
"2021-04-21","'36179E3J5'","MBS","GNMA I MORTPASS 3% 02/43","30yr",,,,,"72670.05",,,,,,""
"2021-04-21","'31418C6P4'","MBS","UMBS MORTPASS 3% 01/49","30yr",,,,,"72662.67",,,,,,""
"2021-04-21","'31329P6V0'","MBS","UMBS MORTPASS 4.5% 02/49","30yr",,,,,"72649.51",,,,,,""
"2021-04-21","'31418CFE9'","MBS","UMBS MORTPASS 3.5% 01/47","30yr",,,,,"72620.29",,,,,,""
"2021-04-21","'3620A5Y29'","MBS","GNMA I 5.5% 09/39","30yr",,,,,"72587.56",,,,,,""
"2021-04-21","'36179FJA4'","MBS","GNMA I MORTPASS 3% 03/43","30yr",,,,,"72575.36",,,,,,""
"2021-04-21","'3138YBTZ6'","MBS","UMBS MORTPASS 3.5% 03/45","30yr",,,,,"72564.4",,,,,,""
"2021-04-21","'36202X4D6'","MBS","GNMA I MORTPASS 5% 07/33","30yr",,,,,"72551.27",,,,,,""
"2021-04-21","'36177KVK9'","MBS","GNMA I MORTPASS 4% 01/42","30yr",,,,,"72502.68",,,,,,""
"2021-04-21","'36295AJ71'","MBS","GNMA I 5.5% 09/39","30yr",,,,,"72496.63",,,,,,""
"2021-04-21","'31417GND4'","MBS","UMBS MORTPASS 2% 05/23","Other",,,,,"72490.68",,,,,,""
"2021-04-21","'3128P7MC4'","MBS","FHLMCGLD 4% 06/29","Other",,,,,"72486.22",,,,,,""
"2021-04-21","'36211LE73'","MBS","GNMA I MORTPASS 4% 09/41","30yr",,,,,"72477.7",,,,,,""
"2021-04-21","'36202ED30'","MBS","GNMA II 4.5% 06/35","30yr",,,,,"72454.71",,,,,,""
"2021-04-21","'36290UB62'","MBS","GNMA I 5.5% 06/37","30yr",,,,,"72451.01",,,,,,""
"2021-04-21","'3138AYLR8'","MBS","UMBS MORTPASS 3.5% 12/26","15yr",,,,,"72432.24",,,,,,""
"2021-04-21","'31417GDB9'","MBS","UMBS MORTPASS 2.5% 04/33","Other",,,,,"72427.73",,,,,,""
"2021-04-21","'3140GQJ98'","MBS","UMBS MORTPASS 4% 05/47","30yr",,,,,"72373.32",,,,,,""
"2021-04-21","'3140HJSM4'","MBS","UMBS MORTPASS 3.5% 06/48","30yr",,,,,"72322.47",,,,,,""
"2021-04-21","'36202ERB7'","MBS","GNMA II 4.5% 02/38","30yr",,,,,"72263.13",,,,,,""
"2021-04-21","'31418AMK1'","MBS","UMBS MORTPASS 3% 11/22","Other",,,,,"72226.15",,,,,,""
"2021-04-21","'36176H6K5'","MBS","GNMA I 3.5% 07/43","30yr",,,,,"72214.39",,,,,,""
"2021-04-21","'36296LMB3'","MBS","GNMA I 4.5% 02/39","30yr",,,,,"72208.42",,,,,,""
"2021-04-21","'36178MWA5'","MBS","GNMA I MORTPASS 3% 06/43","30yr",,,,,"72180.98",,,,,,""
"2021-04-21","'3131XANG2'","MBS","UMBS MORTPASS 3% 06/29","15yr",,,,,"72129.66",,,,,,""
"2021-04-21","'3128L3FQ4'","MBS","FHLMCGLD 4.5% 12/36","30yr",,,,,"71986.11",,,,,,""
"2021-04-21","'36291KVL8'","MBS","GNMA I MORTPASS 5% 01/35","30yr",,,,,"71973.05",,,,,,""
"2021-04-21","'3620ANEM8'","MBS","GNMA I MORTPASS 4% 05/40","30yr",,,,,"71945.63",,,,,,""
"2021-04-21","'3128M8VG6'","MBS","FHLMCGLD 4% 06/41","30yr",,,,,"71897.23",,,,,,""
"2021-04-21","'31339SSN6'","MBS","UMBS MORTPASS 3% 10/49","30yr",,,,,"71796.48",,,,,,""
"2021-04-21","'3140Q8GF6'","MBS","UMBS MORTPASS 3% 12/32","15yr",,,,,"71769.28",,,,,,""
"2021-04-21","'31417AAJ8'","MBS","UMBS MORTPASS 3.5% 10/26","15yr",,,,,"71740.29",,,,,,""
"2021-04-21","'36177L2F0'","MBS","GNMA I 3.5% 12/41","30yr",,,,,"71729.47",,,,,,""
"2021-04-21","'36177Q6L2'","MBS","GNMA I 3.5% 08/42","30yr",,,,,"71712.1",,,,,,""
"2021-04-21","'3138M9UQ2'","MBS","UMBS MORTPASS 2% 12/27","15yr",,,,,"71700.83",,,,,,""
"2021-04-21","'31417S2F6'","MBS","UMBS MORTPASS 4.5% 11/24","15yr",,,,,"71688.96",,,,,,""
"2021-04-21","'36176Q6A7'","MBS","GNMA I 3.5% 03/42","30yr",,,,,"71650.94",,,,,,""
"2021-04-21","'3138E5KA5'","MBS","UMBS MORTPASS 3% 12/26","15yr",,,,,"71643.95",,,,,,""
"2021-04-21","'36177LTR5'","MBS","GNMA I MORTPASS 3% 12/41","30yr",,,,,"71594.19",,,,,,""
"2021-04-21","'31418CXA7'","MBS","UMBS MORTPASS 4% 05/33","15yr",,,,,"71585.45",,,,,,""
"2021-04-21","'3620A3Y57'","MBS","GNMA I MORTPASS 5% 01/40","30yr",,,,,"71577.81",,,,,,""
"2021-04-21","'3140GQ3C8'","MBS","UMBS MORTPASS 3.5% 08/47","30yr",,,,,"71550.85",,,,,,""
"2021-04-21","'3131X9P99'","MBS","UMBS MORTPASS 2% 08/23","Other",,,,,"71541.04",,,,,,""
"2021-04-21","'3133A4NM4'","MBS","UMBS MORTPASS 2% 05/50","30yr",,,,,"71525.11",,,,,,""
"2021-04-21","'36296UJM3'","MBS","GNMA I 4.5% 04/39","30yr",,,,,"71514.98",,,,,,""
"2021-04-21","'36176E4V0'","MBS","GNMA I 3.5% 11/41","30yr",,,,,"71469.89",,,,,,""
"2021-04-21","'36291FAV0'","MBS","GNMA I MORTPASS 5% 04/34","30yr",,,,,"71460.03",,,,,,""
"2021-04-21","'36297GFB1'","MBS","GNMA I MORTPASS 5% 03/39","30yr",,,,,"71441.39",,,,,,""
"2021-04-21","'36294WXT0'","MBS","GNMA I 4.5% 02/39","30yr",,,,,"71397.77",,,,,,""
"2021-04-21","'3140H9ZZ9'","MBS","UMBS MORTPASS 3% 12/25","Other",,,,,"71377.09",,,,,,""
"2021-04-21","'3131X8L95'","MBS","UMBS MORTPASS 2.5% 01/23","Other",,,,,"71345.51",,,,,,""
"2021-04-21","'36177WTV2'","MBS","GNMA I 3.5% 06/42","30yr",,,,,"71340.62",,,,,,""
"2021-04-21","'3138YTVV3'","MBS","UMBS MORTPASS 3% 06/30","15yr",,,,,"71332.48",,,,,,""
"2021-04-21","'3140KKYT5'","MBS","UMBS MORTPASS 2.5% 08/50","30yr",,,,,"71316.41",,,,,,""
"2021-04-21","'36296WTN6'","MBS","GNMA I 5.5% 05/39","30yr",,,,,"71300.06",,,,,,""
"2021-04-21","'3620A85S8'","MBS","GNMA I MORTPASS 5% 08/39","30yr",,,,,"71244.03",,,,,,""
"2021-04-21","'3128M8MB7'","MBS","FHLMCGLD 4% 04/41","30yr",,,,,"71150.68",,,,,,""
"2021-04-21","'3133A2HT0'","MBS","UMBS MORTPASS 3% 03/50","30yr",,,,,"71138.8",,,,,,""
"2021-04-21","'36297KNQ0'","MBS","GNMA I MORTPASS 5% 04/39","30yr",,,,,"71088.54",,,,,,""
"2021-04-21","'3620A7RN7'","MBS","GNMA I MORTPASS 5% 12/39","30yr",,,,,"71031.6",,,,,,""
"2021-04-21","'3138YUC90'","MBS","UMBS MORTPASS 3% 09/30","15yr",,,,,"71020.03",,,,,,""
"2021-04-21","'3131X7RM2'","MBS","UMBS MORTPASS 2.5% 04/27","15yr",,,,,"70939.33",,,,,,""
"2021-04-21","'31418TLB1'","MBS","UMBS MORTPASS 4.5% 05/25","15yr",,,,,"70932.62",,,,,,""
"2021-04-21","'36202EB81'","MBS","GNMA II 4.5% 01/35","30yr",,,,,"70913.88",,,,,,""
"2021-04-21","'3138XDSJ0'","MBS","UMBS MORTPASS 3% 12/28","15yr",,,,,"70901.3",,,,,,""
"2021-04-21","'3138EKPX7'","MBS","UMBS MORTPASS 3% 01/23","Other",,,,,"70889.68",,,,,,""
"2021-04-21","'31417GCU8'","MBS","UMBS MORTPASS 2% 04/23","Other",,,,,"70776.47",,,,,,""
"2021-04-21","'31417BCF2'","MBS","UMBS MORTPASS 3% 03/27","15yr",,,,,"70757.9",,,,,,""
"2021-04-21","'3140QADK3'","MBS","UMBS MORTPASS 4.5% 12/48","30yr",,,,,"70753.75",,,,,,""
"2021-04-21","'36297CVF3'","MBS","GNMA I 4.5% 07/39","30yr",,,,,"70727.92",,,,,,""
"2021-04-21","'3128MD3D3'","MBS","FHLMCGLD 3.5% 04/24","15yr",,,,,"70717",,,,,,""
"2021-04-21","'31307PFM6'","MBS","FHLMCGLD 3.5% 09/30","15yr",,,,,"70702.47",,,,,,""
"2021-04-21","'3620AB3F1'","MBS","GNMA I MORTPASS 5% 02/40","30yr",,,,,"70649.9",,,,,,""
"2021-04-21","'3138M6WC7'","MBS","UMBS MORTPASS 3% 08/27","15yr",,,,,"70639.72",,,,,,""
"2021-04-21","'36297JE83'","MBS","GNMA I 4.5% 03/39","30yr",,,,,"70589.78",,,,,,""
"2021-04-21","'3138MD2M3'","MBS","UMBS MORTPASS 3% 10/27","15yr",,,,,"70582.51",,,,,,""
"2021-04-21","'3138MQEM1'","MBS","UMBS MORTPASS 2.5% 02/23","Other",,,,,"70556.78",,,,,,""
"2021-04-21","'3131XALF6'","MBS","UMBS MORTPASS 2.5% 05/24","Other",,,,,"70556.34",,,,,,""
"2021-04-21","'36297GPU8'","MBS","GNMA I 3.5% 10/40","30yr",,,,,"70506.29",,,,,,""
"2021-04-21","'3140GUKS5'","MBS","UMBS MORTPASS 3% 10/32","15yr",,,,,"70504.66",,,,,,""
"2021-04-21","'3140HMVY7'","MBS","UMBS MORTPASS 4.5% 08/48","30yr",,,,,"70492.79",,,,,,""
"2021-04-21","'3620A4RY0'","MBS","GNMA I MORTPASS 5% 09/39","30yr",,,,,"70472.87",,,,,,""
"2021-04-21","'36295NGY7'","MBS","GNMA I 5.5% 04/38","30yr",,,,,"70446.4",,,,,,""
"2021-04-21","'3138X5V95'","MBS","UMBS MORTPASS 3% 09/28","15yr",,,,,"70441.6",,,,,,""
"2021-04-21","'36212WQ42'","MBS","GNMA I MORTPASS 5% 03/40","30yr",,,,,"70388.16",,,,,,""
"2021-04-21","'3140GUEJ2'","MBS","UMBS MORTPASS 3% 07/32","15yr",,,,,"70370.78",,,,,,""
"2021-04-21","'3132A9TR8'","MBS","UMBS MORTPASS 2% 04/32","15yr",,,,,"70359.64",,,,,,""
"2021-04-21","'3138Y6KK9'","MBS","UMBS MORTPASS 3.5% 09/29","15yr",,,,,"70345.07",,,,,,""
"2021-04-21","'3138XVBG4'","MBS","UMBS MORTPASS 3.5% 07/29","15yr",,,,,"70296.04",,,,,,""
"2021-04-21","'3138YJB47'","MBS","UMBS MORTPASS 3% 02/45","30yr",,,,,"70294.86",,,,,,""
"2021-04-21","'3138EHYH9'","MBS","UMBS MORTPASS 3% 04/27","15yr",,,,,"70275.22",,,,,,""
"2021-04-21","'31329MK58'","MBS","UMBS MORTPASS 2% 06/27","Other",,,,,"70274.8",,,,,,""
"2021-04-21","'31417TNN4'","MBS","UMBS MORTPASS 4% 01/25","15yr",,,,,"70273.09",,,,,,""
"2021-04-21","'3132J92F4'","MBS","FHLMCGLD 4% 05/43","30yr",,,,,"70267.8",,,,,,""
"2021-04-21","'31307VYB6'","MBS","FHLMCGLD 3% 04/33","15yr",,,,,"70219.59",,,,,,""
"2021-04-21","'31416W6J6'","MBS","UMBS MORTPASS 3% 11/25","15yr",,,,,"70182.82",,,,,,""
"2021-04-21","'3128PMQB9'","MBS","FHLMCGLD 4% 03/24","15yr",,,,,"70144.65",,,,,,""
"2021-04-21","'31415VVJ1'","MBS","UMBS MORTPASS 6% 11/38","30yr",,,,,"70081.61",,,,,,""
"2021-04-21","'3132QNAV1'","MBS","FHLMCGLD 4% 03/45","30yr",,,,,"70044.5",,,,,,""
"2021-04-21","'3138AV6U4'","MBS","UMBS MORTPASS 3% 12/26","15yr",,,,,"70027.72",,,,,,""
"2021-04-21","'36297DBB2'","MBS","GNMA I MORTPASS 5% 04/39","30yr",,,,,"70007.87",,,,,,""
"2021-04-21","'3132A83S6'","MBS","UMBS MORTPASS 3% 05/33","15yr",,,,,"69990.91",,,,,,""
"2021-04-21","'31418QYH0'","MBS","UMBS MORTPASS 4% 02/25","15yr",,,,,"69977.72",,,,,,""
"2021-04-21","'3140Q7BW6'","MBS","UMBS MORTPASS 2% 07/32","15yr",,,,,"69952.13",,,,,,""
"2021-04-21","'31406UHT8'","MBS","UMBS MORTPASS 5% 07/35","30yr",,,,,"69928.72",,,,,,""
"2021-04-21","'3140HJXG1'","MBS","UMBS MORTPASS 3% 05/48","30yr",,,,,"69857.89",,,,,,""
"2021-04-21","'36296TDG5'","MBS","GNMA I 4.5% 03/39","30yr",,,,,"69852.42",,,,,,""
"2021-04-21","'3140QFS34'","MBS","UMBS MORTPASS 2.5% 11/50","30yr",,,,,"69846.37",,,,,,""
"2021-04-21","'36179HRW3'","MBS","GNMA I MORTPASS 3% 12/42","30yr",,,,,"69813.82",,,,,,""
"2021-04-21","'31416SAT8'","MBS","UMBS MORTPASS 6% 08/39","30yr",,,,,"69781.26",,,,,,""
"2021-04-21","'3138WHP30'","MBS","UMBS MORTPASS 2.5% 08/31","15yr",,,,,"69631.93",,,,,,""
"2021-04-21","'3132DV6M2'","MBS","UMBS MORTPASS 4% 07/50","30yr",,,,,"69586.08",,,,,,""
"2021-04-21","'36296HPA1'","MBS","GNMA I MORTPASS 4% 06/41","30yr",,,,,"69576.64",,,,,,""
"2021-04-21","'3140HHMJ1'","MBS","UMBS MORTPASS 4% 04/48","30yr",,,,,"69572.74",,,,,,""
"2021-04-21","'3138WHGK2'","MBS","UMBS MORTPASS 4% 06/46","30yr",,,,,"69567.35",,,,,,""
"2021-04-21","'36180HPR3'","MBS","GNMA I 3.5% 09/43","30yr",,,,,"69495.9",,,,,,""
"2021-04-21","'3138M9FD8'","MBS","UMBS MORTPASS 2.5% 09/27","15yr",,,,,"69448.71",,,,,,""
"2021-04-21","'3138EKPM1'","MBS","UMBS MORTPASS 2.5% 01/23","Other",,,,,"69423.69",,,,,,""
"2021-04-21","'3132QMZK0'","MBS","FHLMCGLD 4% 02/45","30yr",,,,,"69370.78",,,,,,""
"2021-04-21","'31417K4P9'","MBS","UMBS MORTPASS 4.5% 10/24","15yr",,,,,"69332.44",,,,,,""
"2021-04-21","'3138EETJ8'","MBS","UMBS MORTPASS 3% 04/27","15yr",,,,,"69319.28",,,,,,""
"2021-04-21","'3620A4VN9'","MBS","GNMA I MORTPASS 5% 09/39","30yr",,,,,"69316.96",,,,,,""
"2021-04-21","'36297EFT7'","MBS","GNMA I 4.5% 07/39","30yr",,,,,"69305.35",,,,,,""
"2021-04-21","'31418DDS8'","MBS","UMBS MORTPASS 4.5% 06/39","Other",,,,,"69296.33",,,,,,""
"2021-04-21","'3620AB5P7'","MBS","GNMA I MORTPASS 5% 11/39","30yr",,,,,"69282.11",,,,,,""
"2021-04-21","'3128MMSV6'","MBS","FHLMCGLD 3% 11/29","15yr",,,,,"69233.75",,,,,,""
"2021-04-21","'36176DV59'","MBS","GNMA I MORTPASS 4% 04/41","30yr",,,,,"69191.93",,,,,,""
"2021-04-21","'36297F2Z4'","MBS","GNMA I MORTPASS 5% 11/39","30yr",,,,,"69187.26",,,,,,""
"2021-04-21","'3138AYDT3'","MBS","UMBS MORTPASS 3.5% 11/26","15yr",,,,,"69175.93",,,,,,""
"2021-04-21","'36176PRH1'","MBS","GNMA I 3.5% 11/41","30yr",,,,,"69175.39",,,,,,""
"2021-04-21","'3138WG4D3'","MBS","UMBS MORTPASS 3% 05/31","15yr",,,,,"69136.88",,,,,,""
"2021-04-21","'31417E3C3'","MBS","UMBS MORTPASS 2% 02/23","Other",,,,,"69135.02",,,,,,""
"2021-04-21","'3128MJYP9'","MBS","FHLMCGLD 4% 08/46","30yr",,,,,"69134.81",,,,,,""
"2021-04-21","'36297HBY3'","MBS","GNMA I MORTPASS 5% 08/39","30yr",,,,,"69106.1",,,,,,""
"2021-04-21","'3132J6BQ6'","MBS","FHLMCGLD 3% 12/42","30yr",,,,,"69069.96",,,,,,""
"2021-04-21","'31418ALW6'","MBS","UMBS MORTPASS 2.5% 11/27","15yr",,,,,"69037.88",,,,,,""
"2021-04-21","'31329LA85'","MBS","UMBS MORTPASS 2.5% 04/22","Other",,,,,"68969.64",,,,,,""
"2021-04-21","'3138WUGZ0'","MBS","UMBS MORTPASS 3% 05/28","15yr",,,,,"68879.36",,,,,,""
"2021-04-21","'3140E2HL8'","MBS","UMBS MORTPASS 3.5% 10/30","15yr",,,,,"68856.54",,,,,,""
"2021-04-21","'3128Q0A98'","MBS","FHLMCGLD 3.5% 05/27","15yr",,,,,"68836.23",,,,,,""
"2021-04-21","'3131X8GG5'","MBS","UMBS MORTPASS 2.5% 11/22","Other",,,,,"68806.94",,,,,,""
"2021-04-21","'3138AYWD7'","MBS","UMBS MORTPASS 3.5% 11/26","15yr",,,,,"68784.34",,,,,,""
"2021-04-21","'3138EMH79'","MBS","UMBS MORTPASS 3% 01/29","15yr",,,,,"68767.49",,,,,,""
"2021-04-21","'36181AZF2'","MBS","GNMA I 3.5% 12/42","30yr",,,,,"68723.87",,,,,,""
"2021-04-21","'36297BXR7'","MBS","GNMA I MORTPASS 4% 02/39","30yr",,,,,"68689.09",,,,,,""
"2021-04-21","'3128PMWY2'","MBS","FHLMCGLD 4% 04/24","15yr",,,,,"68678.59",,,,,,""
"2021-04-21","'3140HHGS8'","MBS","UMBS MORTPASS 3.5% 04/48","30yr",,,,,"68676.51",,,,,,""
"2021-04-21","'3133KJU75'","MBS","UMBS MORTPASS 2.5% 08/50","30yr",,,,,"68588.07",,,,,,""
"2021-04-21","'3132M85B8'","MBS","FHLMCGLD 3.5% 09/44","30yr",,,,,"68520.92",,,,,,""
"2021-04-21","'3138AWBB8'","MBS","UMBS MORTPASS 3% 11/26","15yr",,,,,"68413.72",,,,,,""
"2021-04-21","'36177WJA9'","MBS","GNMA I MORTPASS 3% 04/42","30yr",,,,,"68325.76",,,,,,""
"2021-04-21","'31415VV77'","MBS","UMBS MORTPASS 5.5% 09/38","30yr",,,,,"68307.99",,,,,,""
"2021-04-21","'31307JCY7'","MBS","FHLMCGLD 2.5% 08/29","15yr",,,,,"68299.79",,,,,,""
"2021-04-21","'3128E5Z93'","MBS","FHLMCGLD 4% 10/30","Other",,,,,"68275.59",,,,,,""
"2021-04-21","'3132JASZ9'","MBS","FHLMCGLD 4% 06/43","30yr",,,,,"68269.18",,,,,,""
"2021-04-21","'31404MBH0'","MBS","UMBS MORTPASS 5% 04/34","30yr",,,,,"68221.76",,,,,,""
"2021-04-21","'31410LUK6'","MBS","UMBS MORTPASS 3.5% 06/32","15yr",,,,,"68153.13",,,,,,""
"2021-04-21","'3620A9S36'","MBS","GNMA I MORTPASS 5% 09/39","30yr",,,,,"68052.39",,,,,,""
"2021-04-21","'36230KVD0'","MBS","GNMA I MORTPASS 4% 03/42","30yr",,,,,"68032.25",,,,,,""
"2021-04-21","'3620AGSU0'","MBS","GNMA I 4.5% 01/40","30yr",,,,,"68024.58",,,,,,""
"2021-04-21","'31412QJX8'","MBS","UMBS MORTPASS 4.5% 09/24","15yr",,,,,"68019.31",,,,,,""
"2021-04-21","'312933EH3'","MBS","FHLMCGLD 5% 05/39","30yr",,,,,"68002.45",,,,,,""
"2021-04-21","'3140H7PW1'","MBS","UMBS MORTPASS 4% 06/48","30yr",,,,,"67939.46",,,,,,""
"2021-04-21","'31329QMR9'","MBS","UMBS MORTPASS 4% 04/49","30yr",,,,,"67924.6",,,,,,""
"2021-04-21","'3133G7GP2'","MBS","UMBS MORTPASS 3% 12/34","15yr",,,,,"67911.16",,,,,,""
"2021-04-21","'36202FP59'","MBS","GNMA II 3.5% 02/41","30yr",,,,,"67905.97",,,,,,""
"2021-04-21","'3132A7SB8'","MBS","UMBS MORTPASS 2.5% 01/28","15yr",,,,,"67847.21",,,,,,""
"2021-04-21","'31306XHL0'","MBS","FHLMCGLD 2.5% 09/22","15yr",,,,,"67828.53",,,,,,""
"2021-04-21","'3140X5DA8'","MBS","UMBS MORTPASS 3% 11/34","15yr",,,,,"67813.8",,,,,,""
"2021-04-21","'3140JGLD5'","MBS","UMBS MORTPASS 4.5% 12/48","30yr",,,,,"67795.51",,,,,,""
"2021-04-21","'3620A35L4'","MBS","GNMA I MORTPASS 5% 10/39","30yr",,,,,"67756.13",,,,,,""
"2021-04-21","'3128MJYN4'","MBS","FHLMCGLD 3.5% 08/46","30yr",,,,,"67735.53",,,,,,""
"2021-04-21","'31329PKC6'","MBS","UMBS MORTPASS 4.5% 09/48","30yr",,,,,"67683.7",,,,,,""
"2021-04-21","'3620ACAE4'","MBS","GNMA I MORTPASS 5% 03/40","30yr",,,,,"67671.08",,,,,,""
"2021-04-21","'3140HJK67'","MBS","UMBS MORTPASS 4% 09/48","30yr",,,,,"67628.1",,,,,,""
"2021-04-21","'3138WET82'","MBS","UMBS MORTPASS 2.5% 05/30","15yr",,,,,"67490.9",,,,,,""
"2021-04-21","'3133G6ZK4'","MBS","UMBS MORTPASS 2% 10/34","15yr",,,,,"67468.03",,,,,,""
"2021-04-21","'3138WFZG4'","MBS","UMBS MORTPASS 2.5% 11/30","15yr",,,,,"67456.06",,,,,,""
"2021-04-21","'3138AVK20'","MBS","UMBS MORTPASS 3.5% 03/42","30yr",,,,,"67440.74",,,,,,""
"2021-04-21","'36180BG96'","MBS","GNMA I MORTPASS 4% 04/43","30yr",,,,,"67439.32",,,,,,""
"2021-04-21","'31410GTR4'","MBS","UMBS MORTPASS 5.5% 10/37","30yr",,,,,"67424.88",,,,,,""
"2021-04-21","'3138ABUJ6'","MBS","UMBS MORTPASS 3% 11/26","15yr",,,,,"67424.6",,,,,,""
"2021-04-21","'3138XVML1'","MBS","UMBS MORTPASS 4% 06/44","30yr",,,,,"67413.2",,,,,,""
"2021-04-21","'3140X4H66'","MBS","UMBS MORTPASS 2.5% 07/33","15yr",,,,,"67241.1",,,,,,""
"2021-04-21","'31418BA22'","MBS","UMBS MORTPASS 3.5% 03/29","15yr",,,,,"67220.86",,,,,,""
"2021-04-21","'3620A1T73'","MBS","GNMA I MORTPASS 5% 10/39","30yr",,,,,"67161.86",,,,,,""
"2021-04-21","'36295MCL1'","MBS","GNMA I MORTPASS 5% 11/39","30yr",,,,,"67139.85",,,,,,""
"2021-04-21","'3138MNJC5'","MBS","UMBS MORTPASS 2.5% 01/28","15yr",,,,,"67094.97",,,,,,""
"2021-04-21","'31418QQC0'","MBS","UMBS MORTPASS 4% 02/25","15yr",,,,,"67040.71",,,,,,""
"2021-04-21","'3140HNZ21'","MBS","UMBS MORTPASS 4% 10/48","30yr",,,,,"67038.4",,,,,,""
"2021-04-21","'3620A2LG9'","MBS","GNMA I MORTPASS 5% 04/39","30yr",,,,,"67037.22",,,,,,""
"2021-04-21","'3132QVUG4'","MBS","FHLMCGLD 4% 02/46","30yr",,,,,"67001.76",,,,,,""
"2021-04-21","'31307VEP7'","MBS","FHLMCGLD 3% 01/33","15yr",,,,,"66970.53",,,,,,""
"2021-04-21","'3138ABFT1'","MBS","UMBS MORTPASS 3.5% 05/26","15yr",,,,,"66958.66",,,,,,""
"2021-04-21","'31419BDY8'","MBS","UMBS MORTPASS 3% 10/25","15yr",,,,,"66956.14",,,,,,""
"2021-04-21","'3133KHUB0'","MBS","UMBS MORTPASS 4.5% 12/49","30yr",,,,,"66946.52",,,,,,""
"2021-04-21","'3133A2HM5'","MBS","UMBS MORTPASS 3% 03/50","30yr",,,,,"66928.87",,,,,,""
"2021-04-21","'3140H1V23'","MBS","UMBS MORTPASS 4% 03/48","30yr",,,,,"66918.11",,,,,,""
"2021-04-21","'31294L6V0'","MBS","FHLMCGLD 4.5% 03/25","15yr",,,,,"66914.3",,,,,,""
"2021-04-21","'3138XDSK7'","MBS","UMBS MORTPASS 3% 12/28","15yr",,,,,"66894.1",,,,,,""
"2021-04-21","'31418CEJ9'","MBS","UMBS MORTPASS 4.5% 12/46","30yr",,,,,"66873.22",,,,,,""
"2021-04-21","'3620ABGK6'","MBS","GNMA I MORTPASS 5% 03/40","30yr",,,,,"66837.56",,,,,,""
"2021-04-21","'36202ER92'","MBS","GNMA II 4.5% 04/38","30yr",,,,,"66801.83",,,,,,""
"2021-04-21","'3131X7K64'","MBS","UMBS MORTPASS 3% 02/27","15yr",,,,,"66798.6",,,,,,""
"2021-04-21","'3138EPUV4'","MBS","UMBS MORTPASS 3.5% 05/45","30yr",,,,,"66789.58",,,,,,""
"2021-04-21","'36177ULM4'","MBS","GNMA I MORTPASS 4% 06/42","30yr",,,,,"66756.59",,,,,,""
"2021-04-21","'3138YV4E6'","MBS","UMBS MORTPASS 4% 07/45","30yr",,,,,"66660.85",,,,,,""
"2021-04-21","'36180SB45'","MBS","GNMA I 3.5% 07/43","30yr",,,,,"66567.62",,,,,,""
"2021-04-21","'36180KMN8'","MBS","GNMA I 3.5% 04/43","30yr",,,,,"66541.05",,,,,,""
"2021-04-21","'31418CKG8'","MBS","UMBS MORTPASS 3.5% 05/47","30yr",,,,,"66516.89",,,,,,""
"2021-04-21","'31307M4H6'","MBS","FHLMCGLD 2.5% 05/30","15yr",,,,,"66511.71",,,,,,""
"2021-04-21","'3138MLG65'","MBS","UMBS MORTPASS 3% 11/27","15yr",,,,,"66354.27",,,,,,""
"2021-04-21","'3138W4NH0'","MBS","UMBS MORTPASS 2.5% 02/23","Other",,,,,"66325.46",,,,,,""
"2021-04-21","'31408CV94'","MBS","UMBS MORTPASS 5% 11/35","30yr",,,,,"66323.52",,,,,,""
"2021-04-21","'36230MJY4'","MBS","GNMA I MORTPASS 4% 08/41","30yr",,,,,"66312.56",,,,,,""
"2021-04-21","'36297A6U2'","MBS","GNMA I 4.5% 02/39","30yr",,,,,"66269.05",,,,,,""
"2021-04-21","'31418BCA2'","MBS","UMBS MORTPASS 2% 02/24","Other",,,,,"66198.2",,,,,,""
"2021-04-21","'3140JKY59'","MBS","UMBS MORTPASS 3.5% 01/49","30yr",,,,,"66142.58",,,,,,""
"2021-04-21","'3131XX5E7'","MBS","UMBS MORTPASS 4% 10/47","30yr",,,,,"66090.76",,,,,,""
"2021-04-21","'31417GFL5'","MBS","UMBS MORTPASS 2.5% 05/28","15yr",,,,,"66044.09",,,,,,""
"2021-04-21","'3140JMLK6'","MBS","UMBS MORTPASS 4.5% 02/49","30yr",,,,,"66034.35",,,,,,""
"2021-04-21","'36178FWP7'","MBS","GNMA I MORTPASS 4% 06/42","30yr",,,,,"66028.77",,,,,,""
"2021-04-21","'31414UAJ7'","MBS","UMBS MORTPASS 6% 06/38","30yr",,,,,"65961.18",,,,,,""
"2021-04-21","'3131YBUT3'","MBS","UMBS MORTPASS 3.5% 04/49","30yr",,,,,"65894.35",,,,,,""
"2021-04-21","'312944PE5'","MBS","FHLMCGLD 4% 12/40","30yr",,,,,"65843.48",,,,,,""
"2021-04-21","'31418CA95'","MBS","UMBS MORTPASS 2% 08/26","Other",,,,,"65808.74",,,,,,""
"2021-04-21","'3620AVAG7'","MBS","GNMA I 3.5% 05/42","30yr",,,,,"65759.63",,,,,,""
"2021-04-21","'36177NZZ6'","MBS","GNMA I 3.5% 01/42","30yr",,,,,"65757.45",,,,,,""
"2021-04-21","'3138WH3W0'","MBS","UMBS MORTPASS 2.5% 09/31","15yr",,,,,"65733.35",,,,,,""
"2021-04-21","'31412SZV0'","MBS","UMBS MORTPASS 6.5% 04/38","30yr",,,,,"65731.86",,,,,,""
"2021-04-21","'3138YRZ76'","MBS","UMBS MORTPASS 3% 05/45","30yr",,,,,"65646.5",,,,,,""
"2021-04-21","'3128MJYE4'","MBS","FHLMCGLD 4.5% 05/46","30yr",,,,,"65646.1",,,,,,""
"2021-04-21","'31412NUL8'","MBS","UMBS MORTPASS 5% 01/39","30yr",,,,,"65627.09",,,,,,""
"2021-04-21","'36291TR67'","MBS","GNMA I 4.5% 01/35","30yr",,,,,"65603.37",,,,,,""
"2021-04-21","'3140H1JC5'","MBS","UMBS MORTPASS 4.5% 10/47","30yr",,,,,"65586.66",,,,,,""
"2021-04-21","'31417SAD2'","MBS","UMBS MORTPASS 6% 10/39","30yr",,,,,"65577.32",,,,,,""
"2021-04-21","'3622A2E40'","MBS","GNMA II MORTPASS 3% 04/43","30yr",,,,,"65510.28",,,,,,""
"2021-04-21","'3620AGVY8'","MBS","GNMA I 4.5% 01/40","30yr",,,,,"65458.75",,,,,,""
"2021-04-21","'31307CYZ5'","MBS","FHLMCGLD 3% 06/28","15yr",,,,,"65440.9",,,,,,""
"2021-04-21","'3140JKZL3'","MBS","UMBS MORTPASS 4% 01/49","30yr",,,,,"65432.14",,,,,,""
"2021-04-21","'3140X77H6'","MBS","UMBS MORTPASS 2% 10/50","30yr",,,,,"65386.61",,,,,,""
"2021-04-21","'36176P2Y1'","MBS","GNMA I MORTPASS 4% 01/42","30yr",,,,,"65365.11",,,,,,""
"2021-04-21","'3132JPU91'","MBS","FHLMCGLD 4% 10/43","30yr",,,,,"65360.53",,,,,,""
"2021-04-21","'3620C6QP3'","MBS","GNMA I MORTPASS 4% 09/41","30yr",,,,,"65349.43",,,,,,""
"2021-04-21","'3138LVNS8'","MBS","UMBS MORTPASS 3% 06/27","15yr",,,,,"65310.99",,,,,,""
"2021-04-21","'3620A5EK1'","MBS","GNMA I MORTPASS 5% 12/39","30yr",,,,,"65257.48",,,,,,""
"2021-04-21","'3128PMP95'","MBS","FHLMCGLD 4% 03/24","15yr",,,,,"65250.85",,,,,,""
"2021-04-21","'3131Y0K50'","MBS","UMBS MORTPASS 4% 02/48","30yr",,,,,"65242.62",,,,,,""
"2021-04-21","'3131X7LL0'","MBS","UMBS MORTPASS 3% 03/27","15yr",,,,,"65214.79",,,,,,""
"2021-04-21","'31412MXS2'","MBS","UMBS MORTPASS 5% 06/38","30yr",,,,,"65169.21",,,,,,""
"2021-04-21","'31307LRK6'","MBS","FHLMCGLD 2.5% 01/30","15yr",,,,,"65129.12",,,,,,""
"2021-04-21","'31307HWR4'","MBS","FHLMCGLD 2.5% 07/29","15yr",,,,,"65107.72",,,,,,""
"2021-04-21","'3140GSKE1'","MBS","UMBS MORTPASS 3.5% 08/47","30yr",,,,,"65081.02",,,,,,""
"2021-04-21","'3140X4QE9'","MBS","UMBS MORTPASS 3.5% 08/44","30yr",,,,,"65059.6",,,,,,""
"2021-04-21","'36295VE54'","MBS","GNMA I MORTPASS 5% 08/38","30yr",,,,,"65018.41",,,,,,""
"2021-04-21","'3140QBSY5'","MBS","UMBS MORTPASS 3% 09/49","30yr",,,,,"65005.6",,,,,,""
"2021-04-21","'31418CYZ1'","MBS","UMBS MORTPASS 4% 07/33","15yr",,,,,"64994.16",,,,,,""
"2021-04-21","'3140H5LR0'","MBS","UMBS MORTPASS 3.5% 12/47","30yr",,,,,"64971.37",,,,,,""
"2021-04-21","'3138WR7B0'","MBS","UMBS MORTPASS 2.5% 04/28","15yr",,,,,"64930.85",,,,,,""
"2021-04-21","'36178ER68'","MBS","GNMA I 3.5% 10/42","30yr",,,,,"64904.74",,,,,,""
"2021-04-21","'36178A4B0'","MBS","GNMA I MORTPASS 3% 07/42","30yr",,,,,"64874.38",,,,,,""
"2021-04-21","'3138ETCL8'","MBS","UMBS MORTPASS 3.5% 02/46","30yr",,,,,"64859.31",,,,,,""
"2021-04-21","'31307MSF4'","MBS","FHLMCGLD 2.5% 05/30","15yr",,,,,"64810.83",,,,,,""
"2021-04-21","'3138WEP86'","MBS","UMBS MORTPASS 2.5% 05/30","15yr",,,,,"64806.99",,,,,,""
"2021-04-21","'3132QPFU3'","MBS","FHLMCGLD 3% 04/45","30yr",,,,,"64743.78",,,,,,""
"2021-04-21","'3138ERUG3'","MBS","UMBS MORTPASS 3% 12/31","15yr",,,,,"64710.37",,,,,,""
"2021-04-21","'36297DLU9'","MBS","GNMA I 4.5% 04/39","30yr",,,,,"64703.46",,,,,,""
"2021-04-21","'3138XGRV7'","MBS","UMBS MORTPASS 3.5% 01/29","15yr",,,,,"64701.86",,,,,,""
"2021-04-21","'3128MMYU1'","MBS","FHLMCGLD 3% 02/34","15yr",,,,,"64699.35",,,,,,""
"2021-04-21","'3620ABDW3'","MBS","GNMA I MORTPASS 5% 03/40","30yr",,,,,"64605.99",,,,,,""
"2021-04-21","'31329KWY6'","MBS","UMBS MORTPASS 3.5% 06/37","Other",,,,,"64541.74",,,,,,""
"2021-04-21","'31306YNH0'","MBS","FHLMCGLD 3% 12/22","15yr",,,,,"64537.52",,,,,,""
"2021-04-21","'3138MF5J2'","MBS","UMBS MORTPASS 2.5% 10/27","15yr",,,,,"64424.66",,,,,,""
"2021-04-21","'3138WQAT9'","MBS","UMBS MORTPASS 2.5% 05/43","30yr",,,,,"64378.94",,,,,,""
"2021-04-21","'3620AAU30'","MBS","GNMA I MORTPASS 4% 08/39","30yr",,,,,"64371.62",,,,,,""
"2021-04-21","'36297FLG5'","MBS","GNMA I MORTPASS 5% 04/39","30yr",,,,,"64361.42",,,,,,""
"2021-04-21","'3138EBHL2'","MBS","UMBS MORTPASS 3% 03/27","15yr",,,,,"64359.4",,,,,,""
"2021-04-21","'3140JXUH9'","MBS","UMBS MORTPASS 3% 08/34","15yr",,,,,"64296.52",,,,,,""
"2021-04-21","'31307YAF7'","MBS","FHLMCGLD 3.5% 12/33","15yr",,,,,"64284.56",,,,,,""
"2021-04-21","'3620A47A4'","MBS","GNMA I MORTPASS 5% 07/39","30yr",,,,,"64269.17",,,,,,""
"2021-04-21","'3138MCZW7'","MBS","UMBS MORTPASS 3% 10/27","15yr",,,,,"64185.08",,,,,,""
"2021-04-21","'31402VV56'","MBS","UMBS MORTPASS 6% 10/33","30yr",,,,,"64184.69",,,,,,""
"2021-04-21","'3140H7ER4'","MBS","UMBS MORTPASS 3% 06/34","15yr",,,,,"64176.21",,,,,,""
"2021-04-21","'36230LQJ1'","MBS","GNMA I MORTPASS 4% 08/41","30yr",,,,,"64151.1",,,,,,""
"2021-04-21","'3140FPR27'","MBS","UMBS MORTPASS 4.5% 01/47","30yr",,,,,"64143.8",,,,,,""
"2021-04-21","'3138LRNB4'","MBS","UMBS MORTPASS 3% 10/28","15yr",,,,,"64034.83",,,,,,""
"2021-04-21","'36177N3Q1'","MBS","GNMA I 3.5% 07/42","30yr",,,,,"64032.16",,,,,,""
"2021-04-21","'3620A5XW4'","MBS","GNMA I MORTPASS 5% 09/39","30yr",,,,,"63986.12",,,,,,""
"2021-04-21","'3132QQQ62'","MBS","FHLMCGLD 3.5% 06/45","30yr",,,,,"63903.56",,,,,,""
"2021-04-21","'3138YGL75'","MBS","UMBS MORTPASS 2.5% 07/22","Other",,,,,"63894.52",,,,,,""
"2021-04-21","'36179JDL8'","MBS","GNMA I 3.5% 01/43","30yr",,,,,"63891.85",,,,,,""
"2021-04-21","'31417HBG8'","MBS","UMBS MORTPASS 3% 07/28","15yr",,,,,"63767.35",,,,,,""
"2021-04-21","'3138W6QU3'","MBS","UMBS MORTPASS 3% 05/22","Other",,,,,"63766.71",,,,,,""
"2021-04-21","'36178LXD0'","MBS","GNMA I 3.5% 07/42","30yr",,,,,"63764.35",,,,,,""
"2021-04-21","'3131X9JL9'","MBS","UMBS MORTPASS 3% 06/23","Other",,,,,"63753.28",,,,,,""
"2021-04-21","'3138WGAY0'","MBS","UMBS MORTPASS 3% 12/30","15yr",,,,,"63725.36",,,,,,""
"2021-04-21","'3620A1T65'","MBS","GNMA I MORTPASS 5% 11/39","30yr",,,,,"63717.37",,,,,,""
"2021-04-21","'31418A5D6'","MBS","UMBS MORTPASS 3% 01/29","15yr",,,,,"63689.59",,,,,,""
"2021-04-21","'31307S5M1'","MBS","FHLMCGLD 3% 01/32","15yr",,,,,"63637.31",,,,,,""
"2021-04-21","'3128MBYU5'","MBS","FHLMCGLD 4% 05/23","15yr",,,,,"63614.97",,,,,,""
"2021-04-21","'3138WCFL2'","MBS","UMBS MORTPASS 3% 07/29","15yr",,,,,"63506.06",,,,,,""
"2021-04-21","'31412H5C9'","MBS","UMBS MORTPASS 6% 05/39","30yr",,,,,"63459.6",,,,,,""
"2021-04-21","'31418Q5J8'","MBS","UMBS MORTPASS 4.5% 05/25","15yr",,,,,"63416.51",,,,,,""
"2021-04-21","'36180MUP0'","MBS","GNMA I 3.5% 04/43","30yr",,,,,"63322.99",,,,,,""
"2021-04-21","'36178TNA0'","MBS","GNMA I MORTPASS 4% 12/42","30yr",,,,,"63229.73",,,,,,""
"2021-04-21","'3138ENL23'","MBS","UMBS MORTPASS 3.5% 09/29","15yr",,,,,"63202.84",,,,,,""
"2021-04-21","'36297FLS9'","MBS","GNMA I MORTPASS 5% 10/39","30yr",,,,,"63191.22",,,,,,""
"2021-04-21","'3138EQNL2'","MBS","UMBS MORTPASS 3.5% 08/45","30yr",,,,,"63167.98",,,,,,""
"2021-04-21","'3138YPKW1'","MBS","UMBS MORTPASS 3.5% 05/30","15yr",,,,,"63117.68",,,,,,""
"2021-04-21","'3138X6K20'","MBS","UMBS MORTPASS 2.5% 03/24","Other",,,,,"63098.28",,,,,,""
"2021-04-21","'3140J9FS5'","MBS","UMBS MORTPASS 4% 10/48","30yr",,,,,"62983.43",,,,,,""
"2021-04-21","'3131X9WS9'","MBS","UMBS MORTPASS 2.5% 09/23","Other",,,,,"62977.66",,,,,,""
"2021-04-21","'3129396H9'","MBS","FHLMCGLD 4% 04/40","30yr",,,,,"62972.77",,,,,,""
"2021-04-21","'312933ZY3'","MBS","FHLMCGLD 5% 06/39","30yr",,,,,"62922.99",,,,,,""
"2021-04-21","'3138LYPM3'","MBS","UMBS MORTPASS 3% 06/27","15yr",,,,,"62857.92",,,,,,""
"2021-04-21","'3140FVME3'","MBS","UMBS MORTPASS 3.5% 03/47","30yr",,,,,"62792.77",,,,,,""
"2021-04-21","'36178LUE1'","MBS","GNMA I MORTPASS 3% 08/42","30yr",,,,,"62781.22",,,,,,""
"2021-04-21","'3140F5G64'","MBS","UMBS MORTPASS 3.5% 06/31","15yr",,,,,"62754.57",,,,,,""
"2021-04-21","'3620A85B5'","MBS","GNMA I MORTPASS 5% 01/40","30yr",,,,,"62712.79",,,,,,""
"2021-04-21","'3128P7H30'","MBS","FHLMCGLD 6.5% 01/28","Other",,,,,"62687.81",,,,,,""
"2021-04-21","'36296VZU5'","MBS","GNMA I MORTPASS 5% 12/38","30yr",,,,,"62631.32",,,,,,""
"2021-04-21","'3140GST36'","MBS","UMBS MORTPASS 3.5% 12/47","30yr",,,,,"62629.17",,,,,,""
"2021-04-21","'3140F1Y71'","MBS","UMBS MORTPASS 2.5% 06/31","15yr",,,,,"62618.29",,,,,,""
"2021-04-21","'3128MJXD7'","MBS","FHLMCGLD 3% 11/45","30yr",,,,,"62581.35",,,,,,""
"2021-04-21","'3620A1RS9'","MBS","GNMA I 4.5% 07/39","30yr",,,,,"62556.77",,,,,,""
"2021-04-21","'3138Y16X8'","MBS","UMBS MORTPASS 3.5% 10/44","30yr",,,,,"62533.36",,,,,,""
"2021-04-21","'3620A16S2'","MBS","GNMA I MORTPASS 5% 07/39","30yr",,,,,"62509.64",,,,,,""
"2021-04-21","'312937C29'","MBS","FHLMCGLD 4.5% 11/39","30yr",,,,,"62496.39",,,,,,""
"2021-04-21","'31418BHH2'","MBS","UMBS MORTPASS 3.5% 09/24","Other",,,,,"62450.57",,,,,,""
"2021-04-21","'3132A7QQ7'","MBS","UMBS MORTPASS 2% 07/23","Other",,,,,"62411.79",,,,,,""
"2021-04-21","'3138X1XR2'","MBS","UMBS MORTPASS 2% 07/23","Other",,,,,"62358.98",,,,,,""
"2021-04-21","'3620AQVJ9'","MBS","GNMA I MORTPASS 4% 08/40","30yr",,,,,"62324.3",,,,,,""
"2021-04-21","'31410LV74'","MBS","UMBS MORTPASS 4% 05/33","15yr",,,,,"62297.84",,,,,,""
"2021-04-21","'31329MGW4'","MBS","UMBS MORTPASS 2.5% 07/30","15yr",,,,,"62282.42",,,,,,""
"2021-04-21","'36177PVQ5'","MBS","GNMA I 3.5% 05/42","30yr",,,,,"62282.1",,,,,,""
"2021-04-21","'36297FLX8'","MBS","GNMA I MORTPASS 5% 12/39","30yr",,,,,"62249.23",,,,,,""
"2021-04-21","'3128Q07L5'","MBS","FHLMCGLD 3% 08/27","15yr",,,,,"62180.26",,,,,,""
"2021-04-21","'3620A1TW8'","MBS","GNMA I 4.5% 10/39","30yr",,,,,"61970.5",,,,,,""
"2021-04-21","'3620A5RY7'","MBS","GNMA I MORTPASS 5% 07/39","30yr",,,,,"61951.06",,,,,,""
"2021-04-21","'3131X8AA4'","MBS","UMBS MORTPASS 2.5% 10/27","15yr",,,,,"61928.88",,,,,,""
"2021-04-21","'3620A4R95'","MBS","GNMA I 4.5% 08/39","30yr",,,,,"61919.2",,,,,,""
"2021-04-21","'3131XYZW2'","MBS","UMBS MORTPASS 3% 01/48","30yr",,,,,"61893.51",,,,,,""
"2021-04-21","'3128PRBG3'","MBS","FHLMCGLD 4.5% 03/25","15yr",,,,,"61792.28",,,,,,""
"2021-04-21","'3128E4DL3'","MBS","FHLMCGLD 5% 06/27","Other",,,,,"61777.94",,,,,,""
"2021-04-21","'36202EGZ6'","MBS","GNMA II 4.5% 02/36","30yr",,,,,"61770.66",,,,,,""
"2021-04-21","'31329P6Z1'","MBS","UMBS MORTPASS 3.5% 02/39","Other",,,,,"61734.43",,,,,,""
"2021-04-21","'36176QPE8'","MBS","GNMA I 3.5% 02/42","30yr",,,,,"61733.17",,,,,,""
"2021-04-21","'3132M8SQ0'","MBS","FHLMCGLD 4.5% 08/44","30yr",,,,,"61629.58",,,,,,""
"2021-04-21","'3138ERTJ9'","MBS","UMBS MORTPASS 3.5% 08/31","15yr",,,,,"61626.03",,,,,,""
"2021-04-21","'3620A1TC2'","MBS","GNMA I MORTPASS 5% 10/39","30yr",,,,,"61625.97",,,,,,""
"2021-04-21","'31418BSV9'","MBS","UMBS MORTPASS 3% 07/30","15yr",,,,,"61597.71",,,,,,""
"2021-04-21","'3133KJNB4'","MBS","UMBS MORTPASS 2.5% 07/50","30yr",,,,,"61594.39",,,,,,""
"2021-04-21","'3138WEAJ8'","MBS","UMBS MORTPASS 3% 02/30","15yr",,,,,"61490.77",,,,,,""
"2021-04-21","'31388X5Z3'","MBS","UMBS MORTPASS 5% 12/31","30yr",,,,,"61472.55",,,,,,""
"2021-04-21","'3128MEHS3'","MBS","FHLMCGLD 3% 03/30","15yr",,,,,"61462.98",,,,,,""
"2021-04-21","'3140KGXT5'","MBS","UMBS MORTPASS 2.5% 07/50","30yr",,,,,"61459.6",,,,,,""
"2021-04-21","'3620A8UK7'","MBS","GNMA I 4.5% 10/39","30yr",,,,,"61455.28",,,,,,""
"2021-04-21","'312938H97'","MBS","FHLMCGLD 4.5% 12/39","30yr",,,,,"61394.57",,,,,,""
"2021-04-21","'36291BCU9'","MBS","GNMA I 4.5% 02/39","30yr",,,,,"61356.42",,,,,,""
"2021-04-21","'36241LRE8'","MBS","GNMA II 4.5% 09/40","30yr",,,,,"61327.08",,,,,,""
"2021-04-21","'3138WH4C3'","MBS","UMBS MORTPASS 3% 09/31","15yr",,,,,"61324.21",,,,,,""
"2021-04-21","'36176UE76'","MBS","GNMA I 3.5% 12/41","30yr",,,,,"61234.28",,,,,,""
"2021-04-21","'3620A3TC8'","MBS","GNMA I 5.5% 09/39","30yr",,,,,"61206.9",,,,,,""
"2021-04-21","'36297HL30'","MBS","GNMA I MORTPASS 5% 05/39","30yr",,,,,"61179.61",,,,,,""
"2021-04-21","'3140HJ5U1'","MBS","UMBS MORTPASS 4% 05/48","30yr",,,,,"61151.16",,,,,,""
"2021-04-21","'3620ANHZ6'","MBS","GNMA I MORTPASS 4% 09/41","30yr",,,,,"61146.34",,,,,,""
"2021-04-21","'31405D6H5'","MBS","UMBS MORTPASS 5.5% 07/34","30yr",,,,,"61101.65",,,,,,""
"2021-04-21","'3138E9XB1'","MBS","UMBS MORTPASS 3% 03/27","15yr",,,,,"61098.3",,,,,,""
"2021-04-21","'36205UAD2'","MBS","GNMA I 4.5% 04/38","30yr",,,,,"61086.17",,,,,,""
"2021-04-21","'3128MFNX2'","MBS","FHLMCGLD 3.5% 05/33","15yr",,,,,"61042.39",,,,,,""
"2021-04-21","'31329MHW3'","MBS","UMBS MORTPASS 2.5% 10/30","15yr",,,,,"60999.58",,,,,,""
"2021-04-21","'36176SJX9'","MBS","GNMA I MORTPASS 4% 11/41","30yr",,,,,"60988.51",,,,,,""
"2021-04-21","'31416J3Z2'","MBS","UMBS MORTPASS 4% 01/39","30yr",,,,,"60974.75",,,,,,""
"2021-04-21","'36177PW27'","MBS","GNMA I MORTPASS 4% 07/42","30yr",,,,,"60882.15",,,,,,""
"2021-04-21","'3128PMVE7'","MBS","FHLMCGLD 4% 04/24","15yr",,,,,"60833.49",,,,,,""
"2021-04-21","'3620A7W68'","MBS","GNMA I MORTPASS 5% 09/39","30yr",,,,,"60826.29",,,,,,""
"2021-04-21","'36297DK89'","MBS","GNMA I MORTPASS 5% 04/39","30yr",,,,,"60804.19",,,,,,""
"2021-04-21","'3140K16M3'","MBS","UMBS MORTPASS 3.5% 01/50","30yr",,,,,"60787.42",,,,,,""
"2021-04-21","'36176UF91'","MBS","GNMA I 3.5% 12/41","30yr",,,,,"60786.18",,,,,,""
"2021-04-21","'3138A7GX0'","MBS","UMBS MORTPASS 3.5% 02/26","15yr",,,,,"60706.61",,,,,,""
"2021-04-21","'31329KYT5'","MBS","UMBS MORTPASS 3.5% 09/38","Other",,,,,"60683.2",,,,,,""
"2021-04-21","'36176BN52'","MBS","GNMA I MORTPASS 4% 03/41","30yr",,,,,"60625.69",,,,,,""
"2021-04-21","'31418CCK8'","MBS","UMBS MORTPASS 3% 10/36","Other",,,,,"60540.03",,,,,,""
"2021-04-21","'312933Z31'","MBS","FHLMCGLD 5% 06/39","30yr",,,,,"60535.98",,,,,,""
"2021-04-21","'3128P7GB3'","MBS","FHLMCGLD 6.5% 09/27","Other",,,,,"60475.78",,,,,,""
"2021-04-21","'3140JVMY5'","MBS","UMBS MORTPASS 4% 07/49","30yr",,,,,"60412.09",,,,,,""
"2021-04-21","'31413KRW3'","MBS","UMBS MORTPASS 5.5% 11/37","30yr",,,,,"60380.63",,,,,,""
"2021-04-21","'3138YRCV8'","MBS","UMBS MORTPASS 3% 06/30","15yr",,,,,"60370.99",,,,,,""
"2021-04-21","'3138A4ES0'","MBS","UMBS MORTPASS 4% 01/26","15yr",,,,,"60350.57",,,,,,""
"2021-04-21","'31414AMF6'","MBS","UMBS MORTPASS 6% 10/37","30yr",,,,,"60311.72",,,,,,""
"2021-04-21","'3140JHEQ2'","MBS","UMBS MORTPASS 4.5% 09/48","30yr",,,,,"60305.86",,,,,,""
"2021-04-21","'3138ASCE0'","MBS","UMBS MORTPASS 3% 09/26","15yr",,,,,"60303.53",,,,,,""
"2021-04-21","'3138WQW57'","MBS","UMBS MORTPASS 4% 06/43","30yr",,,,,"60189.65",,,,,,""
"2021-04-21","'3620A6SA6'","MBS","GNMA I 4.5% 01/40","30yr",,,,,"60173.02",,,,,,""
"2021-04-21","'3138MTJA6'","MBS","UMBS MORTPASS 2.5% 05/28","15yr",,,,,"60098.75",,,,,,""
"2021-04-21","'3128P7AZ6'","MBS","FHLMCGLD 5% 10/25","Other",,,,,"60069.37",,,,,,""
"2021-04-21","'3138YHVL1'","MBS","UMBS MORTPASS 3% 05/30","15yr",,,,,"60050.35",,,,,,""
"2021-04-21","'31307PBS7'","MBS","FHLMCGLD 3.5% 09/30","15yr",,,,,"60039.24",,,,,,""
"2021-04-21","'3128PM7H7'","MBS","FHLMCGLD 4% 06/24","15yr",,,,,"60010.58",,,,,,""
"2021-04-21","'3140QBPP7'","MBS","UMBS MORTPASS 4% 08/49","30yr",,,,,"59986.53",,,,,,""
"2021-04-21","'3131X9CM4'","MBS","UMBS MORTPASS 3.5% 05/23","Other",,,,,"59884.61",,,,,,""
"2021-04-21","'3133A3NF1'","MBS","UMBS MORTPASS 3% 04/50","30yr",,,,,"59828.71",,,,,,""
"2021-04-21","'31409VUK7'","MBS","UMBS MORTPASS 5% 03/36","30yr",,,,,"59825.56",,,,,,""
"2021-04-21","'31418PLN3'","MBS","UMBS MORTPASS 4.5% 04/25","15yr",,,,,"59814.34",,,,,,""
"2021-04-21","'3138YV6H7'","MBS","UMBS MORTPASS 3.5% 07/30","15yr",,,,,"59810.93",,,,,,""
"2021-04-21","'31407MZG3'","MBS","UMBS MORTPASS 5% 10/35","30yr",,,,,"59799.56",,,,,,""
"2021-04-21","'3140EXSE4'","MBS","UMBS MORTPASS 2.5% 04/31","15yr",,,,,"59693.95",,,,,,""
"2021-04-21","'31411VC72'","MBS","UMBS MORTPASS 5% 03/37","30yr",,,,,"59672.86",,,,,,""
"2021-04-21","'31306YZ20'","MBS","FHLMCGLD 2% 12/27","15yr",,,,,"59605.8",,,,,,""
"2021-04-21","'31294MAC5'","MBS","FHLMCGLD 4% 07/25","15yr",,,,,"59572.43",,,,,,""
"2021-04-21","'3140GPHR2'","MBS","UMBS MORTPASS 3.5% 04/47","30yr",,,,,"59542.92",,,,,,""
"2021-04-21","'3620AL4V3'","MBS","GNMA I MORTPASS 4% 01/41","30yr",,,,,"59508.91",,,,,,""
"2021-04-21","'3138W65C6'","MBS","UMBS MORTPASS 2.5% 03/23","Other",,,,,"59463.13",,,,,,""
"2021-04-21","'3132QQE40'","MBS","FHLMCGLD 4% 06/45","30yr",,,,,"59451.08",,,,,,""
"2021-04-21","'3128KGA73'","MBS","FHLMCGLD 6% 10/36","30yr",,,,,"59450.19",,,,,,""
"2021-04-21","'3128PQ2Q3'","MBS","FHLMCGLD 4.5% 02/25","15yr",,,,,"59424.16",,,,,,""
"2021-04-21","'31418AMU9'","MBS","UMBS MORTPASS 2.5% 11/32","Other",,,,,"59417.86",,,,,,""
"2021-04-21","'3132DMQU2'","MBS","UMBS MORTPASS 2% 12/50","30yr",,,,,"59405.13",,,,,,""
"2021-04-21","'36230KTT8'","MBS","GNMA I 3.5% 12/41","30yr",,,,,"59369.46",,,,,,""
"2021-04-21","'3131XDNR2'","MBS","UMBS MORTPASS 3% 04/33","15yr",,,,,"59313.18",,,,,,""
"2021-04-21","'3128PUG63'","MBS","FHLMCGLD 4% 03/26","15yr",,,,,"59224.55",,,,,,""
"2021-04-21","'3128P7LA9'","MBS","FHLMCGLD 6.5% 09/28","Other",,,,,"59209.6",,,,,,""
"2021-04-21","'3620AJX87'","MBS","GNMA I MORTPASS 5% 12/39","30yr",,,,,"59180.46",,,,,,""
"2021-04-21","'312940FU8'","MBS","FHLMCGLD 5% 04/40","30yr",,,,,"59109.46",,,,,,""
"2021-04-21","'3128PP5N9'","MBS","FHLMCGLD 4% 09/24","15yr",,,,,"59104.25",,,,,,""
"2021-04-21","'36176QNK6'","MBS","GNMA I 3.5% 01/42","30yr",,,,,"59076.37",,,,,,""
"2021-04-21","'3138WAP50'","MBS","UMBS MORTPASS 3.5% 12/23","Other",,,,,"59047.5",,,,,,""
"2021-04-21","'3620AGYZ2'","MBS","GNMA I MORTPASS 5% 03/40","30yr",,,,,"59020.8",,,,,,""
"2021-04-21","'31417A7C7'","MBS","UMBS MORTPASS 3% 02/27","15yr",,,,,"59006.01",,,,,,""
"2021-04-21","'3140JXGF9'","MBS","UMBS MORTPASS 4% 07/49","30yr",,,,,"58984.53",,,,,,""
"2021-04-21","'36297EFA8'","MBS","GNMA I MORTPASS 5% 04/39","30yr",,,,,"58975.39",,,,,,""
"2021-04-21","'3133AFNW7'","MBS","UMBS MORTPASS 2.5% 01/51","30yr",,,,,"58970.24",,,,,,""
"2021-04-21","'3128PMNX4'","MBS","FHLMCGLD 4% 03/24","15yr",,,,,"58956.65",,,,,,""
"2021-04-21","'3128P7PJ6'","MBS","FHLMCGLD 4% 08/30","Other",,,,,"58926.09",,,,,,""
"2021-04-21","'36297H6X1'","MBS","GNMA I MORTPASS 5% 03/40","30yr",,,,,"58908.33",,,,,,""
"2021-04-21","'3132WMBT0'","MBS","FHLMCGLD 3% 03/47","30yr",,,,,"58896.27",,,,,,""
"2021-04-21","'31307JQV8'","MBS","FHLMCGLD 3.5% 09/29","15yr",,,,,"58859.95",,,,,,""
"2021-04-21","'3620AB5M4'","MBS","GNMA I MORTPASS 5% 11/39","30yr",,,,,"58820.63",,,,,,""
"2021-04-21","'31403DDV8'","MBS","UMBS MORTPASS 4.5% 10/23","Other",,,,,"58806.92",,,,,,""
"2021-04-21","'3129307H7'","MBS","FHLMCGLD 5.5% 02/39","30yr",,,,,"58798.47",,,,,,""
"2021-04-21","'312940RJ0'","MBS","FHLMCGLD 5% 05/40","30yr",,,,,"58757.17",,,,,,""
"2021-04-21","'3128PWPC6'","MBS","FHLMCGLD 3.5% 09/26","15yr",,,,,"58750.16",,,,,,""
"2021-04-21","'31412QXA2'","MBS","UMBS MORTPASS 4% 12/39","30yr",,,,,"58741.57",,,,,,""
"2021-04-21","'3132J6WR1'","MBS","FHLMCGLD 3.5% 02/43","30yr",,,,,"58720.22",,,,,,""
"2021-04-21","'31418CMV3'","MBS","UMBS MORTPASS 4% 07/37","Other",,,,,"58709.61",,,,,,""
"2021-04-21","'3138WCWQ2'","MBS","UMBS MORTPASS 3% 09/29","15yr",,,,,"58679.56",,,,,,""
"2021-04-21","'3138WJCJ5'","MBS","UMBS MORTPASS 2.5% 10/36","Other",,,,,"58585.17",,,,,,""
"2021-04-21","'3620A63D7'","MBS","GNMA I MORTPASS 4% 07/39","30yr",,,,,"58525.73",,,,,,""
"2021-04-21","'3140HD3A0'","MBS","UMBS MORTPASS 3.5% 04/48","30yr",,,,,"58512.86",,,,,,""
"2021-04-21","'3140KPZN6'","MBS","UMBS MORTPASS 2% 12/35","15yr",,,,,"58505.37",,,,,,""
"2021-04-21","'3140QDZJ6'","MBS","UMBS MORTPASS 2.5% 06/50","30yr",,,,,"58489.36",,,,,,""
"2021-04-21","'3140J5M97'","MBS","UMBS MORTPASS 3% 08/31","15yr",,,,,"58482.13",,,,,,""
"2021-04-21","'3128PSYD3'","MBS","FHLMCGLD 3.5% 11/25","15yr",,,,,"58471.56",,,,,,""
"2021-04-21","'3128LBSB5'","MBS","FHLMCGLD 6% 06/38","30yr",,,,,"58463.59",,,,,,""
"2021-04-21","'36297DHK6'","MBS","GNMA I MORTPASS 5% 08/39","30yr",,,,,"58443.95",,,,,,""
"2021-04-21","'3140JHAT0'","MBS","UMBS MORTPASS 4% 12/48","30yr",,,,,"58434.36",,,,,,""
"2021-04-21","'36295VGR4'","MBS","GNMA I MORTPASS 5% 11/38","30yr",,,,,"58416",,,,,,""
"2021-04-21","'3133A7KT5'","MBS","UMBS MORTPASS 2.5% 07/50","30yr",,,,,"58398.4",,,,,,""
"2021-04-21","'3620A5C31'","MBS","GNMA I MORTPASS 5% 07/39","30yr",,,,,"58366.72",,,,,,""
"2021-04-21","'3138M6YX9'","MBS","UMBS MORTPASS 3% 09/27","15yr",,,,,"58298.03",,,,,,""
"2021-04-21","'3132A9MJ3'","MBS","UMBS MORTPASS 2.5% 04/27","15yr",,,,,"58265.79",,,,,,""
"2021-04-21","'3140F1VB5'","MBS","UMBS MORTPASS 3.5% 05/46","30yr",,,,,"58254.49",,,,,,""
"2021-04-21","'36202DYK1'","MBS","GNMA II MORTPASS 5% 07/33","30yr",,,,,"58252.68",,,,,,""
"2021-04-21","'3132M5DY5'","MBS","FHLMCGLD 4.5% 02/44","30yr",,,,,"58244.46",,,,,,""
"2021-04-21","'3138XS2H9'","MBS","UMBS MORTPASS 3.5% 05/29","15yr",,,,,"58235.94",,,,,,""
"2021-04-21","'3128MAB81'","MBS","FHLMCGLD 4% 10/44","30yr",,,,,"58211.5",,,,,,""
"2021-04-21","'31418ACN6'","MBS","UMBS MORTPASS 3.5% 02/32","Other",,,,,"58205.73",,,,,,""
"2021-04-21","'3140HPWN3'","MBS","UMBS MORTPASS 4.5% 11/48","30yr",,,,,"58197.52",,,,,,""
"2021-04-21","'36176FY36'","MBS","GNMA I MORTPASS 4% 07/41","30yr",,,,,"58121.02",,,,,,""
"2021-04-21","'3138XXFZ4'","MBS","UMBS MORTPASS 3% 08/29","15yr",,,,,"58029.67",,,,,,""
"2021-04-21","'3140QA2J8'","MBS","UMBS MORTPASS 3.5% 05/49","30yr",,,,,"58006.3",,,,,,""
"2021-04-21","'36176UCR4'","MBS","GNMA I MORTPASS 4% 11/41","30yr",,,,,"57999.38",,,,,,""
"2021-04-21","'3620C5E94'","MBS","GNMA I MORTPASS 4% 02/41","30yr",,,,,"57974.6",,,,,,""
"2021-04-21","'31415WEZ2'","MBS","UMBS MORTPASS 6.5% 01/39","30yr",,,,,"57966.42",,,,,,""
"2021-04-21","'3620A9DZ1'","MBS","GNMA I MORTPASS 4% 06/41","30yr",,,,,"57953.52",,,,,,""
"2021-04-21","'3140F3J25'","MBS","UMBS MORTPASS 4% 08/46","30yr",,,,,"57942",,,,,,""
"2021-04-21","'3131YAZR4'","MBS","UMBS MORTPASS 4% 04/49","30yr",,,,,"57941.51",,,,,,""
"2021-04-21","'3138WVBT7'","MBS","UMBS MORTPASS 2% 08/28","15yr",,,,,"57874.42",,,,,,""
"2021-04-21","'3131X7NN4'","MBS","UMBS MORTPASS 2.5% 04/22","Other",,,,,"57868.93",,,,,,""
"2021-04-21","'312928XJ8'","MBS","FHLMCGLD 6.5% 10/38","30yr",,,,,"57853.72",,,,,,""
"2021-04-21","'3128P7AE3'","MBS","FHLMCGLD 4% 04/25","Other",,,,,"57828.06",,,,,,""
"2021-04-21","'36230LVE6'","MBS","GNMA I MORTPASS 4% 11/40","30yr",,,,,"57807.94",,,,,,""
"2021-04-21","'3140X5NF6'","MBS","UMBS MORTPASS 3.5% 02/48","30yr",,,,,"57769.59",,,,,,""
"2021-04-21","'31417A6X2'","MBS","UMBS MORTPASS 3% 02/27","15yr",,,,,"57759.41",,,,,,""
"2021-04-21","'36295NR58'","MBS","GNMA I MORTPASS 5% 10/38","30yr",,,,,"57687.4",,,,,,""
"2021-04-21","'3140H2YP7'","MBS","UMBS MORTPASS 3% 11/32","15yr",,,,,"57656.96",,,,,,""
"2021-04-21","'3128M4XA6'","MBS","FHLMCGLD 5.5% 07/37","30yr",,,,,"57656.27",,,,,,""
"2021-04-21","'3620ABGA8'","MBS","GNMA I MORTPASS 5% 12/39","30yr",,,,,"57617.1",,,,,,""
"2021-04-21","'31417MXR9'","MBS","UMBS MORTPASS 4.5% 10/24","15yr",,,,,"57592.36",,,,,,""
"2021-04-21","'3138X7KN2'","MBS","UMBS MORTPASS 3% 09/28","15yr",,,,,"57576.49",,,,,,""
"2021-04-21","'3140F4V86'","MBS","UMBS MORTPASS 3% 07/31","15yr",,,,,"57569.24",,,,,,""
"2021-04-21","'3138E5JR0'","MBS","UMBS MORTPASS 3% 02/27","15yr",,,,,"57548.54",,,,,,""
"2021-04-21","'3140E7GP9'","MBS","UMBS MORTPASS 4% 11/45","30yr",,,,,"57506.98",,,,,,""
"2021-04-21","'3620A1TP3'","MBS","GNMA I MORTPASS 5% 09/39","30yr",,,,,"57487.59",,,,,,""
"2021-04-21","'3138LTBJ6'","MBS","UMBS MORTPASS 2.5% 05/27","15yr",,,,,"57406.63",,,,,,""
"2021-04-21","'3138WEXD6'","MBS","UMBS MORTPASS 3.5% 06/45","30yr",,,,,"57296",,,,,,""
"2021-04-21","'3128K0ZW6'","MBS","FHLMCGLD 5.5% 12/35","30yr",,,,,"57289.96",,,,,,""
"2021-04-21","'3132A7MV0'","MBS","UMBS MORTPASS 2.5% 03/23","Other",,,,,"57263.08",,,,,,""
"2021-04-21","'3131X87L4'","MBS","UMBS MORTPASS 2.5% 05/28","15yr",,,,,"57238.95",,,,,,""
"2021-04-21","'36294WXS2'","MBS","GNMA I MORTPASS 5% 04/39","30yr",,,,,"57226.7",,,,,,""
"2021-04-21","'3138YEY50'","MBS","UMBS MORTPASS 3.5% 01/30","15yr",,,,,"57194.68",,,,,,""
"2021-04-21","'312979RS8'","MBS","FHLMCGLD 3% 01/48","30yr",,,,,"57069.22",,,,,,""
"2021-04-21","'36178ML66'","MBS","GNMA I 3.5% 11/42","30yr",,,,,"57068.35",,,,,,""
"2021-04-21","'36296SP66'","MBS","GNMA I 5.5% 03/39","30yr",,,,,"57031.56",,,,,,""
"2021-04-21","'3138MBZD1'","MBS","UMBS MORTPASS 3% 09/27","15yr",,,,,"57000.85",,,,,,""
"2021-04-21","'36207QGA9'","MBS","GNMA I MORTPASS 4% 03/42","30yr",,,,,"56827.01",,,,,,""
"2021-04-21","'3128PKBA1'","MBS","FHLMCGLD 4% 03/23","15yr",,,,,"56815.69",,,,,,""
"2021-04-21","'36295YVP5'","MBS","GNMA I 4.5% 03/38","30yr",,,,,"56786.54",,,,,,""
"2021-04-21","'3620A1UM8'","MBS","GNMA I 4.5% 11/39","30yr",,,,,"56784.23",,,,,,""
"2021-04-21","'3128PKHE7'","MBS","FHLMCGLD 4% 04/23","15yr",,,,,"56776.29",,,,,,""
"2021-04-21","'3138WHKC5'","MBS","UMBS MORTPASS 3.5% 07/46","30yr",,,,,"56772.76",,,,,,""
"2021-04-21","'3132A83X5'","MBS","UMBS MORTPASS 2.5% 01/28","Other",,,,,"56742.77",,,,,,""
"2021-04-21","'3620A1TY4'","MBS","GNMA I MORTPASS 5% 11/39","30yr",,,,,"56739.67",,,,,,""
"2021-04-21","'3140FPP29'","MBS","UMBS MORTPASS 4.5% 12/46","30yr",,,,,"56691.92",,,,,,""
"2021-04-21","'31417AQX0'","MBS","UMBS MORTPASS 2.5% 12/21","Other",,,,,"56678.45",,,,,,""
"2021-04-21","'36297BDF5'","MBS","GNMA I 4.5% 02/39","30yr",,,,,"56651.87",,,,,,""
"2021-04-21","'3138MHUS0'","MBS","UMBS MORTPASS 2.5% 11/27","15yr",,,,,"56633.24",,,,,,""
"2021-04-21","'3131X8ES1'","MBS","UMBS MORTPASS 2.5% 11/27","15yr",,,,,"56633.19",,,,,,""
"2021-04-21","'36297CNU9'","MBS","GNMA I 4.5% 05/39","30yr",,,,,"56574.21",,,,,,""
"2021-04-21","'31414TV57'","MBS","UMBS MORTPASS 5.5% 11/38","30yr",,,,,"56539.4",,,,,,""
"2021-04-21","'36297ETV7'","MBS","GNMA I MORTPASS 5% 11/39","30yr",,,,,"56536.92",,,,,,""
"2021-04-21","'31329K3D4'","MBS","UMBS MORTPASS 3% 12/25","15yr",,,,,"56500.1",,,,,,""
"2021-04-21","'312930EH9'","MBS","FHLMCGLD 4.5% 12/38","30yr",,,,,"56484.04",,,,,,""
"2021-04-21","'3138W9ZY9'","MBS","UMBS MORTPASS 3% 10/28","15yr",,,,,"56454.11",,,,,,""
"2021-04-21","'36176TPU6'","MBS","GNMA I MORTPASS 3% 11/41","30yr",,,,,"56432.82",,,,,,""
"2021-04-21","'31339UG38'","MBS","UMBS MORTPASS 3% 10/49","30yr",,,,,"56314.17",,,,,,""
"2021-04-21","'3620A3KP8'","MBS","GNMA I 4.5% 08/39","30yr",,,,,"56308.48",,,,,,""
"2021-04-21","'3138E8XB3'","MBS","UMBS MORTPASS 3.5% 02/27","15yr",,,,,"56307.8",,,,,,""
"2021-04-21","'36297HTK4'","MBS","GNMA I 4.5% 06/39","30yr",,,,,"56244.42",,,,,,""
"2021-04-21","'31417G2J4'","MBS","UMBS MORTPASS 2.5% 07/28","15yr",,,,,"56161.17",,,,,,""
"2021-04-21","'3138WE5U9'","MBS","UMBS MORTPASS 3% 07/30","15yr",,,,,"56117.07",,,,,,""
"2021-04-21","'3140H7TH0'","MBS","UMBS MORTPASS 3.5% 09/33","15yr",,,,,"56088.11",,,,,,""
"2021-04-21","'36297BEW7'","MBS","GNMA I MORTPASS 5% 07/39","30yr",,,,,"56080.27",,,,,,""
"2021-04-21","'36292L6J8'","MBS","GNMA I MORTPASS 5% 05/36","30yr",,,,,"56028.82",,,,,,""
"2021-04-21","'3132A7U82'","MBS","UMBS MORTPASS 3% 03/24","Other",,,,,"56028.67",,,,,,""
"2021-04-21","'31418QYC1'","MBS","UMBS MORTPASS 4.5% 02/25","15yr",,,,,"55989.01",,,,,,""
"2021-04-21","'36176QA53'","MBS","GNMA I MORTPASS 4% 09/41","30yr",,,,,"55987.3",,,,,,""
"2021-04-21","'36202W4P1'","MBS","GNMA I MORTPASS 5% 08/33","30yr",,,,,"55985.81",,,,,,""
"2021-04-21","'3140X5JG9'","MBS","UMBS MORTPASS 2.5% 07/33","15yr",,,,,"55975.67",,,,,,""
"2021-04-21","'36241KMD7'","MBS","GNMA II MORTPASS 5% 05/37","30yr",,,,,"55849.8",,,,,,""
"2021-04-21","'36202FDV5'","MBS","GNMA II MORTPASS 4% 01/40","30yr",,,,,"55843.13",,,,,,""
"2021-04-21","'3132A7W64'","MBS","UMBS MORTPASS 2.5% 04/28","15yr",,,,,"55813.01",,,,,,""
"2021-04-21","'31307NFQ2'","MBS","FHLMCGLD 2% 06/30","15yr",,,,,"55731.61",,,,,,""
"2021-04-21","'3132HQPT3'","MBS","FHLMCGLD 3.5% 12/42","30yr",,,,,"55646.73",,,,,,""
"2021-04-21","'3133A1HZ8'","MBS","UMBS MORTPASS 3% 02/50","30yr",,,,,"55617.64",,,,,,""
"2021-04-21","'31417C3C7'","MBS","UMBS MORTPASS 2.5% 09/27","15yr",,,,,"55617.13",,,,,,""
"2021-04-21","'31418CLK8'","MBS","UMBS MORTPASS 3% 06/32","15yr",,,,,"55562.11",,,,,,""
"2021-04-21","'36294WXJ2'","MBS","GNMA I 4.5% 01/39","30yr",,,,,"55497.06",,,,,,""
"2021-04-21","'36297AAZ6'","MBS","GNMA I MORTPASS 6% 12/38","30yr",,,,,"55468.06",,,,,,""
"2021-04-21","'3140Q86L4'","MBS","UMBS MORTPASS 4% 12/47","30yr",,,,,"55429.61",,,,,,""
"2021-04-21","'31415MEP6'","MBS","UMBS MORTPASS 5% 06/38","30yr",,,,,"55368.43",,,,,,""
"2021-04-21","'3131XDMP7'","MBS","UMBS MORTPASS 3% 04/33","15yr",,,,,"55345.74",,,,,,""
"2021-04-21","'3132QL2Y8'","MBS","FHLMCGLD 3.5% 01/45","30yr",,,,,"55318.56",,,,,,""
"2021-04-21","'3131X86E1'","MBS","UMBS MORTPASS 3% 04/23","Other",,,,,"55317.48",,,,,,""
"2021-04-21","'31415Y5B1'","MBS","UMBS MORTPASS 6.5% 09/38","30yr",,,,,"55286.82",,,,,,""
"2021-04-21","'3128PMA34'","MBS","FHLMCGLD 5.5% 12/23","15yr",,,,,"55265.81",,,,,,""
"2021-04-21","'3620AJDH9'","MBS","GNMA I MORTPASS 5% 02/40","30yr",,,,,"55219.55",,,,,,""
"2021-04-21","'3140EVTK3'","MBS","UMBS MORTPASS 4.5% 07/46","30yr",,,,,"55179.44",,,,,,""
"2021-04-21","'3132QTAQ9'","MBS","FHLMCGLD 4.5% 09/45","30yr",,,,,"55154.8",,,,,,""
"2021-04-21","'36296CEA4'","MBS","GNMA I MORTPASS 6% 05/38","30yr",,,,,"55145.48",,,,,,""
"2021-04-21","'3620AGWL5'","MBS","GNMA I MORTPASS 5% 02/40","30yr",,,,,"55076.94",,,,,,""
"2021-04-21","'31307LXM5'","MBS","FHLMCGLD 3% 02/30","15yr",,,,,"55064.05",,,,,,""
"2021-04-21","'31418CG65'","MBS","UMBS MORTPASS 3% 03/47","30yr",,,,,"55035.51",,,,,,""
"2021-04-21","'3620AVA77'","MBS","GNMA I 3.5% 06/43","30yr",,,,,"54972.54",,,,,,""
"2021-04-21","'36177NTA8'","MBS","GNMA I 3.5% 05/42","30yr",,,,,"54971.46",,,,,,""
"2021-04-21","'31417VFQ1'","MBS","UMBS MORTPASS 4.5% 04/24","15yr",,,,,"54960.4",,,,,,""
"2021-04-21","'31417LLP8'","MBS","UMBS MORTPASS 4.5% 07/24","15yr",,,,,"54924.68",,,,,,""
"2021-04-21","'36297BDE8'","MBS","GNMA I MORTPASS 4% 02/39","30yr",,,,,"54899.94",,,,,,""
"2021-04-21","'31307JVS9'","MBS","FHLMCGLD 2.5% 10/29","15yr",,,,,"54898.3",,,,,,""
"2021-04-21","'312933Z49'","MBS","FHLMCGLD 5% 06/39","30yr",,,,,"54748.2",,,,,,""
"2021-04-21","'31410LB35'","MBS","UMBS MORTPASS 3% 12/25","15yr",,,,,"54727.89",,,,,,""
"2021-04-21","'36178EAH2'","MBS","GNMA I 3.5% 04/43","30yr",,,,,"54720.74",,,,,,""
"2021-04-21","'31307LYU6'","MBS","FHLMCGLD 3.5% 02/30","15yr",,,,,"54719.84",,,,,,""
"2021-04-21","'3128KL3Q8'","MBS","FHLMCGLD 6.5% 03/37","30yr",,,,,"54714.69",,,,,,""
"2021-04-21","'3138M0NR7'","MBS","UMBS MORTPASS 2.5% 06/27","15yr",,,,,"54679.62",,,,,,""
"2021-04-21","'36296LM56'","MBS","GNMA I MORTPASS 5% 03/39","30yr",,,,,"54612.36",,,,,,""
"2021-04-21","'31412H4W6'","MBS","UMBS MORTPASS 6% 04/39","30yr",,,,,"54610.52",,,,,,""
"2021-04-21","'36297A7M9'","MBS","GNMA I MORTPASS 5% 05/39","30yr",,,,,"54590.2",,,,,,""
"2021-04-21","'3131X7BY3'","MBS","UMBS MORTPASS 3% 11/26","15yr",,,,,"54558.75",,,,,,""
"2021-04-21","'3138M1T65'","MBS","UMBS MORTPASS 3% 07/27","15yr",,,,,"54548.49",,,,,,""
"2021-04-21","'3140J5JX8'","MBS","UMBS MORTPASS 3% 12/31","15yr",,,,,"54509.53",,,,,,""
"2021-04-21","'3620ADQ47'","MBS","GNMA I MORTPASS 5% 11/39","30yr",,,,,"54498.51",,,,,,""
"2021-04-21","'3620A4VF6'","MBS","GNMA I 4.5% 09/39","30yr",,,,,"54431.57",,,,,,""
"2021-04-21","'3140Q97A5'","MBS","UMBS MORTPASS 3% 04/48","30yr",,,,,"54357.04",,,,,,""
"2021-04-21","'36297FBJ0'","MBS","GNMA I 4.5% 06/39","30yr",,,,,"54354.25",,,,,,""
"2021-04-21","'3138M7QL2'","MBS","UMBS MORTPASS 3% 08/27","15yr",,,,,"54274.71",,,,,,""
"2021-04-21","'31417GG75'","MBS","UMBS MORTPASS 2.5% 05/28","15yr",,,,,"54271.88",,,,,,""
"2021-04-21","'3138YPSF0'","MBS","UMBS MORTPASS 3% 05/45","30yr",,,,,"54246.41",,,,,,""
"2021-04-21","'3138XF6K6'","MBS","UMBS MORTPASS 2.5% 06/22","Other",,,,,"54231.39",,,,,,""
"2021-04-21","'36291GXV3'","MBS","GNMA I MORTPASS 5% 05/34","30yr",,,,,"54224.42",,,,,,""
"2021-04-21","'36178B3E3'","MBS","GNMA I 3.5% 06/42","30yr",,,,,"54159.58",,,,,,""
"2021-04-21","'36297ER31'","MBS","GNMA I 4.5% 09/39","30yr",,,,,"54158.03",,,,,,""
"2021-04-21","'3138W4XT3'","MBS","UMBS MORTPASS 3% 02/43","30yr",,,,,"54090.67",,,,,,""
"2021-04-21","'36202TK62'","MBS","GNMA I MORTPASS 5% 08/33","30yr",,,,,"54089.42",,,,,,""
"2021-04-21","'36296FFK4'","MBS","GNMA I 5.5% 07/38","30yr",,,,,"54081.66",,,,,,""
"2021-04-21","'3128MMSW4'","MBS","FHLMCGLD 3.5% 11/29","15yr",,,,,"54024.38",,,,,,""
"2021-04-21","'3132A5G33'","MBS","UMBS MORTPASS 4% 05/47","30yr",,,,,"54001.84",,,,,,""
"2021-04-21","'31418CRD8'","MBS","UMBS MORTPASS 4% 11/47","30yr",,,,,"54001.26",,,,,,""
"2021-04-21","'3140JNW30'","MBS","UMBS MORTPASS 4.5% 05/49","30yr",,,,,"53995.74",,,,,,""
"2021-04-21","'31418C7D0'","MBS","UMBS MORTPASS 4.5% 02/39","Other",,,,,"53965.32",,,,,,""
"2021-04-21","'3140K1DG8'","MBS","UMBS MORTPASS 4% 09/49","30yr",,,,,"53931.82",,,,,,""
"2021-04-21","'36297FEK4'","MBS","GNMA I MORTPASS 4% 07/39","30yr",,,,,"53918.16",,,,,,""
"2021-04-21","'3138Y23J0'","MBS","UMBS MORTPASS 3% 11/44","30yr",,,,,"53851.24",,,,,,""
"2021-04-21","'3138WKLB9'","MBS","UMBS MORTPASS 2.5% 03/32","15yr",,,,,"53839.07",,,,,,""
"2021-04-21","'31416TW62'","MBS","UMBS MORTPASS 4.5% 07/24","15yr",,,,,"53803.08",,,,,,""
"2021-04-21","'36181BSY7'","MBS","GNMA I MORTPASS 4% 09/43","30yr",,,,,"53794.75",,,,,,""
"2021-04-21","'3138E2LF0'","MBS","UMBS MORTPASS 3.5% 01/42","30yr",,,,,"53793.54",,,,,,""
"2021-04-21","'3138NXW94'","MBS","UMBS MORTPASS 2.5% 02/28","15yr",,,,,"53773.71",,,,,,""
"2021-04-21","'31413LWR6'","MBS","UMBS MORTPASS 5.5% 02/38","30yr",,,,,"53771.27",,,,,,""
"2021-04-21","'36296QH77'","MBS","GNMA I 5.5% 02/39","30yr",,,,,"53763.71",,,,,,""
"2021-04-21","'36176Q3T9'","MBS","GNMA I 3.5% 12/41","30yr",,,,,"53749.84",,,,,,""
"2021-04-21","'3128PP2N2'","MBS","FHLMCGLD 4.5% 09/24","15yr",,,,,"53726.27",,,,,,""
"2021-04-21","'3620A4YX4'","MBS","GNMA I MORTPASS 5% 10/39","30yr",,,,,"53721.3",,,,,,""
"2021-04-21","'36179JMQ7'","MBS","GNMA I MORTPASS 3% 03/43","30yr",,,,,"53708.26",,,,,,""
"2021-04-21","'3128E5WU9'","MBS","FHLMCGLD 4% 09/31","Other",,,,,"53690.69",,,,,,""
"2021-04-21","'36201VAK8'","MBS","GNMA I MORTPASS 5% 09/33","30yr",,,,,"53590.9",,,,,,""
"2021-04-21","'31418APY8'","MBS","UMBS MORTPASS 3% 02/33","Other",,,,,"53587.57",,,,,,""
"2021-04-21","'36176RXG2'","MBS","GNMA I 3.5% 06/42","30yr",,,,,"53564.35",,,,,,""
"2021-04-21","'31306YJD4'","MBS","FHLMCGLD 2.5% 11/22","15yr",,,,,"53554.98",,,,,,""
"2021-04-21","'3138WBTU9'","MBS","UMBS MORTPASS 3% 05/29","15yr",,,,,"53471.95",,,,,,""
"2021-04-21","'36292LDZ4'","MBS","GNMA I 5.5% 05/36","30yr",,,,,"53398.37",,,,,,""
"2021-04-21","'36297BEC1'","MBS","GNMA I 4.5% 03/39","30yr",,,,,"53359.28",,,,,,""
"2021-04-21","'3128P7SH7'","MBS","FHLMCGLD 3% 01/32","Other",,,,,"53331.95",,,,,,""
"2021-04-21","'31418CBY9'","MBS","UMBS MORTPASS 3% 09/26","Other",,,,,"53306.99",,,,,,""
"2021-04-21","'31418DKE1'","MBS","UMBS MORTPASS 3% 09/21","Other",,,,,"53263.71",,,,,,""
"2021-04-21","'3138LSTQ3'","MBS","UMBS MORTPASS 3% 05/22","Other",,,,,"53224.38",,,,,,""
"2021-04-21","'3131X9PD0'","MBS","UMBS MORTPASS 3% 07/28","15yr",,,,,"53223.51",,,,,,""
"2021-04-21","'3140FUU48'","MBS","UMBS MORTPASS 3.5% 08/32","15yr",,,,,"53168.83",,,,,,""
"2021-04-21","'3620A5VT3'","MBS","GNMA I MORTPASS 5% 07/39","30yr",,,,,"53156.43",,,,,,""
"2021-04-21","'3131XABS9'","MBS","UMBS MORTPASS 3% 01/29","15yr",,,,,"53120.75",,,,,,""
"2021-04-21","'3138ERLD0'","MBS","UMBS MORTPASS 2.5% 10/31","15yr",,,,,"53012.62",,,,,,""
"2021-04-21","'3138YGXM9'","MBS","UMBS MORTPASS 3% 04/45","30yr",,,,,"53003.18",,,,,,""
"2021-04-21","'31419CMF7'","MBS","UMBS MORTPASS 4% 03/41","30yr",,,,,"52949.02",,,,,,""
"2021-04-21","'3140QEBQ4'","MBS","UMBS MORTPASS 2.5% 07/50","30yr",,,,,"52922.13",,,,,,""
"2021-04-21","'3131X8YA8'","MBS","UMBS MORTPASS 2.5% 03/23","Other",,,,,"52891.74",,,,,,""
"2021-04-21","'3132J87E4'","MBS","FHLMCGLD 3.5% 04/43","30yr",,,,,"52843.18",,,,,,""
"2021-04-21","'3620AC5U4'","MBS","GNMA I 5.5% 09/39","30yr",,,,,"52808.06",,,,,,""
"2021-04-21","'31417UFA8'","MBS","UMBS MORTPASS 4% 05/25","15yr",,,,,"52763.68",,,,,,""
"2021-04-21","'31411JFK7'","MBS","UMBS MORTPASS 5% 01/37","30yr",,,,,"52719.06",,,,,,""
"2021-04-21","'3140F1VG4'","MBS","UMBS MORTPASS 3.5% 05/46","30yr",,,,,"52649.09",,,,,,""
"2021-04-21","'31415LGH4'","MBS","UMBS MORTPASS 6.5% 05/38","30yr",,,,,"52634.31",,,,,,""
"2021-04-21","'3128PPT94'","MBS","FHLMCGLD 4% 08/24","15yr",,,,,"52623.41",,,,,,""
"2021-04-21","'3138AYLM9'","MBS","UMBS MORTPASS 3% 11/26","15yr",,,,,"52594.67",,,,,,""
"2021-04-21","'3138MLW67'","MBS","UMBS MORTPASS 3% 11/32","Other",,,,,"52522.13",,,,,,""
"2021-04-21","'3131X77L6'","MBS","UMBS MORTPASS 2.5% 10/27","15yr",,,,,"52498.93",,,,,,""
"2021-04-21","'3620A4WM0'","MBS","GNMA I 5.5% 10/39","30yr",,,,,"52495.51",,,,,,""
"2021-04-21","'3138EMZA2'","MBS","UMBS MORTPASS 2.5% 01/24","Other",,,,,"52486.07",,,,,,""
"2021-04-21","'36296TEG4'","MBS","GNMA I 4.5% 03/39","30yr",,,,,"52447.69",,,,,,""
"2021-04-21","'36297HRP5'","MBS","GNMA I MORTPASS 4% 06/39","30yr",,,,,"52440.53",,,,,,""
"2021-04-21","'3132A7WL1'","MBS","UMBS MORTPASS 2.5% 04/24","Other",,,,,"52436.21",,,,,,""
"2021-04-21","'3138WFLL8'","MBS","UMBS MORTPASS 3% 09/30","15yr",,,,,"52421.41",,,,,,""
"2021-04-21","'31414SAA1'","MBS","UMBS MORTPASS 4.5% 04/23","15yr",,,,,"52410.1",,,,,,""
"2021-04-21","'3132GSQ69'","MBS","FHLMCGLD 4% 04/42","30yr",,,,,"52379.57",,,,,,""
"2021-04-21","'3138WHCF7'","MBS","UMBS MORTPASS 2.5% 06/31","15yr",,,,,"52375.05",,,,,,""
"2021-04-21","'3138YAVF9'","MBS","UMBS MORTPASS 4% 01/45","30yr",,,,,"52337.93",,,,,,""
"2021-04-21","'36176KNC7'","MBS","GNMA I MORTPASS 4% 11/41","30yr",,,,,"52298.71",,,,,,""
"2021-04-21","'3128PWBJ6'","MBS","FHLMCGLD 3.5% 08/26","15yr",,,,,"52285.84",,,,,,""
"2021-04-21","'3132KERP2'","MBS","FHLMCGLD 3% 02/29","15yr",,,,,"52272.49",,,,,,""
"2021-04-21","'3140J7YM1'","MBS","UMBS MORTPASS 2.5% 02/47","30yr",,,,,"52260.14",,,,,,""
"2021-04-21","'3138ER5G1'","MBS","UMBS MORTPASS 4.5% 02/47","30yr",,,,,"52234.9",,,,,,""
"2021-04-21","'31418CHG2'","MBS","UMBS MORTPASS 4% 03/47","30yr",,,,,"52193.3",,,,,,""
"2021-04-21","'31417AKP3'","MBS","UMBS MORTPASS 3% 11/26","15yr",,,,,"52149.2",,,,,,""
"2021-04-21","'3138WHP22'","MBS","UMBS MORTPASS 3% 07/31","15yr",,,,,"52148.43",,,,,,""
"2021-04-21","'3132AAAE4'","MBS","UMBS MORTPASS 2.5% 02/33","Other",,,,,"52094.41",,,,,,""
"2021-04-21","'31297HUK3'","MBS","FHLMCGLD 5% 01/35","30yr",,,,,"52083.07",,,,,,""
"2021-04-21","'3620A2VF0'","MBS","GNMA I 4.5% 05/39","30yr",,,,,"52081.03",,,,,,""
"2021-04-21","'36291QWD2'","MBS","GNMA I MORTPASS 5% 12/34","30yr",,,,,"52080.64",,,,,,""
"2021-04-21","'3131XARA1'","MBS","UMBS MORTPASS 2% 07/24","Other",,,,,"52073.62",,,,,,""
"2021-04-21","'3128MCKG9'","MBS","FHLMCGLD 4% 09/24","15yr",,,,,"52060.18",,,,,,""
"2021-04-21","'3140Q95B5'","MBS","UMBS MORTPASS 4.5% 11/48","30yr",,,,,"52044.51",,,,,,""
"2021-04-21","'3140HMGQ1'","MBS","UMBS MORTPASS 3.5% 07/33","15yr",,,,,"52033.69",,,,,,""
"2021-04-21","'3128MJX54'","MBS","FHLMCGLD 4% 03/46","30yr",,,,,"51988.54",,,,,,""
"2021-04-21","'3140HKYH5'","MBS","UMBS MORTPASS 4% 07/48","30yr",,,,,"51974.71",,,,,,""
"2021-04-21","'31415X4Q1'","MBS","UMBS MORTPASS 4% 03/24","15yr",,,,,"51942.98",,,,,,""
"2021-04-21","'31335ABB3'","MBS","FHLMCGLD 4.5% 02/45","30yr",,,,,"51842.12",,,,,,""
"2021-04-21","'36291FAN8'","MBS","GNMA I MORTPASS 5% 04/34","30yr",,,,,"51804.09",,,,,,""
"2021-04-21","'3138LUNA9'","MBS","UMBS MORTPASS 2.5% 06/27","15yr",,,,,"51788.51",,,,,,""
"2021-04-21","'3138Y8N89'","MBS","UMBS MORTPASS 3% 12/44","30yr",,,,,"51779.07",,,,,,""
"2021-04-21","'3140FTAP6'","MBS","UMBS MORTPASS 4% 04/47","30yr",,,,,"51659.36",,,,,,""
"2021-04-21","'31307JHE6'","MBS","FHLMCGLD 2.5% 09/29","15yr",,,,,"51616.79",,,,,,""
"2021-04-21","'3140FGBW8'","MBS","UMBS MORTPASS 2.5% 12/31","15yr",,,,,"51607.91",,,,,,""
"2021-04-21","'31307HWC7'","MBS","FHLMCGLD 3.5% 07/29","15yr",,,,,"51549.82",,,,,,""
"2021-04-21","'3620AB7B6'","MBS","GNMA I MORTPASS 5% 02/40","30yr",,,,,"51544.84",,,,,,""
"2021-04-21","'36297CGD5'","MBS","GNMA I 3.5% 11/40","30yr",,,,,"51526.96",,,,,,""
"2021-04-21","'31413SLV4'","MBS","UMBS MORTPASS 5.5% 11/37","30yr",,,,,"51470.1",,,,,,""
"2021-04-21","'3138YBS38'","MBS","UMBS MORTPASS 2.5% 02/30","15yr",,,,,"51426.51",,,,,,""
"2021-04-21","'3138EQ2A9'","MBS","UMBS MORTPASS 3% 01/31","15yr",,,,,"51425.6",,,,,,""
"2021-04-21","'3132QUSM6'","MBS","FHLMCGLD 3% 12/45","30yr",,,,,"51416.2",,,,,,""
"2021-04-21","'3620AG2Q7'","MBS","GNMA I MORTPASS 5% 03/40","30yr",,,,,"51403.93",,,,,,""
"2021-04-21","'3128PQ6S5'","MBS","FHLMCGLD 4.5% 03/25","15yr",,,,,"51402.26",,,,,,""
"2021-04-21","'3140JHJR5'","MBS","UMBS MORTPASS 4.5% 11/48","30yr",,,,,"51391.77",,,,,,""
"2021-04-21","'31414AP48'","MBS","UMBS MORTPASS 5.5% 12/37","30yr",,,,,"51383.41",,,,,,""
"2021-04-21","'31417EUN9'","MBS","UMBS MORTPASS 2.5% 02/43","30yr",,,,,"51383.41",,,,,,""
"2021-04-21","'3620A9WH0'","MBS","GNMA I 4.5% 11/39","30yr",,,,,"51382.45",,,,,,""
"2021-04-21","'31329NTE8'","MBS","UMBS MORTPASS 2.5% 09/47","30yr",,,,,"51294.38",,,,,,""
"2021-04-21","'36296JQD0'","MBS","GNMA I MORTPASS 4% 06/39","30yr",,,,,"51291.29",,,,,,""
"2021-04-21","'36297DH59'","MBS","GNMA I 5.5% 04/39","30yr",,,,,"51243.57",,,,,,""
"2021-04-21","'31418C3F9'","MBS","UMBS MORTPASS 2.5% 08/33","15yr",,,,,"51222.51",,,,,,""
"2021-04-21","'3128LA3T5'","MBS","FHLMCGLD 6% 05/38","30yr",,,,,"51211.63",,,,,,""
"2021-04-21","'36202EVL0'","MBS","GNMA II 4.5% 08/38","30yr",,,,,"51197.64",,,,,,""
"2021-04-21","'31307HPZ4'","MBS","FHLMCGLD 3.5% 07/29","15yr",,,,,"51151.32",,,,,,""
"2021-04-21","'31419LP49'","MBS","UMBS MORTPASS 3.5% 12/25","15yr",,,,,"51142.48",,,,,,""
"2021-04-21","'3132QMNB3'","MBS","FHLMCGLD 3.5% 02/45","30yr",,,,,"51115.75",,,,,,""
"2021-04-21","'36290VT53'","MBS","GNMA I MORTPASS 5% 05/34","30yr",,,,,"51064.56",,,,,,""
"2021-04-21","'3131X8YB6'","MBS","UMBS MORTPASS 2.5% 03/23","Other",,,,,"51059.85",,,,,,""
"2021-04-21","'3138M0CZ1'","MBS","UMBS MORTPASS 3% 06/27","15yr",,,,,"51055.38",,,,,,""
"2021-04-21","'31418AFC7'","MBS","UMBS MORTPASS 3% 05/27","15yr",,,,,"51023.51",,,,,,""
"2021-04-21","'3132XYHE0'","MBS","FHLMCGLD 4% 04/48","30yr",,,,,"51009.87",,,,,,""
"2021-04-21","'3132A7UE9'","MBS","UMBS MORTPASS 3.5% 01/24","Other",,,,,"50996.73",,,,,,""
"2021-04-21","'3140FSH22'","MBS","UMBS MORTPASS 3.5% 01/47","30yr",,,,,"50976.46",,,,,,""
"2021-04-21","'3132A8QQ5'","MBS","UMBS MORTPASS 2.5% 02/32","15yr",,,,,"50942.84",,,,,,""
"2021-04-21","'3138EH5G3'","MBS","UMBS MORTPASS 3.5% 03/27","15yr",,,,,"50929.61",,,,,,""
"2021-04-21","'3140F9WA9'","MBS","UMBS MORTPASS 3.5% 01/47","30yr",,,,,"50923.48",,,,,,""
"2021-04-21","'3131X9W91'","MBS","UMBS MORTPASS 2% 09/28","15yr",,,,,"50911.78",,,,,,""
"2021-04-21","'36178GQN7'","MBS","GNMA I 3.5% 08/42","30yr",,,,,"50871.83",,,,,,""
"2021-04-21","'31334X4T3'","MBS","UMBS MORTPASS 3% 08/49","30yr",,,,,"50839.58",,,,,,""
"2021-04-21","'36200MTC7'","MBS","GNMA I MORTPASS 4% 08/33","30yr",,,,,"50830.35",,,,,,""
"2021-04-21","'31410QTE1'","MBS","UMBS MORTPASS 6% 10/36","30yr",,,,,"50829.94",,,,,,""
"2021-04-21","'3138MCMN1'","MBS","UMBS MORTPASS 2% 11/22","Other",,,,,"50824.54",,,,,,""
"2021-04-21","'3132A8SK6'","MBS","UMBS MORTPASS 2.5% 01/30","15yr",,,,,"50816.29",,,,,,""
"2021-04-21","'312932LM6'","MBS","FHLMCGLD 6% 04/39","30yr",,,,,"50712.83",,,,,,""
"2021-04-21","'31412VB80'","MBS","UMBS MORTPASS 4% 11/24","15yr",,,,,"50660.27",,,,,,""
"2021-04-21","'3138AXSX0'","MBS","UMBS MORTPASS 3% 12/26","15yr",,,,,"50542.02",,,,,,""
"2021-04-21","'3128P7KF9'","MBS","FHLMCGLD 5% 07/28","Other",,,,,"50539.17",,,,,,""
"2021-04-21","'3128PQXZ9'","MBS","FHLMCGLD 4.5% 02/25","15yr",,,,,"50537.97",,,,,,""
"2021-04-21","'3128L94A8'","MBS","FHLMCGLD 6% 04/38","30yr",,,,,"50526.18",,,,,,""
"2021-04-21","'3128PQEZ0'","MBS","FHLMCGLD 4.5% 10/24","15yr",,,,,"50523.63",,,,,,""
"2021-04-21","'31417ED40'","MBS","UMBS MORTPASS 2.5% 12/22","Other",,,,,"50437.05",,,,,,""
"2021-04-21","'3128MEU90'","MBS","FHLMCGLD 3.5% 03/31","15yr",,,,,"50390.01",,,,,,""
"2021-04-21","'36178MDW8'","MBS","GNMA I 3.5% 10/42","30yr",,,,,"50375.61",,,,,,""
"2021-04-21","'3128MML43'","MBS","FHLMCGLD 4.5% 03/25","15yr",,,,,"50349.76",,,,,,""
"2021-04-21","'31294MKW0'","MBS","FHLMCGLD 3% 12/21","15yr",,,,,"50344.88",,,,,,""
"2021-04-21","'3128LB6D5'","MBS","FHLMCGLD 6.5% 06/38","30yr",,,,,"50319.7",,,,,,""
"2021-04-21","'36297GP20'","MBS","GNMA I 3.5% 11/40","30yr",,,,,"50296.84",,,,,,""
"2021-04-21","'31418B6H4'","MBS","UMBS MORTPASS 3.5% 07/46","30yr",,,,,"50294.81",,,,,,""
"2021-04-21","'3129325E2'","MBS","FHLMCGLD 5% 05/39","30yr",,,,,"50273.18",,,,,,""
"2021-04-21","'3128P7LT8'","MBS","FHLMCGLD 5% 01/29","Other",,,,,"50214.25",,,,,,""
"2021-04-21","'3128PT6Z3'","MBS","FHLMCGLD 3.5% 02/26","15yr",,,,,"50196.87",,,,,,""
"2021-04-21","'36176BCQ8'","MBS","GNMA I MORTPASS 4% 02/41","30yr",,,,,"50190.14",,,,,,""
"2021-04-21","'3138YTPD0'","MBS","UMBS MORTPASS 3% 09/30","15yr",,,,,"50181",,,,,,""
"2021-04-21","'3131X8CY0'","MBS","UMBS MORTPASS 3% 11/22","Other",,,,,"50167.22",,,,,,""
"2021-04-21","'31417G3L8'","MBS","UMBS MORTPASS 2.5% 07/23","Other",,,,,"50159.17",,,,,,""
"2021-04-21","'31335HZ63'","MBS","FHLMCGLD 5% 12/23","Other",,,,,"50156.83",,,,,,""
"2021-04-21","'31418APD4'","MBS","UMBS MORTPASS 3% 01/28","15yr",,,,,"50149.37",,,,,,""
"2021-04-21","'31417YDM6'","MBS","UMBS MORTPASS 5.5% 05/29","Other",,,,,"50144.26",,,,,,""
"2021-04-21","'3140HEQ47'","MBS","UMBS MORTPASS 4.5% 05/48","30yr",,,,,"50115.92",,,,,,""
"2021-04-21","'31413RHR0'","MBS","UMBS MORTPASS 4% 05/23","15yr",,,,,"50094.87",,,,,,""
"2021-04-21","'3140JR4J7'","MBS","UMBS MORTPASS 4.5% 06/49","30yr",,,,,"50077.35",,,,,,""
"2021-04-21","'31297GU66'","MBS","FHLMCGLD 5.5% 12/34","30yr",,,,,"50070.64",,,,,,""
"2021-04-21","'3620A1UL0'","MBS","GNMA I 4.5% 12/39","30yr",,,,,"49949.93",,,,,,""
"2021-04-21","'36290NA44'","MBS","GNMA I MORTPASS 5% 08/33","30yr",,,,,"49886.42",,,,,,""
"2021-04-21","'3140X4Y26'","MBS","UMBS MORTPASS 3.5% 09/33","15yr",,,,,"49877.61",,,,,,""
"2021-04-21","'36177PL37'","MBS","GNMA I MORTPASS 4% 01/42","30yr",,,,,"49826.77",,,,,,""
"2021-04-21","'3128P7CK7'","MBS","FHLMCGLD 6.5% 04/26","Other",,,,,"49817.17",,,,,,""
"2021-04-21","'3138WZLS9'","MBS","UMBS MORTPASS 3% 06/28","15yr",,,,,"49809.19",,,,,,""
"2021-04-21","'36178CBV4'","MBS","GNMA I 3.5% 10/42","30yr",,,,,"49797.17",,,,,,""
"2021-04-21","'3131X7HN1'","MBS","UMBS MORTPASS 3% 01/27","15yr",,,,,"49781.4",,,,,,""
"2021-04-21","'31389JHC1'","MBS","UMBS MORTPASS 5.5% 01/32","30yr",,,,,"49773.28",,,,,,""
"2021-04-21","'36296MJU3'","MBS","GNMA I 4.5% 04/39","30yr",,,,,"49737.17",,,,,,""
"2021-04-21","'3128L8RR8'","MBS","FHLMCGLD 4.5% 03/38","30yr",,,,,"49722.28",,,,,,""
"2021-04-21","'36202DVX6'","MBS","GNMA II 4.5% 12/32","30yr",,,,,"49619.99",,,,,,""
"2021-04-21","'3140JR3Y5'","MBS","UMBS MORTPASS 3.5% 06/49","30yr",,,,,"49607.24",,,,,,""
"2021-04-21","'31329K2Z6'","MBS","UMBS MORTPASS 3% 11/25","15yr",,,,,"49606.66",,,,,,""
"2021-04-21","'36297C2J7'","MBS","GNMA I 4.5% 03/39","30yr",,,,,"49598.37",,,,,,""
"2021-04-21","'3140KMU73'","MBS","UMBS MORTPASS 2.5% 09/50","30yr",,,,,"49592.28",,,,,,""
"2021-04-21","'3138EQ2B7'","MBS","UMBS MORTPASS 3% 02/31","15yr",,,,,"49549.82",,,,,,""
"2021-04-21","'36179Q6L0'","MBS","GNMA II MORTPASS 2% 08/44","30yr",,,,,"49508.91",,,,,,""
"2021-04-21","'3138YCCF6'","MBS","UMBS MORTPASS 3.5% 12/29","15yr",,,,,"49453.34",,,,,,""
"2021-04-21","'31307WVS0'","MBS","FHLMCGLD 3.5% 09/33","15yr",,,,,"49406.76",,,,,,""
"2021-04-21","'31417FQT8'","MBS","UMBS MORTPASS 2% 03/23","Other",,,,,"49398.91",,,,,,""
"2021-04-21","'3131XFKR0'","MBS","UMBS MORTPASS 3.5% 11/37","Other",,,,,"49367.9",,,,,,""
"2021-04-21","'31334Y3N5'","MBS","UMBS MORTPASS 3.5% 09/49","30yr",,,,,"49350.47",,,,,,""
"2021-04-21","'31412RK71'","MBS","UMBS MORTPASS 3.5% 10/25","15yr",,,,,"49347.8",,,,,,""
"2021-04-21","'3138WXVB0'","MBS","UMBS MORTPASS 3% 06/23","Other",,,,,"49318.06",,,,,,""
"2021-04-21","'36180CRS0'","MBS","GNMA I MORTPASS 4% 07/43","30yr",,,,,"49306.84",,,,,,""
"2021-04-21","'3128MFQR2'","MBS","FHLMCGLD 4% 12/28","15yr",,,,,"49293.05",,,,,,""
"2021-04-21","'31418AAX6'","MBS","UMBS MORTPASS 3% 12/21","Other",,,,,"49280.1",,,,,,""
"2021-04-21","'3128M9DD1'","MBS","FHLMCGLD 3.5% 04/42","30yr",,,,,"49274.08",,,,,,""
"2021-04-21","'3128P7NB5'","MBS","FHLMCGLD 4% 01/30","Other",,,,,"49271.35",,,,,,""
"2021-04-21","'36211SCW5'","MBS","GNMA I 5.5% 04/35","30yr",,,,,"49247.92",,,,,,""
"2021-04-21","'3131X9FR0'","MBS","UMBS MORTPASS 2% 05/23","Other",,,,,"49234.25",,,,,,""
"2021-04-21","'36296GM81'","MBS","GNMA I MORTPASS 6% 05/38","30yr",,,,,"49225.11",,,,,,""
"2021-04-21","'3140H22R8'","MBS","UMBS MORTPASS 3% 12/32","15yr",,,,,"49193.75",,,,,,""
"2021-04-21","'36295H6Y1'","MBS","GNMA I MORTPASS 5% 08/37","30yr",,,,,"49074.47",,,,,,""
"2021-04-21","'3138WFGZ3'","MBS","UMBS MORTPASS 2.5% 08/30","15yr",,,,,"49063.87",,,,,,""
"2021-04-21","'36291RPB2'","MBS","GNMA I MORTPASS 5% 11/34","30yr",,,,,"49042.35",,,,,,""
"2021-04-21","'36176MGM9'","MBS","GNMA I MORTPASS 4% 10/41","30yr",,,,,"49020.01",,,,,,""
"2021-04-21","'36202FJQ0'","MBS","GNMA II 4.5% 08/40","30yr",,,,,"48979.1",,,,,,""
"2021-04-21","'3140E6NS7'","MBS","UMBS MORTPASS 3.5% 12/45","30yr",,,,,"48974.01",,,,,,""
"2021-04-21","'36296AG99'","MBS","GNMA I MORTPASS 5% 05/39","30yr",,,,,"48965.07",,,,,,""
"2021-04-21","'31418CNE0'","MBS","UMBS MORTPASS 4% 08/47","30yr",,,,,"48959.65",,,,,,""
"2021-04-21","'31335H5Y5'","MBS","FHLMCGLD 5% 11/24","Other",,,,,"48947.89",,,,,,""
"2021-04-21","'36230U4W6'","MBS","GNMA I MORTPASS 4% 12/41","30yr",,,,,"48867.19",,,,,,""
"2021-04-21","'3140HLG91'","MBS","UMBS MORTPASS 4.5% 06/48","30yr",,,,,"48860.51",,,,,,""
"2021-04-21","'3140F0JL9'","MBS","UMBS MORTPASS 4.5% 10/46","30yr",,,,,"48820.88",,,,,,""
"2021-04-21","'3140H5L58'","MBS","UMBS MORTPASS 3.5% 01/48","30yr",,,,,"48812.54",,,,,,""
"2021-04-21","'3140HPW60'","MBS","UMBS MORTPASS 4% 11/48","30yr",,,,,"48770.88",,,,,,""
"2021-04-21","'3138E2BK0'","MBS","UMBS MORTPASS 3.5% 12/26","15yr",,,,,"48752.91",,,,,,""
"2021-04-21","'36290UAX4'","MBS","GNMA I MORTPASS 6% 05/37","30yr",,,,,"48733.78",,,,,,""
"2021-04-21","'3140H3DG8'","MBS","UMBS MORTPASS 3% 11/47","30yr",,,,,"48710.1",,,,,,""
"2021-04-21","'36179CX64'","MBS","GNMA I 3.5% 01/43","30yr",,,,,"48685.1",,,,,,""
"2021-04-21","'3140Q8N43'","MBS","UMBS MORTPASS 3% 10/27","Other",,,,,"48630.75",,,,,,""
"2021-04-21","'3131XCN29'","MBS","UMBS MORTPASS 2.5% 01/32","15yr",,,,,"48589",,,,,,""
"2021-04-21","'3131XCM38'","MBS","UMBS MORTPASS 2.5% 01/32","15yr",,,,,"48579.3",,,,,,""
"2021-04-21","'3131YC7K6'","MBS","UMBS MORTPASS 4% 05/49","30yr",,,,,"48557.59",,,,,,""
"2021-04-21","'31403DJG5'","MBS","UMBS MORTPASS 5.5% 08/34","30yr",,,,,"48556.75",,,,,,""
"2021-04-21","'31307PGF0'","MBS","FHLMCGLD 2.5% 10/30","15yr",,,,,"48437.83",,,,,,""
"2021-04-21","'3131X8PB6'","MBS","UMBS MORTPASS 2.5% 01/28","15yr",,,,,"48434.55",,,,,,""
"2021-04-21","'3133KJ5X6'","MBS","UMBS MORTPASS 2% 09/50","30yr",,,,,"48423.55",,,,,,""
"2021-04-21","'3128MMKG7'","MBS","FHLMCGLD 5.5% 01/24","15yr",,,,,"48410.76",,,,,,""
"2021-04-21","'3131X9WW0'","MBS","UMBS MORTPASS 2% 08/28","15yr",,,,,"48385.21",,,,,,""
"2021-04-21","'3140QGNL7'","MBS","UMBS MORTPASS 2% 01/51","30yr",,,,,"48327.24",,,,,,""
"2021-04-21","'36180C4J5'","MBS","GNMA I 3.5% 02/43","30yr",,,,,"48324.75",,,,,,""
"2021-04-21","'36291AQ69'","MBS","GNMA I MORTPASS 5% 09/33","30yr",,,,,"48315.01",,,,,,""
"2021-04-21","'3128MFAJ7'","MBS","FHLMCGLD 2.5% 05/31","15yr",,,,,"48276.93",,,,,,""
"2021-04-21","'3128PQ6V8'","MBS","FHLMCGLD 4.5% 02/25","15yr",,,,,"48228.64",,,,,,""
"2021-04-21","'36295VMB2'","MBS","GNMA I MORTPASS 5% 08/39","30yr",,,,,"48226.54",,,,,,""
"2021-04-21","'36295PYC0'","MBS","GNMA I MORTPASS 5% 02/38","30yr",,,,,"48215.67",,,,,,""
"2021-04-21","'36292FP68'","MBS","GNMA I MORTPASS 5% 02/37","30yr",,,,,"48168.38",,,,,,""
"2021-04-21","'3140H7P68'","MBS","UMBS MORTPASS 4.5% 04/48","30yr",,,,,"48134.89",,,,,,""
"2021-04-21","'31410VZW3'","MBS","UMBS MORTPASS 6% 03/37","30yr",,,,,"48117.86",,,,,,""
"2021-04-21","'3140H73Y1'","MBS","UMBS MORTPASS 3.5% 03/48","30yr",,,,,"48093.19",,,,,,""
"2021-04-21","'3138MKYG5'","MBS","UMBS MORTPASS 2.5% 11/27","15yr",,,,,"48072.98",,,,,,""
"2021-04-21","'3128MMYS6'","MBS","FHLMCGLD 3.5% 01/34","15yr",,,,,"48005.31",,,,,,""
"2021-04-21","'3138ETFM3'","MBS","UMBS MORTPASS 3.5% 04/31","15yr",,,,,"47982.29",,,,,,""
"2021-04-21","'31418BDL7'","MBS","UMBS MORTPASS 3.5% 05/24","Other",,,,,"47974.04",,,,,,""
"2021-04-21","'36290NAM4'","MBS","GNMA I 4.5% 08/33","30yr",,,,,"47952.97",,,,,,""
"2021-04-21","'3138XQHZ7'","MBS","UMBS MORTPASS 3.5% 03/29","15yr",,,,,"47948.91",,,,,,""
"2021-04-21","'36177M6X5'","MBS","GNMA I MORTPASS 4% 01/42","30yr",,,,,"47921.71",,,,,,""
"2021-04-21","'3138X9LP2'","MBS","UMBS MORTPASS 2% 10/28","15yr",,,,,"47899.13",,,,,,""
"2021-04-21","'36202ERS0'","MBS","GNMA II MORTPASS 5% 03/38","30yr",,,,,"47829.75",,,,,,""
"2021-04-21","'3128L1XK1'","MBS","FHLMCGLD 5.5% 12/37","30yr",,,,,"47802.88",,,,,,""
"2021-04-21","'36178GES9'","MBS","GNMA I 3.5% 07/42","30yr",,,,,"47793.12",,,,,,""
"2021-04-21","'3138WJB23'","MBS","UMBS MORTPASS 4.5% 10/46","30yr",,,,,"47778.11",,,,,,""
"2021-04-21","'31412DTA6'","MBS","UMBS MORTPASS 5% 12/36","30yr",,,,,"47770.06",,,,,,""
"2021-04-21","'3138XCTC6'","MBS","UMBS MORTPASS 3% 10/28","15yr",,,,,"47747.16",,,,,,""
"2021-04-21","'3138YYBN2'","MBS","UMBS MORTPASS 2.5% 07/30","15yr",,,,,"47736.19",,,,,,""
"2021-04-21","'3128K3MJ3'","MBS","FHLMCGLD 6% 02/36","30yr",,,,,"47710.22",,,,,,""
"2021-04-21","'3128P7NA7'","MBS","FHLMCGLD 5% 01/30","Other",,,,,"47697.99",,,,,,""
"2021-04-21","'36200QXK5'","MBS","GNMA I MORTPASS 5% 09/35","30yr",,,,,"47667.45",,,,,,""
"2021-04-21","'3131Y1E63'","MBS","UMBS MORTPASS 3.5% 05/48","30yr",,,,,"47627.27",,,,,,""
"2021-04-21","'31407VXJ9'","MBS","UMBS MORTPASS 5% 09/35","30yr",,,,,"47623.02",,,,,,""
"2021-04-21","'36176RK43'","MBS","GNMA I MORTPASS 4% 12/41","30yr",,,,,"47618.13",,,,,,""
"2021-04-21","'3138YW3F2'","MBS","UMBS MORTPASS 2.5% 06/30","15yr",,,,,"47557.73",,,,,,""
"2021-04-21","'3140EW4N2'","MBS","UMBS MORTPASS 2.5% 11/31","15yr",,,,,"47460.82",,,,,,""
"2021-04-21","'3140JMAQ5'","MBS","UMBS MORTPASS 4% 01/49","30yr",,,,,"47456.18",,,,,,""
"2021-04-21","'36294SMZ7'","MBS","GNMA I 4.5% 11/36","30yr",,,,,"47383.48",,,,,,""
"2021-04-21","'36296QBH1'","MBS","GNMA I 4.5% 10/38","30yr",,,,,"47382.85",,,,,,""
"2021-04-21","'3140H2CX4'","MBS","UMBS MORTPASS 3.5% 11/47","30yr",,,,,"47328.56",,,,,,""
"2021-04-21","'31418DU26'","MBS","UMBS MORTPASS 1.5% 12/30","Other",,,,,"47327.64",,,,,,""
"2021-04-21","'3140EV7C5'","MBS","UMBS MORTPASS 2.5% 03/31","15yr",,,,,"47305.63",,,,,,""
"2021-04-21","'3131YAFP0'","MBS","UMBS MORTPASS 2.5% 03/34","15yr",,,,,"47274.72",,,,,,""
"2021-04-21","'31418BW28'","MBS","UMBS MORTPASS 3.5% 10/30","15yr",,,,,"47161.73",,,,,,""
"2021-04-21","'3140JRRD5'","MBS","UMBS MORTPASS 3% 08/34","15yr",,,,,"47128.93",,,,,,""
"2021-04-21","'36201HMX8'","MBS","GNMA I MORTPASS 5% 07/33","30yr",,,,,"47094.96",,,,,,""
"2021-04-21","'3138WHFL1'","MBS","UMBS MORTPASS 3% 06/46","30yr",,,,,"47084.7",,,,,,""
"2021-04-21","'3140FFTS0'","MBS","UMBS MORTPASS 4.5% 08/46","30yr",,,,,"47033.5",,,,,,""
"2021-04-21","'3138YPEQ1'","MBS","UMBS MORTPASS 3.5% 05/45","30yr",,,,,"47009.82",,,,,,""
"2021-04-21","'3620ABF43'","MBS","GNMA I 4.5% 09/39","30yr",,,,,"47003.1",,,,,,""
"2021-04-21","'36177T2H9'","MBS","GNMA I MORTPASS 4% 04/42","30yr",,,,,"46999",,,,,,""
"2021-04-21","'36297EP25'","MBS","GNMA I 4.5% 07/39","30yr",,,,,"46930.28",,,,,,""
"2021-04-21","'36211RXB0'","MBS","GNMA I 4.5% 04/35","30yr",,,,,"46925.9",,,,,,""
"2021-04-21","'3128E4MM1'","MBS","FHLMCGLD 5% 01/28","Other",,,,,"46909.9",,,,,,""
"2021-04-21","'31410QME8'","MBS","UMBS MORTPASS 6.5% 10/36","30yr",,,,,"46904.22",,,,,,""
"2021-04-21","'3140H2ZA9'","MBS","UMBS MORTPASS 3.5% 11/47","30yr",,,,,"46840.4",,,,,,""
"2021-04-21","'3140QB7B8'","MBS","UMBS MORTPASS 3% 08/34","15yr",,,,,"46823.64",,,,,,""
"2021-04-21","'36291ADX4'","MBS","GNMA I MORTPASS 5% 10/33","30yr",,,,,"46806.47",,,,,,""
"2021-04-21","'3138Y9AV0'","MBS","UMBS MORTPASS 3.5% 11/29","15yr",,,,,"46794.08",,,,,,""
"2021-04-21","'36201U4K7'","MBS","GNMA I MORTPASS 5% 08/33","30yr",,,,,"46769.69",,,,,,""
"2021-04-21","'3140H5M24'","MBS","UMBS MORTPASS 3% 01/48","30yr",,,,,"46758.83",,,,,,""
"2021-04-21","'36176CR56'","MBS","GNMA I MORTPASS 4% 05/41","30yr",,,,,"46679.45",,,,,,""
"2021-04-21","'3138WDUM1'","MBS","UMBS MORTPASS 2.5% 01/30","15yr",,,,,"46654.33",,,,,,""
"2021-04-21","'36179RU98'","MBS","GNMA II 2.5% 12/45","30yr",,,,,"46498.28",,,,,,""
"2021-04-21","'3620A85X7'","MBS","GNMA I 4.5% 08/39","30yr",,,,,"46483.13",,,,,,""
"2021-04-21","'3128LCNB8'","MBS","FHLMCGLD 5% 06/38","30yr",,,,,"46478.47",,,,,,""
"2021-04-21","'3620A5VZ9'","MBS","GNMA I 4.5% 10/39","30yr",,,,,"46450.55",,,,,,""
"2021-04-21","'3132CWDD3'","MBS","UMBS MORTPASS 2.5% 10/34","15yr",,,,,"46445.99",,,,,,""
"2021-04-21","'3140QCT48'","MBS","UMBS MORTPASS 3% 01/35","15yr",,,,,"46316.05",,,,,,""
"2021-04-21","'3140ECMD8'","MBS","UMBS MORTPASS 3% 08/46","30yr",,,,,"46278.72",,,,,,""
"2021-04-21","'3620AACZ9'","MBS","GNMA I MORTPASS 5% 02/40","30yr",,,,,"46277.64",,,,,,""
"2021-04-21","'31413KSY8'","MBS","UMBS MORTPASS 4% 10/22","15yr",,,,,"46245.85",,,,,,""
"2021-04-21","'36296Q5C9'","MBS","GNMA I MORTPASS 5% 08/39","30yr",,,,,"46215.38",,,,,,""
"2021-04-21","'3620A6SD0'","MBS","GNMA I MORTPASS 5% 01/40","30yr",,,,,"46211.95",,,,,,""
"2021-04-21","'3128PNCA4'","MBS","FHLMCGLD 4% 06/24","15yr",,,,,"46195.08",,,,,,""
"2021-04-21","'3140X4Z25'","MBS","UMBS MORTPASS 3% 08/32","15yr",,,,,"46191.3",,,,,,""
"2021-04-21","'3138WRYZ7'","MBS","UMBS MORTPASS 3.5% 07/43","30yr",,,,,"46137.6",,,,,,""
"2021-04-21","'3138WJX29'","MBS","UMBS MORTPASS 3% 02/47","30yr",,,,,"46081.86",,,,,,""
"2021-04-21","'3620ARLM1'","MBS","GNMA I MORTPASS 4% 10/40","30yr",,,,,"46079.36",,,,,,""
"2021-04-21","'3132A5HB4'","MBS","UMBS MORTPASS 3.5% 07/47","30yr",,,,,"46040.04",,,,,,""
"2021-04-21","'3138A45S0'","MBS","UMBS MORTPASS 3.5% 02/26","15yr",,,,,"45984.46",,,,,,""
"2021-04-21","'3138YSQF6'","MBS","UMBS MORTPASS 2.5% 06/30","15yr",,,,,"45917.66",,,,,,""
"2021-04-21","'3140H6VG1'","MBS","UMBS MORTPASS 4% 12/47","30yr",,,,,"45907.58",,,,,,""
"2021-04-21","'3138W9ZZ6'","MBS","UMBS MORTPASS 3% 10/28","15yr",,,,,"45851.18",,,,,,""
"2021-04-21","'31416NAU6'","MBS","UMBS MORTPASS 4% 03/24","15yr",,,,,"45844.31",,,,,,""
"2021-04-21","'31306YAG6'","MBS","FHLMCGLD 3% 11/22","15yr",,,,,"45828.81",,,,,,""
"2021-04-21","'3620AUSU9'","MBS","GNMA I MORTPASS 5% 03/40","30yr",,,,,"45805.94",,,,,,""
"2021-04-21","'36297BX48'","MBS","GNMA I 4.5% 02/39","30yr",,,,,"45795.82",,,,,,""
"2021-04-21","'3620A7DV4'","MBS","GNMA I MORTPASS 5% 01/40","30yr",,,,,"45780.97",,,,,,""
"2021-04-21","'3132JADY8'","MBS","FHLMCGLD 3.5% 06/43","30yr",,,,,"45733.26",,,,,,""
"2021-04-21","'3131YC6E1'","MBS","UMBS MORTPASS 4.5% 05/49","30yr",,,,,"45706.57",,,,,,""
"2021-04-21","'3140E9HP4'","MBS","UMBS MORTPASS 4% 12/45","30yr",,,,,"45702.56",,,,,,""
"2021-04-21","'3138WGA61'","MBS","UMBS MORTPASS 3.5% 12/45","30yr",,,,,"45686.23",,,,,,""
"2021-04-21","'3138YTMU5'","MBS","UMBS MORTPASS 2.5% 07/30","15yr",,,,,"45632.23",,,,,,""
"2021-04-21","'3140K0YG7'","MBS","UMBS MORTPASS 3% 01/50","30yr",,,,,"45608.37",,,,,,""
"2021-04-21","'3138XSCG0'","MBS","UMBS MORTPASS 4% 03/44","30yr",,,,,"45595.06",,,,,,""
"2021-04-21","'3140EBVZ1'","MBS","UMBS MORTPASS 3.5% 02/46","30yr",,,,,"45588.34",,,,,,""
"2021-04-21","'36179RD97'","MBS","GNMA II 4.5% 05/45","30yr",,,,,"45579.6",,,,,,""
"2021-04-21","'3620A24G8'","MBS","GNMA I 3.5% 12/41","30yr",,,,,"45575.64",,,,,,""
"2021-04-21","'36296QNZ8'","MBS","GNMA I MORTPASS 4% 01/39","30yr",,,,,"45562.78",,,,,,""
"2021-04-21","'3138WEPA1'","MBS","UMBS MORTPASS 3% 05/30","15yr",,,,,"45547.55",,,,,,""
"2021-04-21","'3138YP2C5'","MBS","UMBS MORTPASS 4% 05/45","30yr",,,,,"45538.83",,,,,,""
"2021-04-21","'36290SVN8'","MBS","GNMA I MORTPASS 5% 03/34","30yr",,,,,"45534.67",,,,,,""
"2021-04-21","'36177UYU2'","MBS","GNMA I 3.5% 10/42","30yr",,,,,"45496",,,,,,""
"2021-04-21","'31410LEX6'","MBS","UMBS MORTPASS 3% 11/26","15yr",,,,,"45492.32",,,,,,""
"2021-04-21","'3140HN5B4'","MBS","UMBS MORTPASS 4.5% 08/48","30yr",,,,,"45474.32",,,,,,""
"2021-04-21","'36200CXT7'","MBS","GNMA I MORTPASS 5% 07/33","30yr",,,,,"45461.21",,,,,,""
"2021-04-21","'36294WW20'","MBS","GNMA I MORTPASS 6% 12/38","30yr",,,,,"45409.31",,,,,,""
"2021-04-21","'36295VGQ6'","MBS","GNMA I MORTPASS 5% 11/38","30yr",,,,,"45384.42",,,,,,""
"2021-04-21","'3131X9R71'","MBS","UMBS MORTPASS 3% 08/28","15yr",,,,,"45378.51",,,,,,""
"2021-04-21","'3138EQU26'","MBS","UMBS MORTPASS 2.5% 11/30","15yr",,,,,"45364.42",,,,,,""
"2021-04-21","'36213SA88'","MBS","GNMA I MORTPASS 5% 03/34","30yr",,,,,"45339.03",,,,,,""
"2021-04-21","'3138A6Y20'","MBS","UMBS MORTPASS 3.5% 01/26","15yr",,,,,"45310.77",,,,,,""
"2021-04-21","'3138ASNZ1'","MBS","UMBS MORTPASS 3% 10/26","15yr",,,,,"45285.95",,,,,,""
"2021-04-21","'36297FLZ3'","MBS","GNMA I 4.5% 01/40","30yr",,,,,"45266",,,,,,""
"2021-04-21","'31307ULW6'","MBS","FHLMCGLD 3.5% 09/32","15yr",,,,,"45245.02",,,,,,""
"2021-04-21","'3133G7BU6'","MBS","UMBS MORTPASS 2.5% 11/34","15yr",,,,,"45231.94",,,,,,""
"2021-04-21","'3140H6F20'","MBS","UMBS MORTPASS 2.5% 01/33","15yr",,,,,"45211.53",,,,,,""
"2021-04-21","'31307PVG1'","MBS","FHLMCGLD 3% 12/30","15yr",,,,,"45198.4",,,,,,""
"2021-04-21","'31371LM71'","MBS","UMBS MORTPASS 5.5% 04/24","Other",,,,,"45196.7",,,,,,""
"2021-04-21","'3620A3D76'","MBS","GNMA I 4.5% 06/39","30yr",,,,,"45161.48",,,,,,""
"2021-04-21","'36176XFS3'","MBS","GNMA I MORTPASS 4% 03/42","30yr",,,,,"45138.01",,,,,,""
"2021-04-21","'3620ACAB0'","MBS","GNMA I MORTPASS 5% 03/40","30yr",,,,,"45045.14",,,,,,""
"2021-04-21","'36210B3X1'","MBS","GNMA I 4.5% 03/39","30yr",,,,,"45031.85",,,,,,""
"2021-04-21","'31418Q3B7'","MBS","UMBS MORTPASS 5.5% 04/40","30yr",,,,,"45024.36",,,,,,""
"2021-04-21","'3140FRNP6'","MBS","UMBS MORTPASS 2.5% 02/47","30yr",,,,,"45014.66",,,,,,""
"2021-04-21","'3138WJEN4'","MBS","UMBS MORTPASS 2.5% 11/31","15yr",,,,,"45003.01",,,,,,""
"2021-04-21","'3140F8UT2'","MBS","UMBS MORTPASS 2.5% 09/31","15yr",,,,,"44979.26",,,,,,""
"2021-04-21","'3128PQZX2'","MBS","FHLMCGLD 4% 02/25","15yr",,,,,"44971.7",,,,,,""
"2021-04-21","'3138AXCP4'","MBS","UMBS MORTPASS 3% 11/26","15yr",,,,,"44952.96",,,,,,""
"2021-04-21","'36290T6G9'","MBS","GNMA I 5.5% 04/37","30yr",,,,,"44945.39",,,,,,""
"2021-04-21","'36291KXU6'","MBS","GNMA I MORTPASS 6% 10/38","30yr",,,,,"44913.93",,,,,,""
"2021-04-21","'31415PCB2'","MBS","UMBS MORTPASS 5% 06/38","30yr",,,,,"44876.5",,,,,,""
"2021-04-21","'3128KWWE9'","MBS","FHLMCGLD 5.5% 06/37","30yr",,,,,"44852.8",,,,,,""
"2021-04-21","'3133KGN53'","MBS","UMBS MORTPASS 3.5% 02/49","30yr",,,,,"44810.59",,,,,,""
"2021-04-21","'36297HRZ3'","MBS","GNMA I MORTPASS 4% 06/39","30yr",,,,,"44808.37",,,,,,""
"2021-04-21","'31419JMC9'","MBS","UMBS MORTPASS 3.5% 11/40","30yr",,,,,"44801.81",,,,,,""
"2021-04-21","'3140HPVZ7'","MBS","UMBS MORTPASS 3% 10/33","15yr",,,,,"44773.95",,,,,,""
"2021-04-21","'3132KEC78'","MBS","FHLMCGLD 3.5% 02/25","15yr",,,,,"44747.24",,,,,,""
"2021-04-21","'3138NYAH8'","MBS","UMBS MORTPASS 3% 11/27","15yr",,,,,"44747.07",,,,,,""
"2021-04-21","'3128MMSZ7'","MBS","FHLMCGLD 3.5% 12/29","15yr",,,,,"44734.54",,,,,,""
"2021-04-21","'36295GRA2'","MBS","GNMA I MORTPASS 6% 04/39","30yr",,,,,"44733.36",,,,,,""
"2021-04-21","'36297H2C1'","MBS","GNMA I 4.5% 03/39","30yr",,,,,"44725.47",,,,,,""
"2021-04-21","'31414JLH4'","MBS","UMBS MORTPASS 5% 12/37","30yr",,,,,"44705.89",,,,,,""
"2021-04-21","'36176XP52'","MBS","GNMA I MORTPASS 4% 05/42","30yr",,,,,"44683.42",,,,,,""
"2021-04-21","'3138YXEQ4'","MBS","UMBS MORTPASS 3.5% 08/45","30yr",,,,,"44679.54",,,,,,""
"2021-04-21","'36230NUY9'","MBS","GNMA I MORTPASS 4% 09/41","30yr",,,,,"44672.76",,,,,,""
"2021-04-21","'31418CGE8'","MBS","UMBS MORTPASS 3.5% 02/47","30yr",,,,,"44656.9",,,,,,""
"2021-04-21","'36176P4P8'","MBS","GNMA I MORTPASS 4% 08/41","30yr",,,,,"44655.57",,,,,,""
"2021-04-21","'3140GUR25'","MBS","UMBS MORTPASS 3% 08/32","15yr",,,,,"44647.33",,,,,,""
"2021-04-21","'31307GAC3'","MBS","FHLMCGLD 3% 01/24","15yr",,,,,"44646.31",,,,,,""
"2021-04-21","'3620C5RC3'","MBS","GNMA I 3.5% 11/41","30yr",,,,,"44633.36",,,,,,""
"2021-04-21","'36213CZY9'","MBS","GNMA I 5.5% 12/35","30yr",,,,,"44604.19",,,,,,""
"2021-04-21","'36178QN32'","MBS","GNMA I MORTPASS 3% 06/43","30yr",,,,,"44546.66",,,,,,""
"2021-04-21","'3138X4QS2'","MBS","UMBS MORTPASS 2% 08/23","Other",,,,,"44484.97",,,,,,""
"2021-04-21","'36180E4E2'","MBS","GNMA I MORTPASS 3% 03/43","30yr",,,,,"44457.29",,,,,,""
"2021-04-21","'31329LAU6'","MBS","UMBS MORTPASS 2.5% 03/27","15yr",,,,,"44452.14",,,,,,""
"2021-04-21","'31307VXG6'","MBS","FHLMCGLD 3% 03/33","15yr",,,,,"44399.79",,,,,,""
"2021-04-21","'3132XXQJ1'","MBS","FHLMCGLD 4% 03/48","30yr",,,,,"44399.04",,,,,,""
"2021-04-21","'36176UR23'","MBS","GNMA I MORTPASS 4% 03/42","30yr",,,,,"44382.31",,,,,,""
"2021-04-21","'31418APG7'","MBS","UMBS MORTPASS 3% 01/23","Other",,,,,"44351.64",,,,,,""
"2021-04-21","'3138Y5BJ4'","MBS","UMBS MORTPASS 4% 09/44","30yr",,,,,"44347.32",,,,,,""
"2021-04-21","'31411HVH0'","MBS","UMBS MORTPASS 5.5% 04/37","30yr",,,,,"44317.76",,,,,,""
"2021-04-21","'3140FCTC2'","MBS","UMBS MORTPASS 3.5% 02/47","30yr",,,,,"44282.07",,,,,,""
"2021-04-21","'36202VE80'","MBS","GNMA I MORTPASS 5% 08/33","30yr",,,,,"44267.03",,,,,,""
"2021-04-21","'3140HHTS4'","MBS","UMBS MORTPASS 4% 05/48","30yr",,,,,"44213.54",,,,,,""
"2021-04-21","'31371LXW4'","MBS","UMBS MORTPASS 5.5% 11/24","Other",,,,,"44201.42",,,,,,""
"2021-04-21","'3132A7LV1'","MBS","UMBS MORTPASS 2.5% 02/28","15yr",,,,,"44162.95",,,,,,""
"2021-04-21","'31417CZZ1'","MBS","UMBS MORTPASS 2.5% 09/22","Other",,,,,"44131.96",,,,,,""
"2021-04-21","'3128MMKR3'","MBS","FHLMCGLD 4.5% 03/24","15yr",,,,,"44123.56",,,,,,""
"2021-04-21","'3128MMS61'","MBS","FHLMCGLD 2.5% 02/30","15yr",,,,,"44122.22",,,,,,""
"2021-04-21","'3132CWG24'","MBS","UMBS MORTPASS 3% 01/33","15yr",,,,,"44112.69",,,,,,""
"2021-04-21","'36294NCJ5'","MBS","GNMA I MORTPASS 6% 11/38","30yr",,,,,"44107.89",,,,,,""
"2021-04-21","'31418NG46'","MBS","UMBS MORTPASS 4% 01/25","15yr",,,,,"43956.89",,,,,,""
"2021-04-21","'3133KJE40'","MBS","UMBS MORTPASS 2.5% 06/50","30yr",,,,,"43894.14",,,,,,""
"2021-04-21","'36294XAK2'","MBS","GNMA I MORTPASS 5% 07/37","30yr",,,,,"43885.7",,,,,,""
"2021-04-21","'3140FBCU2'","MBS","UMBS MORTPASS 3.5% 07/31","15yr",,,,,"43880.51",,,,,,""
"2021-04-21","'31307U4V7'","MBS","FHLMCGLD 2.5% 11/32","15yr",,,,,"43842.93",,,,,,""
"2021-04-21","'3132D54F6'","MBS","UMBS MORTPASS 3.5% 12/34","15yr",,,,,"43697.94",,,,,,""
"2021-04-21","'3138XJYN1'","MBS","UMBS MORTPASS 2.5% 10/29","15yr",,,,,"43654.78",,,,,,""
"2021-04-21","'3140JGK53'","MBS","UMBS MORTPASS 4.5% 11/48","30yr",,,,,"43614.24",,,,,,""
"2021-04-21","'3132GKQN9'","MBS","FHLMCGLD 3.5% 11/41","30yr",,,,,"43526.4",,,,,,""
"2021-04-21","'36230MGN1'","MBS","GNMA I MORTPASS 4% 02/41","30yr",,,,,"43513.6",,,,,,""
"2021-04-21","'31410PEU3'","MBS","UMBS MORTPASS 6.5% 11/36","30yr",,,,,"43510.18",,,,,,""
"2021-04-21","'3128PRV48'","MBS","FHLMCGLD 4% 06/25","15yr",,,,,"43482.52",,,,,,""
"2021-04-21","'3140KKHN7'","MBS","UMBS MORTPASS 2.5% 08/50","30yr",,,,,"43468.93",,,,,,""
"2021-04-21","'31307PV63'","MBS","FHLMCGLD 2.5% 12/30","15yr",,,,,"43442.96",,,,,,""
"2021-04-21","'3138EMJY8'","MBS","UMBS MORTPASS 4% 10/32","Other",,,,,"43417.75",,,,,,""
"2021-04-21","'31307M2W5'","MBS","FHLMCGLD 3% 05/30","15yr",,,,,"43410.49",,,,,,""
"2021-04-21","'3138AYCZ0'","MBS","UMBS MORTPASS 3% 12/26","15yr",,,,,"43386.14",,,,,,""
"2021-04-21","'36290RZP1'","MBS","GNMA I MORTPASS 5% 09/33","30yr",,,,,"43205.69",,,,,,""
"2021-04-21","'31411U4M0'","MBS","UMBS MORTPASS 5.5% 03/37","30yr",,,,,"43186.15",,,,,,""
"2021-04-21","'3131X8XW1'","MBS","UMBS MORTPASS 2.5% 03/28","15yr",,,,,"43143.41",,,,,,""
"2021-04-21","'3131Y0SH6'","MBS","UMBS MORTPASS 3.5% 03/48","30yr",,,,,"43132.79",,,,,,""
"2021-04-21","'31418CCT9'","MBS","UMBS MORTPASS 2.5% 10/46","30yr",,,,,"43124.37",,,,,,""
"2021-04-21","'3138X3SW3'","MBS","UMBS MORTPASS 3% 08/28","15yr",,,,,"43121.1",,,,,,""
"2021-04-21","'36180J7L2'","MBS","GNMA I MORTPASS 3% 02/43","30yr",,,,,"43103.38",,,,,,""
"2021-04-21","'3138X4KY5'","MBS","UMBS MORTPASS 2.5% 09/28","15yr",,,,,"43092.69",,,,,,""
"2021-04-21","'312946LR5'","MBS","FHLMCGLD 4.5% 03/41","30yr",,,,,"43088.97",,,,,,""
"2021-04-21","'3128LBX78'","MBS","FHLMCGLD 5% 06/38","30yr",,,,,"43081.36",,,,,,""
"2021-04-21","'3138Y7EB4'","MBS","UMBS MORTPASS 2.5% 07/31","15yr",,,,,"43060.93",,,,,,""
"2021-04-21","'3140FMJT4'","MBS","UMBS MORTPASS 2.5% 11/31","15yr",,,,,"43054.78",,,,,,""
"2021-04-21","'3138ATJJ0'","MBS","UMBS MORTPASS 3% 10/26","15yr",,,,,"43046.5",,,,,,""
"2021-04-21","'36296S5D3'","MBS","GNMA I MORTPASS 5% 02/39","30yr",,,,,"43042.58",,,,,,""
"2021-04-21","'31307PWL9'","MBS","FHLMCGLD 3.5% 11/30","15yr",,,,,"43016.94",,,,,,""
"2021-04-21","'3131XBUE7'","MBS","UMBS MORTPASS 3% 09/29","15yr",,,,,"42972.78",,,,,,""
"2021-04-21","'3128PWN87'","MBS","FHLMCGLD 3% 09/21","15yr",,,,,"42970.62",,,,,,""
"2021-04-21","'3132GTA23'","MBS","FHLMCGLD 3.5% 04/42","30yr",,,,,"42961.89",,,,,,""
"2021-04-21","'36230MHV2'","MBS","GNMA I MORTPASS 4% 05/41","30yr",,,,,"42933.65",,,,,,""
"2021-04-21","'31418P6Y6'","MBS","UMBS MORTPASS 4.5% 04/25","15yr",,,,,"42911.5",,,,,,""
"2021-04-21","'3620A85T6'","MBS","GNMA I 5.5% 08/39","30yr",,,,,"42896.2",,,,,,""
"2021-04-21","'31415LSK4'","MBS","UMBS MORTPASS 5% 04/38","30yr",,,,,"42865.58",,,,,,""
"2021-04-21","'36176JF70'","MBS","GNMA I MORTPASS 4% 02/42","30yr",,,,,"42759.7",,,,,,""
"2021-04-21","'3140E2HF1'","MBS","UMBS MORTPASS 4% 10/45","30yr",,,,,"42746.48",,,,,,""
"2021-04-21","'3128MEXW6'","MBS","FHLMCGLD 3% 10/30","15yr",,,,,"42743.43",,,,,,""
"2021-04-21","'3140QBTM0'","MBS","UMBS MORTPASS 3.5% 02/48","30yr",,,,,"42654.17",,,,,,""
"2021-04-21","'31294MAK7'","MBS","FHLMCGLD 4% 08/25","15yr",,,,,"42646.04",,,,,,""
"2021-04-21","'3128MJYK0'","MBS","FHLMCGLD 4.5% 06/46","30yr",,,,,"42645.02",,,,,,""
"2021-04-21","'36177VB68'","MBS","GNMA I 3.5% 03/42","30yr",,,,,"42642.13",,,,,,""
"2021-04-21","'31307GR76'","MBS","FHLMCGLD 3.5% 03/29","15yr",,,,,"42602.25",,,,,,""
"2021-04-21","'36202DXR7'","MBS","GNMA II 4.5% 05/33","30yr",,,,,"42601.39",,,,,,""
"2021-04-21","'3620C5E52'","MBS","GNMA I MORTPASS 4% 12/40","30yr",,,,,"42600.04",,,,,,""
"2021-04-21","'31416HVX0'","MBS","UMBS MORTPASS 4% 04/24","15yr",,,,,"42581.08",,,,,,""
"2021-04-21","'3140GXCH2'","MBS","UMBS MORTPASS 4.5% 08/47","30yr",,,,,"42577.13",,,,,,""
"2021-04-21","'31417YEQ6'","MBS","UMBS MORTPASS 4% 08/29","Other",,,,,"42575.55",,,,,,""
"2021-04-21","'3138WABK2'","MBS","UMBS MORTPASS 2.5% 11/28","15yr",,,,,"42556.57",,,,,,""
"2021-04-21","'3138YNDY0'","MBS","UMBS MORTPASS 4% 05/45","30yr",,,,,"42533.64",,,,,,""
"2021-04-21","'3131X8JK3'","MBS","UMBS MORTPASS 2.5% 12/27","15yr",,,,,"42468.44",,,,,,""
"2021-04-21","'31371LDV8'","MBS","UMBS MORTPASS 5.5% 09/23","Other",,,,,"42416.11",,,,,,""
"2021-04-21","'3131YCMA1'","MBS","UMBS MORTPASS 3.5% 03/49","30yr",,,,,"42376.13",,,,,,""
"2021-04-21","'31329JQW0'","MBS","UMBS MORTPASS 4% 12/43","30yr",,,,,"42359.99",,,,,,""
"2021-04-21","'3128PMRD4'","MBS","FHLMCGLD 4.5% 04/24","15yr",,,,,"42343.4",,,,,,""
"2021-04-21","'312938WQ2'","MBS","FHLMCGLD 4% 01/40","30yr",,,,,"42334.26",,,,,,""
"2021-04-21","'36297KL74'","MBS","GNMA I 4.5% 04/39","30yr",,,,,"42316.06",,,,,,""
"2021-04-21","'3128PQG21'","MBS","FHLMCGLD 4% 10/24","15yr",,,,,"42222.46",,,,,,""
"2021-04-21","'3140HHEE1'","MBS","UMBS MORTPASS 3% 04/48","30yr",,,,,"42205.51",,,,,,""
"2021-04-21","'3128MBS81'","MBS","FHLMCGLD 5.5% 02/23","15yr",,,,,"42177.66",,,,,,""
"2021-04-21","'31374CK54'","MBS","UMBS MORTPASS 6% 04/37","30yr",,,,,"42130.86",,,,,,""
"2021-04-21","'3140F2EK2'","MBS","UMBS MORTPASS 2.5% 04/46","30yr",,,,,"42083.1",,,,,,""
"2021-04-21","'3131XAK91'","MBS","UMBS MORTPASS 3% 05/29","15yr",,,,,"42072.18",,,,,,""
"2021-04-21","'3131X6WE6'","MBS","UMBS MORTPASS 3% 06/21","Other",,,,,"42057",,,,,,""
"2021-04-21","'312938WU3'","MBS","FHLMCGLD 4.5% 01/40","30yr",,,,,"42052.77",,,,,,""
"2021-04-21","'3138WFLK0'","MBS","UMBS MORTPASS 3% 09/30","15yr",,,,,"42033.86",,,,,,""
"2021-04-21","'3128MDUF8'","MBS","FHLMCGLD 3.5% 10/23","15yr",,,,,"42022.2",,,,,,""
"2021-04-21","'36297HPJ1'","MBS","GNMA I 4.5% 05/39","30yr",,,,,"41948",,,,,,""
"2021-04-21","'36290QAG0'","MBS","GNMA I MORTPASS 5% 10/33","30yr",,,,,"41941.95",,,,,,""
"2021-04-21","'3138W1LP0'","MBS","UMBS MORTPASS 2.5% 03/28","15yr",,,,,"41887.97",,,,,,""
"2021-04-21","'3131X8B62'","MBS","UMBS MORTPASS 2% 10/22","Other",,,,,"41880.42",,,,,,""
"2021-04-21","'31410DB82'","MBS","UMBS MORTPASS 6.5% 06/36","30yr",,,,,"41869.8",,,,,,""
"2021-04-21","'36290R2Q5'","MBS","GNMA I MORTPASS 5% 09/33","30yr",,,,,"41857.89",,,,,,""
"2021-04-21","'36297ENM3'","MBS","GNMA I MORTPASS 5% 04/39","30yr",,,,,"41851.32",,,,,,""
"2021-04-21","'31371LHF9'","MBS","UMBS MORTPASS 5.5% 12/23","Other",,,,,"41832.41",,,,,,""
"2021-04-21","'3140X42G0'","MBS","UMBS MORTPASS 3% 09/34","15yr",,,,,"41807.03",,,,,,""
"2021-04-21","'36292FSX6'","MBS","GNMA I MORTPASS 5% 08/35","30yr",,,,,"41791.72",,,,,,""
"2021-04-21","'31417WRC7'","MBS","UMBS MORTPASS 4% 12/24","15yr",,,,,"41785.97",,,,,,""
"2021-04-21","'36295NTT4'","MBS","GNMA I MORTPASS 5% 11/38","30yr",,,,,"41763.9",,,,,,""
"2021-04-21","'31292LK95'","MBS","FHLMCGLD 3.5% 05/42","30yr",,,,,"41753.68",,,,,,""
"2021-04-21","'31418CS96'","MBS","UMBS MORTPASS 3.5% 01/38","Other",,,,,"41694.62",,,,,,""
"2021-04-21","'3138ED5H0'","MBS","UMBS MORTPASS 3% 04/27","15yr",,,,,"41691.25",,,,,,""
"2021-04-21","'3138WKLG8'","MBS","UMBS MORTPASS 3% 03/32","15yr",,,,,"41683.74",,,,,,""
"2021-04-21","'36177PLX1'","MBS","GNMA I 3.5% 01/42","30yr",,,,,"41680.01",,,,,,""
"2021-04-21","'36294UVP4'","MBS","GNMA I MORTPASS 4% 05/42","30yr",,,,,"41631.05",,,,,,""
"2021-04-21","'3128PQBZ3'","MBS","FHLMCGLD 4.5% 10/24","15yr",,,,,"41627.7",,,,,,""
"2021-04-21","'3128KEZ55'","MBS","FHLMCGLD 6.5% 09/36","30yr",,,,,"41623.3",,,,,,""
"2021-04-21","'3131XCET0'","MBS","UMBS MORTPASS 2.5% 09/31","15yr",,,,,"41590.56",,,,,,""
"2021-04-21","'3138YUCG4'","MBS","UMBS MORTPASS 2.5% 06/30","15yr",,,,,"41561.96",,,,,,""
"2021-04-21","'3138X6WU5'","MBS","UMBS MORTPASS 3% 10/28","15yr",,,,,"41554.87",,,,,,""
"2021-04-21","'31408B5L8'","MBS","UMBS MORTPASS 6.5% 01/36","30yr",,,,,"41553.97",,,,,,""
"2021-04-21","'3132JASV8'","MBS","FHLMCGLD 4% 06/43","30yr",,,,,"41549.6",,,,,,""
"2021-04-21","'3140JNYX2'","MBS","UMBS MORTPASS 4.5% 02/49","30yr",,,,,"41528.91",,,,,,""
"2021-04-21","'3132WFET2'","MBS","FHLMCGLD 4.5% 07/46","30yr",,,,,"41526.35",,,,,,""
"2021-04-21","'3131Y03K6'","MBS","UMBS MORTPASS 4% 04/48","30yr",,,,,"41525.42",,,,,,""
"2021-04-21","'3138W5SK5'","MBS","UMBS MORTPASS 2.5% 02/28","15yr",,,,,"41497.38",,,,,,""
"2021-04-21","'3140JMG22'","MBS","UMBS MORTPASS 4.5% 02/49","30yr",,,,,"41493.83",,,,,,""
"2021-04-21","'36295BBE2'","MBS","GNMA I 5.5% 04/37","30yr",,,,,"41478.69",,,,,,""
"2021-04-21","'3138WHSK9'","MBS","UMBS MORTPASS 3.5% 08/31","15yr",,,,,"41469.43",,,,,,""
"2021-04-21","'36294WY44'","MBS","GNMA I MORTPASS 6% 04/37","30yr",,,,,"41408.5",,,,,,""
"2021-04-21","'31410LR79'","MBS","UMBS MORTPASS 3% 02/31","15yr",,,,,"41359.79",,,,,,""
"2021-04-21","'31417BRK5'","MBS","UMBS MORTPASS 2% 04/27","15yr",,,,,"41354.41",,,,,,""
"2021-04-21","'31306YZD6'","MBS","FHLMCGLD 2.5% 12/22","15yr",,,,,"41352.3",,,,,,""
"2021-04-21","'3132FCC37'","MBS","FHLMCGLD 4.5% 09/44","30yr",,,,,"41343.74",,,,,,""
"2021-04-21","'36202WEL9'","MBS","GNMA I MORTPASS 5% 11/33","30yr",,,,,"41324.69",,,,,,""
"2021-04-21","'3131Y1ZD5'","MBS","UMBS MORTPASS 4% 06/48","30yr",,,,,"41304.63",,,,,,""
"2021-04-21","'3128MJX47'","MBS","FHLMCGLD 3.5% 03/46","30yr",,,,,"41291.07",,,,,,""
"2021-04-21","'36297GSZ4'","MBS","GNMA I MORTPASS 3% 03/42","30yr",,,,,"41279.03",,,,,,""
"2021-04-21","'31416YX37'","MBS","UMBS MORTPASS 3% 08/21","Other",,,,,"41239.42",,,,,,""
"2021-04-21","'31307MHJ8'","MBS","FHLMCGLD 2.5% 03/25","15yr",,,,,"41225.89",,,,,,""
"2021-04-21","'3128PMKP4'","MBS","FHLMCGLD 4.5% 02/24","15yr",,,,,"41222.74",,,,,,""
"2021-04-21","'3140EWEL5'","MBS","UMBS MORTPASS 3.5% 02/31","15yr",,,,,"41207.08",,,,,,""
"2021-04-21","'3138XGCN1'","MBS","UMBS MORTPASS 3.5% 03/29","15yr",,,,,"41203.98",,,,,,""
"2021-04-21","'36176PR24'","MBS","GNMA I 3.5% 12/41","30yr",,,,,"41176.28",,,,,,""
"2021-04-21","'3140JN4Q0'","MBS","UMBS MORTPASS 3.5% 04/49","30yr",,,,,"41159.76",,,,,,""
"2021-04-21","'3128P7TX1'","MBS","FHLMCGLD 3% 07/32","Other",,,,,"41122.7",,,,,,""
"2021-04-21","'31416L4Q6'","MBS","UMBS MORTPASS 4.5% 02/24","15yr",,,,,"41091.64",,,,,,""
"2021-04-21","'36297G3Y4'","MBS","GNMA I 4.5% 03/39","30yr",,,,,"41064.69",,,,,,""
"2021-04-21","'3138NYHV0'","MBS","UMBS MORTPASS 2.5% 01/28","15yr",,,,,"41054.18",,,,,,""
"2021-04-21","'31419G6J8'","MBS","UMBS MORTPASS 3% 10/25","15yr",,,,,"40985.36",,,,,,""
"2021-04-21","'3138XMQC7'","MBS","UMBS MORTPASS 3.5% 03/29","15yr",,,,,"40974.24",,,,,,""
"2021-04-21","'31417VXA6'","MBS","UMBS MORTPASS 4% 12/24","15yr",,,,,"40972.8",,,,,,""
"2021-04-21","'36296ML22'","MBS","GNMA I MORTPASS 5% 09/38","30yr",,,,,"40914.88",,,,,,""
"2021-04-21","'36295WET0'","MBS","GNMA I MORTPASS 5% 11/39","30yr",,,,,"40908.01",,,,,,""
"2021-04-21","'36209VLE2'","MBS","GNMA I MORTPASS 6% 11/28","30yr",,,,,"40884.5",,,,,,""
"2021-04-21","'3128MECV1'","MBS","FHLMCGLD 3% 02/30","15yr",,,,,"40868.92",,,,,,""
"2021-04-21","'36207WLB8'","MBS","GNMA I MORTPASS 5% 04/40","30yr",,,,,"40867.01",,,,,,""
"2021-04-21","'3620A54C0'","MBS","GNMA I MORTPASS 4% 09/41","30yr",,,,,"40840.76",,,,,,""
"2021-04-21","'31417CR56'","MBS","UMBS MORTPASS 3% 08/27","15yr",,,,,"40836.76",,,,,,""
"2021-04-21","'3138XYQJ6'","MBS","UMBS MORTPASS 3.5% 08/44","30yr",,,,,"40831.33",,,,,,""
"2021-04-21","'36202EJT7'","MBS","GNMA II 4.5% 07/36","30yr",,,,,"40821.69",,,,,,""
"2021-04-21","'3131YC3U8'","MBS","UMBS MORTPASS 4% 05/49","30yr",,,,,"40813.55",,,,,,""
"2021-04-21","'3132D55P3'","MBS","UMBS MORTPASS 3% 07/35","15yr",,,,,"40791.35",,,,,,""
"2021-04-21","'3138WQS60'","MBS","UMBS MORTPASS 2.5% 06/28","15yr",,,,,"40781.94",,,,,,""
"2021-04-21","'312931A99'","MBS","FHLMCGLD 5% 02/39","30yr",,,,,"40760.4",,,,,,""
"2021-04-21","'3132M5VZ2'","MBS","FHLMCGLD 4.5% 03/44","30yr",,,,,"40758.55",,,,,,""
"2021-04-21","'3132JMGP8'","MBS","FHLMCGLD 3.5% 07/43","30yr",,,,,"40738.21",,,,,,""
"2021-04-21","'31404BNC2'","MBS","UMBS MORTPASS 6% 01/34","30yr",,,,,"40702.31",,,,,,""
"2021-04-21","'3138WKUZ6'","MBS","UMBS MORTPASS 4% 04/47","30yr",,,,,"40688.66",,,,,,""
"2021-04-21","'3128PP3N1'","MBS","FHLMCGLD 4.5% 10/24","15yr",,,,,"40681.97",,,,,,""
"2021-04-21","'31417YFB8'","MBS","UMBS MORTPASS 6% 07/39","30yr",,,,,"40656.28",,,,,,""
"2021-04-21","'3138WHJ29'","MBS","UMBS MORTPASS 2% 07/31","15yr",,,,,"40637.45",,,,,,""
"2021-04-21","'36292GZP3'","MBS","GNMA I MORTPASS 5% 10/35","30yr",,,,,"40629.76",,,,,,""
"2021-04-21","'36297C4M8'","MBS","GNMA I 4.5% 02/39","30yr",,,,,"40600.55",,,,,,""
"2021-04-21","'3138X9M22'","MBS","UMBS MORTPASS 3.5% 11/23","Other",,,,,"40584.47",,,,,,""
"2021-04-21","'3132KFAB8'","MBS","FHLMCGLD 2.5% 08/30","15yr",,,,,"40583.27",,,,,,""
"2021-04-21","'3140GVWA9'","MBS","UMBS MORTPASS 3.5% 08/47","30yr",,,,,"40583.24",,,,,,""
"2021-04-21","'36202ES83'","MBS","GNMA II MORTPASS 5% 05/38","30yr",,,,,"40546.64",,,,,,""
"2021-04-21","'3138XU2X9'","MBS","UMBS MORTPASS 3.5% 05/29","15yr",,,,,"40536.74",,,,,,""
"2021-04-21","'3131XYQ36'","MBS","UMBS MORTPASS 4% 12/47","30yr",,,,,"40490.76",,,,,,""
"2021-04-21","'3128MMRY1'","MBS","FHLMCGLD 3% 02/29","15yr",,,,,"40486.14",,,,,,""
"2021-04-21","'3138ECGT4'","MBS","UMBS MORTPASS 3% 03/27","15yr",,,,,"40445.16",,,,,,""
"2021-04-21","'3138NYG66'","MBS","UMBS MORTPASS 3.5% 02/43","30yr",,,,,"40436.71",,,,,,""
"2021-04-21","'3138XYH56'","MBS","UMBS MORTPASS 3% 09/29","15yr",,,,,"40414.42",,,,,,""
"2021-04-21","'36296EDA1'","MBS","GNMA I 5.5% 06/38","30yr",,,,,"40380.45",,,,,,""
"2021-04-21","'3620A9A68'","MBS","GNMA I MORTPASS 5% 12/39","30yr",,,,,"40340.97",,,,,,""
"2021-04-21","'3128MMLS0'","MBS","FHLMCGLD 4% 01/25","15yr",,,,,"40336.4",,,,,,""
"2021-04-21","'3620AL4K7'","MBS","GNMA I MORTPASS 4% 12/40","30yr",,,,,"40313.03",,,,,,""
"2021-04-21","'3138M6RD1'","MBS","UMBS MORTPASS 2.5% 07/27","15yr",,,,,"40289.13",,,,,,""
"2021-04-21","'31417GWY8'","MBS","UMBS MORTPASS 3% 06/43","30yr",,,,,"40248.98",,,,,,""
"2021-04-21","'3138E1BZ9'","MBS","UMBS MORTPASS 3% 12/26","15yr",,,,,"40230.05",,,,,,""
"2021-04-21","'3620AEMV9'","MBS","GNMA I 4.5% 09/39","30yr",,,,,"40220.03",,,,,,""
"2021-04-21","'3138WF2G0'","MBS","UMBS MORTPASS 3.5% 11/30","15yr",,,,,"40217.72",,,,,,""
"2021-04-21","'3138XZMN8'","MBS","UMBS MORTPASS 2.5% 02/30","15yr",,,,,"40209.14",,,,,,""
"2021-04-21","'36297JKC7'","MBS","GNMA I 4.5% 04/39","30yr",,,,,"40183.38",,,,,,""
"2021-04-21","'3620A7WV3'","MBS","GNMA I 4.5% 08/39","30yr",,,,,"40161.19",,,,,,""
"2021-04-21","'31417CRL1'","MBS","UMBS MORTPASS 3% 08/27","15yr",,,,,"40152.04",,,,,,""
"2021-04-21","'3132A7EW7'","MBS","UMBS MORTPASS 3% 03/22","Other",,,,,"40137.14",,,,,,""
"2021-04-21","'3140X6UM1'","MBS","UMBS MORTPASS 2.5% 05/50","30yr",,,,,"40128.43",,,,,,""
"2021-04-21","'36202EL98'","MBS","GNMA II MORTPASS 5% 02/37","30yr",,,,,"40086.64",,,,,,""
"2021-04-21","'31418CLY8'","MBS","UMBS MORTPASS 2.5% 06/32","15yr",,,,,"40080.98",,,,,,""
"2021-04-21","'36202DWT4'","MBS","GNMA II 4.5% 03/33","30yr",,,,,"40055.25",,,,,,""
"2021-04-21","'3128PMSY7'","MBS","FHLMCGLD 4% 04/24","15yr",,,,,"40034.21",,,,,,""
"2021-04-21","'3140QBW53'","MBS","UMBS MORTPASS 3% 09/34","15yr",,,,,"40018.27",,,,,,""
"2021-04-21","'31335H2L6'","MBS","FHLMCGLD 5% 01/24","Other",,,,,"39990.28",,,,,,""
"2021-04-21","'3138WFHA7'","MBS","UMBS MORTPASS 3% 08/30","15yr",,,,,"39982.15",,,,,,""
"2021-04-21","'3128MDXD0'","MBS","FHLMCGLD 3% 11/23","15yr",,,,,"39946.31",,,,,,""
"2021-04-21","'31307H5X1'","MBS","FHLMCGLD 2.5% 08/29","15yr",,,,,"39937.38",,,,,,""
"2021-04-21","'3138WEGR4'","MBS","UMBS MORTPASS 3.5% 04/45","30yr",,,,,"39929.74",,,,,,""
"2021-04-21","'31335HX81'","MBS","FHLMCGLD 4% 07/23","Other",,,,,"39907.38",,,,,,""
"2021-04-21","'3138EKVV4'","MBS","UMBS MORTPASS 2.5% 04/23","Other",,,,,"39897.02",,,,,,""
"2021-04-21","'3128MBXK8'","MBS","FHLMCGLD 5.5% 04/23","15yr",,,,,"39883.11",,,,,,""
"2021-04-21","'31417YN52'","MBS","UMBS MORTPASS 4% 05/30","Other",,,,,"39882.83",,,,,,""
"2021-04-21","'3138YXLC7'","MBS","UMBS MORTPASS 3.5% 09/30","15yr",,,,,"39878.88",,,,,,""
"2021-04-21","'36176L5Q4'","MBS","GNMA I MORTPASS 4% 09/41","30yr",,,,,"39866.52",,,,,,""
"2021-04-21","'3620AHE33'","MBS","GNMA I MORTPASS 4% 12/39","30yr",,,,,"39840.35",,,,,,""
"2021-04-21","'3138WCFY4'","MBS","UMBS MORTPASS 3.5% 07/29","15yr",,,,,"39824.79",,,,,,""
"2021-04-21","'3128KKEM7'","MBS","FHLMCGLD 5% 01/37","30yr",,,,,"39796.45",,,,,,""
"2021-04-21","'31307RLW3'","MBS","FHLMCGLD 2% 08/31","15yr",,,,,"39775.83",,,,,,""
"2021-04-21","'36295RWD6'","MBS","GNMA I 4.5% 11/39","30yr",,,,,"39754.9",,,,,,""
"2021-04-21","'36296TD91'","MBS","GNMA I MORTPASS 5% 03/39","30yr",,,,,"39674.38",,,,,,""
"2021-04-21","'3128PMSW1'","MBS","FHLMCGLD 4% 04/24","15yr",,,,,"39671.72",,,,,,""
"2021-04-21","'3140QGA80'","MBS","UMBS MORTPASS 2.5% 12/50","30yr",,,,,"39542.13",,,,,,""
"2021-04-21","'31417MTF0'","MBS","UMBS MORTPASS 4% 09/39","30yr",,,,,"39517.66",,,,,,""
"2021-04-21","'3128MMVJ9'","MBS","FHLMCGLD 2% 09/31","15yr",,,,,"39492.09",,,,,,""
"2021-04-21","'31307RUQ6'","MBS","FHLMCGLD 2.5% 08/26","15yr",,,,,"39471.75",,,,,,""
"2021-04-21","'36296QYH6'","MBS","GNMA I MORTPASS 4% 05/39","30yr",,,,,"39404.99",,,,,,""
"2021-04-21","'3140Q8YR0'","MBS","UMBS MORTPASS 2.5% 03/33","15yr",,,,,"39376.67",,,,,,""
"2021-04-21","'3138WW5K1'","MBS","UMBS MORTPASS 3% 06/28","15yr",,,,,"39312.07",,,,,,""
"2021-04-21","'3138EN3M9'","MBS","UMBS MORTPASS 3.5% 07/28","15yr",,,,,"39233.35",,,,,,""
"2021-04-21","'3128KKQX0'","MBS","FHLMCGLD 5.5% 01/37","30yr",,,,,"39230.64",,,,,,""
"2021-04-21","'3131YBJH2'","MBS","UMBS MORTPASS 4% 04/49","30yr",,,,,"39227.89",,,,,,""
"2021-04-21","'3138WCPN7'","MBS","UMBS MORTPASS 3.5% 08/29","15yr",,,,,"39227.22",,,,,,""
"2021-04-21","'3620AG2B0'","MBS","GNMA I MORTPASS 5% 03/40","30yr",,,,,"39202.42",,,,,,""
"2021-04-21","'31418BX84'","MBS","UMBS MORTPASS 3.5% 12/25","Other",,,,,"39197.75",,,,,,""
"2021-04-21","'3132QTW69'","MBS","FHLMCGLD 3.5% 10/45","30yr",,,,,"39185.43",,,,,,""
"2021-04-21","'3128P7P49'","MBS","FHLMCGLD 4% 11/30","Other",,,,,"39172.04",,,,,,""
"2021-04-21","'312944PM7'","MBS","FHLMCGLD 4.5% 12/40","30yr",,,,,"39060.1",,,,,,""
"2021-04-21","'31417G4B9'","MBS","UMBS MORTPASS 2.5% 07/28","15yr",,,,,"39054.16",,,,,,""
"2021-04-21","'36297GRK8'","MBS","GNMA I 3.5% 09/41","30yr",,,,,"39047.94",,,,,,""
"2021-04-21","'36230MKE6'","MBS","GNMA I MORTPASS 4% 09/41","30yr",,,,,"39044.29",,,,,,""
"2021-04-21","'31307N5N0'","MBS","FHLMCGLD 3.5% 08/30","15yr",,,,,"39040.54",,,,,,""
"2021-04-21","'3140HJSF9'","MBS","UMBS MORTPASS 4% 06/48","30yr",,,,,"39034.96",,,,,,""
"2021-04-21","'36209RYC1'","MBS","GNMA I MORTPASS 4% 10/41","30yr",,,,,"38969.48",,,,,,""
"2021-04-21","'3138X2TZ7'","MBS","UMBS MORTPASS 3.5% 08/43","30yr",,,,,"38969.4",,,,,,""
"2021-04-21","'3138WDJ85'","MBS","UMBS MORTPASS 2.5% 11/24","Other",,,,,"38955.41",,,,,,""
"2021-04-21","'3132A9LL9'","MBS","UMBS MORTPASS 3% 05/26","15yr",,,,,"38916.95",,,,,,""
"2021-04-21","'3140QFBK4'","MBS","UMBS MORTPASS 2.5% 10/50","30yr",,,,,"38906.56",,,,,,""
"2021-04-21","'31415VHD0'","MBS","UMBS MORTPASS 5.5% 09/38","30yr",,,,,"38868.85",,,,,,""
"2021-04-21","'3140F43E4'","MBS","UMBS MORTPASS 2.5% 05/31","15yr",,,,,"38831.78",,,,,,""
"2021-04-21","'36291XZ36'","MBS","GNMA I MORTPASS 4% 09/41","30yr",,,,,"38812.95",,,,,,""
"2021-04-21","'3620ADBT8'","MBS","GNMA I MORTPASS 5% 10/39","30yr",,,,,"38740.69",,,,,,""
"2021-04-21","'3138Y86U9'","MBS","UMBS MORTPASS 3% 12/29","15yr",,,,,"38719.55",,,,,,""
"2021-04-21","'3131Y3JX5'","MBS","UMBS MORTPASS 3.5% 09/48","30yr",,,,,"38665.34",,,,,,""
"2021-04-21","'3128MMTF0'","MBS","FHLMCGLD 2.5% 04/30","15yr",,,,,"38655.76",,,,,,""
"2021-04-21","'3138XMKM1'","MBS","UMBS MORTPASS 3.5% 02/29","15yr",,,,,"38625.93",,,,,,""
"2021-04-21","'3138YTMZ4'","MBS","UMBS MORTPASS 3% 08/30","15yr",,,,,"38624",,,,,,""
"2021-04-21","'3138WFQ25'","MBS","UMBS MORTPASS 2.5% 09/30","15yr",,,,,"38616.41",,,,,,""
"2021-04-21","'3620AQT86'","MBS","GNMA I MORTPASS 4% 06/40","30yr",,,,,"38600.7",,,,,,""
"2021-04-21","'3131X7F37'","MBS","UMBS MORTPASS 3% 12/21","Other",,,,,"38575.17",,,,,,""
"2021-04-21","'3138WQPE6'","MBS","UMBS MORTPASS 2.5% 04/28","15yr",,,,,"38561.08",,,,,,""
"2021-04-21","'31415REW0'","MBS","UMBS MORTPASS 6.5% 07/38","30yr",,,,,"38560.57",,,,,,""
"2021-04-21","'3128PSET0'","MBS","FHLMCGLD 3.5% 08/25","15yr",,,,,"38552.1",,,,,,""
"2021-04-21","'3133AC5F1'","MBS","UMBS MORTPASS 2% 12/50","30yr",,,,,"38542.08",,,,,,""
"2021-04-21","'3128MMJ79'","MBS","FHLMCGLD 4.5% 09/23","15yr",,,,,"38490.66",,,,,,""
"2021-04-21","'3140KLN57'","MBS","UMBS MORTPASS 2% 08/50","30yr",,,,,"38456.09",,,,,,""
"2021-04-21","'36181NPG3'","MBS","GNMA I MORTPASS 4% 10/43","30yr",,,,,"38455.35",,,,,,""
"2021-04-21","'3140J8ZE6'","MBS","UMBS MORTPASS 3% 03/47","30yr",,,,,"38389.01",,,,,,""
"2021-04-21","'36296BHG0'","MBS","GNMA I MORTPASS 6% 04/38","30yr",,,,,"38364.39",,,,,,""
"2021-04-21","'3133GAK47'","MBS","UMBS MORTPASS 1.5% 10/35","15yr",,,,,"38337.68",,,,,,""
"2021-04-21","'3138WCLM3'","MBS","UMBS MORTPASS 3.5% 08/44","30yr",,,,,"38324.1",,,,,,""
"2021-04-21","'3140HP2K2'","MBS","UMBS MORTPASS 4% 09/48","30yr",,,,,"38245.87",,,,,,""
"2021-04-21","'3138Y4WV7'","MBS","UMBS MORTPASS 2.5% 12/30","15yr",,,,,"38244.35",,,,,,""
"2021-04-21","'3128PMGP9'","MBS","FHLMCGLD 5% 01/24","15yr",,,,,"38229.81",,,,,,""
"2021-04-21","'3128PT7F6'","MBS","FHLMCGLD 4% 02/26","15yr",,,,,"38219.31",,,,,,""
"2021-04-21","'3140JV6C1'","MBS","UMBS MORTPASS 4.5% 07/49","30yr",,,,,"38175.01",,,,,,""
"2021-04-21","'3128PQGY1'","MBS","FHLMCGLD 5% 11/24","15yr",,,,,"38086.95",,,,,,""
"2021-04-21","'3138A8V45'","MBS","UMBS MORTPASS 3.5% 02/26","15yr",,,,,"38079.68",,,,,,""
"2021-04-21","'3128L5X97'","MBS","FHLMCGLD 5% 02/38","30yr",,,,,"38077.38",,,,,,""
"2021-04-21","'3140EUE70'","MBS","UMBS MORTPASS 3.5% 01/46","30yr",,,,,"38076.61",,,,,,""
"2021-04-21","'36295AKF1'","MBS","GNMA I MORTPASS 5% 10/39","30yr",,,,,"38026.78",,,,,,""
"2021-04-21","'36211LE65'","MBS","GNMA I MORTPASS 4% 11/41","30yr",,,,,"38007.87",,,,,,""
"2021-04-21","'3128PQVF5'","MBS","FHLMCGLD 4.5% 01/25","15yr",,,,,"37997.43",,,,,,""
"2021-04-21","'3131X75U8'","MBS","UMBS MORTPASS 2.5% 09/27","15yr",,,,,"37994.96",,,,,,""
"2021-04-21","'3620C5NE3'","MBS","GNMA I MORTPASS 4% 08/41","30yr",,,,,"37990.07",,,,,,""
"2021-04-21","'3620A9YX3'","MBS","GNMA I 4.5% 12/39","30yr",,,,,"37976.45",,,,,,""
"2021-04-21","'31335NCU2'","MBS","FHLMCGLD 3% 04/32","Other",,,,,"37938.04",,,,,,""
"2021-04-21","'3140X5ZQ9'","MBS","UMBS MORTPASS 2.5% 07/33","15yr",,,,,"37935.03",,,,,,""
"2021-04-21","'3620AGZW8'","MBS","GNMA I MORTPASS 5% 03/40","30yr",,,,,"37932.76",,,,,,""
"2021-04-21","'36291BQW0'","MBS","GNMA I MORTPASS 5% 01/34","30yr",,,,,"37899.87",,,,,,""
"2021-04-21","'31307M2M7'","MBS","FHLMCGLD 2.5% 05/30","15yr",,,,,"37832.28",,,,,,""
"2021-04-21","'36296AQM9'","MBS","GNMA I 4.5% 04/39","30yr",,,,,"37802.7",,,,,,""
"2021-04-21","'3138NXKJ5'","MBS","UMBS MORTPASS 3% 01/43","30yr",,,,,"37782.84",,,,,,""
"2021-04-21","'3140EVLE5'","MBS","UMBS MORTPASS 2.5% 12/30","15yr",,,,,"37756.04",,,,,,""
"2021-04-21","'31417DFR9'","MBS","UMBS MORTPASS 2% 10/27","15yr",,,,,"37726.32",,,,,,""
"2021-04-21","'31406FDB4'","MBS","UMBS MORTPASS 5% 02/35","30yr",,,,,"37699.7",,,,,,""
"2021-04-21","'3138EQVV1'","MBS","UMBS MORTPASS 3.5% 12/45","30yr",,,,,"37661.36",,,,,,""
"2021-04-21","'36177KV29'","MBS","GNMA I MORTPASS 4% 01/42","30yr",,,,,"37647.91",,,,,,""
"2021-04-21","'3138LTK98'","MBS","UMBS MORTPASS 2.5% 05/27","15yr",,,,,"37640.33",,,,,,""
"2021-04-21","'36176RHJ4'","MBS","GNMA I 3.5% 09/41","30yr",,,,,"37612.35",,,,,,""
"2021-04-21","'36296MDT2'","MBS","GNMA I MORTPASS 4% 02/39","30yr",,,,,"37603.61",,,,,,""
"2021-04-21","'31416XJT8'","MBS","UMBS MORTPASS 3.5% 01/41","30yr",,,,,"37561.35",,,,,,""
"2021-04-21","'36296WTX4'","MBS","GNMA I MORTPASS 5% 07/39","30yr",,,,,"37542.36",,,,,,""
"2021-04-21","'31414MVP8'","MBS","UMBS MORTPASS 6.5% 10/38","30yr",,,,,"37507.73",,,,,,""
"2021-04-21","'3128P7H48'","MBS","FHLMCGLD 5% 12/27","Other",,,,,"37499.02",,,,,,""
"2021-04-21","'3140E0E76'","MBS","UMBS MORTPASS 4.5% 11/45","30yr",,,,,"37485.89",,,,,,""
"2021-04-21","'3138E5EC8'","MBS","UMBS MORTPASS 2.5% 01/27","15yr",,,,,"37473.13",,,,,,""
"2021-04-21","'3140JANZ7'","MBS","UMBS MORTPASS 3.5% 04/48","30yr",,,,,"37463.43",,,,,,""
"2021-04-21","'3140K2BU7'","MBS","UMBS MORTPASS 3% 12/49","30yr",,,,,"37441.21",,,,,,""
"2021-04-21","'3138M8YB3'","MBS","UMBS MORTPASS 2.5% 09/27","15yr",,,,,"37417.72",,,,,,""
"2021-04-21","'3140JKY26'","MBS","UMBS MORTPASS 3.5% 01/49","30yr",,,,,"37363.75",,,,,,""
"2021-04-21","'3138W6VG8'","MBS","UMBS MORTPASS 2.5% 04/28","15yr",,,,,"37348.32",,,,,,""
"2021-04-21","'3132A7W98'","MBS","UMBS MORTPASS 2.5% 06/24","Other",,,,,"37337.31",,,,,,""
"2021-04-21","'3138XJZ91'","MBS","UMBS MORTPASS 2% 05/30","15yr",,,,,"37336.15",,,,,,""
"2021-04-21","'312939MQ1'","MBS","FHLMCGLD 4.5% 02/40","30yr",,,,,"37332.97",,,,,,""
"2021-04-21","'3138WFZF6'","MBS","UMBS MORTPASS 2.5% 11/30","15yr",,,,,"37300.9",,,,,,""
"2021-04-21","'3138W5GP7'","MBS","UMBS MORTPASS 4% 06/43","30yr",,,,,"37288.62",,,,,,""
"2021-04-21","'3138WNZ93'","MBS","UMBS MORTPASS 2.5% 04/28","15yr",,,,,"37274.04",,,,,,""
"2021-04-21","'3128P7JE4'","MBS","FHLMCGLD 5% 02/28","Other",,,,,"37266.36",,,,,,""
"2021-04-21","'3128MEK91'","MBS","FHLMCGLD 3% 07/30","15yr",,,,,"37254.05",,,,,,""
"2021-04-21","'3132WJEV9'","MBS","FHLMCGLD 3% 12/46","30yr",,,,,"37189.83",,,,,,""
"2021-04-21","'36210BYH2'","MBS","GNMA I 5.5% 03/39","30yr",,,,,"37169.76",,,,,,""
"2021-04-21","'36290RU43'","MBS","GNMA I 4.5% 08/33","30yr",,,,,"37159.81",,,,,,""
"2021-04-21","'36294NY77'","MBS","GNMA I MORTPASS 5% 04/36","30yr",,,,,"37155.34",,,,,,""
"2021-04-21","'3132QUZT3'","MBS","FHLMCGLD 3.5% 12/45","30yr",,,,,"37121.36",,,,,,""
"2021-04-21","'3138EPQP2'","MBS","UMBS MORTPASS 3% 05/30","15yr",,,,,"37110.53",,,,,,""
"2021-04-21","'3140H5MQ1'","MBS","UMBS MORTPASS 3.5% 01/48","30yr",,,,,"37082.85",,,,,,""
"2021-04-21","'3138YPAC6'","MBS","UMBS MORTPASS 3% 04/45","30yr",,,,,"37068.97",,,,,,""
"2021-04-21","'3128PVD31'","MBS","FHLMCGLD 4% 05/26","15yr",,,,,"37055.95",,,,,,""
"2021-04-21","'31418C6S8'","MBS","UMBS MORTPASS 3% 11/38","Other",,,,,"37051.95",,,,,,""
"2021-04-21","'3140HFFE4'","MBS","UMBS MORTPASS 4% 03/48","30yr",,,,,"37050.89",,,,,,""
"2021-04-21","'3140H5UD1'","MBS","UMBS MORTPASS 4% 07/48","30yr",,,,,"37046.92",,,,,,""
"2021-04-21","'3131X9WF7'","MBS","UMBS MORTPASS 2.5% 09/28","15yr",,,,,"37000.39",,,,,,""
"2021-04-21","'3138WEMN6'","MBS","UMBS MORTPASS 2.5% 05/30","15yr",,,,,"36989.01",,,,,,""
"2021-04-21","'3140JN4Y3'","MBS","UMBS MORTPASS 4.5% 04/49","30yr",,,,,"36941.03",,,,,,""
"2021-04-21","'36292FWA1'","MBS","GNMA I MORTPASS 5% 10/35","30yr",,,,,"36918.94",,,,,,""
"2021-04-21","'3140F0CW2'","MBS","UMBS MORTPASS 2.5% 03/46","30yr",,,,,"36856.89",,,,,,""
"2021-04-21","'3132A7XK2'","MBS","UMBS MORTPASS 3.5% 06/24","Other",,,,,"36848.15",,,,,,""
"2021-04-21","'36296QSH3'","MBS","GNMA I 4.5% 05/39","30yr",,,,,"36847.88",,,,,,""
"2021-04-21","'3138EEFK0'","MBS","UMBS MORTPASS 3% 04/27","15yr",,,,,"36838.51",,,,,,""
"2021-04-21","'31415AU33'","MBS","UMBS MORTPASS 5% 06/38","30yr",,,,,"36830.05",,,,,,""
"2021-04-21","'31417Y3P0'","MBS","UMBS MORTPASS 4% 07/21","Other",,,,,"36811.11",,,,,,""
"2021-04-21","'36297JCK8'","MBS","GNMA I MORTPASS 5% 04/39","30yr",,,,,"36776.01",,,,,,""
"2021-04-21","'36296TYB3'","MBS","GNMA I MORTPASS 6% 12/38","30yr",,,,,"36734.2",,,,,,""
"2021-04-21","'3140KNKP2'","MBS","UMBS MORTPASS 2.5% 10/50","30yr",,,,,"36717.24",,,,,,""
"2021-04-21","'312939DG3'","MBS","FHLMCGLD 4.5% 02/40","30yr",,,,,"36702.02",,,,,,""
"2021-04-21","'3131X7NW4'","MBS","UMBS MORTPASS 2.5% 04/22","Other",,,,,"36682.03",,,,,,""
"2021-04-21","'3138ASXQ0'","MBS","UMBS MORTPASS 3% 10/26","15yr",,,,,"36680.6",,,,,,""
"2021-04-21","'31417LNS0'","MBS","UMBS MORTPASS 4% 06/24","15yr",,,,,"36627.81",,,,,,""
"2021-04-21","'31307RDV4'","MBS","FHLMCGLD 3% 05/31","15yr",,,,,"36613.9",,,,,,""
"2021-04-21","'3132A5HZ1'","MBS","UMBS MORTPASS 4% 12/47","30yr",,,,,"36580.45",,,,,,""
"2021-04-21","'36178RTM2'","MBS","GNMA I 3.5% 03/43","30yr",,,,,"36553.52",,,,,,""
"2021-04-21","'3138WBXQ3'","MBS","UMBS MORTPASS 4% 05/44","30yr",,,,,"36547.32",,,,,,""
"2021-04-21","'3128MJK66'","MBS","FHLMCGLD 6.5% 01/39","30yr",,,,,"36540.74",,,,,,""
"2021-04-21","'312978TK5'","MBS","FHLMCGLD 5.5% 11/33","30yr",,,,,"36529.01",,,,,,""
"2021-04-21","'36202EH28'","MBS","GNMA II 4.5% 05/36","30yr",,,,,"36517.15",,,,,,""
"2021-04-21","'36296XH56'","MBS","GNMA I 5.5% 12/38","30yr",,,,,"36511.85",,,,,,""
"2021-04-21","'36295RNH7'","MBS","GNMA I 5.5% 02/39","30yr",,,,,"36501.66",,,,,,""
"2021-04-21","'3128E4NY4'","MBS","FHLMCGLD 5% 03/28","Other",,,,,"36427.85",,,,,,""
"2021-04-21","'31417A2V0'","MBS","UMBS MORTPASS 2.5% 02/22","Other",,,,,"36398.52",,,,,,""
"2021-04-21","'3128PYJM7'","MBS","FHLMCGLD 3% 03/22","15yr",,,,,"36354.09",,,,,,""
"2021-04-21","'36177QJJ3'","MBS","GNMA I 3.5% 06/42","30yr",,,,,"36295.32",,,,,,""
"2021-04-21","'3138ELYP2'","MBS","UMBS MORTPASS 3% 11/28","15yr",,,,,"36285.59",,,,,,""
"2021-04-21","'3140X6DY4'","MBS","UMBS MORTPASS 3% 04/35","15yr",,,,,"36265.73",,,,,,""
"2021-04-21","'3620A9S28'","MBS","GNMA I 4.5% 09/39","30yr",,,,,"36260.17",,,,,,""
"2021-04-21","'3138WN6S3'","MBS","UMBS MORTPASS 3.5% 04/28","15yr",,,,,"36224.54",,,,,,""
"2021-04-21","'31417Y5S2'","MBS","UMBS MORTPASS 3% 09/26","15yr",,,,,"36168.4",,,,,,""
"2021-04-21","'36176ATB5'","MBS","GNMA I MORTPASS 4% 06/41","30yr",,,,,"36166.13",,,,,,""
"2021-04-21","'3138MKMP8'","MBS","UMBS MORTPASS 2.5% 09/28","15yr",,,,,"36105.33",,,,,,""
"2021-04-21","'3128KUPN1'","MBS","FHLMCGLD 4.5% 08/37","30yr",,,,,"36077.66",,,,,,""
"2021-04-21","'3132M9DD3'","MBS","FHLMCGLD 4% 09/44","30yr",,,,,"36075.13",,,,,,""
"2021-04-21","'3138ELFC2'","MBS","UMBS MORTPASS 3% 06/23","Other",,,,,"36053.99",,,,,,""
"2021-04-21","'3140FCY69'","MBS","UMBS MORTPASS 4.5% 08/46","30yr",,,,,"36023.96",,,,,,""
"2021-04-21","'31417GY67'","MBS","UMBS MORTPASS 2.5% 06/28","15yr",,,,,"36023.76",,,,,,""
"2021-04-21","'31418AKY3'","MBS","UMBS MORTPASS 2.5% 10/27","15yr",,,,,"36016.75",,,,,,""
"2021-04-21","'31329LBD3'","MBS","UMBS MORTPASS 3% 04/27","15yr",,,,,"36015.88",,,,,,""
"2021-04-21","'36295PSA1'","MBS","GNMA I 4.5% 02/38","30yr",,,,,"36003.76",,,,,,""
"2021-04-21","'3140JWQL7'","MBS","UMBS MORTPASS 3% 10/49","30yr",,,,,"35986.64",,,,,,""
"2021-04-21","'3140X47B6'","MBS","UMBS MORTPASS 3% 11/49","30yr",,,,,"35976.04",,,,,,""
"2021-04-21","'3138YSHE9'","MBS","UMBS MORTPASS 3.5% 07/45","30yr",,,,,"35974.71",,,,,,""
"2021-04-21","'3138WF6E1'","MBS","UMBS MORTPASS 2.5% 12/30","15yr",,,,,"35974.08",,,,,,""
"2021-04-21","'36295QJS0'","MBS","GNMA I MORTPASS 5% 06/38","30yr",,,,,"35971.92",,,,,,""
"2021-04-21","'3620AATP3'","MBS","GNMA I 4.5% 09/39","30yr",,,,,"35965.3",,,,,,""
"2021-04-21","'3138ER2E9'","MBS","UMBS MORTPASS 3% 09/26","Other",,,,,"35884.39",,,,,,""
"2021-04-21","'3140J9G88'","MBS","UMBS MORTPASS 4% 10/21","Other",,,,,"35778.94",,,,,,""
"2021-04-21","'3131Y2FE3'","MBS","UMBS MORTPASS 4.5% 07/48","30yr",,,,,"35749.39",,,,,,""
"2021-04-21","'3131X9P57'","MBS","UMBS MORTPASS 3% 08/28","15yr",,,,,"35734.78",,,,,,""
"2021-04-21","'36201U6E9'","MBS","GNMA I MORTPASS 5% 07/33","30yr",,,,,"35710.8",,,,,,""
"2021-04-21","'3620AG3E3'","MBS","GNMA I MORTPASS 5% 04/40","30yr",,,,,"35702.55",,,,,,""
"2021-04-21","'3138WJ6C7'","MBS","UMBS MORTPASS 4% 03/47","30yr",,,,,"35659.53",,,,,,""
"2021-04-21","'31418BTJ5'","MBS","UMBS MORTPASS 3.5% 08/45","30yr",,,,,"35655",,,,,,""
"2021-04-21","'3140HEKH4'","MBS","UMBS MORTPASS 3.5% 02/48","30yr",,,,,"35628.6",,,,,,""
"2021-04-21","'36296FWM1'","MBS","GNMA I 5.5% 08/38","30yr",,,,,"35607.99",,,,,,""
"2021-04-21","'36296TCV3'","MBS","GNMA I 5.5% 03/39","30yr",,,,,"35601.43",,,,,,""
"2021-04-21","'3128MCFZ3'","MBS","FHLMCGLD 4.5% 06/24","15yr",,,,,"35527.28",,,,,,""
"2021-04-21","'3138WDH61'","MBS","UMBS MORTPASS 3% 11/44","30yr",,,,,"35501.19",,,,,,""
"2021-04-21","'36297GMS6'","MBS","GNMA I MORTPASS 4% 11/39","30yr",,,,,"35493.88",,,,,,""
"2021-04-21","'36292NSG6'","MBS","GNMA I 5.5% 02/39","30yr",,,,,"35487.75",,,,,,""
"2021-04-21","'31412PC33'","MBS","UMBS MORTPASS 5% 08/35","30yr",,,,,"35481.86",,,,,,""
"2021-04-21","'3128M6NU8'","MBS","FHLMCGLD 5.5% 12/37","30yr",,,,,"35467.15",,,,,,""
"2021-04-21","'3128MFBJ6'","MBS","FHLMCGLD 3.5% 04/27","15yr",,,,,"35465.24",,,,,,""
"2021-04-21","'31418A7E2'","MBS","UMBS MORTPASS 3.5% 02/24","Other",,,,,"35451.21",,,,,,""
"2021-04-21","'3620AJ4E6'","MBS","GNMA I MORTPASS 5% 12/39","30yr",,,,,"35418.8",,,,,,""
"2021-04-21","'3140X4US3'","MBS","UMBS MORTPASS 3% 11/33","15yr",,,,,"35398.36",,,,,,""
"2021-04-21","'3138XJJX6'","MBS","UMBS MORTPASS 4% 03/44","30yr",,,,,"35320.85",,,,,,""
"2021-04-21","'31334XJS9'","MBS","UMBS MORTPASS 4% 07/49","30yr",,,,,"35306.42",,,,,,""
"2021-04-21","'3620ARHJ3'","MBS","GNMA I MORTPASS 4% 09/40","30yr",,,,,"35243.09",,,,,,""
"2021-04-21","'31416WK84'","MBS","UMBS MORTPASS 3.5% 07/25","15yr",,,,,"35221.64",,,,,,""
"2021-04-21","'3140X4VV5'","MBS","UMBS MORTPASS 3% 02/49","30yr",,,,,"35184.1",,,,,,""
"2021-04-21","'3138WCPB3'","MBS","UMBS MORTPASS 3% 08/29","15yr",,,,,"35161.88",,,,,,""
"2021-04-21","'3128PYL51'","MBS","FHLMCGLD 3% 04/22","15yr",,,,,"35159.4",,,,,,""
"2021-04-21","'36201FBK2'","MBS","GNMA I MORTPASS 5% 07/33","30yr",,,,,"35157.42",,,,,,""
"2021-04-21","'3128MDQB2'","MBS","FHLMCGLD 3.5% 05/28","15yr",,,,,"35152.89",,,,,,""
"2021-04-21","'31307VR81'","MBS","FHLMCGLD 3% 02/33","15yr",,,,,"35147.61",,,,,,""
"2021-04-21","'3132ADVT2'","MBS","UMBS MORTPASS 4% 11/48","30yr",,,,,"35118.57",,,,,,""
"2021-04-21","'3128MEE31'","MBS","FHLMCGLD 2.5% 05/30","15yr",,,,,"35101.97",,,,,,""
"2021-04-21","'31417BT98'","MBS","UMBS MORTPASS 2.5% 05/22","Other",,,,,"35086.81",,,,,,""
"2021-04-21","'31371NXK6'","MBS","UMBS MORTPASS 5.5% 07/28","Other",,,,,"35083.24",,,,,,""
"2021-04-21","'31417W3R0'","MBS","UMBS MORTPASS 4.5% 02/25","15yr",,,,,"35076.08",,,,,,""
"2021-04-21","'36241L2A3'","MBS","GNMA II 4.5% 10/41","30yr",,,,,"35059.35",,,,,,""
"2021-04-21","'3138WJGA0'","MBS","UMBS MORTPASS 2.5% 11/31","15yr",,,,,"35047.82",,,,,,""
"2021-04-21","'31416TW54'","MBS","UMBS MORTPASS 4.5% 07/24","15yr",,,,,"35002.97",,,,,,""
"2021-04-21","'3140FSAC7'","MBS","UMBS MORTPASS 3% 08/32","15yr",,,,,"34989",,,,,,""
"2021-04-21","'36176AU49'","MBS","GNMA I 3.5% 11/41","30yr",,,,,"34959.95",,,,,,""
"2021-04-21","'31329NBY3'","MBS","UMBS MORTPASS 4% 05/45","30yr",,,,,"34903.33",,,,,,""
"2021-04-21","'36291SQ45'","MBS","GNMA I MORTPASS 5% 12/34","30yr",,,,,"34868.46",,,,,,""
"2021-04-21","'31416TRB7'","MBS","UMBS MORTPASS 4.5% 06/39","30yr",,,,,"34812.17",,,,,,""
"2021-04-21","'36290WKB7'","MBS","GNMA I MORTPASS 5% 08/33","30yr",,,,,"34810.88",,,,,,""
"2021-04-21","'3138A36R3'","MBS","UMBS MORTPASS 3.5% 12/25","15yr",,,,,"34765.07",,,,,,""
"2021-04-21","'3132QT5Z5'","MBS","FHLMCGLD 3.5% 11/45","30yr",,,,,"34744.64",,,,,,""
"2021-04-21","'3132HQBB7'","MBS","FHLMCGLD 3% 11/42","30yr",,,,,"34741.57",,,,,,""
"2021-04-21","'3140X7NF2'","MBS","UMBS MORTPASS 2.5% 08/50","30yr",,,,,"34736.91",,,,,,""
"2021-04-21","'3138ETN51'","MBS","UMBS MORTPASS 3.5% 05/31","15yr",,,,,"34703.15",,,,,,""
"2021-04-21","'36290SMQ1'","MBS","GNMA I MORTPASS 5% 11/33","30yr",,,,,"34689.91",,,,,,""
"2021-04-21","'31417BL47'","MBS","UMBS MORTPASS 2.5% 04/22","Other",,,,,"34669.8",,,,,,""
"2021-04-21","'36178QLJ9'","MBS","GNMA I 3.5% 03/43","30yr",,,,,"34665.37",,,,,,""
"2021-04-21","'3128PW2F4'","MBS","FHLMCGLD 3% 11/26","15yr",,,,,"34652.74",,,,,,""
"2021-04-21","'3140F46J0'","MBS","UMBS MORTPASS 3% 07/46","30yr",,,,,"34631.55",,,,,,""
"2021-04-21","'36296YSJ2'","MBS","GNMA I MORTPASS 5% 03/39","30yr",,,,,"34596.99",,,,,,""
"2021-04-21","'31326SCG3'","MBS","UMBS MORTPASS 3% 07/26","Other",,,,,"34583.04",,,,,,""
"2021-04-21","'36202EUR8'","MBS","GNMA II 4.5% 07/38","30yr",,,,,"34576.9",,,,,,""
"2021-04-21","'3128MB4E4'","MBS","FHLMCGLD 4% 04/23","15yr",,,,,"34544.93",,,,,,""
"2021-04-21","'31418BYG5'","MBS","UMBS MORTPASS 2.5% 01/31","15yr",,,,,"34529.92",,,,,,""
"2021-04-21","'3140EUFD6'","MBS","UMBS MORTPASS 3.5% 01/46","30yr",,,,,"34507.58",,,,,,""
"2021-04-21","'3138Y1V69'","MBS","UMBS MORTPASS 2.5% 08/29","15yr",,,,,"34496.66",,,,,,""
"2021-04-21","'31408CXK7'","MBS","UMBS MORTPASS 5% 11/35","30yr",,,,,"34468.2",,,,,,""
"2021-04-21","'3132A9P84'","MBS","UMBS MORTPASS 3% 12/29","15yr",,,,,"34415.92",,,,,,""
"2021-04-21","'36297C3E7'","MBS","GNMA I 5.5% 02/39","30yr",,,,,"34389.62",,,,,,""
"2021-04-21","'31329NY51'","MBS","UMBS MORTPASS 3% 01/48","30yr",,,,,"34384.6",,,,,,""
"2021-04-21","'36295CLG4'","MBS","GNMA I 3.5% 06/42","30yr",,,,,"34381.21",,,,,,""
"2021-04-21","'3140EXRV7'","MBS","UMBS MORTPASS 3.5% 04/46","30yr",,,,,"34378.75",,,,,,""
"2021-04-21","'31307VYU4'","MBS","FHLMCGLD 3.5% 04/33","15yr",,,,,"34346.76",,,,,,""
"2021-04-21","'3128PML73'","MBS","FHLMCGLD 5.5% 02/24","15yr",,,,,"34341.37",,,,,,""
"2021-04-21","'36291FFA1'","MBS","GNMA I MORTPASS 5% 03/34","30yr",,,,,"34333.94",,,,,,""
"2021-04-21","'3132QVM32'","MBS","FHLMCGLD 4.5% 01/46","30yr",,,,,"34287.07",,,,,,""
"2021-04-21","'3140J7X91'","MBS","UMBS MORTPASS 2.5% 02/30","15yr",,,,,"34239.78",,,,,,""
"2021-04-21","'3140H7NN3'","MBS","UMBS MORTPASS 4.5% 03/48","30yr",,,,,"34214.65",,,,,,""
"2021-04-21","'31413DUF2'","MBS","UMBS MORTPASS 5.5% 08/37","30yr",,,,,"34213.47",,,,,,""
"2021-04-21","'3138W9BR0'","MBS","UMBS MORTPASS 2.5% 07/28","15yr",,,,,"34130.35",,,,,,""
"2021-04-21","'3140HARY8'","MBS","UMBS MORTPASS 3% 04/33","15yr",,,,,"34029.58",,,,,,""
"2021-04-21","'3138LSB90'","MBS","UMBS MORTPASS 2.5% 04/22","Other",,,,,"34002.3",,,,,,""
"2021-04-21","'3620A85M1'","MBS","GNMA I MORTPASS 5% 08/39","30yr",,,,,"33991.15",,,,,,""
"2021-04-21","'36297CXU8'","MBS","GNMA I 4.5% 02/39","30yr",,,,,"33962.2",,,,,,""
"2021-04-21","'3140K6CR4'","MBS","UMBS MORTPASS 3% 12/49","30yr",,,,,"33953.09",,,,,,""
"2021-04-21","'3140J5ST7'","MBS","UMBS MORTPASS 4% 12/46","30yr",,,,,"33952.05",,,,,,""
"2021-04-21","'3128MFDL9'","MBS","FHLMCGLD 3.5% 07/32","15yr",,,,,"33912.44",,,,,,""
"2021-04-21","'31418S2Y4'","MBS","UMBS MORTPASS 5.5% 04/40","30yr",,,,,"33912.44",,,,,,""
"2021-04-21","'36295WA31'","MBS","GNMA I 4.5% 03/38","30yr",,,,,"33893.99",,,,,,""
"2021-04-21","'3140X4QC3'","MBS","UMBS MORTPASS 3% 08/49","30yr",,,,,"33831.97",,,,,,""
"2021-04-21","'31417MYE7'","MBS","UMBS MORTPASS 6.5% 10/39","30yr",,,,,"33811.15",,,,,,""
"2021-04-21","'36297ERP2'","MBS","GNMA I 5.5% 09/39","30yr",,,,,"33790.09",,,,,,""
"2021-04-21","'31414EXB5'","MBS","UMBS MORTPASS 6% 07/38","30yr",,,,,"33770.49",,,,,,""
"2021-04-21","'31418C6M1'","MBS","UMBS MORTPASS 3.5% 12/38","Other",,,,,"33766.18",,,,,,""
"2021-04-21","'3138WG4K7'","MBS","UMBS MORTPASS 2.5% 05/46","30yr",,,,,"33758.37",,,,,,""
"2021-04-21","'31417DK77'","MBS","UMBS MORTPASS 3.5% 10/42","30yr",,,,,"33710.08",,,,,,""
"2021-04-21","'31410LHE5'","MBS","UMBS MORTPASS 3% 05/22","Other",,,,,"33682.61",,,,,,""
"2021-04-21","'3132A5FS9'","MBS","UMBS MORTPASS 3% 09/46","30yr",,,,,"33648.25",,,,,,""
"2021-04-21","'3140F4KH8'","MBS","UMBS MORTPASS 2.5% 05/46","30yr",,,,,"33620.27",,,,,,""
"2021-04-21","'36230MKC0'","MBS","GNMA I MORTPASS 4% 08/41","30yr",,,,,"33612.87",,,,,,""
"2021-04-21","'3132A5F91'","MBS","UMBS MORTPASS 2.5% 12/46","30yr",,,,,"33603.73",,,,,,""
"2021-04-21","'36295SFA9'","MBS","GNMA I 5.5% 06/38","30yr",,,,,"33567.69",,,,,,""
"2021-04-21","'3620A35G5'","MBS","GNMA I MORTPASS 5% 11/39","30yr",,,,,"33564.27",,,,,,""
"2021-04-21","'31418BXZ4'","MBS","UMBS MORTPASS 3.5% 01/46","30yr",,,,,"33564.21",,,,,,""
"2021-04-21","'3131XWP72'","MBS","UMBS MORTPASS 4% 05/47","30yr",,,,,"33545.64",,,,,,""
"2021-04-21","'3128PX7L4'","MBS","FHLMCGLD 3% 03/27","15yr",,,,,"33541.37",,,,,,""
"2021-04-21","'36178WLC1'","MBS","GNMA I 3.5% 09/42","30yr",,,,,"33529.62",,,,,,""
"2021-04-21","'3140F9TP0'","MBS","UMBS MORTPASS 4.5% 07/46","30yr",,,,,"33527.36",,,,,,""
"2021-04-21","'3140JSZF9'","MBS","UMBS MORTPASS 3.5% 04/49","30yr",,,,,"33445.75",,,,,,""
"2021-04-21","'3132A7FV8'","MBS","UMBS MORTPASS 3% 04/22","Other",,,,,"33431.43",,,,,,""
"2021-04-21","'36202WD22'","MBS","GNMA I MORTPASS 5% 07/33","30yr",,,,,"33387.38",,,,,,""
"2021-04-21","'3138XZG39'","MBS","UMBS MORTPASS 3.5% 08/44","30yr",,,,,"33366.69",,,,,,""
"2021-04-21","'3128KXWK3'","MBS","FHLMCGLD 6% 10/37","30yr",,,,,"33298.52",,,,,,""
"2021-04-21","'3138WAY76'","MBS","UMBS MORTPASS 3% 02/29","15yr",,,,,"33277.92",,,,,,""
"2021-04-21","'36297HWZ7'","MBS","GNMA I MORTPASS 5% 05/39","30yr",,,,,"33273.39",,,,,,""
"2021-04-21","'3140J7XZ3'","MBS","UMBS MORTPASS 4% 10/22","Other",,,,,"33265.18",,,,,,""
"2021-04-21","'3138WE2E8'","MBS","UMBS MORTPASS 3.5% 06/45","30yr",,,,,"33195.96",,,,,,""
"2021-04-21","'36180UE88'","MBS","GNMA I MORTPASS 3% 05/43","30yr",,,,,"33185.56",,,,,,""
"2021-04-21","'3140KGYL1'","MBS","UMBS MORTPASS 2.5% 07/50","30yr",,,,,"33170.39",,,,,,""
"2021-04-21","'3140JKZ58'","MBS","UMBS MORTPASS 3.5% 02/49","30yr",,,,,"33160.9",,,,,,""
"2021-04-21","'31368HL92'","MBS","UMBS MORTPASS 5.5% 08/34","30yr",,,,,"33148.79",,,,,,""
"2021-04-21","'36202ES75'","MBS","GNMA II 4.5% 05/38","30yr",,,,,"33142.5",,,,,,""
"2021-04-21","'31413BGT2'","MBS","UMBS MORTPASS 5% 06/37","30yr",,,,,"33138.38",,,,,,""
"2021-04-21","'36202DX55'","MBS","GNMA II MORTPASS 4% 05/33","30yr",,,,,"33133.94",,,,,,""
"2021-04-21","'3138MDVT6'","MBS","UMBS MORTPASS 2.5% 10/27","15yr",,,,,"33123.19",,,,,,""
"2021-04-21","'36297CYG8'","MBS","GNMA I MORTPASS 5% 02/39","30yr",,,,,"33062.44",,,,,,""
"2021-04-21","'3128MCMQ5'","MBS","FHLMCGLD 4% 03/25","15yr",,,,,"33046.48",,,,,,""
"2021-04-21","'3620A5CH0'","MBS","GNMA I MORTPASS 5% 05/39","30yr",,,,,"33041.23",,,,,,""
"2021-04-21","'31414REB7'","MBS","UMBS MORTPASS 5.5% 01/39","30yr",,,,,"33035.19",,,,,,""
"2021-04-21","'3140EUDV8'","MBS","UMBS MORTPASS 4.5% 12/45","30yr",,,,,"32991.01",,,,,,""
"2021-04-21","'3131XAJB8'","MBS","UMBS MORTPASS 3% 03/29","15yr",,,,,"32975.81",,,,,,""
"2021-04-21","'3132JAWQ4'","MBS","FHLMCGLD 4% 06/43","30yr",,,,,"32970.38",,,,,,""
"2021-04-21","'31412UUN8'","MBS","UMBS MORTPASS 4% 07/32","30yr",,,,,"32970.37",,,,,,""
"2021-04-21","'3138Y2M91'","MBS","UMBS MORTPASS 3.5% 08/29","15yr",,,,,"32959.48",,,,,,""
"2021-04-21","'31306YSC6'","MBS","FHLMCGLD 3% 12/22","15yr",,,,,"32870.15",,,,,,""
"2021-04-21","'31412QT66'","MBS","UMBS MORTPASS 4% 11/24","15yr",,,,,"32857.65",,,,,,""
"2021-04-21","'3140K4N22'","MBS","UMBS MORTPASS 3% 12/49","30yr",,,,,"32840.9",,,,,,""
"2021-04-21","'3138XQL58'","MBS","UMBS MORTPASS 3% 05/29","15yr",,,,,"32819.66",,,,,,""
"2021-04-21","'31417DUL5'","MBS","UMBS MORTPASS 3% 11/27","15yr",,,,,"32784.17",,,,,,""
"2021-04-21","'31417FYA0'","MBS","UMBS MORTPASS 2.5% 03/43","30yr",,,,,"32748.79",,,,,,""
"2021-04-21","'3140FQM53'","MBS","UMBS MORTPASS 2.5% 12/31","15yr",,,,,"32732.86",,,,,,""
"2021-04-21","'36297CWR6'","MBS","GNMA I MORTPASS 5% 01/39","30yr",,,,,"32724.95",,,,,,""
"2021-04-21","'3133G64X0'","MBS","UMBS MORTPASS 2% 10/34","15yr",,,,,"32698.08",,,,,,""
"2021-04-21","'31417WCM1'","MBS","UMBS MORTPASS 4.5% 12/24","15yr",,,,,"32685.67",,,,,,""
"2021-04-21","'3138X1SA5'","MBS","UMBS MORTPASS 3% 12/28","15yr",,,,,"32676.14",,,,,,""
"2021-04-21","'3140FBFY1'","MBS","UMBS MORTPASS 2.5% 07/46","30yr",,,,,"32621.63",,,,,,""
"2021-04-21","'36180DSS7'","MBS","GNMA I 3.5% 04/43","30yr",,,,,"32611.31",,,,,,""
"2021-04-21","'3140HKAB4'","MBS","UMBS MORTPASS 3.5% 07/48","30yr",,,,,"32557.92",,,,,,""
"2021-04-21","'3140F3QK7'","MBS","UMBS MORTPASS 3% 04/31","15yr",,,,,"32495.88",,,,,,""
"2021-04-21","'3620A4YT3'","MBS","GNMA I 4.5% 10/39","30yr",,,,,"32449.69",,,,,,""
"2021-04-21","'36296TC76'","MBS","GNMA I MORTPASS 5% 03/39","30yr",,,,,"32431.58",,,,,,""
"2021-04-21","'3128M5B33'","MBS","FHLMCGLD 5.5% 08/37","30yr",,,,,"32424.44",,,,,,""
"2021-04-21","'3140HJR29'","MBS","UMBS MORTPASS 3.5% 06/48","30yr",,,,,"32340.07",,,,,,""
"2021-04-21","'3131X7DD7'","MBS","UMBS MORTPASS 3% 11/21","Other",,,,,"32308.16",,,,,,""
"2021-04-21","'3620A7BJ3'","MBS","GNMA I MORTPASS 5% 12/39","30yr",,,,,"32293.08",,,,,,""
"2021-04-21","'3128MJ6C9'","MBS","FHLMCGLD 4% 03/49","30yr",,,,,"32277.83",,,,,,""
"2021-04-21","'31417DQC0'","MBS","UMBS MORTPASS 3% 10/32","Other",,,,,"32184.73",,,,,,""
"2021-04-21","'36294SXH5'","MBS","GNMA I 5.5% 04/37","30yr",,,,,"32166.32",,,,,,""
"2021-04-21","'36179TAM7'","MBS","GNMA II 4.5% 06/47","30yr",,,,,"32161.9",,,,,,""
"2021-04-21","'31418AT32'","MBS","UMBS MORTPASS 3% 06/28","15yr",,,,,"32132.53",,,,,,""
"2021-04-21","'3131X7VH8'","MBS","UMBS MORTPASS 3% 06/22","Other",,,,,"32118.55",,,,,,""
"2021-04-21","'3138M1Y93'","MBS","UMBS MORTPASS 3% 08/27","15yr",,,,,"32090.5",,,,,,""
"2021-04-21","'3128MMKQ5'","MBS","FHLMCGLD 4% 03/24","15yr",,,,,"32050.42",,,,,,""
"2021-04-21","'36230UCL1'","MBS","GNMA I MORTPASS 4% 01/41","30yr",,,,,"32041.19",,,,,,""
"2021-04-21","'3138WC4T7'","MBS","UMBS MORTPASS 3% 10/44","30yr",,,,,"32030.02",,,,,,""
"2021-04-21","'3620A5Y78'","MBS","GNMA I 5.5% 09/39","30yr",,,,,"31957.03",,,,,,""
"2021-04-21","'31296J5M4'","MBS","FHLMCGLD 5% 07/33","30yr",,,,,"31932.13",,,,,,""
"2021-04-21","'3128E4YG1'","MBS","FHLMCGLD 5% 07/28","Other",,,,,"31924.11",,,,,,""
"2021-04-21","'3140F85U7'","MBS","UMBS MORTPASS 3% 06/31","15yr",,,,,"31881.07",,,,,,""
"2021-04-21","'3620ARLQ2'","MBS","GNMA I MORTPASS 4% 10/40","30yr",,,,,"31862.34",,,,,,""
"2021-04-21","'31371PC99'","MBS","UMBS MORTPASS 5.5% 02/29","Other",,,,,"31811.42",,,,,,""
"2021-04-21","'3138EJCJ5'","MBS","UMBS MORTPASS 3% 06/22","Other",,,,,"31809.51",,,,,,""
"2021-04-21","'3140EVMF1'","MBS","UMBS MORTPASS 2.5% 12/30","15yr",,,,,"31782.2",,,,,,""
"2021-04-21","'3132GVGT3'","MBS","FHLMCGLD 3.5% 08/42","30yr",,,,,"31778.48",,,,,,""
"2021-04-21","'312930NP1'","MBS","FHLMCGLD 6% 01/39","30yr",,,,,"31771.69",,,,,,""
"2021-04-21","'3131Y2WJ3'","MBS","UMBS MORTPASS 4% 08/48","30yr",,,,,"31757.69",,,,,,""
"2021-04-21","'3140Q7TF4'","MBS","UMBS MORTPASS 4% 10/47","30yr",,,,,"31681.19",,,,,,""
"2021-04-21","'3140F3QM3'","MBS","UMBS MORTPASS 2.5% 04/31","15yr",,,,,"31664.39",,,,,,""
"2021-04-21","'3131XDFL4'","MBS","UMBS MORTPASS 2.5% 12/32","15yr",,,,,"31656.06",,,,,,""
"2021-04-21","'3131YBDA3'","MBS","UMBS MORTPASS 4.5% 04/49","30yr",,,,,"31621.64",,,,,,""
"2021-04-21","'3140HA5K2'","MBS","UMBS MORTPASS 3.5% 02/33","15yr",,,,,"31585.41",,,,,,""
"2021-04-21","'3140H4BW3'","MBS","UMBS MORTPASS 4% 05/48","30yr",,,,,"31565.22",,,,,,""
"2021-04-21","'3128PMSU5'","MBS","FHLMCGLD 4% 03/24","15yr",,,,,"31557.33",,,,,,""
"2021-04-21","'36297KR29'","MBS","GNMA I MORTPASS 5% 07/39","30yr",,,,,"31519.37",,,,,,""
"2021-04-21","'3138ETU53'","MBS","UMBS MORTPASS 3% 02/30","15yr",,,,,"31459.98",,,,,,""
"2021-04-21","'3128MD6C2'","MBS","FHLMCGLD 3.5% 08/29","15yr",,,,,"31447.14",,,,,,""
"2021-04-21","'36202D2T7'","MBS","GNMA II 4.5% 12/33","30yr",,,,,"31438.6",,,,,,""
"2021-04-21","'31417UZQ1'","MBS","UMBS MORTPASS 4% 01/25","15yr",,,,,"31434.18",,,,,,""
"2021-04-21","'3140H7TP2'","MBS","UMBS MORTPASS 4% 04/48","30yr",,,,,"31421.78",,,,,,""
"2021-04-21","'3132A5HE8'","MBS","UMBS MORTPASS 3% 08/47","30yr",,,,,"31408.35",,,,,,""
"2021-04-21","'3138LTJT6'","MBS","UMBS MORTPASS 3.5% 05/42","30yr",,,,,"31394.48",,,,,,""
"2021-04-21","'3138E7Y57'","MBS","UMBS MORTPASS 3% 02/27","15yr",,,,,"31372.11",,,,,,""
"2021-04-21","'31412VBJ6'","MBS","UMBS MORTPASS 4.5% 10/24","15yr",,,,,"31323.18",,,,,,""
"2021-04-21","'3138WUVT7'","MBS","UMBS MORTPASS 2.5% 06/28","15yr",,,,,"31320.67",,,,,,""
"2021-04-21","'3620C66X8'","MBS","GNMA I MORTPASS 4% 09/41","30yr",,,,,"31290.93",,,,,,""
"2021-04-21","'3138WHNX6'","MBS","UMBS MORTPASS 2.5% 07/31","15yr",,,,,"31284.91",,,,,,""
"2021-04-21","'3138XPA78'","MBS","UMBS MORTPASS 3.5% 07/44","30yr",,,,,"31262.21",,,,,,""
"2021-04-21","'312939TV3'","MBS","FHLMCGLD 4.5% 03/40","30yr",,,,,"31240.33",,,,,,""
"2021-04-21","'3138WCLQ4'","MBS","UMBS MORTPASS 3.5% 08/44","30yr",,,,,"31216.16",,,,,,""
"2021-04-21","'3128PMRR3'","MBS","FHLMCGLD 4.5% 04/24","15yr",,,,,"31194.99",,,,,,""
"2021-04-21","'3132JM7L7'","MBS","FHLMCGLD 4.5% 08/43","30yr",,,,,"31153.65",,,,,,""
"2021-04-21","'3132QL6E8'","MBS","FHLMCGLD 3.5% 01/45","30yr",,,,,"31149.59",,,,,,""
"2021-04-21","'3140J7UF0'","MBS","UMBS MORTPASS 3.5% 01/48","30yr",,,,,"31132.66",,,,,,""
"2021-04-21","'3140JGCJ2'","MBS","UMBS MORTPASS 4% 09/48","30yr",,,,,"31130.68",,,,,,""
"2021-04-21","'31418CSG0'","MBS","UMBS MORTPASS 3% 12/32","15yr",,,,,"31125.29",,,,,,""
"2021-04-21","'31415LSP3'","MBS","UMBS MORTPASS 5% 05/38","30yr",,,,,"31081.5",,,,,,""
"2021-04-21","'3140EY3T6'","MBS","UMBS MORTPASS 3% 03/31","15yr",,,,,"31071.59",,,,,,""
"2021-04-21","'3620C5GJ0'","MBS","GNMA I MORTPASS 4% 07/41","30yr",,,,,"31061.09",,,,,,""
"2021-04-21","'3128MBGT8'","MBS","FHLMCGLD 5.5% 07/22","15yr",,,,,"31042.72",,,,,,""
"2021-04-21","'3132M8LY0'","MBS","FHLMCGLD 3.5% 08/44","30yr",,,,,"31029.39",,,,,,""
"2021-04-21","'3620C6YY5'","MBS","GNMA I 3.5% 12/40","30yr",,,,,"31010.91",,,,,,""
"2021-04-21","'36201XEJ3'","MBS","GNMA I MORTPASS 5% 10/33","30yr",,,,,"30987.75",,,,,,""
"2021-04-21","'36295UAC5'","MBS","GNMA I 5.5% 12/39","30yr",,,,,"30957.74",,,,,,""
"2021-04-21","'3128LCS31'","MBS","FHLMCGLD 6% 06/38","30yr",,,,,"30931.06",,,,,,""
"2021-04-21","'36200Q3U6'","MBS","GNMA I 4.5% 09/35","30yr",,,,,"30885.25",,,,,,""
"2021-04-21","'3138ERD49'","MBS","UMBS MORTPASS 4% 03/30","15yr",,,,,"30881.52",,,,,,""
"2021-04-21","'3138WCC76'","MBS","UMBS MORTPASS 3% 07/29","15yr",,,,,"30858.79",,,,,,""
"2021-04-21","'3128MMR39'","MBS","FHLMCGLD 3% 03/29","15yr",,,,,"30855.03",,,,,,""
"2021-04-21","'3128PXLF1'","MBS","FHLMCGLD 3% 12/21","15yr",,,,,"30854.1",,,,,,""
"2021-04-21","'36290WZM7'","MBS","GNMA I MORTPASS 5% 05/34","30yr",,,,,"30785.19",,,,,,""
"2021-04-21","'31418BYU4'","MBS","UMBS MORTPASS 3.5% 02/46","30yr",,,,,"30785.1",,,,,,""
"2021-04-21","'31414T3Z2'","MBS","UMBS MORTPASS 6% 04/38","30yr",,,,,"30766.53",,,,,,""
"2021-04-21","'31329MCB4'","MBS","UMBS MORTPASS 2% 09/28","15yr",,,,,"30761.48",,,,,,""
"2021-04-21","'36291TCC0'","MBS","GNMA I MORTPASS 5% 12/34","30yr",,,,,"30754.26",,,,,,""
"2021-04-21","'36296PMD0'","MBS","GNMA I 5.5% 01/39","30yr",,,,,"30712.17",,,,,,""
"2021-04-21","'31417FXX1'","MBS","UMBS MORTPASS 2.5% 03/28","15yr",,,,,"30677.18",,,,,,""
"2021-04-21","'3140HHFD2'","MBS","UMBS MORTPASS 3% 06/33","15yr",,,,,"30676.02",,,,,,""
"2021-04-21","'3140H4AE4'","MBS","UMBS MORTPASS 3% 04/33","15yr",,,,,"30667.39",,,,,,""
"2021-04-21","'3138MM7C0'","MBS","UMBS MORTPASS 3% 12/32","Other",,,,,"30656.79",,,,,,""
"2021-04-21","'3131X9RW6'","MBS","UMBS MORTPASS 3% 08/23","Other",,,,,"30637.08",,,,,,""
"2021-04-21","'3620A7QV0'","MBS","GNMA I 4.5% 11/39","30yr",,,,,"30637.04",,,,,,""
"2021-04-21","'3132XXQE2'","MBS","FHLMCGLD 4% 03/48","30yr",,,,,"30636.12",,,,,,""
"2021-04-21","'31307GKU2'","MBS","FHLMCGLD 3% 02/24","15yr",,,,,"30629.34",,,,,,""
"2021-04-21","'3131XAWC1'","MBS","UMBS MORTPASS 2.5% 10/29","15yr",,,,,"30618.59",,,,,,""
"2021-04-21","'3128MMTP8'","MBS","FHLMCGLD 3% 06/30","15yr",,,,,"30562.3",,,,,,""
"2021-04-21","'3128PGC92'","MBS","FHLMCGLD 4% 04/22","15yr",,,,,"30559.15",,,,,,""
"2021-04-21","'36202SB31'","MBS","GNMA I 5.5% 02/33","30yr",,,,,"30543.31",,,,,,""
"2021-04-21","'3138W9VS6'","MBS","UMBS MORTPASS 3% 10/28","15yr",,,,,"30495.34",,,,,,""
"2021-04-21","'3132A7HW4'","MBS","UMBS MORTPASS 2.5% 08/22","Other",,,,,"30456.38",,,,,,""
"2021-04-21","'36201NCP3'","MBS","GNMA I MORTPASS 5% 02/34","30yr",,,,,"30423.86",,,,,,""
"2021-04-21","'36202SDL9'","MBS","GNMA I MORTPASS 5% 02/33","30yr",,,,,"30413.86",,,,,,""
"2021-04-21","'3620A1RZ3'","MBS","GNMA I MORTPASS 5% 08/39","30yr",,,,,"30412.8",,,,,,""
"2021-04-21","'31412QV48'","MBS","UMBS MORTPASS 4.5% 11/24","15yr",,,,,"30349.07",,,,,,""
"2021-04-21","'3620A46R8'","MBS","GNMA I MORTPASS 5% 07/39","30yr",,,,,"30348.64",,,,,,""
"2021-04-21","'36290WJH6'","MBS","GNMA I MORTPASS 5% 09/33","30yr",,,,,"30345.88",,,,,,""
"2021-04-21","'31329MCF5'","MBS","UMBS MORTPASS 3% 10/28","15yr",,,,,"30301.87",,,,,,""
"2021-04-21","'31414TUJ8'","MBS","UMBS MORTPASS 5.5% 07/38","30yr",,,,,"30292.96",,,,,,""
"2021-04-21","'3140GY3K3'","MBS","UMBS MORTPASS 3% 01/48","30yr",,,,,"30272.98",,,,,,""
"2021-04-21","'3132QUT60'","MBS","FHLMCGLD 3% 12/45","30yr",,,,,"30220.3",,,,,,""
"2021-04-21","'3140EUEE5'","MBS","UMBS MORTPASS 2.5% 12/30","15yr",,,,,"30219.04",,,,,,""
"2021-04-21","'36290U4M5'","MBS","GNMA I MORTPASS 5% 05/36","30yr",,,,,"30214.73",,,,,,""
"2021-04-21","'31412LN63'","MBS","UMBS MORTPASS 6.5% 06/37","30yr",,,,,"30195.19",,,,,,""
"2021-04-21","'31417YBQ9'","MBS","UMBS MORTPASS 4% 04/29","Other",,,,,"30181.07",,,,,,""
"2021-04-21","'31296MN88'","MBS","FHLMCGLD 4.5% 08/33","30yr",,,,,"30145.91",,,,,,""
"2021-04-21","'3140HDRE6'","MBS","UMBS MORTPASS 2.5% 12/49","30yr",,,,,"30142.94",,,,,,""
"2021-04-21","'3131XWLY7'","MBS","UMBS MORTPASS 4% 04/47","30yr",,,,,"30116.13",,,,,,""
"2021-04-21","'3140E75F3'","MBS","UMBS MORTPASS 3% 12/30","15yr",,,,,"30083.44",,,,,,""
"2021-04-21","'36295DMX4'","MBS","GNMA I MORTPASS 6% 01/39","30yr",,,,,"30082.75",,,,,,""
"2021-04-21","'3138LWCP4'","MBS","UMBS MORTPASS 2.5% 06/27","15yr",,,,,"30078.46",,,,,,""
"2021-04-21","'36295YFG3'","MBS","GNMA I 5.5% 09/39","30yr",,,,,"30074.25",,,,,,""
"2021-04-21","'3620C4QW3'","MBS","GNMA I 3.5% 08/40","30yr",,,,,"30053.35",,,,,,""
"2021-04-21","'3128PMU24'","MBS","FHLMCGLD 4.5% 04/24","15yr",,,,,"30031.9",,,,,,""
"2021-04-21","'3138WFNK8'","MBS","UMBS MORTPASS 3% 09/30","15yr",,,,,"30014.79",,,,,,""
"2021-04-21","'3140J8ZC0'","MBS","UMBS MORTPASS 2.5% 01/33","15yr",,,,,"29988.3",,,,,,""
"2021-04-21","'3138X6HH1'","MBS","UMBS MORTPASS 2% 09/28","15yr",,,,,"29970.32",,,,,,""
"2021-04-21","'36177PPH2'","MBS","GNMA I 3.5% 04/42","30yr",,,,,"29959.44",,,,,,""
"2021-04-21","'3128P7LL5'","MBS","FHLMCGLD 6.5% 01/29","Other",,,,,"29957.31",,,,,,""
"2021-04-21","'31416RLB7'","MBS","UMBS MORTPASS 6% 06/39","30yr",,,,,"29950.87",,,,,,""
"2021-04-21","'3140KG5D1'","MBS","UMBS MORTPASS 2% 07/35","15yr",,,,,"29907",,,,,,""
"2021-04-21","'3138LU6U4'","MBS","UMBS MORTPASS 3% 05/27","15yr",,,,,"29836.28",,,,,,""
"2021-04-21","'3128L7SH1'","MBS","FHLMCGLD 6% 02/38","30yr",,,,,"29827.79",,,,,,""
"2021-04-21","'36202ESA8'","MBS","GNMA II MORTPASS 5% 04/38","30yr",,,,,"29810.74",,,,,,""
"2021-04-21","'3138XJYR2'","MBS","UMBS MORTPASS 3% 10/44","30yr",,,,,"29801.17",,,,,,""
"2021-04-21","'3140F8WB9'","MBS","UMBS MORTPASS 3% 06/31","15yr",,,,,"29799.71",,,,,,""
"2021-04-21","'31307PPK9'","MBS","FHLMCGLD 3% 11/30","15yr",,,,,"29772.31",,,,,,""
"2021-04-21","'31417GRM0'","MBS","UMBS MORTPASS 2.5% 05/28","15yr",,,,,"29756.86",,,,,,""
"2021-04-21","'3138WZSW3'","MBS","UMBS MORTPASS 2.5% 08/23","Other",,,,,"29719.73",,,,,,""
"2021-04-21","'36295DMD8'","MBS","GNMA I MORTPASS 6% 11/38","30yr",,,,,"29690.71",,,,,,""
"2021-04-21","'3138EHUF7'","MBS","UMBS MORTPASS 3% 03/27","15yr",,,,,"29646.04",,,,,,""
"2021-04-21","'36201VAJ1'","MBS","GNMA I MORTPASS 5% 09/33","30yr",,,,,"29641.18",,,,,,""
"2021-04-21","'36296MDD7'","MBS","GNMA I MORTPASS 5% 02/39","30yr",,,,,"29625.47",,,,,,""
"2021-04-21","'3132QMFG1'","MBS","FHLMCGLD 4% 02/45","30yr",,,,,"29590.98",,,,,,""
"2021-04-21","'36176S4R8'","MBS","GNMA I MORTPASS 4% 09/41","30yr",,,,,"29570.57",,,,,,""
"2021-04-21","'3132WGJY4'","MBS","FHLMCGLD 4.5% 09/46","30yr",,,,,"29558.75",,,,,,""
"2021-04-21","'31418CN75'","MBS","UMBS MORTPASS 4% 07/32","15yr",,,,,"29552.98",,,,,,""
"2021-04-21","'3131XDFR1'","MBS","UMBS MORTPASS 2.5% 01/33","15yr",,,,,"29483.61",,,,,,""
"2021-04-21","'36230MYV3'","MBS","GNMA I MORTPASS 4% 12/40","30yr",,,,,"29449.32",,,,,,""
"2021-04-21","'3138Y4LT4'","MBS","UMBS MORTPASS 3% 09/29","15yr",,,,,"29442.76",,,,,,""
"2021-04-21","'31416PRQ2'","MBS","UMBS MORTPASS 6% 08/39","30yr",,,,,"29401.07",,,,,,""
"2021-04-21","'3140J5DM8'","MBS","UMBS MORTPASS 2.5% 03/32","15yr",,,,,"29393.75",,,,,,""
"2021-04-21","'3140KMVV9'","MBS","UMBS MORTPASS 2.5% 09/50","30yr",,,,,"29393.13",,,,,,""
"2021-04-21","'3128PM6C9'","MBS","FHLMCGLD 4% 06/24","15yr",,,,,"29326.24",,,,,,""
"2021-04-21","'3138WJMJ4'","MBS","UMBS MORTPASS 3.5% 12/46","30yr",,,,,"29325.8",,,,,,""
"2021-04-21","'31418BR73'","MBS","UMBS MORTPASS 3.5% 06/30","15yr",,,,,"29307.74",,,,,,""
"2021-04-21","'36296S5S0'","MBS","GNMA I MORTPASS 5% 02/39","30yr",,,,,"29296.64",,,,,,""
"2021-04-21","'3138W5Q76'","MBS","UMBS MORTPASS 2.5% 02/28","15yr",,,,,"29273.59",,,,,,""
"2021-04-21","'3138W0Q51'","MBS","UMBS MORTPASS 2.5% 02/28","15yr",,,,,"29263.87",,,,,,""
"2021-04-21","'36176FWD6'","MBS","GNMA I 3.5% 07/42","30yr",,,,,"29263.47",,,,,,""
"2021-04-21","'3140JVEU2'","MBS","UMBS MORTPASS 3% 09/49","30yr",,,,,"29221.22",,,,,,""
"2021-04-21","'31339UQD5'","MBS","UMBS MORTPASS 3% 10/49","30yr",,,,,"29213.15",,,,,,""
"2021-04-21","'312932K47'","MBS","FHLMCGLD 5% 04/39","30yr",,,,,"29199.95",,,,,,""
"2021-04-21","'3128MDXF5'","MBS","FHLMCGLD 3.5% 01/24","15yr",,,,,"29199.32",,,,,,""
"2021-04-21","'31417KWX1'","MBS","UMBS MORTPASS 4.5% 10/24","15yr",,,,,"29142.38",,,,,,""
"2021-04-21","'31417YUM7'","MBS","UMBS MORTPASS 4% 12/30","Other",,,,,"29074.41",,,,,,""
"2021-04-21","'31413TUJ9'","MBS","UMBS MORTPASS 5.5% 11/37","30yr",,,,,"29051.6",,,,,,""
"2021-04-21","'31294MLS8'","MBS","FHLMCGLD 3% 02/22","15yr",,,,,"29028.64",,,,,,""
"2021-04-21","'3138WPYN8'","MBS","UMBS MORTPASS 3% 05/28","15yr",,,,,"29003.39",,,,,,""
"2021-04-21","'36178UHJ5'","MBS","GNMA I MORTPASS 4% 10/42","30yr",,,,,"28948.58",,,,,,""
"2021-04-21","'36201UHV9'","MBS","GNMA I MORTPASS 5% 08/33","30yr",,,,,"28928.69",,,,,,""
"2021-04-21","'3131X76V5'","MBS","UMBS MORTPASS 3% 09/22","Other",,,,,"28892.8",,,,,,""
"2021-04-21","'3140HHFR1'","MBS","UMBS MORTPASS 4% 08/33","15yr",,,,,"28860.24",,,,,,""
"2021-04-21","'36297BAK7'","MBS","GNMA I MORTPASS 4% 06/39","30yr",,,,,"28848.27",,,,,,""
"2021-04-21","'36205F6V0'","MBS","GNMA I MORTPASS 5% 12/32","30yr",,,,,"28831.08",,,,,,""
"2021-04-21","'31414UG44'","MBS","UMBS MORTPASS 4.5% 03/23","15yr",,,,,"28781.49",,,,,,""
"2021-04-21","'3132A8GH6'","MBS","UMBS MORTPASS 2.5% 04/26","Other",,,,,"28770.38",,,,,,""
"2021-04-21","'31329MJD3'","MBS","UMBS MORTPASS 3% 07/29","15yr",,,,,"28769.44",,,,,,""
"2021-04-21","'36291DNQ2'","MBS","GNMA I MORTPASS 5% 03/34","30yr",,,,,"28740.25",,,,,,""
"2021-04-21","'3138EDPJ4'","MBS","UMBS MORTPASS 3% 03/27","15yr",,,,,"28704.44",,,,,,""
"2021-04-21","'3138MGB38'","MBS","UMBS MORTPASS 2.5% 12/27","15yr",,,,,"28702.03",,,,,,""
"2021-04-21","'36294XV37'","MBS","GNMA I 5.5% 03/37","30yr",,,,,"28686.27",,,,,,""
"2021-04-21","'3620AGW27'","MBS","GNMA I MORTPASS 5% 02/40","30yr",,,,,"28650.03",,,,,,""
"2021-04-21","'3131X9QK3'","MBS","UMBS MORTPASS 3% 08/28","15yr",,,,,"28637.2",,,,,,""
"2021-04-21","'3128LXFW5'","MBS","FHLMCGLD 5% 12/35","30yr",,,,,"28635.19",,,,,,""
"2021-04-21","'3138ELCQ4'","MBS","UMBS MORTPASS 3.5% 05/28","15yr",,,,,"28630.93",,,,,,""
"2021-04-21","'31418BQ66'","MBS","UMBS MORTPASS 2.5% 04/45","30yr",,,,,"28628.04",,,,,,""
"2021-04-21","'3128MEA50'","MBS","FHLMCGLD 3.5% 07/29","15yr",,,,,"28620.51",,,,,,""
"2021-04-21","'3128CUJD9'","MBS","FHLMCGLD 4% 05/24","Other",,,,,"28595.46",,,,,,""
"2021-04-21","'3128L9WD1'","MBS","FHLMCGLD 5.5% 04/38","30yr",,,,,"28578.34",,,,,,""
"2021-04-21","'36291JHF0'","MBS","GNMA I MORTPASS 5% 05/34","30yr",,,,,"28543.8",,,,,,""
"2021-04-21","'31416KHL5'","MBS","UMBS MORTPASS 4.5% 01/24","15yr",,,,,"28542.48",,,,,,""
"2021-04-21","'3128PQ5E7'","MBS","FHLMCGLD 4.5% 03/25","15yr",,,,,"28507.9",,,,,,""
"2021-04-21","'36295EYU5'","MBS","GNMA I 5.5% 06/38","30yr",,,,,"28487.1",,,,,,""
"2021-04-21","'31419CX24'","MBS","UMBS MORTPASS 4.5% 09/40","30yr",,,,,"28459.75",,,,,,""
"2021-04-21","'3128PMSK7'","MBS","FHLMCGLD 4.5% 03/24","15yr",,,,,"28452.21",,,,,,""
"2021-04-21","'3138WATK3'","MBS","UMBS MORTPASS 3.5% 01/44","30yr",,,,,"28447.25",,,,,,""
"2021-04-21","'36297HWY0'","MBS","GNMA I 4.5% 05/39","30yr",,,,,"28434.94",,,,,,""
"2021-04-21","'3138EPSP0'","MBS","UMBS MORTPASS 3% 05/30","15yr",,,,,"28402.57",,,,,,""
"2021-04-21","'3128MDFZ1'","MBS","FHLMCGLD 4% 07/26","15yr",,,,,"28392.3",,,,,,""
"2021-04-21","'36296DAS7'","MBS","GNMA I 5.5% 07/38","30yr",,,,,"28374.36",,,,,,""
"2021-04-21","'31412EKT2'","MBS","UMBS MORTPASS 5.5% 02/37","30yr",,,,,"28342.29",,,,,,""
"2021-04-21","'3132A5GD1'","MBS","UMBS MORTPASS 2.5% 12/46","30yr",,,,,"28326.48",,,,,,""
"2021-04-21","'3620A3TJ3'","MBS","GNMA I 4.5% 09/39","30yr",,,,,"28320.63",,,,,,""
"2021-04-21","'3138ERJC5'","MBS","UMBS MORTPASS 3.5% 10/30","15yr",,,,,"28214.54",,,,,,""
"2021-04-21","'3131X9TV6'","MBS","UMBS MORTPASS 2% 09/23","Other",,,,,"28186.81",,,,,,""
"2021-04-21","'3620AKX43'","MBS","GNMA I MORTPASS 5% 04/40","30yr",,,,,"28171.61",,,,,,""
"2021-04-21","'3140J8GY3'","MBS","UMBS MORTPASS 2.5% 12/31","15yr",,,,,"28171.37",,,,,,""
"2021-04-21","'3138APPB8'","MBS","UMBS MORTPASS 3% 02/22","Other",,,,,"28165.36",,,,,,""
"2021-04-21","'36296CH86'","MBS","GNMA I MORTPASS 5% 07/38","30yr",,,,,"28046",,,,,,""
"2021-04-21","'31307VFS0'","MBS","FHLMCGLD 2.5% 01/33","15yr",,,,,"28007",,,,,,""
"2021-04-21","'36295YJ79'","MBS","GNMA I 5.5% 03/38","30yr",,,,,"27971.77",,,,,,""
"2021-04-21","'3132M6EB2'","MBS","FHLMCGLD 4% 04/44","30yr",,,,,"27949.93",,,,,,""
"2021-04-21","'36176JNG1'","MBS","GNMA I MORTPASS 4% 07/41","30yr",,,,,"27929.73",,,,,,""
"2021-04-21","'31329KRL0'","MBS","UMBS MORTPASS 3.5% 01/33","Other",,,,,"27912.59",,,,,,""
"2021-04-21","'3131X8CW4'","MBS","UMBS MORTPASS 2.5% 10/22","Other",,,,,"27911.94",,,,,,""
"2021-04-21","'3140H7PU5'","MBS","UMBS MORTPASS 4.5% 05/48","30yr",,,,,"27870.42",,,,,,""
"2021-04-21","'3620AEC32'","MBS","GNMA I MORTPASS 4% 02/40","30yr",,,,,"27832.62",,,,,,""
"2021-04-21","'3138YTM35'","MBS","UMBS MORTPASS 2% 07/30","15yr",,,,,"27827.53",,,,,,""
"2021-04-21","'3140HHNC5'","MBS","UMBS MORTPASS 4.5% 05/48","30yr",,,,,"27798.5",,,,,,""
"2021-04-21","'36296BAY8'","MBS","GNMA I 5.5% 06/38","30yr",,,,,"27789.45",,,,,,""
"2021-04-21","'36201TWP8'","MBS","GNMA I 5.5% 02/37","30yr",,,,,"27745.53",,,,,,""
"2021-04-21","'3138ABZU6'","MBS","UMBS MORTPASS 3.5% 04/26","15yr",,,,,"27734.24",,,,,,""
"2021-04-21","'3131X9Y57'","MBS","UMBS MORTPASS 2.5% 10/28","15yr",,,,,"27718.91",,,,,,""
"2021-04-21","'3128MJWB2'","MBS","FHLMCGLD 3.5% 05/45","30yr",,,,,"27689.93",,,,,,""
"2021-04-21","'31417B5U7'","MBS","UMBS MORTPASS 2.5% 06/27","15yr",,,,,"27665.81",,,,,,""
"2021-04-21","'31371N4H5'","MBS","UMBS MORTPASS 5.5% 10/28","Other",,,,,"27661.85",,,,,,""
"2021-04-21","'3128MCR56'","MBS","FHLMCGLD 4% 10/25","15yr",,,,,"27609.8",,,,,,""
"2021-04-21","'31418ABQ0'","MBS","UMBS MORTPASS 2.5% 12/21","Other",,,,,"27570.63",,,,,,""
"2021-04-21","'3131XXTU5'","MBS","UMBS MORTPASS 3% 09/47","30yr",,,,,"27533.4",,,,,,""
"2021-04-21","'3138WJLT3'","MBS","UMBS MORTPASS 2.5% 12/36","Other",,,,,"27519.7",,,,,,""
"2021-04-21","'36176LVM4'","MBS","GNMA I MORTPASS 4% 08/41","30yr",,,,,"27497.25",,,,,,""
"2021-04-21","'3620ARVY4'","MBS","GNMA I MORTPASS 4% 01/41","30yr",,,,,"27484.05",,,,,,""
"2021-04-21","'36297ERS6'","MBS","GNMA I 5.5% 09/39","30yr",,,,,"27477.54",,,,,,""
"2021-04-21","'3138M6YH4'","MBS","UMBS MORTPASS 3.5% 08/27","15yr",,,,,"27453.39",,,,,,""
"2021-04-21","'31412S3B9'","MBS","UMBS MORTPASS 5% 05/38","30yr",,,,,"27432",,,,,,""
"2021-04-21","'3138M6GG6'","MBS","UMBS MORTPASS 2.5% 08/27","15yr",,,,,"27414.84",,,,,,""
"2021-04-21","'3138EBG74'","MBS","UMBS MORTPASS 3% 03/27","15yr",,,,,"27414.46",,,,,,""
"2021-04-21","'3138XHER8'","MBS","UMBS MORTPASS 2.5% 01/29","15yr",,,,,"27394.71",,,,,,""
"2021-04-21","'3128KKPS2'","MBS","FHLMCGLD 6% 01/37","30yr",,,,,"27371.31",,,,,,""
"2021-04-21","'3132WFUP2'","MBS","FHLMCGLD 3% 08/46","30yr",,,,,"27367.02",,,,,,""
"2021-04-21","'3140EW4R3'","MBS","UMBS MORTPASS 2.5% 11/31","15yr",,,,,"27356.26",,,,,,""
"2021-04-21","'3620A4V74'","MBS","GNMA I 4.5% 10/39","30yr",,,,,"27322.63",,,,,,""
"2021-04-21","'3140H8ZR9'","MBS","UMBS MORTPASS 3% 07/33","15yr",,,,,"27316.43",,,,,,""
"2021-04-21","'3131X7SY5'","MBS","UMBS MORTPASS 3% 05/27","15yr",,,,,"27308.49",,,,,,""
"2021-04-21","'31416JHY0'","MBS","UMBS MORTPASS 6.5% 12/38","30yr",,,,,"27280.05",,,,,,""
"2021-04-21","'36202EB73'","MBS","GNMA II 3.5% 05/34","30yr",,,,,"27277.3",,,,,,""
"2021-04-21","'31307VSA5'","MBS","FHLMCGLD 3% 02/33","15yr",,,,,"27256.26",,,,,,""
"2021-04-21","'31414VDK9'","MBS","UMBS MORTPASS 6.5% 04/38","30yr",,,,,"27172.27",,,,,,""
"2021-04-21","'36297ELU7'","MBS","GNMA I 5.5% 02/39","30yr",,,,,"27155.23",,,,,,""
"2021-04-21","'3128L9PS6'","MBS","FHLMCGLD 5% 04/38","30yr",,,,,"27154.89",,,,,,""
"2021-04-21","'3140Q8M69'","MBS","UMBS MORTPASS 3% 02/33","15yr",,,,,"27129.34",,,,,,""
"2021-04-21","'31416XWX4'","MBS","UMBS MORTPASS 4% 03/41","30yr",,,,,"27125.4",,,,,,""
"2021-04-21","'31417TNP9'","MBS","UMBS MORTPASS 4% 01/25","15yr",,,,,"27116.48",,,,,,""
"2021-04-21","'31380ENW0'","MBS","UMBS MORTPASS 5.5% 12/24","30yr",,,,,"27097.87",,,,,,""
"2021-04-21","'31414UMQ8'","MBS","UMBS MORTPASS 4% 03/23","15yr",,,,,"27092.09",,,,,,""
"2021-04-21","'3138ET4G8'","MBS","UMBS MORTPASS 3% 05/30","15yr",,,,,"27080.06",,,,,,""
"2021-04-21","'31418SBE8'","MBS","UMBS MORTPASS 4% 03/25","15yr",,,,,"27067.48",,,,,,""
"2021-04-21","'36290UDP8'","MBS","GNMA I MORTPASS 6% 07/37","30yr",,,,,"27062.81",,,,,,""
"2021-04-21","'31417DWS8'","MBS","UMBS MORTPASS 3% 11/32","Other",,,,,"27040.47",,,,,,""
"2021-04-21","'3132KE2B0'","MBS","FHLMCGLD 2.5% 03/30","15yr",,,,,"27038.4",,,,,,""
"2021-04-21","'3128CUWF9'","MBS","FHLMCGLD 3% 05/33","Other",,,,,"27005.77",,,,,,""
"2021-04-21","'3128K8MU7'","MBS","FHLMCGLD 5% 11/35","30yr",,,,,"27001.71",,,,,,""
"2021-04-21","'31410LLP5'","MBS","UMBS MORTPASS 3% 04/23","Other",,,,,"26995.73",,,,,,""
"2021-04-21","'31412H6A2'","MBS","UMBS MORTPASS 6% 08/39","30yr",,,,,"26975.23",,,,,,""
"2021-04-21","'3132QUPT4'","MBS","FHLMCGLD 4.5% 11/45","30yr",,,,,"26973.2",,,,,,""
"2021-04-21","'31417NAC5'","MBS","UMBS MORTPASS 4.5% 08/24","15yr",,,,,"26970.68",,,,,,""
"2021-04-21","'3140HPV95'","MBS","UMBS MORTPASS 3.5% 11/48","30yr",,,,,"26912.31",,,,,,""
"2021-04-21","'36297DKC0'","MBS","GNMA I MORTPASS 5% 04/39","30yr",,,,,"26900.76",,,,,,""
"2021-04-21","'3138X5PC5'","MBS","UMBS MORTPASS 2.5% 08/28","15yr",,,,,"26900.27",,,,,,""
"2021-04-21","'3128MFDY1'","MBS","FHLMCGLD 3% 03/32","15yr",,,,,"26895.26",,,,,,""
"2021-04-21","'3138WAHW0'","MBS","UMBS MORTPASS 2.5% 11/23","Other",,,,,"26856.28",,,,,,""
"2021-04-21","'3138YSLD6'","MBS","UMBS MORTPASS 3.5% 06/45","30yr",,,,,"26848.52",,,,,,""
"2021-04-21","'3133KJRP9'","MBS","UMBS MORTPASS 2.5% 08/50","30yr",,,,,"26847.85",,,,,,""
"2021-04-21","'31307W3Y8'","MBS","FHLMCGLD 3.5% 11/33","15yr",,,,,"26823.4",,,,,,""
"2021-04-21","'36209R2Q5'","MBS","GNMA I MORTPASS 4% 10/41","30yr",,,,,"26823.19",,,,,,""
"2021-04-21","'3128E5M97'","MBS","FHLMCGLD 4% 12/30","Other",,,,,"26797.92",,,,,,""
"2021-04-21","'36290X5W6'","MBS","GNMA I MORTPASS 5% 02/37","30yr",,,,,"26794.02",,,,,,""
"2021-04-21","'31329KA87'","MBS","UMBS MORTPASS 4.5% 05/24","Other",,,,,"26770.28",,,,,,""
"2021-04-21","'312938BT9'","MBS","FHLMCGLD 4.5% 12/39","30yr",,,,,"26768.02",,,,,,""
"2021-04-21","'36207QWW3'","MBS","GNMA I MORTPASS 6% 01/39","30yr",,,,,"26764.66",,,,,,""
"2021-04-21","'31417TV88'","MBS","UMBS MORTPASS 4% 11/24","15yr",,,,,"26744.42",,,,,,""
"2021-04-21","'31412DNQ7'","MBS","UMBS MORTPASS 5.5% 03/37","30yr",,,,,"26726.83",,,,,,""
"2021-04-21","'3138AFHD5'","MBS","UMBS MORTPASS 4.5% 05/41","30yr",,,,,"26675.19",,,,,,""
"2021-04-21","'3620A7L86'","MBS","GNMA I 5.5% 09/39","30yr",,,,,"26664.15",,,,,,""
"2021-04-21","'3138Y9XR4'","MBS","UMBS MORTPASS 4% 12/44","30yr",,,,,"26662.19",,,,,,""
"2021-04-21","'3140H2F78'","MBS","UMBS MORTPASS 3.5% 02/48","30yr",,,,,"26655.98",,,,,,""
"2021-04-21","'3138WYCK9'","MBS","UMBS MORTPASS 2.5% 06/28","15yr",,,,,"26646.15",,,,,,""
"2021-04-21","'31418BW93'","MBS","UMBS MORTPASS 3.5% 12/45","30yr",,,,,"26644.32",,,,,,""
"2021-04-21","'3138WTG42'","MBS","UMBS MORTPASS 3.5% 05/28","15yr",,,,,"26614.79",,,,,,""
"2021-04-21","'31368HML4'","MBS","UMBS MORTPASS 5.5% 11/35","30yr",,,,,"26612.48",,,,,,""
"2021-04-21","'3128MJXX3'","MBS","FHLMCGLD 3.5% 03/46","30yr",,,,,"26584.29",,,,,,""
"2021-04-21","'36200K6K8'","MBS","GNMA I MORTPASS 5% 02/33","30yr",,,,,"26581.31",,,,,,""
"2021-04-21","'3140HMH72'","MBS","UMBS MORTPASS 3% 09/33","15yr",,,,,"26579.13",,,,,,""
"2021-04-21","'3138WCKF9'","MBS","UMBS MORTPASS 3.5% 08/29","15yr",,,,,"26576.36",,,,,,""
"2021-04-21","'3138WA5S2'","MBS","UMBS MORTPASS 3.5% 02/29","15yr",,,,,"26557.4",,,,,,""
"2021-04-21","'3129366V4'","MBS","FHLMCGLD 6% 11/39","30yr",,,,,"26538.23",,,,,,""
"2021-04-21","'3140X4MG8'","MBS","UMBS MORTPASS 4% 07/49","30yr",,,,,"26498.7",,,,,,""
"2021-04-21","'36297GM80'","MBS","GNMA I MORTPASS 4% 01/40","30yr",,,,,"26497.19",,,,,,""
"2021-04-21","'36241KVY1'","MBS","GNMA II MORTPASS 5% 10/38","30yr",,,,,"26441.74",,,,,,""
"2021-04-21","'31415RE75'","MBS","UMBS MORTPASS 5% 07/38","30yr",,,,,"26418.16",,,,,,""
"2021-04-21","'3131X9SJ4'","MBS","UMBS MORTPASS 3% 08/23","Other",,,,,"26372.33",,,,,,""
"2021-04-21","'3140FNCY8'","MBS","UMBS MORTPASS 4.5% 11/47","30yr",,,,,"26319.4",,,,,,""
"2021-04-21","'36292KZT6'","MBS","GNMA I MORTPASS 6% 03/36","30yr",,,,,"26318.1",,,,,,""
"2021-04-21","'3138EPKL7'","MBS","UMBS MORTPASS 3.5% 04/30","15yr",,,,,"26297.63",,,,,,""
"2021-04-21","'3138XUW65'","MBS","UMBS MORTPASS 2% 04/28","15yr",,,,,"26286.45",,,,,,""
"2021-04-21","'36207QFY8'","MBS","GNMA I MORTPASS 4% 01/42","30yr",,,,,"26284.87",,,,,,""
"2021-04-21","'31417DTT0'","MBS","UMBS MORTPASS 3% 11/32","Other",,,,,"26213.93",,,,,,""
"2021-04-21","'312929QT2'","MBS","FHLMCGLD 6.5% 11/38","30yr",,,,,"26174.12",,,,,,""
"2021-04-21","'31418PB38'","MBS","UMBS MORTPASS 4% 01/25","15yr",,,,,"26089.9",,,,,,""
"2021-04-21","'3128MDNH2'","MBS","FHLMCGLD 3% 02/23","15yr",,,,,"26064.26",,,,,,""
"2021-04-21","'3140HMGF5'","MBS","UMBS MORTPASS 3.5% 07/48","30yr",,,,,"26057.29",,,,,,""
"2021-04-21","'36295RXN3'","MBS","GNMA I MORTPASS 5% 03/40","30yr",,,,,"26029.5",,,,,,""
"2021-04-21","'3620A44N9'","MBS","GNMA I 4.5% 11/39","30yr",,,,,"26019.73",,,,,,""
"2021-04-21","'3138E1QJ9'","MBS","UMBS MORTPASS 3% 02/27","15yr",,,,,"26012.11",,,,,,""
"2021-04-21","'31418AAZ1'","MBS","UMBS MORTPASS 2.5% 10/21","Other",,,,,"26000.2",,,,,,""
"2021-04-21","'36176SBX7'","MBS","GNMA I 3.5% 09/42","30yr",,,,,"25972.88",,,,,,""
"2021-04-21","'3140F7PF0'","MBS","UMBS MORTPASS 4% 06/46","30yr",,,,,"25965.03",,,,,,""
"2021-04-21","'3132A5EX9'","MBS","UMBS MORTPASS 3% 02/46","30yr",,,,,"25945",,,,,,""
"2021-04-21","'31416TZZ5'","MBS","UMBS MORTPASS 6% 07/39","30yr",,,,,"25934.81",,,,,,""
"2021-04-21","'36296YZT2'","MBS","GNMA I 5.5% 10/39","30yr",,,,,"25929.03",,,,,,""
"2021-04-21","'3138WHN57'","MBS","UMBS MORTPASS 2.5% 07/46","30yr",,,,,"25921.33",,,,,,""
"2021-04-21","'3132A8L23'","MBS","UMBS MORTPASS 2.5% 11/31","15yr",,,,,"25900.47",,,,,,""
"2021-04-21","'3140HHPZ2'","MBS","UMBS MORTPASS 4.5% 06/48","30yr",,,,,"25856.44",,,,,,""
"2021-04-21","'3140JG3A1'","MBS","UMBS MORTPASS 4% 09/49","30yr",,,,,"25855.94",,,,,,""
"2021-04-21","'31412USD3'","MBS","UMBS MORTPASS 6% 07/39","30yr",,,,,"25848.97",,,,,,""
"2021-04-21","'3140FDFG6'","MBS","UMBS MORTPASS 3% 11/46","30yr",,,,,"25827.27",,,,,,""
"2021-04-21","'36291VM59'","MBS","GNMA I MORTPASS 5% 01/35","30yr",,,,,"25819.56",,,,,,""
"2021-04-21","'31410KXQ2'","MBS","UMBS MORTPASS 5.5% 08/38","30yr",,,,,"25793.03",,,,,,""
"2021-04-21","'36296N3M6'","MBS","GNMA I 5.5% 08/38","30yr",,,,,"25791.66",,,,,,""
"2021-04-21","'3140GXNT4'","MBS","UMBS MORTPASS 3% 11/32","15yr",,,,,"25791.24",,,,,,""
"2021-04-21","'31334YZU4'","MBS","UMBS MORTPASS 3% 09/49","30yr",,,,,"25752.58",,,,,,""
"2021-04-21","'31412QWP0'","MBS","UMBS MORTPASS 4% 12/24","15yr",,,,,"25730.66",,,,,,""
"2021-04-21","'3140X4P83'","MBS","UMBS MORTPASS 3% 08/49","30yr",,,,,"25706.74",,,,,,""
"2021-04-21","'3128Q05S2'","MBS","FHLMCGLD 3% 07/22","15yr",,,,,"25677.89",,,,,,""
"2021-04-21","'31415MSG1'","MBS","UMBS MORTPASS 5% 06/38","30yr",,,,,"25673.82",,,,,,""
"2021-04-21","'3138EPWN0'","MBS","UMBS MORTPASS 3% 06/45","30yr",,,,,"25670.68",,,,,,""
"2021-04-21","'3128MCPJ8'","MBS","FHLMCGLD 4% 05/25","15yr",,,,,"25670.42",,,,,,""
"2021-04-21","'312939U25'","MBS","FHLMCGLD 5.5% 03/40","30yr",,,,,"25641.28",,,,,,""
"2021-04-21","'36290R4E0'","MBS","GNMA I MORTPASS 5% 09/33","30yr",,,,,"25632.45",,,,,,""
"2021-04-21","'3128MDAX1'","MBS","FHLMCGLD 3% 12/21","15yr",,,,,"25599.36",,,,,,""
"2021-04-21","'3620ACKX1'","MBS","GNMA I MORTPASS 4% 11/39","30yr",,,,,"25586.46",,,,,,""
"2021-04-21","'3128PXWN2'","MBS","FHLMCGLD 3% 01/22","15yr",,,,,"25585.5",,,,,,""
"2021-04-21","'3138LUSV8'","MBS","UMBS MORTPASS 3.5% 06/42","30yr",,,,,"25580.22",,,,,,""
"2021-04-21","'3138WFZM1'","MBS","UMBS MORTPASS 2.5% 11/30","15yr",,,,,"25559.74",,,,,,""
"2021-04-21","'31307SM91'","MBS","FHLMCGLD 2.5% 11/31","15yr",,,,,"25556.94",,,,,,""
"2021-04-21","'31371LF38'","MBS","UMBS MORTPASS 5.5% 11/23","Other",,,,,"25539.26",,,,,,""
"2021-04-21","'31418ACQ9'","MBS","UMBS MORTPASS 3% 02/27","15yr",,,,,"25518.71",,,,,,""
"2021-04-21","'3140X45Y8'","MBS","UMBS MORTPASS 3.5% 09/49","30yr",,,,,"25496.1",,,,,,""
"2021-04-21","'3128PLKX9'","MBS","FHLMCGLD 5% 07/23","15yr",,,,,"25466.14",,,,,,""
"2021-04-21","'36179NQZ4'","MBS","GNMA II MORTPASS 2% 03/43","30yr",,,,,"25457.98",,,,,,""
"2021-04-21","'31412NM60'","MBS","UMBS MORTPASS 6.5% 11/38","30yr",,,,,"25446.29",,,,,,""
"2021-04-21","'36295RK23'","MBS","GNMA I 4.5% 02/39","30yr",,,,,"25438.3",,,,,,""
"2021-04-21","'3138YNLK1'","MBS","UMBS MORTPASS 3.5% 08/45","30yr",,,,,"25438.16",,,,,,""
"2021-04-21","'3138WFRN8'","MBS","UMBS MORTPASS 3.5% 10/45","30yr",,,,,"25437.22",,,,,,""
"2021-04-21","'3132QVXL0'","MBS","FHLMCGLD 4% 02/46","30yr",,,,,"25433.8",,,,,,""
"2021-04-21","'31417ATN9'","MBS","UMBS MORTPASS 2.5% 01/22","Other",,,,,"25339.92",,,,,,""
"2021-04-21","'36202ERC5'","MBS","GNMA II MORTPASS 5% 02/38","30yr",,,,,"25324.46",,,,,,""
"2021-04-21","'31417Y3M7'","MBS","UMBS MORTPASS 3% 07/21","Other",,,,,"25318.87",,,,,,""
"2021-04-21","'36202EH36'","MBS","GNMA II MORTPASS 5% 05/36","30yr",,,,,"25297.96",,,,,,""
"2021-04-21","'3138XVDU1'","MBS","UMBS MORTPASS 3% 05/29","15yr",,,,,"25291.11",,,,,,""
"2021-04-21","'31335AWW4'","MBS","FHLMCGLD 4% 07/46","30yr",,,,,"25286.18",,,,,,""
"2021-04-21","'31412P3Q2'","MBS","UMBS MORTPASS 4.5% 07/39","30yr",,,,,"25285.73",,,,,,""
"2021-04-21","'3138EJXU7'","MBS","UMBS MORTPASS 3.5% 09/32","Other",,,,,"25242.04",,,,,,""
"2021-04-21","'3138YGGD8'","MBS","UMBS MORTPASS 2.5% 01/30","15yr",,,,,"25233.44",,,,,,""
"2021-04-21","'3138W0X87'","MBS","UMBS MORTPASS 2.5% 01/28","15yr",,,,,"25195.43",,,,,,""
"2021-04-21","'3133A7VP1'","MBS","UMBS MORTPASS 2.5% 07/50","30yr",,,,,"25192.17",,,,,,""
"2021-04-21","'3131X9NK6'","MBS","UMBS MORTPASS 2.5% 07/28","15yr",,,,,"25184.09",,,,,,""
"2021-04-21","'3138WJU22'","MBS","UMBS MORTPASS 4.5% 01/47","30yr",,,,,"25144.81",,,,,,""
"2021-04-21","'31416W6G2'","MBS","UMBS MORTPASS 3% 11/25","15yr",,,,,"25110.83",,,,,,""
"2021-04-21","'36295DN88'","MBS","GNMA I MORTPASS 5% 09/39","30yr",,,,,"25108.39",,,,,,""
"2021-04-21","'36177NM31'","MBS","GNMA I MORTPASS 4% 02/42","30yr",,,,,"25084.04",,,,,,""
"2021-04-21","'3140HAMH0'","MBS","UMBS MORTPASS 3% 08/49","30yr",,,,,"25057.35",,,,,,""
"2021-04-21","'36297H4H8'","MBS","GNMA I MORTPASS 4% 05/39","30yr",,,,,"25052.83",,,,,,""
"2021-04-21","'3138XYC28'","MBS","UMBS MORTPASS 3.5% 09/44","30yr",,,,,"25032.29",,,,,,""
"2021-04-21","'3140KHGB1'","MBS","UMBS MORTPASS 2% 08/35","15yr",,,,,"25022.22",,,,,,""
"2021-04-21","'31418B6V3'","MBS","UMBS MORTPASS 4% 07/46","30yr",,,,,"25002.59",,,,,,""
"2021-04-21","'3140GU2C0'","MBS","UMBS MORTPASS 4.5% 07/47","30yr",,,,,"24986.85",,,,,,""
"2021-04-21","'31407EAH6'","MBS","UMBS MORTPASS 5% 07/35","30yr",,,,,"24967.66",,,,,,""
"2021-04-21","'3132A9TA5'","MBS","UMBS MORTPASS 2.5% 03/32","15yr",,,,,"24963.95",,,,,,""
"2021-04-21","'31406A4F6'","MBS","UMBS MORTPASS 5.5% 12/34","30yr",,,,,"24959.08",,,,,,""
"2021-04-21","'3138YSUU8'","MBS","UMBS MORTPASS 4% 09/45","30yr",,,,,"24945.74",,,,,,""
"2021-04-21","'3128L0Q88'","MBS","FHLMCGLD 6% 11/37","30yr",,,,,"24922.88",,,,,,""
"2021-04-21","'3128MFTF5'","MBS","FHLMCGLD 3.5% 11/28","15yr",,,,,"24916.95",,,,,,""
"2021-04-21","'3620A4P30'","MBS","GNMA I MORTPASS 5% 08/39","30yr",,,,,"24910.18",,,,,,""
"2021-04-21","'36201TUH8'","MBS","GNMA I 5.5% 05/36","30yr",,,,,"24887.28",,,,,,""
"2021-04-21","'36230RXU5'","MBS","GNMA I MORTPASS 4% 12/40","30yr",,,,,"24850.01",,,,,,""
"2021-04-21","'31404DGE2'","MBS","UMBS MORTPASS 5% 03/34","30yr",,,,,"24831.1",,,,,,""
"2021-04-21","'31329PCM3'","MBS","UMBS MORTPASS 4.5% 06/48","30yr",,,,,"24792.55",,,,,,""
"2021-04-21","'3128LD3D4'","MBS","FHLMCGLD 5% 07/38","30yr",,,,,"24785.75",,,,,,""
"2021-04-21","'36290XL40'","MBS","GNMA I MORTPASS 5% 08/33","30yr",,,,,"24785.06",,,,,,""
"2021-04-21","'36291GYJ9'","MBS","GNMA I MORTPASS 5% 05/34","30yr",,,,,"24738.71",,,,,,""
"2021-04-21","'3140FDAQ9'","MBS","UMBS MORTPASS 2% 11/31","15yr",,,,,"24735.41",,,,,,""
"2021-04-21","'3140E8YS1'","MBS","UMBS MORTPASS 3.5% 11/45","30yr",,,,,"24711.25",,,,,,""
"2021-04-21","'36290VCT9'","MBS","GNMA I MORTPASS 5% 08/33","30yr",,,,,"24700.26",,,,,,""
"2021-04-21","'3132QVPQ8'","MBS","FHLMCGLD 4.5% 02/46","30yr",,,,,"24695.81",,,,,,""
"2021-04-21","'31417MLZ4'","MBS","UMBS MORTPASS 4.5% 08/24","15yr",,,,,"24689.34",,,,,,""
"2021-04-21","'3132WDM35'","MBS","FHLMCGLD 4.5% 05/46","30yr",,,,,"24616.42",,,,,,""
"2021-04-21","'3138WDHT1'","MBS","UMBS MORTPASS 3% 11/29","15yr",,,,,"24588.38",,,,,,""
"2021-04-21","'3131X9UT9'","MBS","UMBS MORTPASS 2.5% 09/28","15yr",,,,,"24493.24",,,,,,""
"2021-04-21","'3133ADUS3'","MBS","UMBS MORTPASS 2% 12/50","30yr",,,,,"24449.97",,,,,,""
"2021-04-21","'3138YHU65'","MBS","UMBS MORTPASS 3.5% 05/45","30yr",,,,,"24437.88",,,,,,""
"2021-04-21","'3131XCKL0'","MBS","UMBS MORTPASS 2.5% 11/31","15yr",,,,,"24430.62",,,,,,""
"2021-04-21","'3138W4AY7'","MBS","UMBS MORTPASS 2.5% 02/43","30yr",,,,,"24424.58",,,,,,""
"2021-04-21","'36202DYY1'","MBS","GNMA II 4.5% 08/33","30yr",,,,,"24414.39",,,,,,""
"2021-04-21","'31414AK35'","MBS","UMBS MORTPASS 6.5% 12/37","30yr",,,,,"24395.11",,,,,,""
"2021-04-21","'36297E6T7'","MBS","GNMA I MORTPASS 5% 03/39","30yr",,,,,"24394.45",,,,,,""
"2021-04-21","'3140HA2X7'","MBS","UMBS MORTPASS 3% 04/48","30yr",,,,,"24371.2",,,,,,""
"2021-04-21","'36210BWA9'","MBS","GNMA I MORTPASS 5% 02/39","30yr",,,,,"24369.61",,,,,,""
"2021-04-21","'3140X5WG4'","MBS","UMBS MORTPASS 3.5% 02/50","30yr",,,,,"24352.01",,,,,,""
"2021-04-21","'31418CCW2'","MBS","UMBS MORTPASS 4% 10/46","30yr",,,,,"24334.88",,,,,,""
"2021-04-21","'31371PBT6'","MBS","UMBS MORTPASS 5% 01/24","15yr",,,,,"24310.41",,,,,,""
"2021-04-21","'3140KYH98'","MBS","UMBS MORTPASS 2% 12/50","30yr",,,,,"24302.47",,,,,,""
"2021-04-21","'31410G7C1'","MBS","UMBS MORTPASS 5% 04/23","15yr",,,,,"24285.52",,,,,,""
"2021-04-21","'3138MRFJ5'","MBS","UMBS MORTPASS 2.5% 12/27","15yr",,,,,"24238.64",,,,,,""
"2021-04-21","'3131X92J2'","MBS","UMBS MORTPASS 2.5% 11/28","15yr",,,,,"24228.62",,,,,,""
"2021-04-21","'36230T5M0'","MBS","GNMA I 3.5% 10/41","30yr",,,,,"24158.85",,,,,,""
"2021-04-21","'3140X8BP1'","MBS","UMBS MORTPASS 2.5% 10/50","30yr",,,,,"24153.41",,,,,,""
"2021-04-21","'36202DX63'","MBS","GNMA II 4.5% 06/33","30yr",,,,,"24136.76",,,,,,""
"2021-04-21","'3140J5Q85'","MBS","UMBS MORTPASS 4% 08/24","Other",,,,,"24115.87",,,,,,""
"2021-04-21","'3140FMNJ1'","MBS","UMBS MORTPASS 4.5% 12/46","30yr",,,,,"24075.81",,,,,,""
"2021-04-21","'3140FM3L8'","MBS","UMBS MORTPASS 3% 12/32","15yr",,,,,"24018.58",,,,,,""
"2021-04-21","'36176WSJ1'","MBS","GNMA I MORTPASS 4% 12/41","30yr",,,,,"23994.18",,,,,,""
"2021-04-21","'3128MDE25'","MBS","FHLMCGLD 4% 06/26","15yr",,,,,"23989.1",,,,,,""
"2021-04-21","'3131XXZS3'","MBS","UMBS MORTPASS 4% 10/47","30yr",,,,,"23983.71",,,,,,""
"2021-04-21","'36297BX55'","MBS","GNMA I 4.5% 02/39","30yr",,,,,"23980.54",,,,,,""
"2021-04-21","'3128Q1BC8'","MBS","FHLMCGLD 2.5% 08/22","15yr",,,,,"23948.02",,,,,,""
"2021-04-21","'31418ARC4'","MBS","UMBS MORTPASS 3% 03/28","15yr",,,,,"23944.17",,,,,,""
"2021-04-21","'31418BY75'","MBS","UMBS MORTPASS 2% 01/31","15yr",,,,,"23909.79",,,,,,""
"2021-04-21","'36177TAU1'","MBS","GNMA I 3.5% 03/42","30yr",,,,,"23892.99",,,,,,""
"2021-04-21","'36297DFW2'","MBS","GNMA I 4.5% 04/39","30yr",,,,,"23879.27",,,,,,""
"2021-04-21","'3131Y0QL9'","MBS","UMBS MORTPASS 3.5% 03/48","30yr",,,,,"23835.4",,,,,,""
"2021-04-21","'3140Q86B6'","MBS","UMBS MORTPASS 3.5% 12/47","30yr",,,,,"23830.36",,,,,,""
"2021-04-21","'31409YDZ7'","MBS","UMBS MORTPASS 6.5% 09/36","30yr",,,,,"23829.46",,,,,,""
"2021-04-21","'31415YWC9'","MBS","UMBS MORTPASS 6.5% 11/38","30yr",,,,,"23810",,,,,,""
"2021-04-21","'36206FCX8'","MBS","GNMA I MORTPASS 5% 07/38","30yr",,,,,"23797.49",,,,,,""
"2021-04-21","'3140EUKZ1'","MBS","UMBS MORTPASS 4.5% 03/46","30yr",,,,,"23787.75",,,,,,""
"2021-04-21","'36177PCT0'","MBS","GNMA I 3.5% 03/42","30yr",,,,,"23786.68",,,,,,""
"2021-04-21","'31409YRE9'","MBS","UMBS MORTPASS 6.5% 08/36","30yr",,,,,"23784.58",,,,,,""
"2021-04-21","'36296NNB8'","MBS","GNMA I MORTPASS 6% 08/38","30yr",,,,,"23754.59",,,,,,""
"2021-04-21","'3140EWW84'","MBS","UMBS MORTPASS 3.5% 02/46","30yr",,,,,"23731.27",,,,,,""
"2021-04-21","'3128P7GW7'","MBS","FHLMCGLD 6.5% 10/27","Other",,,,,"23712.3",,,,,,""
"2021-04-21","'3140JL2T0'","MBS","UMBS MORTPASS 3.5% 03/49","30yr",,,,,"23694.81",,,,,,""
"2021-04-21","'36177TK63'","MBS","GNMA I MORTPASS 3% 06/42","30yr",,,,,"23687.11",,,,,,""
"2021-04-21","'31371NP82'","MBS","UMBS MORTPASS 5.5% 01/28","Other",,,,,"23681.84",,,,,,""
"2021-04-21","'3138WFF27'","MBS","UMBS MORTPASS 2.5% 08/30","15yr",,,,,"23677.31",,,,,,""
"2021-04-21","'3132A7G62'","MBS","UMBS MORTPASS 3% 06/27","15yr",,,,,"23657.51",,,,,,""
"2021-04-21","'36297HL48'","MBS","GNMA I 5.5% 05/39","30yr",,,,,"23647.45",,,,,,""
"2021-04-21","'3138WB3B9'","MBS","UMBS MORTPASS 3.5% 06/44","30yr",,,,,"23624.42",,,,,,""
"2021-04-21","'31417QN34'","MBS","UMBS MORTPASS 5.5% 06/38","30yr",,,,,"23598.28",,,,,,""
"2021-04-21","'31416HRT4'","MBS","UMBS MORTPASS 6.5% 02/39","30yr",,,,,"23591.59",,,,,,""
"2021-04-21","'31415TLN8'","MBS","UMBS MORTPASS 6.5% 10/38","30yr",,,,,"23582.53",,,,,,""
"2021-04-21","'31417QX90'","MBS","UMBS MORTPASS 3.5% 11/24","15yr",,,,,"23576.69",,,,,,""
"2021-04-21","'3131X7PE2'","MBS","UMBS MORTPASS 2.5% 03/22","Other",,,,,"23573.26",,,,,,""
"2021-04-21","'3138XJZC4'","MBS","UMBS MORTPASS 2.5% 01/30","15yr",,,,,"23572.45",,,,,,""
"2021-04-21","'31329JQC4'","MBS","UMBS MORTPASS 2.5% 02/43","30yr",,,,,"23562.04",,,,,,""
"2021-04-21","'31410LR46'","MBS","UMBS MORTPASS 2.5% 02/31","15yr",,,,,"23552.83",,,,,,""
"2021-04-21","'3132ACSJ0'","MBS","UMBS MORTPASS 4% 09/48","30yr",,,,,"23546.91",,,,,,""
"2021-04-21","'3140Q9MX8'","MBS","UMBS MORTPASS 3% 07/48","30yr",,,,,"23546.44",,,,,,""
"2021-04-21","'3138WGLH5'","MBS","UMBS MORTPASS 4.5% 02/46","30yr",,,,,"23528.41",,,,,,""
"2021-04-21","'31406UJV1'","MBS","UMBS MORTPASS 5% 07/35","30yr",,,,,"23520.25",,,,,,""
"2021-04-21","'31418BM37'","MBS","UMBS MORTPASS 4% 02/35","Other",,,,,"23499.49",,,,,,""
"2021-04-21","'3138WGU44'","MBS","UMBS MORTPASS 2.5% 12/30","15yr",,,,,"23494.78",,,,,,""
"2021-04-21","'3138E5ZK7'","MBS","UMBS MORTPASS 3% 01/27","15yr",,,,,"23475.1",,,,,,""
"2021-04-21","'3140H6L80'","MBS","UMBS MORTPASS 3.5% 02/33","15yr",,,,,"23473.5",,,,,,""
"2021-04-21","'3132A8DA4'","MBS","UMBS MORTPASS 3% 07/27","15yr",,,,,"23458.92",,,,,,""
"2021-04-21","'3620A5SS9'","MBS","GNMA I 5.5% 10/39","30yr",,,,,"23445.17",,,,,,""
"2021-04-21","'3140KEQH4'","MBS","UMBS MORTPASS 1.5% 09/35","15yr",,,,,"23406.39",,,,,,""
"2021-04-21","'3128CUXV3'","MBS","FHLMCGLD 3.5% 08/34","Other",,,,,"23377.69",,,,,,""
"2021-04-21","'31417BQ26'","MBS","UMBS MORTPASS 2.5% 04/22","Other",,,,,"23363.95",,,,,,""
"2021-04-21","'3138WEPW3'","MBS","UMBS MORTPASS 2.5% 05/30","15yr",,,,,"23329.24",,,,,,""
"2021-04-21","'3138WEUQ0'","MBS","UMBS MORTPASS 2.5% 06/30","15yr",,,,,"23316.17",,,,,,""
"2021-04-21","'3132QQTQ5'","MBS","FHLMCGLD 3% 06/45","30yr",,,,,"23312.53",,,,,,""
"2021-04-21","'3138LYPN1'","MBS","UMBS MORTPASS 3% 06/27","15yr",,,,,"23257.63",,,,,,""
"2021-04-21","'3128KUNG8'","MBS","FHLMCGLD 5% 07/37","30yr",,,,,"23240.19",,,,,,""
"2021-04-21","'3140X7X46'","MBS","UMBS MORTPASS 2.5% 09/50","30yr",,,,,"23240.04",,,,,,""
"2021-04-21","'31406ETU8'","MBS","UMBS MORTPASS 5% 01/35","30yr",,,,,"23199.18",,,,,,""
"2021-04-21","'31334YAV9'","MBS","UMBS MORTPASS 3.5% 08/49","30yr",,,,,"23198.33",,,,,,""
"2021-04-21","'3128PQ5Q0'","MBS","FHLMCGLD 4.5% 03/25","15yr",,,,,"23193.72",,,,,,""
"2021-04-21","'3131XXMQ1'","MBS","UMBS MORTPASS 3.5% 08/47","30yr",,,,,"23179.95",,,,,,""
"2021-04-21","'36202EYJ2'","MBS","GNMA II 4.5% 12/38","30yr",,,,,"23176.28",,,,,,""
"2021-04-21","'3128M7FP6'","MBS","FHLMCGLD 5.5% 07/37","30yr",,,,,"23175.96",,,,,,""
"2021-04-21","'3132A7JR3'","MBS","UMBS MORTPASS 2.5% 08/22","Other",,,,,"23148.59",,,,,,""
"2021-04-21","'31411CAR2'","MBS","UMBS MORTPASS 6% 10/36","30yr",,,,,"23145.45",,,,,,""
"2021-04-21","'3131XCLE5'","MBS","UMBS MORTPASS 2.5% 12/31","15yr",,,,,"23139.6",,,,,,""
"2021-04-21","'31335HX99'","MBS","FHLMCGLD 4% 08/23","Other",,,,,"23138.36",,,,,,""
"2021-04-21","'31412QT58'","MBS","UMBS MORTPASS 4% 11/24","15yr",,,,,"23130.08",,,,,,""
"2021-04-21","'3131XU6F9'","MBS","UMBS MORTPASS 2.5% 09/46","30yr",,,,,"23129.66",,,,,,""
"2021-04-21","'3128MDJH7'","MBS","FHLMCGLD 2.5% 08/22","15yr",,,,,"23124.46",,,,,,""
"2021-04-21","'3620AGK79'","MBS","GNMA I MORTPASS 4% 08/40","30yr",,,,,"23112.65",,,,,,""
"2021-04-21","'3620A6VY0'","MBS","GNMA I 5.5% 09/39","30yr",,,,,"23108.23",,,,,,""
"2021-04-21","'3128MJMH0'","MBS","FHLMCGLD 6% 07/39","30yr",,,,,"23077.17",,,,,,""
"2021-04-21","'31415AWN7'","MBS","UMBS MORTPASS 4.5% 04/23","15yr",,,,,"23066.24",,,,,,""
"2021-04-21","'31339SVK8'","MBS","UMBS MORTPASS 3% 10/49","30yr",,,,,"23053.81",,,,,,""
"2021-04-21","'31417JFR6'","MBS","UMBS MORTPASS 6% 08/39","30yr",,,,,"23037.91",,,,,,""
"2021-04-21","'31418CCA0'","MBS","UMBS MORTPASS 2.5% 09/46","30yr",,,,,"23032.02",,,,,,""
"2021-04-21","'3131XLGV3'","MBS","UMBS MORTPASS 2.5% 01/43","30yr",,,,,"23028.82",,,,,,""
"2021-04-21","'3140HLJX5'","MBS","UMBS MORTPASS 4.5% 07/48","30yr",,,,,"23012.16",,,,,,""
"2021-04-21","'31417N2X8'","MBS","UMBS MORTPASS 4% 07/39","30yr",,,,,"23007.86",,,,,,""
"2021-04-21","'3138WFHF6'","MBS","UMBS MORTPASS 3.5% 08/45","30yr",,,,,"22990.52",,,,,,""
"2021-04-21","'3140F92H7'","MBS","UMBS MORTPASS 2.5% 07/46","30yr",,,,,"22966.41",,,,,,""
"2021-04-21","'3620A9SG7'","MBS","GNMA I 4.5% 09/39","30yr",,,,,"22955.37",,,,,,""
"2021-04-21","'36176LU86'","MBS","GNMA I MORTPASS 4% 06/41","30yr",,,,,"22904.88",,,,,,""
"2021-04-21","'36296QDE6'","MBS","GNMA I 5.5% 12/38","30yr",,,,,"22856.63",,,,,,""
"2021-04-21","'3128MCX42'","MBS","FHLMCGLD 5.5% 05/23","15yr",,,,,"22831.26",,,,,,"Y"
"2021-04-21","'3620A3RG1'","MBS","GNMA I MORTPASS 5% 08/39","30yr",,,,,"22826.4",,,,,,""
"2021-04-21","'36295HAF7'","MBS","GNMA I MORTPASS 6% 06/39","30yr",,,,,"22817.86",,,,,,""
"2021-04-21","'3138XLZ47'","MBS","UMBS MORTPASS 4% 11/44","30yr",,,,,"22815.87",,,,,,""
"2021-04-21","'3140EUFU8'","MBS","UMBS MORTPASS 4.5% 01/46","30yr",,,,,"22813.15",,,,,,""
"2021-04-21","'3620AEE63'","MBS","GNMA I MORTPASS 4% 08/41","30yr",,,,,"22811.82",,,,,,""
"2021-04-21","'36176APV5'","MBS","GNMA I MORTPASS 4% 08/41","30yr",,,,,"22786.72",,,,,,""
"2021-04-21","'36241L3W4'","MBS","GNMA II MORTPASS 4% 09/41","30yr",,,,,"22778.8",,,,,,""
"2021-04-21","'36200FDX3'","MBS","GNMA I MORTPASS 5% 10/35","30yr",,,,,"22731.95",,,,,,""
"2021-04-21","'31416P2L0'","MBS","UMBS MORTPASS 5.5% 06/39","30yr",,,,,"22716.42",,,,,,""
"2021-04-21","'31307MK88'","MBS","FHLMCGLD 2% 04/30","15yr",,,,,"22709.47",,,,,,""
"2021-04-21","'3140FLZG6'","MBS","UMBS MORTPASS 4.5% 11/46","30yr",,,,,"22704.14",,,,,,""
"2021-04-21","'3138X5A64'","MBS","UMBS MORTPASS 3.5% 08/28","15yr",,,,,"22679.41",,,,,,""
"2021-04-21","'3140X4JD9'","MBS","UMBS MORTPASS 4.5% 02/48","30yr",,,,,"22620.83",,,,,,""
"2021-04-21","'3128P7BN2'","MBS","FHLMCGLD 5% 01/26","Other",,,,,"22618.88",,,,,,""
"2021-04-21","'31417AXL8'","MBS","UMBS MORTPASS 3% 01/27","15yr",,,,,"22568.62",,,,,,""
"2021-04-21","'3138W4XZ9'","MBS","UMBS MORTPASS 3% 01/43","30yr",,,,,"22563.34",,,,,,""
"2021-04-21","'3138X5CX3'","MBS","UMBS MORTPASS 3.5% 05/29","15yr",,,,,"22558.78",,,,,,""
"2021-04-21","'3138YBS46'","MBS","UMBS MORTPASS 3% 02/30","15yr",,,,,"22551.36",,,,,,""
"2021-04-21","'3138WJJ33'","MBS","UMBS MORTPASS 4.5% 11/46","30yr",,,,,"22547.05",,,,,,""
"2021-04-21","'31329MHP8'","MBS","UMBS MORTPASS 3% 08/30","15yr",,,,,"22546.43",,,,,,""
"2021-04-21","'31416RJ79'","MBS","UMBS MORTPASS 6% 05/39","30yr",,,,,"22545.68",,,,,,""
"2021-04-21","'3131X8BT2'","MBS","UMBS MORTPASS 2.5% 10/27","15yr",,,,,"22524.1",,,,,,""
"2021-04-21","'3140JHFS7'","MBS","UMBS MORTPASS 3.5% 12/48","30yr",,,,,"22521.59",,,,,,""
"2021-04-21","'31407EAL7'","MBS","UMBS MORTPASS 5% 07/35","30yr",,,,,"22491.49",,,,,,""
"2021-04-21","'36202ULD3'","MBS","GNMA I MORTPASS 5% 05/34","30yr",,,,,"22490.48",,,,,,""
"2021-04-21","'31307N3W2'","MBS","FHLMCGLD 3.5% 08/30","15yr",,,,,"22479.44",,,,,,""
"2021-04-21","'36297FB68'","MBS","GNMA I 4.5% 06/39","30yr",,,,,"22461.17",,,,,,""
"2021-04-21","'31307SW82'","MBS","FHLMCGLD 2.5% 01/32","15yr",,,,,"22423.25",,,,,,""
"2021-04-21","'3138WEUT4'","MBS","UMBS MORTPASS 2.5% 06/30","15yr",,,,,"22402.63",,,,,,""
"2021-04-21","'31418N5E6'","MBS","UMBS MORTPASS 4% 01/25","15yr",,,,,"22399.33",,,,,,""
"2021-04-21","'3131XAAD3'","MBS","UMBS MORTPASS 3% 12/28","15yr",,,,,"22380.7",,,,,,""
"2021-04-21","'3133A2DP2'","MBS","UMBS 3.0%","30yr",,,,,"22344.8",,,,,,""
"2021-04-21","'3140J7W35'","MBS","UMBS MORTPASS 2.5% 01/33","15yr",,,,,"22344.54",,,,,,""
"2021-04-21","'3620A2XC5'","MBS","GNMA I 4.5% 06/39","30yr",,,,,"22337.98",,,,,,""
"2021-04-21","'31346YKZ5'","MBS","UMBS MORTPASS 3% 11/49","30yr",,,,,"22327.97",,,,,,""
"2021-04-21","'3138WHJH6'","MBS","UMBS MORTPASS 3% 05/31","15yr",,,,,"22306.33",,,,,,""
"2021-04-21","'3138WDHL8'","MBS","UMBS MORTPASS 2.5% 11/29","15yr",,,,,"22281.25",,,,,,""
"2021-04-21","'31405YVA6'","MBS","UMBS MORTPASS 6% 11/34","30yr",,,,,"22264.48",,,,,,""
"2021-04-21","'3620AB5E2'","MBS","GNMA I MORTPASS 5% 11/39","30yr",,,,,"22261.05",,,,,,""
"2021-04-21","'3620C5NF0'","MBS","GNMA I MORTPASS 4% 08/41","30yr",,,,,"22236.66",,,,,,""
"2021-04-21","'3131X7RD2'","MBS","UMBS MORTPASS 2.5% 04/27","15yr",,,,,"22215.64",,,,,,""
"2021-04-21","'3140FUNM6'","MBS","UMBS MORTPASS 4.5% 02/47","30yr",,,,,"22209.9",,,,,,""
"2021-04-21","'312933JA3'","MBS","FHLMCGLD 5.5% 06/39","30yr",,,,,"22203.95",,,,,,""
"2021-04-21","'3132QTXA9'","MBS","FHLMCGLD 4% 10/45","30yr",,,,,"22195.03",,,,,,""
"2021-04-21","'3140JYXU5'","MBS","UMBS MORTPASS 3% 10/49","30yr",,,,,"22181.07",,,,,,""
"2021-04-21","'36202EHR3'","MBS","GNMA II MORTPASS 5% 04/36","30yr",,,,,"22169.58",,,,,,""
"2021-04-21","'3138WFHL3'","MBS","UMBS MORTPASS 3% 08/45","30yr",,,,,"22127.44",,,,,,""
"2021-04-21","'36296RUN5'","MBS","GNMA I 5.5% 09/38","30yr",,,,,"22113.36",,,,,,""
"2021-04-21","'36230QTN8'","MBS","GNMA I MORTPASS 4% 01/41","30yr",,,,,"22101.7",,,,,,""
"2021-04-21","'3140J7ZZ1'","MBS","UMBS MORTPASS 3.5% 02/33","15yr",,,,,"22056.53",,,,,,""
"2021-04-21","'31417AWM7'","MBS","UMBS MORTPASS 2.5% 01/22","Other",,,,,"22051.46",,,,,,""
"2021-04-21","'31417W7K1'","MBS","UMBS MORTPASS 4.5% 04/25","15yr",,,,,"22045.84",,,,,,""
"2021-04-21","'3138W25C5'","MBS","UMBS MORTPASS 2.5% 02/33","Other",,,,,"22008.96",,,,,,""
"2021-04-21","'36176NVX6'","MBS","GNMA I 3.5% 04/43","30yr",,,,,"21996.75",,,,,,""
"2021-04-21","'3132A9QX8'","MBS","UMBS MORTPASS 3% 06/30","15yr",,,,,"21995.33",,,,,,""
"2021-04-21","'3138XKN67'","MBS","UMBS MORTPASS 3% 05/24","Other",,,,,"21967.29",,,,,,""
"2021-04-21","'3128M6Q92'","MBS","FHLMCGLD 5.5% 08/38","30yr",,,,,"21949.96",,,,,,""
"2021-04-21","'3138MBWY8'","MBS","UMBS MORTPASS 3% 09/22","Other",,,,,"21910.45",,,,,,""
"2021-04-21","'3138ERQN3'","MBS","UMBS MORTPASS 2.5% 11/31","15yr",,,,,"21902.56",,,,,,""
"2021-04-21","'3138XYQK3'","MBS","UMBS MORTPASS 3.5% 08/44","30yr",,,,,"21848.77",,,,,,""
"2021-04-21","'3128MJYC8'","MBS","FHLMCGLD 3.5% 05/46","30yr",,,,,"21847.31",,,,,,""
"2021-04-21","'3138MBK70'","MBS","UMBS MORTPASS 3% 09/27","15yr",,,,,"21838.51",,,,,,""
"2021-04-21","'3132QTAT3'","MBS","FHLMCGLD 4.5% 09/45","30yr",,,,,"21831.84",,,,,,""
"2021-04-21","'36297EK61'","MBS","GNMA I MORTPASS 6% 01/39","30yr",,,,,"21825.22",,,,,,""
"2021-04-21","'36295RKN7'","MBS","GNMA I MORTPASS 6% 01/39","30yr",,,,,"21799.28",,,,,,""
"2021-04-21","'31417B5K9'","MBS","UMBS MORTPASS 2.5% 06/22","Other",,,,,"21796.81",,,,,,""
"2021-04-21","'36295WJD0'","MBS","GNMA I MORTPASS 5% 04/40","30yr",,,,,"21771.78",,,,,,""
"2021-04-21","'3138EMU66'","MBS","UMBS MORTPASS 2.5% 02/28","15yr",,,,,"21754.96",,,,,,""
"2021-04-21","'3138X2ME1'","MBS","UMBS MORTPASS 3.5% 09/28","15yr",,,,,"21742.86",,,,,,""
"2021-04-21","'31307FWY3'","MBS","FHLMCGLD 3% 01/29","15yr",,,,,"21733.49",,,,,,""
"2021-04-21","'3132WEGS5'","MBS","FHLMCGLD 4.5% 04/46","30yr",,,,,"21691.39",,,,,,""
"2021-04-21","'36200NXW6'","MBS","GNMA I MORTPASS 5% 12/34","30yr",,,,,"21690.49",,,,,,""
"2021-04-21","'36296RWE3'","MBS","GNMA I 5.5% 09/38","30yr",,,,,"21652.96",,,,,,""
"2021-04-21","'3128KJHV7'","MBS","FHLMCGLD 5.5% 12/36","30yr",,,,,"21650.53",,,,,,""
"2021-04-21","'31410GTY9'","MBS","UMBS MORTPASS 6% 12/37","30yr",,,,,"21635.74",,,,,,""
"2021-04-21","'3128MD6R9'","MBS","FHLMCGLD 3.5% 09/29","15yr",,,,,"21619.38",,,,,,""
"2021-04-21","'3128PRA33'","MBS","FHLMCGLD 4.5% 03/25","15yr",,,,,"21612.97",,,,,,""
"2021-04-21","'3620AFGK7'","MBS","GNMA I MORTPASS 5% 11/39","30yr",,,,,"21577.15",,,,,,""
"2021-04-21","'3138Y2PT4'","MBS","UMBS MORTPASS 3.5% 09/29","15yr",,,,,"21561.94",,,,,,""
"2021-04-21","'3138XTPE9'","MBS","UMBS MORTPASS 3.5% 05/24","Other",,,,,"21558.54",,,,,,""
"2021-04-21","'3133KHMS2'","MBS","UMBS MORTPASS 3% 03/50","30yr",,,,,"21558.35",,,,,,""
"2021-04-21","'3138ENKX6'","MBS","UMBS MORTPASS 3% 04/24","Other",,,,,"21553.89",,,,,,""
"2021-04-21","'36295DQB8'","MBS","GNMA I MORTPASS 5% 04/37","30yr",,,,,"21531.35",,,,,,""
"2021-04-21","'3132QTXE1'","MBS","FHLMCGLD 4.5% 10/45","30yr",,,,,"21527.04",,,,,,""
"2021-04-21","'36202VDN8'","MBS","GNMA I MORTPASS 5% 08/33","30yr",,,,,"21524.28",,,,,,""
"2021-04-21","'36181D5C6'","MBS","GNMA I 3.5% 06/43","30yr",,,,,"21517.64",,,,,,""
"2021-04-21","'36179UH54'","MBS","GNMA II 4.5% 12/48","30yr",,,,,"21512.91",,,,,,""
"2021-04-21","'31414YDE7'","MBS","UMBS MORTPASS 6.5% 05/38","30yr",,,,,"21475.92",,,,,,""
"2021-04-21","'3140HESZ6'","MBS","UMBS MORTPASS 4% 10/48","30yr",,,,,"21437.91",,,,,,""
"2021-04-21","'36202TEK8'","MBS","GNMA I MORTPASS 5% 07/34","30yr",,,,,"21421.66",,,,,,""
"2021-04-21","'3128PPMF7'","MBS","FHLMCGLD 4.5% 07/24","15yr",,,,,"21420.62",,,,,,""
"2021-04-21","'3128PMLC2'","MBS","FHLMCGLD 4.5% 02/24","15yr",,,,,"21404.85",,,,,,""
"2021-04-21","'3128PMJ84'","MBS","FHLMCGLD 4.5% 02/24","15yr",,,,,"21375.89",,,,,,""
"2021-04-21","'3138Y14Q5'","MBS","UMBS MORTPASS 3.5% 09/44","30yr",,,,,"21374.95",,,,,,""
"2021-04-21","'3138XBGN8'","MBS","UMBS MORTPASS 2.5% 10/22","Other",,,,,"21373.76",,,,,,""
"2021-04-21","'3140X5BW2'","MBS","UMBS MORTPASS 3% 07/33","15yr",,,,,"21367.09",,,,,,""
"2021-04-21","'3138X0BT4'","MBS","UMBS MORTPASS 3.5% 08/43","30yr",,,,,"21351.8",,,,,,""
"2021-04-21","'3138W9KB5'","MBS","UMBS MORTPASS 2.5% 08/28","15yr",,,,,"21341.72",,,,,,""
"2021-04-21","'3138W13U9'","MBS","UMBS MORTPASS 2.5% 02/28","15yr",,,,,"21339.06",,,,,,""
"2021-04-21","'3128MMS38'","MBS","FHLMCGLD 3% 01/30","15yr",,,,,"21324.39",,,,,,""
"2021-04-21","'31418CJD7'","MBS","UMBS MORTPASS 3.5% 04/47","30yr",,,,,"21320.17",,,,,,""
"2021-04-21","'3138WE6A2'","MBS","UMBS MORTPASS 3.5% 07/45","30yr",,,,,"21279.76",,,,,,""
"2021-04-21","'36181MMY9'","MBS","GNMA I MORTPASS 4% 10/43","30yr",,,,,"21255.46",,,,,,""
"2021-04-21","'31416SZN4'","MBS","UMBS MORTPASS 4.5% 05/24","15yr",,,,,"21222.7",,,,,,""
"2021-04-21","'3131XCA31'","MBS","UMBS MORTPASS 2.5% 07/31","15yr",,,,,"21200.23",,,,,,""
"2021-04-21","'3128PVW55'","MBS","FHLMCGLD 3% 07/21","15yr",,,,,"21181.75",,,,,,""
"2021-04-21","'3138A8LC8'","MBS","UMBS MORTPASS 4% 03/41","30yr",,,,,"21171.21",,,,,,""
"2021-04-21","'36297E6M2'","MBS","GNMA I MORTPASS 5% 03/39","30yr",,,,,"21168.89",,,,,,""
"2021-04-21","'3140H8RN7'","MBS","UMBS MORTPASS 3.5% 04/48","30yr",,,,,"21093.45",,,,,,""
"2021-04-21","'36294UUW0'","MBS","GNMA I 3.5% 03/42","30yr",,,,,"21061",,,,,,""
"2021-04-21","'3620AG3V5'","MBS","GNMA I MORTPASS 5% 04/40","30yr",,,,,"21056.35",,,,,,""
"2021-04-21","'31404R3R6'","MBS","UMBS MORTPASS 5% 05/34","30yr",,,,,"21049.2",,,,,,""
"2021-04-21","'31418BQK5'","MBS","UMBS MORTPASS 3% 05/45","30yr",,,,,"21035.08",,,,,,""
"2021-04-21","'31419KKX2'","MBS","UMBS MORTPASS 3% 11/25","15yr",,,,,"21003.64",,,,,,""
"2021-04-21","'31418CG40'","MBS","UMBS MORTPASS 2.5% 01/47","30yr",,,,,"20997.72",,,,,,""
"2021-04-21","'31412RLN5'","MBS","UMBS MORTPASS 3.5% 11/25","15yr",,,,,"20991.53",,,,,,""
"2021-04-21","'3138MFPX9'","MBS","UMBS MORTPASS 2.5% 10/27","15yr",,,,,"20986.31",,,,,,""
"2021-04-21","'31407Y3P2'","MBS","UMBS MORTPASS 5% 05/36","30yr",,,,,"20976.7",,,,,,""
"2021-04-21","'3131X9ZP2'","MBS","UMBS MORTPASS 3% 10/28","15yr",,,,,"20968.68",,,,,,""
"2021-04-21","'36200CSK2'","MBS","GNMA I MORTPASS 5% 03/33","30yr",,,,,"20958.01",,,,,,""
"2021-04-21","'36210B3W3'","MBS","GNMA I MORTPASS 4% 03/39","30yr",,,,,"20912.01",,,,,,""
"2021-04-21","'36213TAH6'","MBS","GNMA I MORTPASS 5% 04/34","30yr",,,,,"20907.4",,,,,,""
"2021-04-21","'31400GV85'","MBS","UMBS MORTPASS 5% 02/33","30yr",,,,,"20880.13",,,,,,""
"2021-04-21","'3132A7CX7'","MBS","UMBS MORTPASS 3% 12/21","Other",,,,,"20847.43",,,,,,""
"2021-04-21","'3128PQ3X7'","MBS","FHLMCGLD 4.5% 02/25","15yr",,,,,"20841.95",,,,,,""
"2021-04-21","'3138LTBL1'","MBS","UMBS MORTPASS 3% 05/27","15yr",,,,,"20775.3",,,,,,""
"2021-04-21","'31416K6K9'","MBS","UMBS MORTPASS 4% 03/24","15yr",,,,,"20762.47",,,,,,""
"2021-04-21","'31418AEF1'","MBS","UMBS MORTPASS 4% 03/22","Other",,,,,"20750.27",,,,,,""
"2021-04-21","'3140EBHJ3'","MBS","UMBS MORTPASS 2.5% 01/31","15yr",,,,,"20742.74",,,,,,""
"2021-04-21","'3132QRM23'","MBS","FHLMCGLD 4.5% 07/45","30yr",,,,,"20709.38",,,,,,""
"2021-04-21","'3138Y7SQ6'","MBS","UMBS MORTPASS 3.5% 10/29","15yr",,,,,"20709.32",,,,,,""
"2021-04-21","'3138WHL26'","MBS","UMBS MORTPASS 3.5% 07/46","30yr",,,,,"20704.47",,,,,,""
"2021-04-21","'31371LBP3'","MBS","UMBS MORTPASS 4.5% 07/23","Other",,,,,"20697.65",,,,,,""
"2021-04-21","'31407NP80'","MBS","UMBS MORTPASS 5% 08/35","30yr",,,,,"20690.27",,,,,,""
"2021-04-21","'3620C6SS5'","MBS","GNMA I MORTPASS 4% 11/40","30yr",,,,,"20675.93",,,,,,""
"2021-04-21","'3128P8CD1'","MBS","FHLMCGLD 3.5% 04/36","Other",,,,,"20672.06",,,,,,""
"2021-04-21","'31419A4N4'","MBS","UMBS MORTPASS 3.5% 02/41","30yr",,,,,"20658",,,,,,""
"2021-04-21","'3140FSGM9'","MBS","UMBS MORTPASS 4.5% 01/47","30yr",,,,,"20648.04",,,,,,""
"2021-04-21","'36230MJ24'","MBS","GNMA I MORTPASS 4% 07/41","30yr",,,,,"20647.64",,,,,,""
"2021-04-21","'3132GKCD6'","MBS","FHLMCGLD 3.5% 10/41","30yr",,,,,"20632.63",,,,,,""
"2021-04-21","'31412TMV2'","MBS","UMBS MORTPASS 5% 06/38","30yr",,,,,"20623.99",,,,,,""
"2021-04-21","'31412QRR2'","MBS","UMBS MORTPASS 4% 11/24","15yr",,,,,"20618.45",,,,,,""
"2021-04-21","'3131X62L3'","MBS","UMBS MORTPASS 3% 08/26","15yr",,,,,"20615.24",,,,,,""
"2021-04-21","'3138M2C46'","MBS","UMBS MORTPASS 2.5% 07/27","15yr",,,,,"20611.07",,,,,,""
"2021-04-21","'36292FT64'","MBS","GNMA I MORTPASS 5% 09/35","30yr",,,,,"20608.39",,,,,,""
"2021-04-21","'3132KFQV7'","MBS","FHLMCGLD 2.5% 08/23","15yr",,,,,"20592.78",,,,,,""
"2021-04-21","'3138WHP55'","MBS","UMBS MORTPASS 2.5% 08/31","15yr",,,,,"20591.98",,,,,,""
"2021-04-21","'3138YDP52'","MBS","UMBS MORTPASS 3.5% 01/45","30yr",,,,,"20587.47",,,,,,""
"2021-04-21","'3132WJSN2'","MBS","FHLMCGLD 3.5% 12/46","30yr",,,,,"20556.24",,,,,,""
"2021-04-21","'36176PRL2'","MBS","GNMA I 3.5% 11/41","30yr",,,,,"20550.88",,,,,,""
"2021-04-21","'3138AXHB0'","MBS","UMBS MORTPASS 3% 11/26","15yr",,,,,"20549.79",,,,,,""
"2021-04-21","'36179TZ24'","MBS","GNMA II 2.5% 05/48","30yr",,,,,"20549.78",,,,,,""
"2021-04-21","'3128P76D0'","MBS","FHLMCGLD 3.5% 07/34","Other",,,,,"20543.42",,,,,,""
"2021-04-21","'31417Y4V6'","MBS","UMBS MORTPASS 4% 08/21","Other",,,,,"20528.02",,,,,,""
"2021-04-21","'3140X4VK9'","MBS","UMBS MORTPASS 3.5% 09/49","30yr",,,,,"20517.45",,,,,,""
"2021-04-21","'31307HHR1'","MBS","FHLMCGLD 3% 06/29","15yr",,,,,"20490.16",,,,,,""
"2021-04-21","'31371N5K7'","MBS","UMBS MORTPASS 6.5% 11/38","30yr",,,,,"20444.47",,,,,,""
"2021-04-21","'31417AN39'","MBS","UMBS MORTPASS 2.5% 12/21","Other",,,,,"20423.1",,,,,,""
"2021-04-21","'36297DDE4'","MBS","GNMA I 4.5% 03/39","30yr",,,,,"20419.39",,,,,,""
"2021-04-21","'36292AWJ3'","MBS","GNMA I MORTPASS 5% 09/35","30yr",,,,,"20392.58",,,,,,""
"2021-04-21","'3140HGPN1'","MBS","UMBS MORTPASS 3% 03/33","15yr",,,,,"20384.46",,,,,,""
"2021-04-21","'31307NTR5'","MBS","FHLMCGLD 3% 03/22","15yr",,,,,"20382.72",,,,,,""
"2021-04-21","'36296YZG0'","MBS","GNMA I MORTPASS 5% 07/39","30yr",,,,,"20352.62",,,,,,""
"2021-04-21","'3138WFBK1'","MBS","UMBS MORTPASS 2.5% 07/45","30yr",,,,,"20336.11",,,,,,""
"2021-04-21","'3138YNXU6'","MBS","UMBS MORTPASS 2% 04/30","15yr",,,,,"20334.03",,,,,,""
"2021-04-21","'3128PK3J1'","MBS","FHLMCGLD 5% 06/23","15yr",,,,,"20325.3",,,,,,""
"2021-04-21","'3138WCWR0'","MBS","UMBS MORTPASS 3% 09/29","15yr",,,,,"20279.34",,,,,,""
"2021-04-21","'3131X8NY8'","MBS","UMBS MORTPASS 2.5% 01/28","15yr",,,,,"20275.66",,,,,,""
"2021-04-21","'36176D6Z1'","MBS","GNMA I MORTPASS 4% 03/41","30yr",,,,,"20248.37",,,,,,""
"2021-04-21","'3620A1X94'","MBS","GNMA I 4.5% 06/39","30yr",,,,,"20232.49",,,,,,""
"2021-04-21","'3128M7H74'","MBS","FHLMCGLD 5% 03/39","30yr",,,,,"20220.06",,,,,,""
"2021-04-21","'36295GRJ3'","MBS","GNMA I MORTPASS 5% 04/39","30yr",,,,,"20212.66",,,,,,""
"2021-04-21","'3132QTAF3'","MBS","FHLMCGLD 3.5% 09/45","30yr",,,,,"20201.43",,,,,,""
"2021-04-21","'3140EVAF4'","MBS","UMBS MORTPASS 4.5% 05/46","30yr",,,,,"20198.7",,,,,,""
"2021-04-21","'312944BN0'","MBS","FHLMCGLD 4% 12/40","30yr",,,,,"20175.7",,,,,,""
"2021-04-21","'36296WTF3'","MBS","GNMA I 5.5% 07/39","30yr",,,,,"20172.66",,,,,,""
"2021-04-21","'36292LKE3'","MBS","GNMA I MORTPASS 5% 05/36","30yr",,,,,"20154.39",,,,,,""
"2021-04-21","'3620C4JW1'","MBS","GNMA I 3.5% 11/41","30yr",,,,,"20144.73",,,,,,""
"2021-04-21","'31412UAJ9'","MBS","UMBS MORTPASS 4.5% 03/24","15yr",,,,,"20114.03",,,,,,""
"2021-04-21","'31413QW38'","MBS","UMBS MORTPASS 5.5% 09/37","30yr",,,,,"20103.44",,,,,,""
"2021-04-21","'3138MGMS1'","MBS","UMBS MORTPASS 2.5% 01/28","15yr",,,,,"20075.88",,,,,,""
"2021-04-21","'31418CAG9'","MBS","UMBS MORTPASS 3.5% 08/46","30yr",,,,,"20070.69",,,,,,""
"2021-04-21","'3140GYKR9'","MBS","UMBS MORTPASS 3.5% 02/33","15yr",,,,,"20048.51",,,,,,""
"2021-04-21","'3138MKNA0'","MBS","UMBS MORTPASS 3.5% 11/28","15yr",,,,,"20018.43",,,,,,""
"2021-04-21","'3131XY6Y0'","MBS","UMBS MORTPASS 3.5% 01/48","30yr",,,,,"20015.15",,,,,,""
"2021-04-21","'36297DKT3'","MBS","GNMA I MORTPASS 4% 04/39","30yr",,,,,"20013.44",,,,,,""
"2021-04-21","'31417YCJ4'","MBS","UMBS MORTPASS 4% 05/29","Other",,,,,"20008.33",,,,,,""
"2021-04-21","'31415MZE8'","MBS","UMBS MORTPASS 5% 06/23","15yr",,,,,"20004.23",,,,,,""
"2021-04-21","'3132M45M3'","MBS","FHLMCGLD 3.5% 02/44","30yr",,,,,"20003.74",,,,,,""
"2021-04-21","'3133A1TX0'","MBS","UMBS MORTPASS 3% 02/50","30yr",,,,,"19937.66",,,,,,""
"2021-04-21","'36177MDJ8'","MBS","GNMA I MORTPASS 4% 12/41","30yr",,,,,"19928.73",,,,,,""
"2021-04-21","'31418CMX9'","MBS","UMBS MORTPASS 4.5% 07/47","30yr",,,,,"19918.9",,,,,,""
"2021-04-21","'31329QNE7'","MBS","UMBS MORTPASS 4% 04/49","30yr",,,,,"19912.23",,,,,,""
"2021-04-21","'3138EJBX5'","MBS","UMBS MORTPASS 3% 06/27","15yr",,,,,"19880.3",,,,,,""
"2021-04-21","'3128M4XV0'","MBS","FHLMCGLD 5.5% 07/37","30yr",,,,,"19857.41",,,,,,""
"2021-04-21","'3138W9NP1'","MBS","UMBS MORTPASS 3% 09/28","15yr",,,,,"19848.38",,,,,,""
"2021-04-21","'3128PPME0'","MBS","FHLMCGLD 4% 07/24","15yr",,,,,"19824.34",,,,,,""
"2021-04-21","'3128E4DJ8'","MBS","FHLMCGLD 5% 06/27","Other",,,,,"19806.61",,,,,,""
"2021-04-21","'3131XYSU4'","MBS","UMBS MORTPASS 3.5% 12/47","30yr",,,,,"19786.24",,,,,,""
"2021-04-21","'31414SAC7'","MBS","UMBS MORTPASS 4.5% 04/23","15yr",,,,,"19778.34",,,,,,""
"2021-04-21","'36297FK92'","MBS","GNMA I MORTPASS 5% 01/40","30yr",,,,,"19772.05",,,,,,""
"2021-04-21","'3131X7SJ8'","MBS","UMBS MORTPASS 3% 05/22","Other",,,,,"19752.79",,,,,,""
"2021-04-21","'36180MXG7'","MBS","GNMA I MORTPASS 3% 03/43","30yr",,,,,"19723.35",,,,,,""
"2021-04-21","'3128PQ5C1'","MBS","FHLMCGLD 4.5% 02/25","15yr",,,,,"19713.33",,,,,,""
"2021-04-21","'3128P7LW1'","MBS","FHLMCGLD 5% 03/29","Other",,,,,"19686.53",,,,,,""
"2021-04-21","'3131X9CC6'","MBS","UMBS MORTPASS 3% 05/28","15yr",,,,,"19681.8",,,,,,""
"2021-04-21","'3140QBGN2'","MBS","UMBS MORTPASS 2.5% 07/49","30yr",,,,,"19679",,,,,,""
"2021-04-21","'31418QA29'","MBS","UMBS MORTPASS 4% 03/25","15yr",,,,,"19647.74",,,,,,""
"2021-04-21","'31307L4Q8'","MBS","FHLMCGLD 2.5% 02/30","15yr",,,,,"19627.02",,,,,,""
"2021-04-21","'3132M6W48'","MBS","FHLMCGLD 4% 05/44","30yr",,,,,"19603.71",,,,,,""
"2021-04-21","'3132KFMW9'","MBS","FHLMCGLD 2.5% 08/31","15yr",,,,,"19580.7",,,,,,""
"2021-04-21","'31307NFE9'","MBS","FHLMCGLD 3.5% 06/30","15yr",,,,,"19531.45",,,,,,""
"2021-04-21","'3620A4RV6'","MBS","GNMA I MORTPASS 5% 08/39","30yr",,,,,"19525.85",,,,,,""
"2021-04-21","'3128M44Q3'","MBS","FHLMCGLD 5.5% 08/37","30yr",,,,,"19522.11",,,,,,""
"2021-04-21","'3138ERJL5'","MBS","UMBS MORTPASS 3% 10/46","30yr",,,,,"19487.86",,,,,,""
"2021-04-21","'3140FKCG3'","MBS","UMBS MORTPASS 2.5% 11/31","15yr",,,,,"19482.06",,,,,,""
"2021-04-21","'3140FDZ41'","MBS","UMBS MORTPASS 3% 12/31","15yr",,,,,"19441.73",,,,,,""
"2021-04-21","'3138WAY68'","MBS","UMBS MORTPASS 3% 02/29","15yr",,,,,"19434.63",,,,,,""
"2021-04-21","'36179FRH0'","MBS","GNMA I MORTPASS 4% 08/43","30yr",,,,,"19420.3",,,,,,""
"2021-04-21","'36297DG76'","MBS","GNMA I 4.5% 02/39","30yr",,,,,"19415.94",,,,,,""
"2021-04-21","'3140J5RW1'","MBS","UMBS MORTPASS 3.5% 04/29","15yr",,,,,"19404.99",,,,,,""
"2021-04-21","'3620A54L0'","MBS","GNMA I MORTPASS 4% 10/41","30yr",,,,,"19394.15",,,,,,""
"2021-04-21","'31417D2S1'","MBS","UMBS MORTPASS 2.5% 11/27","15yr",,,,,"19391.64",,,,,,""
"2021-04-21","'36296US27'","MBS","GNMA I MORTPASS 5% 03/39","30yr",,,,,"19354.21",,,,,,""
"2021-04-21","'31418CAY0'","MBS","UMBS MORTPASS 4% 08/46","30yr",,,,,"19347.63",,,,,,""
"2021-04-21","'36296E3Y0'","MBS","GNMA I 5.5% 06/38","30yr",,,,,"19338.2",,,,,,""
"2021-04-21","'3138XTYD1'","MBS","UMBS MORTPASS 3.5% 08/29","15yr",,,,,"19311.83",,,,,,""
"2021-04-21","'3138WEUU1'","MBS","UMBS MORTPASS 2.5% 06/30","15yr",,,,,"19297.75",,,,,,""
"2021-04-21","'31412QX61'","MBS","UMBS MORTPASS 5.5% 12/39","30yr",,,,,"19260.81",,,,,,""
"2021-04-21","'36177WLN8'","MBS","GNMA I MORTPASS 4% 05/42","30yr",,,,,"19192.06",,,,,,""
"2021-04-21","'36295ALF0'","MBS","GNMA I MORTPASS 6% 03/37","30yr",,,,,"19185.62",,,,,,""
"2021-04-21","'3138YPWQ1'","MBS","UMBS MORTPASS 3.5% 04/30","15yr",,,,,"19184.31",,,,,,""
"2021-04-21","'36200KQB6'","MBS","GNMA I MORTPASS 5% 03/33","30yr",,,,,"19182.57",,,,,,""
"2021-04-21","'3138EMYK1'","MBS","UMBS MORTPASS 4.5% 04/44","30yr",,,,,"19166.41",,,,,,""
"2021-04-21","'3128P7MQ3'","MBS","FHLMCGLD 5% 09/29","Other",,,,,"19145.1",,,,,,""
"2021-04-21","'3620A2C95'","MBS","GNMA I MORTPASS 5% 08/39","30yr",,,,,"19143.47",,,,,,""
"2021-04-21","'31415BFC8'","MBS","UMBS MORTPASS 4% 04/23","15yr",,,,,"19114.63",,,,,,""
"2021-04-21","'3138XXGL4'","MBS","UMBS MORTPASS 3.5% 01/27","15yr",,,,,"19107.01",,,,,,""
"2021-04-21","'31413JRJ5'","MBS","UMBS MORTPASS 5% 07/37","30yr",,,,,"19069.39",,,,,,""
"2021-04-21","'31416NCJ9'","MBS","UMBS MORTPASS 6.5% 03/39","30yr",,,,,"19042.49",,,,,,""
"2021-04-21","'31297CEH9'","MBS","FHLMCGLD 6.5% 07/34","30yr",,,,,"19042.14",,,,,,""
"2021-04-21","'36290VQ80'","MBS","GNMA I MORTPASS 5% 09/33","30yr",,,,,"18996.56",,,,,,""
"2021-04-21","'31307LAL2'","MBS","FHLMCGLD 3.5% 10/29","15yr",,,,,"18987.72",,,,,,""
"2021-04-21","'31412DSP4'","MBS","UMBS MORTPASS 5% 12/36","30yr",,,,,"18981.73",,,,,,""
"2021-04-21","'3140JN2X7'","MBS","UMBS MORTPASS 4.5% 03/49","30yr",,,,,"18963.17",,,,,,""
"2021-04-21","'31416SB59'","MBS","UMBS MORTPASS 4% 06/24","15yr",,,,,"18942.57",,,,,,""
"2021-04-21","'3138XMF54'","MBS","UMBS MORTPASS 4% 03/44","30yr",,,,,"18939.52",,,,,,""
"2021-04-21","'3128PRA66'","MBS","FHLMCGLD 4% 03/25","15yr",,,,,"18907.2",,,,,,""
"2021-04-21","'3140HMH64'","MBS","UMBS MORTPASS 3% 09/33","15yr",,,,,"18892.11",,,,,,""
"2021-04-21","'3131X7G44'","MBS","UMBS MORTPASS 3% 01/22","Other",,,,,"18856.68",,,,,,""
"2021-04-21","'3138AWBT9'","MBS","UMBS MORTPASS 4% 11/41","30yr",,,,,"18835.3",,,,,,""
"2021-04-21","'3138WC7G2'","MBS","UMBS MORTPASS 3% 10/29","15yr",,,,,"18829.5",,,,,,""
"2021-04-21","'3620AAU48'","MBS","GNMA I MORTPASS 5% 08/39","30yr",,,,,"18807.2",,,,,,""
"2021-04-21","'3140Q8AB1'","MBS","UMBS MORTPASS 3% 12/32","15yr",,,,,"18802.83",,,,,,""
"2021-04-21","'36291YTX5'","MBS","GNMA I MORTPASS 5% 08/35","30yr",,,,,"18727.27",,,,,,""
"2021-04-21","'36296ST39'","MBS","GNMA I MORTPASS 6% 12/38","30yr",,,,,"18720.35",,,,,,""
"2021-04-21","'312933YU2'","MBS","FHLMCGLD 4.5% 07/39","30yr",,,,,"18714.97",,,,,,""
"2021-04-21","'31418TLL9'","MBS","UMBS MORTPASS 4% 04/25","15yr",,,,,"18701.83",,,,,,""
"2021-04-21","'31416SVD0'","MBS","UMBS MORTPASS 6.5% 06/39","30yr",,,,,"18689.56",,,,,,""
"2021-04-21","'31307MY75'","MBS","FHLMCGLD 3% 05/30","15yr",,,,,"18666.75",,,,,,""
"2021-04-21","'36296TCU5'","MBS","GNMA I MORTPASS 5% 03/39","30yr",,,,,"18650.72",,,,,,""
"2021-04-21","'3138EQZ70'","MBS","UMBS MORTPASS 3% 10/30","15yr",,,,,"18643.14",,,,,,""
"2021-04-21","'31418B3C8'","MBS","UMBS MORTPASS 4.5% 03/46","30yr",,,,,"18633.93",,,,,,""
"2021-04-21","'3140JN6V7'","MBS","UMBS MORTPASS 3.5% 04/49","30yr",,,,,"18631.5",,,,,,""
"2021-04-21","'3138WCZ63'","MBS","UMBS MORTPASS 3% 10/29","15yr",,,,,"18620.98",,,,,,""
"2021-04-21","'31371MBN6'","MBS","UMBS MORTPASS 5.5% 05/25","Other",,,,,"18609.36",,,,,,""
"2021-04-21","'3140F7W54'","MBS","UMBS MORTPASS 4.5% 06/47","30yr",,,,,"18600.92",,,,,,""
"2021-04-21","'3132QNRP6'","MBS","FHLMCGLD 3% 03/45","30yr",,,,,"18592.61",,,,,,""
"2021-04-21","'36212LUZ2'","MBS","GNMA I 4.5% 01/39","30yr",,,,,"18587.84",,,,,,""
"2021-04-21","'3132QL3F8'","MBS","FHLMCGLD 3.5% 01/45","30yr",,,,,"18579.9",,,,,,""
"2021-04-21","'3131X9EG5'","MBS","UMBS MORTPASS 2.5% 06/28","15yr",,,,,"18573.94",,,,,,""
"2021-04-21","'36176KMF1'","MBS","GNMA I MORTPASS 4% 07/41","30yr",,,,,"18542.69",,,,,,""
"2021-04-21","'3128MBEH6'","MBS","FHLMCGLD 4.5% 04/22","15yr",,,,,"18532.32",,,,,,""
"2021-04-21","'3140GWUB7'","MBS","UMBS MORTPASS 4% 08/47","30yr",,,,,"18513.26",,,,,,""
"2021-04-21","'3128PMRY8'","MBS","FHLMCGLD 4.5% 04/24","15yr",,,,,"18510.46",,,,,,""
"2021-04-21","'36177SWZ8'","MBS","GNMA I 3.5% 02/42","30yr",,,,,"18493.05",,,,,,""
"2021-04-21","'31371N7M1'","MBS","UMBS MORTPASS 6% 11/28","Other",,,,,"18467.12",,,,,,""
"2021-04-21","'3138Y4N62'","MBS","UMBS MORTPASS 3.5% 10/29","15yr",,,,,"18448.84",,,,,,""
"2021-04-21","'31307HFF9'","MBS","FHLMCGLD 3% 05/29","15yr",,,,,"18433.11",,,,,,""
"2021-04-21","'31388QPA1'","MBS","UMBS MORTPASS 5% 01/32","30yr",,,,,"18432.23",,,,,,""
"2021-04-21","'3138NWAN9'","MBS","UMBS MORTPASS 3% 02/43","30yr",,,,,"18418.2",,,,,,""
"2021-04-21","'31418QAZ6'","MBS","UMBS MORTPASS 4% 12/24","15yr",,,,,"18416.3",,,,,,""
"2021-04-21","'3138E4RX1'","MBS","UMBS MORTPASS 3% 01/27","15yr",,,,,"18374.08",,,,,,""
"2021-04-21","'36179BB45'","MBS","GNMA I MORTPASS 3% 05/43","30yr",,,,,"18359.85",,,,,,""
"2021-04-21","'36179RLR8'","MBS","GNMA II 4.5% 08/45","30yr",,,,,"18329.08",,,,,,""
"2021-04-21","'3138LRZC9'","MBS","UMBS MORTPASS 3% 05/27","15yr",,,,,"18306.54",,,,,,""
"2021-04-21","'3620AASQ2'","MBS","GNMA I MORTPASS 5% 08/39","30yr",,,,,"18306.15",,,,,,""
"2021-04-21","'3128Q03C9'","MBS","FHLMCGLD 3.5% 07/27","15yr",,,,,"18300.81",,,,,,""
"2021-04-21","'36230ND51'","MBS","GNMA I 3.5% 10/40","30yr",,,,,"18292.81",,,,,,""
"2021-04-21","'3131YDBF0'","MBS","UMBS MORTPASS 3.5% 05/49","30yr",,,,,"18276.16",,,,,,""
"2021-04-21","'3140HE5L2'","MBS","UMBS MORTPASS 3.5% 06/48","30yr",,,,,"18266.86",,,,,,""
"2021-04-21","'3132KFQX3'","MBS","FHLMCGLD 3% 02/22","15yr",,,,,"18225.97",,,,,,""
"2021-04-21","'36178TKX3'","MBS","GNMA I MORTPASS 4% 11/42","30yr",,,,,"18225.32",,,,,,""
"2021-04-21","'3140J8SA2'","MBS","UMBS MORTPASS 4% 05/24","Other",,,,,"18223.98",,,,,,""
"2021-04-21","'3138Y1EG6'","MBS","UMBS MORTPASS 3.5% 09/29","15yr",,,,,"18212.55",,,,,,""
"2021-04-21","'31410W2T4'","MBS","UMBS MORTPASS 4.5% 09/22","15yr",,,,,"18207.49",,,,,,""
"2021-04-21","'31412D6G8'","MBS","UMBS MORTPASS 5.5% 12/26","Other",,,,,"18199.23",,,,,,""
"2021-04-21","'36297HUS5'","MBS","GNMA I MORTPASS 5% 07/39","30yr",,,,,"18196.56",,,,,,""
"2021-04-21","'3138WJC89'","MBS","UMBS MORTPASS 2.5% 10/31","15yr",,,,,"18192.89",,,,,,""
"2021-04-21","'3140X4LH7'","MBS","UMBS MORTPASS 3% 04/32","15yr",,,,,"18172.26",,,,,,""
"2021-04-21","'3140EBSF9'","MBS","UMBS MORTPASS 3.5% 01/31","15yr",,,,,"18161.25",,,,,,""
"2021-04-21","'3138YT6U3'","MBS","UMBS MORTPASS 3.5% 11/45","30yr",,,,,"18149.8",,,,,,""
"2021-04-21","'3138YKHV8'","MBS","UMBS MORTPASS 2.5% 06/30","15yr",,,,,"18130.56",,,,,,""
"2021-04-21","'3138WDBF7'","MBS","UMBS MORTPASS 4% 10/44","30yr",,,,,"18126.55",,,,,,""
"2021-04-21","'36295GUD2'","MBS","GNMA I MORTPASS 6% 08/37","30yr",,,,,"18095.6",,,,,,""
"2021-04-21","'31416NVR0'","MBS","UMBS MORTPASS 4.5% 04/24","15yr",,,,,"18091.45",,,,,,""
"2021-04-21","'31416QY74'","MBS","UMBS MORTPASS 4% 06/39","30yr",,,,,"18089.89",,,,,,""
"2021-04-21","'3131XAPM7'","MBS","UMBS MORTPASS 3% 06/29","15yr",,,,,"18046",,,,,,""
"2021-04-21","'3128E3WG5'","MBS","FHLMCGLD 5.5% 03/26","Other",,,,,"18044.94",,,,,,""
"2021-04-21","'3132XCR49'","MBS","FHLMCGLD 3.5% 01/48","30yr",,,,,"18041.75",,,,,,""
"2021-04-21","'36182AG88'","MBS","GNMA I 3.5% 09/43","30yr",,,,,"18034.29",,,,,,""
"2021-04-21","'31419KVB8'","MBS","UMBS MORTPASS 3% 11/25","15yr",,,,,"18017.36",,,,,,""
"2021-04-21","'31416PWS2'","MBS","UMBS MORTPASS 5.5% 05/39","30yr",,,,,"18003.28",,,,,,""
"2021-04-21","'3131XUBJ5'","MBS","UMBS MORTPASS 2.5% 01/46","30yr",,,,,"17987.17",,,,,,""
"2021-04-21","'3138XTY41'","MBS","UMBS MORTPASS 3.5% 04/29","15yr",,,,,"17971.09",,,,,,""
"2021-04-21","'3131XAF30'","MBS","UMBS MORTPASS 3% 02/29","15yr",,,,,"17942.47",,,,,,""
"2021-04-21","'31371NSN6'","MBS","UMBS MORTPASS 5.5% 03/28","Other",,,,,"17914.75",,,,,,""
"2021-04-21","'3138X2F82'","MBS","UMBS MORTPASS 2.5% 08/28","15yr",,,,,"17901.66",,,,,,""
"2021-04-21","'3138YLGW5'","MBS","UMBS MORTPASS 3.5% 03/30","15yr",,,,,"17873.84",,,,,,""
"2021-04-21","'31418B6G6'","MBS","UMBS MORTPASS 3% 07/46","30yr",,,,,"17854.37",,,,,,""
"2021-04-21","'31404BNV0'","MBS","UMBS MORTPASS 5% 04/34","30yr",,,,,"17848.09",,,,,,""
"2021-04-21","'3128CULR5'","MBS","FHLMCGLD 5.5% 08/27","Other",,,,,"17813.78",,,,,,""
"2021-04-21","'36230LH85'","MBS","GNMA I MORTPASS 4% 11/40","30yr",,,,,"17798.75",,,,,,""
"2021-04-21","'31417AQY8'","MBS","UMBS MORTPASS 3% 12/21","Other",,,,,"17798.6",,,,,,""
"2021-04-21","'3131X9J70'","MBS","UMBS MORTPASS 2.5% 06/23","Other",,,,,"17779.2",,,,,,""
"2021-04-21","'3128K5GR7'","MBS","FHLMCGLD 5% 04/36","30yr",,,,,"17738.28",,,,,,""
"2021-04-21","'31417Y7H4'","MBS","UMBS MORTPASS 3.5% 11/31","Other",,,,,"17732.77",,,,,,""
"2021-04-21","'3138EN2T5'","MBS","UMBS MORTPASS 3% 10/29","15yr",,,,,"17681.03",,,,,,""
"2021-04-21","'3140GTSQ4'","MBS","UMBS MORTPASS 2.5% 08/32","15yr",,,,,"17601.96",,,,,,""
"2021-04-21","'3128MDX40'","MBS","FHLMCGLD 2.5% 05/23","15yr",,,,,"17590.25",,,,,,""
"2021-04-21","'31411JCF1'","MBS","UMBS MORTPASS 4% 04/23","15yr",,,,,"17584.43",,,,,,""
"2021-04-21","'31410LHF2'","MBS","UMBS MORTPASS 3.5% 07/27","15yr",,,,,"17577.4",,,,,,""
"2021-04-21","'3128MMT37'","MBS","FHLMCGLD 3% 09/30","15yr",,,,,"17572.43",,,,,,""
"2021-04-21","'3128M7M29'","MBS","FHLMCGLD 4.5% 05/39","30yr",,,,,"17572.19",,,,,,""
"2021-04-21","'3138X6GP4'","MBS","UMBS MORTPASS 3.5% 03/29","15yr",,,,,"17563.14",,,,,,""
"2021-04-21","'3128M6EE4'","MBS","FHLMCGLD 5% 04/38","30yr",,,,,"17550.21",,,,,,""
"2021-04-21","'3138E1ZX8'","MBS","UMBS MORTPASS 3% 10/27","15yr",,,,,"17538.85",,,,,,""
"2021-04-21","'36296MG44'","MBS","GNMA I 5.5% 04/39","30yr",,,,,"17524.84",,,,,,""
"2021-04-21","'31406NFZ2'","MBS","UMBS MORTPASS 5% 04/35","30yr",,,,,"17507.89",,,,,,""
"2021-04-21","'36202D6C0'","MBS","GNMA II 4.5% 06/34","30yr",,,,,"17503.27",,,,,,""
"2021-04-21","'36180SCK8'","MBS","GNMA I MORTPASS 4% 08/43","30yr",,,,,"17459.95",,,,,,""
"2021-04-21","'31307YAK6'","MBS","FHLMCGLD 3% 12/33","15yr",,,,,"17441.4",,,,,,""
"2021-04-21","'3138E1PZ4'","MBS","UMBS MORTPASS 3% 01/27","15yr",,,,,"17425.5",,,,,,""
"2021-04-21","'3132MANN7'","MBS","FHLMCGLD 3.5% 11/44","30yr",,,,,"17424.26",,,,,,""
"2021-04-21","'31417GCY0'","MBS","UMBS MORTPASS 2.5% 04/23","Other",,,,,"17417.1",,,,,,""
"2021-04-21","'3140HGPK7'","MBS","UMBS MORTPASS 3.5% 03/33","15yr",,,,,"17410.51",,,,,,""
"2021-04-21","'31416NDW9'","MBS","UMBS MORTPASS 6.5% 04/39","30yr",,,,,"17359.33",,,,,,""
"2021-04-21","'3140FCXC7'","MBS","UMBS MORTPASS 2.5% 08/46","30yr",,,,,"17355.99",,,,,,""
"2021-04-21","'3620ABC46'","MBS","GNMA I MORTPASS 4% 12/39","30yr",,,,,"17287.1",,,,,,""
"2021-04-21","'3138X4TB6'","MBS","UMBS MORTPASS 3% 10/28","15yr",,,,,"17274.03",,,,,,""
"2021-04-21","'3140EVH91'","MBS","UMBS MORTPASS 3% 06/46","30yr",,,,,"17261.77",,,,,,""
"2021-04-21","'31329LD66'","MBS","UMBS MORTPASS 2.5% 02/28","15yr",,,,,"17245.72",,,,,,""
"2021-04-21","'31417G3H7'","MBS","UMBS MORTPASS 2% 07/23","Other",,,,,"17243.79",,,,,,""
"2021-04-21","'36291UNH4'","MBS","GNMA I 4.5% 03/39","30yr",,,,,"17207.27",,,,,,""
"2021-04-21","'36292CH31'","MBS","GNMA I MORTPASS 5% 05/35","30yr",,,,,"17193.13",,,,,,""
"2021-04-21","'36230SHV9'","MBS","GNMA I MORTPASS 4% 09/41","30yr",,,,,"17185.64",,,,,,""
"2021-04-21","'31410GRD7'","MBS","UMBS MORTPASS 5.5% 12/35","30yr",,,,,"17132.6",,,,,,""
"2021-04-21","'31417Y3Z8'","MBS","UMBS MORTPASS 3.5% 08/21","Other",,,,,"17116.35",,,,,,""
"2021-04-21","'3620C4PF1'","MBS","GNMA I MORTPASS 4% 03/42","30yr",,,,,"17111.76",,,,,,""
"2021-04-21","'3128MML92'","MBS","FHLMCGLD 4% 06/25","15yr",,,,,"17105.11",,,,,,""
"2021-04-21","'3140EVTX5'","MBS","UMBS MORTPASS 2.5% 07/31","15yr",,,,,"17102.78",,,,,,""
"2021-04-21","'3140H3PZ3'","MBS","UMBS MORTPASS 3% 11/47","30yr",,,,,"17074",,,,,,""
"2021-04-21","'3620A6QP5'","MBS","GNMA I 5.5% 08/39","30yr",,,,,"17069.79",,,,,,""
"2021-04-21","'31418CHQ0'","MBS","UMBS MORTPASS 4.5% 03/47","30yr",,,,,"17060.69",,,,,,""
"2021-04-21","'36295FJ70'","MBS","GNMA I 5.5% 06/37","30yr",,,,,"17056.41",,,,,,""
"2021-04-21","'3128PTJ30'","MBS","FHLMCGLD 3.5% 12/25","15yr",,,,,"17053.58",,,,,,""
"2021-04-21","'3128E5P86'","MBS","FHLMCGLD 4% 01/31","Other",,,,,"17047.29",,,,,,""
"2021-04-21","'3140X53W1'","MBS","UMBS MORTPASS 3.5% 05/49","30yr",,,,,"17036.99",,,,,,""
"2021-04-21","'36297EMA0'","MBS","GNMA I MORTPASS 6% 03/39","30yr",,,,,"17019.04",,,,,,""
"2021-04-21","'3140GSPD8'","MBS","UMBS MORTPASS 4% 09/47","30yr",,,,,"17006.35",,,,,,""
"2021-04-21","'3140GVDX0'","MBS","UMBS MORTPASS 3.5% 03/33","15yr",,,,,"17003.7",,,,,,""
"2021-04-21","'36176GVV5'","MBS","GNMA I MORTPASS 4% 05/41","30yr",,,,,"16997.35",,,,,,""
"2021-04-21","'3140J8SW4'","MBS","UMBS MORTPASS 3.5% 05/33","15yr",,,,,"16981.87",,,,,,""
"2021-04-21","'3138EPWD2'","MBS","UMBS MORTPASS 3.5% 07/30","15yr",,,,,"16943.71",,,,,,""
"2021-04-21","'31415ME50'","MBS","UMBS MORTPASS 6.5% 05/38","30yr",,,,,"16922.97",,,,,,""
"2021-04-21","'31410NVJ4'","MBS","UMBS MORTPASS 6.5% 09/36","30yr",,,,,"16896.36",,,,,,""
"2021-04-21","'3138ETXC5'","MBS","UMBS MORTPASS 3% 03/29","15yr",,,,,"16895.77",,,,,,""
"2021-04-21","'3138EPZL1'","MBS","UMBS MORTPASS 3.5% 06/45","30yr",,,,,"16894.36",,,,,,""
"2021-04-21","'3138WDKQ3'","MBS","UMBS MORTPASS 3.5% 11/44","30yr",,,,,"16872.24",,,,,,""
"2021-04-21","'36200MYY3'","MBS","GNMA I MORTPASS 4% 09/33","30yr",,,,,"16860.34",,,,,,""
"2021-04-21","'36241LPP5'","MBS","GNMA II MORTPASS 4% 10/40","30yr",,,,,"16841.77",,,,,,""
"2021-04-21","'31416LUT1'","MBS","UMBS MORTPASS 6.5% 02/39","30yr",,,,,"16840.86",,,,,,""
"2021-04-21","'3128MDXE8'","MBS","FHLMCGLD 3% 01/24","15yr",,,,,"16834.07",,,,,,""
"2021-04-21","'3138WBZH1'","MBS","UMBS MORTPASS 3% 05/29","15yr",,,,,"16833.92",,,,,,""
"2021-04-21","'3140GY6V6'","MBS","UMBS MORTPASS 3% 09/47","30yr",,,,,"16833.14",,,,,,""
"2021-04-21","'3138YXK95'","MBS","UMBS MORTPASS 3% 09/30","15yr",,,,,"16815.84",,,,,,""
"2021-04-21","'31412XHU1'","MBS","UMBS MORTPASS 6% 05/37","30yr",,,,,"16809.04",,,,,,""
"2021-04-21","'3138XYTB0'","MBS","UMBS MORTPASS 4% 07/44","30yr",,,,,"16795.49",,,,,,""
"2021-04-21","'312934GD8'","MBS","FHLMCGLD 4% 07/39","30yr",,,,,"16793.98",,,,,,""
"2021-04-21","'3128MDTT0'","MBS","FHLMCGLD 3.5% 08/23","15yr",,,,,"16793.56",,,,,,""
"2021-04-21","'3138E0U98'","MBS","UMBS MORTPASS 3.5% 12/26","15yr",,,,,"16773.41",,,,,,""
"2021-04-21","'31371LFC8'","MBS","UMBS MORTPASS 5.5% 10/23","Other",,,,,"16761.73",,,,,,""
"2021-04-21","'3138XWFE3'","MBS","UMBS MORTPASS 2.5% 07/29","15yr",,,,,"16747.11",,,,,,""
"2021-04-21","'3131XATC5'","MBS","UMBS MORTPASS 3% 08/29","15yr",,,,,"16743.35",,,,,,""
"2021-04-21","'3140JM4H2'","MBS","UMBS MORTPASS 3.5% 03/49","30yr",,,,,"16719.98",,,,,,""
"2021-04-21","'3132A9UM7'","MBS","UMBS MORTPASS 2% 12/32","15yr",,,,,"16701.11",,,,,,""
"2021-04-21","'3140E2XQ9'","MBS","UMBS MORTPASS 3% 08/45","30yr",,,,,"16695.95",,,,,,""
"2021-04-21","'36213PN49'","MBS","GNMA I MORTPASS 5% 04/34","30yr",,,,,"16695.24",,,,,,""
"2021-04-21","'36207EKS2'","MBS","GNMA I MORTPASS 4% 10/33","30yr",,,,,"16661.45",,,,,,""
"2021-04-21","'36290R6M0'","MBS","GNMA I MORTPASS 5% 10/33","30yr",,,,,"16638.81",,,,,,""
"2021-04-21","'31403CYH8'","MBS","UMBS MORTPASS 6.5% 10/35","30yr",,,,,"16636.48",,,,,,""
"2021-04-21","'31418BAG1'","MBS","UMBS MORTPASS 2% 02/24","Other",,,,,"16621.73",,,,,,""
"2021-04-21","'31414TRT0'","MBS","UMBS MORTPASS 5% 04/38","30yr",,,,,"16619.22",,,,,,""
"2021-04-21","'3140EY3U3'","MBS","UMBS MORTPASS 3.5% 03/31","15yr",,,,,"16577.32",,,,,,""
"2021-04-21","'36291AHG7'","MBS","GNMA I MORTPASS 5% 01/35","30yr",,,,,"16560.04",,,,,,""
"2021-04-21","'31406UJU3'","MBS","UMBS MORTPASS 5% 07/35","30yr",,,,,"16556.46",,,,,,""
"2021-04-21","'31412LMM9'","MBS","UMBS MORTPASS 6% 06/27","Other",,,,,"16545.74",,,,,,""
"2021-04-21","'3140FD3F1'","MBS","UMBS MORTPASS 2.5% 09/46","30yr",,,,,"16486.91",,,,,,""
"2021-04-21","'31334WN49'","MBS","UMBS MORTPASS 3.5% 06/49","30yr",,,,,"16479.87",,,,,,""
"2021-04-21","'3131X7GR3'","MBS","UMBS MORTPASS 3% 01/22","Other",,,,,"16457.76",,,,,,""
"2021-04-21","'3138WEGX1'","MBS","UMBS MORTPASS 2.5% 04/30","15yr",,,,,"16445.76",,,,,,""
"2021-04-21","'3138AXSM4'","MBS","UMBS MORTPASS 3% 11/26","15yr",,,,,"16440.54",,,,,,""
"2021-04-21","'3128PMPL8'","MBS","FHLMCGLD 4.5% 03/24","15yr",,,,,"16423.46",,,,,,""
"2021-04-21","'36295YTJ2'","MBS","GNMA I 4.5% 03/38","30yr",,,,,"16406.67",,,,,,""
"2021-04-21","'36295KJQ7'","MBS","GNMA I 4.5% 04/38","30yr",,,,,"16393.82",,,,,,""
"2021-04-21","'3128MJUC2'","MBS","FHLMCGLD 4.5% 03/44","30yr",,,,,"16376.31",,,,,,""
"2021-04-21","'31417AKM0'","MBS","UMBS MORTPASS 3% 11/26","15yr",,,,,"16315.65",,,,,,""
"2021-04-21","'31307WL69'","MBS","FHLMCGLD 3.5% 08/33","15yr",,,,,"16305.06",,,,,,""
"2021-04-21","'3131X7LV8'","MBS","UMBS MORTPASS 2.5% 03/22","Other",,,,,"16292.61",,,,,,""
"2021-04-21","'3138MNZF0'","MBS","UMBS MORTPASS 2.5% 12/27","15yr",,,,,"16249.09",,,,,,""
"2021-04-21","'3138WDUL3'","MBS","UMBS MORTPASS 2.5% 01/30","15yr",,,,,"16215.63",,,,,,""
"2021-04-21","'3138YTRR7'","MBS","UMBS MORTPASS 2.5% 07/30","15yr",,,,,"16189.49",,,,,,""
"2021-04-21","'31307DXW1'","MBS","FHLMCGLD 3% 08/23","15yr",,,,,"16166.61",,,,,,""
"2021-04-21","'31417M2K8'","MBS","UMBS MORTPASS 4.5% 08/24","15yr",,,,,"16162.59",,,,,,""
"2021-04-21","'31412QXR5'","MBS","UMBS MORTPASS 5.5% 11/39","30yr",,,,,"16161.38",,,,,,""
"2021-04-21","'3128PXA55'","MBS","FHLMCGLD 3% 11/21","15yr",,,,,"16148.88",,,,,,""
"2021-04-21","'36295QYM6'","MBS","GNMA I MORTPASS 5% 12/37","30yr",,,,,"16140.73",,,,,,""
"2021-04-21","'31418VDK5'","MBS","UMBS MORTPASS 4% 05/25","15yr",,,,,"16108.97",,,,,,""
"2021-04-21","'36292EVD9'","MBS","GNMA I MORTPASS 5% 09/35","30yr",,,,,"16108.3",,,,,,""
"2021-04-21","'31418BY91'","MBS","UMBS MORTPASS 4.5% 02/46","30yr",,,,,"16094.02",,,,,,""
"2021-04-21","'36200NS85'","MBS","GNMA I MORTPASS 5% 06/34","30yr",,,,,"16081.36",,,,,,""
"2021-04-21","'31418AVV7'","MBS","UMBS MORTPASS 3% 08/33","Other",,,,,"16080.8",,,,,,""
"2021-04-21","'36176CZA6'","MBS","GNMA I 3.5% 05/42","30yr",,,,,"16079.14",,,,,,""
"2021-04-21","'3128MJ6J4'","MBS","FHLMCGLD 4% 04/49","30yr",,,,,"16070.51",,,,,,""
"2021-04-21","'3140EU4M8'","MBS","UMBS MORTPASS 4.5% 04/46","30yr",,,,,"16053.91",,,,,,""
"2021-04-21","'31417FGM4'","MBS","UMBS MORTPASS 2.5% 05/27","15yr",,,,,"16017.89",,,,,,""
"2021-04-21","'36297DAL1'","MBS","GNMA I 4.5% 04/39","30yr",,,,,"15997.88",,,,,,""
"2021-04-21","'36295YS79'","MBS","GNMA I MORTPASS 5% 02/38","30yr",,,,,"15997.05",,,,,,""
"2021-04-21","'3140FBYQ7'","MBS","UMBS MORTPASS 4.5% 09/46","30yr",,,,,"15994.34",,,,,,""
"2021-04-21","'3140J5HW2'","MBS","UMBS MORTPASS 2.5% 03/47","30yr",,,,,"15990.36",,,,,,""
"2021-04-21","'3138WDYJ4'","MBS","UMBS MORTPASS 2.5% 01/30","15yr",,,,,"15980.11",,,,,,""
"2021-04-21","'31307HMM6'","MBS","FHLMCGLD 3.5% 06/29","15yr",,,,,"15965.25",,,,,,""
"2021-04-21","'3140JXUR7'","MBS","UMBS MORTPASS 2% 09/34","15yr",,,,,"15958.45",,,,,,""
"2021-04-21","'31415CBD8'","MBS","UMBS MORTPASS 5.5% 10/38","30yr",,,,,"15950.76",,,,,,""
"2021-04-21","'3140FCXJ2'","MBS","UMBS MORTPASS 4.5% 07/46","30yr",,,,,"15943",,,,,,""
"2021-04-21","'36297ER80'","MBS","GNMA I MORTPASS 5% 09/39","30yr",,,,,"15942.31",,,,,,""
"2021-04-21","'3138ENAZ2'","MBS","UMBS MORTPASS 4% 06/44","30yr",,,,,"15880.45",,,,,,""
"2021-04-21","'31418CJA3'","MBS","UMBS MORTPASS 3% 04/47","30yr",,,,,"15865.98",,,,,,""
"2021-04-21","'31297UKW9'","MBS","FHLMCGLD 5.5% 10/35","30yr",,,,,"15864.56",,,,,,""
"2021-04-21","'31416LJ56'","MBS","UMBS MORTPASS 4.5% 03/24","15yr",,,,,"15859.96",,,,,,""
"2021-04-21","'31368HMA8'","MBS","UMBS MORTPASS 5% 08/34","30yr",,,,,"15857.64",,,,,,""
"2021-04-21","'36176HTH7'","MBS","GNMA I 3.5% 05/42","30yr",,,,,"15857.22",,,,,,""
"2021-04-21","'3140FR5V3'","MBS","UMBS MORTPASS 3.5% 05/32","15yr",,,,,"15818.87",,,,,,""
"2021-04-21","'36230RXJ0'","MBS","GNMA I MORTPASS 4% 12/40","30yr",,,,,"15813.28",,,,,,""
"2021-04-21","'3131X7HC5'","MBS","UMBS MORTPASS 3% 02/22","Other",,,,,"15807.84",,,,,,""
"2021-04-21","'3140HJQQ7'","MBS","UMBS MORTPASS 4% 05/48","30yr",,,,,"15790.12",,,,,,""
"2021-04-21","'31412QSL4'","MBS","UMBS MORTPASS 4% 10/39","30yr",,,,,"15761.54",,,,,,""
"2021-04-21","'3138EQFY3'","MBS","UMBS MORTPASS 3.5% 09/45","30yr",,,,,"15747.28",,,,,,""
"2021-04-21","'36296ULG3'","MBS","GNMA I MORTPASS 6% 05/38","30yr",,,,,"15737.57",,,,,,""
"2021-04-21","'3620A5T33'","MBS","GNMA I MORTPASS 5% 02/40","30yr",,,,,"15712.07",,,,,,""
"2021-04-21","'3128P74X8'","MBS","FHLMCGLD 4% 11/33","Other",,,,,"15707.91",,,,,,""
"2021-04-21","'3132A5GQ2'","MBS","UMBS MORTPASS 3.5% 03/47","30yr",,,,,"15699.36",,,,,,""
"2021-04-21","'312944SX0'","MBS","FHLMCGLD 4% 12/40","30yr",,,,,"15685.11",,,,,,""
"2021-04-21","'36296VZQ4'","MBS","GNMA I 4.5% 01/39","30yr",,,,,"15665.76",,,,,,""
"2021-04-21","'36179SJR9'","MBS","GNMA II 2.5% 08/46","30yr",,,,,"15660.64",,,,,,""
"2021-04-21","'36178LGN7'","MBS","GNMA I 3.5% 11/42","30yr",,,,,"15659.16",,,,,,""
"2021-04-21","'3131XVC78'","MBS","UMBS MORTPASS 3% 10/46","30yr",,,,,"15657.13",,,,,,""
"2021-04-21","'3131XAJM4'","MBS","UMBS MORTPASS 3% 04/29","15yr",,,,,"15651.8",,,,,,""
"2021-04-21","'3138EQLN0'","MBS","UMBS MORTPASS 3% 11/27","15yr",,,,,"15645.76",,,,,,""
"2021-04-21","'3620C6GA7'","MBS","GNMA I MORTPASS 4% 09/40","30yr",,,,,"15639.77",,,,,,""
"2021-04-21","'3622A2FM9'","MBS","GNMA II 4.5% 05/43","30yr",,,,,"15606.06",,,,,,""
"2021-04-21","'3132M9GQ1'","MBS","FHLMCGLD 3.5% 09/44","30yr",,,,,"15587.7",,,,,,""
"2021-04-21","'3140QCZD1'","MBS","UMBS MORTPASS 3% 09/49","30yr",,,,,"15586.18",,,,,,""
"2021-04-21","'3140FVHZ2'","MBS","UMBS MORTPASS 4.5% 03/47","30yr",,,,,"15584.81",,,,,,""
"2021-04-21","'31416YUL0'","MBS","UMBS MORTPASS 3% 07/21","Other",,,,,"15569.28",,,,,,""
"2021-04-21","'31371NSP1'","MBS","UMBS MORTPASS 6% 03/28","Other",,,,,"15523.44",,,,,,""
"2021-04-21","'31402NHG6'","MBS","UMBS MORTPASS 5% 09/33","30yr",,,,,"15503.23",,,,,,""
"2021-04-21","'3620AUMA9'","MBS","GNMA I 3.5% 03/42","30yr",,,,,"15503.08",,,,,,""
"2021-04-21","'36292HSC8'","MBS","GNMA I 4.5% 10/35","30yr",,,,,"15500.9",,,,,,""
"2021-04-21","'36176A5M7'","MBS","GNMA I 3.5% 01/42","30yr",,,,,"15488.84",,,,,,""
"2021-04-21","'36295R4K1'","MBS","GNMA I 4.5% 03/39","30yr",,,,,"15478.4",,,,,,""
"2021-04-21","'31418CUN2'","MBS","UMBS MORTPASS 2% 12/32","15yr",,,,,"15458.5",,,,,,""
"2021-04-21","'36230NHB4'","MBS","GNMA I MORTPASS 4% 01/41","30yr",,,,,"15447.46",,,,,,""
"2021-04-21","'31418BVV5'","MBS","UMBS MORTPASS 2.5% 10/30","15yr",,,,,"15391.68",,,,,,""
"2021-04-21","'3620AGUE3'","MBS","GNMA I 4.5% 01/40","30yr",,,,,"15327.88",,,,,,""
"2021-04-21","'31417DBM4'","MBS","UMBS MORTPASS 2.5% 10/22","Other",,,,,"15299.32",,,,,,""
"2021-04-21","'3131X8AW6'","MBS","UMBS MORTPASS 2.5% 10/22","Other",,,,,"15258.11",,,,,,""
"2021-04-21","'36176KEQ6'","MBS","GNMA I MORTPASS 4% 08/41","30yr",,,,,"15231.04",,,,,,""
"2021-04-21","'3138WFEW2'","MBS","UMBS MORTPASS 2.5% 08/30","15yr",,,,,"15219.69",,,,,,""
"2021-04-21","'31413RUE4'","MBS","UMBS MORTPASS 5.5% 11/37","30yr",,,,,"15217.19",,,,,,""
"2021-04-21","'3138X1RQ1'","MBS","UMBS MORTPASS 2.5% 07/28","15yr",,,,,"15215.63",,,,,,""
"2021-04-21","'3138XKP24'","MBS","UMBS MORTPASS 4.5% 02/44","30yr",,,,,"15206.93",,,,,,""
"2021-04-21","'3128M7PW0'","MBS","FHLMCGLD 5.5% 01/39","30yr",,,,,"15198.66",,,,,,""
"2021-04-21","'31335AUF3'","MBS","FHLMCGLD 3.5% 05/46","30yr",,,,,"15195.28",,,,,,""
"2021-04-21","'3128PMLU2'","MBS","FHLMCGLD 4% 02/24","15yr",,,,,"15183.72",,,,,,""
"2021-04-21","'3138WBWW1'","MBS","UMBS MORTPASS 3% 05/29","15yr",,,,,"15161.58",,,,,,""
"2021-04-21","'3138WDYL9'","MBS","UMBS MORTPASS 2.5% 01/30","15yr",,,,,"15152.6",,,,,,""
"2021-04-21","'3138ER2U3'","MBS","UMBS MORTPASS 3% 01/32","15yr",,,,,"15149.97",,,,,,""
"2021-04-21","'31307PFT1'","MBS","FHLMCGLD 3.5% 10/30","15yr",,,,,"15126.64",,,,,,""
"2021-04-21","'3138EDHZ7'","MBS","UMBS MORTPASS 3% 11/28","15yr",,,,,"15111.05",,,,,,""
"2021-04-21","'31294MM99'","MBS","FHLMCGLD 3% 03/22","15yr",,,,,"15101.14",,,,,,""
"2021-04-21","'3132JM5S4'","MBS","FHLMCGLD 3.5% 08/43","30yr",,,,,"15062.97",,,,,,""
"2021-04-21","'31416PAW7'","MBS","UMBS MORTPASS 6% 05/39","30yr",,,,,"15058.64",,,,,,""
"2021-04-21","'3138AQAF3'","MBS","UMBS MORTPASS 3% 09/26","15yr",,,,,"15046.37",,,,,,""
"2021-04-21","'36292CQR8'","MBS","GNMA I MORTPASS 5% 06/35","30yr",,,,,"15014.62",,,,,,""
"2021-04-21","'3140GPZY7'","MBS","UMBS MORTPASS 4% 04/47","30yr",,,,,"15011.09",,,,,,""
"2021-04-21","'36296VZ84'","MBS","GNMA I MORTPASS 4% 07/39","30yr",,,,,"15005.69",,,,,,""
"2021-04-21","'31418BJU1'","MBS","UMBS MORTPASS 3% 09/44","30yr",,,,,"14983.38",,,,,,""
"2021-04-21","'3138WCSJ3'","MBS","UMBS MORTPASS 3% 09/29","15yr",,,,,"14937.35",,,,,,""
"2021-04-21","'31297AW75'","MBS","FHLMCGLD 5.5% 06/34","30yr",,,,,"14932.39",,,,,,""
"2021-04-21","'3128LA6U9'","MBS","FHLMCGLD 6.5% 05/38","30yr",,,,,"14908.81",,,,,,""
"2021-04-21","'31410GUG6'","MBS","UMBS MORTPASS 4% 12/23","Other",,,,,"14904.72",,,,,,""
"2021-04-21","'3132A5FN0'","MBS","UMBS MORTPASS 4% 08/46","30yr",,,,,"14899.03",,,,,,""
"2021-04-21","'3131XAEA5'","MBS","UMBS MORTPASS 3% 02/29","15yr",,,,,"14881.03",,,,,,""
"2021-04-21","'3138YNFZ5'","MBS","UMBS MORTPASS 3.5% 06/30","15yr",,,,,"14876.03",,,,,,""
"2021-04-21","'31417J6J4'","MBS","UMBS MORTPASS 4% 07/40","30yr",,,,,"14863.97",,,,,,""
"2021-04-21","'3140GTX70'","MBS","UMBS MORTPASS 3.5% 09/47","30yr",,,,,"14842.17",,,,,,""
"2021-04-21","'3620AGN50'","MBS","GNMA I MORTPASS 5% 04/40","30yr",,,,,"14842.16",,,,,,""
"2021-04-21","'36297KL66'","MBS","GNMA I MORTPASS 5% 04/39","30yr",,,,,"14837.47",,,,,,""
"2021-04-21","'3140HA6D7'","MBS","UMBS MORTPASS 3.5% 04/33","15yr",,,,,"14825.05",,,,,,""
"2021-04-21","'3132L7TX7'","MBS","FHLMCGLD 4.5% 03/45","30yr",,,,,"14819.55",,,,,,""
"2021-04-21","'31419A2T3'","MBS","UMBS MORTPASS 3% 01/26","15yr",,,,,"14802.14",,,,,,""
"2021-04-21","'3138APD54'","MBS","UMBS MORTPASS 3.5% 08/42","30yr",,,,,"14755.72",,,,,,""
"2021-04-21","'36296JFK6'","MBS","GNMA I 4.5% 02/39","30yr",,,,,"14735.36",,,,,,""
"2021-04-21","'31417YKP1'","MBS","UMBS MORTPASS 5.5% 12/29","Other",,,,,"14730.52",,,,,,""
"2021-04-21","'3138LX7H6'","MBS","UMBS MORTPASS 3% 09/27","15yr",,,,,"14729.76",,,,,,""
"2021-04-21","'31419BLS2'","MBS","UMBS MORTPASS 3% 05/26","15yr",,,,,"14716.28",,,,,,""
"2021-04-21","'3138Y6M92'","MBS","UMBS MORTPASS 3% 12/44","30yr",,,,,"14711.43",,,,,,""
"2021-04-21","'36297FA36'","MBS","GNMA I MORTPASS 5% 06/39","30yr",,,,,"14680.93",,,,,,""
"2021-04-21","'31307LGD4'","MBS","FHLMCGLD 2.5% 12/29","15yr",,,,,"14660.57",,,,,,""
"2021-04-21","'31418CCV4'","MBS","UMBS MORTPASS 4.5% 10/46","30yr",,,,,"14656.49",,,,,,""
"2021-04-21","'3620A5AW9'","MBS","GNMA I MORTPASS 4% 07/40","30yr",,,,,"14653.45",,,,,,""
"2021-04-21","'3140H6HC6'","MBS","UMBS MORTPASS 2.5% 01/33","15yr",,,,,"14644.06",,,,,,""
"2021-04-21","'3620ARRV5'","MBS","GNMA I MORTPASS 4% 12/40","30yr",,,,,"14638.69",,,,,,""
"2021-04-21","'3140HFHS1'","MBS","UMBS MORTPASS 4% 05/48","30yr",,,,,"14632.13",,,,,,""
"2021-04-21","'36200MQ71'","MBS","GNMA I 4.5% 07/33","30yr",,,,,"14628.92",,,,,,""
"2021-04-21","'3128MDMR1'","MBS","FHLMCGLD 4% 12/26","15yr",,,,,"14611.74",,,,,,""
"2021-04-21","'3140J8GR8'","MBS","UMBS MORTPASS 4% 05/33","15yr",,,,,"14610.44",,,,,,""
"2021-04-21","'31307GYV5'","MBS","FHLMCGLD 3% 04/29","15yr",,,,,"14599.31",,,,,,""
"2021-04-21","'36178GAL8'","MBS","GNMA I 3.5% 07/42","30yr",,,,,"14596.62",,,,,,""
"2021-04-21","'31417D5U3'","MBS","UMBS MORTPASS 2.5% 12/27","15yr",,,,,"14595.26",,,,,,""
"2021-04-21","'3138MAJE9'","MBS","UMBS MORTPASS 3% 09/27","15yr",,,,,"14553.45",,,,,,""
"2021-04-21","'3138ASS29'","MBS","UMBS MORTPASS 3% 09/26","15yr",,,,,"14546.66",,,,,,""
"2021-04-21","'31412UL73'","MBS","UMBS MORTPASS 4.5% 04/24","15yr",,,,,"14543.98",,,,,,""
"2021-04-21","'3128PNB98'","MBS","FHLMCGLD 4% 06/24","15yr",,,,,"14539.31",,,,,,""
"2021-04-21","'3128MMS87'","MBS","FHLMCGLD 3.5% 02/30","15yr",,,,,"14536.9",,,,,,""
"2021-04-21","'36296YVS8'","MBS","GNMA I MORTPASS 5% 01/39","30yr",,,,,"14481.64",,,,,,""
"2021-04-21","'36201XAM0'","MBS","GNMA I 4.5% 12/34","30yr",,,,,"14481.3",,,,,,""
"2021-04-21","'31402WR83'","MBS","UMBS MORTPASS 5% 09/33","30yr",,,,,"14476.42",,,,,,""
"2021-04-21","'31412QV55'","MBS","UMBS MORTPASS 4.5% 12/24","15yr",,,,,"14454.95",,,,,,""
"2021-04-21","'3138XRMQ9'","MBS","UMBS MORTPASS 3% 01/45","30yr",,,,,"14432.66",,,,,,""
"2021-04-21","'3131X7A73'","MBS","UMBS MORTPASS 3% 10/21","Other",,,,,"14409.03",,,,,,""
"2021-04-21","'312942KC8'","MBS","FHLMCGLD 4% 09/40","30yr",,,,,"14391.24",,,,,,""
"2021-04-21","'36295A7D1'","MBS","GNMA I MORTPASS 5% 02/37","30yr",,,,,"14388.37",,,,,,""
"2021-04-21","'31404TUR2'","MBS","UMBS MORTPASS 5.5% 05/34","30yr",,,,,"14387.58",,,,,,""
"2021-04-21","'36176RDG4'","MBS","GNMA I MORTPASS 4% 10/41","30yr",,,,,"14378.93",,,,,,""
"2021-04-21","'31307P2W8'","MBS","FHLMCGLD 2% 01/31","15yr",,,,,"14378.51",,,,,,""
"2021-04-21","'3140F0SU9'","MBS","UMBS MORTPASS 3.5% 03/46","30yr",,,,,"14349.53",,,,,,""
"2021-04-21","'3138WJQY7'","MBS","UMBS MORTPASS 2.5% 12/46","30yr",,,,,"14337.46",,,,,,""
"2021-04-21","'36290ULU8'","MBS","GNMA I MORTPASS 6% 12/37","30yr",,,,,"14318.25",,,,,,""
"2021-04-21","'3140GXUG4'","MBS","UMBS MORTPASS 3% 11/47","30yr",,,,,"14301.69",,,,,,""
"2021-04-21","'3140HLJY3'","MBS","UMBS MORTPASS 4.5% 08/48","30yr",,,,,"14296.26",,,,,,""
"2021-04-21","'3132A5FQ3'","MBS","UMBS MORTPASS 2.5% 08/46","30yr",,,,,"14248.63",,,,,,""
"2021-04-21","'3128KJ5G3'","MBS","FHLMCGLD 6% 01/37","30yr",,,,,"14248.06",,,,,,""
"2021-04-21","'36292GPK5'","MBS","GNMA I MORTPASS 5% 12/35","30yr",,,,,"14246.71",,,,,,""
"2021-04-21","'3128MMJ20'","MBS","FHLMCGLD 5.5% 11/23","15yr",,,,,"14228.98",,,,,,""
"2021-04-21","'31329QWE7'","MBS","UMBS MORTPASS 4% 05/49","30yr",,,,,"14226.55",,,,,,""
"2021-04-21","'3140KAGY6'","MBS","UMBS MORTPASS 3% 02/50","30yr",,,,,"14220.04",,,,,,""
"2021-04-21","'31418BZP4'","MBS","UMBS MORTPASS 3.5% 03/46","30yr",,,,,"14217.03",,,,,,""
"2021-04-21","'36292CAG9'","MBS","GNMA I MORTPASS 5% 06/35","30yr",,,,,"14215.93",,,,,,""
"2021-04-21","'3138M0B25'","MBS","UMBS MORTPASS 3% 08/27","15yr",,,,,"14192.42",,,,,,""
"2021-04-21","'31418CHS6'","MBS","UMBS MORTPASS 3.5% 03/27","Other",,,,,"14168.38",,,,,,""
"2021-04-21","'36202EC23'","MBS","GNMA II 4.5% 03/35","30yr",,,,,"14164.25",,,,,,""
"2021-04-21","'36296XG81'","MBS","GNMA I MORTPASS 6% 12/38","30yr",,,,,"14150.9",,,,,,""
"2021-04-21","'31417FL48'","MBS","UMBS MORTPASS 2.5% 02/28","15yr",,,,,"14143.31",,,,,,""
"2021-04-21","'3140FNBB9'","MBS","UMBS MORTPASS 4.5% 07/47","30yr",,,,,"14115.28",,,,,,""
"2021-04-21","'36213YAN2'","MBS","GNMA I 5.5% 01/39","30yr",,,,,"14111.44",,,,,,""
"2021-04-21","'3132A7D24'","MBS","UMBS MORTPASS 3% 12/26","15yr",,,,,"14109.44",,,,,,""
"2021-04-21","'36290RWG4'","MBS","GNMA I 4.5% 08/33","30yr",,,,,"14081.8",,,,,,""
"2021-04-21","'36202ECM9'","MBS","GNMA II 4.5% 02/35","30yr",,,,,"14034.35",,,,,,""
"2021-04-21","'36202TBB1'","MBS","GNMA I 5.5% 12/37","30yr",,,,,"14032.68",,,,,,""
"2021-04-21","'3620AR4H1'","MBS","GNMA I MORTPASS 4% 03/41","30yr",,,,,"13998.44",,,,,,""
"2021-04-21","'3140H63L1'","MBS","UMBS MORTPASS 3% 03/33","15yr",,,,,"13987.08",,,,,,""
"2021-04-21","'3138WEWJ4'","MBS","UMBS MORTPASS 2.5% 06/30","15yr",,,,,"13952.16",,,,,,""
"2021-04-21","'31400YHD1'","MBS","UMBS MORTPASS 6% 02/33","30yr",,,,,"13937.51",,,,,,""
"2021-04-21","'3132WJVD0'","MBS","FHLMCGLD 4.5% 12/46","30yr",,,,,"13926.47",,,,,,""
"2021-04-21","'31417KVN4'","MBS","UMBS MORTPASS 4% 09/24","15yr",,,,,"13920.69",,,,,,""
"2021-04-21","'3140F3RH3'","MBS","UMBS MORTPASS 3% 04/46","30yr",,,,,"13903.61",,,,,,""
"2021-04-21","'312944CS8'","MBS","FHLMCGLD 4% 12/40","30yr",,,,,"13891.97",,,,,,""
"2021-04-21","'3140H3P59'","MBS","UMBS MORTPASS 3% 11/47","30yr",,,,,"13871.02",,,,,,""
"2021-04-21","'31413JEM2'","MBS","UMBS MORTPASS 5% 09/22","15yr",,,,,"13864.67",,,,,,""
"2021-04-21","'36176EY62'","MBS","GNMA I MORTPASS 4% 06/41","30yr",,,,,"13861.61",,,,,,""
"2021-04-21","'3140J9HV6'","MBS","UMBS MORTPASS 2% 08/30","15yr",,,,,"13841.79",,,,,,""
"2021-04-21","'36177WXS4'","MBS","GNMA I MORTPASS 3% 07/42","30yr",,,,,"13841.78",,,,,,""
"2021-04-21","'3138WBRR8'","MBS","UMBS MORTPASS 3% 04/34","Other",,,,,"13808.57",,,,,,""
"2021-04-21","'3140FFFM8'","MBS","UMBS MORTPASS 3% 09/46","30yr",,,,,"13790.37",,,,,,""
"2021-04-21","'3138XXF50'","MBS","UMBS MORTPASS 3.5% 08/29","15yr",,,,,"13766.79",,,,,,""
"2021-04-21","'3132ACRU6'","MBS","UMBS MORTPASS 4% 08/48","30yr",,,,,"13704.18",,,,,,""
"2021-04-21","'3138WJEQ7'","MBS","UMBS MORTPASS 2.5% 11/31","15yr",,,,,"13701.95",,,,,,""
"2021-04-21","'31413KSW2'","MBS","UMBS MORTPASS 4.5% 11/37","30yr",,,,,"13701.64",,,,,,""
"2021-04-21","'3128P7CS0'","MBS","FHLMCGLD 6.5% 07/26","Other",,,,,"13672",,,,,,""
"2021-04-21","'36295HYX2'","MBS","GNMA I 5.5% 07/37","30yr",,,,,"13671.58",,,,,,""
"2021-04-21","'36202FBF2'","MBS","GNMA II 3.5% 07/39","30yr",,,,,"13668.05",,,,,,""
"2021-04-21","'36179SUT2'","MBS","GNMA II 2.5% 01/47","30yr",,,,,"13656.32",,,,,,""
"2021-04-21","'31416YXB9'","MBS","UMBS MORTPASS 3% 08/26","15yr",,,,,"13653.92",,,,,,""
"2021-04-21","'31296MU49'","MBS","FHLMCGLD 5% 09/33","30yr",,,,,"13652.7",,,,,,""
"2021-04-21","'31388LEA4'","MBS","UMBS MORTPASS 5.5% 11/31","30yr",,,,,"13651.2",,,,,,""
"2021-04-21","'3131X9D68'","MBS","UMBS MORTPASS 3% 05/28","15yr",,,,,"13637",,,,,,""
"2021-04-21","'31371NZ81'","MBS","UMBS MORTPASS 5.5% 09/28","Other",,,,,"13632.58",,,,,,""
"2021-04-21","'36292FMJ3'","MBS","GNMA I MORTPASS 5% 05/36","30yr",,,,,"13622.8",,,,,,""
"2021-04-21","'3620A4NG3'","MBS","GNMA I MORTPASS 5% 08/39","30yr",,,,,"13612.12",,,,,,""
"2021-04-21","'31411WXL6'","MBS","UMBS MORTPASS 5.5% 04/37","30yr",,,,,"13589.11",,,,,,""
"2021-04-21","'3138ENXC8'","MBS","UMBS MORTPASS 3.5% 11/29","15yr",,,,,"13584.28",,,,,,""
"2021-04-21","'36296KPL0'","MBS","GNMA I 5.5% 07/38","30yr",,,,,"13572.4",,,,,,""
"2021-04-21","'3129307G9'","MBS","FHLMCGLD 4.5% 02/39","30yr",,,,,"13559.4",,,,,,""
"2021-04-21","'3132A67L1'","MBS","UMBS MORTPASS 3.5% 07/21","Other",,,,,"13528.05",,,,,,""
"2021-04-21","'31412UXL9'","MBS","UMBS MORTPASS 6% 06/39","30yr",,,,,"13522.28",,,,,,""
"2021-04-21","'36295GQW5'","MBS","GNMA I 5.5% 03/39","30yr",,,,,"13501.18",,,,,,""
"2021-04-21","'36210F7E0'","MBS","GNMA I MORTPASS 5% 06/37","30yr",,,,,"13479.26",,,,,,""
"2021-04-21","'31329LEK4'","MBS","UMBS MORTPASS 2.5% 04/28","15yr",,,,,"13475.98",,,,,,""
"2021-04-21","'31368HLV3'","MBS","UMBS MORTPASS 5% 09/33","30yr",,,,,"13474.05",,,,,,""
"2021-04-21","'3131Y0R53'","MBS","UMBS MORTPASS 3.5% 03/48","30yr",,,,,"13472.04",,,,,,""
"2021-04-21","'31403SDV5'","MBS","UMBS MORTPASS 5% 01/34","30yr",,,,,"13461.96",,,,,,""
"2021-04-21","'36202ETZ2'","MBS","GNMA II MORTPASS 5% 06/38","30yr",,,,,"13449.62",,,,,,""
"2021-04-21","'36295XAB1'","MBS","GNMA I MORTPASS 6% 02/38","30yr",,,,,"13439.96",,,,,,""
"2021-04-21","'3138ANZ89'","MBS","UMBS MORTPASS 3% 08/26","15yr",,,,,"13439.54",,,,,,""
"2021-04-21","'3140JKYT7'","MBS","UMBS MORTPASS 3% 01/34","15yr",,,,,"13429.68",,,,,,""
"2021-04-21","'3128MMRU9'","MBS","FHLMCGLD 3.5% 01/29","15yr",,,,,"13379.56",,,,,,""
"2021-04-21","'36176SMF4'","MBS","GNMA I MORTPASS 4% 12/41","30yr",,,,,"13379.18",,,,,,""
"2021-04-21","'3140E9JS6'","MBS","UMBS MORTPASS 4% 01/46","30yr",,,,,"13365.8",,,,,,""
"2021-04-21","'312944GA3'","MBS","FHLMCGLD 4% 12/40","30yr",,,,,"13359.65",,,,,,""
"2021-04-21","'3140FS2U6'","MBS","UMBS MORTPASS 4.5% 01/47","30yr",,,,,"13323.73",,,,,,""
"2021-04-21","'36295RLM8'","MBS","GNMA I 5.5% 02/39","30yr",,,,,"13322.71",,,,,,""
"2021-04-21","'31307NNU4'","MBS","FHLMCGLD 3.5% 07/30","15yr",,,,,"13308.06",,,,,,""
"2021-04-21","'31417VW58'","MBS","UMBS MORTPASS 6% 12/39","30yr",,,,,"13297.95",,,,,,""
"2021-04-21","'3128MDVA8'","MBS","FHLMCGLD 4% 05/25","15yr",,,,,"13265.62",,,,,,""
"2021-04-21","'36296QL56'","MBS","GNMA I 5.5% 03/39","30yr",,,,,"13256.43",,,,,,""
"2021-04-21","'3138WBGC3'","MBS","UMBS MORTPASS 3.5% 03/29","15yr",,,,,"13241.89",,,,,,""
"2021-04-21","'3132M6DR8'","MBS","FHLMCGLD 3.5% 04/44","30yr",,,,,"13241.2",,,,,,""
"2021-04-21","'3132A8HF9'","MBS","UMBS MORTPASS 2% 05/31","15yr",,,,,"13239.88",,,,,,""
"2021-04-21","'31415X4P3'","MBS","UMBS MORTPASS 4% 02/24","15yr",,,,,"13195.7",,,,,,""
"2021-04-21","'3132AEBH8'","MBS","UMBS MORTPASS 4% 09/48","30yr",,,,,"13170.96",,,,,,""
"2021-04-21","'36297FE24'","MBS","GNMA I 5.5% 08/39","30yr",,,,,"13143.36",,,,,,""
"2021-04-21","'36202FAS5'","MBS","GNMA II 3.5% 07/39","30yr",,,,,"13132.61",,,,,,""
"2021-04-21","'31307T5E7'","MBS","FHLMCGLD 3.5% 06/32","15yr",,,,,"13118.03",,,,,,""
"2021-04-21","'36176Q5Y6'","MBS","GNMA I 3.5% 03/42","30yr",,,,,"13100.21",,,,,,""
"2021-04-21","'3128PWY36'","MBS","FHLMCGLD 3% 10/21","15yr",,,,,"13088.94",,,,,,""
"2021-04-21","'31412QVY2'","MBS","UMBS MORTPASS 4.5% 12/24","15yr",,,,,"13088.2",,,,,,""
"2021-04-21","'3128PWC63'","MBS","FHLMCGLD 3% 08/21","15yr",,,,,"13080.01",,,,,,""
"2021-04-21","'3128KWZG1'","MBS","FHLMCGLD 6.5% 08/37","30yr",,,,,"13077.94",,,,,,""
"2021-04-21","'312934ML3'","MBS","FHLMCGLD 4% 07/39","30yr",,,,,"13074.61",,,,,,""
"2021-04-21","'3138WDJ44'","MBS","UMBS MORTPASS 4.5% 11/44","30yr",,,,,"13042.95",,,,,,""
"2021-04-21","'31419JTM0'","MBS","UMBS MORTPASS 3.5% 11/25","15yr",,,,,"13040.62",,,,,,""
"2021-04-21","'36294SWF0'","MBS","GNMA I MORTPASS 5% 06/37","30yr",,,,,"13003.53",,,,,,""
"2021-04-21","'312939D81'","MBS","FHLMCGLD 5.5% 01/40","30yr",,,,,"13001.37",,,,,,""
"2021-04-21","'36213FLJ0'","MBS","GNMA I MORTPASS 6% 01/33","30yr",,,,,"12994.07",,,,,,""
"2021-04-21","'36200AVC0'","MBS","GNMA I MORTPASS 5% 01/35","30yr",,,,,"12983.32",,,,,,""
"2021-04-21","'36202XZK6'","MBS","GNMA I MORTPASS 5% 06/33","30yr",,,,,"12982.59",,,,,,""
"2021-04-21","'3128M6XE3'","MBS","FHLMCGLD 6% 10/38","30yr",,,,,"12971.83",,,,,,""
"2021-04-21","'3132A9PE1'","MBS","UMBS MORTPASS 2.5% 03/29","15yr",,,,,"12967.12",,,,,,""
"2021-04-21","'3138Y5AP1'","MBS","UMBS MORTPASS 3% 01/45","30yr",,,,,"12962.7",,,,,,""
"2021-04-21","'3140GQ5J1'","MBS","UMBS MORTPASS 2.5% 08/32","15yr",,,,,"12961.23",,,,,,""
"2021-04-21","'36201GU45'","MBS","GNMA I MORTPASS 5% 06/34","30yr",,,,,"12952.08",,,,,,""
"2021-04-21","'3128L1DJ6'","MBS","FHLMCGLD 6% 12/37","30yr",,,,,"12931.04",,,,,,""
"2021-04-21","'36297KKD2'","MBS","GNMA I MORTPASS 5% 07/39","30yr",,,,,"12925.32",,,,,,""
"2021-04-21","'31416SJM4'","MBS","UMBS MORTPASS 4.5% 06/24","15yr",,,,,"12916.14",,,,,,""
"2021-04-21","'31411SZA7'","MBS","UMBS MORTPASS 5.5% 03/37","30yr",,,,,"12903.88",,,,,,""
"2021-04-21","'3140JHKQ5'","MBS","UMBS MORTPASS 4% 10/48","30yr",,,,,"12893.02",,,,,,""
"2021-04-21","'3138WKRP2'","MBS","UMBS MORTPASS 2.5% 04/32","15yr",,,,,"12884.38",,,,,,""
"2021-04-21","'36200NC74'","MBS","GNMA I MORTPASS 5% 02/34","30yr",,,,,"12869.77",,,,,,""
"2021-04-21","'3138YJWE2'","MBS","UMBS MORTPASS 2.5% 04/30","15yr",,,,,"12867.63",,,,,,""
"2021-04-21","'36213C3J7'","MBS","GNMA I 5.5% 08/35","30yr",,,,,"12850.04",,,,,,""
"2021-04-21","'312944CD1'","MBS","FHLMCGLD 4% 12/40","30yr",,,,,"12839.24",,,,,,""
"2021-04-21","'36297E6Q3'","MBS","GNMA I MORTPASS 5% 03/39","30yr",,,,,"12821.85",,,,,,""
"2021-04-21","'31407AYW5'","MBS","UMBS MORTPASS 5% 05/35","30yr",,,,,"12810.22",,,,,,""
"2021-04-21","'31411NQ59'","MBS","UMBS MORTPASS 6% 03/37","30yr",,,,,"12745",,,,,,""
"2021-04-21","'36292DDR0'","MBS","GNMA I MORTPASS 5% 10/35","30yr",,,,,"12742.24",,,,,,""
"2021-04-21","'3138E2GN9'","MBS","UMBS MORTPASS 4.5% 01/42","30yr",,,,,"12739.32",,,,,,""
"2021-04-21","'3140JQKD4'","MBS","UMBS MORTPASS 3.5% 03/49","30yr",,,,,"12734.54",,,,,,""
"2021-04-21","'3138XCLX8'","MBS","UMBS MORTPASS 3.5% 11/28","15yr",,,,,"12723.08",,,,,,""
"2021-04-21","'31415QAS5'","MBS","UMBS MORTPASS 5% 06/23","15yr",,,,,"12703.58",,,,,,""
"2021-04-21","'3138WVCT6'","MBS","UMBS MORTPASS 2% 09/28","15yr",,,,,"12659.26",,,,,,""
"2021-04-21","'31416KMQ8'","MBS","UMBS MORTPASS 4.5% 01/24","15yr",,,,,"12639.74",,,,,,""
"2021-04-21","'31407PWH7'","MBS","UMBS MORTPASS 5% 10/35","30yr",,,,,"12637.14",,,,,,""
"2021-04-21","'36176C5N1'","MBS","GNMA I 3.5% 04/41","30yr",,,,,"12624.1",,,,,,""
"2021-04-21","'3128PJW29'","MBS","FHLMCGLD 4.5% 02/23","15yr",,,,,"12607.51",,,,,,""
"2021-04-21","'36202D2B6'","MBS","GNMA II 4.5% 11/33","30yr",,,,,"12579.4",,,,,,""
"2021-04-21","'36176QNR1'","MBS","GNMA I 3.5% 01/42","30yr",,,,,"12563.88",,,,,,""
"2021-04-21","'3138M8G98'","MBS","UMBS MORTPASS 3% 08/27","15yr",,,,,"12559.93",,,,,,""
"2021-04-21","'31418VMR0'","MBS","UMBS MORTPASS 4% 07/25","15yr",,,,,"12552.72",,,,,,""
"2021-04-21","'3131X6W63'","MBS","UMBS MORTPASS 3% 07/26","15yr",,,,,"12543.39",,,,,,""
"2021-04-21","'36210RWQ9'","MBS","GNMA I MORTPASS 5% 09/33","30yr",,,,,"12533.03",,,,,,""
"2021-04-21","'3128PMP61'","MBS","FHLMCGLD 4% 03/24","15yr",,,,,"12520.81",,,,,,""
"2021-04-21","'36202EAX7'","MBS","GNMA II 4.5% 10/34","30yr",,,,,"12513.78",,,,,,""
"2021-04-21","'3131XCRA7'","MBS","UMBS MORTPASS 2.5% 02/32","15yr",,,,,"12497.14",,,,,,""
"2021-04-21","'3140HATD2'","MBS","UMBS MORTPASS 3.5% 01/48","30yr",,,,,"12494.16",,,,,,""
"2021-04-21","'36292L5J9'","MBS","GNMA I 5.5% 05/36","30yr",,,,,"12474.26",,,,,,""
"2021-04-21","'3138X7BR3'","MBS","UMBS MORTPASS 3.5% 10/43","30yr",,,,,"12473.49",,,,,,""
"2021-04-21","'3128PVN22'","MBS","FHLMCGLD 3% 06/21","15yr",,,,,"12469.01",,,,,,""
"2021-04-21","'3140FRQB4'","MBS","UMBS MORTPASS 4.5% 01/47","30yr",,,,,"12461.27",,,,,,""
"2021-04-21","'3128KWPK3'","MBS","FHLMCGLD 5% 08/37","30yr",,,,,"12449.97",,,,,,""
"2021-04-21","'3128MAEQ8'","MBS","FHLMCGLD 4.5% 08/44","30yr",,,,,"12445.59",,,,,,""
"2021-04-21","'3138LQK52'","MBS","UMBS MORTPASS 3% 04/27","15yr",,,,,"12443.7",,,,,,""
"2021-04-21","'3140J9FU0'","MBS","UMBS MORTPASS 4% 11/48","30yr",,,,,"12435.4",,,,,,""
"2021-04-21","'36296SQE8'","MBS","GNMA I MORTPASS 5% 05/39","30yr",,,,,"12433.8",,,,,,""
"2021-04-21","'36297E7J8'","MBS","GNMA I 5.5% 03/39","30yr",,,,,"12430.59",,,,,,""
"2021-04-21","'36297KLW9'","MBS","GNMA I MORTPASS 4% 08/39","30yr",,,,,"12423.94",,,,,,""
"2021-04-21","'3620A7QN8'","MBS","GNMA I MORTPASS 5% 10/39","30yr",,,,,"12397.1",,,,,,""
"2021-04-21","'31307HVP9'","MBS","FHLMCGLD 3% 07/29","15yr",,,,,"12377.47",,,,,,""
"2021-04-21","'3620AD6L1'","MBS","GNMA I 5.5% 12/39","30yr",,,,,"12328.4",,,,,,""
"2021-04-21","'31416AF21'","MBS","UMBS MORTPASS 3.5% 07/24","15yr",,,,,"12319.49",,,,,,""
"2021-04-21","'31414UGY8'","MBS","UMBS MORTPASS 4.5% 03/23","15yr",,,,,"12315.58",,,,,,""
"2021-04-21","'3140GWFR9'","MBS","UMBS MORTPASS 3.5% 08/47","30yr",,,,,"12312.24",,,,,,""
"2021-04-21","'3620ASA33'","MBS","GNMA I MORTPASS 4% 03/41","30yr",,,,,"12297.81",,,,,,""
"2021-04-21","'31412MRV2'","MBS","UMBS MORTPASS 5% 05/23","15yr",,,,,"12294.75",,,,,,""
"2021-04-21","'31412UY53'","MBS","UMBS MORTPASS 4.5% 08/39","30yr",,,,,"12291.63",,,,,,""
"2021-04-21","'36296DYS1'","MBS","GNMA I 5.5% 05/38","30yr",,,,,"12288.02",,,,,,""
"2021-04-21","'3128PPZL0'","MBS","FHLMCGLD 4.5% 09/24","15yr",,,,,"12199.7",,,,,,""
"2021-04-21","'3128PMLB4'","MBS","FHLMCGLD 4.5% 02/24","15yr",,,,,"12193.03",,,,,,""
"2021-04-21","'3131X9YS7'","MBS","UMBS MORTPASS 3% 10/28","15yr",,,,,"12187.81",,,,,,""
"2021-04-21","'3138YVFQ7'","MBS","UMBS MORTPASS 3% 06/30","15yr",,,,,"12183.03",,,,,,""
"2021-04-21","'36297FCW0'","MBS","GNMA I 5.5% 03/39","30yr",,,,,"12175.44",,,,,,""
"2021-04-21","'36296V6L7'","MBS","GNMA I MORTPASS 5% 01/39","30yr",,,,,"12127.74",,,,,,""
"2021-04-21","'3132WD4E1'","MBS","FHLMCGLD 4% 06/46","30yr",,,,,"12122.18",,,,,,""
"2021-04-21","'31335H5U3'","MBS","FHLMCGLD 5.5% 10/24","Other",,,,,"12121.67",,,,,,""
"2021-04-21","'3620A5XC8'","MBS","GNMA I 4.5% 07/39","30yr",,,,,"12111.06",,,,,,""
"2021-04-21","'36296LP38'","MBS","GNMA I 5.5% 09/38","30yr",,,,,"12102.51",,,,,,""
"2021-04-21","'3620C5G27'","MBS","GNMA I MORTPASS 4% 08/41","30yr",,,,,"12081.37",,,,,,""
"2021-04-21","'31414UG28'","MBS","UMBS MORTPASS 4.5% 03/23","15yr",,,,,"12076.41",,,,,,""
"2021-04-21","'3138WMFC0'","MBS","UMBS MORTPASS 2.5% 03/43","30yr",,,,,"12067.02",,,,,,""
"2021-04-21","'31416AG87'","MBS","UMBS MORTPASS 6.5% 11/38","30yr",,,,,"12065.39",,,,,,""
"2021-04-21","'36295N5X1'","MBS","GNMA I 5.5% 06/38","30yr",,,,,"12064.29",,,,,,""
"2021-04-21","'3131XAAL5'","MBS","UMBS MORTPASS 3.5% 12/23","Other",,,,,"12060.26",,,,,,""
"2021-04-21","'3140HLUW4'","MBS","UMBS MORTPASS 3.5% 07/48","30yr",,,,,"12047.43",,,,,,""
"2021-04-21","'3131XANH0'","MBS","UMBS MORTPASS 3% 06/29","15yr",,,,,"12039.9",,,,,,""
"2021-04-21","'3128MCH40'","MBS","FHLMCGLD 4% 08/24","15yr",,,,,"12012.57",,,,,,""
"2021-04-21","'3133KGGH5'","MBS","UMBS MORTPASS 4% 07/49","30yr",,,,,"12001.64",,,,,,""
"2021-04-21","'3128PML99'","MBS","FHLMCGLD 5% 03/24","15yr",,,,,"11977.99",,,,,,""
"2021-04-21","'31307HM20'","MBS","FHLMCGLD 3.5% 06/29","15yr",,,,,"11967.97",,,,,,""
"2021-04-21","'3138WXRH2'","MBS","UMBS MORTPASS 2.5% 06/28","15yr",,,,,"11960.57",,,,,,""
"2021-04-21","'31414JA94'","MBS","UMBS MORTPASS 4.5% 12/22","15yr",,,,,"11957.02",,,,,,""
"2021-04-21","'36297BAU5'","MBS","GNMA I 5.5% 02/39","30yr",,,,,"11954.58",,,,,,""
"2021-04-21","'3138WHHW5'","MBS","UMBS MORTPASS 2.5% 06/31","15yr",,,,,"11932.52",,,,,,""
"2021-04-21","'3128PMTM2'","MBS","FHLMCGLD 4.5% 04/24","15yr",,,,,"11922.65",,,,,,""
"2021-04-21","'31418DBX9'","MBS","UMBS MORTPASS 3% 03/29","Other",,,,,"11912.83",,,,,,""
"2021-04-21","'3128MMLR2'","MBS","FHLMCGLD 5% 12/24","15yr",,,,,"11904.23",,,,,,""
"2021-04-21","'3138WBSE6'","MBS","UMBS MORTPASS 4% 05/44","30yr",,,,,"11895.07",,,,,,""
"2021-04-21","'3138A1RB9'","MBS","UMBS MORTPASS 3% 12/25","15yr",,,,,"11885.83",,,,,,""
"2021-04-21","'3128Q07M3'","MBS","FHLMCGLD 3.5% 08/27","15yr",,,,,"11856.12",,,,,,""
"2021-04-21","'36290RNL3'","MBS","GNMA I MORTPASS 5% 07/33","30yr",,,,,"11853.61",,,,,,""
"2021-04-21","'3128PMQ45'","MBS","FHLMCGLD 4.5% 04/24","15yr",,,,,"11830.65",,,,,,""
"2021-04-21","'3128MDFA6'","MBS","FHLMCGLD 2.5% 05/22","15yr",,,,,"11820.36",,,,,,""
"2021-04-21","'3128P7J87'","MBS","FHLMCGLD 5.5% 06/28","Other",,,,,"11819.59",,,,,,""
"2021-04-21","'31413VTH0'","MBS","UMBS MORTPASS 5.5% 12/37","30yr",,,,,"11816.64",,,,,,""
"2021-04-21","'3138M3YK4'","MBS","UMBS MORTPASS 3% 08/27","15yr",,,,,"11813.88",,,,,,""
"2021-04-21","'3138ENLB3'","MBS","UMBS MORTPASS 3.5% 10/29","15yr",,,,,"11794.84",,,,,,""
"2021-04-21","'3128MJYU8'","MBS","FHLMCGLD 3.5% 09/46","30yr",,,,,"11789.37",,,,,,""
"2021-04-21","'3132A9PQ4'","MBS","UMBS MORTPASS 2.5% 07/29","15yr",,,,,"11779.5",,,,,,""
"2021-04-21","'3128P7XJ7'","MBS","FHLMCGLD 3% 11/32","Other",,,,,"11778.24",,,,,,""
"2021-04-21","'36294V6G0'","MBS","GNMA I 5.5% 12/36","30yr",,,,,"11764.19",,,,,,""
"2021-04-21","'3138AUDD6'","MBS","UMBS MORTPASS 3% 11/26","15yr",,,,,"11754.75",,,,,,""
"2021-04-21","'31412YL75'","MBS","UMBS MORTPASS 5% 05/37","30yr",,,,,"11743.85",,,,,,""
"2021-04-21","'3128KRVU5'","MBS","FHLMCGLD 5% 07/36","30yr",,,,,"11742.06",,,,,,""
"2021-04-21","'31414TWA5'","MBS","UMBS MORTPASS 6% 11/38","30yr",,,,,"11732.96",,,,,,""
"2021-04-21","'31417UE27'","MBS","UMBS MORTPASS 5% 06/40","30yr",,,,,"11731.7",,,,,,""
"2021-04-21","'36296GP70'","MBS","GNMA I MORTPASS 5% 06/38","30yr",,,,,"11730.58",,,,,,""
"2021-04-21","'3132QLQT3'","MBS","FHLMCGLD 3.5% 12/44","30yr",,,,,"11720.17",,,,,,""
"2021-04-21","'3620ATTD9'","MBS","GNMA I MORTPASS 5% 04/40","30yr",,,,,"11700.05",,,,,,""
"2021-04-21","'36297CSJ9'","MBS","GNMA I MORTPASS 5% 09/39","30yr",,,,,"11678.46",,,,,,""
"2021-04-21","'36292JHX0'","MBS","GNMA I MORTPASS 5% 03/36","30yr",,,,,"11652.64",,,,,,""
"2021-04-21","'3138ELRB1'","MBS","UMBS MORTPASS 3% 08/28","15yr",,,,,"11646.42",,,,,,""
"2021-04-21","'31407MVZ5'","MBS","UMBS MORTPASS 5% 07/35","30yr",,,,,"11634.75",,,,,,""
"2021-04-21","'3138ETBX3'","MBS","UMBS MORTPASS 3% 03/31","15yr",,,,,"11629.15",,,,,,""
"2021-04-21","'3138WHHT2'","MBS","UMBS MORTPASS 2.5% 06/31","15yr",,,,,"11607.19",,,,,,""
"2021-04-21","'3131X9QH0'","MBS","UMBS MORTPASS 2.5% 07/28","15yr",,,,,"11602.6",,,,,,""
"2021-04-21","'3138XTEN1'","MBS","UMBS MORTPASS 3.5% 05/29","15yr",,,,,"11601.57",,,,,,""
"2021-04-21","'3138WJD96'","MBS","UMBS MORTPASS 2.5% 10/31","15yr",,,,,"11601.19",,,,,,""
"2021-04-21","'3138WGU77'","MBS","UMBS MORTPASS 3% 03/31","15yr",,,,,"11600.07",,,,,,""
"2021-04-21","'3138WEKB4'","MBS","UMBS MORTPASS 3% 04/45","30yr",,,,,"11586.63",,,,,,""
"2021-04-21","'36296BAT9'","MBS","GNMA I 5.5% 07/38","30yr",,,,,"11571.01",,,,,,""
"2021-04-21","'31418CDL5'","MBS","UMBS MORTPASS 3% 11/46","30yr",,,,,"11542.4",,,,,,""
"2021-04-21","'3128KQH58'","MBS","FHLMCGLD 6.5% 05/37","30yr",,,,,"11539.01",,,,,,""
"2021-04-21","'31335H7D9'","MBS","FHLMCGLD 5% 04/25","Other",,,,,"11530.12",,,,,,""
"2021-04-21","'3620A1RW0'","MBS","GNMA I MORTPASS 5% 07/39","30yr",,,,,"11517.07",,,,,,""
"2021-04-21","'31416R6V0'","MBS","UMBS MORTPASS 5.5% 06/39","30yr",,,,,"11466.6",,,,,,""
"2021-04-21","'31407JB43'","MBS","UMBS MORTPASS 6% 09/26","Other",,,,,"11465.75",,,,,,""
"2021-04-21","'3128PLTP7'","MBS","FHLMCGLD 5.5% 09/23","15yr",,,,,"11465.35",,,,,,""
"2021-04-21","'3128P7SF1'","MBS","FHLMCGLD 4% 01/32","Other",,,,,"11455.67",,,,,,""
"2021-04-21","'36290UDE3'","MBS","GNMA I MORTPASS 5% 07/37","30yr",,,,,"11453.75",,,,,,""
"2021-04-21","'36297GHK9'","MBS","GNMA I 5.5% 02/39","30yr",,,,,"11451.89",,,,,,""
"2021-04-21","'31307NN26'","MBS","FHLMCGLD 2.5% 07/30","15yr",,,,,"11448.19",,,,,,""
"2021-04-21","'31415CFF9'","MBS","UMBS MORTPASS 6.5% 07/38","30yr",,,,,"11427.58",,,,,,""
"2021-04-21","'3140EVAQ0'","MBS","UMBS MORTPASS 3% 05/31","15yr",,,,,"11424.12",,,,,,""
"2021-04-21","'3128PRU98'","MBS","FHLMCGLD 4% 06/25","15yr",,,,,"11409.62",,,,,,""
"2021-04-21","'36230MKA4'","MBS","GNMA I MORTPASS 4% 08/41","30yr",,,,,"11402.85",,,,,,""
"2021-04-21","'36292J4K2'","MBS","GNMA I MORTPASS 5% 01/36","30yr",,,,,"11397.43",,,,,,""
"2021-04-21","'36295WG35'","MBS","GNMA I MORTPASS 4% 02/41","30yr",,,,,"11353.5",,,,,,""
"2021-04-21","'3620A22Y1'","MBS","GNMA I MORTPASS 4% 08/41","30yr",,,,,"11347.36",,,,,,""
"2021-04-21","'31405SKT0'","MBS","UMBS MORTPASS 5% 04/35","30yr",,,,,"11331.16",,,,,,""
"2021-04-21","'3128Q0F51'","MBS","FHLMCGLD 3% 05/22","15yr",,,,,"11316",,,,,,""
"2021-04-21","'3128M6N95'","MBS","FHLMCGLD 6% 08/38","30yr",,,,,"11303.29",,,,,,""
"2021-04-21","'3132A5DK8'","MBS","UMBS MORTPASS 3% 03/45","30yr",,,,,"11298.27",,,,,,""
"2021-04-21","'3128KKQV4'","MBS","FHLMCGLD 6% 01/37","30yr",,,,,"11290.03",,,,,,""
"2021-04-21","'3138YKH63'","MBS","UMBS MORTPASS 3% 06/30","15yr",,,,,"11277.19",,,,,,""
"2021-04-21","'3138WHD33'","MBS","UMBS MORTPASS 2.5% 06/31","15yr",,,,,"11270.03",,,,,,""
"2021-04-21","'3128P7K36'","MBS","FHLMCGLD 5% 08/28","Other",,,,,"11261.54",,,,,,""
"2021-04-21","'31307NNV2'","MBS","FHLMCGLD 2.5% 07/30","15yr",,,,,"11257.4",,,,,,""
"2021-04-21","'3620A4ZK1'","MBS","GNMA I 5.5% 10/39","30yr",,,,,"11239.4",,,,,,""
"2021-04-21","'3140F12H4'","MBS","UMBS MORTPASS 2.5% 07/31","15yr",,,,,"11220.14",,,,,,""
"2021-04-21","'3138WFAF3'","MBS","UMBS MORTPASS 2.5% 07/30","15yr",,,,,"11219.89",,,,,,""
"2021-04-21","'31335ACS5'","MBS","FHLMCGLD 4% 06/45","30yr",,,,,"11199.79",,,,,,""
"2021-04-21","'3131X9UL6'","MBS","UMBS MORTPASS 2.5% 09/28","15yr",,,,,"11193.03",,,,,,""
"2021-04-21","'31417MQ22'","MBS","UMBS MORTPASS 6% 09/39","30yr",,,,,"11188.62",,,,,,""
"2021-04-21","'31407YQ69'","MBS","UMBS MORTPASS 6% 12/35","30yr",,,,,"11186.21",,,,,,""
"2021-04-21","'36295CAD3'","MBS","GNMA I MORTPASS 5% 04/38","30yr",,,,,"11185.98",,,,,,""
"2021-04-21","'3140HCCF1'","MBS","UMBS MORTPASS 4% 05/48","30yr",,,,,"11183.78",,,,,,""
"2021-04-21","'3128PWW61'","MBS","FHLMCGLD 3% 10/21","15yr",,,,,"11179.91",,,,,,""
"2021-04-21","'3128E3CQ5'","MBS","FHLMCGLD 5% 11/23","Other",,,,,"11154.04",,,,,,""
"2021-04-21","'36297BAS0'","MBS","GNMA I 5.5% 09/39","30yr",,,,,"11133.12",,,,,,""
"2021-04-21","'3132KEYV1'","MBS","FHLMCGLD 3% 01/30","15yr",,,,,"11130.81",,,,,,""
"2021-04-21","'31371M5Q6'","MBS","UMBS MORTPASS 5.5% 01/27","Other",,,,,"11129.78",,,,,,""
"2021-04-21","'3138YEZM2'","MBS","UMBS MORTPASS 3% 02/30","15yr",,,,,"11129.4",,,,,,""
"2021-04-21","'31417MFE8'","MBS","UMBS MORTPASS 4.5% 08/39","30yr",,,,,"11119.02",,,,,,""
"2021-04-21","'3131X65Q9'","MBS","UMBS MORTPASS 3% 09/21","Other",,,,,"11091.08",,,,,,""
"2021-04-21","'31400TVW4'","MBS","UMBS MORTPASS 5.5% 01/34","30yr",,,,,"11089.71",,,,,,""
"2021-04-21","'31412AVY7'","MBS","UMBS MORTPASS 5% 08/22","15yr",,,,,"11086.55",,,,,,""
"2021-04-21","'31414B2V1'","MBS","UMBS MORTPASS 5% 02/23","15yr",,,,,"11079.34",,,,,,""
"2021-04-21","'36290UGK6'","MBS","GNMA I MORTPASS 6% 09/37","30yr",,,,,"11078.92",,,,,,""
"2021-04-21","'3138Y2HZ9'","MBS","UMBS MORTPASS 3.5% 10/29","15yr",,,,,"11070.85",,,,,,""
"2021-04-21","'3128MMT86'","MBS","FHLMCGLD 2.5% 11/30","15yr",,,,,"11058.42",,,,,,""
"2021-04-21","'31417GQQ2'","MBS","UMBS MORTPASS 3% 05/43","30yr",,,,,"11053.61",,,,,,""
"2021-04-21","'3128M8MJ0'","MBS","FHLMCGLD 4% 03/41","30yr",,,,,"11051.45",,,,,,""
"2021-04-21","'31412PPD7'","MBS","UMBS MORTPASS 4% 05/24","15yr",,,,,"11050.4",,,,,,""
"2021-04-21","'3138WK4P7'","MBS","UMBS MORTPASS 3.5% 06/47","30yr",,,,,"11046.62",,,,,,""
"2021-04-21","'36202DZE4'","MBS","GNMA II 4.5% 09/33","30yr",,,,,"11045.8",,,,,,""
"2021-04-21","'3138LQSX3'","MBS","UMBS MORTPASS 3% 06/27","15yr",,,,,"11043.5",,,,,,""
"2021-04-21","'36178DXT3'","MBS","GNMA I MORTPASS 3% 02/43","30yr",,,,,"11010.58",,,,,,""
"2021-04-21","'3138YNUQ8'","MBS","UMBS MORTPASS 3% 05/45","30yr",,,,,"11008.38",,,,,,""
"2021-04-21","'31416XQD5'","MBS","UMBS MORTPASS 3% 02/26","15yr",,,,,"10951.65",,,,,,""
"2021-04-21","'3140JHX65'","MBS","UMBS MORTPASS 4.5% 11/48","30yr",,,,,"10920.19",,,,,,""
"2021-04-21","'36176USJ5'","MBS","GNMA I MORTPASS 4% 04/42","30yr",,,,,"10908.96",,,,,,""
"2021-04-21","'36297EMK8'","MBS","GNMA I MORTPASS 5% 03/39","30yr",,,,,"10905.29",,,,,,""
"2021-04-21","'3138WFDX1'","MBS","UMBS MORTPASS 3.5% 07/30","15yr",,,,,"10880.2",,,,,,""
"2021-04-21","'31307LKQ0'","MBS","FHLMCGLD 3.5% 01/30","15yr",,,,,"10876.56",,,,,,""
"2021-04-21","'31418AHW1'","MBS","UMBS MORTPASS 2.5% 08/27","15yr",,,,,"10875.97",,,,,,""
"2021-04-21","'3131XAR29'","MBS","UMBS MORTPASS 3% 08/29","15yr",,,,,"10865.89",,,,,,""
"2021-04-21","'3131X7Q84'","MBS","UMBS MORTPASS 2.5% 04/27","15yr",,,,,"10855.73",,,,,,""
"2021-04-21","'31418MQS4'","MBS","UMBS MORTPASS 4.5% 10/35","30yr",,,,,"10850.09",,,,,,""
"2021-04-21","'31368HME0'","MBS","UMBS MORTPASS 5% 03/35","30yr",,,,,"10839.78",,,,,,""
"2021-04-21","'3138X84T5'","MBS","UMBS MORTPASS 3.5% 11/28","15yr",,,,,"10834.43",,,,,,""
"2021-04-21","'36297HRQ3'","MBS","GNMA I 4.5% 06/39","30yr",,,,,"10830.21",,,,,,""
"2021-04-21","'3128PSGU5'","MBS","FHLMCGLD 4% 09/25","15yr",,,,,"10818.02",,,,,,""
"2021-04-21","'3138W2EE1'","MBS","UMBS MORTPASS 2.5% 02/28","15yr",,,,,"10811.46",,,,,,""
"2021-04-21","'31412MXQ6'","MBS","UMBS MORTPASS 5% 06/38","30yr",,,,,"10807.06",,,,,,""
"2021-04-21","'3128PLDC3'","MBS","FHLMCGLD 4% 06/23","15yr",,,,,"10804.09",,,,,,""
"2021-04-21","'31297C3X6'","MBS","FHLMCGLD 5.5% 07/34","30yr",,,,,"10786.84",,,,,,""
"2021-04-21","'31412HYY9'","MBS","UMBS MORTPASS 6.5% 01/39","30yr",,,,,"10786.34",,,,,,""
"2021-04-21","'3128KWSM6'","MBS","FHLMCGLD 6% 09/37","30yr",,,,,"10768.37",,,,,,""
"2021-04-21","'3140E2G39'","MBS","UMBS MORTPASS 4% 10/45","30yr",,,,,"10756.19",,,,,,""
"2021-04-21","'36296DX52'","MBS","GNMA I MORTPASS 5% 04/38","30yr",,,,,"10751.37",,,,,,""
"2021-04-21","'36211Q2K6'","MBS","GNMA I MORTPASS 5% 03/34","30yr",,,,,"10748.77",,,,,,""
"2021-04-21","'36294SMU8'","MBS","GNMA I MORTPASS 5% 11/36","30yr",,,,,"10748.56",,,,,,""
"2021-04-21","'31412QVV8'","MBS","UMBS MORTPASS 4% 12/24","15yr",,,,,"10718.85",,,,,,""
"2021-04-21","'31417DV59'","MBS","UMBS MORTPASS 3.5% 11/42","30yr",,,,,"10703.24",,,,,,""
"2021-04-21","'3620A5XY0'","MBS","GNMA I MORTPASS 5% 10/39","30yr",,,,,"10674.65",,,,,,""
"2021-04-21","'3138XVQJ2'","MBS","UMBS MORTPASS 3% 05/29","15yr",,,,,"10666.27",,,,,,""
"2021-04-21","'31296YN58'","MBS","FHLMCGLD 5.5% 05/34","30yr",,,,,"10654.63",,,,,,""
"2021-04-21","'3128MCCG8'","MBS","FHLMCGLD 4.5% 02/24","15yr",,,,,"10642.76",,,,,,""
"2021-04-21","'31307UCU0'","MBS","FHLMCGLD 3.5% 07/32","15yr",,,,,"10625.72",,,,,,""
"2021-04-21","'31414HYW1'","MBS","UMBS MORTPASS 4.5% 12/22","15yr",,,,,"10622.98",,,,,,""
"2021-04-21","'31413JZR8'","MBS","UMBS MORTPASS 6% 10/37","30yr",,,,,"10609.51",,,,,,""
"2021-04-21","'3128MC7J8'","MBS","FHLMCGLD 4% 08/26","15yr",,,,,"10609.4",,,,,,""
"2021-04-21","'3128PKPJ7'","MBS","FHLMCGLD 4.5% 04/23","15yr",,,,,"10583.67",,,,,,""
"2021-04-21","'36297DA31'","MBS","GNMA I 5.5% 03/39","30yr",,,,,"10570.15",,,,,,""
"2021-04-21","'3620AS5P0'","MBS","GNMA I MORTPASS 4% 11/41","30yr",,,,,"10568.81",,,,,,""
"2021-04-21","'3128Q03J4'","MBS","FHLMCGLD 2.5% 07/22","15yr",,,,,"10540.42",,,,,,""
"2021-04-21","'31416XQE3'","MBS","UMBS MORTPASS 3.5% 02/26","15yr",,,,,"10534.15",,,,,,""
"2021-04-21","'31416JYW5'","MBS","UMBS MORTPASS 6.5% 01/39","30yr",,,,,"10526.7",,,,,,""
"2021-04-21","'3620A8VA8'","MBS","GNMA I 4.5% 12/39","30yr",,,,,"10520.89",,,,,,""
"2021-04-21","'36297BD99'","MBS","GNMA I 4.5% 03/39","30yr",,,,,"10514.94",,,,,,""
"2021-04-21","'3138W9KG4'","MBS","UMBS MORTPASS 3% 08/28","15yr",,,,,"10496.79",,,,,,""
"2021-04-21","'3138WJUS5'","MBS","UMBS MORTPASS 3.5% 01/47","30yr",,,,,"10496.3",,,,,,""
"2021-04-21","'36178NMM8'","MBS","GNMA I 3.5% 11/42","30yr",,,,,"10490.94",,,,,,""
"2021-04-21","'312931C71'","MBS","FHLMCGLD 5% 02/39","30yr",,,,,"10461.57",,,,,,""
"2021-04-21","'3138WHHS4'","MBS","UMBS MORTPASS 2.5% 06/31","15yr",,,,,"10461.08",,,,,,""
"2021-04-21","'3140EUBS7'","MBS","UMBS MORTPASS 2.5% 11/30","15yr",,,,,"10441.26",,,,,,""
"2021-04-21","'3138Y2RW5'","MBS","UMBS MORTPASS 3.5% 09/29","15yr",,,,,"10426.96",,,,,,""
"2021-04-21","'3138ASFL1'","MBS","UMBS MORTPASS 4.5% 09/41","30yr",,,,,"10423.76",,,,,,""
"2021-04-21","'31412TQ97'","MBS","UMBS MORTPASS 4.5% 08/38","30yr",,,,,"10417.32",,,,,,""
"2021-04-21","'36230KL66'","MBS","GNMA I MORTPASS 4% 10/40","30yr",,,,,"10416.61",,,,,,""
"2021-04-21","'36202EJG5'","MBS","GNMA II MORTPASS 5% 06/36","30yr",,,,,"10407.73",,,,,,""
"2021-04-21","'31418CKW3'","MBS","UMBS MORTPASS 4.5% 05/47","30yr",,,,,"10397.57",,,,,,""
"2021-04-21","'3128MBZJ9'","MBS","FHLMCGLD 5.5% 08/23","15yr",,,,,"10397.16",,,,,,""
"2021-04-21","'31417AMD8'","MBS","UMBS MORTPASS 2.5% 11/26","15yr",,,,,"10368.46",,,,,,""
"2021-04-21","'31417LAJ4'","MBS","UMBS MORTPASS 4% 12/24","15yr",,,,,"10361.03",,,,,,""
"2021-04-21","'3128P7KW2'","MBS","FHLMCGLD 6.5% 07/28","Other",,,,,"10360.28",,,,,,""
"2021-04-21","'31371PB66'","MBS","UMBS MORTPASS 6.5% 12/28","Other",,,,,"10342.7",,,,,,""
"2021-04-21","'3128MMST1'","MBS","FHLMCGLD 2.5% 10/29","15yr",,,,,"10339.13",,,,,,""
"2021-04-21","'36294WHB7'","MBS","GNMA I MORTPASS 6% 11/36","30yr",,,,,"10336.92",,,,,,""
"2021-04-21","'36290W3P5'","MBS","GNMA I MORTPASS 5% 11/34","30yr",,,,,"10333.67",,,,,,""
"2021-04-21","'3132WGTZ0'","MBS","FHLMCGLD 4.5% 09/46","30yr",,,,,"10325.03",,,,,,""
"2021-04-21","'3140F7QM4'","MBS","UMBS MORTPASS 3% 07/31","15yr",,,,,"10316.98",,,,,,""
"2021-04-21","'31418AP28'","MBS","UMBS MORTPASS 2.5% 02/43","30yr",,,,,"10305.73",,,,,,""
"2021-04-21","'31294MML2'","MBS","FHLMCGLD 3% 03/22","15yr",,,,,"10304.86",,,,,,""
"2021-04-21","'3138AURH2'","MBS","UMBS MORTPASS 3% 10/26","15yr",,,,,"10303.2",,,,,,""
"2021-04-21","'3132M96S8'","MBS","FHLMCGLD 3.5% 10/44","30yr",,,,,"10287.42",,,,,,""
"2021-04-21","'31417N6G1'","MBS","UMBS MORTPASS 6% 11/39","30yr",,,,,"10282.9",,,,,,""
"2021-04-21","'3620A9P39'","MBS","GNMA I 5.5% 10/39","30yr",,,,,"10265.97",,,,,,""
"2021-04-21","'36202XEG8'","MBS","GNMA I 5.5% 08/33","30yr",,,,,"10234.97",,,,,,""
"2021-04-21","'31417Y3B1'","MBS","UMBS MORTPASS 3.5% 07/21","Other",,,,,"10200.59",,,,,,""
"2021-04-21","'3131X9P32'","MBS","UMBS MORTPASS 3% 08/28","15yr",,,,,"10191.55",,,,,,""
"2021-04-21","'3132A5HH1'","MBS","UMBS MORTPASS 4.5% 08/47","30yr",,,,,"10173.74",,,,,,""
"2021-04-21","'31307HLP0'","MBS","FHLMCGLD 3.5% 06/29","15yr",,,,,"10171.89",,,,,,""
"2021-04-21","'36201XR59'","MBS","GNMA I 5.5% 05/36","30yr",,,,,"10171.74",,,,,,""
"2021-04-21","'3140HJG62'","MBS","UMBS MORTPASS 4% 09/48","30yr",,,,,"10169.55",,,,,,""
"2021-04-21","'31416MWX8'","MBS","UMBS MORTPASS 6% 04/39","30yr",,,,,"10167.35",,,,,,""
"2021-04-21","'36176QN75'","MBS","GNMA I MORTPASS 4% 01/42","30yr",,,,,"10147.71",,,,,,""
"2021-04-21","'31371NBJ3'","MBS","UMBS MORTPASS 6% 03/27","Other",,,,,"10137.81",,,,,,""
"2021-04-21","'31307RR80'","MBS","FHLMCGLD 2.5% 08/31","15yr",,,,,"10110.48",,,,,,""
"2021-04-21","'3128PMGQ7'","MBS","FHLMCGLD 5% 01/24","15yr",,,,,"10101.49",,,,,,""
"2021-04-21","'31417D6A6'","MBS","UMBS MORTPASS 3% 12/27","15yr",,,,,"10091.16",,,,,,""
"2021-04-21","'3138WHLU4'","MBS","UMBS MORTPASS 3% 07/46","30yr",,,,,"10084.44",,,,,,""
"2021-04-21","'3128P7QF3'","MBS","FHLMCGLD 4% 01/31","Other",,,,,"10079.42",,,,,,""
"2021-04-21","'3132QUZU0'","MBS","FHLMCGLD 3.5% 12/45","30yr",,,,,"10066.06",,,,,,""
"2021-04-21","'3140FTW72'","MBS","UMBS MORTPASS 4.5% 02/47","30yr",,,,,"10043.26",,,,,,""
"2021-04-21","'36180JT61'","MBS","GNMA I MORTPASS 4% 09/43","30yr",,,,,"10037.57",,,,,,""
"2021-04-21","'3128PL3F7'","MBS","FHLMCGLD 4.5% 10/23","15yr",,,,,"10030.64",,,,,,""
"2021-04-21","'3132A7RL7'","MBS","UMBS MORTPASS 3.5% 08/23","Other",,,,,"10013.16",,,,,,""
"2021-04-21","'36291T2L1'","MBS","GNMA I MORTPASS 5% 09/35","30yr",,,,,"10010.16",,,,,,""
"2021-04-21","'36291BUX3'","MBS","GNMA I MORTPASS 5% 05/34","30yr",,,,,"9988.19",,,,,,""
"2021-04-21","'3138LTVP0'","MBS","UMBS MORTPASS 2.5% 05/27","15yr",,,,,"9970.79",,,,,,""
"2021-04-21","'3132KFAE2'","MBS","FHLMCGLD 2.5% 07/30","15yr",,,,,"9959.45",,,,,,""
"2021-04-21","'3138YH2N9'","MBS","UMBS MORTPASS 2.5% 03/30","15yr",,,,,"9922.98",,,,,,""
"2021-04-21","'36296MHC5'","MBS","GNMA I 4.5% 04/39","30yr",,,,,"9899.58",,,,,,""
"2021-04-21","'31410PB44'","MBS","UMBS MORTPASS 6.5% 09/36","30yr",,,,,"9895.33",,,,,,""
"2021-04-21","'3128MDEU3'","MBS","FHLMCGLD 3% 04/22","15yr",,,,,"9876.71",,,,,,""
"2021-04-21","'3140FNAT1'","MBS","UMBS MORTPASS 4.5% 07/47","30yr",,,,,"9834.08",,,,,,""
"2021-04-21","'3128PJPA9'","MBS","FHLMCGLD 5% 01/23","15yr",,,,,"9805.43",,,,,,""
"2021-04-21","'3140JQ7A5'","MBS","UMBS MORTPASS 3.5% 03/49","30yr",,,,,"9794.66",,,,,,""
"2021-04-21","'3140GXYT2'","MBS","UMBS MORTPASS 3% 10/47","30yr",,,,,"9777.66",,,,,,""
"2021-04-21","'3128PQ6W6'","MBS","FHLMCGLD 4.5% 03/25","15yr",,,,,"9777.14",,,,,,""
"2021-04-21","'31409V5P4'","MBS","UMBS MORTPASS 6.5% 02/36","30yr",,,,,"9767.79",,,,,,""
"2021-04-21","'31418RFB2'","MBS","UMBS MORTPASS 6% 03/40","30yr",,,,,"9744.9",,,,,,""
"2021-04-21","'31414XUX8'","MBS","UMBS MORTPASS 6.5% 05/38","30yr",,,,,"9744.71",,,,,,""
"2021-04-21","'36297G4S6'","MBS","GNMA I MORTPASS 6% 04/39","30yr",,,,,"9742.83",,,,,,""
"2021-04-21","'31413D7G6'","MBS","UMBS MORTPASS 5.5% 08/37","30yr",,,,,"9740.93",,,,,,""
"2021-04-21","'3138X22Z6'","MBS","UMBS MORTPASS 3.5% 09/28","15yr",,,,,"9732.73",,,,,,""
"2021-04-21","'36200WPZ8'","MBS","GNMA I MORTPASS 5% 03/34","30yr",,,,,"9729.89",,,,,,""
"2021-04-21","'36200NPV7'","MBS","GNMA I MORTPASS 6% 08/34","30yr",,,,,"9702.82",,,,,,""
"2021-04-21","'3138MJM22'","MBS","UMBS MORTPASS 2.5% 10/27","15yr",,,,,"9693.34",,,,,,""
"2021-04-21","'36292ESX9'","MBS","GNMA I MORTPASS 5% 08/35","30yr",,,,,"9689.48",,,,,,""
"2021-04-21","'3138WEBZ1'","MBS","UMBS MORTPASS 3.5% 03/45","30yr",,,,,"9689.05",,,,,,""
"2021-04-21","'31307BJW1'","MBS","FHLMCGLD 2.5% 03/23","15yr",,,,,"9682.32",,,,,,""
"2021-04-21","'3138AAQJ3'","MBS","UMBS MORTPASS 4% 03/41","30yr",,,,,"9682.08",,,,,,""
"2021-04-21","'31416TMJ5'","MBS","UMBS MORTPASS 6% 08/39","30yr",,,,,"9668.7",,,,,,""
"2021-04-21","'31412WN28'","MBS","UMBS MORTPASS 6% 06/37","30yr",,,,,"9663.69",,,,,,""
"2021-04-21","'3128P7LE1'","MBS","FHLMCGLD 6.5% 12/28","Other",,,,,"9653.46",,,,,,""
"2021-04-21","'3131XAEM9'","MBS","UMBS MORTPASS 3% 02/29","15yr",,,,,"9639.21",,,,,,""
"2021-04-21","'36297ELA1'","MBS","GNMA I MORTPASS 6% 02/39","30yr",,,,,"9634.64",,,,,,""
"2021-04-21","'36295UFN6'","MBS","GNMA I 5.5% 01/38","30yr",,,,,"9626.31",,,,,,""
"2021-04-21","'3138WB6K6'","MBS","UMBS MORTPASS 2% 05/29","15yr",,,,,"9606.29",,,,,,""
"2021-04-21","'31412XFF6'","MBS","UMBS MORTPASS 6% 06/37","30yr",,,,,"9604.57",,,,,,""
"2021-04-21","'3131X9DL5'","MBS","UMBS MORTPASS 2.5% 05/28","15yr",,,,,"9599.31",,,,,,""
"2021-04-21","'3138WFK21'","MBS","UMBS MORTPASS 3.5% 08/45","30yr",,,,,"9589.17",,,,,,""
"2021-04-21","'3138YSQB5'","MBS","UMBS MORTPASS 2.5% 05/30","15yr",,,,,"9585.14",,,,,,""
"2021-04-21","'3138ABEY1'","MBS","UMBS MORTPASS 3.5% 04/41","30yr",,,,,"9584.83",,,,,,""
"2021-04-21","'3140HJQ95'","MBS","UMBS MORTPASS 3.5% 06/48","30yr",,,,,"9565.43",,,,,,""
"2021-04-21","'31412LQR4'","MBS","UMBS MORTPASS 5.5% 06/27","Other",,,,,"9548.57",,,,,,""
"2021-04-21","'3128PRE88'","MBS","FHLMCGLD 4.5% 04/25","15yr",,,,,"9526.89",,,,,,""
"2021-04-21","'31409G5C6'","MBS","UMBS MORTPASS 6.5% 04/36","30yr",,,,,"9523.69",,,,,,""
"2021-04-21","'31403JRZ1'","MBS","UMBS MORTPASS 5% 11/33","30yr",,,,,"9520.67",,,,,,""
"2021-04-21","'3132QN5W5'","MBS","FHLMCGLD 3% 04/45","30yr",,,,,"9516.94",,,,,,""
"2021-04-21","'3131Y8S89'","MBS","UMBS MORTPASS 4% 01/49","30yr",,,,,"9516.07",,,,,,""
"2021-04-21","'3138E5UC0'","MBS","UMBS MORTPASS 3% 02/27","15yr",,,,,"9512.99",,,,,,""
"2021-04-21","'3620APMS1'","MBS","GNMA I 3.5% 11/40","30yr",,,,,"9489.44",,,,,,""
"2021-04-21","'36297EUQ6'","MBS","GNMA I MORTPASS 5% 12/39","30yr",,,,,"9483.29",,,,,,""
"2021-04-21","'3128PL7L0'","MBS","FHLMCGLD 5.5% 12/23","15yr",,,,,"9432.24",,,,,,""
"2021-04-21","'31404RPU5'","MBS","UMBS MORTPASS 4% 10/33","30yr",,,,,"9428.53",,,,,,""
"2021-04-21","'36176WXX4'","MBS","GNMA I 3.5% 11/41","30yr",,,,,"9428.16",,,,,,""
"2021-04-21","'31418BEK8'","MBS","UMBS MORTPASS 4% 03/24","Other",,,,,"9426.06",,,,,,""
"2021-04-21","'3138XJDM6'","MBS","UMBS MORTPASS 3.5% 02/29","15yr",,,,,"9420.23",,,,,,""
"2021-04-21","'3140F0A53'","MBS","UMBS MORTPASS 4.5% 04/46","30yr",,,,,"9391.48",,,,,,""
"2021-04-21","'3138LRBF8'","MBS","UMBS MORTPASS 3% 04/27","15yr",,,,,"9390.77",,,,,,""
"2021-04-21","'3138EMPW5'","MBS","UMBS MORTPASS 3% 03/29","15yr",,,,,"9380.87",,,,,,""
"2021-04-21","'31408ELJ9'","MBS","UMBS MORTPASS 6.5% 01/36","30yr",,,,,"9369.19",,,,,,""
"2021-04-21","'31418ATA6'","MBS","UMBS MORTPASS 2.5% 05/33","Other",,,,,"9361.45",,,,,,""
"2021-04-21","'31414JUN1'","MBS","UMBS MORTPASS 6.5% 11/37","30yr",,,,,"9342.08",,,,,,""
"2021-04-21","'36292HRD7'","MBS","GNMA I MORTPASS 5% 10/35","30yr",,,,,"9339.11",,,,,,""
"2021-04-21","'3132WEF56'","MBS","FHLMCGLD 4% 06/46","30yr",,,,,"9328.91",,,,,,""
"2021-04-21","'3131XAPE5'","MBS","UMBS MORTPASS 3% 07/29","15yr",,,,,"9317.82",,,,,,""
"2021-04-21","'31416KBN7'","MBS","UMBS MORTPASS 4.5% 02/39","30yr",,,,,"9313.96",,,,,,""
"2021-04-21","'31415WP72'","MBS","UMBS MORTPASS 6.5% 11/38","30yr",,,,,"9310.82",,,,,,""
"2021-04-21","'3140Q95C3'","MBS","UMBS MORTPASS 4.5% 11/48","30yr",,,,,"9286.1",,,,,,""
"2021-04-21","'3138WWR27'","MBS","UMBS MORTPASS 2.5% 07/28","15yr",,,,,"9275",,,,,,""
"2021-04-21","'31329LFF4'","MBS","UMBS MORTPASS 3% 03/28","15yr",,,,,"9274.4",,,,,,""
"2021-04-21","'3128PQZD6'","MBS","FHLMCGLD 4.5% 02/25","15yr",,,,,"9252.9",,,,,,""
"2021-04-21","'3140FPWR6'","MBS","UMBS MORTPASS 2.5% 12/31","15yr",,,,,"9247.95",,,,,,""
"2021-04-21","'36296WWP7'","MBS","GNMA I MORTPASS 5% 02/39","30yr",,,,,"9232.79",,,,,,""
"2021-04-21","'3128PJXE2'","MBS","FHLMCGLD 4% 02/23","15yr",,,,,"9198.6",,,,,,""
"2021-04-21","'31419JAC2'","MBS","UMBS MORTPASS 3.5% 11/25","15yr",,,,,"9198.55",,,,,,""
"2021-04-21","'36295H6U9'","MBS","GNMA I 5.5% 08/37","30yr",,,,,"9184.82",,,,,,""
"2021-04-21","'31416WH47'","MBS","UMBS MORTPASS 3.5% 06/25","15yr",,,,,"9180.11",,,,,,""
"2021-04-21","'31307MBR6'","MBS","FHLMCGLD 3.5% 03/30","15yr",,,,,"9178.68",,,,,,""
"2021-04-21","'3132A5H40'","MBS","UMBS MORTPASS 3.5% 01/48","30yr",,,,,"9177.75",,,,,,""
"2021-04-21","'31412QV30'","MBS","UMBS MORTPASS 4.5% 12/24","15yr",,,,,"9158.38",,,,,,""
"2021-04-21","'3128PJK22'","MBS","FHLMCGLD 4.5% 12/22","15yr",,,,,"9146.31",,,,,,""
"2021-04-21","'36201NTK6'","MBS","GNMA I 4.5% 07/33","30yr",,,,,"9131.18",,,,,,""
"2021-04-21","'3138XPG72'","MBS","UMBS MORTPASS 3% 03/44","30yr",,,,,"9088.35",,,,,,""
"2021-04-21","'3131X7AQ1'","MBS","UMBS MORTPASS 3% 10/21","Other",,,,,"9071.77",,,,,,""
"2021-04-21","'31296SVC7'","MBS","FHLMCGLD 5.5% 01/34","30yr",,,,,"9068.64",,,,,,""
"2021-04-21","'3138XTAS4'","MBS","UMBS MORTPASS 4% 06/44","30yr",,,,,"9063.07",,,,,,""
"2021-04-21","'3131Y02G6'","MBS","UMBS MORTPASS 4% 04/48","30yr",,,,,"9057.68",,,,,,""
"2021-04-21","'3140EY4S7'","MBS","UMBS MORTPASS 3.5% 04/31","15yr",,,,,"9054.83",,,,,,""
"2021-04-21","'3128PQHL8'","MBS","FHLMCGLD 5% 11/24","15yr",,,,,"9052.51",,,,,,""
"2021-04-21","'3138XQBF7'","MBS","UMBS MORTPASS 3% 04/29","15yr",,,,,"9042.09",,,,,,""
"2021-04-21","'3138X6A54'","MBS","UMBS MORTPASS 3% 08/28","15yr",,,,,"9026.96",,,,,,""
"2021-04-21","'3138AG4M7'","MBS","UMBS MORTPASS 4.5% 05/41","30yr",,,,,"8997.61",,,,,,""
"2021-04-21","'31389AX32'","MBS","UMBS MORTPASS 5.5% 02/32","30yr",,,,,"8990.45",,,,,,""
"2021-04-21","'31307HNU7'","MBS","FHLMCGLD 3% 07/29","15yr",,,,,"8957.75",,,,,,""
"2021-04-21","'3138WAVV6'","MBS","UMBS MORTPASS 3% 01/29","15yr",,,,,"8914.82",,,,,,""
"2021-04-21","'31371LU98'","MBS","UMBS MORTPASS 5.5% 09/24","Other",,,,,"8903.26",,,,,,""
"2021-04-21","'3620C6EC5'","MBS","GNMA I MORTPASS 4% 10/40","30yr",,,,,"8894.81",,,,,,""
"2021-04-21","'36297FLK6'","MBS","GNMA I MORTPASS 5% 06/39","30yr",,,,,"8865.82",,,,,,""
"2021-04-21","'3128PLP71'","MBS","FHLMCGLD 5% 08/23","15yr",,,,,"8862.56",,,,,,""
"2021-04-21","'36295AFK6'","MBS","GNMA I 5.5% 12/37","30yr",,,,,"8837.81",,,,,,""
"2021-04-21","'31417HA95'","MBS","UMBS MORTPASS 2.5% 07/28","15yr",,,,,"8824.43",,,,,,""
"2021-04-21","'3128PKVE1'","MBS","FHLMCGLD 4.5% 05/23","15yr",,,,,"8818.34",,,,,,""
"2021-04-21","'31417M3B7'","MBS","UMBS MORTPASS 5.5% 08/39","30yr",,,,,"8813.05",,,,,,""
"2021-04-21","'3138WSR75'","MBS","UMBS MORTPASS 3.5% 05/28","15yr",,,,,"8810",,,,,,""
"2021-04-21","'36295T7H1'","MBS","GNMA I 5.5% 11/39","30yr",,,,,"8789.7",,,,,,""
"2021-04-21","'31412EZ66'","MBS","UMBS MORTPASS 6.5% 05/37","30yr",,,,,"8784.06",,,,,,""
"2021-04-21","'36296FNR0'","MBS","GNMA I 5.5% 09/38","30yr",,,,,"8771.84",,,,,,""
"2021-04-21","'31307HNH6'","MBS","FHLMCGLD 3.5% 06/24","15yr",,,,,"8762.46",,,,,,""
"2021-04-21","'31416N5T5'","MBS","UMBS MORTPASS 4.5% 04/39","30yr",,,,,"8759.53",,,,,,""
"2021-04-21","'3138W0F53'","MBS","UMBS MORTPASS 2.5% 01/43","30yr",,,,,"8754.04",,,,,,""
"2021-04-21","'3128P74H3'","MBS","FHLMCGLD 3% 09/33","Other",,,,,"8743.41",,,,,,""
"2021-04-21","'3138E6XR2'","MBS","UMBS MORTPASS 3% 02/27","15yr",,,,,"8733.89",,,,,,""
"2021-04-21","'3132KEXZ3'","MBS","FHLMCGLD 3% 01/30","15yr",,,,,"8729.43",,,,,,""
"2021-04-21","'36211RQT9'","MBS","GNMA I MORTPASS 5% 03/35","30yr",,,,,"8728.61",,,,,,""
"2021-04-21","'3140JRTV3'","MBS","UMBS MORTPASS 4% 04/49","30yr",,,,,"8724.31",,,,,,""
"2021-04-21","'3138EPJ62'","MBS","UMBS MORTPASS 3% 04/30","15yr",,,,,"8693.77",,,,,,""
"2021-04-21","'36290YXB9'","MBS","GNMA I MORTPASS 5% 11/33","30yr",,,,,"8669.17",,,,,,""
"2021-04-21","'3132A7F97'","MBS","UMBS MORTPASS 3.5% 05/22","Other",,,,,"8652.87",,,,,,""
"2021-04-21","'3620A6CC9'","MBS","GNMA I MORTPASS 5% 06/39","30yr",,,,,"8624.16",,,,,,""
"2021-04-21","'31307P6N4'","MBS","FHLMCGLD 3% 01/31","15yr",,,,,"8600.99",,,,,,""
"2021-04-21","'36291XAY5'","MBS","GNMA I MORTPASS 5% 05/35","30yr",,,,,"8592.11",,,,,,""
"2021-04-21","'36177JRP6'","MBS","GNMA I 3.5% 01/42","30yr",,,,,"8591.06",,,,,,""
"2021-04-21","'3128P7CU5'","MBS","FHLMCGLD 5.5% 08/26","Other",,,,,"8586.97",,,,,,""
"2021-04-21","'3140J5JJ9'","MBS","UMBS MORTPASS 3.5% 12/45","30yr",,,,,"8572.48",,,,,,""
"2021-04-21","'3138XK6S8'","MBS","UMBS MORTPASS 3.5% 06/44","30yr",,,,,"8567.9",,,,,,""
"2021-04-21","'36297C3B3'","MBS","GNMA I 5.5% 02/39","30yr",,,,,"8563.52",,,,,,""
"2021-04-21","'3132J4AF6'","MBS","FHLMCGLD 3.5% 05/33","Other",,,,,"8560.85",,,,,,""
"2021-04-21","'3138X4DX5'","MBS","UMBS MORTPASS 3% 09/28","15yr",,,,,"8560.39",,,,,,""
"2021-04-21","'3128PL3W0'","MBS","FHLMCGLD 5.5% 10/23","15yr",,,,,"8531.47",,,,,,""
"2021-04-21","'3128LBAZ1'","MBS","FHLMCGLD 6.5% 05/38","30yr",,,,,"8507.59",,,,,,""
"2021-04-21","'3131YDLK8'","MBS","UMBS MORTPASS 2.5% 06/49","30yr",,,,,"8500.78",,,,,,""
"2021-04-21","'3140JGYD1'","MBS","UMBS MORTPASS 3.5% 09/33","15yr",,,,,"8488.77",,,,,,""
"2021-04-21","'3128PWQ84'","MBS","FHLMCGLD 3% 09/21","15yr",,,,,"8488.1",,,,,,""
"2021-04-21","'36291ENA5'","MBS","GNMA I MORTPASS 5% 04/34","30yr",,,,,"8479.92",,,,,,""
"2021-04-21","'3131X7UL0'","MBS","UMBS MORTPASS 3% 06/27","15yr",,,,,"8463.09",,,,,,""
"2021-04-21","'3131XWMD2'","MBS","UMBS MORTPASS 3.5% 04/47","30yr",,,,,"8460.8",,,,,,""
"2021-04-21","'3140Q7FW2'","MBS","UMBS MORTPASS 3.5% 05/47","30yr",,,,,"8460.28",,,,,,""
"2021-04-21","'36294VRC6'","MBS","GNMA I MORTPASS 6% 11/37","30yr",,,,,"8456.47",,,,,,""
"2021-04-21","'36200KAS6'","MBS","GNMA I MORTPASS 5% 09/33","30yr",,,,,"8436.21",,,,,,""
"2021-04-21","'3140F14D1'","MBS","UMBS MORTPASS 2.5% 04/31","15yr",,,,,"8432.38",,,,,,""
"2021-04-21","'3128PMNQ9'","MBS","FHLMCGLD 4.5% 03/24","15yr",,,,,"8427.05",,,,,,""
"2021-04-21","'3132A9PA9'","MBS","UMBS MORTPASS 3% 02/29","15yr",,,,,"8423",,,,,,""
"2021-04-21","'3620ALG40'","MBS","GNMA I MORTPASS 4% 06/41","30yr",,,,,"8410.48",,,,,,""
"2021-04-21","'36291GTY2'","MBS","GNMA I MORTPASS 5% 02/34","30yr",,,,,"8408.68",,,,,,""
"2021-04-21","'3140FFXM8'","MBS","UMBS MORTPASS 3.5% 09/46","30yr",,,,,"8406.9",,,,,,""
"2021-04-21","'312943L50'","MBS","FHLMCGLD 4% 11/40","30yr",,,,,"8400.45",,,,,,""
"2021-04-21","'3138YM4Y2'","MBS","UMBS MORTPASS 3.5% 04/45","30yr",,,,,"8395.89",,,,,,""
"2021-04-21","'36291FMN5'","MBS","GNMA I MORTPASS 5% 03/34","30yr",,,,,"8395.09",,,,,,""
"2021-04-21","'3138WBZB4'","MBS","UMBS MORTPASS 3% 05/29","15yr",,,,,"8373.82",,,,,,""
"2021-04-21","'3132QUZX4'","MBS","FHLMCGLD 4% 12/45","30yr",,,,,"8346.39",,,,,,""
"2021-04-21","'3131X92K9'","MBS","UMBS MORTPASS 3% 11/28","15yr",,,,,"8330.4",,,,,,""
"2021-04-21","'3620A3NX8'","MBS","GNMA I MORTPASS 5% 06/39","30yr",,,,,"8320.73",,,,,,""
"2021-04-21","'31417UJY2'","MBS","UMBS MORTPASS 6% 03/40","30yr",,,,,"8305.58",,,,,,""
"2021-04-21","'3140HBJE9'","MBS","UMBS MORTPASS 4% 04/48","30yr",,,,,"8304.51",,,,,,""
"2021-04-21","'3128MC4R3'","MBS","FHLMCGLD 3% 09/21","15yr",,,,,"8294.88",,,,,,""
"2021-04-21","'31412PSN2'","MBS","UMBS MORTPASS 4% 05/39","30yr",,,,,"8278.47",,,,,,""
"2021-04-21","'3140HERF1'","MBS","UMBS MORTPASS 4% 08/48","30yr",,,,,"8263.6",,,,,,""
"2021-04-21","'36292CQA5'","MBS","GNMA I 5.5% 07/35","30yr",,,,,"8260.98",,,,,,""
"2021-04-21","'3138WAAD9'","MBS","UMBS MORTPASS 3% 11/28","15yr",,,,,"8235.11",,,,,,""
"2021-04-21","'31417CXX8'","MBS","UMBS MORTPASS 2.5% 09/22","Other",,,,,"8226.15",,,,,,""
"2021-04-21","'3138WEJJ9'","MBS","UMBS MORTPASS 2.5% 04/30","15yr",,,,,"8216.7",,,,,,""
"2021-04-21","'31416HEJ0'","MBS","UMBS MORTPASS 6.5% 12/38","30yr",,,,,"8196.35",,,,,,""
"2021-04-21","'36201TVK0'","MBS","GNMA I MORTPASS 5% 10/36","30yr",,,,,"8152.4",,,,,,""
"2021-04-21","'312930TU4'","MBS","FHLMCGLD 6.5% 01/39","30yr",,,,,"8149.93",,,,,,""
"2021-04-21","'31415QNT9'","MBS","UMBS MORTPASS 5% 09/23","15yr",,,,,"8133.28",,,,,,""
"2021-04-21","'3138EL3P6'","MBS","UMBS MORTPASS 3% 11/23","Other",,,,,"8132.04",,,,,,""
"2021-04-21","'36296EAW6'","MBS","GNMA I MORTPASS 5% 05/38","30yr",,,,,"8116.97",,,,,,""
"2021-04-21","'36200NGF2'","MBS","GNMA I MORTPASS 5% 03/34","30yr",,,,,"8100.9",,,,,,""
"2021-04-21","'3138LTCY2'","MBS","UMBS MORTPASS 3% 05/27","15yr",,,,,"8096.76",,,,,,""
"2021-04-21","'36200MY31'","MBS","GNMA I MORTPASS 5% 10/33","30yr",,,,,"8072.82",,,,,,""
"2021-04-21","'36202EZD4'","MBS","GNMA II MORTPASS 4% 01/39","30yr",,,,,"8064.23",,,,,,""
"2021-04-21","'36291WV81'","MBS","GNMA I MORTPASS 6% 12/38","30yr",,,,,"8052.2",,,,,,""
"2021-04-21","'3138E9KT6'","MBS","UMBS MORTPASS 3% 03/27","15yr",,,,,"8001.57",,,,,,""
"2021-04-21","'3138XJY35'","MBS","UMBS MORTPASS 2.5% 11/29","15yr",,,,,"7982.05",,,,,,""
"2021-04-21","'3620A15C8'","MBS","GNMA I MORTPASS 5% 06/39","30yr",,,,,"7979.91",,,,,,""
"2021-04-21","'3132QT6K7'","MBS","FHLMCGLD 4% 11/45","30yr",,,,,"7977.91",,,,,,""
"2021-04-21","'31415QHJ8'","MBS","UMBS MORTPASS 5% 05/23","15yr",,,,,"7968.01",,,,,,""
"2021-04-21","'3128PWSH2'","MBS","FHLMCGLD 3% 10/21","15yr",,,,,"7967.2",,,,,,""
"2021-04-21","'36176PAK2'","MBS","GNMA I MORTPASS 4% 11/41","30yr",,,,,"7959.25",,,,,,""
"2021-04-21","'31415RUE2'","MBS","UMBS MORTPASS 6.5% 01/39","30yr",,,,,"7933.49",,,,,,""
"2021-04-21","'31419KK79'","MBS","UMBS MORTPASS 3.5% 11/25","15yr",,,,,"7928.11",,,,,,""
"2021-04-21","'36178YWW1'","MBS","GNMA I MORTPASS 3% 06/43","30yr",,,,,"7925.26",,,,,,""
"2021-04-21","'3128P7FL2'","MBS","FHLMCGLD 5% 07/27","Other",,,,,"7908",,,,,,""
"2021-04-21","'36225BAP3'","MBS","GNMA I MORTPASS 6% 11/28","30yr",,,,,"7901.84",,,,,,""
"2021-04-21","'31417NDW8'","MBS","UMBS MORTPASS 4.5% 11/24","15yr",,,,,"7880.46",,,,,,""
"2021-04-21","'3128LCBF2'","MBS","FHLMCGLD 5.5% 06/38","30yr",,,,,"7878.83",,,,,,""
"2021-04-21","'31415LVZ7'","MBS","UMBS MORTPASS 5% 06/23","15yr",,,,,"7857.44",,,,,,""
"2021-04-21","'3128PLSJ2'","MBS","FHLMCGLD 5.5% 09/23","15yr",,,,,"7841.52",,,,,,""
"2021-04-21","'36295H4Q0'","MBS","GNMA I MORTPASS 5% 07/37","30yr",,,,,"7813.15",,,,,,""
"2021-04-21","'312944KV2'","MBS","FHLMCGLD 4% 12/40","30yr",,,,,"7805.78",,,,,,""
"2021-04-21","'3132QRYX2'","MBS","FHLMCGLD 3.5% 08/45","30yr",,,,,"7800.96",,,,,,""
"2021-04-21","'31335HYC1'","MBS","FHLMCGLD 4% 06/23","Other",,,,,"7771.86",,,,,,""
"2021-04-21","'36176KEA1'","MBS","GNMA I MORTPASS 4% 07/41","30yr",,,,,"7761.33",,,,,,""
"2021-04-21","'3132M4U60'","MBS","FHLMCGLD 4.5% 01/44","30yr",,,,,"7757.13",,,,,,""
"2021-04-21","'36177SKT5'","MBS","GNMA I MORTPASS 3% 07/42","30yr",,,,,"7746.8",,,,,,""
"2021-04-21","'36225BUY2'","MBS","GNMA I 5.5% 09/32","30yr",,,,,"7734.47",,,,,,""
"2021-04-21","'3128MEMP3'","MBS","FHLMCGLD 3.5% 10/30","15yr",,,,,"7729.75",,,,,,""
"2021-04-21","'31411JG34'","MBS","UMBS MORTPASS 6% 12/36","30yr",,,,,"7726.81",,,,,,""
"2021-04-21","'31404JQ99'","MBS","UMBS MORTPASS 5% 03/34","30yr",,,,,"7707.03",,,,,,""
"2021-04-21","'36296CDT4'","MBS","GNMA I MORTPASS 6% 06/38","30yr",,,,,"7700.5",,,,,,""
"2021-04-21","'36291LML6'","MBS","GNMA I 5.5% 10/35","30yr",,,,,"7694.61",,,,,,""
"2021-04-21","'31412UYT1'","MBS","UMBS MORTPASS 6% 08/39","30yr",,,,,"7686.96",,,,,,""
"2021-04-21","'36290UME3'","MBS","GNMA I 5.5% 12/37","30yr",,,,,"7686.04",,,,,,""
"2021-04-21","'3620ARYA3'","MBS","GNMA I MORTPASS 4% 01/41","30yr",,,,,"7685.75",,,,,,""
"2021-04-21","'3128M4T37'","MBS","FHLMCGLD 6.5% 05/37","30yr",,,,,"7672.54",,,,,,""
"2021-04-21","'31414NE59'","MBS","UMBS MORTPASS 5.5% 12/38","30yr",,,,,"7667.08",,,,,,""
"2021-04-21","'3138YRCW6'","MBS","UMBS MORTPASS 3.5% 06/30","15yr",,,,,"7652.82",,,,,,""
"2021-04-21","'36297BET4'","MBS","GNMA I MORTPASS 5% 07/39","30yr",,,,,"7646.79",,,,,,""
"2021-04-21","'36295RXL7'","MBS","GNMA I MORTPASS 5% 03/40","30yr",,,,,"7642.93",,,,,,""
"2021-04-21","'36291FYA0'","MBS","GNMA I 5.5% 04/34","30yr",,,,,"7636.9",,,,,,""
"2021-04-21","'3128PQE98'","MBS","FHLMCGLD 4.5% 10/24","15yr",,,,,"7628.16",,,,,,""
"2021-04-21","'36202DWS6'","MBS","GNMA II MORTPASS 4% 02/33","30yr",,,,,"7618.81",,,,,,""
"2021-04-21","'31414KYB0'","MBS","UMBS MORTPASS 5% 01/23","15yr",,,,,"7590.97",,,,,,""
"2021-04-21","'3138XFME2'","MBS","UMBS MORTPASS 3% 01/29","15yr",,,,,"7584.6",,,,,,""
"2021-04-21","'36296JDW2'","MBS","GNMA I MORTPASS 5% 01/39","30yr",,,,,"7556.92",,,,,,""
"2021-04-21","'36179RXF1'","MBS","GNMA II 4.5% 01/46","30yr",,,,,"7554.43",,,,,,""
"2021-04-21","'36296SU45'","MBS","GNMA I MORTPASS 6% 12/38","30yr",,,,,"7552.31",,,,,,""
"2021-04-21","'31418B6B7'","MBS","UMBS MORTPASS 3.5% 06/26","Other",,,,,"7542.38",,,,,,""
"2021-04-21","'36295KU27'","MBS","GNMA I MORTPASS 5% 08/38","30yr",,,,,"7532.37",,,,,,""
"2021-04-21","'3128MBSK4'","MBS","FHLMCGLD 5.5% 02/23","15yr",,,,,"7519.59",,,,,,""
"2021-04-21","'3138XHCR0'","MBS","UMBS MORTPASS 3% 12/28","15yr",,,,,"7497.35",,,,,,""
"2021-04-21","'3132XSHL7'","MBS","FHLMCGLD 3% 08/47","30yr",,,,,"7495.7",,,,,,""
"2021-04-21","'3140FCZ84'","MBS","UMBS MORTPASS 4.5% 09/46","30yr",,,,,"7475.65",,,,,,""
"2021-04-21","'3138YA6A8'","MBS","UMBS MORTPASS 2.5% 11/29","15yr",,,,,"7465.61",,,,,,""
"2021-04-21","'36291XX61'","MBS","GNMA I MORTPASS 5% 03/35","30yr",,,,,"7458.25",,,,,,""
"2021-04-21","'3128PJ2Y2'","MBS","FHLMCGLD 5% 03/23","15yr",,,,,"7431.34",,,,,,""
"2021-04-21","'3128PK5C4'","MBS","FHLMCGLD 5.5% 06/23","15yr",,,,,"7431.31",,,,,,""
"2021-04-21","'36207QF36'","MBS","GNMA I MORTPASS 4% 02/42","30yr",,,,,"7419.27",,,,,,""
"2021-04-21","'31414L5G9'","MBS","UMBS MORTPASS 4.5% 05/23","15yr",,,,,"7400.02",,,,,,""
"2021-04-21","'3131Y7JL2'","MBS","UMBS MORTPASS 3.5% 10/48","30yr",,,,,"7398.08",,,,,,""
"2021-04-21","'36290ULN4'","MBS","GNMA I 5.5% 12/37","30yr",,,,,"7397.39",,,,,,""
"2021-04-21","'36202D3V1'","MBS","GNMA II 4.5% 02/34","30yr",,,,,"7377.95",,,,,,""
"2021-04-21","'36291UNE1'","MBS","GNMA I 4.5% 02/39","30yr",,,,,"7358.81",,,,,,""
"2021-04-21","'3128M4ZC0'","MBS","FHLMCGLD 6.5% 07/37","30yr",,,,,"7358.56",,,,,,""
"2021-04-21","'31416PEP8'","MBS","UMBS MORTPASS 4% 05/39","30yr",,,,,"7324.24",,,,,,""
"2021-04-21","'3140HMHQ0'","MBS","UMBS MORTPASS 3.5% 08/48","30yr",,,,,"7324.15",,,,,,""
"2021-04-21","'36291UPJ8'","MBS","GNMA I MORTPASS 5% 06/39","30yr",,,,,"7315.53",,,,,,""
"2021-04-21","'3128MCYS8'","MBS","FHLMCGLD 4% 02/26","15yr",,,,,"7311.26",,,,,,""
"2021-04-21","'3128PJU70'","MBS","FHLMCGLD 5% 01/23","15yr",,,,,"7304.87",,,,,,""
"2021-04-21","'31417BFL6'","MBS","UMBS MORTPASS 3% 03/27","15yr",,,,,"7302.49",,,,,,""
"2021-04-21","'3138WA5U7'","MBS","UMBS MORTPASS 3.5% 02/29","15yr",,,,,"7301.8",,,,,,""
"2021-04-21","'36200NG88'","MBS","GNMA I MORTPASS 5% 04/34","30yr",,,,,"7295.48",,,,,,""
"2021-04-21","'3620A2FC5'","MBS","GNMA I MORTPASS 5% 08/39","30yr",,,,,"7259.93",,,,,,""
"2021-04-21","'3140HEQ88'","MBS","UMBS MORTPASS 4% 06/48","30yr",,,,,"7227.5",,,,,,""
"2021-04-21","'31417MP56'","MBS","UMBS MORTPASS 6% 09/39","30yr",,,,,"7218.46",,,,,,""
"2021-04-21","'3128PWDW5'","MBS","FHLMCGLD 4% 08/21","15yr",,,,,"7199.35",,,,,,""
"2021-04-21","'3128PPJ87'","MBS","FHLMCGLD 4% 07/24","15yr",,,,,"7197.88",,,,,,""
"2021-04-21","'31390MJS4'","MBS","UMBS MORTPASS 5% 11/32","30yr",,,,,"7193.73",,,,,,""
"2021-04-21","'3138W9ZT0'","MBS","UMBS MORTPASS 2.5% 10/28","15yr",,,,,"7192.55",,,,,,""
"2021-04-21","'31414PM30'","MBS","UMBS MORTPASS 4.5% 02/23","15yr",,,,,"7178.32",,,,,,""
"2021-04-21","'36296Q3Q0'","MBS","GNMA I 5.5% 07/39","30yr",,,,,"7158.41",,,,,,""
"2021-04-21","'36201DU75'","MBS","GNMA I 5.5% 08/37","30yr",,,,,"7135.29",,,,,,""
"2021-04-21","'3128MCB38'","MBS","FHLMCGLD 5.5% 01/24","15yr",,,,,"7125.71",,,,,,""
"2021-04-21","'3138AXGY1'","MBS","UMBS MORTPASS 3% 02/27","15yr",,,,,"7120.32",,,,,,""
"2021-04-21","'3131X8CV6'","MBS","UMBS MORTPASS 3% 10/22","Other",,,,,"7118.07",,,,,,""
"2021-04-21","'3128P7RX3'","MBS","FHLMCGLD 4% 10/31","Other",,,,,"7098.89",,,,,,""
"2021-04-21","'31417YZE0'","MBS","UMBS MORTPASS 3.5% 05/21","Other",,,,,"7089.26",,,,,,""
"2021-04-21","'31418RMV0'","MBS","UMBS MORTPASS 4% 05/40","30yr",,,,,"7080.59",,,,,,""
"2021-04-21","'31418UGU2'","MBS","UMBS MORTPASS 5% 05/40","30yr",,,,,"7075.34",,,,,,""
"2021-04-21","'31371KXQ9'","MBS","UMBS MORTPASS 5.5% 12/22","Other",,,,,"7067.79",,,,,,""
"2021-04-21","'36291RY97'","MBS","GNMA I MORTPASS 5% 03/35","30yr",,,,,"7065.16",,,,,,""
"2021-04-21","'3132QPYP3'","MBS","FHLMCGLD 3.5% 05/45","30yr",,,,,"7041.65",,,,,,""
"2021-04-21","'3138ET5W2'","MBS","UMBS MORTPASS 4.5% 05/46","30yr",,,,,"7032.5",,,,,,""
"2021-04-21","'36290QZA6'","MBS","GNMA I MORTPASS 5% 07/33","30yr",,,,,"7020.83",,,,,,""
"2021-04-21","'3138ENNV7'","MBS","UMBS MORTPASS 2.5% 10/28","15yr",,,,,"7010.5",,,,,,""
"2021-04-21","'3132GKG91'","MBS","FHLMCGLD 4% 10/41","30yr",,,,,"7009.76",,,,,,""
"2021-04-21","'3620A8UH4'","MBS","GNMA I MORTPASS 5% 10/39","30yr",,,,,"7007.15",,,,,,""
"2021-04-21","'3128MJX88'","MBS","FHLMCGLD 3.5% 04/46","30yr",,,,,"7003.56",,,,,,""
"2021-04-21","'31413DNA1'","MBS","UMBS MORTPASS 5.5% 07/37","30yr",,,,,"6988.34",,,,,,""
"2021-04-21","'36297DJW8'","MBS","GNMA I 5.5% 04/39","30yr",,,,,"6986.37",,,,,,""
"2021-04-21","'3128PYCS1'","MBS","FHLMCGLD 3% 03/22","15yr",,,,,"6981.99",,,,,,""
"2021-04-21","'31412QE62'","MBS","UMBS MORTPASS 4.5% 08/39","30yr",,,,,"6978.11",,,,,,""
"2021-04-21","'3131X9V27'","MBS","UMBS MORTPASS 2% 09/28","15yr",,,,,"6970.47",,,,,,""
"2021-04-21","'3132L6LW9'","MBS","FHLMCGLD 3.5% 07/44","30yr",,,,,"6965.05",,,,,,""
"2021-04-21","'31414MVH6'","MBS","UMBS MORTPASS 6.5% 10/38","30yr",,,,,"6962.41",,,,,,""
"2021-04-21","'3138EJWX2'","MBS","UMBS MORTPASS 3% 10/27","15yr",,,,,"6955.56",,,,,,""
"2021-04-21","'31419GCX0'","MBS","UMBS MORTPASS 3.5% 10/25","15yr",,,,,"6953.82",,,,,,""
"2021-04-21","'36291UNQ4'","MBS","GNMA I MORTPASS 5% 03/39","30yr",,,,,"6951.14",,,,,,""
"2021-04-21","'31297G5R8'","MBS","FHLMCGLD 6.5% 11/34","30yr",,,,,"6931.08",,,,,,""
"2021-04-21","'3131X9Y40'","MBS","UMBS MORTPASS 2.5% 10/28","15yr",,,,,"6920.03",,,,,,""
"2021-04-21","'36294W2K3'","MBS","GNMA I 5.5% 06/37","30yr",,,,,"6919.13",,,,,,""
"2021-04-21","'31417YZF7'","MBS","UMBS MORTPASS 4% 05/21","Other",,,,,"6895.23",,,,,,""
"2021-04-21","'31307F3V1'","MBS","FHLMCGLD 3.5% 01/29","15yr",,,,,"6892.89",,,,,,""
"2021-04-21","'3138A2PG8'","MBS","UMBS MORTPASS 4% 03/41","30yr",,,,,"6887.39",,,,,,""
"2021-04-21","'31417A6Y0'","MBS","UMBS MORTPASS 3% 02/27","15yr",,,,,"6831.45",,,,,,""
"2021-04-21","'31412T2U6'","MBS","UMBS MORTPASS 6.5% 12/38","30yr",,,,,"6831.32",,,,,,""
"2021-04-21","'3138WB2Z7'","MBS","UMBS MORTPASS 3.5% 06/44","30yr",,,,,"6768.96",,,,,,""
"2021-04-21","'3128LBY36'","MBS","FHLMCGLD 5% 05/38","30yr",,,,,"6762.52",,,,,,""
"2021-04-21","'31403KVS9'","MBS","UMBS MORTPASS 5.5% 03/34","30yr",,,,,"6750.88",,,,,,""
"2021-04-21","'3128M7V86'","MBS","FHLMCGLD 4.5% 11/39","30yr",,,,,"6748.79",,,,,,""
"2021-04-21","'3138AWYU1'","MBS","UMBS MORTPASS 3.5% 11/26","15yr",,,,,"6726.59",,,,,,""
"2021-04-21","'31371LTS8'","MBS","UMBS MORTPASS 5.5% 08/24","Other",,,,,"6725.99",,,,,,""
"2021-04-21","'3140HJR86'","MBS","UMBS MORTPASS 3.5% 06/48","30yr",,,,,"6718.02",,,,,,""
"2021-04-21","'36212URV5'","MBS","GNMA I 4.5% 11/35","30yr",,,,,"6705.01",,,,,,""
"2021-04-21","'36176QXS8'","MBS","GNMA I 3.5% 11/41","30yr",,,,,"6701.05",,,,,,""
"2021-04-21","'3140GXXD8'","MBS","UMBS MORTPASS 3% 09/47","30yr",,,,,"6697.8",,,,,,""
"2021-04-21","'3128PKH56'","MBS","FHLMCGLD 5% 04/23","15yr",,,,,"6692.93",,,,,,""
"2021-04-21","'31416RB69'","MBS","UMBS MORTPASS 4.5% 02/22","15yr",,,,,"6689.23",,,,,,""
"2021-04-21","'3128KNPP2'","MBS","FHLMCGLD 6.5% 04/37","30yr",,,,,"6669.85",,,,,,""
"2021-04-21","'31307NMV3'","MBS","FHLMCGLD 3% 07/30","15yr",,,,,"6661.22",,,,,,""
"2021-04-21","'3128PKAW4'","MBS","FHLMCGLD 4.5% 03/23","15yr",,,,,"6659.83",,,,,,""
"2021-04-21","'36294V7E4'","MBS","GNMA I 5.5% 01/37","30yr",,,,,"6657.75",,,,,,""
"2021-04-21","'31414BB33'","MBS","UMBS MORTPASS 4% 03/23","15yr",,,,,"6651.49",,,,,,""
"2021-04-21","'3138XWZF8'","MBS","UMBS MORTPASS 4% 06/44","30yr",,,,,"6638.64",,,,,,""
"2021-04-21","'3128PRLE7'","MBS","FHLMCGLD 4.5% 04/25","15yr",,,,,"6614.6",,,,,,""
"2021-04-21","'36296FTA1'","MBS","GNMA I 4.5% 02/39","30yr",,,,,"6613.08",,,,,,""
"2021-04-21","'36202EDD8'","MBS","GNMA II 4.5% 04/35","30yr",,,,,"6611.13",,,,,,""
"2021-04-21","'31329LEW8'","MBS","UMBS MORTPASS 2.5% 06/27","15yr",,,,,"6593.57",,,,,,""
"2021-04-21","'3138Y4P60'","MBS","UMBS MORTPASS 3.5% 10/29","15yr",,,,,"6588.35",,,,,,""
"2021-04-21","'36291CEY7'","MBS","GNMA I MORTPASS 5% 11/35","30yr",,,,,"6585.22",,,,,,""
"2021-04-21","'31307QPJ0'","MBS","FHLMCGLD 3% 03/26","15yr",,,,,"6528.29",,,,,,""
"2021-04-21","'31371LMH9'","MBS","UMBS MORTPASS 5.5% 03/24","Other",,,,,"6501.86",,,,,,""
"2021-04-21","'3140E9J80'","MBS","UMBS MORTPASS 3% 02/31","15yr",,,,,"6490.55",,,,,,""
"2021-04-21","'31412MV39'","MBS","UMBS MORTPASS 4% 06/23","15yr",,,,,"6489.74",,,,,,""
"2021-04-21","'3128MBN60'","MBS","FHLMCGLD 4.5% 11/22","15yr",,,,,"6484.76",,,,,,""
"2021-04-21","'3128MJXU9'","MBS","FHLMCGLD 4.5% 01/46","30yr",,,,,"6438.13",,,,,,""
"2021-04-21","'36176WR37'","MBS","GNMA I MORTPASS 4% 12/41","30yr",,,,,"6433.28",,,,,,""
"2021-04-21","'3138W9NR7'","MBS","UMBS MORTPASS 3% 09/28","15yr",,,,,"6422.05",,,,,,""
"2021-04-21","'3622A2A77'","MBS","GNMA II 3.5% 06/42","30yr",,,,,"6380.73",,,,,,""
"2021-04-21","'3132QSR34'","MBS","FHLMCGLD 3.5% 08/45","30yr",,,,,"6366.12",,,,,,""
"2021-04-21","'36292HSF1'","MBS","GNMA I MORTPASS 5% 10/35","30yr",,,,,"6354.79",,,,,,""
"2021-04-21","'31417MAW3'","MBS","UMBS MORTPASS 4% 11/24","15yr",,,,,"6352.73",,,,,,""
"2021-04-21","'36296LL73'","MBS","GNMA I 4.5% 02/39","30yr",,,,,"6345.49",,,,,,""
"2021-04-21","'36296TAM5'","MBS","GNMA I 4.5% 02/39","30yr",,,,,"6342.78",,,,,,""
"2021-04-21","'3128PQEX5'","MBS","FHLMCGLD 5% 10/24","15yr",,,,,"6339.5",,,,,,""
"2021-04-21","'36202D7D7'","MBS","GNMA II 3.5% 06/34","30yr",,,,,"6334.67",,,,,,""
"2021-04-21","'36241KJC3'","MBS","GNMA II MORTPASS 4% 08/35","30yr",,,,,"6330.06",,,,,,""
"2021-04-21","'31417AU98'","MBS","UMBS MORTPASS 2.5% 01/27","15yr",,,,,"6317.96",,,,,,""
"2021-04-21","'3128MMR47'","MBS","FHLMCGLD 3.5% 03/29","15yr",,,,,"6289.23",,,,,,""
"2021-04-21","'36210YUK9'","MBS","GNMA I MORTPASS 6% 04/29","30yr",,,,,"6277.44",,,,,,""
"2021-04-21","'3132WKF52'","MBS","FHLMCGLD 4.5% 01/47","30yr",,,,,"6268.91",,,,,,""
"2021-04-21","'36201FFC6'","MBS","GNMA I MORTPASS 6% 01/39","30yr",,,,,"6263.45",,,,,,""
"2021-04-21","'3138X3AH5'","MBS","UMBS MORTPASS 2.5% 07/28","15yr",,,,,"6260.56",,,,,,""
"2021-04-21","'36202DWD9'","MBS","GNMA II 4.5% 02/33","30yr",,,,,"6242.59",,,,,,""
"2021-04-21","'3140JGV77'","MBS","UMBS MORTPASS 4% 09/48","30yr",,,,,"6231.94",,,,,,""
"2021-04-21","'31407TGA2'","MBS","UMBS MORTPASS 5% 08/35","30yr",,,,,"6230.7",,,,,,""
"2021-04-21","'3620ABMP8'","MBS","GNMA I MORTPASS 4% 02/40","30yr",,,,,"6204.37",,,,,,""
"2021-04-21","'3620ABG67'","MBS","GNMA I MORTPASS 4% 11/40","30yr",,,,,"6198.54",,,,,,""
"2021-04-21","'31418AJV1'","MBS","UMBS MORTPASS 3% 09/42","30yr",,,,,"6177.63",,,,,,""
"2021-04-21","'31371LGF0'","MBS","UMBS MORTPASS 4.5% 11/23","Other",,,,,"6175.05",,,,,,""
"2021-04-21","'312932ZE9'","MBS","FHLMCGLD 5% 05/39","30yr",,,,,"6169.68",,,,,,""
"2021-04-21","'31411JEQ5'","MBS","UMBS MORTPASS 4% 11/23","15yr",,,,,"6168.27",,,,,,""
"2021-04-21","'3128PLQE5'","MBS","FHLMCGLD 5% 08/23","15yr",,,,,"6156.95",,,,,,""
"2021-04-21","'3132A9PH4'","MBS","UMBS MORTPASS 2.5% 04/29","15yr",,,,,"6156.83",,,,,,""
"2021-04-21","'31415CM38'","MBS","UMBS MORTPASS 4.5% 05/23","15yr",,,,,"6139.8",,,,,,""
"2021-04-21","'3128MJW97'","MBS","FHLMCGLD 3.5% 10/45","30yr",,,,,"6130.08",,,,,,""
"2021-04-21","'3128MDE82'","MBS","FHLMCGLD 3.5% 05/22","15yr",,,,,"6124.22",,,,,,""
"2021-04-21","'3140HMFP4'","MBS","UMBS MORTPASS 3% 07/33","15yr",,,,,"6106.42",,,,,,""
"2021-04-21","'31417GSL1'","MBS","UMBS MORTPASS 3.5% 05/43","30yr",,,,,"6101.14",,,,,,""
"2021-04-21","'3140JKZH2'","MBS","UMBS MORTPASS 3% 01/34","15yr",,,,,"6098.79",,,,,,""
"2021-04-21","'3140HMFZ2'","MBS","UMBS MORTPASS 3% 07/33","15yr",,,,,"6072.63",,,,,,""
"2021-04-21","'36296L4E7'","MBS","GNMA I MORTPASS 6% 01/39","30yr",,,,,"6062.76",,,,,,""
"2021-04-21","'31419AVT1'","MBS","UMBS MORTPASS 4% 12/40","30yr",,,,,"6061.43",,,,,,""
"2021-04-21","'31293EN48'","MBS","FHLMCGLD 6% 12/28","30yr",,,,,"6047.49",,,,,,""
"2021-04-21","'36241KDJ4'","MBS","GNMA I MORTPASS 5% 04/35","30yr",,,,,"6024.31",,,,,,""
"2021-04-21","'31413BQ61'","MBS","UMBS MORTPASS 6% 09/37","30yr",,,,,"6015.21",,,,,,""
"2021-04-21","'3138MK2P0'","MBS","UMBS MORTPASS 2.5% 11/27","15yr",,,,,"6010.5",,,,,,""
"2021-04-21","'31307GJK6'","MBS","FHLMCGLD 4% 02/24","15yr",,,,,"5983.76",,,,,,""
"2021-04-21","'3138X5CA3'","MBS","UMBS MORTPASS 3% 12/28","15yr",,,,,"5975.82",,,,,,""
"2021-04-21","'3132KEJM8'","MBS","FHLMCGLD 3% 09/28","15yr",,,,,"5961.41",,,,,,""
"2021-04-21","'3620ABDP8'","MBS","GNMA I MORTPASS 5% 02/40","30yr",,,,,"5927.62",,,,,,""
"2021-04-21","'31412LQE3'","MBS","UMBS MORTPASS 5.5% 07/27","Other",,,,,"5921.79",,,,,,""
"2021-04-21","'3128MJXS4'","MBS","FHLMCGLD 4% 01/46","30yr",,,,,"5920.97",,,,,,""
"2021-04-21","'36297JTZ7'","MBS","GNMA I MORTPASS 5% 06/39","30yr",,,,,"5919.41",,,,,,""
"2021-04-21","'3128PUJ52'","MBS","FHLMCGLD 4% 03/26","15yr",,,,,"5909.98",,,,,,""
"2021-04-21","'36241KFF0'","MBS","GNMA I MORTPASS 5% 08/35","30yr",,,,,"5903.36",,,,,,""
"2021-04-21","'3128PRKB4'","MBS","FHLMCGLD 4.5% 05/25","15yr",,,,,"5901.47",,,,,,""
"2021-04-21","'312940MS5'","MBS","FHLMCGLD 4.5% 05/40","30yr",,,,,"5881.64",,,,,,""
"2021-04-21","'3129414L8'","MBS","FHLMCGLD 4% 08/40","30yr",,,,,"5853.68",,,,,,""
"2021-04-21","'3620A5ZC6'","MBS","GNMA I 5.5% 10/39","30yr",,,,,"5851.9",,,,,,""
"2021-04-21","'36294SYD3'","MBS","GNMA I MORTPASS 5% 05/37","30yr",,,,,"5843.72",,,,,,""
"2021-04-21","'36294SFV4'","MBS","GNMA I MORTPASS 5% 11/36","30yr",,,,,"5839.01",,,,,,""
"2021-04-21","'3128MMJR5'","MBS","FHLMCGLD 4% 06/23","15yr",,,,,"5837.4",,,,,,""
"2021-04-21","'31414EGV0'","MBS","UMBS MORTPASS 6.5% 06/38","30yr",,,,,"5824.74",,,,,,""
"2021-04-21","'3138YMJY6'","MBS","UMBS MORTPASS 2% 04/30","15yr",,,,,"5819.19",,,,,,""
"2021-04-21","'3131X7UC0'","MBS","UMBS MORTPASS 2.5% 06/22","Other",,,,,"5814.54",,,,,,""
"2021-04-21","'3138WBU86'","MBS","UMBS MORTPASS 3.5% 05/24","Other",,,,,"5812.88",,,,,,""
"2021-04-21","'36296WD52'","MBS","GNMA I 4.5% 01/39","30yr",,,,,"5792.32",,,,,,""
"2021-04-21","'31371PA83'","MBS","UMBS MORTPASS 6.5% 11/28","Other",,,,,"5767.83",,,,,,""
"2021-04-21","'31418PB20'","MBS","UMBS MORTPASS 4% 01/25","15yr",,,,,"5757.42",,,,,,""
"2021-04-21","'3132A7K67'","MBS","UMBS MORTPASS 3% 09/27","15yr",,,,,"5731.07",,,,,,""
"2021-04-21","'3131XALW9'","MBS","UMBS MORTPASS 3% 05/29","15yr",,,,,"5714.63",,,,,,""
"2021-04-21","'36200NZR5'","MBS","GNMA I MORTPASS 5% 08/34","30yr",,,,,"5707.8",,,,,,""
"2021-04-21","'3140HMJK1'","MBS","UMBS MORTPASS 3% 09/33","15yr",,,,,"5703.3",,,,,,""
"2021-04-21","'3131XAJ51'","MBS","UMBS MORTPASS 3% 04/29","15yr",,,,,"5697.81",,,,,,""
"2021-04-21","'3128PQWX5'","MBS","FHLMCGLD 4.5% 01/25","15yr",,,,,"5658.24",,,,,,""
"2021-04-21","'3128PQLL3'","MBS","FHLMCGLD 4.5% 11/24","15yr",,,,,"5657.94",,,,,,""
"2021-04-21","'3128MMSL8'","MBS","FHLMCGLD 3% 08/29","15yr",,,,,"5633.21",,,,,,""
"2021-04-21","'36296L2H2'","MBS","GNMA I MORTPASS 6% 10/38","30yr",,,,,"5626.69",,,,,,""
"2021-04-21","'3128MAFM6'","MBS","FHLMCGLD 4.5% 10/44","30yr",,,,,"5624.53",,,,,,""
"2021-04-21","'3620A46M9'","MBS","GNMA I MORTPASS 6% 06/39","30yr",,,,,"5620.15",,,,,,""
"2021-04-21","'3128P7H71'","MBS","FHLMCGLD 5% 01/28","Other",,,,,"5616.52",,,,,,""
"2021-04-21","'36200AJS9'","MBS","GNMA I MORTPASS 6% 12/32","30yr",,,,,"5612.26",,,,,,""
"2021-04-21","'36230PWC0'","MBS","GNMA I MORTPASS 4% 12/40","30yr",,,,,"5607",,,,,,""
"2021-04-21","'36295EZQ3'","MBS","GNMA I MORTPASS 5% 10/38","30yr",,,,,"5591.6",,,,,,""
"2021-04-21","'36211EMP0'","MBS","GNMA I 4.5% 02/35","30yr",,,,,"5581.04",,,,,,""
"2021-04-21","'3128E5V97'","MBS","FHLMCGLD 4% 08/31","Other",,,,,"5580.42",,,,,,""
"2021-04-21","'3132A9NQ6'","MBS","UMBS MORTPASS 3% 09/28","15yr",,,,,"5577.44",,,,,,""
"2021-04-21","'36296AGJ7'","MBS","GNMA I MORTPASS 6% 12/38","30yr",,,,,"5555.21",,,,,,""
"2021-04-21","'3131X6H29'","MBS","UMBS MORTPASS 3% 02/26","15yr",,,,,"5539.16",,,,,,""
"2021-04-21","'36200NTR2'","MBS","GNMA I 4.5% 06/34","30yr",,,,,"5535.47",,,,,,""
"2021-04-21","'31297HUB3'","MBS","FHLMCGLD 6% 01/35","30yr",,,,,"5534.92",,,,,,""
"2021-04-21","'3138A2VH9'","MBS","UMBS MORTPASS 4% 12/30","Other",,,,,"5513.55",,,,,,""
"2021-04-21","'3128M6NT1'","MBS","FHLMCGLD 5.5% 02/38","30yr",,,,,"5497.86",,,,,,""
"2021-04-21","'31307NGZ1'","MBS","FHLMCGLD 2% 06/25","15yr",,,,,"5469.27",,,,,,""
"2021-04-21","'36294SGN1'","MBS","GNMA I 5.5% 12/36","30yr",,,,,"5437.95",,,,,,""
"2021-04-21","'3128MMJP9'","MBS","FHLMCGLD 5.5% 08/23","15yr",,,,,"5436.4",,,,,,""
"2021-04-21","'3131XAQR5'","MBS","UMBS MORTPASS 2.5% 07/29","15yr",,,,,"5394.54",,,,,,""
"2021-04-21","'3128MJ6H8'","MBS","FHLMCGLD 3.5% 04/49","30yr",,,,,"5387.29",,,,,,""
"2021-04-21","'36180S5S9'","MBS","GNMA I 3.5% 09/43","30yr",,,,,"5373.97",,,,,,""
"2021-04-21","'3138AVVF9'","MBS","UMBS MORTPASS 3.5% 12/26","15yr",,,,,"5371.49",,,,,,""
"2021-04-21","'31412PT92'","MBS","UMBS MORTPASS 5.5% 04/39","30yr",,,,,"5371.1",,,,,,""
"2021-04-21","'3128K8FH4'","MBS","FHLMCGLD 5% 10/35","30yr",,,,,"5358.89",,,,,,""
"2021-04-21","'3138WQJK9'","MBS","UMBS MORTPASS 3.5% 05/28","15yr",,,,,"5348.62",,,,,,""
"2021-04-21","'31416WX31'","MBS","UMBS MORTPASS 3.5% 10/25","15yr",,,,,"5329.59",,,,,,""
"2021-04-21","'3128MCAW5'","MBS","FHLMCGLD 5.5% 12/23","15yr",,,,,"5241.93",,,,,,""
"2021-04-21","'312931FV5'","MBS","FHLMCGLD 5% 03/39","30yr",,,,,"5239.71",,,,,,""
"2021-04-21","'36294PBE2'","MBS","GNMA I 5.5% 05/36","30yr",,,,,"5238.46",,,,,,""
"2021-04-21","'3128P7FX6'","MBS","FHLMCGLD 6.5% 07/27","Other",,,,,"5228.97",,,,,,""
"2021-04-21","'36294T4K8'","MBS","GNMA I MORTPASS 5% 11/36","30yr",,,,,"5226.44",,,,,,""
"2021-04-21","'3128PMBW9'","MBS","FHLMCGLD 5.5% 11/23","15yr",,,,,"5224.12",,,,,,""
"2021-04-21","'36296FTR4'","MBS","GNMA I MORTPASS 5% 07/39","30yr",,,,,"5201.48",,,,,,""
"2021-04-21","'3128PMKS8'","MBS","FHLMCGLD 5% 02/24","15yr",,,,,"5197.15",,,,,,""
"2021-04-21","'3138M66T9'","MBS","UMBS MORTPASS 3% 08/27","15yr",,,,,"5173.17",,,,,,""
"2021-04-21","'36241KGD4'","MBS","GNMA II 4.5% 09/35","30yr",,,,,"5164.48",,,,,,""
"2021-04-21","'31412U5M8'","MBS","UMBS MORTPASS 6% 09/39","30yr",,,,,"5157.48",,,,,,""
"2021-04-21","'31404MQL5'","MBS","UMBS MORTPASS 5% 03/34","30yr",,,,,"5150.52",,,,,,""
"2021-04-21","'36176ATS8'","MBS","GNMA I MORTPASS 4% 07/41","30yr",,,,,"5150.14",,,,,,""
"2021-04-21","'3138W5Q35'","MBS","UMBS MORTPASS 3.5% 02/28","15yr",,,,,"5139.34",,,,,,""
"2021-04-21","'3138MLMU5'","MBS","UMBS MORTPASS 3% 11/27","15yr",,,,,"5137.81",,,,,,""
"2021-04-21","'3128PRAR0'","MBS","FHLMCGLD 4.5% 03/25","15yr",,,,,"5123.99",,,,,,""
"2021-04-21","'31368HLN1'","MBS","UMBS MORTPASS 5.5% 04/33","30yr",,,,,"5123.55",,,,,,""
"2021-04-21","'36202D5P2'","MBS","GNMA II 4.5% 05/34","30yr",,,,,"5123.25",,,,,,""
"2021-04-21","'3138WVPU9'","MBS","UMBS MORTPASS 3.5% 06/28","15yr",,,,,"5115.77",,,,,,""
"2021-04-21","'36295UDD0'","MBS","GNMA I MORTPASS 6% 12/37","30yr",,,,,"5102.75",,,,,,""
"2021-04-21","'36295YXW8'","MBS","GNMA I MORTPASS 5% 04/38","30yr",,,,,"5087.5",,,,,,""
"2021-04-21","'3138MJSM2'","MBS","UMBS MORTPASS 3% 11/27","15yr",,,,,"5085.07",,,,,,""
"2021-04-21","'31413FU26'","MBS","UMBS MORTPASS 4.5% 08/22","15yr",,,,,"5043.14",,,,,,""
"2021-04-21","'31418AGH5'","MBS","UMBS MORTPASS 3.5% 06/22","Other",,,,,"5041.83",,,,,,""
"2021-04-21","'36296L3Y4'","MBS","GNMA I MORTPASS 6% 01/39","30yr",,,,,"5039.58",,,,,,""
"2021-04-21","'3128K8EE2'","MBS","FHLMCGLD 5% 10/35","30yr",,,,,"5019.16",,,,,,""
"2021-04-21","'36291YH75'","MBS","GNMA I MORTPASS 6% 07/36","30yr",,,,,"4979.9",,,,,,""
"2021-04-21","'36213WAJ5'","MBS","GNMA I MORTPASS 5% 05/34","30yr",,,,,"4971.74",,,,,,""
"2021-04-21","'3128P7LB7'","MBS","FHLMCGLD 5% 12/28","Other",,,,,"4960.33",,,,,,""
"2021-04-21","'36295FJF2'","MBS","GNMA I 5.5% 05/37","30yr",,,,,"4939.64",,,,,,""
"2021-04-21","'31416JTT8'","MBS","UMBS MORTPASS 4.5% 04/24","15yr",,,,,"4895.24",,,,,,""
"2021-04-21","'31413NQK4'","MBS","UMBS MORTPASS 4.5% 09/22","15yr",,,,,"4889.35",,,,,,""
"2021-04-21","'31414TZ87'","MBS","UMBS MORTPASS 4.5% 03/23","15yr",,,,,"4871.57",,,,,,""
"2021-04-21","'31402HGD7'","MBS","UMBS MORTPASS 5% 07/33","30yr",,,,,"4868.91",,,,,,""
"2021-04-21","'3131XAB91'","MBS","UMBS MORTPASS 3% 01/29","15yr",,,,,"4845.42",,,,,,""
"2021-04-21","'3138LX4P1'","MBS","UMBS MORTPASS 3.5% 07/27","15yr",,,,,"4843.95",,,,,,""
"2021-04-21","'31418DKS0'","MBS","UMBS MORTPASS 4% 09/21","Other",,,,,"4841.4",,,,,,""
"2021-04-21","'3138W9UG3'","MBS","UMBS MORTPASS 3.5% 09/23","Other",,,,,"4830.8",,,,,,""
"2021-04-21","'3138LV3L5'","MBS","UMBS MORTPASS 3% 07/27","15yr",,,,,"4830.74",,,,,,""
"2021-04-21","'3138W3U35'","MBS","UMBS MORTPASS 3% 03/28","15yr",,,,,"4817.06",,,,,,""
"2021-04-21","'31406XDV1'","MBS","UMBS MORTPASS 5% 04/35","30yr",,,,,"4774.44",,,,,,""
"2021-04-21","'3138XXY26'","MBS","UMBS MORTPASS 3.5% 08/44","30yr",,,,,"4772.24",,,,,,""
"2021-04-21","'36295NYD3'","MBS","GNMA I MORTPASS 6% 03/38","30yr",,,,,"4746.79",,,,,,""
"2021-04-21","'31307HLW5'","MBS","FHLMCGLD 3.5% 06/29","15yr",,,,,"4730.89",,,,,,""
"2021-04-21","'31371K7M7'","MBS","UMBS MORTPASS 5.5% 07/23","Other",,,,,"4726.41",,,,,,""
"2021-04-21","'36291URZ0'","MBS","GNMA I 5.5% 11/36","30yr",,,,,"4704.22",,,,,,""
"2021-04-21","'36208PYA0'","MBS","GNMA I MORTPASS 6% 11/28","30yr",,,,,"4700.86",,,,,,""
"2021-04-21","'3128MBM61'","MBS","FHLMCGLD 4.5% 11/22","15yr",,,,,"4689.59",,,,,,""
"2021-04-21","'3131X66V7'","MBS","UMBS MORTPASS 3% 10/26","15yr",,,,,"4689.38",,,,,,""
"2021-04-21","'31415ML78'","MBS","UMBS MORTPASS 4.5% 05/23","15yr",,,,,"4688.75",,,,,,""
"2021-04-21","'36296MMD7'","MBS","GNMA I MORTPASS 6% 09/38","30yr",,,,,"4676.4",,,,,,""
"2021-04-21","'36297ESF3'","MBS","GNMA I 5.5% 09/39","30yr",,,,,"4675.84",,,,,,""
"2021-04-21","'31405E5Q4'","MBS","UMBS MORTPASS 6.5% 02/35","30yr",,,,,"4674.27",,,,,,""
"2021-04-21","'31411FW91'","MBS","UMBS MORTPASS 4.5% 09/22","15yr",,,,,"4656.49",,,,,,""
"2021-04-21","'3138M1E87'","MBS","UMBS MORTPASS 3% 07/27","15yr",,,,,"4650.36",,,,,,""
"2021-04-21","'36296CBT6'","MBS","GNMA I MORTPASS 5% 05/38","30yr",,,,,"4649.78",,,,,,""
"2021-04-21","'36296RD95'","MBS","GNMA I MORTPASS 6% 11/38","30yr",,,,,"4647.39",,,,,,""
"2021-04-21","'36297HKB3'","MBS","GNMA I 5.5% 08/39","30yr",,,,,"4633.23",,,,,,""
"2021-04-21","'31415TCM0'","MBS","UMBS MORTPASS 6.5% 10/38","30yr",,,,,"4627.53",,,,,,""
"2021-04-21","'3132QV2M2'","MBS","FHLMCGLD 4% 02/46","30yr",,,,,"4626.21",,,,,,""
"2021-04-21","'31386XWZ5'","MBS","UMBS MORTPASS 5.5% 09/24","30yr",,,,,"4625.16",,,,,,""
"2021-04-21","'3128PKJP0'","MBS","FHLMCGLD 4% 03/23","15yr",,,,,"4622.2",,,,,,""
"2021-04-21","'3128PXB88'","MBS","FHLMCGLD 3% 11/21","15yr",,,,,"4618.41",,,,,,""
"2021-04-21","'31416XEJ5'","MBS","UMBS MORTPASS 3.5% 12/25","15yr",,,,,"4605.86",,,,,,""
"2021-04-21","'36241KCS5'","MBS","GNMA I MORTPASS 5% 03/35","30yr",,,,,"4587.14",,,,,,""
"2021-04-21","'36202D6S5'","MBS","GNMA II 4.5% 07/34","30yr",,,,,"4542.47",,,,,,""
"2021-04-21","'31414GCB3'","MBS","UMBS MORTPASS 4.5% 09/22","15yr",,,,,"4527.55",,,,,,""
"2021-04-21","'31416W4C3'","MBS","UMBS MORTPASS 3.5% 11/30","Other",,,,,"4521.65",,,,,,""
"2021-04-21","'31329K6W9'","MBS","UMBS MORTPASS 3% 02/27","15yr",,,,,"4514.09",,,,,,""
"2021-04-21","'3128PQUH2'","MBS","FHLMCGLD 4.5% 01/25","15yr",,,,,"4505.22",,,,,,""
"2021-04-21","'3138WDB26'","MBS","UMBS MORTPASS 4.5% 10/44","30yr",,,,,"4503.25",,,,,,""
"2021-04-21","'3128KVSN6'","MBS","FHLMCGLD 6% 08/37","30yr",,,,,"4499.93",,,,,,""
"2021-04-21","'3128MCQF5'","MBS","FHLMCGLD 4% 07/25","15yr",,,,,"4495.51",,,,,,""
"2021-04-21","'3138AS5S7'","MBS","UMBS MORTPASS 3% 09/26","15yr",,,,,"4494.52",,,,,,""
"2021-04-21","'3131XAZM6'","MBS","UMBS MORTPASS 3.5% 01/25","Other",,,,,"4477.91",,,,,,""
"2021-04-21","'36291LFV2'","MBS","GNMA I MORTPASS 5% 02/35","30yr",,,,,"4474.38",,,,,,""
"2021-04-21","'31406NYB4'","MBS","UMBS MORTPASS 5% 05/35","30yr",,,,,"4463.09",,,,,,""
"2021-04-21","'3620A1R34'","MBS","GNMA I MORTPASS 5% 08/39","30yr",,,,,"4462.87",,,,,,""
"2021-04-21","'31307HMW4'","MBS","FHLMCGLD 2.5% 06/24","15yr",,,,,"4450.92",,,,,,""
"2021-04-21","'31307TM40'","MBS","FHLMCGLD 3.5% 04/32","15yr",,,,,"4407",,,,,,""
"2021-04-21","'31307HK55'","MBS","FHLMCGLD 3% 06/24","15yr",,,,,"4387.67",,,,,,""
"2021-04-21","'3138X5CU9'","MBS","UMBS MORTPASS 3.5% 04/29","15yr",,,,,"4387.18",,,,,,""
"2021-04-21","'31405ES30'","MBS","UMBS MORTPASS 5.5% 06/34","30yr",,,,,"4379",,,,,,""
"2021-04-21","'31415ATN1'","MBS","UMBS MORTPASS 5% 05/23","15yr",,,,,"4377.64",,,,,,""
"2021-04-21","'31406BCY4'","MBS","UMBS MORTPASS 5.5% 01/35","30yr",,,,,"4362.55",,,,,,""
"2021-04-21","'36296AVX9'","MBS","GNMA I MORTPASS 6% 04/38","30yr",,,,,"4353.55",,,,,,""
"2021-04-21","'36290UL95'","MBS","GNMA I MORTPASS 6% 12/37","30yr",,,,,"4345.1",,,,,,""
"2021-04-21","'36296SQC2'","MBS","GNMA I MORTPASS 5% 04/39","30yr",,,,,"4308.57",,,,,,""
"2021-04-21","'3138M4GL0'","MBS","UMBS MORTPASS 3% 08/27","15yr",,,,,"4299.45",,,,,,""
"2021-04-21","'3128PLRF1'","MBS","FHLMCGLD 4.5% 07/23","15yr",,,,,"4295.25",,,,,,""
"2021-04-21","'31416LQZ2'","MBS","UMBS MORTPASS 4.5% 03/24","15yr",,,,,"4294.52",,,,,,""
"2021-04-21","'31371HEZ7'","MBS","UMBS MORTPASS 5.5% 01/29","30yr",,,,,"4291.98",,,,,,""
"2021-04-21","'31414SHN6'","MBS","UMBS MORTPASS 5% 03/23","15yr",,,,,"4290.9",,,,,,""
"2021-04-21","'36211RAE9'","MBS","GNMA I MORTPASS 5% 01/35","30yr",,,,,"4288.01",,,,,,""
"2021-04-21","'3128P7LY7'","MBS","FHLMCGLD 4% 03/29","Other",,,,,"4278.15",,,,,,""
"2021-04-21","'3138M8CH4'","MBS","UMBS MORTPASS 3% 09/27","15yr",,,,,"4261.28",,,,,,""
"2021-04-21","'36202D5B3'","MBS","GNMA II 4.5% 04/34","30yr",,,,,"4240.37",,,,,,""
"2021-04-21","'31417EFX4'","MBS","UMBS MORTPASS 3% 12/27","15yr",,,,,"4226.14",,,,,,""
"2021-04-21","'36291XAQ2'","MBS","GNMA I MORTPASS 5% 05/35","30yr",,,,,"4217.84",,,,,,""
"2021-04-21","'31371MVC8'","MBS","UMBS MORTPASS 6% 07/26","Other",,,,,"4216.95",,,,,,""
"2021-04-21","'31407NP72'","MBS","UMBS MORTPASS 5% 08/35","30yr",,,,,"4205.39",,,,,,""
"2021-04-21","'3128MDVX8'","MBS","FHLMCGLD 4% 01/23","15yr",,,,,"4178.38",,,,,,""
"2021-04-21","'31288FXK5'","MBS","FHLMCGLD 5% 02/33","30yr",,,,,"4176.52",,,,,,""
"2021-04-21","'3620A46S6'","MBS","GNMA I 5.5% 06/39","30yr",,,,,"4175.82",,,,,,""
"2021-04-21","'36294YMS0'","MBS","GNMA I MORTPASS 5% 01/37","30yr",,,,,"4143.87",,,,,,""
"2021-04-21","'36291UM51'","MBS","GNMA I MORTPASS 5% 01/39","30yr",,,,,"4129.17",,,,,,""
"2021-04-21","'3138MJZ85'","MBS","UMBS MORTPASS 3% 11/27","15yr",,,,,"4125.83",,,,,,""
"2021-04-21","'36295S3B0'","MBS","GNMA I MORTPASS 5% 01/38","30yr",,,,,"4125.03",,,,,,""
"2021-04-21","'3138X0MA3'","MBS","UMBS MORTPASS 3.5% 07/28","15yr",,,,,"4123.68",,,,,,""
"2021-04-21","'36294NMU9'","MBS","GNMA I 5.5% 09/36","30yr",,,,,"4118.65",,,,,,""
"2021-04-21","'36200KR41'","MBS","GNMA I MORTPASS 5% 04/33","30yr",,,,,"4105.77",,,,,,""
"2021-04-21","'36297FUH3'","MBS","GNMA I 5.5% 08/39","30yr",,,,,"4092.9",,,,,,""
"2021-04-21","'36290RYE7'","MBS","GNMA I 4.5% 08/33","30yr",,,,,"4082.56",,,,,,""
"2021-04-21","'36291JEN6'","MBS","GNMA I MORTPASS 5% 02/34","30yr",,,,,"4077.33",,,,,,""
"2021-04-21","'31415QX43'","MBS","UMBS MORTPASS 6.5% 07/38","30yr",,,,,"4072.73",,,,,,""
"2021-04-21","'31391LXJ9'","MBS","UMBS MORTPASS 6% 09/32","30yr",,,,,"4068.92",,,,,,""
"2021-04-21","'36296HQJ1'","MBS","GNMA I 5.5% 07/38","30yr",,,,,"4065.51",,,,,,""
"2021-04-21","'31416SML2'","MBS","UMBS MORTPASS 4% 06/24","15yr",,,,,"4058.98",,,,,,""
"2021-04-21","'36292GEK7'","MBS","GNMA I 5.5% 09/35","30yr",,,,,"4051.45",,,,,,""
"2021-04-21","'31417YVJ3'","MBS","UMBS MORTPASS 4% 01/31","Other",,,,,"4043.62",,,,,,""
"2021-04-21","'3138EAR25'","MBS","UMBS MORTPASS 3% 04/27","15yr",,,,,"4031.66",,,,,,""
"2021-04-21","'31307KBP4'","MBS","FHLMCGLD 4% 11/24","15yr",,,,,"4018.74",,,,,,""
"2021-04-21","'312932LL8'","MBS","FHLMCGLD 5.5% 04/39","30yr",,,,,"4008",,,,,,""
"2021-04-21","'31402E2N7'","MBS","UMBS MORTPASS 5% 08/33","30yr",,,,,"4000.07",,,,,,""
"2021-04-21","'31307HWL7'","MBS","FHLMCGLD 3.5% 07/24","15yr",,,,,"3994.03",,,,,,""
"2021-04-21","'36291LGN9'","MBS","GNMA I MORTPASS 5% 03/35","30yr",,,,,"3993.82",,,,,,""
"2021-04-21","'36297KNE7'","MBS","GNMA I MORTPASS 5% 03/39","30yr",,,,,"3969.69",,,,,,""
"2021-04-21","'31335HYJ6'","MBS","FHLMCGLD 4% 09/23","Other",,,,,"3956.22",,,,,,""
"2021-04-21","'3128PLK35'","MBS","FHLMCGLD 5.5% 08/23","15yr",,,,,"3921.83",,,,,,""
"2021-04-21","'3128MB3P0'","MBS","FHLMCGLD 4.5% 08/23","15yr",,,,,"3918.28",,,,,,""
"2021-04-21","'36296VYE2'","MBS","GNMA I 5.5% 02/39","30yr",,,,,"3911.96",,,,,,""
"2021-04-21","'31417M5Q2'","MBS","UMBS MORTPASS 4% 09/39","30yr",,,,,"3907.48",,,,,,""
"2021-04-21","'3128MBT72'","MBS","FHLMCGLD 4% 01/23","15yr",,,,,"3900.39",,,,,,""
"2021-04-21","'36297EE68'","MBS","GNMA I 5.5% 03/39","30yr",,,,,"3895.37",,,,,,""
"2021-04-21","'3128PJTM9'","MBS","FHLMCGLD 4.5% 01/23","15yr",,,,,"3893.84",,,,,,""
"2021-04-21","'3620A1XK9'","MBS","GNMA I MORTPASS 5% 05/39","30yr",,,,,"3883.18",,,,,,""
"2021-04-21","'36230KW80'","MBS","GNMA I MORTPASS 4% 06/42","30yr",,,,,"3877.34",,,,,,""
"2021-04-21","'3620ANGU8'","MBS","GNMA I MORTPASS 4% 03/40","30yr",,,,,"3863.29",,,,,,""
"2021-04-21","'3128CUJ56'","MBS","FHLMCGLD 5% 02/26","Other",,,,,"3860.03",,,,,,""
"2021-04-21","'3138EHB27'","MBS","UMBS MORTPASS 4% 05/21","Other",,,,,"3857.15",,,,,,""
"2021-04-21","'3132M5C75'","MBS","FHLMCGLD 4.5% 02/44","30yr",,,,,"3852.54",,,,,,""
"2021-04-21","'3128K7LJ5'","MBS","FHLMCGLD 5% 08/35","30yr",,,,,"3852.4",,,,,,""
"2021-04-21","'3138XS2T3'","MBS","UMBS MORTPASS 3.5% 05/29","15yr",,,,,"3851.26",,,,,,""
"2021-04-21","'36201TTX5'","MBS","GNMA I MORTPASS 5% 02/36","30yr",,,,,"3836.93",,,,,,""
"2021-04-21","'36296CEW6'","MBS","GNMA I 5.5% 06/38","30yr",,,,,"3832.66",,,,,,""
"2021-04-21","'31418AJH2'","MBS","UMBS MORTPASS 3.5% 08/22","Other",,,,,"3819.87",,,,,,""
"2021-04-21","'3138MD4V1'","MBS","UMBS MORTPASS 3% 10/27","15yr",,,,,"3818.79",,,,,,""
"2021-04-21","'3128PLHU9'","MBS","FHLMCGLD 5.5% 07/23","15yr",,,,,"3783.22",,,,,,""
"2021-04-21","'3128PKE26'","MBS","FHLMCGLD 5% 03/23","15yr",,,,,"3779.29",,,,,,""
"2021-04-21","'36213CVD9'","MBS","GNMA I 4.5% 08/35","30yr",,,,,"3769.21",,,,,,""
"2021-04-21","'36295W2L0'","MBS","GNMA I 5.5% 03/39","30yr",,,,,"3763.92",,,,,,""
"2021-04-21","'31413J5C4'","MBS","UMBS MORTPASS 6.5% 10/37","30yr",,,,,"3748.07",,,,,,""
"2021-04-21","'31416HU60'","MBS","UMBS MORTPASS 5.5% 02/39","30yr",,,,,"3738.85",,,,,,""
"2021-04-21","'31414C6V5'","MBS","UMBS MORTPASS 5% 04/23","15yr",,,,,"3729.05",,,,,,""
"2021-04-21","'36292HSS3'","MBS","GNMA I MORTPASS 5% 11/35","30yr",,,,,"3719.21",,,,,,""
"2021-04-21","'3128K4KD6'","MBS","FHLMCGLD 5% 03/36","30yr",,,,,"3710.9",,,,,,""
"2021-04-21","'36241KCW6'","MBS","GNMA I MORTPASS 5% 03/35","30yr",,,,,"3700.1",,,,,,""
"2021-04-21","'3128PKPH1'","MBS","FHLMCGLD 4.5% 04/23","15yr",,,,,"3696.26",,,,,,""
"2021-04-21","'3128PJY43'","MBS","FHLMCGLD 5.5% 02/23","15yr",,,,,"3689.45",,,,,,""
"2021-04-21","'36202EAJ8'","MBS","GNMA II MORTPASS 5% 09/34","30yr",,,,,"3672.37",,,,,,""
"2021-04-21","'3138W6TS5'","MBS","UMBS MORTPASS 3.5% 04/28","15yr",,,,,"3671.28",,,,,,""
"2021-04-21","'3138AGFA1'","MBS","UMBS MORTPASS 4% 06/21","Other",,,,,"3666.76",,,,,,""
"2021-04-21","'36202UBV4'","MBS","GNMA I MORTPASS 4% 08/33","30yr",,,,,"3664.86",,,,,,""
"2021-04-21","'3128PTEJ0'","MBS","FHLMCGLD 4% 12/25","15yr",,,,,"3638.29",,,,,,""
"2021-04-21","'3620ABHP4'","MBS","GNMA I MORTPASS 4% 08/41","30yr",,,,,"3635.29",,,,,,""
"2021-04-21","'3128PLM90'","MBS","FHLMCGLD 5.5% 08/23","15yr",,,,,"3623.8",,,,,,""
"2021-04-21","'3620A5J75'","MBS","GNMA I MORTPASS 4% 01/41","30yr",,,,,"3615.75",,,,,,""
"2021-04-21","'36296RG76'","MBS","GNMA I MORTPASS 5% 11/38","30yr",,,,,"3610.61",,,,,,""
"2021-04-21","'36296AUT9'","MBS","GNMA I MORTPASS 5% 04/38","30yr",,,,,"3603.7",,,,,,""
"2021-04-21","'3620A7B53'","MBS","GNMA I MORTPASS 5% 12/39","30yr",,,,,"3603.68",,,,,,""
"2021-04-21","'31411JC53'","MBS","UMBS MORTPASS 4% 06/23","15yr",,,,,"3585.07",,,,,,""
"2021-04-21","'36209T4D8'","MBS","GNMA I MORTPASS 6% 09/28","30yr",,,,,"3576.39",,,,,,""
"2021-04-21","'36213CVA5'","MBS","GNMA I MORTPASS 5% 08/35","30yr",,,,,"3543.93",,,,,,""
"2021-04-21","'36295GV82'","MBS","GNMA I MORTPASS 5% 08/37","30yr",,,,,"3533.2",,,,,,""
"2021-04-21","'36290U3H7'","MBS","GNMA I MORTPASS 5% 02/36","30yr",,,,,"3526.24",,,,,,""
"2021-04-21","'3620AATF5'","MBS","GNMA I 3.5% 08/39","30yr",,,,,"3518.67",,,,,,""
"2021-04-21","'36201VBE1'","MBS","GNMA I 4.5% 10/33","30yr",,,,,"3512.67",,,,,,""
"2021-04-21","'3128MCBS3'","MBS","FHLMCGLD 4.5% 02/24","15yr",,,,,"3508.9",,,,,,""
"2021-04-21","'36202FE44'","MBS","GNMA II 3.5% 02/40","30yr",,,,,"3502.2",,,,,,""
"2021-04-21","'36296MGG7'","MBS","GNMA I 4.5% 04/39","30yr",,,,,"3489.79",,,,,,""
"2021-04-21","'3128KGT73'","MBS","FHLMCGLD 6% 11/36","30yr",,,,,"3489.17",,,,,,""
"2021-04-21","'31419DMQ1'","MBS","UMBS MORTPASS 3.5% 09/25","15yr",,,,,"3484.8",,,,,,""
"2021-04-21","'36201HNM1'","MBS","GNMA I MORTPASS 5% 10/33","30yr",,,,,"3469.08",,,,,,""
"2021-04-21","'3138EMQN4'","MBS","UMBS MORTPASS 4% 05/23","Other",,,,,"3467.91",,,,,,""
"2021-04-21","'3128PFQE8'","MBS","FHLMCGLD 5% 12/21","15yr",,,,,"3451.12",,,,,,""
"2021-04-21","'3128KW2J1'","MBS","FHLMCGLD 6% 09/37","30yr",,,,,"3436.72",,,,,,""
"2021-04-21","'31412SQ57'","MBS","UMBS MORTPASS 4% 03/23","15yr",,,,,"3430.82",,,,,,""
"2021-04-21","'312932LG9'","MBS","FHLMCGLD 5.5% 04/39","30yr",,,,,"3428.58",,,,,,""
"2021-04-21","'3620A7ZY4'","MBS","GNMA I MORTPASS 4% 08/40","30yr",,,,,"3419.94",,,,,,""
"2021-04-21","'36213CWD8'","MBS","GNMA I MORTPASS 5% 09/35","30yr",,,,,"3419.08",,,,,,""
"2021-04-21","'31296JH58'","MBS","FHLMCGLD 5% 06/33","30yr",,,,,"3406.13",,,,,,""
"2021-04-21","'36291DNR0'","MBS","GNMA I MORTPASS 5% 04/34","30yr",,,,,"3402.09",,,,,,""
"2021-04-21","'36292LRY2'","MBS","GNMA I MORTPASS 5% 03/36","30yr",,,,,"3399.19",,,,,,""
"2021-04-21","'31382FMN6'","MBS","UMBS MORTPASS 6% 01/29","30yr",,,,,"3396.96",,,,,,""
"2021-04-21","'36207EKU7'","MBS","GNMA I MORTPASS 5% 11/33","30yr",,,,,"3387.49",,,,,,""
"2021-04-21","'3138W3A94'","MBS","UMBS MORTPASS 3.5% 02/28","15yr",,,,,"3384.72",,,,,,""
"2021-04-21","'3138WBKE4'","MBS","UMBS MORTPASS 2.5% 04/24","Other",,,,,"3384.42",,,,,,""
"2021-04-21","'31415XS85'","MBS","UMBS MORTPASS 5.5% 11/38","30yr",,,,,"3374.42",,,,,,""
"2021-04-21","'31410WUK2'","MBS","UMBS MORTPASS 4.5% 06/22","15yr",,,,,"3348.02",,,,,,""
"2021-04-21","'36202D3F6'","MBS","GNMA II 4.5% 01/34","30yr",,,,,"3344.26",,,,,,""
"2021-04-21","'31413ES30'","MBS","UMBS MORTPASS 5.5% 08/37","30yr",,,,,"3333.14",,,,,,""
"2021-04-21","'36295F4B7'","MBS","GNMA I MORTPASS 6% 05/37","30yr",,,,,"3329.06",,,,,,""
"2021-04-21","'3128P7KM4'","MBS","FHLMCGLD 6.5% 06/28","Other",,,,,"3315.86",,,,,,""
"2021-04-21","'3138YHQ60'","MBS","UMBS MORTPASS 3% 02/45","30yr",,,,,"3303.85",,,,,,""
"2021-04-21","'3131Y7MD6'","MBS","UMBS MORTPASS 4.5% 11/48","30yr",,,,,"3303.44",,,,,,""
"2021-04-21","'3128PRZQ5'","MBS","FHLMCGLD 4% 08/25","15yr",,,,,"3296.81",,,,,,""
"2021-04-21","'31418BGH3'","MBS","UMBS MORTPASS 3.5% 08/24","Other",,,,,"3287.3",,,,,,""
"2021-04-21","'3138X6HY4'","MBS","UMBS MORTPASS 3% 11/28","15yr",,,,,"3283.16",,,,,,""
"2021-04-21","'3128MBT80'","MBS","FHLMCGLD 4.5% 03/23","15yr",,,,,"3275.85",,,,,,""
"2021-04-21","'36241L5N2'","MBS","GNMA II 4.5% 11/41","30yr",,,,,"3275.13",,,,,,""
"2021-04-21","'3128MMF81'","MBS","FHLMCGLD 5.5% 06/22","15yr",,,,,"3275.03",,,,,,""
"2021-04-21","'3128PQYK1'","MBS","FHLMCGLD 4.5% 02/25","15yr",,,,,"3253.78",,,,,,""
"2021-04-21","'31297L3Z1'","MBS","FHLMCGLD 5.5% 03/35","30yr",,,,,"3250.29",,,,,,""
"2021-04-21","'31417SAL4'","MBS","UMBS MORTPASS 4.5% 10/24","15yr",,,,,"3242.44",,,,,,""
"2021-04-21","'3620A7LV5'","MBS","GNMA I MORTPASS 5% 12/39","30yr",,,,,"3198.28",,,,,,""
"2021-04-21","'3128MBVM6'","MBS","FHLMCGLD 5% 04/23","15yr",,,,,"3195.34",,,,,,""
"2021-04-21","'31417BRU3'","MBS","UMBS MORTPASS 3% 04/27","15yr",,,,,"3163.73",,,,,,""
"2021-04-21","'312929WV0'","MBS","FHLMCGLD 6.5% 12/38","30yr",,,,,"3162.27",,,,,,""
"2021-04-21","'31402J6S1'","MBS","UMBS MORTPASS 5% 08/33","30yr",,,,,"3158.16",,,,,,""
"2021-04-21","'3128MBWQ6'","MBS","FHLMCGLD 4.5% 04/23","15yr",,,,,"3147.24",,,,,,""
"2021-04-21","'36291JKE9'","MBS","GNMA I MORTPASS 5% 06/34","30yr",,,,,"3137",,,,,,""
"2021-04-21","'36295WMC8'","MBS","GNMA I MORTPASS 5% 02/39","30yr",,,,,"3132.2",,,,,,""
"2021-04-21","'36200NEQ0'","MBS","GNMA I MORTPASS 6% 02/34","30yr",,,,,"3111.39",,,,,,""
"2021-04-21","'3128L9DM2'","MBS","FHLMCGLD 5.5% 04/38","30yr",,,,,"3106.27",,,,,,""
"2021-04-21","'3620C6YD1'","MBS","GNMA I MORTPASS 4% 11/40","30yr",,,,,"3088.31",,,,,,""
"2021-04-21","'36202DXA4'","MBS","GNMA II 4.5% 04/33","30yr",,,,,"3078.87",,,,,,""
"2021-04-21","'36211EAC2'","MBS","GNMA I MORTPASS 5% 01/35","30yr",,,,,"3066.19",,,,,,""
"2021-04-21","'36296VZK7'","MBS","GNMA I MORTPASS 5% 09/38","30yr",,,,,"3057.56",,,,,,""
"2021-04-21","'3128MCDZ5'","MBS","FHLMCGLD 4.5% 04/24","15yr",,,,,"3018.57",,,,,,""
"2021-04-21","'3128P7JN4'","MBS","FHLMCGLD 6.5% 02/28","Other",,,,,"3012.81",,,,,,""
"2021-04-21","'36295FHX5'","MBS","GNMA I MORTPASS 6% 05/37","30yr",,,,,"2994.94",,,,,,""
"2021-04-21","'31371LHY8'","MBS","UMBS MORTPASS 5.5% 01/24","Other",,,,,"2987.77",,,,,,""
"2021-04-21","'36200NWZ0'","MBS","GNMA I MORTPASS 6% 12/34","30yr",,,,,"2987.43",,,,,,""
"2021-04-21","'31414EQB3'","MBS","UMBS MORTPASS 6% 06/38","30yr",,,,,"2984.8",,,,,,""
"2021-04-21","'3128PK7J7'","MBS","FHLMCGLD 5.5% 06/23","15yr",,,,,"2969.01",,,,,,""
"2021-04-21","'31416WZA3'","MBS","UMBS MORTPASS 3.5% 10/30","Other",,,,,"2965.72",,,,,,""
"2021-04-21","'3128P7KG7'","MBS","FHLMCGLD 5.5% 07/28","Other",,,,,"2951.55",,,,,,""
"2021-04-21","'36212UR78'","MBS","GNMA I MORTPASS 5% 02/36","30yr",,,,,"2945.98",,,,,,""
"2021-04-21","'31371LJM2'","MBS","UMBS MORTPASS 6% 01/24","Other",,,,,"2945.38",,,,,,""
"2021-04-21","'3620A6QV2'","MBS","GNMA I MORTPASS 5% 09/39","30yr",,,,,"2944.84",,,,,,""
"2021-04-21","'36200J3M0'","MBS","GNMA I 5.5% 05/37","30yr",,,,,"2943.31",,,,,,""
"2021-04-21","'36291BDT1'","MBS","GNMA I MORTPASS 5% 01/34","30yr",,,,,"2940.25",,,,,,""
"2021-04-21","'36225BP69'","MBS","GNMA I MORTPASS 6% 10/31","30yr",,,,,"2933.25",,,,,,""
"2021-04-21","'3128PLL42'","MBS","FHLMCGLD 5.5% 08/23","15yr",,,,,"2930.9",,,,,,""
"2021-04-21","'3128MMGM9'","MBS","FHLMCGLD 5% 09/22","15yr",,,,,"2930.72",,,,,,""
"2021-04-21","'36291RRH7'","MBS","GNMA I MORTPASS 5% 12/34","30yr",,,,,"2925.1",,,,,,""
"2021-04-21","'3128M7PN0'","MBS","FHLMCGLD 5% 07/39","30yr",,,,,"2924.86",,,,,,""
"2021-04-21","'36201YEV4'","MBS","GNMA I MORTPASS 5% 09/33","30yr",,,,,"2921.31",,,,,,""
"2021-04-21","'3140JKNN2'","MBS","UMBS MORTPASS 4% 03/49","30yr",,,,,"2912.47",,,,,,""
"2021-04-21","'3128MMLJ0'","MBS","FHLMCGLD 5% 10/24","15yr",,,,,"2878.69",,,,,,""
"2021-04-21","'36200MT78'","MBS","GNMA I 4.5% 08/33","30yr",,,,,"2872.66",,,,,,""
"2021-04-21","'36202EWB1'","MBS","GNMA II 4.5% 09/38","30yr",,,,,"2851.16",,,,,,""
"2021-04-21","'36295TTJ3'","MBS","GNMA I MORTPASS 5% 02/38","30yr",,,,,"2851.08",,,,,,""
"2021-04-21","'31416X5U0'","MBS","UMBS MORTPASS 3% 05/21","Other",,,,,"2839.37",,,,,,""
"2021-04-21","'3128PJT31'","MBS","FHLMCGLD 5.5% 01/23","15yr",,,,,"2838.84",,,,,,""
"2021-04-21","'31296MFZ7'","MBS","FHLMCGLD 5% 08/33","30yr",,,,,"2830.17",,,,,,""
"2021-04-21","'36201VVP4'","MBS","GNMA I MORTPASS 5% 07/33","30yr",,,,,"2830.07",,,,,,""
"2021-04-21","'3128MMFK4'","MBS","FHLMCGLD 5.5% 02/22","15yr",,,,,"2826.48",,,,,,""
"2021-04-21","'36292ETK6'","MBS","GNMA I MORTPASS 5% 08/35","30yr",,,,,"2825.7",,,,,,""
"2021-04-21","'36295WMD6'","MBS","GNMA I 5.5% 01/39","30yr",,,,,"2811.99",,,,,,""
"2021-04-21","'3128MDM91'","MBS","FHLMCGLD 3% 02/23","15yr",,,,,"2785.73",,,,,,""
"2021-04-21","'36201NU32'","MBS","GNMA I MORTPASS 5% 08/33","30yr",,,,,"2783.19",,,,,,""
"2021-04-21","'36225B3B2'","MBS","GNMA I MORTPASS 6% 12/31","30yr",,,,,"2775.52",,,,,,""
"2021-04-21","'36209PTJ6'","MBS","GNMA I MORTPASS 6% 06/28","30yr",,,,,"2754.18",,,,,,""
"2021-04-21","'31329K3C6'","MBS","UMBS MORTPASS 3% 12/25","15yr",,,,,"2750.34",,,,,,""
"2021-04-21","'3128PKSC9'","MBS","FHLMCGLD 5% 04/23","15yr",,,,,"2747.61",,,,,,""
"2021-04-21","'3140HJSZ5'","MBS","UMBS MORTPASS 3% 06/33","15yr",,,,,"2714.83",,,,,,""
"2021-04-21","'36294YNA8'","MBS","GNMA I 5.5% 01/37","30yr",,,,,"2713.6",,,,,,""
"2021-04-21","'31411UZU8'","MBS","UMBS MORTPASS 5% 04/22","15yr",,,,,"2699.79",,,,,,""
"2021-04-21","'31329MBQ2'","MBS","UMBS MORTPASS 2.5% 03/23","Other",,,,,"2699.18",,,,,,""
"2021-04-21","'36200ALP2'","MBS","GNMA I MORTPASS 5% 04/33","30yr",,,,,"2697.44",,,,,,""
"2021-04-21","'3128MMLC5'","MBS","FHLMCGLD 5% 09/24","15yr",,,,,"2694.78",,,,,,""
"2021-04-21","'31296REE4'","MBS","FHLMCGLD 4.5% 11/33","30yr",,,,,"2685.21",,,,,,""
"2021-04-21","'36295GY63'","MBS","GNMA I 5.5% 05/37","30yr",,,,,"2684.34",,,,,,""
"2021-04-21","'36296PMG3'","MBS","GNMA I 4.5% 02/39","30yr",,,,,"2683.27",,,,,,""
"2021-04-21","'3128P7AT0'","MBS","FHLMCGLD 5% 09/25","Other",,,,,"2677.09",,,,,,""
"2021-04-21","'3128PQK59'","MBS","FHLMCGLD 4.5% 11/24","15yr",,,,,"2674.17",,,,,,""
"2021-04-21","'31411KQP1'","MBS","UMBS MORTPASS 4.5% 01/22","15yr",,,,,"2674.1",,,,,,""
"2021-04-21","'36202SE95'","MBS","GNMA I 5.5% 03/33","30yr",,,,,"2670.59",,,,,,""
"2021-04-21","'3138M5ZB8'","MBS","UMBS MORTPASS 3% 08/27","15yr",,,,,"2659.46",,,,,,""
"2021-04-21","'31419GJM7'","MBS","UMBS MORTPASS 3.5% 09/25","15yr",,,,,"2645.26",,,,,,""
"2021-04-21","'36297C4Q9'","MBS","GNMA I MORTPASS 6% 02/39","30yr",,,,,"2624.29",,,,,,""
"2021-04-21","'3128Q0JD0'","MBS","FHLMCGLD 2.5% 06/22","15yr",,,,,"2622.23",,,,,,""
"2021-04-21","'36295WPS0'","MBS","GNMA I MORTPASS 5% 01/38","30yr",,,,,"2618.01",,,,,,""
"2021-04-21","'31414UG36'","MBS","UMBS MORTPASS 4.5% 03/23","15yr",,,,,"2606.17",,,,,,""
"2021-04-21","'36200MQ30'","MBS","GNMA I MORTPASS 5% 07/33","30yr",,,,,"2589.86",,,,,,""
"2021-04-21","'3620AGRS6'","MBS","GNMA I MORTPASS 4% 03/40","30yr",,,,,"2579.29",,,,,,""
"2021-04-21","'3128KHV45'","MBS","FHLMCGLD 5.5% 12/36","30yr",,,,,"2578.15",,,,,,""
"2021-04-21","'36290SWU1'","MBS","GNMA I MORTPASS 5% 04/34","30yr",,,,,"2577.65",,,,,,""
"2021-04-21","'36296VZR2'","MBS","GNMA I MORTPASS 5% 12/38","30yr",,,,,"2564.02",,,,,,""
"2021-04-21","'36202SXJ2'","MBS","GNMA I MORTPASS 5% 09/33","30yr",,,,,"2563.19",,,,,,""
"2021-04-21","'3131X67G9'","MBS","UMBS MORTPASS 3% 10/21","Other",,,,,"2558",,,,,,""
"2021-04-21","'3131X7JY5'","MBS","UMBS MORTPASS 3% 02/22","Other",,,,,"2549.75",,,,,,""
"2021-04-21","'3138XLJA1'","MBS","UMBS MORTPASS 3.5% 10/29","15yr",,,,,"2546.36",,,,,,""
"2021-04-21","'36295QXW5'","MBS","GNMA I 5.5% 12/37","30yr",,,,,"2545.22",,,,,,""
"2021-04-21","'36297ADC4'","MBS","GNMA I 5.5% 08/39","30yr",,,,,"2541.16",,,,,,""
"2021-04-21","'31406ELL6'","MBS","UMBS MORTPASS 5.5% 12/34","30yr",,,,,"2531.47",,,,,,""
"2021-04-21","'36290RYX5'","MBS","GNMA I MORTPASS 5% 09/33","30yr",,,,,"2528.12",,,,,,""
"2021-04-21","'3128PVMU1'","MBS","FHLMCGLD 3.5% 06/21","15yr",,,,,"2494.62",,,,,,""
"2021-04-21","'31410VY95'","MBS","UMBS MORTPASS 5% 02/22","15yr",,,,,"2494.19",,,,,,""
"2021-04-21","'36200NS51'","MBS","GNMA I MORTPASS 5% 06/34","30yr",,,,,"2472.06",,,,,,""
"2021-04-21","'31412PU25'","MBS","UMBS MORTPASS 4.5% 06/24","15yr",,,,,"2465.11",,,,,,""
"2021-04-21","'36211FE92'","MBS","GNMA I MORTPASS 5% 04/35","30yr",,,,,"2457",,,,,,""
"2021-04-21","'36201QR47'","MBS","GNMA I MORTPASS 5% 04/34","30yr",,,,,"2454",,,,,,""
"2021-04-21","'36213XH23'","MBS","GNMA I MORTPASS 6% 12/31","30yr",,,,,"2448.74",,,,,,""
"2021-04-21","'36295QBB5'","MBS","GNMA I MORTPASS 5% 04/38","30yr",,,,,"2436.07",,,,,,""
"2021-04-21","'36225A2B5'","MBS","GNMA I MORTPASS 6% 04/28","30yr",,,,,"2434.15",,,,,,""
"2021-04-21","'3128E4PX4'","MBS","FHLMCGLD 5% 03/28","Other",,,,,"2428.77",,,,,,""
"2021-04-21","'36296SVB8'","MBS","GNMA I MORTPASS 6% 12/38","30yr",,,,,"2422.26",,,,,,""
"2021-04-21","'36292GEG6'","MBS","GNMA I MORTPASS 5% 12/35","30yr",,,,,"2420.12",,,,,,""
"2021-04-21","'36292FC21'","MBS","GNMA I 4.5% 08/35","30yr",,,,,"2417.78",,,,,,""
"2021-04-21","'31416HGQ2'","MBS","UMBS MORTPASS 6.5% 02/39","30yr",,,,,"2416.74",,,,,,""
"2021-04-21","'36176HE42'","MBS","GNMA I MORTPASS 4% 06/41","30yr",,,,,"2414.78",,,,,,""
"2021-04-21","'36292JDK2'","MBS","GNMA I 5.5% 12/35","30yr",,,,,"2405.2",,,,,,""
"2021-04-21","'36201MYJ5'","MBS","GNMA I MORTPASS 5% 12/32","30yr",,,,,"2391.81",,,,,,""
"2021-04-21","'31417AWP0'","MBS","UMBS MORTPASS 2.5% 01/22","Other",,,,,"2388.77",,,,,,""
"2021-04-21","'3140E9HS8'","MBS","UMBS MORTPASS 4% 12/45","30yr",,,,,"2360.81",,,,,,""
"2021-04-21","'36291LG58'","MBS","GNMA I MORTPASS 5% 04/35","30yr",,,,,"2357.45",,,,,,""
"2021-04-21","'36294NBD9'","MBS","GNMA I 5.5% 03/38","30yr",,,,,"2357.14",,,,,,""
"2021-04-21","'36291WFZ9'","MBS","GNMA I MORTPASS 5% 03/35","30yr",,,,,"2355.87",,,,,,""
"2021-04-21","'31417M6W8'","MBS","UMBS MORTPASS 4.5% 10/24","15yr",,,,,"2341.36",,,,,,""
"2021-04-21","'3128PP2Y8'","MBS","FHLMCGLD 4.5% 09/24","15yr",,,,,"2335.26",,,,,,""
"2021-04-21","'36290X2E9'","MBS","GNMA I MORTPASS 5% 08/33","30yr",,,,,"2328.96",,,,,,""
"2021-04-21","'3128PKZM9'","MBS","FHLMCGLD 5% 05/23","15yr",,,,,"2328.06",,,,,,""
"2021-04-21","'36211EF29'","MBS","GNMA I 4.5% 02/35","30yr",,,,,"2326.38",,,,,,""
"2021-04-21","'36213RXQ5'","MBS","GNMA I MORTPASS 6% 08/34","30yr",,,,,"2326.38",,,,,,""
"2021-04-21","'31406XKD3'","MBS","UMBS MORTPASS 5% 03/35","30yr",,,,,"2309.11",,,,,,""
"2021-04-21","'36202EQY8'","MBS","GNMA II MORTPASS 5% 01/38","30yr",,,,,"2307.51",,,,,,""
"2021-04-21","'36294V6X3'","MBS","GNMA I 5.5% 01/37","30yr",,,,,"2303.25",,,,,,""
"2021-04-21","'36290V2W3'","MBS","GNMA I MORTPASS 5% 01/35","30yr",,,,,"2285.39",,,,,,""
"2021-04-21","'36294NBK3'","MBS","GNMA I MORTPASS 5% 04/38","30yr",,,,,"2283.68",,,,,,""
"2021-04-21","'31412TL35'","MBS","UMBS MORTPASS 6.5% 01/39","30yr",,,,,"2280.27",,,,,,""
"2021-04-21","'31412QVW6'","MBS","UMBS MORTPASS 4% 12/24","15yr",,,,,"2273.2",,,,,,""
"2021-04-21","'3131X66S4'","MBS","UMBS MORTPASS 3% 09/21","Other",,,,,"2271.71",,,,,,""
"2021-04-21","'3138X1VL7'","MBS","UMBS MORTPASS 3% 01/45","30yr",,,,,"2267.32",,,,,,""
"2021-04-21","'31410XX84'","MBS","UMBS MORTPASS 5% 12/21","15yr",,,,,"2260.6",,,,,,""
"2021-04-21","'36230SP40'","MBS","GNMA I MORTPASS 4% 12/40","30yr",,,,,"2243.18",,,,,,""
"2021-04-21","'3128M4FW8'","MBS","FHLMCGLD 5% 09/35","30yr",,,,,"2239.37",,,,,,""
"2021-04-21","'36295DLK3'","MBS","GNMA I 5.5% 03/37","30yr",,,,,"2239.36",,,,,,""
"2021-04-21","'3620A9LM1'","MBS","GNMA I MORTPASS 4% 06/42","30yr",,,,,"2238.76",,,,,,""
"2021-04-21","'36296AYA6'","MBS","GNMA I MORTPASS 5% 05/38","30yr",,,,,"2234.16",,,,,,""
"2021-04-21","'36209GRR0'","MBS","GNMA I MORTPASS 6% 12/31","30yr",,,,,"2226.43",,,,,,""
"2021-04-21","'3128KRWV2'","MBS","FHLMCGLD 5.5% 10/36","30yr",,,,,"2219.56",,,,,,""
"2021-04-21","'36207KHC7'","MBS","GNMA I MORTPASS 6% 12/28","30yr",,,,,"2210.23",,,,,,""
"2021-04-21","'31371MTC1'","MBS","UMBS MORTPASS 6% 05/26","Other",,,,,"2207.22",,,,,,""
"2021-04-21","'31417Y2D8'","MBS","UMBS MORTPASS 3.5% 06/21","Other",,,,,"2206.28",,,,,,""
"2021-04-21","'31371ME60'","MBS","UMBS MORTPASS 5.5% 08/25","Other",,,,,"2203.57",,,,,,""
"2021-04-21","'36295TTX2'","MBS","GNMA I 5.5% 03/38","30yr",,,,,"2200.26",,,,,,""
"2021-04-21","'3620AUG57'","MBS","GNMA I MORTPASS 4% 02/41","30yr",,,,,"2190.44",,,,,,""
"2021-04-21","'36200MV83'","MBS","GNMA I MORTPASS 5% 09/33","30yr",,,,,"2187.95",,,,,,""
"2021-04-21","'31414DUB0'","MBS","UMBS MORTPASS 6.5% 05/38","30yr",,,,,"2173.95",,,,,,""
"2021-04-21","'3128MB7H4'","MBS","FHLMCGLD 5.5% 12/23","15yr",,,,,"2168.56",,,,,,""
"2021-04-21","'36177T2V8'","MBS","GNMA I MORTPASS 4% 04/42","30yr",,,,,"2165.08",,,,,,""
"2021-04-21","'36290RVV2'","MBS","GNMA I MORTPASS 5% 08/33","30yr",,,,,"2164.85",,,,,,""
"2021-04-21","'36291ADH9'","MBS","GNMA I 4.5% 09/33","30yr",,,,,"2163.89",,,,,,""
"2021-04-21","'36200NEV9'","MBS","GNMA I MORTPASS 5% 02/34","30yr",,,,,"2151.16",,,,,,""
"2021-04-21","'31371MYG6'","MBS","UMBS MORTPASS 5.5% 09/26","Other",,,,,"2142.49",,,,,,""
"2021-04-21","'3131X8HW9'","MBS","UMBS MORTPASS 3% 12/22","Other",,,,,"2142.22",,,,,,""
"2021-04-21","'36200M7M9'","MBS","GNMA I MORTPASS 5% 01/34","30yr",,,,,"2128.23",,,,,,""
"2021-04-21","'36292LMP6'","MBS","GNMA I 5.5% 04/36","30yr",,,,,"2125",,,,,,""
"2021-04-21","'36296TDT7'","MBS","GNMA I 5.5% 03/39","30yr",,,,,"2121.28",,,,,,""
"2021-04-21","'3128MBKT3'","MBS","FHLMCGLD 5.5% 09/22","15yr",,,,,"2118",,,,,,""
"2021-04-21","'3128PXPN0'","MBS","FHLMCGLD 3% 01/22","15yr",,,,,"2105.53",,,,,,""
"2021-04-21","'31418SUT4'","MBS","UMBS MORTPASS 3.5% 10/25","15yr",,,,,"2099.75",,,,,,""
"2021-04-21","'31410RQU6'","MBS","UMBS MORTPASS 6.5% 10/36","30yr",,,,,"2093.3",,,,,,""
"2021-04-21","'31408CWW2'","MBS","UMBS MORTPASS 5% 11/35","30yr",,,,,"2088.24",,,,,,""
"2021-04-21","'3138AE2A0'","MBS","UMBS MORTPASS 4% 04/21","Other",,,,,"2085.49",,,,,,""
"2021-04-21","'36295H7G9'","MBS","GNMA I 5.5% 08/37","30yr",,,,,"2080.09",,,,,,""
"2021-04-21","'3132QQXD9'","MBS","FHLMCGLD 4.5% 06/45","30yr",,,,,"2079.73",,,,,,""
"2021-04-21","'3128MMHX4'","MBS","FHLMCGLD 4.5% 03/23","15yr",,,,,"2072.58",,,,,,""
"2021-04-21","'31416NVS8'","MBS","UMBS MORTPASS 4% 04/24","15yr",,,,,"2071.48",,,,,,""
"2021-04-21","'3620AYJG2'","MBS","GNMA I MORTPASS 4% 12/40","30yr",,,,,"2065.79",,,,,,""
"2021-04-21","'36212VSM2'","MBS","GNMA I MORTPASS 6% 09/34","30yr",,,,,"2064.61",,,,,,""
"2021-04-21","'31412MYL6'","MBS","UMBS MORTPASS 6.5% 06/38","30yr",,,,,"2058.61",,,,,,""
"2021-04-21","'3128PMKF6'","MBS","FHLMCGLD 5.5% 02/24","15yr",,,,,"2054.07",,,,,,""
"2021-04-21","'36292CAX2'","MBS","GNMA I 5.5% 07/35","30yr",,,,,"2054.02",,,,,,""
"2021-04-21","'31407GBD9'","MBS","UMBS MORTPASS 5% 08/35","30yr",,,,,"2036.63",,,,,,""
"2021-04-21","'31307QA98'","MBS","FHLMCGLD 3.5% 12/28","15yr",,,,,"2029.72",,,,,,""
"2021-04-21","'36212SZT6'","MBS","GNMA I MORTPASS 5% 06/35","30yr",,,,,"2022.96",,,,,,""
"2021-04-21","'36230MGD3'","MBS","GNMA I MORTPASS 4% 01/41","30yr",,,,,"2022.2",,,,,,""
"2021-04-21","'36292NLC2'","MBS","GNMA I MORTPASS 6% 04/36","30yr",,,,,"2021.84",,,,,,""
"2021-04-21","'36292CSN5'","MBS","GNMA I MORTPASS 5% 07/35","30yr",,,,,"2020.81",,,,,,""
"2021-04-21","'3138ASTF9'","MBS","UMBS MORTPASS 3% 09/26","15yr",,,,,"2014.06",,,,,,""
"2021-04-21","'36202TH82'","MBS","GNMA I MORTPASS 5% 05/33","30yr",,,,,"2013.23",,,,,,""
"2021-04-21","'3128KSJP8'","MBS","FHLMCGLD 5.5% 06/37","30yr",,,,,"2002.98",,,,,,""
"2021-04-21","'3128MBQ26'","MBS","FHLMCGLD 4.5% 12/22","15yr",,,,,"1991.61",,,,,,""
"2021-04-21","'36201XRG5'","MBS","GNMA I MORTPASS 5% 05/36","30yr",,,,,"1985.61",,,,,,""
"2021-04-21","'31412QH77'","MBS","UMBS MORTPASS 4.5% 08/24","15yr",,,,,"1976.68",,,,,,""
"2021-04-21","'36292KMG8'","MBS","GNMA I MORTPASS 5% 12/35","30yr",,,,,"1968.55",,,,,,""
"2021-04-21","'36294SEC7'","MBS","GNMA I 5.5% 10/36","30yr",,,,,"1965.31",,,,,,""
"2021-04-21","'36213MXE3'","MBS","GNMA I MORTPASS 5% 01/34","30yr",,,,,"1965.19",,,,,,""
"2021-04-21","'36209L3X2'","MBS","GNMA I MORTPASS 6% 09/28","30yr",,,,,"1954.7",,,,,,""
"2021-04-21","'36210BEF8'","MBS","GNMA I MORTPASS 5% 03/35","30yr",,,,,"1949.86",,,,,,""
"2021-04-21","'31418AAF5'","MBS","UMBS MORTPASS 3.5% 11/21","Other",,,,,"1945.64",,,,,,""
"2021-04-21","'36200TWR5'","MBS","GNMA I MORTPASS 5% 05/34","30yr",,,,,"1940.62",,,,,,""
"2021-04-21","'3128PEUJ5'","MBS","FHLMCGLD 5% 08/21","15yr",,,,,"1939.88",,,,,,""
"2021-04-21","'36292JC80'","MBS","GNMA I MORTPASS 5% 11/35","30yr",,,,,"1930.31",,,,,,""
"2021-04-21","'36290RFN8'","MBS","GNMA I MORTPASS 5% 12/33","30yr",,,,,"1917.53",,,,,,""
"2021-04-21","'31415BFP9'","MBS","UMBS MORTPASS 5% 05/23","15yr",,,,,"1914.21",,,,,,""
"2021-04-21","'36225BX37'","MBS","GNMA I MORTPASS 5% 05/33","30yr",,,,,"1912.54",,,,,,""
"2021-04-21","'3128MDHY2'","MBS","FHLMCGLD 3.5% 06/22","15yr",,,,,"1912.32",,,,,,""
"2021-04-21","'36291GY26'","MBS","GNMA I MORTPASS 5% 05/34","30yr",,,,,"1908.7",,,,,,""
"2021-04-21","'36296DRW0'","MBS","GNMA I 5.5% 06/38","30yr",,,,,"1898.61",,,,,,""
"2021-04-21","'36202EXR5'","MBS","GNMA II 4.5% 11/38","30yr",,,,,"1895.72",,,,,,""
"2021-04-21","'3128PH7M7'","MBS","FHLMCGLD 5.5% 11/22","15yr",,,,,"1893.11",,,,,,""
"2021-04-21","'31416HWL5'","MBS","UMBS MORTPASS 5.5% 12/38","30yr",,,,,"1891.88",,,,,,""
"2021-04-21","'3138E5EQ7'","MBS","UMBS MORTPASS 4.5% 01/42","30yr",,,,,"1891.46",,,,,,""
"2021-04-21","'36213JLN3'","MBS","GNMA I MORTPASS 6% 03/32","30yr",,,,,"1869.94",,,,,,""
"2021-04-21","'36294QEX5'","MBS","GNMA I 5.5% 12/36","30yr",,,,,"1865.8",,,,,,""
"2021-04-21","'36290S6X4'","MBS","GNMA I MORTPASS 5% 08/34","30yr",,,,,"1861.94",,,,,,""
"2021-04-21","'3128PQ4F5'","MBS","FHLMCGLD 4.5% 02/25","15yr",,,,,"1835.37",,,,,,""
"2021-04-21","'36200K7G6'","MBS","GNMA I MORTPASS 5% 02/33","30yr",,,,,"1827.53",,,,,,""
"2021-04-21","'36202D4M0'","MBS","GNMA II 4.5% 03/34","30yr",,,,,"1814.21",,,,,,""
"2021-04-21","'3128PGKA0'","MBS","FHLMCGLD 5.5% 05/22","15yr",,,,,"1801.72",,,,,,""
"2021-04-21","'3128MDCM3'","MBS","FHLMCGLD 4% 09/25","15yr",,,,,"1797.13",,,,,,""
"2021-04-21","'3128MMFQ1'","MBS","FHLMCGLD 4% 01/22","15yr",,,,,"1793.89",,,,,,""
"2021-04-21","'3128PLUZ3'","MBS","FHLMCGLD 5.5% 09/23","15yr",,,,,"1789.45",,,,,,""
"2021-04-21","'31412QRS0'","MBS","UMBS MORTPASS 4% 11/24","15yr",,,,,"1784.37",,,,,,""
"2021-04-21","'31413BPY1'","MBS","UMBS MORTPASS 6% 08/37","30yr",,,,,"1782.07",,,,,,""
"2021-04-21","'31415MDC6'","MBS","UMBS MORTPASS 5% 06/38","30yr",,,,,"1779.39",,,,,,""
"2021-04-21","'36291S6N5'","MBS","GNMA I MORTPASS 5% 11/34","30yr",,,,,"1777.15",,,,,,""
"2021-04-21","'31418AEW4'","MBS","UMBS MORTPASS 3.5% 04/22","Other",,,,,"1776.18",,,,,,""
"2021-04-21","'36208RZB3'","MBS","GNMA I MORTPASS 6% 11/28","30yr",,,,,"1774.26",,,,,,""
"2021-04-21","'36211D7L8'","MBS","GNMA I MORTPASS 5% 01/35","30yr",,,,,"1773.01",,,,,,""
"2021-04-21","'3132QTQ90'","MBS","FHLMCGLD 4% 10/45","30yr",,,,,"1770.91",,,,,,""
"2021-04-21","'3128PXXJ0'","MBS","FHLMCGLD 3% 02/22","15yr",,,,,"1770.6",,,,,,""
"2021-04-21","'3128MDPM9'","MBS","FHLMCGLD 3.5% 11/21","15yr",,,,,"1755.97",,,,,,""
"2021-04-21","'36292NHD5'","MBS","GNMA I MORTPASS 5% 03/36","30yr",,,,,"1755.32",,,,,,""
"2021-04-21","'31415RVF8'","MBS","UMBS MORTPASS 5% 07/23","15yr",,,,,"1747.22",,,,,,""
"2021-04-21","'3128PFVP7'","MBS","FHLMCGLD 5% 01/22","15yr",,,,,"1735.41",,,,,,""
"2021-04-21","'36291RRE4'","MBS","GNMA I MORTPASS 5% 12/34","30yr",,,,,"1730.11",,,,,,""
"2021-04-21","'36297AEU3'","MBS","GNMA I MORTPASS 4% 08/39","30yr",,,,,"1727.98",,,,,,""
"2021-04-21","'36230UE88'","MBS","GNMA I 3.5% 02/41","30yr",,,,,"1712.75",,,,,,""
"2021-04-21","'36209M5K6'","MBS","GNMA I MORTPASS 6% 01/29","30yr",,,,,"1707.25",,,,,,""
"2021-04-21","'3128PP6K4'","MBS","FHLMCGLD 4.5% 09/24","15yr",,,,,"1705.86",,,,,,""
"2021-04-21","'36296BJ52'","MBS","GNMA I 5.5% 04/38","30yr",,,,,"1704.08",,,,,,""
"2021-04-21","'3128PP4R1'","MBS","FHLMCGLD 4.5% 09/24","15yr",,,,,"1703.09",,,,,,""
"2021-04-21","'31402CTF9'","MBS","UMBS MORTPASS 5.5% 01/24","Other",,,,,"1687.94",,,,,,""
"2021-04-21","'36291QY65'","MBS","GNMA I MORTPASS 5% 05/36","30yr",,,,,"1677.84",,,,,,""
"2021-04-21","'36290XPW4'","MBS","GNMA I MORTPASS 5% 09/33","30yr",,,,,"1668.84",,,,,,""
"2021-04-21","'36291LKN4'","MBS","GNMA I MORTPASS 5% 08/35","30yr",,,,,"1661.34",,,,,,""
"2021-04-21","'3128PV3S7'","MBS","FHLMCGLD 3% 07/21","15yr",,,,,"1658.57",,,,,,""
"2021-04-21","'3128MBXH5'","MBS","FHLMCGLD 5.5% 06/23","15yr",,,,,"1653.35",,,,,,""
"2021-04-21","'36210HU83'","MBS","GNMA I MORTPASS 6% 11/28","30yr",,,,,"1640.95",,,,,,""
"2021-04-21","'3128PLPJ5'","MBS","FHLMCGLD 5.5% 08/23","15yr",,,,,"1640.75",,,,,,""
"2021-04-21","'36200NRJ2'","MBS","GNMA I MORTPASS 5% 04/34","30yr",,,,,"1638.55",,,,,,""
"2021-04-21","'31371MJP3'","MBS","UMBS MORTPASS 6% 10/25","Other",,,,,"1637.8",,,,,,""
"2021-04-21","'36294SPB7'","MBS","GNMA I MORTPASS 5% 02/37","30yr",,,,,"1635.07",,,,,,""
"2021-04-21","'36291YTA5'","MBS","GNMA I MORTPASS 5% 07/35","30yr",,,,,"1616.9",,,,,,""
"2021-04-21","'31416X2K5'","MBS","UMBS MORTPASS 4% 05/21","Other",,,,,"1614.46",,,,,,""
"2021-04-21","'31371NV85'","MBS","UMBS MORTPASS 5.5% 06/28","Other",,,,,"1613.4",,,,,,""
"2021-04-21","'36225BHZ4'","MBS","GNMA I MORTPASS 6% 07/29","30yr",,,,,"1611.57",,,,,,""
"2021-04-21","'36202DYZ8'","MBS","GNMA II MORTPASS 5% 08/33","30yr",,,,,"1604.91",,,,,,""
"2021-04-21","'3128PQQD6'","MBS","FHLMCGLD 5% 12/24","15yr",,,,,"1604.05",,,,,,""
"2021-04-21","'31371MDN4'","MBS","UMBS MORTPASS 5.5% 07/25","Other",,,,,"1602.83",,,,,,""
"2021-04-21","'36297HN87'","MBS","GNMA I MORTPASS 5% 05/39","30yr",,,,,"1602.15",,,,,,""
"2021-04-21","'36291QGP3'","MBS","GNMA I MORTPASS 5% 08/35","30yr",,,,,"1593.1",,,,,,""
"2021-04-21","'36290TF46'","MBS","GNMA I MORTPASS 5% 12/34","30yr",,,,,"1586.13",,,,,,""
"2021-04-21","'3128PJRB5'","MBS","FHLMCGLD 4% 01/23","15yr",,,,,"1584",,,,,,""
"2021-04-21","'31412TLF8'","MBS","UMBS MORTPASS 6.5% 12/38","30yr",,,,,"1574.73",,,,,,""
"2021-04-21","'31413EYE9'","MBS","UMBS MORTPASS 4.5% 08/37","30yr",,,,,"1572.1",,,,,,""
"2021-04-21","'3128MMJK0'","MBS","FHLMCGLD 5.5% 07/23","15yr",,,,,"1557.25",,,,,,""
"2021-04-21","'36200NSP7'","MBS","GNMA I MORTPASS 5% 05/34","30yr",,,,,"1554.99",,,,,,""
"2021-04-21","'36201QRG0'","MBS","GNMA I MORTPASS 5% 07/33","30yr",,,,,"1550.87",,,,,,""
"2021-04-21","'36202ELU1'","MBS","GNMA II MORTPASS 5% 01/37","30yr",,,,,"1542.27",,,,,,""
"2021-04-21","'36212TA53'","MBS","GNMA I MORTPASS 5% 06/35","30yr",,,,,"1537.37",,,,,,""
"2021-04-21","'36295VW70'","MBS","GNMA I 5.5% 03/38","30yr",,,,,"1526.82",,,,,,""
"2021-04-21","'31414DZQ2'","MBS","UMBS MORTPASS 5% 06/23","15yr",,,,,"1525.14",,,,,,""
"2021-04-21","'36291AD30'","MBS","GNMA I MORTPASS 5% 10/33","30yr",,,,,"1524.59",,,,,,""
"2021-04-21","'31413TTQ5'","MBS","UMBS MORTPASS 5% 11/22","15yr",,,,,"1512.64",,,,,,""
"2021-04-21","'3128P7DU4'","MBS","FHLMCGLD 5% 12/26","Other",,,,,"1496.04",,,,,,""
"2021-04-21","'36290R5Q2'","MBS","GNMA I MORTPASS 5% 10/33","30yr",,,,,"1494.34",,,,,,""
"2021-04-21","'36202D2S9'","MBS","GNMA II MORTPASS 4% 11/33","30yr",,,,,"1492.97",,,,,,""
"2021-04-21","'36297DJ99'","MBS","GNMA I 5.5% 04/39","30yr",,,,,"1488.24",,,,,,""
"2021-04-21","'36291X4T3'","MBS","GNMA I 4.5% 09/35","30yr",,,,,"1473.16",,,,,,""
"2021-04-21","'31371K2W0'","MBS","UMBS MORTPASS 6% 03/23","Other",,,,,"1472.03",,,,,,""
"2021-04-21","'36202UCP6'","MBS","GNMA I MORTPASS 5% 09/33","30yr",,,,,"1469.08",,,,,,""
"2021-04-21","'36213RTC1'","MBS","GNMA I MORTPASS 5% 12/33","30yr",,,,,"1465.66",,,,,,""
"2021-04-21","'36295VSW0'","MBS","GNMA I 5.5% 02/38","30yr",,,,,"1459.94",,,,,,""
"2021-04-21","'3128MCWR2'","MBS","FHLMCGLD 4% 08/25","15yr",,,,,"1457.18",,,,,,""
"2021-04-21","'36291AJP5'","MBS","GNMA I MORTPASS 5% 03/35","30yr",,,,,"1456.29",,,,,,""
"2021-04-21","'3128MBLQ8'","MBS","FHLMCGLD 5.5% 11/22","15yr",,,,,"1456.07",,,,,,""
"2021-04-21","'3140HPVQ7'","MBS","UMBS MORTPASS 3.5% 10/48","30yr",,,,,"1455.63",,,,,,""
"2021-04-21","'31380MK88'","MBS","UMBS MORTPASS 6% 12/28","30yr",,,,,"1452.66",,,,,,""
"2021-04-21","'36297EB95'","MBS","GNMA I 5.5% 08/39","30yr",,,,,"1437.79",,,,,,""
"2021-04-21","'36291AJX8'","MBS","GNMA I MORTPASS 5% 04/35","30yr",,,,,"1436.38",,,,,,""
"2021-04-21","'31407BUA5'","MBS","UMBS MORTPASS 5% 07/35","30yr",,,,,"1427",,,,,,""
"2021-04-21","'31412TXS7'","MBS","UMBS MORTPASS 6.5% 10/38","30yr",,,,,"1418.19",,,,,,""
"2021-04-21","'312927H74'","MBS","FHLMCGLD 6.5% 08/38","30yr",,,,,"1394.27",,,,,,""
"2021-04-21","'36210LZM8'","MBS","GNMA I MORTPASS 6% 01/29","30yr",,,,,"1392.74",,,,,,""
"2021-04-21","'31414QJF5'","MBS","UMBS MORTPASS 6% 03/38","30yr",,,,,"1388.08",,,,,,""
"2021-04-21","'31371LJU4'","MBS","UMBS MORTPASS 5.5% 02/24","Other",,,,,"1387.23",,,,,,""
"2021-04-21","'36296MS90'","MBS","GNMA I MORTPASS 6% 09/38","30yr",,,,,"1368.26",,,,,,""
"2021-04-21","'3128PJFY8'","MBS","FHLMCGLD 5% 11/22","15yr",,,,,"1368.06",,,,,,""
"2021-04-21","'3128MBF77'","MBS","FHLMCGLD 4.5% 06/22","15yr",,,,,"1356.93",,,,,,""
"2021-04-21","'31417NCL3'","MBS","UMBS MORTPASS 4.5% 10/24","15yr",,,,,"1356.14",,,,,,""
"2021-04-21","'36297ECQ6'","MBS","GNMA I 5.5% 09/39","30yr",,,,,"1355.76",,,,,,""
"2021-04-21","'31412TFZ1'","MBS","UMBS MORTPASS 6.5% 06/38","30yr",,,,,"1354.8",,,,,,""
"2021-04-21","'3620C6LQ6'","MBS","GNMA I MORTPASS 4% 10/40","30yr",,,,,"1347.05",,,,,,""
"2021-04-21","'3128MMK69'","MBS","FHLMCGLD 4% 07/24","15yr",,,,,"1340.96",,,,,,""
"2021-04-21","'36295HR77'","MBS","GNMA I 5.5% 08/37","30yr",,,,,"1338.03",,,,,,""
"2021-04-21","'3140J6BY2'","MBS","UMBS MORTPASS 3.5% 08/22","Other",,,,,"1317.71",,,,,,""
"2021-04-21","'36297AA94'","MBS","GNMA I MORTPASS 5% 01/39","30yr",,,,,"1307.11",,,,,,""
"2021-04-21","'31415RYB4'","MBS","UMBS MORTPASS 6.5% 07/38","30yr",,,,,"1282.99",,,,,,""
"2021-04-21","'31419JMT2'","MBS","UMBS MORTPASS 3.5% 11/25","15yr",,,,,"1268.6",,,,,,""
"2021-04-21","'3128PKQA5'","MBS","FHLMCGLD 5% 04/23","15yr",,,,,"1263.84",,,,,,""
"2021-04-21","'3128MC3Z6'","MBS","FHLMCGLD 3.5% 07/21","15yr",,,,,"1263.42",,,,,,""
"2021-04-21","'36291HTN4'","MBS","GNMA I MORTPASS 5% 03/34","30yr",,,,,"1258.31",,,,,,""
"2021-04-21","'31405XCQ4'","MBS","UMBS MORTPASS 5% 11/34","30yr",,,,,"1257.41",,,,,,""
"2021-04-21","'36291XWC9'","MBS","GNMA I MORTPASS 5% 03/35","30yr",,,,,"1252.35",,,,,,""
"2021-04-21","'36292DC26'","MBS","GNMA I MORTPASS 5% 10/35","30yr",,,,,"1246.41",,,,,,""
"2021-04-21","'36200JAK6'","MBS","GNMA I MORTPASS 5% 03/33","30yr",,,,,"1242.94",,,,,,""
"2021-04-21","'36202EAH2'","MBS","GNMA II 4.5% 08/34","30yr",,,,,"1241.07",,,,,,""
"2021-04-21","'36200N6H9'","MBS","GNMA I 4.5% 11/34","30yr",,,,,"1232.34",,,,,,""
"2021-04-21","'36295DX87'","MBS","GNMA I 5.5% 05/37","30yr",,,,,"1227.17",,,,,,""
"2021-04-21","'36290N5N8'","MBS","GNMA I 4.5% 08/33","30yr",,,,,"1226.65",,,,,,""
"2021-04-21","'3138ERVW7'","MBS","UMBS MORTPASS 3.5% 02/24","Other",,,,,"1220.17",,,,,,""
"2021-04-21","'36292DZG0'","MBS","GNMA I MORTPASS 5% 09/35","30yr",,,,,"1218.17",,,,,,""
"2021-04-21","'3131X5Y55'","MBS","UMBS MORTPASS 3.5% 09/25","15yr",,,,,"1212.08",,,,,,""
"2021-04-21","'3138YEKY2'","MBS","UMBS MORTPASS 4.5% 01/45","30yr",,,,,"1212.06",,,,,,""
"2021-04-21","'31413MF77'","MBS","UMBS MORTPASS 5% 08/22","15yr",,,,,"1210.76",,,,,,""
"2021-04-21","'36290R7M9'","MBS","GNMA I MORTPASS 5% 10/33","30yr",,,,,"1209.32",,,,,,""
"2021-04-21","'36296VWG9'","MBS","GNMA I 5.5% 12/38","30yr",,,,,"1206.96",,,,,,""
"2021-04-21","'31412XVK7'","MBS","UMBS MORTPASS 4% 07/22","15yr",,,,,"1203.91",,,,,,""
"2021-04-21","'3128PJST5'","MBS","FHLMCGLD 4% 01/23","15yr",,,,,"1203.63",,,,,,""
"2021-04-21","'36210ARS8'","MBS","GNMA I MORTPASS 6% 10/28","30yr",,,,,"1200.36",,,,,,""
"2021-04-21","'36290N4D1'","MBS","GNMA I MORTPASS 5% 07/33","30yr",,,,,"1197.64",,,,,,""
"2021-04-21","'36297C3F4'","MBS","GNMA I MORTPASS 5% 02/39","30yr",,,,,"1193.47",,,,,,""
"2021-04-21","'31382TEM7'","MBS","UMBS MORTPASS 6% 04/29","30yr",,,,,"1183.64",,,,,,""
"2021-04-21","'36291LKT1'","MBS","GNMA I MORTPASS 5% 09/35","30yr",,,,,"1176.41",,,,,,""
"2021-04-21","'36296AJT2'","MBS","GNMA I 5.5% 04/38","30yr",,,,,"1174.26",,,,,,""
"2021-04-21","'3620C1VJ2'","MBS","GNMA I 3.5% 10/41","30yr",,,,,"1173.42",,,,,,""
"2021-04-21","'36295H6K1'","MBS","GNMA I 5.5% 08/37","30yr",,,,,"1168.99",,,,,,""
"2021-04-21","'3128PK6K5'","MBS","FHLMCGLD 5.5% 06/23","15yr",,,,,"1167.55",,,,,,""
"2021-04-21","'31306YAJ0'","MBS","FHLMCGLD 3.5% 10/22","15yr",,,,,"1167.43",,,,,,""
"2021-04-21","'3128MCGG4'","MBS","FHLMCGLD 4% 06/24","15yr",,,,,"1151.28",,,,,,""
"2021-04-21","'3128LDSY1'","MBS","FHLMCGLD 6% 07/38","30yr",,,,,"1146.08",,,,,,""
"2021-04-21","'36200KFE2'","MBS","GNMA I MORTPASS 5% 05/34","30yr",,,,,"1132.2",,,,,,""
"2021-04-21","'36203PAT0'","MBS","GNMA I MORTPASS 6% 01/24","30yr",,,,,"1128.28",,,,,,""
"2021-04-21","'3128MFHG6'","MBS","FHLMCGLD 4% 12/28","15yr",,,,,"1127.23",,,,,,""
"2021-04-21","'3128PVBF6'","MBS","FHLMCGLD 3% 05/21","15yr",,,,,"1116.39",,,,,,""
"2021-04-21","'36292ETJ9'","MBS","GNMA I 5.5% 08/35","30yr",,,,,"1116.3",,,,,,""
"2021-04-21","'36291XAX7'","MBS","GNMA I MORTPASS 5% 05/35","30yr",,,,,"1109.48",,,,,,""
"2021-04-21","'36296MGH5'","MBS","GNMA I 4.5% 04/39","30yr",,,,,"1100.33",,,,,,""
"2021-04-21","'3128PWEP9'","MBS","FHLMCGLD 3% 08/21","15yr",,,,,"1094.27",,,,,,""
"2021-04-21","'31388ARS5'","MBS","UMBS MORTPASS 6% 12/31","30yr",,,,,"1084.53",,,,,,""
"2021-04-21","'31329KA53'","MBS","UMBS MORTPASS 4.5% 04/24","Other",,,,,"1084.36",,,,,,""
"2021-04-21","'36291GX84'","MBS","GNMA I MORTPASS 5% 05/34","30yr",,,,,"1078.59",,,,,,""
"2021-04-21","'36290RXT5'","MBS","GNMA I 4.5% 08/33","30yr",,,,,"1071.17",,,,,,""
"2021-04-21","'36292ERH5'","MBS","GNMA I MORTPASS 5% 07/35","30yr",,,,,"1063.87",,,,,,""
"2021-04-21","'31335HRT2'","MBS","FHLMCGLD 5.5% 11/21","Other",,,,,"1062.88",,,,,,""
"2021-04-21","'31406PGD5'","MBS","UMBS MORTPASS 5% 03/35","30yr",,,,,"1047.49",,,,,,""
"2021-04-21","'31415CMY0'","MBS","UMBS MORTPASS 4.5% 05/23","15yr",,,,,"1041.34",,,,,,""
"2021-04-21","'3128PVD72'","MBS","FHLMCGLD 4% 05/21","15yr",,,,,"1039.01",,,,,,""
"2021-04-21","'3128LDSZ8'","MBS","FHLMCGLD 6% 07/38","30yr",,,,,"1036.29",,,,,,""
"2021-04-21","'3128L1V64'","MBS","FHLMCGLD 6% 12/37","30yr",,,,,"1034.8",,,,,,""
"2021-04-21","'3128MBWE3'","MBS","FHLMCGLD 5.5% 04/23","15yr",,,,,"1034.31",,,,,,""
"2021-04-21","'36295W7A9'","MBS","GNMA I MORTPASS 6% 01/38","30yr",,,,,"1029.85",,,,,,""
"2021-04-21","'36296FMF7'","MBS","GNMA I MORTPASS 6% 09/38","30yr",,,,,"1027.33",,,,,,""
"2021-04-21","'3128PKPT5'","MBS","FHLMCGLD 5% 04/23","15yr",,,,,"1025.99",,,,,,""
"2021-04-21","'31418ADG0'","MBS","UMBS MORTPASS 4% 02/22","Other",,,,,"1021.95",,,,,,""
"2021-04-21","'36291CNX9'","MBS","GNMA I MORTPASS 5% 01/34","30yr",,,,,"1016.45",,,,,,""
"2021-04-21","'31412TT86'","MBS","UMBS MORTPASS 4% 08/23","15yr",,,,,"1013.13",,,,,,""
"2021-04-21","'31371K2X8'","MBS","UMBS MORTPASS 5.5% 04/23","Other",,,,,"1006.75",,,,,,""
"2021-04-21","'3128PPL50'","MBS","FHLMCGLD 4.5% 07/24","15yr",,,,,"997.73",,,,,,""
"2021-04-21","'3128MBQ75'","MBS","FHLMCGLD 5.5% 12/22","15yr",,,,,"984.01",,,,,,""
"2021-04-21","'36290NAN2'","MBS","GNMA I MORTPASS 5% 07/33","30yr",,,,,"979.56",,,,,,""
"2021-04-21","'36291GXL5'","MBS","GNMA I MORTPASS 5% 05/34","30yr",,,,,"967.98",,,,,,""
"2021-04-21","'36295WLF2'","MBS","GNMA I MORTPASS 5% 07/38","30yr",,,,,"967.8",,,,,,""
"2021-04-21","'3128PGBS1'","MBS","FHLMCGLD 4.5% 03/22","15yr",,,,,"945.28",,,,,,""
"2021-04-21","'3128MCAX3'","MBS","FHLMCGLD 5.5% 08/23","15yr",,,,,"943.72",,,,,,""
"2021-04-21","'3128PMJV3'","MBS","FHLMCGLD 4.5% 02/24","15yr",,,,,"935.62",,,,,,""
"2021-04-21","'36291FG44'","MBS","GNMA I MORTPASS 5% 02/35","30yr",,,,,"929.97",,,,,,""
"2021-04-21","'36291GYC4'","MBS","GNMA I MORTPASS 5% 05/34","30yr",,,,,"928.78",,,,,,""
"2021-04-21","'36291TSY5'","MBS","GNMA I MORTPASS 5% 02/35","30yr",,,,,"926.95",,,,,,""
"2021-04-21","'36213U3W8'","MBS","GNMA I 5.5% 08/37","30yr",,,,,"926.88",,,,,,""
"2021-04-21","'3128P7DN0'","MBS","FHLMCGLD 5% 11/26","Other",,,,,"923.15",,,,,,""
"2021-04-21","'3128MBVK0'","MBS","FHLMCGLD 4.5% 04/23","15yr",,,,,"921.21",,,,,,""
"2021-04-21","'36295YZF3'","MBS","GNMA I 5.5% 04/38","30yr",,,,,"915.4",,,,,,""
"2021-04-21","'3128PMPP9'","MBS","FHLMCGLD 4.5% 03/24","15yr",,,,,"915.27",,,,,,""
"2021-04-21","'3128MCB46'","MBS","FHLMCGLD 5.5% 07/22","15yr",,,,,"908.93",,,,,,""
"2021-04-21","'31406UKJ6'","MBS","UMBS MORTPASS 5% 08/35","30yr",,,,,"896.26",,,,,,""
"2021-04-21","'31402JYY7'","MBS","UMBS MORTPASS 5% 08/33","30yr",,,,,"893.98",,,,,,""
"2021-04-21","'36290XHP8'","MBS","GNMA I MORTPASS 5% 08/33","30yr",,,,,"892.29",,,,,,""
"2021-04-21","'36200CBR5'","MBS","GNMA I 5.5% 01/33","30yr",,,,,"882.43",,,,,,""
"2021-04-21","'31405SFJ8'","MBS","UMBS MORTPASS 5% 10/35","30yr",,,,,"874.94",,,,,,""
"2021-04-21","'36200NJ69'","MBS","GNMA I MORTPASS 5% 04/34","30yr",,,,,"861.93",,,,,,""
"2021-04-21","'36202EQK8'","MBS","GNMA II MORTPASS 5% 12/37","30yr",,,,,"861.86",,,,,,""
"2021-04-21","'31416LPQ3'","MBS","UMBS MORTPASS 5.5% 02/39","30yr",,,,,"861.44",,,,,,""
"2021-04-21","'36201VMH2'","MBS","GNMA I MORTPASS 5% 08/33","30yr",,,,,"860.22",,,,,,""
"2021-04-21","'3128PPLM3'","MBS","FHLMCGLD 4.5% 07/24","15yr",,,,,"859.17",,,,,,""
"2021-04-21","'31417YB48'","MBS","UMBS MORTPASS 5.5% 04/29","Other",,,,,"850.73",,,,,,""
"2021-04-21","'36176HF33'","MBS","GNMA I MORTPASS 4% 07/41","30yr",,,,,"850.33",,,,,,""
"2021-04-21","'36292ECH1'","MBS","GNMA I MORTPASS 6% 01/38","30yr",,,,,"848.57",,,,,,""
"2021-04-21","'3620ABFH4'","MBS","GNMA I MORTPASS 4% 09/41","30yr",,,,,"840.94",,,,,,""
"2021-04-21","'36202DUS8'","MBS","GNMA II 4.5% 07/32","30yr",,,,,"837.22",,,,,,""
"2021-04-21","'31411RFF0'","MBS","UMBS MORTPASS 5.5% 02/37","30yr",,,,,"837.09",,,,,,""
"2021-04-21","'36295GN65'","MBS","GNMA I MORTPASS 6% 07/37","30yr",,,,,"834.63",,,,,,""
"2021-04-21","'3128MBHN0'","MBS","FHLMCGLD 5.5% 08/22","15yr",,,,,"832.35",,,,,,""
"2021-04-21","'36207YA42'","MBS","GNMA I 5.5% 02/33","30yr",,,,,"822.4",,,,,,""
"2021-04-21","'36291FXN3'","MBS","GNMA I MORTPASS 5% 04/34","30yr",,,,,"816.75",,,,,,""
"2021-04-21","'3128PFUT0'","MBS","FHLMCGLD 5.5% 01/22","15yr",,,,,"812.49",,,,,,""
"2021-04-21","'36295YVL4'","MBS","GNMA I 5.5% 03/38","30yr",,,,,"812.4",,,,,,""
"2021-04-21","'3128PFGA7'","MBS","FHLMCGLD 5.5% 11/21","15yr",,,,,"811.88",,,,,,""
"2021-04-21","'31414JEW9'","MBS","UMBS MORTPASS 4.5% 12/22","15yr",,,,,"803.42",,,,,,""
"2021-04-21","'36200NAC5'","MBS","GNMA I 5.5% 01/34","30yr",,,,,"800.02",,,,,,""
"2021-04-21","'36200AE39'","MBS","GNMA I 5.5% 11/32","30yr",,,,,"798.31",,,,,,""
"2021-04-21","'36296QPP8'","MBS","GNMA I 5.5% 01/39","30yr",,,,,"785.34",,,,,,""
"2021-04-21","'31371MQE0'","MBS","UMBS MORTPASS 5.5% 03/26","Other",,,,,"783.71",,,,,,""
"2021-04-21","'3128MBMP9'","MBS","FHLMCGLD 4.5% 10/22","15yr",,,,,"783.1",,,,,,""
"2021-04-21","'3128MB4Y0'","MBS","FHLMCGLD 5.5% 12/23","15yr",,,,,"780.53",,,,,,""
"2021-04-21","'31417Y2E6'","MBS","UMBS MORTPASS 4% 06/21","Other",,,,,"778.56",,,,,,""
"2021-04-21","'36291DYR8'","MBS","GNMA I 5.5% 10/35","30yr",,,,,"775.79",,,,,,""
"2021-04-21","'36202EM97'","MBS","GNMA II MORTPASS 5% 05/37","30yr",,,,,"773.75",,,,,,""
"2021-04-21","'31415CAN7'","MBS","UMBS MORTPASS 5% 06/23","15yr",,,,,"773.45",,,,,,""
"2021-04-21","'3128PY2L7'","MBS","FHLMCGLD 2.5% 04/22","15yr",,,,,"769.18",,,,,,""
"2021-04-21","'36290T4W6'","MBS","GNMA I MORTPASS 5% 03/37","30yr",,,,,"768.88",,,,,,""
"2021-04-21","'31410VYZ7'","MBS","UMBS MORTPASS 4.5% 01/22","15yr",,,,,"764.33",,,,,,""
"2021-04-21","'3128MBDN4'","MBS","FHLMCGLD 5.5% 04/22","15yr",,,,,"760.17",,,,,,""
"2021-04-21","'36201P6R1'","MBS","GNMA I 5.5% 11/32","30yr",,,,,"758.87",,,,,,""
"2021-04-21","'36295FJQ8'","MBS","GNMA I 5.5% 06/37","30yr",,,,,"757.33",,,,,,""
"2021-04-21","'31298HT65'","MBS","FHLMCGLD 6% 03/31","30yr",,,,,"755.51",,,,,,""
"2021-04-21","'36200KT49'","MBS","GNMA I MORTPASS 5% 05/33","30yr",,,,,"746.36",,,,,,""
"2021-04-21","'36200MTF0'","MBS","GNMA I MORTPASS 5% 08/33","30yr",,,,,"731.04",,,,,,""
"2021-04-21","'31415Q2A3'","MBS","UMBS MORTPASS 5% 08/23","15yr",,,,,"730.81",,,,,,""
"2021-04-21","'3128PWGJ1'","MBS","FHLMCGLD 3.5% 09/21","15yr",,,,,"728.29",,,,,,""
"2021-04-21","'3620AVMP4'","MBS","GNMA I MORTPASS 4% 10/40","30yr",,,,,"719.92",,,,,,""
"2021-04-21","'3128PF7K5'","MBS","FHLMCGLD 5.5% 03/22","15yr",,,,,"709.23",,,,,,""
"2021-04-21","'31371LSJ9'","MBS","UMBS MORTPASS 5.5% 07/24","Other",,,,,"705.03",,,,,,""
"2021-04-21","'3128PL5W8'","MBS","FHLMCGLD 5.5% 11/23","15yr",,,,,"693.7",,,,,,""
"2021-04-21","'3128PGZM8'","MBS","FHLMCGLD 5.5% 07/22","15yr",,,,,"681.27",,,,,,""
"2021-04-21","'36295NBV8'","MBS","GNMA I 5.5% 02/38","30yr",,,,,"680.84",,,,,,""
"2021-04-21","'31287RXR5'","MBS","FHLMCGLD 6.5% 04/32","30yr",,,,,"676.73",,,,,,""
"2021-04-21","'36295UCZ2'","MBS","GNMA I 5.5% 12/37","30yr",,,,,"673.26",,,,,,""
"2021-04-21","'31414MVY9'","MBS","UMBS MORTPASS 5% 10/23","15yr",,,,,"671.16",,,,,,""
"2021-04-21","'36296VE20'","MBS","GNMA I MORTPASS 6% 12/38","30yr",,,,,"664.85",,,,,,""
"2021-04-21","'36291F2V9'","MBS","GNMA I MORTPASS 5% 05/34","30yr",,,,,"657.35",,,,,,""
"2021-04-21","'3138APZM3'","MBS","UMBS MORTPASS 4% 08/41","30yr",,,,,"656",,,,,,""
"2021-04-21","'31408JFL0'","MBS","UMBS MORTPASS 6.5% 01/36","30yr",,,,,"654.65",,,,,,""
"2021-04-21","'36294YPC2'","MBS","GNMA I MORTPASS 6% 02/37","30yr",,,,,"653.57",,,,,,""
"2021-04-21","'36295HKU3'","MBS","GNMA I MORTPASS 6% 07/37","30yr",,,,,"652.57",,,,,,""
"2021-04-21","'31414PTQ2'","MBS","UMBS MORTPASS 5% 03/23","15yr",,,,,"650.54",,,,,,""
"2021-04-21","'31414M6M3'","MBS","UMBS MORTPASS 5% 11/23","15yr",,,,,"650.19",,,,,,""
"2021-04-21","'31412TAX1'","MBS","UMBS MORTPASS 6.5% 05/38","30yr",,,,,"649.03",,,,,,""
"2021-04-21","'36297AZ30'","MBS","GNMA I MORTPASS 6% 12/38","30yr",,,,,"644.42",,,,,,""
"2021-04-21","'3128MBUA3'","MBS","FHLMCGLD 5.5% 04/23","15yr",,,,,"642.51",,,,,,""
"2021-04-21","'36296RHC4'","MBS","GNMA I MORTPASS 5% 12/38","30yr",,,,,"639.97",,,,,,""
"2021-04-21","'36212XJH9'","MBS","GNMA I MORTPASS 4% 04/40","30yr",,,,,"637.41",,,,,,""
"2021-04-21","'31413CXW4'","MBS","UMBS MORTPASS 5% 08/22","15yr",,,,,"630.49",,,,,,""
"2021-04-21","'36296WCD6'","MBS","GNMA I MORTPASS 6% 11/38","30yr",,,,,"622.64",,,,,,""
"2021-04-21","'36291FJR0'","MBS","GNMA I MORTPASS 6% 04/35","30yr",,,,,"613.65",,,,,,""
"2021-04-21","'36291RQS4'","MBS","GNMA I MORTPASS 5% 11/34","30yr",,,,,"613.55",,,,,,""
"2021-04-21","'31335H6N8'","MBS","FHLMCGLD 5.5% 01/25","Other",,,,,"611.46",,,,,,""
"2021-04-21","'36213ESA5'","MBS","GNMA I MORTPASS 6% 01/32","30yr",,,,,"609.88",,,,,,""
"2021-04-21","'36202EZF9'","MBS","GNMA II MORTPASS 5% 01/39","30yr",,,,,"608.51",,,,,,""
"2021-04-21","'31380XGZ9'","MBS","UMBS MORTPASS 6% 12/28","30yr",,,,,"599.59",,,,,,""
"2021-04-21","'31414DU53'","MBS","UMBS MORTPASS 4% 05/23","15yr",,,,,"599.47",,,,,,""
"2021-04-21","'36296SSV8'","MBS","GNMA I MORTPASS 6% 01/39","30yr",,,,,"584.81",,,,,,""
"2021-04-21","'3128MBCT2'","MBS","FHLMCGLD 5.5% 02/22","15yr",,,,,"584.49",,,,,,""
"2021-04-21","'31371NEY7'","MBS","UMBS MORTPASS 5.5% 06/27","Other",,,,,"582.59",,,,,,""
"2021-04-21","'3128PPU27'","MBS","FHLMCGLD 4.5% 08/24","15yr",,,,,"579.64",,,,,,""
"2021-04-21","'3128P7DC4'","MBS","FHLMCGLD 5.5% 11/26","Other",,,,,"577.95",,,,,,""
"2021-04-21","'31416X2L3'","MBS","UMBS MORTPASS 4% 05/21","Other",,,,,"572.54",,,,,,""
"2021-04-21","'36291GVZ6'","MBS","GNMA I MORTPASS 5% 03/34","30yr",,,,,"570.23",,,,,,""
"2021-04-21","'36200WJE2'","MBS","GNMA I MORTPASS 5% 04/34","30yr",,,,,"570.12",,,,,,""
"2021-04-21","'31400QF40'","MBS","UMBS MORTPASS 5.5% 03/23","Other",,,,,"549.06",,,,,,""
"2021-04-21","'31335HUE1'","MBS","FHLMCGLD 5.5% 08/22","Other",,,,,"548.87",,,,,,""
"2021-04-21","'3128MMKC6'","MBS","FHLMCGLD 4.5% 11/23","15yr",,,,,"541.45",,,,,,""
"2021-04-21","'3128PPXW8'","MBS","FHLMCGLD 5% 09/24","15yr",,,,,"541.15",,,,,,""
"2021-04-21","'31405FQG0'","MBS","UMBS MORTPASS 6% 09/34","30yr",,,,,"535.23",,,,,,""
"2021-04-21","'3128P7BG7'","MBS","FHLMCGLD 5.5% 12/25","Other",,,,,"531.8",,,,,,""
"2021-04-21","'36202XGQ4'","MBS","GNMA I MORTPASS 6% 09/36","30yr",,,,,"506.93",,,,,,""
"2021-04-21","'3128CUKP0'","MBS","FHLMCGLD 5% 07/25","Other",,,,,"501.06",,,,,,""
"2021-04-21","'31371KPS4'","MBS","UMBS MORTPASS 5.5% 04/22","Other",,,,,"498.19",,,,,,""
"2021-04-21","'36295N6L6'","MBS","GNMA I 5.5% 06/38","30yr",,,,,"492.07",,,,,,""
"2021-04-21","'31389MDJ3'","MBS","UMBS MORTPASS 5% 02/32","30yr",,,,,"489.26",,,,,,""
"2021-04-21","'3128PLQ88'","MBS","FHLMCGLD 5.5% 08/23","15yr",,,,,"487.8",,,,,,""
"2021-04-21","'31417YZD2'","MBS","UMBS MORTPASS 3% 05/21","Other",,,,,"487.54",,,,,,""
"2021-04-21","'36291DPW7'","MBS","GNMA I MORTPASS 5% 03/35","30yr",,,,,"485.22",,,,,,""
"2021-04-21","'36296REL7'","MBS","GNMA I 5.5% 10/38","30yr",,,,,"479.19",,,,,,""
"2021-04-21","'3128PJLQ8'","MBS","FHLMCGLD 5.5% 12/22","15yr",,,,,"476.27",,,,,,""
"2021-04-21","'3138EQPR7'","MBS","UMBS MORTPASS 3.5% 03/24","Other",,,,,"475.21",,,,,,""
"2021-04-21","'31416YC63'","MBS","UMBS MORTPASS 4% 04/21","Other",,,,,"473.67",,,,,,""
"2021-04-21","'36296DAT5'","MBS","GNMA I 5.5% 07/38","30yr",,,,,"459.17",,,,,,""
"2021-04-21","'36291YX69'","MBS","GNMA I MORTPASS 5% 06/35","30yr",,,,,"458.16",,,,,,""
"2021-04-21","'36200DA52'","MBS","GNMA I MORTPASS 6% 11/32","30yr",,,,,"451.67",,,,,,""
"2021-04-21","'3128MMFT5'","MBS","FHLMCGLD 4.5% 02/22","15yr",,,,,"437.36",,,,,,""
"2021-04-21","'36292KMS2'","MBS","GNMA I MORTPASS 5% 01/36","30yr",,,,,"431.81",,,,,,""
"2021-04-21","'36295XBE4'","MBS","GNMA I MORTPASS 5% 05/38","30yr",,,,,"421.63",,,,,,""
"2021-04-21","'3128MBV61'","MBS","FHLMCGLD 4.5% 05/23","15yr",,,,,"421.56",,,,,,""
"2021-04-21","'36290V2K9'","MBS","GNMA I MORTPASS 5% 12/34","30yr",,,,,"417",,,,,,""
"2021-04-21","'3128PJZW0'","MBS","FHLMCGLD 4.5% 02/23","15yr",,,,,"416.42",,,,,,""
"2021-04-21","'3128M6NK0'","MBS","FHLMCGLD 5.5% 01/36","30yr",,,,,"410.53",,,,,,""
"2021-04-21","'36296CCH1'","MBS","GNMA I MORTPASS 5% 06/38","30yr",,,,,"406.44",,,,,,""
"2021-04-21","'3128PW7B8'","MBS","FHLMCGLD 3.5% 10/21","15yr",,,,,"396.54",,,,,,""
"2021-04-21","'36294YPE8'","MBS","GNMA I 5.5% 02/37","30yr",,,,,"388.32",,,,,,""
"2021-04-21","'36200KQA8'","MBS","GNMA I 5.5% 03/33","30yr",,,,,"384.66",,,,,,""
"2021-04-21","'36201H2V4'","MBS","GNMA I 5.5% 10/32","30yr",,,,,"379.93",,,,,,""
"2021-04-21","'36296D2G2'","MBS","GNMA I 5.5% 05/38","30yr",,,,,"378.02",,,,,,""
"2021-04-21","'3128PVG46'","MBS","FHLMCGLD 3.5% 06/21","15yr",,,,,"376.49",,,,,,""
"2021-04-21","'36290RRF2'","MBS","GNMA I 5.5% 07/33","30yr",,,,,"373.41",,,,,,""
"2021-04-21","'3128PJ3S4'","MBS","FHLMCGLD 5% 02/23","15yr",,,,,"373.03",,,,,,""
"2021-04-21","'36292ERZ5'","MBS","GNMA I MORTPASS 5% 07/35","30yr",,,,,"371.46",,,,,,""
"2021-04-21","'36296KP30'","MBS","GNMA I 5.5% 07/38","30yr",,,,,"367.16",,,,,,""
"2021-04-21","'31413FLA8'","MBS","UMBS MORTPASS 5% 07/22","15yr",,,,,"353.39",,,,,,""
"2021-04-21","'3128PGNN9'","MBS","FHLMCGLD 4.5% 05/22","15yr",,,,,"348.24",,,,,,""
"2021-04-21","'36296NT22'","MBS","GNMA I 5.5% 09/38","30yr",,,,,"340.43",,,,,,""
"2021-04-21","'3138YDTL3'","MBS","UMBS MORTPASS 3.5% 04/22","Other",,,,,"336.51",,,,,,""
"2021-04-21","'36213C6X3'","MBS","GNMA I 4.5% 08/35","30yr",,,,,"324.45",,,,,,""
"2021-04-21","'36295JA30'","MBS","GNMA I MORTPASS 6% 09/37","30yr",,,,,"324.04",,,,,,""
"2021-04-21","'3128KKEZ8'","MBS","FHLMCGLD 5% 01/37","30yr",,,,,"323.39",,,,,,""
"2021-04-21","'3128PDF96'","MBS","FHLMCGLD 5% 06/21","15yr",,,,,"318.45",,,,,,""
"2021-04-21","'36201CNE0'","MBS","GNMA I MORTPASS 6% 02/32","30yr",,,,,"317.6",,,,,,""
"2021-04-21","'31371KWV9'","MBS","UMBS MORTPASS 5% 11/32","30yr",,,,,"315.69",,,,,,""
"2021-04-21","'36292DXR8'","MBS","GNMA I MORTPASS 5% 12/36","30yr",,,,,"309.92",,,,,,""
"2021-04-21","'3128PLRE4'","MBS","FHLMCGLD 4.5% 08/23","15yr",,,,,"307.34",,,,,,""
"2021-04-21","'3128PGW58'","MBS","FHLMCGLD 5.5% 07/22","15yr",,,,,"300.35",,,,,,""
"2021-04-21","'31335HRD7'","MBS","FHLMCGLD 6% 10/21","Other",,,,,"299.84",,,,,,""
"2021-04-21","'3128PKY65'","MBS","FHLMCGLD 4.5% 05/23","15yr",,,,,"291.15",,,,,,""
"2021-04-21","'36210L2Y8'","MBS","GNMA I MORTPASS 6% 01/29","30yr",,,,,"290.94",,,,,,""
"2021-04-21","'31414FAC5'","MBS","UMBS MORTPASS 5% 07/23","15yr",,,,,"288.94",,,,,,""
"2021-04-21","'3128PMMD9'","MBS","FHLMCGLD 5% 02/24","15yr",,,,,"285.42",,,,,,""
"2021-04-21","'3128PKDX9'","MBS","FHLMCGLD 4.5% 03/23","15yr",,,,,"282.47",,,,,,""
"2021-04-21","'36294S3Y1'","MBS","GNMA I 5.5% 07/37","30yr",,,,,"281.62",,,,,,""
"2021-04-21","'31335HXT5'","MBS","FHLMCGLD 5% 07/23","Other",,,,,"278.96",,,,,,""
"2021-04-21","'31414DAD8'","MBS","UMBS MORTPASS 5% 04/23","15yr",,,,,"257.32",,,,,,""
"2021-04-21","'31413CYQ6'","MBS","UMBS MORTPASS 4% 03/23","15yr",,,,,"246.72",,,,,,""
"2021-04-21","'31371K2V2'","MBS","UMBS MORTPASS 5.5% 03/23","Other",,,,,"237.46",,,,,,""
"2021-04-21","'31417YX93'","MBS","UMBS MORTPASS 3.5% 04/21","Other",,,,,"233.46",,,,,,""
"2021-04-21","'3128PWD62'","MBS","FHLMCGLD 3% 08/21","15yr",,,,,"224.73",,,,,,""
"2021-04-21","'3128PV3U2'","MBS","FHLMCGLD 3.5% 08/21","15yr",,,,,"222.71",,,,,,""
"2021-04-21","'36296KST0'","MBS","GNMA I MORTPASS 5% 07/38","30yr",,,,,"221.07",,,,,,""
"2021-04-21","'3128PMHA1'","MBS","FHLMCGLD 5.5% 01/24","15yr",,,,,"217.93",,,,,,""
"2021-04-21","'36295HY95'","MBS","GNMA I MORTPASS 6% 07/37","30yr",,,,,"217.58",,,,,,""
"2021-04-21","'36296GP39'","MBS","GNMA I 5.5% 05/38","30yr",,,,,"211.85",,,,,,""
"2021-04-21","'31335HUY7'","MBS","FHLMCGLD 5% 12/22","Other",,,,,"211.32",,,,,,""
"2021-04-21","'31390M4B7'","MBS","UMBS MORTPASS 6% 07/32","30yr",,,,,"207.76",,,,,,""
"2021-04-21","'31417YYA9'","MBS","UMBS MORTPASS 4% 04/21","Other",,,,,"206.9",,,,,,""
"2021-04-21","'3128L9PU1'","MBS","FHLMCGLD 5.5% 04/38","30yr",,,,,"206.02",,,,,,""
"2021-04-21","'36295UDG3'","MBS","GNMA I MORTPASS 6% 12/37","30yr",,,,,"205.46",,,,,,""
"2021-04-21","'31410WBC1'","MBS","UMBS MORTPASS 4% 03/22","15yr",,,,,"197.9",,,,,,""
"2021-04-21","'36209AFD7'","MBS","GNMA I MORTPASS 6% 10/28","30yr",,,,,"196.93",,,,,,""
"2021-04-21","'3128PFVG7'","MBS","FHLMCGLD 5.5% 01/22","15yr",,,,,"196.07",,,,,,""
"2021-04-21","'31383DS79'","MBS","UMBS MORTPASS 6% 06/29","30yr",,,,,"180.89",,,,,,""
"2021-04-21","'36295SE77'","MBS","GNMA I MORTPASS 5% 03/38","30yr",,,,,"171.06",,,,,,""
"2021-04-21","'31417Y2G1'","MBS","UMBS MORTPASS 3% 06/21","Other",,,,,"166.99",,,,,,""
"2021-04-21","'3138ENBX6'","MBS","UMBS MORTPASS 4% 05/23","Other",,,,,"166.04",,,,,,""
"2021-04-21","'3128PFE84'","MBS","FHLMCGLD 5.5% 11/21","15yr",,,,,"164.87",,,,,,""
"2021-04-21","'3128PGKP7'","MBS","FHLMCGLD 4.5% 05/22","15yr",,,,,"164.35",,,,,,""
"2021-04-21","'3128PFQG3'","MBS","FHLMCGLD 5.5% 12/21","15yr",,,,,"160.73",,,,,,""
"2021-04-21","'31414ABE1'","MBS","UMBS MORTPASS 5% 12/22","15yr",,,,,"158.54",,,,,,""
"2021-04-21","'31412TBG7'","MBS","UMBS MORTPASS 5% 06/23","15yr",,,,,"157.74",,,,,,""
"2021-04-21","'36291MRU9'","MBS","GNMA I MORTPASS 6% 06/34","30yr",,,,,"150.51",,,,,,""
"2021-04-21","'36210AWU7'","MBS","GNMA I MORTPASS 6% 12/28","30yr",,,,,"149.14",,,,,,""
"2021-04-21","'31298HYZ5'","MBS","FHLMCGLD 6% 03/31","30yr",,,,,"130.22",,,,,,""
"2021-04-21","'31410PZB2'","MBS","UMBS MORTPASS 5% 09/21","15yr",,,,,"118.81",,,,,,""
"2021-04-21","'3128PVD64'","MBS","FHLMCGLD 3.5% 05/21","15yr",,,,,"115.75",,,,,,""
"2021-04-21","'31287NAH1'","MBS","FHLMCGLD 6% 01/32","30yr",,,,,"112.56",,,,,,""
"2021-04-21","'3128L9YZ0'","MBS","FHLMCGLD 6% 04/38","30yr",,,,,"110.68",,,,,,""
"2021-04-21","'31414LP28'","MBS","UMBS MORTPASS 4.5% 01/23","15yr",,,,,"106.12",,,,,,""
"2021-04-21","'31416X2J8'","MBS","UMBS MORTPASS 3.5% 05/21","Other",,,,,"103.48",,,,,,""
"2021-04-21","'31413RBS4'","MBS","UMBS MORTPASS 5% 09/22","15yr",,,,,"98.66",,,,,,""
"2021-04-21","'31416YA81'","MBS","UMBS MORTPASS 4% 04/21","Other",,,,,"96.65",,,,,,""
"2021-04-21","'31410TMN2'","MBS","UMBS MORTPASS 5% 04/22","15yr",,,,,"96.16",,,,,,""
"2021-04-21","'31413FP89'","MBS","UMBS MORTPASS 5% 06/22","15yr",,,,,"91.49",,,,,,""
"2021-04-21","'3128PE6C7'","MBS","FHLMCGLD 5.5% 10/21","15yr",,,,,"90.94",,,,,,""
"2021-04-21","'3138WKC60'","MBS","UMBS MORTPASS 4% 03/23","15yr",,,,,"89.79",,,,,,""
"2021-04-21","'36295HYB0'","MBS","GNMA I 5.5% 06/37","30yr",,,,,"89.52",,,,,,""
"2021-04-21","'31371KVP3'","MBS","UMBS MORTPASS 5.5% 10/22","Other",,,,,"87.61",,,,,,""
"2021-04-21","'31380GUA5'","MBS","UMBS MORTPASS 6% 11/28","30yr",,,,,"86.77",,,,,,""
"2021-04-21","'31417YX85'","MBS","UMBS MORTPASS 3% 04/21","Other",,,,,"80.22",,,,,,""
"2021-04-21","'31380XJ94'","MBS","UMBS MORTPASS 6% 12/28","30yr",,,,,"74.8",,,,,,""
"2021-04-21","'31414SJ87'","MBS","UMBS MORTPASS 5% 05/23","15yr",,,,,"62.96",,,,,,""
"2021-04-21","'3128MEDN8'","MBS","FHLMCGLD 3.5% 06/22","15yr",,,,,"54.67",,,,,,""
"2021-04-21","'31371KWC1'","MBS","UMBS MORTPASS 5.5% 11/22","Other",,,,,"53.51",,,,,,""
"2021-04-21","'3128M1P37'","MBS","FHLMCGLD 5.5% 08/21","15yr",,,,,"45.29",,,,,,""
"2021-04-21","'3128MDWX7'","MBS","FHLMCGLD 3.5% 07/21","15yr",,,,,"8.76",,,,,,""
"2021-04-21","'3128M1FG9'","MBS","FHLMCGLD 5.5% 05/21","15yr",,,,,"3.71",,,,,,""
"2021-04-21","'3128MC3H6'","MBS","FHLMCGLD 4% 06/21","15yr",,,,,"2.94",,,,,,""
