"As Of Date","CUSIP","Security Type","Security Description","Term","Maturity Date","Issuer","Spread (%)","Coupon (%)","Current Face Value","Par Value","Inflation Compensation","Percent Outstanding","Change From Prior Week","Change From Prior Year","is Aggregated"
"2021-08-11","'3132DWAW3'","MBS","UMBS MORTPASS 2% 01/51","30yr",,,,,"35641736217.32",,,,,,""
"2021-08-11","'31418DV74'","MBS","UMBS MORTPASS 2% 01/51","30yr",,,,,"33183459397.72",,,,,,""
"2021-08-11","'3132DWBP7'","MBS","UMBS MORTPASS 2% 05/51","30yr",,,,,"29276304983.2",,,,,,""
"2021-08-11","'3132DWAN3'","MBS","UMBS MORTPASS 2% 12/50","30yr",,,,,"29151797762.87",,,,,,""
"2021-08-11","'3140J8GV9'","MBS","UMBS MORTPASS 3% 07/47","30yr",,,,,"28784220119.93",,,,,,"Y"
"2021-08-11","'31418DWR9'","MBS","UMBS MORTPASS 2% 02/51","30yr",,,,,"27414617402.82",,,,,,""
"2021-08-11","'31418DYX4'","MBS","UMBS MORTPASS 2% 05/51","30yr",,,,,"27015068895.34",,,,,,""
"2021-08-11","'3132DWBB8'","MBS","UMBS MORTPASS 2% 03/51","30yr",,,,,"25801013055.22",,,,,,""
"2021-08-11","'3132DWA52'","MBS","UMBS MORTPASS 2% 02/51","30yr",,,,,"25582651482.36",,,,,,""
"2021-08-11","'3132DWAF0'","MBS","UMBS MORTPASS 2% 11/50","30yr",,,,,"22449548694.65",,,,,,""
"2021-08-11","'31418DQH8'","MBS","UMBS MORTPASS 2.5% 06/50","30yr",,,,,"22379196666.02",,,,,,""
"2021-08-11","'31418DVA7'","MBS","UMBS MORTPASS 2% 12/50","30yr",,,,,"21644446756.56",,,,,,""
"2021-08-11","'3132DV7K5'","MBS","UMBS MORTPASS 2% 10/50","30yr",,,,,"21308484709.27",,,,,,""
"2021-08-11","'3132DWBH5'","MBS","UMBS MORTPASS 2% 04/51","30yr",,,,,"20993838980.81",,,,,,""
"2021-08-11","'31335BPS9'","MBS","FHLMCGLD 3% 02/47","30yr",,,,,"20514438327.66",,,,,,"Y"
"2021-08-11","'31418DZV7'","MBS","UMBS MORTPASS 2% 06/51","30yr",,,,,"20451985385.32",,,,,,""
"2021-08-11","'36179WBX5'","MBS","GNMA II MORTPASS 2% 03/51","30yr",,,,,"20437298347.4",,,,,,""
"2021-08-11","'36179VTW0'","MBS","GNMA II 2.5% 09/50","30yr",,,,,"20367797352.08",,,,,,""
"2021-08-11","'31418DTQ5'","MBS","UMBS MORTPASS 2% 10/50","30yr",,,,,"20341110840.68",,,,,,""
"2021-08-11","'3132DWB51'","MBS","UMBS MORTPASS 2% 08/51","30yr",,,,,"18026057332",,,,,,""
"2021-08-11","'36179V7D6'","MBS","GNMA II MORTPASS 2% 02/51","30yr",,,,,"17989297672.38",,,,,,""
"2021-08-11","'36179WDQ8'","MBS","GNMA II MORTPASS 2% 04/51","30yr",,,,,"17509962618.9",,,,,,""
"2021-08-11","'3138EQK35'","MBS","UMBS MORTPASS 3% 08/43","30yr",,,,,"17407316596.85",,,,,,"Y"
"2021-08-11","'31418DQ88'","MBS","UMBS MORTPASS 2.5% 07/50","30yr",,,,,"17328900300.85",,,,,,""
"2021-08-11","'36179VSG6'","MBS","GNMA II 2.5% 08/50","30yr",,,,,"17267745766.03",,,,,,""
"2021-08-11","'3138EQKR2'","MBS","UMBS MORTPASS 3% 07/43","30yr",,,,,"16816226188.62",,,,,,"Y"
"2021-08-11","'36179VZQ6'","MBS","GNMA II MORTPASS 2% 12/50","30yr",,,,,"16711669389.62",,,,,,""
"2021-08-11","'31418DZW5'","MBS","UMBS MORTPASS 2.5% 06/51","30yr",,,,,"16710147541.1",,,,,,""
"2021-08-11","'31418D2M3'","MBS","UMBS MORTPASS 2.5% 07/51","30yr",,,,,"16497353852.76",,,,,,""
"2021-08-11","'3132DV6U4'","MBS","UMBS MORTPASS 2.5% 08/50","30yr",,,,,"16387157913.5",,,,,,""
"2021-08-11","'31418D2L5'","MBS","UMBS MORTPASS 2% 07/51","30yr",,,,,"16322658308.18",,,,,,""
"2021-08-11","'36179V4U1'","MBS","GNMA II MORTPASS 2% 01/51","30yr",,,,,"16018888465.22",,,,,,""
"2021-08-11","'31418DPD8'","MBS","UMBS MORTPASS 2.5% 05/50","30yr",,,,,"16012783369.14",,,,,,""
"2021-08-11","'3132DWBZ5'","MBS","UMBS MORTPASS 2.5% 07/51","30yr",,,,,"15931993841.97",,,,,,""
"2021-08-11","'31418DYB2'","MBS","UMBS MORTPASS 2% 04/51","30yr",,,,,"15910884196.72",,,,,,""
"2021-08-11","'3132DWBU6'","MBS","UMBS MORTPASS 2.5% 06/51","30yr",,,,,"15377122544.96",,,,,,""
"2021-08-11","'3132DV7A7'","MBS","UMBS MORTPASS 2.5% 07/50","30yr",,,,,"15274516080.52",,,,,,""
"2021-08-11","'3132DV5W1'","MBS","UMBS MORTPASS 2.5% 05/50","30yr",,,,,"15149519953.87",,,,,,""
"2021-08-11","'3138ETKF2'","MBS","UMBS MORTPASS 3% 02/44","30yr",,,,,"15148601383.15",,,,,,"Y"
"2021-08-11","'36179VMC1'","MBS","GNMA II 2.5% 05/50","30yr",,,,,"14850564074.01",,,,,,""
"2021-08-11","'3132DWBY8'","MBS","UMBS MORTPASS 2% 07/51","30yr",,,,,"14683196239.4",,,,,,""
"2021-08-11","'31418DXK3'","MBS","UMBS MORTPASS 2% 03/51","30yr",,,,,"13941043619.84",,,,,,""
"2021-08-11","'31418DSJ2'","MBS","UMBS MORTPASS 2.5% 09/50","30yr",,,,,"13050735535.23",,,,,,""
"2021-08-11","'36179VXX3'","MBS","GNMA II MORTPASS 2% 11/50","30yr",,,,,"12961103952.31",,,,,,""
"2021-08-11","'36179VQS2'","MBS","GNMA II 2.5% 07/50","30yr",,,,,"12654091341.15",,,,,,""
"2021-08-11","'3132DV6C4'","MBS","UMBS MORTPASS 2.5% 06/50","30yr",,,,,"12270405131.15",,,,,,""
"2021-08-11","'36179WFG8'","MBS","GNMA II 2.5% 05/51","30yr",,,,,"12236882545.06",,,,,,""
"2021-08-11","'36179VZR4'","MBS","GNMA II 2.5% 12/50","30yr",,,,,"12055788316.11",,,,,,""
"2021-08-11","'31335BKR6'","MBS","FHLMCGLD 3.5% 06/46","30yr",,,,,"11717629987.89",,,,,,"Y"
"2021-08-11","'36179VN22'","MBS","GNMA II 2.5% 06/50","30yr",,,,,"11706213967.8",,,,,,""
"2021-08-11","'3132DWBT9'","MBS","UMBS MORTPASS 2% 06/51","30yr",,,,,"11686246768.15",,,,,,""
"2021-08-11","'31335ASW9'","MBS","FHLMCGLD 3% 10/44","30yr",,,,,"10851232366.42",,,,,,"Y"
"2021-08-11","'3132DWBA0'","MBS","UMBS MORTPASS 1.5% 03/51","30yr",,,,,"10568191326.99",,,,,,""
"2021-08-11","'31335AST6'","MBS","FHLMCGLD 3% 03/43","30yr",,,,,"10444848939.97",,,,,,"Y"
"2021-08-11","'36179VVY3'","MBS","GNMA II 2.5% 10/50","30yr",,,,,"10420952413.96",,,,,,""
"2021-08-11","'3132DWBG7'","MBS","UMBS MORTPASS 1.5% 04/51","30yr",,,,,"10374924489.7",,,,,,""
"2021-08-11","'36179VXY1'","MBS","GNMA II 2.5% 11/50","30yr",,,,,"10047681864.43",,,,,,""
"2021-08-11","'31418DSH6'","MBS","UMBS MORTPASS 2% 09/50","30yr",,,,,"9897122700.35",,,,,,""
"2021-08-11","'3140J8GW7'","MBS","UMBS MORTPASS 3.5% 10/47","30yr",,,,,"9723639423.34",,,,,,"Y"
"2021-08-11","'3132DV7C3'","MBS","UMBS MORTPASS 2.5% 09/50","30yr",,,,,"9448272248.33",,,,,,""
"2021-08-11","'3132DV7B5'","MBS","UMBS MORTPASS 2% 09/50","30yr",,,,,"9444495194.67",,,,,,""
"2021-08-11","'31418DUG5'","MBS","UMBS MORTPASS 2% 11/50","30yr",,,,,"9308041528.04",,,,,,""
"2021-08-11","'3132DWB69'","MBS","UMBS MORTPASS 2.5% 08/51","30yr",,,,,"9072674758",,,,,,""
"2021-08-11","'36179V4V9'","MBS","GNMA II 2.5% 01/51","30yr",,,,,"8945329644.76",,,,,,""
"2021-08-11","'31335BQW9'","MBS","FHLMCGLD 3.5% 09/47","30yr",,,,,"8924909929.28",,,,,,"Y"
"2021-08-11","'36179VKL3'","MBS","GNMA II MORTPASS 3% 04/50","30yr",,,,,"8690968658.56",,,,,,""
"2021-08-11","'36179VKK5'","MBS","GNMA II 2.5% 04/50","30yr",,,,,"7996388948.13",,,,,,""
"2021-08-11","'31335ASX7'","MBS","FHLMCGLD 3% 08/43","30yr",,,,,"7820292005.65",,,,,,"Y"
"2021-08-11","'3140J8BU6'","MBS","UMBS MORTPASS 3.5% 12/46","30yr",,,,,"7804936605.43",,,,,,"Y"
"2021-08-11","'3138ETKG0'","MBS","UMBS MORTPASS 3% 01/43","30yr",,,,,"7744466596.59",,,,,,"Y"
"2021-08-11","'31335BBK1'","MBS","FHLMCGLD 3% 02/46","30yr",,,,,"7636530141.92",,,,,,"Y"
"2021-08-11","'31335CJN5'","MBS","FHLMCGLD 3.5% 01/48","30yr",,,,,"7605246243.74",,,,,,"Y"
"2021-08-11","'36179WDR6'","MBS","GNMA II 2.5% 04/51","30yr",,,,,"7137597940.75",,,,,,""
"2021-08-11","'31418D3H3'","MBS","UMBS MORTPASS 2.5% 08/51","30yr",,,,,"7106318959",,,,,,""
"2021-08-11","'3138ETKK1'","MBS","UMBS MORTPASS 3.5% 01/44","30yr",,,,,"7069860052.13",,,,,,"Y"
"2021-08-11","'36179WG28'","MBS","GNMA II MORTPASS 2% 06/51","30yr",,,,,"6958546793.65",,,,,,""
"2021-08-11","'3132DV7L3'","MBS","UMBS MORTPASS 2.5% 10/50","30yr",,,,,"6688163371.49",,,,,,""
"2021-08-11","'31418DTR3'","MBS","UMBS MORTPASS 2.5% 10/50","30yr",,,,,"6686650626.26",,,,,,""
"2021-08-11","'36179VMD9'","MBS","GNMA II MORTPASS 3% 05/50","30yr",,,,,"6678667558.01",,,,,,""
"2021-08-11","'31418D3G5'","MBS","UMBS MORTPASS 2% 08/51","30yr",,,,,"6653860861",,,,,,""
"2021-08-11","'31418DRS3'","MBS","UMBS MORTPASS 2.5% 08/50","30yr",,,,,"6567396407.93",,,,,,""
"2021-08-11","'3132DV7J8'","MBS","UMBS MORTPASS 2% 08/50","30yr",,,,,"6542154434.71",,,,,,""
"2021-08-11","'3140X5R70'","MBS","UMBS MORTPASS 3.5% 03/49","30yr",,,,,"6448372772.2",,,,,,"Y"
"2021-08-11","'3138ETE44'","MBS","UMBS MORTPASS 3.5% 05/43","30yr",,,,,"6428414748.8",,,,,,"Y"
"2021-08-11","'3132DWBN2'","MBS","UMBS MORTPASS 1.5% 05/51","30yr",,,,,"6291454089.37",,,,,,""
"2021-08-11","'36179WG36'","MBS","GNMA II 2.5% 06/51","30yr",,,,,"6086350199.81",,,,,,""
"2021-08-11","'36179VVX5'","MBS","GNMA II MORTPASS 2% 10/50","30yr",,,,,"5975517154.11",,,,,,""
"2021-08-11","'31418DVC3'","MBS","UMBS MORTPASS 2.5% 12/50","30yr",,,,,"5922446175.51",,,,,,""
"2021-08-11","'31418DSM5'","MBS","UMBS MORTPASS 2% 09/35","15yr",,,,,"5842000879.34",,,,,,""
"2021-08-11","'3138ETP75'","MBS","UMBS MORTPASS 3.5% 12/45","30yr",,,,,"5725465218.22",,,,,,"Y"
"2021-08-11","'36179WJQ2'","MBS","GNMA II MORTPASS 2% 07/51","30yr",,,,,"5646243857",,,,,,""
"2021-08-11","'3132DWAV5'","MBS","UMBS MORTPASS 1.5% 01/51","30yr",,,,,"5587366466.42",,,,,,""
"2021-08-11","'36179WFF0'","MBS","GNMA II MORTPASS 2% 05/51","30yr",,,,,"5565601719.08",,,,,,""
"2021-08-11","'36179V7E4'","MBS","GNMA II 2.5% 02/51","30yr",,,,,"5473686439.25",,,,,,""
"2021-08-11","'3140J8BW2'","MBS","UMBS MORTPASS 2.5% 02/32","15yr",,,,,"5373702907.07",,,,,,"Y"
"2021-08-11","'3140X5EA7'","MBS","UMBS MORTPASS 4% 02/48","30yr",,,,,"5271834382.55",,,,,,"Y"
"2021-08-11","'31418DPE6'","MBS","UMBS MORTPASS 3% 05/50","30yr",,,,,"5173642410.12",,,,,,""
"2021-08-11","'3132DWAM5'","MBS","UMBS MORTPASS 1.5% 12/50","30yr",,,,,"4933990350.25",,,,,,""
"2021-08-11","'31335CJP0'","MBS","FHLMCGLD 4% 02/48","30yr",,,,,"4921302058.2",,,,,,"Y"
"2021-08-11","'3132D56U1'","MBS","UMBS MORTPASS 1.5% 01/36","15yr",,,,,"4906949038.85",,,,,,""
"2021-08-11","'31418DTM4'","MBS","UMBS MORTPASS 2% 10/35","15yr",,,,,"4761027626.08",,,,,,""
"2021-08-11","'31418DQ70'","MBS","UMBS MORTPASS 2% 07/50","30yr",,,,,"4694267390.48",,,,,,""
"2021-08-11","'3132D55W8'","MBS","UMBS MORTPASS 2% 09/35","15yr",,,,,"4666239045.35",,,,,,""
"2021-08-11","'36179VFP0'","MBS","GNMA II MORTPASS 3% 02/50","30yr",,,,,"4626145794.7",,,,,,""
"2021-08-11","'3138ETP26'","MBS","UMBS MORTPASS 3.5% 09/45","30yr",,,,,"4593721575.9",,,,,,"Y"
"2021-08-11","'31418DVB5'","MBS","UMBS MORTPASS 1.5% 12/50","30yr",,,,,"4545274558.42",,,,,,""
"2021-08-11","'36179VHS2'","MBS","GNMA II MORTPASS 3% 03/50","30yr",,,,,"4518473339.29",,,,,,""
"2021-08-11","'3132D56P2'","MBS","UMBS MORTPASS 1.5% 12/35","15yr",,,,,"4507471283.69",,,,,,""
"2021-08-11","'31418DXJ6'","MBS","UMBS MORTPASS 1.5% 03/51","30yr",,,,,"4481975969.16",,,,,,""
"2021-08-11","'31418DUH3'","MBS","UMBS MORTPASS 2.5% 11/50","30yr",,,,,"4444486546.23",,,,,,""
"2021-08-11","'36179SLR6'","MBS","GNMA II MORTPASS 3% 09/46","30yr",,,,,"4397624650.09",,,,,,""
"2021-08-11","'3138ETKL9'","MBS","UMBS MORTPASS 4% 03/44","30yr",,,,,"4365746046.49",,,,,,"Y"
"2021-08-11","'31418DYA4'","MBS","UMBS MORTPASS 1.5% 04/51","30yr",,,,,"4323085041.43",,,,,,""
"2021-08-11","'3138ETE51'","MBS","UMBS MORTPASS 3.5% 06/43","30yr",,,,,"4281400494.4",,,,,,"Y"
"2021-08-11","'31418DUD2'","MBS","UMBS MORTPASS 2% 11/35","15yr",,,,,"4273494685.54",,,,,,""
"2021-08-11","'3132DWAP8'","MBS","UMBS MORTPASS 2.5% 12/50","30yr",,,,,"4224116680.83",,,,,,""
"2021-08-11","'3138ETKH8'","MBS","UMBS MORTPASS 3.5% 01/43","30yr",,,,,"4202881527.78",,,,,,"Y"
"2021-08-11","'3132D56E7'","MBS","UMBS MORTPASS 2% 10/35","15yr",,,,,"4085145152.39",,,,,,""
"2021-08-11","'3132D6AB6'","MBS","UMBS MORTPASS 1.5% 05/36","15yr",,,,,"4066841204.62",,,,,,""
"2021-08-11","'3132DWA45'","MBS","UMBS MORTPASS 1.5% 02/51","30yr",,,,,"3945896029.78",,,,,,""
"2021-08-11","'36179WBY3'","MBS","GNMA II 2.5% 03/51","30yr",,,,,"3941521803.21",,,,,,""
"2021-08-11","'31335AT65'","MBS","FHLMCGLD 3% 01/43","30yr",,,,,"3928563570.14",,,,,,"Y"
"2021-08-11","'3140X5KQ5'","MBS","UMBS MORTPASS 3% 06/33","15yr",,,,,"3920481709.7",,,,,,"Y"
"2021-08-11","'31335ASY5'","MBS","FHLMCGLD 3.5% 12/43","30yr",,,,,"3906057500.64",,,,,,"Y"
"2021-08-11","'3132DV5D3'","MBS","UMBS MORTPASS 3% 02/50","30yr",,,,,"3804816435.01",,,,,,""
"2021-08-11","'31418DNH1'","MBS","UMBS MORTPASS 3% 04/50","30yr",,,,,"3771894328.85",,,,,,""
"2021-08-11","'3132DWAD5'","MBS","UMBS MORTPASS 1.5% 11/50","30yr",,,,,"3765066136.8",,,,,,""
"2021-08-11","'3622AAEY6'","MBS","GNMA I MORTPASS 3% 08/43","30yr",,,,,"3741701551.76",,,,,,"Y"
"2021-08-11","'31418DV82'","MBS","UMBS MORTPASS 2.5% 01/51","30yr",,,,,"3721685163.6",,,,,,""
"2021-08-11","'31418DY22'","MBS","UMBS MORTPASS 1.5% 05/36","15yr",,,,,"3703218383.99",,,,,,""
"2021-08-11","'3132DV6Q3'","MBS","UMBS MORTPASS 2% 07/50","30yr",,,,,"3688864707.09",,,,,,""
"2021-08-11","'31418DZ21'","MBS","UMBS MORTPASS 2% 06/36","15yr",,,,,"3684412708.49",,,,,,""
"2021-08-11","'36179VTV2'","MBS","GNMA II MORTPASS 2% 09/50","30yr",,,,,"3651885016.12",,,,,,""
"2021-08-11","'3138ETP34'","MBS","UMBS MORTPASS 3.5% 07/45","30yr",,,,,"3612055504.43",,,,,,"Y"
"2021-08-11","'31418DP48'","MBS","UMBS MORTPASS 2% 06/35","15yr",,,,,"3604219332.09",,,,,,""
"2021-08-11","'3132D55S7'","MBS","UMBS MORTPASS 2% 08/35","15yr",,,,,"3586030504.68",,,,,,""
"2021-08-11","'3138ETK54'","MBS","UMBS MORTPASS 4% 06/44","30yr",,,,,"3542213169.41",,,,,,"Y"
"2021-08-11","'3138ETP83'","MBS","UMBS MORTPASS 3% 01/46","30yr",,,,,"3484271113.04",,,,,,"Y"
"2021-08-11","'3132DWAG8'","MBS","UMBS MORTPASS 2.5% 11/50","30yr",,,,,"3457164509.9",,,,,,""
"2021-08-11","'31418DU75'","MBS","UMBS MORTPASS 1.5% 12/35","15yr",,,,,"3441502432.54",,,,,,""
"2021-08-11","'3138ETK88'","MBS","UMBS MORTPASS 4% 04/44","30yr",,,,,"3431628833.79",,,,,,"Y"
"2021-08-11","'3138ETKM7'","MBS","UMBS MORTPASS 4% 09/44","30yr",,,,,"3418401690.11",,,,,,"Y"
"2021-08-11","'3138EQWB4'","MBS","UMBS MORTPASS 4% 06/42","30yr",,,,,"3414249868.22",,,,,,"Y"
"2021-08-11","'3138ETK39'","MBS","UMBS MORTPASS 3.5% 05/45","30yr",,,,,"3412474515.26",,,,,,"Y"
"2021-08-11","'36179M2P4'","MBS","GNMA II MORTPASS 3% 02/43","30yr",,,,,"3368283496.68",,,,,,""
"2021-08-11","'31418DRR5'","MBS","UMBS MORTPASS 2% 08/35","15yr",,,,,"3354111073.4",,,,,,""
"2021-08-11","'3132D55M0'","MBS","UMBS MORTPASS 2% 07/35","15yr",,,,,"3347577762.7",,,,,,""
"2021-08-11","'3132D56J6'","MBS","UMBS MORTPASS 1.5% 11/35","15yr",,,,,"3338119239.34",,,,,,""
"2021-08-11","'31418DNG3'","MBS","UMBS MORTPASS 2.5% 04/50","30yr",,,,,"3311797105.34",,,,,,""
"2021-08-11","'3128MF2M9'","MBS","FHLMCGLD 3% 01/33","15yr",,,,,"3277957872.35",,,,,,"Y"
"2021-08-11","'31418DRW4'","MBS","UMBS MORTPASS 2% 08/50","30yr",,,,,"3272294565.36",,,,,,""
"2021-08-11","'31335ARV2'","MBS","FHLMCGLD 3.5% 01/44","30yr",,,,,"3268316943.14",,,,,,"Y"
"2021-08-11","'31418DQ47'","MBS","UMBS MORTPASS 2% 07/35","15yr",,,,,"3266479072.02",,,,,,""
"2021-08-11","'3128MFMB1'","MBS","FHLMCGLD 2.5% 02/32","15yr",,,,,"3248298870.79",,,,,,"Y"
"2021-08-11","'3132DV5X9'","MBS","UMBS MORTPASS 3% 05/50","30yr",,,,,"3237736934.07",,,,,,""
"2021-08-11","'31418DMJ8'","MBS","UMBS MORTPASS 3% 03/50","30yr",,,,,"3218474426.26",,,,,,""
"2021-08-11","'31335AVP0'","MBS","FHLMCGLD 3.5% 09/45","30yr",,,,,"3212631056.39",,,,,,"Y"
"2021-08-11","'36179U4B5'","MBS","GNMA II MORTPASS 3% 10/49","30yr",,,,,"3212240781.23",,,,,,""
"2021-08-11","'3138ETQA7'","MBS","UMBS MORTPASS 3% 05/45","30yr",,,,,"3170795822.99",,,,,,"Y"
"2021-08-11","'31418DJR4'","MBS","UMBS MORTPASS 3% 12/49","30yr",,,,,"3084322400.05",,,,,,""
"2021-08-11","'3138EQE65'","MBS","UMBS MORTPASS 4.5% 08/40","30yr",,,,,"3081221998.29",,,,,,"Y"
"2021-08-11","'3132D56K3'","MBS","UMBS MORTPASS 2% 11/35","15yr",,,,,"3073444143.72",,,,,,""
"2021-08-11","'36179SJS7'","MBS","GNMA II MORTPASS 3% 08/46","30yr",,,,,"3051953709.62",,,,,,""
"2021-08-11","'31418DU83'","MBS","UMBS MORTPASS 2% 12/35","15yr",,,,,"3050740627.77",,,,,,""
"2021-08-11","'3132D6AG5'","MBS","UMBS MORTPASS 2% 06/36","15yr",,,,,"3023425279.23",,,,,,""
"2021-08-11","'3132DWAX1'","MBS","UMBS MORTPASS 2.5% 01/51","30yr",,,,,"2983640728.57",,,,,,""
"2021-08-11","'3140J57J2'","MBS","UMBS MORTPASS 4% 02/47","30yr",,,,,"2964950296.99",,,,,,"Y"
"2021-08-11","'36179SSP3'","MBS","GNMA II MORTPASS 3% 12/46","30yr",,,,,"2949747534.42",,,,,,""
"2021-08-11","'3138EQGA4'","MBS","UMBS MORTPASS 4.5% 09/42","30yr",,,,,"2944623554.98",,,,,,"Y"
"2021-08-11","'3138EQ7C0'","MBS","UMBS MORTPASS 3.5% 05/43","30yr",,,,,"2890103411.84",,,,,,"Y"
"2021-08-11","'31418DKT8'","MBS","UMBS MORTPASS 3% 01/50","30yr",,,,,"2879323432.78",,,,,,""
"2021-08-11","'3138ETK47'","MBS","UMBS MORTPASS 2.5% 03/29","15yr",,,,,"2876162272.75",,,,,,"Y"
"2021-08-11","'3132DV4P7'","MBS","UMBS MORTPASS 3% 12/49","30yr",,,,,"2856991898.24",,,,,,""
"2021-08-11","'3138ETKJ4'","MBS","UMBS MORTPASS 3.5% 04/45","30yr",,,,,"2821794079.55",,,,,,"Y"
"2021-08-11","'3138ETKZ8'","MBS","UMBS MORTPASS 2.5% 02/28","15yr",,,,,"2798481664.59",,,,,,"Y"
"2021-08-11","'3132D6AF7'","MBS","UMBS MORTPASS 1.5% 06/36","15yr",,,,,"2774735071.52",,,,,,""
"2021-08-11","'3140X6Y39'","MBS","UMBS MORTPASS 2.5% 06/50","30yr",,,,,"2753470993.64",,,,,,""
"2021-08-11","'36179UXS6'","MBS","GNMA II MORTPASS 3% 08/49","30yr",,,,,"2737015911.47",,,,,,""
"2021-08-11","'31335AT57'","MBS","FHLMCGLD 4% 05/45","30yr",,,,,"2728038588.88",,,,,,"Y"
"2021-08-11","'3132D6AC4'","MBS","UMBS MORTPASS 2% 05/36","15yr",,,,,"2725586434.98",,,,,,""
"2021-08-11","'3138ETK21'","MBS","UMBS MORTPASS 4% 02/45","30yr",,,,,"2723298508.68",,,,,,"Y"
"2021-08-11","'3132D56V9'","MBS","UMBS MORTPASS 2% 01/36","15yr",,,,,"2716183189.41",,,,,,""
"2021-08-11","'3138EQE57'","MBS","UMBS MORTPASS 4% 06/42","30yr",,,,,"2712787308.04",,,,,,"Y"
"2021-08-11","'36179VBF6'","MBS","GNMA II MORTPASS 3% 12/49","30yr",,,,,"2704974232.9",,,,,,""
"2021-08-11","'3140X5D83'","MBS","UMBS MORTPASS 3.5% 04/44","30yr",,,,,"2684672307.92",,,,,,"Y"
"2021-08-11","'31418DX80'","MBS","UMBS MORTPASS 1.5% 04/36","15yr",,,,,"2675044545.42",,,,,,""
"2021-08-11","'36179TCX1'","MBS","GNMA II 3.5% 07/47","30yr",,,,,"2671267613.43",,,,,,""
"2021-08-11","'31418DLT7'","MBS","UMBS MORTPASS 3% 02/50","30yr",,,,,"2667501858.76",,,,,,""
"2021-08-11","'31418DVX7'","MBS","UMBS MORTPASS 2% 01/36","15yr",,,,,"2662732301.35",,,,,,""
"2021-08-11","'31418DYY2'","MBS","UMBS MORTPASS 2.5% 05/51","30yr",,,,,"2658010448.66",,,,,,""
"2021-08-11","'3132D55H1'","MBS","UMBS MORTPASS 2% 06/35","15yr",,,,,"2657113361.74",,,,,,""
"2021-08-11","'31335AT40'","MBS","FHLMCGLD 4% 05/44","30yr",,,,,"2623098197.75",,,,,,"Y"
"2021-08-11","'31418DX98'","MBS","UMBS MORTPASS 2% 04/36","15yr",,,,,"2615762657.3",,,,,,""
"2021-08-11","'3132D56Q0'","MBS","UMBS MORTPASS 2% 12/35","15yr",,,,,"2614178532.07",,,,,,""
"2021-08-11","'31418D2R2'","MBS","UMBS MORTPASS 2% 07/36","15yr",,,,,"2591808948.3",,,,,,""
"2021-08-11","'31418DVW9'","MBS","UMBS MORTPASS 1.5% 01/36","15yr",,,,,"2587957033.09",,,,,,""
"2021-08-11","'3132DV5K7'","MBS","UMBS MORTPASS 3% 03/50","30yr",,,,,"2583581428.66",,,,,,""
"2021-08-11","'36179UZT2'","MBS","GNMA II 3.5% 09/49","30yr",,,,,"2569275335.58",,,,,,""
"2021-08-11","'3132D57K2'","MBS","UMBS MORTPASS 2% 04/36","15yr",,,,,"2568609682.48",,,,,,""
"2021-08-11","'3132D56Z0'","MBS","UMBS MORTPASS 1.5% 02/36","15yr",,,,,"2558782997.09",,,,,,""
"2021-08-11","'3132D6AK6'","MBS","UMBS MORTPASS 1.5% 07/36","15yr",,,,,"2549089249.47",,,,,,""
"2021-08-11","'3132D57D8'","MBS","UMBS MORTPASS 1.5% 03/36","15yr",,,,,"2546000616.85",,,,,,""
"2021-08-11","'3140J52N8'","MBS","UMBS MORTPASS 3% 09/31","15yr",,,,,"2536596566.04",,,,,,"Y"
"2021-08-11","'3140X5D91'","MBS","UMBS MORTPASS 4% 06/47","30yr",,,,,"2525798103.45",,,,,,"Y"
"2021-08-11","'3138ETP42'","MBS","UMBS MORTPASS 3.5% 09/43","30yr",,,,,"2489871593.44",,,,,,"Y"
"2021-08-11","'36179MX39'","MBS","GNMA II MORTPASS 3% 01/43","30yr",,,,,"2472619630.95",,,,,,""
"2021-08-11","'36179NF60'","MBS","GNMA II MORTPASS 3% 06/43","30yr",,,,,"2465228102.35",,,,,,""
"2021-08-11","'31418DXH0'","MBS","UMBS MORTPASS 2% 03/36","15yr",,,,,"2461226285.3",,,,,,""
"2021-08-11","'31335AVQ8'","MBS","FHLMCGLD 4% 12/44","30yr",,,,,"2450660626.44",,,,,,"Y"
"2021-08-11","'31418DKQ4'","MBS","UMBS MORTPASS 2.5% 01/50","30yr",,,,,"2430969386.08",,,,,,""
"2021-08-11","'31418DN65'","MBS","UMBS MORTPASS 2% 05/35","15yr",,,,,"2421388694.57",,,,,,""
"2021-08-11","'36179M5L0'","MBS","GNMA II MORTPASS 3% 03/43","30yr",,,,,"2397263077.7",,,,,,""
"2021-08-11","'3140J5G29'","MBS","UMBS MORTPASS 3% 03/46","30yr",,,,,"2395041648.34",,,,,,"Y"
"2021-08-11","'3138ETK62'","MBS","UMBS MORTPASS 2.5% 01/28","15yr",,,,,"2388777655.67",,,,,,"Y"
"2021-08-11","'3622AADG6'","MBS","GNMA I 3.5% 10/43","30yr",,,,,"2376075726",,,,,,"Y"
"2021-08-11","'31418DZZ8'","MBS","UMBS MORTPASS 1.5% 06/36","15yr",,,,,"2362295708.06",,,,,,""
"2021-08-11","'31335ASU3'","MBS","FHLMCGLD 3.5% 10/43","30yr",,,,,"2357506466.49",,,,,,"Y"
"2021-08-11","'3132D57J5'","MBS","UMBS MORTPASS 1.5% 04/36","15yr",,,,,"2350397582.21",,,,,,""
"2021-08-11","'31335AVT2'","MBS","FHLMCGLD 3.5% 02/45","30yr",,,,,"2344745402.93",,,,,,"Y"
"2021-08-11","'31418D2Q4'","MBS","UMBS MORTPASS 1.5% 07/36","15yr",,,,,"2342171147.66",,,,,,""
"2021-08-11","'3132DV5R2'","MBS","UMBS MORTPASS 3% 04/50","30yr",,,,,"2340527471.95",,,,,,""
"2021-08-11","'36179VN30'","MBS","GNMA II MORTPASS 3% 06/50","30yr",,,,,"2330092529.03",,,,,,""
"2021-08-11","'3132D55D0'","MBS","UMBS MORTPASS 2% 05/35","15yr",,,,,"2323744701.23",,,,,,""
"2021-08-11","'36179VDN7'","MBS","GNMA II MORTPASS 3% 01/50","30yr",,,,,"2300825184.58",,,,,,""
"2021-08-11","'3138ETRH1'","MBS","UMBS MORTPASS 2.5% 10/28","15yr",,,,,"2285302037.55",,,,,,"Y"
"2021-08-11","'36179SEG8'","MBS","GNMA II MORTPASS 3% 06/46","30yr",,,,,"2253242819.29",,,,,,""
"2021-08-11","'3132D6AP5'","MBS","UMBS MORTPASS 1.5% 08/36","15yr",,,,,"2251199461",,,,,,""
"2021-08-11","'36179U4C3'","MBS","GNMA II 3.5% 10/49","30yr",,,,,"2231799698.15",,,,,,""
"2021-08-11","'31418D3L4'","MBS","UMBS MORTPASS 1.5% 08/36","15yr",,,,,"2222966249",,,,,,""
"2021-08-11","'31335ASZ2'","MBS","FHLMCGLD 4% 04/44","30yr",,,,,"2215518774.47",,,,,,"Y"
"2021-08-11","'3132DV3Z6'","MBS","UMBS MORTPASS 3% 10/49","30yr",,,,,"2212962868.15",,,,,,""
"2021-08-11","'31335APU6'","MBS","FHLMCGLD 3.5% 08/43","30yr",,,,,"2188452411.63",,,,,,"Y"
"2021-08-11","'3138ETRD0'","MBS","UMBS MORTPASS 3% 10/44","30yr",,,,,"2188048264.4",,,,,,"Y"
"2021-08-11","'36179MVR8'","MBS","GNMA II MORTPASS 3% 12/42","30yr",,,,,"2180785907.07",,,,,,""
"2021-08-11","'3140X6C58'","MBS","UMBS MORTPASS 2.5% 04/50","30yr",,,,,"2179735379.92",,,,,,""
"2021-08-11","'3132D57A4'","MBS","UMBS MORTPASS 2% 02/36","15yr",,,,,"2177397340.96",,,,,,""
"2021-08-11","'36179SGK7'","MBS","GNMA II MORTPASS 3% 07/46","30yr",,,,,"2157554335.63",,,,,,""
"2021-08-11","'3132D6AL4'","MBS","UMBS MORTPASS 2% 07/36","15yr",,,,,"2149873662.86",,,,,,""
"2021-08-11","'3128MFDA3'","MBS","FHLMCGLD 2.5% 02/31","15yr",,,,,"2147612816.48",,,,,,"Y"
"2021-08-11","'31418DFQ0'","MBS","UMBS MORTPASS 3% 09/49","30yr",,,,,"2146382241.76",,,,,,""
"2021-08-11","'36179VHR4'","MBS","GNMA II 2.5% 03/50","30yr",,,,,"2091918844.7",,,,,,""
"2021-08-11","'31418DGL0'","MBS","UMBS MORTPASS 3% 10/49","30yr",,,,,"2075318502.07",,,,,,""
"2021-08-11","'31418DXG2'","MBS","UMBS MORTPASS 1.5% 03/36","15yr",,,,,"2073479365.68",,,,,,""
"2021-08-11","'31335BKE5'","MBS","FHLMCGLD 4% 08/46","30yr",,,,,"2051770160.97",,,,,,"Y"
"2021-08-11","'3128MEVK4'","MBS","FHLMCGLD 2.5% 07/29","15yr",,,,,"2038281905.69",,,,,,"Y"
"2021-08-11","'3128MFGD4'","MBS","FHLMCGLD 3% 05/31","15yr",,,,,"2036824384.15",,,,,,"Y"
"2021-08-11","'36179UZS4'","MBS","GNMA II MORTPASS 3% 09/49","30yr",,,,,"2035451442.46",,,,,,""
"2021-08-11","'36179UXT4'","MBS","GNMA II 3.5% 08/49","30yr",,,,,"2030490529.45",,,,,,""
"2021-08-11","'36179VDM9'","MBS","GNMA II 2.5% 01/50","30yr",,,,,"2005228551.08",,,,,,""
"2021-08-11","'3138ETAD8'","MBS","UMBS MORTPASS 4% 02/43","30yr",,,,,"1980065618.55",,,,,,"Y"
"2021-08-11","'36179U6V9'","MBS","GNMA II 3.5% 11/49","30yr",,,,,"1975688339.19",,,,,,""
"2021-08-11","'36179RLP2'","MBS","GNMA II 3.5% 08/45","30yr",,,,,"1973429842.82",,,,,,""
"2021-08-11","'31335CJY1'","MBS","FHLMCGLD 4% 02/49","30yr",,,,,"1958115797.34",,,,,,"Y"
"2021-08-11","'3128MEVJ7'","MBS","FHLMCGLD 2.5% 11/28","15yr",,,,,"1937646454.16",,,,,,"Y"
"2021-08-11","'3622AAD92'","MBS","GNMA I 4.5% 01/40","30yr",,,,,"1916236731.73",,,,,,"Y"
"2021-08-11","'36179VSF8'","MBS","GNMA II MORTPASS 2% 08/50","30yr",,,,,"1905153332.25",,,,,,""
"2021-08-11","'3138EQRP9'","MBS","UMBS MORTPASS 4% 06/43","30yr",,,,,"1903525535.6",,,,,,"Y"
"2021-08-11","'36179SB71'","MBS","GNMA II MORTPASS 3% 05/46","30yr",,,,,"1899094199.2",,,,,,""
"2021-08-11","'31418DHK1'","MBS","UMBS MORTPASS 2.5% 11/49","30yr",,,,,"1898483775.66",,,,,,""
"2021-08-11","'31418DWX6'","MBS","UMBS MORTPASS 2% 02/36","15yr",,,,,"1871133036.29",,,,,,""
"2021-08-11","'3140X5SA2'","MBS","UMBS MORTPASS 4% 01/49","30yr",,,,,"1857994368.82",,,,,,"Y"
"2021-08-11","'31335AL89'","MBS","FHLMCGLD 3.5% 10/42","30yr",,,,,"1826470291.62",,,,,,"Y"
"2021-08-11","'31418DY30'","MBS","UMBS MORTPASS 2% 05/36","15yr",,,,,"1825196995.87",,,,,,""
"2021-08-11","'31335ASV1'","MBS","FHLMCGLD 4% 12/43","30yr",,,,,"1815930178.51",,,,,,"Y"
"2021-08-11","'31335BSB3'","MBS","FHLMCGLD 4% 02/47","30yr",,,,,"1812716805.28",,,,,,"Y"
"2021-08-11","'36179U6U1'","MBS","GNMA II MORTPASS 3% 11/49","30yr",,,,,"1788913610.94",,,,,,""
"2021-08-11","'3132DV4G7'","MBS","UMBS MORTPASS 2.5% 11/49","30yr",,,,,"1788496367.63",,,,,,""
"2021-08-11","'36179MSW1'","MBS","GNMA II MORTPASS 3% 11/42","30yr",,,,,"1787926308.4",,,,,,""
"2021-08-11","'36179SNU7'","MBS","GNMA II MORTPASS 3% 10/46","30yr",,,,,"1785917548.67",,,,,,""
"2021-08-11","'3132D56D9'","MBS","UMBS MORTPASS 1.5% 10/35","15yr",,,,,"1737389054.22",,,,,,""
"2021-08-11","'3138ETRJ7'","MBS","UMBS MORTPASS 2.5% 03/29","15yr",,,,,"1723417043.3",,,,,,"Y"
"2021-08-11","'3140X7B73'","MBS","UMBS MORTPASS 2.5% 07/50","30yr",,,,,"1716596670.89",,,,,,""
"2021-08-11","'3132DV4V4'","MBS","UMBS MORTPASS 3% 01/50","30yr",,,,,"1713547429.15",,,,,,""
"2021-08-11","'3128MEY39'","MBS","FHLMCGLD 2.5% 11/28","15yr",,,,,"1707556819.17",,,,,,"Y"
"2021-08-11","'31418DV66'","MBS","UMBS MORTPASS 1.5% 01/51","30yr",,,,,"1700004240.83",,,,,,""
"2021-08-11","'3132DWBQ5'","MBS","UMBS MORTPASS 2.5% 05/51","30yr",,,,,"1699141994.65",,,,,,""
"2021-08-11","'36179NDQ8'","MBS","GNMA II MORTPASS 3% 05/43","30yr",,,,,"1694616814.67",,,,,,""
"2021-08-11","'36179VBE9'","MBS","GNMA II 2.5% 12/49","30yr",,,,,"1664441285.52",,,,,,""
"2021-08-11","'31418DP97'","MBS","UMBS MORTPASS 2% 06/50","30yr",,,,,"1659285512.53",,,,,,""
"2021-08-11","'36179VFN5'","MBS","GNMA II 2.5% 02/50","30yr",,,,,"1649961178.16",,,,,,""
"2021-08-11","'3138EQ2N1'","MBS","UMBS MORTPASS 2.5% 03/43","30yr",,,,,"1641755385.88",,,,,,"Y"
"2021-08-11","'3138ETP59'","MBS","UMBS MORTPASS 4% 03/45","30yr",,,,,"1640566716.98",,,,,,"Y"
"2021-08-11","'3140J6GK7'","MBS","UMBS MORTPASS 3.5% 12/46","30yr",,,,,"1639663314.35",,,,,,""
"2021-08-11","'36179SLS4'","MBS","GNMA II 3.5% 09/46","30yr",,,,,"1635769920.9",,,,,,""
"2021-08-11","'31418DQF2'","MBS","UMBS MORTPASS 2.5% 06/35","15yr",,,,,"1632825264.29",,,,,,""
"2021-08-11","'36179S5L7'","MBS","GNMA II 3.5% 05/47","30yr",,,,,"1622823140.8",,,,,,""
"2021-08-11","'36179RF87'","MBS","GNMA II MORTPASS 3% 06/45","30yr",,,,,"1616365806.28",,,,,,""
"2021-08-11","'36179NBA5'","MBS","GNMA II MORTPASS 3% 04/43","30yr",,,,,"1601860707.38",,,,,,""
"2021-08-11","'3132D57E6'","MBS","UMBS MORTPASS 2% 03/36","15yr",,,,,"1600567035.81",,,,,,""
"2021-08-11","'36179TEZ4'","MBS","GNMA II 3.5% 08/47","30yr",,,,,"1591638722.64",,,,,,""
"2021-08-11","'3138EQF98'","MBS","UMBS MORTPASS 4% 01/41","30yr",,,,,"1574921258.23",,,,,,"Y"
"2021-08-11","'36179RNW5'","MBS","GNMA II 3.5% 09/45","30yr",,,,,"1568240056.62",,,,,,""
"2021-08-11","'36179SGL5'","MBS","GNMA II 3.5% 07/46","30yr",,,,,"1555758924.85",,,,,,""
"2021-08-11","'3138EQGC0'","MBS","UMBS MORTPASS 4.5% 01/41","30yr",,,,,"1549982088.38",,,,,,"Y"
"2021-08-11","'36179TAK1'","MBS","GNMA II 3.5% 06/47","30yr",,,,,"1549273739",,,,,,""
"2021-08-11","'36179UXU1'","MBS","GNMA II MORTPASS 4% 08/49","30yr",,,,,"1531745082.78",,,,,,""
"2021-08-11","'31335AT24'","MBS","FHLMCGLD 3.5% 10/43","30yr",,,,,"1511114172.44",,,,,,"Y"
"2021-08-11","'36179RJE0'","MBS","GNMA II 3.5% 07/45","30yr",,,,,"1492612086.43",,,,,,""
"2021-08-11","'36179RBX6'","MBS","GNMA II 3.5% 04/45","30yr",,,,,"1491388123.97",,,,,,""
"2021-08-11","'3138ETK70'","MBS","UMBS MORTPASS 3.5% 08/44","30yr",,,,,"1477136542.02",,,,,,"Y"
"2021-08-11","'36179RXD6'","MBS","GNMA II 3.5% 01/46","30yr",,,,,"1469479208.01",,,,,,""
"2021-08-11","'3132DV5Q4'","MBS","UMBS MORTPASS 2.5% 04/50","30yr",,,,,"1464769194.54",,,,,,""
"2021-08-11","'36179SNV5'","MBS","GNMA II 3.5% 10/46","30yr",,,,,"1462763233.87",,,,,,""
"2021-08-11","'3138ETRL2'","MBS","UMBS MORTPASS 3% 07/29","15yr",,,,,"1454400963.88",,,,,,"Y"
"2021-08-11","'3138ETRF5'","MBS","UMBS MORTPASS 3.5% 10/45","30yr",,,,,"1444697101.89",,,,,,"Y"
"2021-08-11","'36179SUU9'","MBS","GNMA II MORTPASS 3% 01/47","30yr",,,,,"1441013242.15",,,,,,""
"2021-08-11","'36179RZT9'","MBS","GNMA II 3.5% 02/46","30yr",,,,,"1435674525.44",,,,,,""
"2021-08-11","'3138EQV90'","MBS","UMBS MORTPASS 4% 09/42","30yr",,,,,"1432831508.26",,,,,,"Y"
"2021-08-11","'3138EQQ62'","MBS","UMBS MORTPASS 4.5% 01/42","30yr",,,,,"1423532217.13",,,,,,"Y"
"2021-08-11","'36179Q6P1'","MBS","GNMA II 3.5% 03/45","30yr",,,,,"1413187225.39",,,,,,""
"2021-08-11","'36179UV90'","MBS","GNMA II MORTPASS 4% 07/49","30yr",,,,,"1394856682.51",,,,,,""
"2021-08-11","'36179S2P1'","MBS","GNMA II 3.5% 04/47","30yr",,,,,"1389025132.96",,,,,,""
"2021-08-11","'36179MAX8'","MBS","GNMA II 3.5% 04/42","30yr",,,,,"1382275576.47",,,,,,""
"2021-08-11","'3140X5R88'","MBS","UMBS MORTPASS 3% 01/48","30yr",,,,,"1381597190.46",,,,,,"Y"
"2021-08-11","'3132D6AQ3'","MBS","UMBS MORTPASS 2% 08/36","15yr",,,,,"1371149176",,,,,,""
"2021-08-11","'36179QT43'","MBS","GNMA II 3.5% 11/44","30yr",,,,,"1351964289.3",,,,,,""
"2021-08-11","'3138EQE40'","MBS","UMBS MORTPASS 4.5% 11/42","30yr",,,,,"1349066312.22",,,,,,"Y"
"2021-08-11","'3132DV3T0'","MBS","UMBS MORTPASS 3% 09/49","30yr",,,,,"1346129743.96",,,,,,""
"2021-08-11","'31418DET5'","MBS","UMBS MORTPASS 3.5% 08/49","30yr",,,,,"1342651960.55",,,,,,""
"2021-08-11","'36179NLD8'","MBS","GNMA II 3.5% 08/43","30yr",,,,,"1339707557.62",,,,,,""
"2021-08-11","'3128M8WR1'","MBS","FHLMCGLD 4.5% 11/39","30yr",,,,,"1329746950.06",,,,,,"Y"
"2021-08-11","'31418DFR8'","MBS","UMBS MORTPASS 3.5% 09/49","30yr",,,,,"1323654973.07",,,,,,""
"2021-08-11","'36179U4A7'","MBS","GNMA II 2.5% 10/49","30yr",,,,,"1313773801.6",,,,,,""
"2021-08-11","'31418DUC4'","MBS","UMBS MORTPASS 1.5% 11/35","15yr",,,,,"1311422085.19",,,,,,""
"2021-08-11","'31418DWW8'","MBS","UMBS MORTPASS 1.5% 02/36","15yr",,,,,"1303231439.85",,,,,,""
"2021-08-11","'36179RF95'","MBS","GNMA II 3.5% 06/45","30yr",,,,,"1303134371.49",,,,,,""
"2021-08-11","'3138EQ7B2'","MBS","UMBS MORTPASS 4% 04/43","30yr",,,,,"1300336874.64",,,,,,"Y"
"2021-08-11","'36179RD71'","MBS","GNMA II 3.5% 05/45","30yr",,,,,"1299012200.91",,,,,,""
"2021-08-11","'31418DUF7'","MBS","UMBS MORTPASS 1.5% 11/50","30yr",,,,,"1295014689.4",,,,,,""
"2021-08-11","'36179NH92'","MBS","GNMA II MORTPASS 3% 07/43","30yr",,,,,"1293133174.44",,,,,,""
"2021-08-11","'36179RJD2'","MBS","GNMA II MORTPASS 3% 07/45","30yr",,,,,"1278604372.24",,,,,,""
"2021-08-11","'3140X4LU8'","MBS","UMBS MORTPASS 4% 03/49","30yr",,,,,"1277639703.26",,,,,,""
"2021-08-11","'3140X6NU1'","MBS","UMBS MORTPASS 4% 09/49","30yr",,,,,"1264865246.26",,,,,,""
"2021-08-11","'36179SQW0'","MBS","GNMA II 3.5% 11/46","30yr",,,,,"1253463426.34",,,,,,""
"2021-08-11","'3132DV5C5'","MBS","UMBS MORTPASS 2.5% 02/50","30yr",,,,,"1251046579.39",,,,,,""
"2021-08-11","'3132DV6D2'","MBS","UMBS MORTPASS 3% 06/50","30yr",,,,,"1246527051.01",,,,,,""
"2021-08-11","'31418DLS9'","MBS","UMBS MORTPASS 2.5% 02/50","30yr",,,,,"1246006051.16",,,,,,""
"2021-08-11","'31335CJU9'","MBS","FHLMCGLD 3.5% 01/44","30yr",,,,,"1245140529.66",,,,,,"Y"
"2021-08-11","'31418DJQ6'","MBS","UMBS MORTPASS 2.5% 12/49","30yr",,,,,"1233896784.1",,,,,,""
"2021-08-11","'3138ETRM0'","MBS","UMBS MORTPASS 2.5% 09/30","15yr",,,,,"1230696847.98",,,,,,"Y"
"2021-08-11","'3138EQWA6'","MBS","UMBS MORTPASS 3.5% 10/41","30yr",,,,,"1221495142.16",,,,,,"Y"
"2021-08-11","'36179MQN3'","MBS","GNMA II MORTPASS 3% 10/42","30yr",,,,,"1211765435.17",,,,,,""
"2021-08-11","'31418DHL9'","MBS","UMBS MORTPASS 3% 11/49","30yr",,,,,"1208428675.2",,,,,,""
"2021-08-11","'3138ETRK4'","MBS","UMBS MORTPASS 2.5% 09/27","15yr",,,,,"1206522410.74",,,,,,"Y"
"2021-08-11","'36179SQV2'","MBS","GNMA II MORTPASS 3% 11/46","30yr",,,,,"1205438555.11",,,,,,""
"2021-08-11","'31418D3M2'","MBS","UMBS MORTPASS 2% 08/36","15yr",,,,,"1203451690",,,,,,""
"2021-08-11","'36179QYS4'","MBS","GNMA II 3.5% 01/45","30yr",,,,,"1202370470.68",,,,,,""
"2021-08-11","'3138ETRE8'","MBS","UMBS MORTPASS 3.5% 10/43","30yr",,,,,"1191590670.9",,,,,,"Y"
"2021-08-11","'3138ETU38'","MBS","UMBS MORTPASS 3% 10/29","15yr",,,,,"1186427556.04",,,,,,"Y"
"2021-08-11","'3132DV4N2'","MBS","UMBS MORTPASS 2.5% 12/49","30yr",,,,,"1186018168.21",,,,,,""
"2021-08-11","'3140X5JR5'","MBS","UMBS MORTPASS 3.5% 03/44","30yr",,,,,"1182108232.73",,,,,,"Y"
"2021-08-11","'3140QDGX6'","MBS","UMBS MORTPASS 3% 04/50","30yr",,,,,"1174171265.91",,,,,,""
"2021-08-11","'3138ETUY0'","MBS","UMBS MORTPASS 3% 01/43","30yr",,,,,"1171336706.01",,,,,,"Y"
"2021-08-11","'36179MCZ1'","MBS","GNMA II 3.5% 05/42","30yr",,,,,"1167892896.39",,,,,,""
"2021-08-11","'36179UZU9'","MBS","GNMA II MORTPASS 4% 09/49","30yr",,,,,"1167295262.32",,,,,,""
"2021-08-11","'3128M8RL0'","MBS","FHLMCGLD 5% 02/40","30yr",,,,,"1163269280.62",,,,,,"Y"
"2021-08-11","'31418DQ54'","MBS","UMBS MORTPASS 2.5% 07/35","15yr",,,,,"1153615397.07",,,,,,""
"2021-08-11","'3132DV4W2'","MBS","UMBS MORTPASS 2.5% 01/50","30yr",,,,,"1149609998.77",,,,,,""
"2021-08-11","'3128M8WB6'","MBS","FHLMCGLD 5% 03/40","30yr",,,,,"1149034578.57",,,,,,"Y"
"2021-08-11","'3128MEWD9'","MBS","FHLMCGLD 2.5% 11/28","15yr",,,,,"1146564202.44",,,,,,"Y"
"2021-08-11","'36179QRY9'","MBS","GNMA II 3.5% 10/44","30yr",,,,,"1113757323.73",,,,,,""
"2021-08-11","'31418DWQ1'","MBS","UMBS MORTPASS 1.5% 02/51","30yr",,,,,"1099497251.74",,,,,,""
"2021-08-11","'3138ETUZ7'","MBS","UMBS MORTPASS 3% 12/28","15yr",,,,,"1087363899.99",,,,,,"Y"
"2021-08-11","'36179SUV7'","MBS","GNMA II 3.5% 01/47","30yr",,,,,"1084881751.74",,,,,,""
"2021-08-11","'3138ETVN3'","MBS","UMBS MORTPASS 2% 07/28","15yr",,,,,"1080224320.77",,,,,,"Y"
"2021-08-11","'3138ETE36'","MBS","UMBS MORTPASS 4% 12/42","30yr",,,,,"1075082952.46",,,,,,"Y"
"2021-08-11","'3622AADF8'","MBS","GNMA I MORTPASS 5% 04/40","30yr",,,,,"1062576539.4",,,,,,"Y"
"2021-08-11","'3138EQE32'","MBS","UMBS MORTPASS 4% 06/40","30yr",,,,,"1060485770.12",,,,,,"Y"
"2021-08-11","'31335AVW5'","MBS","FHLMCGLD 3.5% 04/45","30yr",,,,,"1055010466.5",,,,,,"Y"
"2021-08-11","'3140X47A8'","MBS","UMBS MORTPASS 4% 09/49","30yr",,,,,"1051262410.66",,,,,,""
"2021-08-11","'36179UV74'","MBS","GNMA II MORTPASS 3% 07/49","30yr",,,,,"1045750364.03",,,,,,""
"2021-08-11","'36179U6T4'","MBS","GNMA II 2.5% 11/49","30yr",,,,,"1043141874.25",,,,,,""
"2021-08-11","'36179SJT5'","MBS","GNMA II 3.5% 08/46","30yr",,,,,"1043016101.68",,,,,,""
"2021-08-11","'36179QWE7'","MBS","GNMA II 3.5% 12/44","30yr",,,,,"1030045614.45",,,,,,""
"2021-08-11","'3140J8CC5'","MBS","UMBS MORTPASS 3% 01/32","15yr",,,,,"1026471472.67",,,,,,"Y"
"2021-08-11","'3140X5JQ7'","MBS","UMBS MORTPASS 3% 09/43","30yr",,,,,"1016283866.81",,,,,,"Y"
"2021-08-11","'36179QBG5'","MBS","GNMA II MORTPASS 4% 04/44","30yr",,,,,"1011895806.87",,,,,,""
"2021-08-11","'36179UV82'","MBS","GNMA II 3.5% 07/49","30yr",,,,,"1007158937.45",,,,,,""
"2021-08-11","'36179NJA7'","MBS","GNMA II 3.5% 07/43","30yr",,,,,"1004582789.56",,,,,,""
"2021-08-11","'31418DN73'","MBS","UMBS MORTPASS 2.5% 05/35","15yr",,,,,"995248656.06",,,,,,""
"2021-08-11","'36179Q6N6'","MBS","GNMA II MORTPASS 3% 03/45","30yr",,,,,"993787155.27",,,,,,""
"2021-08-11","'36179RQ28'","MBS","GNMA II 3.5% 10/45","30yr",,,,,"989998579.28",,,,,,""
"2021-08-11","'3138EQQ70'","MBS","UMBS MORTPASS 4.5% 09/41","30yr",,,,,"980039500.3",,,,,,"Y"
"2021-08-11","'3138EQ2P6'","MBS","UMBS MORTPASS 2.5% 05/43","30yr",,,,,"977838167.56",,,,,,"Y"
"2021-08-11","'31335AVY1'","MBS","FHLMCGLD 3% 02/44","30yr",,,,,"975122731.87",,,,,,"Y"
"2021-08-11","'31418DPA4'","MBS","UMBS MORTPASS 2.5% 05/40","Other",,,,,"970803606.82",,,,,,""
"2021-08-11","'3140QG4X2'","MBS","UMBS MORTPASS 2% 02/51","30yr",,,,,"970444024.34",,,,,,""
"2021-08-11","'3140QG4Y0'","MBS","UMBS MORTPASS 2% 02/51","30yr",,,,,"970429364.93",,,,,,""
"2021-08-11","'31335ALU0'","MBS","FHLMCGLD 4% 06/42","30yr",,,,,"970138909.72",,,,,,"Y"
"2021-08-11","'3140QGVL8'","MBS","UMBS MORTPASS 2% 01/51","30yr",,,,,"968253334.25",,,,,,""
"2021-08-11","'31335AVX3'","MBS","FHLMCGLD 3.5% 08/45","30yr",,,,,"968236341.24",,,,,,"Y"
"2021-08-11","'3138ETE28'","MBS","UMBS MORTPASS 4% 04/43","30yr",,,,,"962032197.02",,,,,,"Y"
"2021-08-11","'31418DWS7'","MBS","UMBS MORTPASS 2.5% 02/51","30yr",,,,,"957938788.53",,,,,,""
"2021-08-11","'3132DV4H5'","MBS","UMBS MORTPASS 3% 11/49","30yr",,,,,"956595403.51",,,,,,""
"2021-08-11","'3138EGPC2'","MBS","UMBS MORTPASS 5% 04/40","30yr",,,,,"951243626.69",,,,,,"Y"
"2021-08-11","'3132DV3J2'","MBS","UMBS MORTPASS 3.5% 07/49","30yr",,,,,"950897054.49",,,,,,""
"2021-08-11","'3138ETRG3'","MBS","UMBS MORTPASS 3.5% 09/44","30yr",,,,,"948710554.5",,,,,,"Y"
"2021-08-11","'36179SEH6'","MBS","GNMA II 3.5% 06/46","30yr",,,,,"945048196.21",,,,,,""
"2021-08-11","'31335AVU9'","MBS","FHLMCGLD 4% 03/45","30yr",,,,,"937727390.88",,,,,,"Y"
"2021-08-11","'31335AHN1'","MBS","FHLMCGLD 4.5% 06/42","30yr",,,,,"934431594.27",,,,,,"Y"
"2021-08-11","'36179QPG0'","MBS","GNMA II 3.5% 09/44","30yr",,,,,"932621300.34",,,,,,""
"2021-08-11","'3128MJVR8'","MBS","FHLMCGLD 3.5% 01/45","30yr",,,,,"932140963.07",,,,,,""
"2021-08-11","'3140QFDN6'","MBS","UMBS MORTPASS 2% 10/50","30yr",,,,,"923755179.62",,,,,,""
"2021-08-11","'3128M8XK5'","MBS","FHLMCGLD 4.5% 11/39","30yr",,,,,"922683075.63",,,,,,"Y"
"2021-08-11","'3140X5KR3'","MBS","UMBS MORTPASS 2.5% 02/33","15yr",,,,,"917828762.5",,,,,,"Y"
"2021-08-11","'36179SYS0'","MBS","GNMA II 3.5% 03/47","30yr",,,,,"917609859.62",,,,,,""
"2021-08-11","'3138EGF33'","MBS","UMBS MORTPASS 5% 06/40","30yr",,,,,"911915584.41",,,,,,"Y"
"2021-08-11","'36179SB89'","MBS","GNMA II 3.5% 05/46","30yr",,,,,"910762387.4",,,,,,""
"2021-08-11","'3140QHH24'","MBS","UMBS MORTPASS 2% 02/51","30yr",,,,,"901534039.89",,,,,,""
"2021-08-11","'3132D55J7'","MBS","UMBS MORTPASS 2.5% 06/35","15yr",,,,,"897820628.11",,,,,,""
"2021-08-11","'36179RLN7'","MBS","GNMA II MORTPASS 3% 08/45","30yr",,,,,"885669035.49",,,,,,""
"2021-08-11","'3132D55N8'","MBS","UMBS MORTPASS 2.5% 07/35","15yr",,,,,"885152736.92",,,,,,""
"2021-08-11","'36179WJR0'","MBS","GNMA II 2.5% 07/51","30yr",,,,,"882269691",,,,,,""
"2021-08-11","'36179N2K3'","MBS","GNMA II MORTPASS 4% 02/44","30yr",,,,,"875791040.36",,,,,,""
"2021-08-11","'36179RD63'","MBS","GNMA II MORTPASS 3% 05/45","30yr",,,,,"869518218.74",,,,,,""
"2021-08-11","'3140J5NJ4'","MBS","UMBS MORTPASS 2.5% 10/31","15yr",,,,,"860304325.48",,,,,,"Y"
"2021-08-11","'31418DC67'","MBS","UMBS MORTPASS 3.5% 07/49","30yr",,,,,"853296360.93",,,,,,""
"2021-08-11","'31418DLL4'","MBS","UMBS MORTPASS 2.5% 02/35","15yr",,,,,"847643161.23",,,,,,""
"2021-08-11","'31418DKJ0'","MBS","UMBS MORTPASS 2.5% 01/35","15yr",,,,,"847116663.36",,,,,,""
"2021-08-11","'3138ETU46'","MBS","UMBS MORTPASS 3% 05/30","15yr",,,,,"840916790.35",,,,,,"Y"
"2021-08-11","'36179NTE8'","MBS","GNMA II MORTPASS 4% 11/43","30yr",,,,,"837137669.77",,,,,,""
"2021-08-11","'36179RBW8'","MBS","GNMA II MORTPASS 3% 04/45","30yr",,,,,"836232614.8",,,,,,""
"2021-08-11","'36179QL58'","MBS","GNMA II 3.5% 08/44","30yr",,,,,"832487270.26",,,,,,""
"2021-08-11","'3128METQ4'","MBS","FHLMCGLD 2.5% 11/27","15yr",,,,,"828121451",,,,,,"Y"
"2021-08-11","'3132DV3N3'","MBS","UMBS MORTPASS 3.5% 08/49","30yr",,,,,"827851731.08",,,,,,""
"2021-08-11","'3138ETUX2'","MBS","UMBS MORTPASS 3.5% 01/45","30yr",,,,,"827459514.24",,,,,,"Y"
"2021-08-11","'3128MFAS7'","MBS","FHLMCGLD 2% 11/28","15yr",,,,,"821689538.67",,,,,,"Y"
"2021-08-11","'36179NVN5'","MBS","GNMA II 3.5% 12/43","30yr",,,,,"807271602.03",,,,,,""
"2021-08-11","'3140QEMH2'","MBS","UMBS MORTPASS 2.5% 08/50","30yr",,,,,"805031880.87",,,,,,""
"2021-08-11","'3138ETVU7'","MBS","UMBS MORTPASS 2.5% 09/30","15yr",,,,,"800337988.62",,,,,,"Y"
"2021-08-11","'3132AEJ72'","MBS","UMBS MORTPASS 3.5% 06/49","30yr",,,,,"795734992.36",,,,,,""
"2021-08-11","'3133KGXT0'","MBS","UMBS MORTPASS 3% 11/49","30yr",,,,,"793645274.04",,,,,,""
"2021-08-11","'36179NQ43'","MBS","GNMA II 3.5% 10/43","30yr",,,,,"788819431.47",,,,,,""
"2021-08-11","'3128MFMC9'","MBS","FHLMCGLD 3% 03/32","15yr",,,,,"787924846.42",,,,,,"Y"
"2021-08-11","'36179QJS1'","MBS","GNMA II 3.5% 07/44","30yr",,,,,"785176441.53",,,,,,""
"2021-08-11","'31418DQA3'","MBS","UMBS MORTPASS 3% 06/50","30yr",,,,,"772698547.19",,,,,,""
"2021-08-11","'31418DES7'","MBS","UMBS MORTPASS 3% 08/49","30yr",,,,,"765208721.13",,,,,,""
"2021-08-11","'36179NNB0'","MBS","GNMA II MORTPASS 4% 09/43","30yr",,,,,"762515612.18",,,,,,""
"2021-08-11","'3138EGWB6'","MBS","UMBS MORTPASS 5% 07/40","30yr",,,,,"760687935.25",,,,,,"Y"
"2021-08-11","'36179R4E6'","MBS","GNMA II 3.5% 03/46","30yr",,,,,"760292019.33",,,,,,""
"2021-08-11","'3140X5EB5'","MBS","UMBS MORTPASS 4.5% 07/48","30yr",,,,,"759802523.34",,,,,,"Y"
"2021-08-11","'31418C4W1'","MBS","UMBS MORTPASS 4% 12/48","30yr",,,,,"758221701.9",,,,,,""
"2021-08-11","'3128MEWE7'","MBS","FHLMCGLD 3% 01/29","15yr",,,,,"753937245.59",,,,,,"Y"
"2021-08-11","'3622AADE1'","MBS","GNMA I MORTPASS 4% 10/41","30yr",,,,,"753486872.38",,,,,,"Y"
"2021-08-11","'3132DV6R1'","MBS","UMBS MORTPASS 2% 06/50","30yr",,,,,"743462476.09",,,,,,""
"2021-08-11","'3138ETVQ6'","MBS","UMBS MORTPASS 2% 05/28","15yr",,,,,"743398522.02",,,,,,"Y"
"2021-08-11","'3140X5D75'","MBS","UMBS MORTPASS 4% 10/44","30yr",,,,,"742892386.63",,,,,,"Y"
"2021-08-11","'3132DWBS1'","MBS","UMBS MORTPASS 1.5% 06/51","30yr",,,,,"741610813.34",,,,,,""
"2021-08-11","'3138ETU20'","MBS","UMBS MORTPASS 3% 02/28","15yr",,,,,"738735108.54",,,,,,"Y"
"2021-08-11","'3140QGKQ9'","MBS","UMBS MORTPASS 2% 12/35","15yr",,,,,"735640338.83",,,,,,""
"2021-08-11","'3138ETAE6'","MBS","UMBS MORTPASS 3% 08/28","15yr",,,,,"734522973.28",,,,,,"Y"
"2021-08-11","'3140X6NA5'","MBS","UMBS MORTPASS 4% 03/49","30yr",,,,,"732595371.27",,,,,,""
"2021-08-11","'3133KYTD1'","MBS","UMBS MORTPASS 2.5% 05/40","Other",,,,,"730366178.61",,,,,,""
"2021-08-11","'3140QDWH3'","MBS","UMBS MORTPASS 2.5% 06/50","30yr",,,,,"726489688.66",,,,,,""
"2021-08-11","'3128M8QT4'","MBS","FHLMCGLD 4.5% 07/40","30yr",,,,,"726307622.91",,,,,,"Y"
"2021-08-11","'31418DGK2'","MBS","UMBS MORTPASS 2.5% 10/49","30yr",,,,,"722289461.82",,,,,,""
"2021-08-11","'31418DYC0'","MBS","UMBS MORTPASS 2.5% 04/51","30yr",,,,,"717935470.98",,,,,,""
"2021-08-11","'36179SWX1'","MBS","GNMA II 3.5% 02/47","30yr",,,,,"717081364.09",,,,,,""
"2021-08-11","'36179QDZ1'","MBS","GNMA II MORTPASS 4% 05/44","30yr",,,,,"711203472.82",,,,,,""
"2021-08-11","'36179NX52'","MBS","GNMA II 3.5% 01/44","30yr",,,,,"709533391.83",,,,,,""
"2021-08-11","'36179NQ50'","MBS","GNMA II MORTPASS 4% 10/43","30yr",,,,,"708226490.93",,,,,,""
"2021-08-11","'36202F4Q6'","MBS","GNMA II 3.5% 03/42","30yr",,,,,"704417744.65",,,,,,""
"2021-08-11","'3138ETVP8'","MBS","UMBS MORTPASS 3% 03/30","15yr",,,,,"704107333.76",,,,,,"Y"
"2021-08-11","'3128M8QZ0'","MBS","FHLMCGLD 5% 05/40","30yr",,,,,"703578725.91",,,,,,"Y"
"2021-08-11","'31335AT81'","MBS","FHLMCGLD 3.5% 05/43","30yr",,,,,"702419107.35",,,,,,"Y"
"2021-08-11","'3140J6GQ4'","MBS","UMBS MORTPASS 4% 01/48","30yr",,,,,"701593054.68",,,,,,""
"2021-08-11","'31418DPC0'","MBS","UMBS MORTPASS 2% 05/50","30yr",,,,,"701474884.09",,,,,,""
"2021-08-11","'3132DV3U7'","MBS","UMBS MORTPASS 3.5% 09/49","30yr",,,,,"700227386.66",,,,,,""
"2021-08-11","'36179QGC9'","MBS","GNMA II 3.5% 06/44","30yr",,,,,"699646574.14",,,,,,""
"2021-08-11","'31418DJJ2'","MBS","UMBS MORTPASS 2.5% 12/34","15yr",,,,,"697566788.03",,,,,,""
"2021-08-11","'3140X5DZ3'","MBS","UMBS MORTPASS 3% 09/43","30yr",,,,,"697238857.63",,,,,,"Y"
"2021-08-11","'36179N5W4'","MBS","GNMA II MORTPASS 4% 03/44","30yr",,,,,"696422181.81",,,,,,""
"2021-08-11","'3133KJSG8'","MBS","UMBS MORTPASS 2.5% 08/50","30yr",,,,,"694438504.64",,,,,,""
"2021-08-11","'3128M8V27'","MBS","FHLMCGLD 4.5% 03/40","30yr",,,,,"694383874.7",,,,,,"Y"
"2021-08-11","'36179U4D1'","MBS","GNMA II MORTPASS 4% 10/49","30yr",,,,,"690872659.58",,,,,,""
"2021-08-11","'36179VQR4'","MBS","GNMA II MORTPASS 2% 07/50","30yr",,,,,"688013648.1",,,,,,""
"2021-08-11","'36179RS91'","MBS","GNMA II 3.5% 11/45","30yr",,,,,"681081878.15",,,,,,""
"2021-08-11","'3138ERQH6'","MBS","UMBS MORTPASS 3.5% 03/36","Other",,,,,"680309805.94",,,,,,"Y"
"2021-08-11","'3128M8X82'","MBS","FHLMCGLD 4.5% 09/39","30yr",,,,,"677983981.27",,,,,,"Y"
"2021-08-11","'3140QGXJ1'","MBS","UMBS MORTPASS 2% 01/51","30yr",,,,,"676586212.58",,,,,,""
"2021-08-11","'36179RVB2'","MBS","GNMA II 3.5% 12/45","30yr",,,,,"664354298.1",,,,,,""
"2021-08-11","'36179UQ47'","MBS","GNMA II 3.5% 04/49","30yr",,,,,"664281796.17",,,,,,""
"2021-08-11","'36179SWY9'","MBS","GNMA II MORTPASS 4% 02/47","30yr",,,,,"663919308.44",,,,,,""
"2021-08-11","'3132D54K5'","MBS","UMBS MORTPASS 2.5% 01/35","15yr",,,,,"662464323.2",,,,,,""
"2021-08-11","'3128M8X58'","MBS","FHLMCGLD 4.5% 06/39","30yr",,,,,"652843604.57",,,,,,"Y"
"2021-08-11","'31418DNA6'","MBS","UMBS MORTPASS 2.5% 04/35","15yr",,,,,"652580183.44",,,,,,""
"2021-08-11","'3132DWA60'","MBS","UMBS MORTPASS 2.5% 02/51","30yr",,,,,"647595046.36",,,,,,""
"2021-08-11","'3128MEWF4'","MBS","FHLMCGLD 3% 04/29","15yr",,,,,"647026345.84",,,,,,"Y"
"2021-08-11","'31418DKU5'","MBS","UMBS MORTPASS 3.5% 01/50","30yr",,,,,"645514429.02",,,,,,""
"2021-08-11","'36179SUW5'","MBS","GNMA II MORTPASS 4% 01/47","30yr",,,,,"644466201.85",,,,,,""
"2021-08-11","'3133KJLG5'","MBS","UMBS MORTPASS 2.5% 06/50","30yr",,,,,"640687648.82",,,,,,""
"2021-08-11","'36179MNG1'","MBS","GNMA II MORTPASS 3% 09/42","30yr",,,,,"638805385.54",,,,,,""
"2021-08-11","'3133KYTQ2'","MBS","UMBS MORTPASS 2.5% 07/40","Other",,,,,"634832502.55",,,,,,""
"2021-08-11","'36179Q3J8'","MBS","GNMA II 3.5% 02/45","30yr",,,,,"634093872.06",,,,,,""
"2021-08-11","'3138ETVR4'","MBS","UMBS MORTPASS 3% 05/30","15yr",,,,,"629995779.01",,,,,,"Y"
"2021-08-11","'31335AWZ7'","MBS","FHLMCGLD 3.5% 05/44","30yr",,,,,"625743106.82",,,,,,"Y"
"2021-08-11","'36179QDY4'","MBS","GNMA II 3.5% 05/44","30yr",,,,,"623502328.72",,,,,,""
"2021-08-11","'3140X5WF6'","MBS","UMBS MORTPASS 3% 02/50","30yr",,,,,"622335185.16",,,,,,""
"2021-08-11","'3128MEWG2'","MBS","FHLMCGLD 3% 08/29","15yr",,,,,"620980313.96",,,,,,"Y"
"2021-08-11","'31335CJ62'","MBS","FHLMCGLD 3.5% 02/49","30yr",,,,,"614331685.72",,,,,,"Y"
"2021-08-11","'3128MEWK3'","MBS","FHLMCGLD 3% 10/29","15yr",,,,,"609862017.8",,,,,,"Y"
"2021-08-11","'36179TCY9'","MBS","GNMA II MORTPASS 4% 07/47","30yr",,,,,"609689663.17",,,,,,""
"2021-08-11","'3128MFC97'","MBS","FHLMCGLD 3% 12/31","15yr",,,,,"608279574.01",,,,,,"Y"
"2021-08-11","'3140X5X32'","MBS","UMBS MORTPASS 4.5% 01/49","30yr",,,,,"607038007.86",,,,,,"Y"
"2021-08-11","'3132D55E8'","MBS","UMBS MORTPASS 2.5% 05/35","15yr",,,,,"606028846.1",,,,,,""
"2021-08-11","'3128MEWC1'","MBS","FHLMCGLD 3% 11/28","15yr",,,,,"605096187.52",,,,,,"Y"
"2021-08-11","'36179SSQ1'","MBS","GNMA II 3.5% 12/46","30yr",,,,,"604942004.33",,,,,,""
"2021-08-11","'31418C3D4'","MBS","UMBS MORTPASS 4% 10/48","30yr",,,,,"603479045.74",,,,,,""
"2021-08-11","'31418DTL6'","MBS","UMBS MORTPASS 1.5% 10/35","15yr",,,,,"602311568.03",,,,,,""
"2021-08-11","'31418DMD1'","MBS","UMBS MORTPASS 2.5% 03/35","15yr",,,,,"600179243.06",,,,,,""
"2021-08-11","'3128M8WL4'","MBS","FHLMCGLD 4.5% 10/39","30yr",,,,,"596007228.89",,,,,,"Y"
"2021-08-11","'3140QEMJ8'","MBS","UMBS MORTPASS 2.5% 08/50","30yr",,,,,"591781226.86",,,,,,""
"2021-08-11","'36179RNV7'","MBS","GNMA II MORTPASS 3% 09/45","30yr",,,,,"591078593.98",,,,,,""
"2021-08-11","'36179QGD7'","MBS","GNMA II MORTPASS 4% 06/44","30yr",,,,,"588328998.08",,,,,,""
"2021-08-11","'36179NF78'","MBS","GNMA II 3.5% 06/43","30yr",,,,,"584715916.58",,,,,,""
"2021-08-11","'3132D54D1'","MBS","UMBS MORTPASS 2.5% 12/34","15yr",,,,,"583054036.99",,,,,,""
"2021-08-11","'31335AL55'","MBS","FHLMCGLD 4% 09/41","30yr",,,,,"576005074.64",,,,,,"Y"
"2021-08-11","'36179NX60'","MBS","GNMA II MORTPASS 4% 01/44","30yr",,,,,"575922767.14",,,,,,""
"2021-08-11","'36179T7K5'","MBS","GNMA II MORTPASS 4% 08/48","30yr",,,,,"575370590",,,,,,""
"2021-08-11","'3133AKB90'","MBS","UMBS MORTPASS 2% 04/51","30yr",,,,,"574453589.8",,,,,,""
"2021-08-11","'36179NDR6'","MBS","GNMA II 3.5% 05/43","30yr",,,,,"571167364.14",,,,,,""
"2021-08-11","'36179NVP0'","MBS","GNMA II MORTPASS 4% 12/43","30yr",,,,,"568315242.65",,,,,,""
"2021-08-11","'36179NNA2'","MBS","GNMA II 3.5% 09/43","30yr",,,,,"566196161.01",,,,,,""
"2021-08-11","'3132AEEY8'","MBS","UMBS MORTPASS 3.5% 05/49","30yr",,,,,"566191443.04",,,,,,""
"2021-08-11","'31418CZ98'","MBS","UMBS MORTPASS 4% 09/48","30yr",,,,,"564618100.89",,,,,,""
"2021-08-11","'31418DJS2'","MBS","UMBS MORTPASS 3.5% 12/49","30yr",,,,,"563015544.84",,,,,,""
"2021-08-11","'3140JQQQ9'","MBS","UMBS MORTPASS 3.5% 07/49","30yr",,,,,"559280158.5",,,,,,""
"2021-08-11","'36179MG53'","MBS","GNMA II 3.5% 07/42","30yr",,,,,"556368189.71",,,,,,""
"2021-08-11","'3128M8RK2'","MBS","FHLMCGLD 4.5% 06/40","30yr",,,,,"554833197",,,,,,"Y"
"2021-08-11","'31418DXL1'","MBS","UMBS MORTPASS 2.5% 03/51","30yr",,,,,"554360885.68",,,,,,""
"2021-08-11","'31335AL71'","MBS","FHLMCGLD 4% 07/42","30yr",,,,,"553177367.89",,,,,,"Y"
"2021-08-11","'36202E7G8'","MBS","GNMA II 4.5% 07/39","30yr",,,,,"552583882.75",,,,,,""
"2021-08-11","'31418DZH8'","MBS","UMBS MORTPASS 1.5% 05/51","30yr",,,,,"549008829.24",,,,,,""
"2021-08-11","'3140K9EC9'","MBS","UMBS MORTPASS 2.5% 04/50","30yr",,,,,"544256893.41",,,,,,""
"2021-08-11","'36179UUJ9'","MBS","GNMA II 3.5% 06/49","30yr",,,,,"539906452.55",,,,,,""
"2021-08-11","'36179MK74'","MBS","GNMA II 3.5% 08/42","30yr",,,,,"539456532.74",,,,,,""
"2021-08-11","'3140K9EH8'","MBS","UMBS MORTPASS 2.5% 04/50","30yr",,,,,"539109074.9",,,,,,""
"2021-08-11","'3128M8V76'","MBS","FHLMCGLD 4% 08/39","30yr",,,,,"538124865.38",,,,,,"Y"
"2021-08-11","'36179UUK6'","MBS","GNMA II MORTPASS 4% 06/49","30yr",,,,,"536559048.96",,,,,,""
"2021-08-11","'36179TG41'","MBS","GNMA II 3.5% 09/47","30yr",,,,,"534017468.49",,,,,,""
"2021-08-11","'36179Q3H2'","MBS","GNMA II MORTPASS 3% 02/45","30yr",,,,,"532570951.13",,,,,,""
"2021-08-11","'3140X7WP0'","MBS","UMBS MORTPASS 2% 09/50","30yr",,,,,"532244189.99",,,,,,""
"2021-08-11","'36179R7H6'","MBS","GNMA II MORTPASS 3% 04/46","30yr",,,,,"529055394.37",,,,,,""
"2021-08-11","'3132D53Y6'","MBS","UMBS MORTPASS 2.5% 11/34","15yr",,,,,"527873857.59",,,,,,""
"2021-08-11","'36179ME30'","MBS","GNMA II 3.5% 06/42","30yr",,,,,"527340021.67",,,,,,""
"2021-08-11","'36179MNH9'","MBS","GNMA II 3.5% 09/42","30yr",,,,,"522219326.7",,,,,,""
"2021-08-11","'3128M8WU4'","MBS","FHLMCGLD 4% 05/39","30yr",,,,,"521527816.6",,,,,,"Y"
"2021-08-11","'3140L7X80'","MBS","UMBS MORTPASS 2% 05/51","30yr",,,,,"518384846.08",,,,,,""
"2021-08-11","'3140X7WQ8'","MBS","UMBS MORTPASS 2% 09/50","30yr",,,,,"518237468.41",,,,,,""
"2021-08-11","'31335CJM7'","MBS","FHLMCGLD 4.5% 01/48","30yr",,,,,"512979225.3",,,,,,"Y"
"2021-08-11","'3132D54Z2'","MBS","UMBS MORTPASS 2.5% 04/35","15yr",,,,,"512150615.38",,,,,,""
"2021-08-11","'36202F2L9'","MBS","GNMA II 3.5% 01/42","30yr",,,,,"511573985.7",,,,,,""
"2021-08-11","'3140X7WR6'","MBS","UMBS MORTPASS 2% 09/50","30yr",,,,,"509312992.31",,,,,,""
"2021-08-11","'31418DC59'","MBS","UMBS MORTPASS 3% 07/49","30yr",,,,,"509010450.42",,,,,,""
"2021-08-11","'31335AL48'","MBS","FHLMCGLD 3.5% 06/42","30yr",,,,,"503969662.57",,,,,,"Y"
"2021-08-11","'31418DFF4'","MBS","UMBS MORTPASS 2.5% 09/49","30yr",,,,,"503816346.69",,,,,,""
"2021-08-11","'31418DQG0'","MBS","UMBS MORTPASS 2.5% 06/40","Other",,,,,"501861240.66",,,,,,""
"2021-08-11","'36179SYT8'","MBS","GNMA II MORTPASS 4% 03/47","30yr",,,,,"499486168.94",,,,,,""
"2021-08-11","'36179RVA4'","MBS","GNMA II MORTPASS 3% 12/45","30yr",,,,,"497790822.58",,,,,,""
"2021-08-11","'3140KYDL5'","MBS","UMBS MORTPASS 2.5% 05/51","30yr",,,,,"496556595.46",,,,,,""
"2021-08-11","'31418DHD7'","MBS","UMBS MORTPASS 2.5% 11/34","15yr",,,,,"496455988.99",,,,,,""
"2021-08-11","'36179S5M5'","MBS","GNMA II MORTPASS 4% 05/47","30yr",,,,,"496067673.96",,,,,,""
"2021-08-11","'31418DCY6'","MBS","UMBS MORTPASS 3.5% 06/49","30yr",,,,,"495322889.75",,,,,,""
"2021-08-11","'3133A7FY0'","MBS","UMBS MORTPASS 2.5% 07/50","30yr",,,,,"490280769.23",,,,,,""
"2021-08-11","'3138EQRN4'","MBS","UMBS MORTPASS 3.5% 01/43","30yr",,,,,"489933049.41",,,,,,"Y"
"2021-08-11","'3140QEHJ4'","MBS","UMBS MORTPASS 2.5% 08/50","30yr",,,,,"488886870.62",,,,,,""
"2021-08-11","'31418DZU9'","MBS","UMBS MORTPASS 1.5% 06/51","30yr",,,,,"488695233.58",,,,,,""
"2021-08-11","'36179MSX9'","MBS","GNMA II 3.5% 11/42","30yr",,,,,"486117988.43",,,,,,""
"2021-08-11","'3140QEHP0'","MBS","UMBS MORTPASS 2% 08/35","15yr",,,,,"484203483.79",,,,,,""
"2021-08-11","'3140LQAH3'","MBS","UMBS MORTPASS 2% 06/51","30yr",,,,,"484121558.63",,,,,,""
"2021-08-11","'3132DMJ97'","MBS","UMBS MORTPASS 3.5% 04/50","30yr",,,,,"483016297.68",,,,,,""
"2021-08-11","'3133KHZ74'","MBS","UMBS MORTPASS 2.5% 04/50","30yr",,,,,"480765135.5",,,,,,""
"2021-08-11","'3140X5KS1'","MBS","UMBS MORTPASS 2.5% 02/29","15yr",,,,,"479104962.8",,,,,,"Y"
"2021-08-11","'3132ACYH7'","MBS","UMBS MORTPASS 4% 10/48","30yr",,,,,"477993011.85",,,,,,""
"2021-08-11","'3140QD2V5'","MBS","UMBS MORTPASS 2.5% 06/50","30yr",,,,,"477925242.03",,,,,,""
"2021-08-11","'36179QBF7'","MBS","GNMA II 3.5% 04/44","30yr",,,,,"476227480.29",,,,,,""
"2021-08-11","'36179TG58'","MBS","GNMA II MORTPASS 4% 09/47","30yr",,,,,"472804635.94",,,,,,""
"2021-08-11","'3140QGVD6'","MBS","UMBS MORTPASS 2% 01/36","15yr",,,,,"469636105.64",,,,,,""
"2021-08-11","'3140KYBM5'","MBS","UMBS MORTPASS 2% 04/51","30yr",,,,,"467619101.67",,,,,,""
"2021-08-11","'36179UZR6'","MBS","GNMA II 2.5% 09/49","30yr",,,,,"466998172.38",,,,,,""
"2021-08-11","'36202F3M6'","MBS","GNMA II 3.5% 02/42","30yr",,,,,"466943724.65",,,,,,""
"2021-08-11","'3140QGVE4'","MBS","UMBS MORTPASS 2% 01/36","15yr",,,,,"466320518.54",,,,,,""
"2021-08-11","'3138EQRD6'","MBS","UMBS MORTPASS 3% 05/28","15yr",,,,,"461558100.83",,,,,,"Y"
"2021-08-11","'3132DV3M5'","MBS","UMBS MORTPASS 3% 08/49","30yr",,,,,"459466139.13",,,,,,""
"2021-08-11","'3140X6KU4'","MBS","UMBS MORTPASS 3.5% 04/50","30yr",,,,,"459257520",,,,,,""
"2021-08-11","'36179NTD0'","MBS","GNMA II 3.5% 11/43","30yr",,,,,"457459220.91",,,,,,""
"2021-08-11","'3140X4EA0'","MBS","UMBS MORTPASS 3.5% 06/49","30yr",,,,,"457154094.49",,,,,,""
"2021-08-11","'3140QCWC6'","MBS","UMBS MORTPASS 2.5% 11/49","30yr",,,,,"456906770.69",,,,,,""
"2021-08-11","'36179SWW3'","MBS","GNMA II MORTPASS 3% 02/47","30yr",,,,,"455689839.49",,,,,,""
"2021-08-11","'3140X54A8'","MBS","UMBS MORTPASS 2.5% 11/49","30yr",,,,,"455218720.17",,,,,,""
"2021-08-11","'3128M8QR8'","MBS","FHLMCGLD 5% 07/40","30yr",,,,,"454816886.06",,,,,,"Y"
"2021-08-11","'3132DV4Q5'","MBS","UMBS MORTPASS 3.5% 12/49","30yr",,,,,"452269863.13",,,,,,""
"2021-08-11","'3140X5CC5'","MBS","UMBS MORTPASS 4% 12/48","30yr",,,,,"451660866.54",,,,,,""
"2021-08-11","'3132DV6K6'","MBS","UMBS MORTPASS 3% 07/50","30yr",,,,,"450999646.1",,,,,,""
"2021-08-11","'3132DV5J0'","MBS","UMBS MORTPASS 2.5% 03/50","30yr",,,,,"450917723.58",,,,,,""
"2021-08-11","'3140QF2P3'","MBS","UMBS MORTPASS 2% 12/35","15yr",,,,,"450812871.81",,,,,,""
"2021-08-11","'31335ALT3'","MBS","FHLMCGLD 4% 11/42","30yr",,,,,"450069642.53",,,,,,"Y"
"2021-08-11","'3140XAJ86'","MBS","UMBS MORTPASS 1.5% 05/36","15yr",,,,,"449747846.54",,,,,,""
"2021-08-11","'31335CJX3'","MBS","FHLMCGLD 3% 01/44","30yr",,,,,"448986113.21",,,,,,"Y"
"2021-08-11","'31418DGM8'","MBS","UMBS MORTPASS 3.5% 10/49","30yr",,,,,"447395137.37",,,,,,""
"2021-08-11","'31418C4F8'","MBS","UMBS MORTPASS 4% 11/48","30yr",,,,,"444549543.51",,,,,,""
"2021-08-11","'31418DQ96'","MBS","UMBS MORTPASS 3% 07/50","30yr",,,,,"444516977.34",,,,,,""
"2021-08-11","'36179QT50'","MBS","GNMA II MORTPASS 4% 11/44","30yr",,,,,"444086685.55",,,,,,""
"2021-08-11","'31335CJ70'","MBS","FHLMCGLD 4.5% 12/48","30yr",,,,,"443909127.04",,,,,,"Y"
"2021-08-11","'36179QJT9'","MBS","GNMA II MORTPASS 4% 07/44","30yr",,,,,"440447669.94",,,,,,""
"2021-08-11","'3140KYBN3'","MBS","UMBS MORTPASS 2% 04/51","30yr",,,,,"439566831.19",,,,,,""
"2021-08-11","'36179SEJ2'","MBS","GNMA II MORTPASS 4% 06/46","30yr",,,,,"438343495.43",,,,,,""
"2021-08-11","'3140QFHR3'","MBS","UMBS MORTPASS 2% 10/35","15yr",,,,,"437590208.36",,,,,,""
"2021-08-11","'3140X7MB2'","MBS","UMBS MORTPASS 2% 09/50","30yr",,,,,"435458440.5",,,,,,""
"2021-08-11","'3140QKU89'","MBS","UMBS MORTPASS 2% 05/51","30yr",,,,,"434132864.23",,,,,,""
"2021-08-11","'3140KYBQ6'","MBS","UMBS MORTPASS 2% 04/51","30yr",,,,,"433063879.48",,,,,,""
"2021-08-11","'3140KEJS8'","MBS","UMBS MORTPASS 2.5% 08/50","30yr",,,,,"432945117.05",,,,,,""
"2021-08-11","'3132AEKB1'","MBS","UMBS MORTPASS 3% 06/49","30yr",,,,,"432905693.51",,,,,,""
"2021-08-11","'3128M8WE0'","MBS","FHLMCGLD 4% 06/39","30yr",,,,,"432264734.99",,,,,,"Y"
"2021-08-11","'36179QWF4'","MBS","GNMA II MORTPASS 4% 12/44","30yr",,,,,"430785230.13",,,,,,""
"2021-08-11","'3138EQLU4'","MBS","UMBS MORTPASS 3% 04/42","30yr",,,,,"430133346.77",,,,,,"Y"
"2021-08-11","'3132DV3H6'","MBS","UMBS MORTPASS 3% 07/49","30yr",,,,,"428864087.84",,,,,,""
"2021-08-11","'3140QHBY0'","MBS","UMBS MORTPASS 2% 12/35","15yr",,,,,"428664735.56",,,,,,""
"2021-08-11","'3133KYTX7'","MBS","UMBS MORTPASS 2.5% 08/40","Other",,,,,"428268920",,,,,,""
"2021-08-11","'3140X4QZ2'","MBS","UMBS MORTPASS 2.5% 10/49","30yr",,,,,"426871109.93",,,,,,""
"2021-08-11","'3140JSCH0'","MBS","UMBS MORTPASS 2% 03/51","30yr",,,,,"426418243.55",,,,,,""
"2021-08-11","'3128M8WA8'","MBS","FHLMCGLD 4% 07/39","30yr",,,,,"424238505.92",,,,,,"Y"
"2021-08-11","'3140K9EG0'","MBS","UMBS MORTPASS 2.5% 04/50","30yr",,,,,"423920182.02",,,,,,""
"2021-08-11","'3140GSPG1'","MBS","UMBS MORTPASS 3.5% 09/47","30yr",,,,,"423789140.18",,,,,,""
"2021-08-11","'31335ALW6'","MBS","FHLMCGLD 3.5% 05/43","30yr",,,,,"421871716.8",,,,,,"Y"
"2021-08-11","'3133AKDP2'","MBS","UMBS MORTPASS 2% 04/51","30yr",,,,,"421451457.84",,,,,,""
"2021-08-11","'3140QGLP0'","MBS","UMBS MORTPASS 2% 12/50","30yr",,,,,"421290018.91",,,,,,""
"2021-08-11","'36179NBB3'","MBS","GNMA II 3.5% 04/43","30yr",,,,,"421035498",,,,,,""
"2021-08-11","'31418DGF3'","MBS","UMBS MORTPASS 2.5% 10/34","15yr",,,,,"419937623.31",,,,,,""
"2021-08-11","'36179MQP8'","MBS","GNMA II 3.5% 10/42","30yr",,,,,"419666341.05",,,,,,""
"2021-08-11","'31335AT73'","MBS","FHLMCGLD 3.5% 07/44","30yr",,,,,"419316976.95",,,,,,"Y"
"2021-08-11","'36179RS83'","MBS","GNMA II MORTPASS 3% 11/45","30yr",,,,,"418940047.25",,,,,,""
"2021-08-11","'3138EQLW0'","MBS","UMBS MORTPASS 3% 10/28","15yr",,,,,"416110866.72",,,,,,"Y"
"2021-08-11","'3128M8RJ5'","MBS","FHLMCGLD 4% 02/40","30yr",,,,,"414455627.7",,,,,,"Y"
"2021-08-11","'3622AAD84'","MBS","GNMA I MORTPASS 4% 11/43","30yr",,,,,"413320871.88",,,,,,"Y"
"2021-08-11","'36179QYR6'","MBS","GNMA II MORTPASS 3% 01/45","30yr",,,,,"412422474.27",,,,,,""
"2021-08-11","'3140QFUZ0'","MBS","UMBS MORTPASS 2% 11/50","30yr",,,,,"409918018.23",,,,,,""
"2021-08-11","'31335A2M9'","MBS","FHLMCGLD 3% 01/43","30yr",,,,,"409771747.93",,,,,,"Y"
"2021-08-11","'3128MEQQ7'","MBS","FHLMCGLD 3% 03/29","15yr",,,,,"400950949.67",,,,,,"Y"
"2021-08-11","'31335CJQ8'","MBS","FHLMCGLD 3% 08/43","30yr",,,,,"395174122.95",,,,,,"Y"
"2021-08-11","'36179M2Q2'","MBS","GNMA II 3.5% 02/43","30yr",,,,,"394400965.81",,,,,,""
"2021-08-11","'3140QLCH7'","MBS","UMBS MORTPASS 2% 06/51","30yr",,,,,"393471738.64",,,,,,""
"2021-08-11","'3132DV4A0'","MBS","UMBS MORTPASS 3.5% 10/49","30yr",,,,,"391289039.58",,,,,,""
"2021-08-11","'3138EGFQ2'","MBS","UMBS MORTPASS 5% 07/40","30yr",,,,,"390598318.61",,,,,,"Y"
"2021-08-11","'3140QCWR3'","MBS","UMBS MORTPASS 3% 11/49","30yr",,,,,"390165150.6",,,,,,""
"2021-08-11","'3133A7RW1'","MBS","UMBS MORTPASS 2.5% 07/50","30yr",,,,,"389114826.07",,,,,,""
"2021-08-11","'3128M8X33'","MBS","FHLMCGLD 4.5% 03/40","30yr",,,,,"385274738.87",,,,,,"Y"
"2021-08-11","'31418DHM7'","MBS","UMBS MORTPASS 3.5% 11/49","30yr",,,,,"383636413.72",,,,,,""
"2021-08-11","'31418DMN9'","MBS","UMBS MORTPASS 2.5% 03/50","30yr",,,,,"382671115.62",,,,,,""
"2021-08-11","'36179N2J6'","MBS","GNMA II 3.5% 02/44","30yr",,,,,"381671095.98",,,,,,""
"2021-08-11","'36179QL66'","MBS","GNMA II MORTPASS 4% 08/44","30yr",,,,,"379102484.85",,,,,,""
"2021-08-11","'36179QRZ6'","MBS","GNMA II MORTPASS 4% 10/44","30yr",,,,,"379086441.96",,,,,,""
"2021-08-11","'36179TE27'","MBS","GNMA II MORTPASS 4% 08/47","30yr",,,,,"378143063.56",,,,,,""
"2021-08-11","'3140X4RL2'","MBS","UMBS MORTPASS 4% 06/49","30yr",,,,,"377987031.71",,,,,,""
"2021-08-11","'3133KHZ33'","MBS","UMBS 2.5%","30yr",,,,,"377812795.83",,,,,,""
"2021-08-11","'36179S2Q9'","MBS","GNMA II MORTPASS 4% 04/47","30yr",,,,,"377570696.38",,,,,,""
"2021-08-11","'3140KULW0'","MBS","UMBS MORTPASS 1.5% 12/35","15yr",,,,,"376134665.41",,,,,,""
"2021-08-11","'36179SGM3'","MBS","GNMA II MORTPASS 4% 07/46","30yr",,,,,"375532476.32",,,,,,""
"2021-08-11","'3140QLMG8'","MBS","UMBS MORTPASS 2% 07/51","30yr",,,,,"374629929",,,,,,""
"2021-08-11","'36179SB97'","MBS","GNMA II MORTPASS 4% 05/46","30yr",,,,,"374563628.47",,,,,,""
"2021-08-11","'3140LQB74'","MBS","UMBS MORTPASS 2% 07/51","30yr",,,,,"372842012",,,,,,""
"2021-08-11","'36179UUH3'","MBS","GNMA II MORTPASS 3% 06/49","30yr",,,,,"372660655.6",,,,,,""
"2021-08-11","'3140X5KT9'","MBS","UMBS MORTPASS 3% 10/30","15yr",,,,,"371933006.4",,,,,,"Y"
"2021-08-11","'36179S2N6'","MBS","GNMA II MORTPASS 3% 04/47","30yr",,,,,"371365416.49",,,,,,""
"2021-08-11","'3133KJT28'","MBS","UMBS MORTPASS 2% 08/50","30yr",,,,,"370990958.88",,,,,,""
"2021-08-11","'3140QHDZ5'","MBS","UMBS MORTPASS 2% 01/51","30yr",,,,,"366217151.17",,,,,,""
"2021-08-11","'3133AKDU1'","MBS","UMBS MORTPASS 2% 04/51","30yr",,,,,"365993892.36",,,,,,""
"2021-08-11","'3133KJZN5'","MBS","UMBS MORTPASS 2% 09/50","30yr",,,,,"363313871.87",,,,,,""
"2021-08-11","'3128MEQP9'","MBS","FHLMCGLD 3% 11/27","15yr",,,,,"358691423.55",,,,,,"Y"
"2021-08-11","'36179R7J2'","MBS","GNMA II 3.5% 04/46","30yr",,,,,"356448342.78",,,,,,""
"2021-08-11","'3133KYUB3'","MBS","UMBS MORTPASS 2.5% 10/40","Other",,,,,"356375306.09",,,,,,""
"2021-08-11","'3140J6GR2'","MBS","UMBS MORTPASS 4% 09/48","30yr",,,,,"355806616.03",,,,,,""
"2021-08-11","'3140J6GP6'","MBS","UMBS MORTPASS 4% 12/47","30yr",,,,,"355414603.72",,,,,,""
"2021-08-11","'36179TUA1'","MBS","GNMA II 3.5% 03/48","30yr",,,,,"354094535.49",,,,,,""
"2021-08-11","'3140QB5B0'","MBS","UMBS MORTPASS 3% 10/49","30yr",,,,,"353955035.84",,,,,,""
"2021-08-11","'3132D56C1'","MBS","UMBS MORTPASS 1.5% 09/35","15yr",,,,,"353686862",,,,,,""
"2021-08-11","'3140QDWG5'","MBS","UMBS MORTPASS 2.5% 06/50","30yr",,,,,"352583204.19",,,,,,""
"2021-08-11","'3140X8GK7'","MBS","UMBS MORTPASS 1.5% 12/35","15yr",,,,,"348479748.81",,,,,,""
"2021-08-11","'3128M8XJ8'","MBS","FHLMCGLD 5% 05/39","30yr",,,,,"347928921.38",,,,,,"Y"
"2021-08-11","'3132D54Q2'","MBS","UMBS MORTPASS 2.5% 02/35","15yr",,,,,"346941409.47",,,,,,""
"2021-08-11","'3140QBXY9'","MBS","UMBS MORTPASS 3% 10/49","30yr",,,,,"346786755.1",,,,,,""
"2021-08-11","'3132DV3Y9'","MBS","UMBS MORTPASS 2.5% 10/49","30yr",,,,,"344693820.68",,,,,,""
"2021-08-11","'3140QDWF7'","MBS","UMBS MORTPASS 2.5% 06/50","30yr",,,,,"344011346.98",,,,,,""
"2021-08-11","'3133AKDR8'","MBS","UMBS MORTPASS 2% 04/51","30yr",,,,,"342721564.35",,,,,,""
"2021-08-11","'3138EGW59'","MBS","UMBS MORTPASS 5.5% 06/39","30yr",,,,,"342459190.24",,,,,,"Y"
"2021-08-11","'3140QBXZ6'","MBS","UMBS MORTPASS 3% 09/49","30yr",,,,,"337456698.01",,,,,,""
"2021-08-11","'3133KHYC4'","MBS","UMBS MORTPASS 2.5% 05/50","30yr",,,,,"336857468.23",,,,,,""
"2021-08-11","'3138EQBY7'","MBS","UMBS MORTPASS 6% 10/39","30yr",,,,,"335878502.97",,,,,,"Y"
"2021-08-11","'36179QPH8'","MBS","GNMA II MORTPASS 4% 09/44","30yr",,,,,"333639635.66",,,,,,""
"2021-08-11","'3132D54U3'","MBS","UMBS MORTPASS 2.5% 03/35","15yr",,,,,"333057660.52",,,,,,""
"2021-08-11","'3138ETUV6'","MBS","UMBS MORTPASS 3% 02/45","30yr",,,,,"332741520.36",,,,,,"Y"
"2021-08-11","'3140KTT47'","MBS","UMBS MORTPASS 2% 03/51","30yr",,,,,"331986968.26",,,,,,""
"2021-08-11","'3140K9EE5'","MBS","UMBS MORTPASS 3% 04/50","30yr",,,,,"331560080.25",,,,,,""
"2021-08-11","'3133APCU1'","MBS","UMBS MORTPASS 2% 07/51","30yr",,,,,"330885397",,,,,,""
"2021-08-11","'36179UN99'","MBS","GNMA II 3.5% 03/49","30yr",,,,,"330509946.09",,,,,,""
"2021-08-11","'3140J8BV4'","MBS","UMBS MORTPASS 2% 01/32","15yr",,,,,"330392420.63",,,,,,"Y"
"2021-08-11","'3133KJTA0'","MBS","UMBS MORTPASS 2% 08/50","30yr",,,,,"328803787.77",,,,,,""
"2021-08-11","'36202FAU0'","MBS","GNMA II 4.5% 08/39","30yr",,,,,"326617115.82",,,,,,""
"2021-08-11","'36179NLC0'","MBS","GNMA II MORTPASS 3% 08/43","30yr",,,,,"324705825.73",,,,,,""
"2021-08-11","'3138EQWC2'","MBS","UMBS MORTPASS 4% 06/43","30yr",,,,,"323537519.21",,,,,,"Y"
"2021-08-11","'31335ALS5'","MBS","FHLMCGLD 3.5% 06/42","30yr",,,,,"321806970.84",,,,,,"Y"
"2021-08-11","'36179MVS6'","MBS","GNMA II 3.5% 12/42","30yr",,,,,"320822123.98",,,,,,""
"2021-08-11","'31335CJC9'","MBS","FHLMCGLD 3% 07/45","30yr",,,,,"320766347.95",,,,,,"Y"
"2021-08-11","'3138ETZP4'","MBS","UMBS MORTPASS 2% 09/28","15yr",,,,,"320161172.02",,,,,,"Y"
"2021-08-11","'31335AL30'","MBS","FHLMCGLD 4% 06/41","30yr",,,,,"317828853.87",,,,,,"Y"
"2021-08-11","'36202FZX7'","MBS","GNMA II 3.5% 12/41","30yr",,,,,"316215476.6",,,,,,""
"2021-08-11","'3140J6GM3'","MBS","UMBS MORTPASS 4% 10/47","30yr",,,,,"314612375.06",,,,,,""
"2021-08-11","'3128MESY8'","MBS","FHLMCGLD 3% 08/29","15yr",,,,,"310885371.56",,,,,,"Y"
"2021-08-11","'3133KYTK5'","MBS","UMBS MORTPASS 2.5% 06/40","Other",,,,,"308013221.66",,,,,,""
"2021-08-11","'3132DV6T7'","MBS","UMBS MORTPASS 1.5% 10/50","30yr",,,,,"307720819.9",,,,,,""
"2021-08-11","'3133KJUD2'","MBS","UMBS MORTPASS 2.5% 08/50","30yr",,,,,"306800639.41",,,,,,""
"2021-08-11","'3140KTTX3'","MBS","UMBS MORTPASS 2% 03/51","30yr",,,,,"305788957.75",,,,,,""
"2021-08-11","'31418DFE7'","MBS","UMBS MORTPASS 2.5% 09/34","15yr",,,,,"305327309.55",,,,,,""
"2021-08-11","'36179QWD9'","MBS","GNMA II MORTPASS 3% 12/44","30yr",,,,,"304755914.63",,,,,,""
"2021-08-11","'3140KEFQ6'","MBS","UMBS MORTPASS 2.5% 07/50","30yr",,,,,"303913045.77",,,,,,""
"2021-08-11","'3140X7PZ6'","MBS","UMBS MORTPASS 2% 10/35","15yr",,,,,"303439703.93",,,,,,""
"2021-08-11","'36179TLS2'","MBS","GNMA II 3.5% 11/47","30yr",,,,,"303346651.75",,,,,,""
"2021-08-11","'3138EQZZ8'","MBS","UMBS MORTPASS 3.5% 05/29","15yr",,,,,"302140881.68",,,,,,"Y"
"2021-08-11","'3140X72A6'","MBS","UMBS MORTPASS 1.5% 11/35","15yr",,,,,"301826221.88",,,,,,""
"2021-08-11","'36179MK66'","MBS","GNMA II MORTPASS 3% 08/42","30yr",,,,,"301642498.96",,,,,,""
"2021-08-11","'3128MMVZ3'","MBS","FHLMCGLD 2.5% 02/32","15yr",,,,,"301537690.57",,,,,,""
"2021-08-11","'3133A8X69'","MBS","UMBS MORTPASS 2.5% 08/50","30yr",,,,,"301312982.68",,,,,,""
"2021-08-11","'3140KVJ27'","MBS","UMBS MORTPASS 1.5% 12/35","15yr",,,,,"299956336.6",,,,,,""
"2021-08-11","'36179MX47'","MBS","GNMA II 3.5% 01/43","30yr",,,,,"298162598.07",,,,,,""
"2021-08-11","'3138EHBV3'","MBS","UMBS MORTPASS 5% 07/39","30yr",,,,,"295521234.98",,,,,,"Y"
"2021-08-11","'36179SJU2'","MBS","GNMA II MORTPASS 4% 08/46","30yr",,,,,"294708567.02",,,,,,""
"2021-08-11","'36179TJW6'","MBS","GNMA II MORTPASS 3% 10/47","30yr",,,,,"294125193.77",,,,,,""
"2021-08-11","'31418DAS1'","MBS","UMBS MORTPASS 4.5% 03/49","30yr",,,,,"292729333.29",,,,,,""
"2021-08-11","'3128MESX0'","MBS","FHLMCGLD 2.5% 08/27","15yr",,,,,"291780392.22",,,,,,"Y"
"2021-08-11","'3140X5JB0'","MBS","UMBS MORTPASS 2.5% 12/34","15yr",,,,,"291674908.01",,,,,,""
"2021-08-11","'3128MFC89'","MBS","FHLMCGLD 2.5% 04/30","15yr",,,,,"291364798.59",,,,,,"Y"
"2021-08-11","'36179TV69'","MBS","GNMA II MORTPASS 4% 04/48","30yr",,,,,"289828706.51",,,,,,""
"2021-08-11","'3140HMZ98'","MBS","UMBS MORTPASS 4% 11/48","30yr",,,,,"289708872.2",,,,,,""
"2021-08-11","'3128M8YC2'","MBS","FHLMCGLD 4.5% 05/39","30yr",,,,,"287332727.76",,,,,,"Y"
"2021-08-11","'31418DM90'","MBS","UMBS MORTPASS 2% 04/35","15yr",,,,,"286349965.33",,,,,,""
"2021-08-11","'36179SLT2'","MBS","GNMA II MORTPASS 4% 09/46","30yr",,,,,"286223139.66",,,,,,""
"2021-08-11","'36179TXV2'","MBS","GNMA II MORTPASS 4% 05/48","30yr",,,,,"285085733",,,,,,""
"2021-08-11","'3138ETVS2'","MBS","UMBS MORTPASS 2.5% 03/30","15yr",,,,,"284425988.63",,,,,,"Y"
"2021-08-11","'3140K8UU3'","MBS","UMBS MORTPASS 2.5% 04/50","30yr",,,,,"283521235.38",,,,,,""
"2021-08-11","'3140QF2B4'","MBS","UMBS MORTPASS 2% 11/50","30yr",,,,,"282053463.43",,,,,,""
"2021-08-11","'3133KHX84'","MBS","UMBS MORTPASS 3% 05/50","30yr",,,,,"281419005.76",,,,,,""
"2021-08-11","'3140K0GS1'","MBS","UMBS MORTPASS 3% 11/49","30yr",,,,,"280967341.24",,,,,,""
"2021-08-11","'36179RQZ5'","MBS","GNMA II MORTPASS 3% 10/45","30yr",,,,,"280736142",,,,,,""
"2021-08-11","'3132AEB88'","MBS","UMBS MORTPASS 3.5% 04/49","30yr",,,,,"280335551.01",,,,,,""
"2021-08-11","'36179TJY2'","MBS","GNMA II MORTPASS 4% 10/47","30yr",,,,,"278451714.25",,,,,,""
"2021-08-11","'3140QDGU2'","MBS","UMBS MORTPASS 3% 04/50","30yr",,,,,"277709363.13",,,,,,""
"2021-08-11","'36179TNQ4'","MBS","GNMA II MORTPASS 3% 12/47","30yr",,,,,"276555535.83",,,,,,""
"2021-08-11","'36179RXC8'","MBS","GNMA II MORTPASS 3% 01/46","30yr",,,,,"275443866.4",,,,,,""
"2021-08-11","'31335AL97'","MBS","FHLMCGLD 4% 12/42","30yr",,,,,"275233093.53",,,,,,"Y"
"2021-08-11","'3133KHVX1'","MBS","UMBS MORTPASS 3% 04/50","30yr",,,,,"274952175.99",,,,,,""
"2021-08-11","'31335CJT2'","MBS","FHLMCGLD 3.5% 01/44","30yr",,,,,"274413926.47",,,,,,"Y"
"2021-08-11","'3140QFCP2'","MBS","UMBS MORTPASS 2.5% 10/50","30yr",,,,,"272841614.51",,,,,,""
"2021-08-11","'36179TNS0'","MBS","GNMA II MORTPASS 4% 12/47","30yr",,,,,"271021584.7",,,,,,""
"2021-08-11","'31418CU77'","MBS","UMBS MORTPASS 3.5% 03/48","30yr",,,,,"270939502.34",,,,,,""
"2021-08-11","'3140KA4J2'","MBS","UMBS MORTPASS 2% 06/51","30yr",,,,,"269912702.06",,,,,,""
"2021-08-11","'3140JQRY1'","MBS","UMBS MORTPASS 3.5% 08/49","30yr",,,,,"269337918.97",,,,,,""
"2021-08-11","'3138EGWH3'","MBS","UMBS MORTPASS 5.5% 09/39","30yr",,,,,"267680137.08",,,,,,"Y"
"2021-08-11","'3140X5R96'","MBS","UMBS MORTPASS 4% 10/44","30yr",,,,,"266606436.63",,,,,,"Y"
"2021-08-11","'3140K9EF2'","MBS","UMBS MORTPASS 3% 04/50","30yr",,,,,"266156299.24",,,,,,""
"2021-08-11","'3140KCHC9'","MBS","UMBS MORTPASS 2.5% 05/50","30yr",,,,,"266081193.62",,,,,,""
"2021-08-11","'31334WLU3'","MBS","UMBS MORTPASS 3.5% 06/49","30yr",,,,,"265472806.03",,,,,,""
"2021-08-11","'3140QBTE8'","MBS","UMBS MORTPASS 3% 09/49","30yr",,,,,"265399334.11",,,,,,""
"2021-08-11","'3140X7E54'","MBS","UMBS MORTPASS 2% 09/35","15yr",,,,,"265135127.14",,,,,,""
"2021-08-11","'3132D53T7'","MBS","UMBS MORTPASS 2.5% 10/34","15yr",,,,,"264488618.95",,,,,,""
"2021-08-11","'3133A3YM4'","MBS","UMBS 2.5%","30yr",,,,,"263860004.23",,,,,,""
"2021-08-11","'3138EHBS0'","MBS","UMBS MORTPASS 5% 08/39","30yr",,,,,"263218948.34",,,,,,"Y"
"2021-08-11","'3133KKX79'","MBS","UMBS MORTPASS 2% 09/50","30yr",,,,,"263034348.5",,,,,,""
"2021-08-11","'3132DWBC6'","MBS","UMBS MORTPASS 2.5% 03/51","30yr",,,,,"261841229.6",,,,,,""
"2021-08-11","'3133AKKG4'","MBS","UMBS MORTPASS 2% 04/51","30yr",,,,,"261668026.63",,,,,,""
"2021-08-11","'3140QE6Z0'","MBS","UMBS MORTPASS 2.5% 07/50","30yr",,,,,"261561764.65",,,,,,""
"2021-08-11","'3132DV4E2'","MBS","UMBS MORTPASS 2.5% 09/49","30yr",,,,,"261266989.37",,,,,,""
"2021-08-11","'3140K0GU6'","MBS","UMBS MORTPASS 3% 11/49","30yr",,,,,"261194996.94",,,,,,""
"2021-08-11","'3133KHYD2'","MBS","UMBS MORTPASS 3% 04/50","30yr",,,,,"260694325.85",,,,,,""
"2021-08-11","'31335CJD7'","MBS","FHLMCGLD 2.5% 03/43","30yr",,,,,"260420837.45",,,,,,"Y"
"2021-08-11","'3140QD6D1'","MBS","UMBS MORTPASS 2% 07/35","15yr",,,,,"260280681.01",,,,,,""
"2021-08-11","'3128MJZQ6'","MBS","FHLMCGLD 3% 03/47","30yr",,,,,"259678738.87",,,,,,""
"2021-08-11","'3140X72B4'","MBS","UMBS MORTPASS 2% 11/35","15yr",,,,,"258999696.07",,,,,,""
"2021-08-11","'36179TZ57'","MBS","GNMA II MORTPASS 4% 06/48","30yr",,,,,"258415879.27",,,,,,""
"2021-08-11","'36179TSG1'","MBS","GNMA II 3.5% 02/48","30yr",,,,,"257135463.11",,,,,,""
"2021-08-11","'3138ESAH1'","MBS","UMBS MORTPASS 2.5% 12/26","Other",,,,,"256950956",,,,,,"Y"
"2021-08-11","'31335CJF2'","MBS","FHLMCGLD 4% 07/44","30yr",,,,,"256704468.39",,,,,,"Y"
"2021-08-11","'3138EGXR0'","MBS","UMBS MORTPASS 5.5% 07/39","30yr",,,,,"255814520.65",,,,,,"Y"
"2021-08-11","'3138EQZY1'","MBS","UMBS MORTPASS 3.5% 01/29","15yr",,,,,"255433346.58",,,,,,"Y"
"2021-08-11","'3140QCMQ6'","MBS","UMBS MORTPASS 3% 12/49","30yr",,,,,"254914085.41",,,,,,""
"2021-08-11","'36179QYT2'","MBS","GNMA II MORTPASS 4% 01/45","30yr",,,,,"253066103.71",,,,,,""
"2021-08-11","'3140QDTR5'","MBS","UMBS MORTPASS 2% 06/35","15yr",,,,,"252745435.32",,,,,,""
"2021-08-11","'3138ERKR0'","MBS","UMBS MORTPASS 3.5% 03/43","30yr",,,,,"252579709.72",,,,,,"Y"
"2021-08-11","'3133AKB74'","MBS","UMBS MORTPASS 1.5% 04/51","30yr",,,,,"252332773.11",,,,,,""
"2021-08-11","'3132ADPD4'","MBS","UMBS MORTPASS 4% 11/48","30yr",,,,,"251180482.49",,,,,,""
"2021-08-11","'3132DV4J1'","MBS","UMBS MORTPASS 3.5% 11/49","30yr",,,,,"250946922.23",,,,,,""
"2021-08-11","'3140QCQ82'","MBS","UMBS MORTPASS 3% 01/50","30yr",,,,,"250675990.11",,,,,,""
"2021-08-11","'3140QLGY6'","MBS","UMBS MORTPASS 2% 07/51","30yr",,,,,"250015330.86",,,,,,""
"2021-08-11","'3140JPM44'","MBS","UMBS MORTPASS 3% 06/49","30yr",,,,,"249942863.64",,,,,,""
"2021-08-11","'3140QK7D4'","MBS","UMBS MORTPASS 2% 06/51","30yr",,,,,"249465213.32",,,,,,""
"2021-08-11","'3133ANZV9'","MBS","UMBS MORTPASS 2% 07/51","30yr",,,,,"249394232",,,,,,""
"2021-08-11","'3138ERDY3'","MBS","UMBS MORTPASS 3% 01/44","30yr",,,,,"249284042.39",,,,,,"Y"
"2021-08-11","'3133ANY99'","MBS","UMBS MORTPASS 2% 07/51","30yr",,,,,"248665487",,,,,,""
"2021-08-11","'3133ANY73'","MBS","UMBS MORTPASS 2% 07/51","30yr",,,,,"248132323",,,,,,""
"2021-08-11","'36179Q3K5'","MBS","GNMA II MORTPASS 4% 02/45","30yr",,,,,"246979328.15",,,,,,""
"2021-08-11","'3128M8QY3'","MBS","FHLMCGLD 4.5% 04/40","30yr",,,,,"246432565.28",,,,,,"Y"
"2021-08-11","'3140K3BG6'","MBS","UMBS MORTPASS 3% 01/50","30yr",,,,,"245839157.24",,,,,,""
"2021-08-11","'3133ALN38'","MBS","UMBS MORTPASS 1.5% 05/51","30yr",,,,,"245545643.85",,,,,,""
"2021-08-11","'36179U6W7'","MBS","GNMA II MORTPASS 4% 11/49","30yr",,,,,"245030536.79",,,,,,""
"2021-08-11","'3133AJCZ4'","MBS","UMBS MORTPASS 2% 03/51","30yr",,,,,"244966280.2",,,,,,""
"2021-08-11","'3138EQRR5'","MBS","UMBS MORTPASS 4.5% 01/43","30yr",,,,,"244846665.87",,,,,,"Y"
"2021-08-11","'3133AG7G8'","MBS","UMBS MORTPASS 2% 03/51","30yr",,,,,"244372326.94",,,,,,""
"2021-08-11","'31335AHS0'","MBS","FHLMCGLD 3.5% 02/43","30yr",,,,,"243802749.8",,,,,,"Y"
"2021-08-11","'3140QGPE1'","MBS","UMBS MORTPASS 2% 01/51","30yr",,,,,"242194591.82",,,,,,""
"2021-08-11","'3140X57L1'","MBS","UMBS MORTPASS 2.5% 01/50","30yr",,,,,"242076420.12",,,,,,""
"2021-08-11","'3140X57C1'","MBS","UMBS MORTPASS 2.5% 01/50","30yr",,,,,"241715274.42",,,,,,""
"2021-08-11","'3138EQQ88'","MBS","UMBS MORTPASS 4.5% 09/43","30yr",,,,,"241624817.34",,,,,,"Y"
"2021-08-11","'3133AJPG2'","MBS","UMBS MORTPASS 2% 04/51","30yr",,,,,"241507768.49",,,,,,""
"2021-08-11","'3132DV3L7'","MBS","UMBS MORTPASS 4% 07/49","30yr",,,,,"241455338.91",,,,,,""
"2021-08-11","'3140JSEK1'","MBS","UMBS MORTPASS 1.5% 04/51","30yr",,,,,"241186396.29",,,,,,""
"2021-08-11","'36202E6D6'","MBS","GNMA II 4.5% 06/39","30yr",,,,,"240348404.3",,,,,,""
"2021-08-11","'36179TQR9'","MBS","GNMA II 4.5% 01/48","30yr",,,,,"239315160.68",,,,,,""
"2021-08-11","'3140QGBD8'","MBS","UMBS MORTPASS 2.5% 12/50","30yr",,,,,"239004124.75",,,,,,""
"2021-08-11","'3133ANY81'","MBS","UMBS MORTPASS 2% 07/51","30yr",,,,,"238783175",,,,,,""
"2021-08-11","'3128MF2E7'","MBS","FHLMCGLD 2.5% 11/28","15yr",,,,,"238541925.51",,,,,,"Y"
"2021-08-11","'3133A4CE4'","MBS","UMBS MORTPASS 2.5% 04/50","30yr",,,,,"237960967.44",,,,,,""
"2021-08-11","'3133ACDK1'","MBS","UMBS MORTPASS 2% 11/50","30yr",,,,,"237573436.06",,,,,,""
"2021-08-11","'3140QLDZ6'","MBS","UMBS MORTPASS 2% 07/51","30yr",,,,,"236814829.21",,,,,,""
"2021-08-11","'3133KH4T0'","MBS","UMBS MORTPASS 2.5% 05/50","30yr",,,,,"236807406.26",,,,,,""
"2021-08-11","'36179UXR8'","MBS","GNMA II 2.5% 08/49","30yr",,,,,"236352917.56",,,,,,""
"2021-08-11","'3138EQGB2'","MBS","UMBS MORTPASS 4% 09/41","30yr",,,,,"236047026.29",,,,,,"Y"
"2021-08-11","'3140KAAV8'","MBS","UMBS MORTPASS 2.5% 04/50","30yr",,,,,"235493107.77",,,,,,""
"2021-08-11","'3140QGVC8'","MBS","UMBS MORTPASS 1.5% 01/36","15yr",,,,,"235484012.39",,,,,,""
"2021-08-11","'3138EQKC5'","MBS","UMBS MORTPASS 4% 09/41","30yr",,,,,"235232711.73",,,,,,"Y"
"2021-08-11","'31418DAR3'","MBS","UMBS MORTPASS 4% 03/49","30yr",,,,,"234931971.07",,,,,,""
"2021-08-11","'3133KHGE0'","MBS","UMBS MORTPASS 3% 01/50","30yr",,,,,"233802361.34",,,,,,""
"2021-08-11","'3140QFLD9'","MBS","UMBS MORTPASS 2% 08/50","30yr",,,,,"233325921.72",,,,,,""
"2021-08-11","'3140QCSF4'","MBS","UMBS MORTPASS 3% 01/50","30yr",,,,,"232511698.85",,,,,,""
"2021-08-11","'31418DTP7'","MBS","UMBS MORTPASS 1.5% 10/50","30yr",,,,,"232442242.93",,,,,,""
"2021-08-11","'3140QHNZ4'","MBS","UMBS MORTPASS 2% 03/51","30yr",,,,,"231647076.15",,,,,,""
"2021-08-11","'31418DQ21'","MBS","UMBS MORTPASS 2.5% 07/40","Other",,,,,"231338952.59",,,,,,""
"2021-08-11","'31334XEQ8'","MBS","UMBS MORTPASS 3.5% 07/49","30yr",,,,,"230656375.91",,,,,,""
"2021-08-11","'3140QDBC7'","MBS","UMBS MORTPASS 3% 03/50","30yr",,,,,"230393418.85",,,,,,""
"2021-08-11","'36179SNW3'","MBS","GNMA II MORTPASS 4% 10/46","30yr",,,,,"229091242.67",,,,,,""
"2021-08-11","'3132D54L3'","MBS","UMBS MORTPASS 3% 01/35","15yr",,,,,"228822639.19",,,,,,""
"2021-08-11","'3140KR7F0'","MBS","UMBS MORTPASS 1.5% 11/35","15yr",,,,,"228819382.13",,,,,,""
"2021-08-11","'3140X6V99'","MBS","UMBS MORTPASS 2.5% 05/50","30yr",,,,,"228685670.27",,,,,,""
"2021-08-11","'3133AFTZ4'","MBS","UMBS MORTPASS 1.5% 02/51","30yr",,,,,"227952146.53",,,,,,""
"2021-08-11","'31418DLV2'","MBS","UMBS MORTPASS 3.5% 02/50","30yr",,,,,"227749663.38",,,,,,""
"2021-08-11","'3138EHBT8'","MBS","UMBS MORTPASS 5.5% 01/40","30yr",,,,,"227743454.57",,,,,,"Y"
"2021-08-11","'3140QDTM6'","MBS","UMBS MORTPASS 2.5% 03/50","30yr",,,,,"227242874.02",,,,,,""
"2021-08-11","'3138EHA77'","MBS","UMBS MORTPASS 5.5% 01/40","30yr",,,,,"227224956.94",,,,,,"Y"
"2021-08-11","'36179RLQ0'","MBS","GNMA II MORTPASS 4% 08/45","30yr",,,,,"227080638.7",,,,,,""
"2021-08-11","'3133A8X77'","MBS","UMBS MORTPASS 2.5% 08/50","30yr",,,,,"226145340.37",,,,,,""
"2021-08-11","'3138ERVF4'","MBS","UMBS MORTPASS 4% 02/43","30yr",,,,,"225607617.07",,,,,,"Y"
"2021-08-11","'3133KYS83'","MBS","UMBS MORTPASS 2.5% 04/40","Other",,,,,"225602600.18",,,,,,""
"2021-08-11","'3138ETP91'","MBS","UMBS MORTPASS 4% 07/43","30yr",,,,,"224821952.07",,,,,,"Y"
"2021-08-11","'3132A5J63'","MBS","UMBS MORTPASS 4% 08/48","30yr",,,,,"224066304.14",,,,,,""
"2021-08-11","'31418DMP4'","MBS","UMBS MORTPASS 2.5% 03/40","Other",,,,,"223975964.19",,,,,,""
"2021-08-11","'3138EQLT7'","MBS","UMBS MORTPASS 2.5% 08/27","15yr",,,,,"223768259.92",,,,,,"Y"
"2021-08-11","'3133AGK73'","MBS","UMBS MORTPASS 1.5% 03/51","30yr",,,,,"223535896.28",,,,,,""
"2021-08-11","'3133L72K2'","MBS","UMBS MORTPASS 2% 12/35","15yr",,,,,"223512377.4",,,,,,""
"2021-08-11","'3140X7XM6'","MBS","UMBS MORTPASS 2% 09/35","15yr",,,,,"223163981.65",,,,,,""
"2021-08-11","'3133A3YP7'","MBS","UMBS MORTPASS 2.5% 04/50","30yr",,,,,"222910425.12",,,,,,""
"2021-08-11","'3140X6QM6'","MBS","UMBS MORTPASS 2% 07/35","15yr",,,,,"222831390.71",,,,,,""
"2021-08-11","'3133AG6K0'","MBS","UMBS MORTPASS 1.5% 03/51","30yr",,,,,"222560532.69",,,,,,""
"2021-08-11","'3138ETUU8'","MBS","UMBS MORTPASS 4% 01/44","30yr",,,,,"222375733.82",,,,,,"Y"
"2021-08-11","'3133KHTA4'","MBS","UMBS MORTPASS 3% 03/50","30yr",,,,,"222152041.47",,,,,,""
"2021-08-11","'31418DSL7'","MBS","UMBS MORTPASS 1.5% 09/35","15yr",,,,,"221896148.49",,,,,,""
"2021-08-11","'36179M5M8'","MBS","GNMA II 3.5% 03/43","30yr",,,,,"221854340.37",,,,,,""
"2021-08-11","'3138ETVT0'","MBS","UMBS MORTPASS 2.5% 11/29","15yr",,,,,"221840015.48",,,,,,"Y"
"2021-08-11","'3133A7LB3'","MBS","UMBS MORTPASS 2.5% 07/50","30yr",,,,,"221488101.75",,,,,,""
"2021-08-11","'3140QEUQ3'","MBS","UMBS MORTPASS 2.5% 08/50","30yr",,,,,"221222942.51",,,,,,""
"2021-08-11","'3138EQQ54'","MBS","UMBS MORTPASS 4% 06/43","30yr",,,,,"220862868.84",,,,,,"Y"
"2021-08-11","'3133ACHK7'","MBS","UMBS MORTPASS 2% 11/50","30yr",,,,,"220666563.4",,,,,,""
"2021-08-11","'3133KJ3S9'","MBS","UMBS MORTPASS 2.5% 09/50","30yr",,,,,"220456115.13",,,,,,""
"2021-08-11","'31418C6A7'","MBS","UMBS MORTPASS 4.5% 01/49","30yr",,,,,"220332871.35",,,,,,""
"2021-08-11","'3140QGTZ0'","MBS","UMBS MORTPASS 2% 10/50","30yr",,,,,"219834737.35",,,,,,""
"2021-08-11","'3132D53W0'","MBS","UMBS MORTPASS 2.5% 09/34","15yr",,,,,"217716638.15",,,,,,""
"2021-08-11","'3140JPM93'","MBS","UMBS MORTPASS 3.5% 06/49","30yr",,,,,"216832226.48",,,,,,""
"2021-08-11","'3128ME2P5'","MBS","FHLMCGLD 2.5% 09/30","15yr",,,,,"216280754.38",,,,,,"Y"
"2021-08-11","'3138ETUW4'","MBS","UMBS MORTPASS 2% 02/28","15yr",,,,,"216260964.2",,,,,,"Y"
"2021-08-11","'3140QHCC7'","MBS","UMBS MORTPASS 2.5% 12/50","30yr",,,,,"214757241.58",,,,,,""
"2021-08-11","'31418DJT0'","MBS","UMBS MORTPASS 4% 12/49","30yr",,,,,"214271638.95",,,,,,""
"2021-08-11","'3128MF2N7'","MBS","FHLMCGLD 3% 01/29","15yr",,,,,"213577097.38",,,,,,"Y"
"2021-08-11","'3133KHS98'","MBS","UMBS MORTPASS 3% 03/50","30yr",,,,,"213248289.36",,,,,,""
"2021-08-11","'3140KLCX8'","MBS","UMBS MORTPASS 2% 07/51","30yr",,,,,"212966037",,,,,,""
"2021-08-11","'3132AEE44'","MBS","UMBS MORTPASS 3% 05/49","30yr",,,,,"211472852.77",,,,,,""
"2021-08-11","'3133GD2D1'","MBS","UMBS MORTPASS 1.5% 07/36","15yr",,,,,"210856323",,,,,,""
"2021-08-11","'3140KLDW9'","MBS","UMBS MORTPASS 2% 07/51","30yr",,,,,"210461898",,,,,,""
"2021-08-11","'3140K9ED7'","MBS","UMBS MORTPASS 3% 04/50","30yr",,,,,"210067826.74",,,,,,""
"2021-08-11","'3133GCXB3'","MBS","UMBS MORTPASS 1.5% 04/36","15yr",,,,,"209581760.26",,,,,,""
"2021-08-11","'31418DRQ7'","MBS","UMBS MORTPASS 2.5% 08/40","Other",,,,,"209427511.47",,,,,,""
"2021-08-11","'3140QKMN5'","MBS","UMBS MORTPASS 2% 02/36","15yr",,,,,"209249356.99",,,,,,""
"2021-08-11","'31418DND0'","MBS","UMBS MORTPASS 2.5% 04/40","Other",,,,,"209074709.32",,,,,,""
"2021-08-11","'3140QGRW9'","MBS","UMBS MORTPASS 2.5% 01/51","30yr",,,,,"208603037.68",,,,,,""
"2021-08-11","'3140X57M9'","MBS","UMBS MORTPASS 3% 03/50","30yr",,,,,"206908926.15",,,,,,""
"2021-08-11","'3140X46D3'","MBS","UMBS MORTPASS 3.5% 02/33","15yr",,,,,"206805143.58",,,,,,"Y"
"2021-08-11","'36179TG33'","MBS","GNMA II MORTPASS 3% 09/47","30yr",,,,,"204621405.84",,,,,,""
"2021-08-11","'3132AEB96'","MBS","UMBS MORTPASS 4% 04/49","30yr",,,,,"203919786.21",,,,,,""
"2021-08-11","'3140QCYQ3'","MBS","UMBS MORTPASS 3% 02/50","30yr",,,,,"203517253.19",,,,,,""
"2021-08-11","'3140KNP36'","MBS","UMBS MORTPASS 1.5% 10/35","15yr",,,,,"203510709.1",,,,,,""
"2021-08-11","'3140HMRV8'","MBS","UMBS MORTPASS 4% 10/48","30yr",,,,,"203333298.02",,,,,,""
"2021-08-11","'3140GYJX8'","MBS","UMBS MORTPASS 3.5% 02/48","30yr",,,,,"203328080.9",,,,,,""
"2021-08-11","'3132DV4X0'","MBS","UMBS MORTPASS 3.5% 01/50","30yr",,,,,"202990899.24",,,,,,""
"2021-08-11","'31418DB92'","MBS","UMBS MORTPASS 3.5% 05/49","30yr",,,,,"201629783.13",,,,,,""
"2021-08-11","'36179TJX4'","MBS","GNMA II 3.5% 10/47","30yr",,,,,"201164620.1",,,,,,""
"2021-08-11","'3140K8UK5'","MBS","UMBS MORTPASS 2.5% 04/50","30yr",,,,,"200544617.44",,,,,,""
"2021-08-11","'3140QLDY9'","MBS","UMBS MORTPASS 2% 07/51","30yr",,,,,"199614334.89",,,,,,""
"2021-08-11","'3133A94E2'","MBS","UMBS MORTPASS 2% 09/50","30yr",,,,,"198308796.94",,,,,,""
"2021-08-11","'3133ALHJ0'","MBS","UMBS MORTPASS 2% 05/51","30yr",,,,,"198149581.79",,,,,,""
"2021-08-11","'3140X4RK4'","MBS","UMBS MORTPASS 4.5% 06/49","30yr",,,,,"198027826.02",,,,,,""
"2021-08-11","'3140XBJM3'","MBS","UMBS MORTPASS 2% 01/36","15yr",,,,,"198001132.05",,,,,,""
"2021-08-11","'31335A3L0'","MBS","FHLMCGLD 3.5% 06/44","30yr",,,,,"197487020.95",,,,,,"Y"
"2021-08-11","'31335BAS5'","MBS","FHLMCGLD 4% 09/45","30yr",,,,,"197464311.94",,,,,,"Y"
"2021-08-11","'3138ERVJ6'","MBS","UMBS MORTPASS 4% 09/45","30yr",,,,,"197218864.48",,,,,,"Y"
"2021-08-11","'3140QKAA6'","MBS","UMBS MORTPASS 2% 01/36","15yr",,,,,"197149593.57",,,,,,""
"2021-08-11","'3140HMXN9'","MBS","UMBS MORTPASS 4% 10/48","30yr",,,,,"196235079.55",,,,,,""
"2021-08-11","'3140L6WT7'","MBS","UMBS MORTPASS 2.5% 05/51","30yr",,,,,"195741024.4",,,,,,""
"2021-08-11","'3140JHZH9'","MBS","UMBS MORTPASS 4% 11/48","30yr",,,,,"195339033.19",,,,,,""
"2021-08-11","'3133A8MD6'","MBS","UMBS MORTPASS 2.5% 08/50","30yr",,,,,"195226641.05",,,,,,""
"2021-08-11","'31418DGN6'","MBS","UMBS MORTPASS 4% 10/49","30yr",,,,,"194662410.54",,,,,,""
"2021-08-11","'36179SQX8'","MBS","GNMA II MORTPASS 4% 11/46","30yr",,,,,"194247532.88",,,,,,""
"2021-08-11","'3133KJAF9'","MBS","UMBS MORTPASS 2.5% 05/50","30yr",,,,,"194162314.12",,,,,,""
"2021-08-11","'31335APV4'","MBS","FHLMCGLD 4% 11/43","30yr",,,,,"193071250.67",,,,,,"Y"
"2021-08-11","'3140QEBE1'","MBS","UMBS MORTPASS 2.5% 07/50","30yr",,,,,"192480005.28",,,,,,""
"2021-08-11","'3140KTTZ8'","MBS","UMBS MORTPASS 1.5% 03/51","30yr",,,,,"192148044.12",,,,,,""
"2021-08-11","'3140LPNH1'","MBS","UMBS MORTPASS 1.5% 07/36","15yr",,,,,"192037646.15",,,,,,""
"2021-08-11","'3140QDZL1'","MBS","UMBS MORTPASS 2.5% 06/50","30yr",,,,,"191996786.36",,,,,,""
"2021-08-11","'3133A3X94'","MBS","UMBS MORTPASS 3% 04/50","30yr",,,,,"191837174.22",,,,,,""
"2021-08-11","'3133KHT30'","MBS","UMBS MORTPASS 3% 12/49","30yr",,,,,"191803127.54",,,,,,""
"2021-08-11","'3140QCVN3'","MBS","UMBS MORTPASS 3% 02/50","30yr",,,,,"191703133.25",,,,,,""
"2021-08-11","'3140QHMY8'","MBS","UMBS MORTPASS 1.5% 03/51","30yr",,,,,"190949518.71",,,,,,""
"2021-08-11","'3140QDZK3'","MBS","UMBS MORTPASS 2.5% 06/50","30yr",,,,,"190843963.23",,,,,,""
"2021-08-11","'3140XAZQ8'","MBS","UMBS MORTPASS 2% 04/51","30yr",,,,,"190291059.51",,,,,,""
"2021-08-11","'36179RZS1'","MBS","GNMA II MORTPASS 3% 02/46","30yr",,,,,"189855173.64",,,,,,""
"2021-08-11","'3140QEUP5'","MBS","UMBS MORTPASS 2% 08/50","30yr",,,,,"189418801.8",,,,,,""
"2021-08-11","'3140J6GJ0'","MBS","UMBS MORTPASS 3.5% 05/47","30yr",,,,,"189199261.68",,,,,,""
"2021-08-11","'3138ERDX5'","MBS","UMBS MORTPASS 4% 06/43","30yr",,,,,"189086348.52",,,,,,"Y"
"2021-08-11","'3140QDUN2'","MBS","UMBS MORTPASS 2.5% 06/50","30yr",,,,,"188693490.8",,,,,,""
"2021-08-11","'3140K5JP3'","MBS","UMBS MORTPASS 3% 02/50","30yr",,,,,"186122002.57",,,,,,""
"2021-08-11","'3140KGX73'","MBS","UMBS MORTPASS 2% 07/35","15yr",,,,,"185669446.06",,,,,,""
"2021-08-11","'3133AKPQ7'","MBS","UMBS MORTPASS 1.5% 05/51","30yr",,,,,"185137713.74",,,,,,""
"2021-08-11","'31346YFY4'","MBS","UMBS MORTPASS 3% 11/49","30yr",,,,,"184836341.83",,,,,,""
"2021-08-11","'3138EQRM6'","MBS","UMBS MORTPASS 4.5% 08/42","30yr",,,,,"184761970.84",,,,,,"Y"
"2021-08-11","'3128MER94'","MBS","FHLMCGLD 3.5% 05/29","15yr",,,,,"184512590.61",,,,,,"Y"
"2021-08-11","'3140JQRB1'","MBS","UMBS MORTPASS 3% 08/49","30yr",,,,,"184497703.5",,,,,,""
"2021-08-11","'3140QEBF8'","MBS","UMBS MORTPASS 2.5% 07/50","30yr",,,,,"183365950.66",,,,,,""
"2021-08-11","'3128M8WM2'","MBS","FHLMCGLD 5% 09/39","30yr",,,,,"183102141.23",,,,,,"Y"
"2021-08-11","'3133KH5E2'","MBS","UMBS MORTPASS 2.5% 06/50","30yr",,,,,"182611757.86",,,,,,""
"2021-08-11","'3140L7X98'","MBS","UMBS MORTPASS 2.5% 05/51","30yr",,,,,"182543138.12",,,,,,""
"2021-08-11","'3133KKAA7'","MBS","UMBS MORTPASS 2.5% 10/50","30yr",,,,,"182304069.08",,,,,,""
"2021-08-11","'3140J8X57'","MBS","UMBS MORTPASS 3% 03/30","15yr",,,,,"182218841.7",,,,,,""
"2021-08-11","'3138ERDZ0'","MBS","UMBS MORTPASS 3.5% 11/42","30yr",,,,,"182018580.65",,,,,,"Y"
"2021-08-11","'3140K5LN5'","MBS","UMBS MORTPASS 3% 03/50","30yr",,,,,"181637363.53",,,,,,""
"2021-08-11","'3128MFGC6'","MBS","FHLMCGLD 3.5% 10/30","15yr",,,,,"181637273.24",,,,,,"Y"
"2021-08-11","'3133AMKC9'","MBS","UMBS MORTPASS 2% 06/51","30yr",,,,,"181514383.49",,,,,,""
"2021-08-11","'36179N5V6'","MBS","GNMA II 3.5% 03/44","30yr",,,,,"181511733.81",,,,,,""
"2021-08-11","'3140QBZU5'","MBS","UMBS MORTPASS 3.5% 10/49","30yr",,,,,"181076160.55",,,,,,""
"2021-08-11","'3140X6CD1'","MBS","UMBS MORTPASS 2.5% 08/31","15yr",,,,,"181048904.49",,,,,,""
"2021-08-11","'3140X46C5'","MBS","UMBS MORTPASS 2.5% 08/31","15yr",,,,,"180829191.65",,,,,,"Y"
"2021-08-11","'3133AG5E5'","MBS","UMBS MORTPASS 1.5% 03/51","30yr",,,,,"180817119.64",,,,,,""
"2021-08-11","'31335AYS1'","MBS","FHLMCGLD 3.5% 07/43","30yr",,,,,"180739684.84",,,,,,"Y"
"2021-08-11","'3133KHJE7'","MBS","UMBS MORTPASS 3% 01/50","30yr",,,,,"180171364.78",,,,,,""
"2021-08-11","'31334YGF8'","MBS","UMBS MORTPASS 3.5% 08/49","30yr",,,,,"180022948.14",,,,,,""
"2021-08-11","'3138EQZ21'","MBS","UMBS MORTPASS 3.5% 07/29","15yr",,,,,"179744743.48",,,,,,"Y"
"2021-08-11","'3140J6GL5'","MBS","UMBS MORTPASS 4% 10/47","30yr",,,,,"179314883.87",,,,,,""
"2021-08-11","'3140KTTY1'","MBS","UMBS MORTPASS 2% 03/51","30yr",,,,,"179003627.03",,,,,,""
"2021-08-11","'3140LNR58'","MBS","UMBS MORTPASS 2% 05/51","30yr",,,,,"178965501.24",,,,,,""
"2021-08-11","'3140KGXZ1'","MBS","UMBS MORTPASS 2.5% 07/50","30yr",,,,,"178698237.85",,,,,,""
"2021-08-11","'36179TNR2'","MBS","GNMA II 3.5% 12/47","30yr",,,,,"178569098.27",,,,,,""
"2021-08-11","'31335AJK5'","MBS","FHLMCGLD 4.5% 10/41","30yr",,,,,"178194193.54",,,,,,"Y"
"2021-08-11","'3140K5JQ1'","MBS","UMBS MORTPASS 3% 02/50","30yr",,,,,"178009126.41",,,,,,""
"2021-08-11","'3140KEFR4'","MBS","UMBS MORTPASS 2.5% 07/50","30yr",,,,,"178000756.91",,,,,,""
"2021-08-11","'3140X5CD3'","MBS","UMBS MORTPASS 3% 11/49","30yr",,,,,"177759822.92",,,,,,""
"2021-08-11","'3138ERVH0'","MBS","UMBS MORTPASS 3% 02/45","30yr",,,,,"177334675.02",,,,,,"Y"
"2021-08-11","'36202FLN4'","MBS","GNMA II MORTPASS 4% 10/40","30yr",,,,,"177195437.56",,,,,,""
"2021-08-11","'36179TCW3'","MBS","GNMA II MORTPASS 3% 07/47","30yr",,,,,"177010650.63",,,,,,""
"2021-08-11","'36179TQP3'","MBS","GNMA II 3.5% 01/48","30yr",,,,,"176965218.2",,,,,,""
"2021-08-11","'3140J5D63'","MBS","UMBS MORTPASS 4% 06/45","30yr",,,,,"176703602.02",,,,,,"Y"
"2021-08-11","'3133ALZ68'","MBS","UMBS MORTPASS 2% 06/51","30yr",,,,,"176511644.88",,,,,,""
"2021-08-11","'31334YCC9'","MBS","UMBS MORTPASS 3% 08/49","30yr",,,,,"175947575.32",,,,,,""
"2021-08-11","'3140X6VF5'","MBS","UMBS MORTPASS 2% 08/35","15yr",,,,,"175803525.3",,,,,,""
"2021-08-11","'3133A1B27'","MBS","UMBS MORTPASS 3% 01/50","30yr",,,,,"175763914.97",,,,,,""
"2021-08-11","'3128M8QQ0'","MBS","FHLMCGLD 4% 03/40","30yr",,,,,"175673625.81",,,,,,"Y"
"2021-08-11","'31335AYR3'","MBS","FHLMCGLD 3% 04/43","30yr",,,,,"175536452.59",,,,,,"Y"
"2021-08-11","'3140QC4P8'","MBS","UMBS MORTPASS 2.5% 12/49","30yr",,,,,"174730046.29",,,,,,""
"2021-08-11","'3133A9BQ7'","MBS","UMBS MORTPASS 2% 09/50","30yr",,,,,"174615750.6",,,,,,""
"2021-08-11","'36179TEY7'","MBS","GNMA II MORTPASS 3% 08/47","30yr",,,,,"174568422.66",,,,,,""
"2021-08-11","'3140JPKH7'","MBS","UMBS MORTPASS 3.5% 05/49","30yr",,,,,"173988608.17",,,,,,""
"2021-08-11","'3132CWLZ5'","MBS","UMBS MORTPASS 2% 07/35","15yr",,,,,"173590416.96",,,,,,""
"2021-08-11","'3138EGWQ3'","MBS","UMBS MORTPASS 4% 07/39","30yr",,,,,"173528779.08",,,,,,"Y"
"2021-08-11","'3140QDDW1'","MBS","UMBS MORTPASS 2.5% 04/50","30yr",,,,,"173352012.49",,,,,,""
"2021-08-11","'3140QESX1'","MBS","UMBS MORTPASS 2.5% 08/50","30yr",,,,,"172946358.46",,,,,,""
"2021-08-11","'3132A5KB0'","MBS","UMBS MORTPASS 4% 09/48","30yr",,,,,"172463791.44",,,,,,""
"2021-08-11","'3140L5AJ5'","MBS","UMBS MORTPASS 2% 04/51","30yr",,,,,"172409579.12",,,,,,""
"2021-08-11","'3133AAJK9'","MBS","UMBS MORTPASS 2% 09/50","30yr",,,,,"172247093.09",,,,,,""
"2021-08-11","'3140L6WK6'","MBS","UMBS MORTPASS 2% 05/51","30yr",,,,,"172158600.38",,,,,,""
"2021-08-11","'3138EHBK7'","MBS","UMBS MORTPASS 5.5% 04/40","30yr",,,,,"172050165.25",,,,,,"Y"
"2021-08-11","'3133KKB65'","MBS","UMBS MORTPASS 2.5% 10/50","30yr",,,,,"171918176.88",,,,,,""
"2021-08-11","'3140HF3Q0'","MBS","UMBS MORTPASS 2.5% 06/50","30yr",,,,,"171063609.76",,,,,,""
"2021-08-11","'3133USGZ8'","MBS","UMBS MORTPASS 2% 03/51","30yr",,,,,"170844223.49",,,,,,""
"2021-08-11","'3138EHBU5'","MBS","UMBS MORTPASS 4.5% 07/39","30yr",,,,,"170630545.49",,,,,,"Y"
"2021-08-11","'3140K3BE1'","MBS","UMBS MORTPASS 3% 01/50","30yr",,,,,"170497543.22",,,,,,""
"2021-08-11","'3138EHFK3'","MBS","UMBS MORTPASS 5% 03/39","30yr",,,,,"170242892.06",,,,,,"Y"
"2021-08-11","'3133KLW86'","MBS","UMBS MORTPASS 2% 01/51","30yr",,,,,"170226113.34",,,,,,""
"2021-08-11","'3138EQBZ4'","MBS","UMBS MORTPASS 4.5% 05/41","30yr",,,,,"169648995.97",,,,,,"Y"
"2021-08-11","'3140QDAT1'","MBS","UMBS MORTPASS 2.5% 03/50","30yr",,,,,"169315317.27",,,,,,""
"2021-08-11","'36202FEJ1'","MBS","GNMA II MORTPASS 5% 02/40","30yr",,,,,"169081666.55",,,,,,""
"2021-08-11","'3133KJ3U4'","MBS","UMBS MORTPASS 2.5% 09/50","30yr",,,,,"168983448.45",,,,,,""
"2021-08-11","'3132AEEZ5'","MBS","UMBS MORTPASS 4% 05/49","30yr",,,,,"168843127.65",,,,,,""
"2021-08-11","'31418DCX8'","MBS","UMBS MORTPASS 3% 06/49","30yr",,,,,"168757591.22",,,,,,""
"2021-08-11","'3140QE7C0'","MBS","UMBS MORTPASS 2% 07/35","15yr",,,,,"168564114.82",,,,,,""
"2021-08-11","'3140X3AX6'","MBS","UMBS MORTPASS 4% 03/49","30yr",,,,,"167627552.2",,,,,,""
"2021-08-11","'36179SSR9'","MBS","GNMA II MORTPASS 4% 12/46","30yr",,,,,"167498744.42",,,,,,""
"2021-08-11","'3133G9MJ5'","MBS","UMBS MORTPASS 2% 08/35","15yr",,,,,"167402525.39",,,,,,""
"2021-08-11","'3133KYS26'","MBS","UMBS MORTPASS 2.5% 03/40","Other",,,,,"167377850.16",,,,,,""
"2021-08-11","'3132DV3P8'","MBS","UMBS MORTPASS 4% 08/49","30yr",,,,,"167081504.75",,,,,,""
"2021-08-11","'3140KEM96'","MBS","UMBS MORTPASS 2.5% 09/50","30yr",,,,,"166727028.62",,,,,,""
"2021-08-11","'3140QBJM1'","MBS","UMBS MORTPASS 3.5% 07/49","30yr",,,,,"166335261.83",,,,,,""
"2021-08-11","'3140KGW74'","MBS","UMBS MORTPASS 2% 07/35","15yr",,,,,"166314816.88",,,,,,""
"2021-08-11","'3132DMKA2'","MBS","UMBS MORTPASS 4% 09/49","30yr",,,,,"166224694.68",,,,,,""
"2021-08-11","'31335A2K3'","MBS","FHLMCGLD 4% 08/43","30yr",,,,,"166193154.36",,,,,,"Y"
"2021-08-11","'3133AKPM6'","MBS","UMBS MORTPASS 1.5% 05/51","30yr",,,,,"165333747.32",,,,,,""
"2021-08-11","'3133G9C56'","MBS","UMBS MORTPASS 2% 07/35","15yr",,,,,"165220198.02",,,,,,""
"2021-08-11","'3140QC5B8'","MBS","UMBS MORTPASS 3% 12/49","30yr",,,,,"165145882.1",,,,,,""
"2021-08-11","'3128M8X41'","MBS","FHLMCGLD 5% 06/40","30yr",,,,,"164988235.15",,,,,,"Y"
"2021-08-11","'36179R4D8'","MBS","GNMA II MORTPASS 3% 03/46","30yr",,,,,"164899446.29",,,,,,""
"2021-08-11","'36179T4P7'","MBS","GNMA II MORTPASS 4% 07/48","30yr",,,,,"164184311.68",,,,,,""
"2021-08-11","'3132DWBJ1'","MBS","UMBS MORTPASS 2.5% 04/51","30yr",,,,,"164044296.7",,,,,,""
"2021-08-11","'3140KLDX7'","MBS","UMBS MORTPASS 2% 07/51","30yr",,,,,"163263979",,,,,,""
"2021-08-11","'3133GAJK3'","MBS","UMBS MORTPASS 2% 10/35","15yr",,,,,"162750865.63",,,,,,""
"2021-08-11","'3133KJNC2'","MBS","UMBS MORTPASS 2.5% 07/50","30yr",,,,,"162735449.84",,,,,,""
"2021-08-11","'3133KK5H8'","MBS","UMBS MORTPASS 2% 01/51","30yr",,,,,"162392247.68",,,,,,""
"2021-08-11","'3132A5JW6'","MBS","UMBS MORTPASS 3.5% 07/48","30yr",,,,,"162139696.11",,,,,,""
"2021-08-11","'3133G9PP8'","MBS","UMBS MORTPASS 2% 08/35","15yr",,,,,"161414461.59",,,,,,""
"2021-08-11","'3133KKAP4'","MBS","UMBS MORTPASS 2.5% 09/50","30yr",,,,,"161254377.26",,,,,,""
"2021-08-11","'31418CZH0'","MBS","UMBS MORTPASS 4% 08/48","30yr",,,,,"161093797.16",,,,,,""
"2021-08-11","'3138ERDV9'","MBS","UMBS MORTPASS 3% 01/43","30yr",,,,,"160757260.42",,,,,,"Y"
"2021-08-11","'3133ANQW7'","MBS","UMBS MORTPASS 2% 07/51","30yr",,,,,"160309280",,,,,,""
"2021-08-11","'3138EQQ96'","MBS","UMBS MORTPASS 3.5% 09/28","15yr",,,,,"160192807.23",,,,,,"Y"
"2021-08-11","'3140L0MN4'","MBS","UMBS MORTPASS 1.5% 07/36","15yr",,,,,"160115228",,,,,,""
"2021-08-11","'3138ERKV1'","MBS","UMBS MORTPASS 3.5% 07/43","30yr",,,,,"159512006.97",,,,,,"Y"
"2021-08-11","'3133KHVP8'","MBS","UMBS MORTPASS 3% 04/50","30yr",,,,,"159141875.73",,,,,,""
"2021-08-11","'36179S5K9'","MBS","GNMA II MORTPASS 3% 05/47","30yr",,,,,"158695256.03",,,,,,""
"2021-08-11","'3140K2RK2'","MBS","UMBS MORTPASS 1.5% 05/51","30yr",,,,,"158374341.48",,,,,,""
"2021-08-11","'3132D54V1'","MBS","UMBS MORTPASS 3% 03/35","15yr",,,,,"158263932.78",,,,,,""
"2021-08-11","'3133A3CU0'","MBS","UMBS MORTPASS 3% 03/50","30yr",,,,,"157964392.62",,,,,,""
"2021-08-11","'3133GAY83'","MBS","UMBS MORTPASS 2% 12/35","15yr",,,,,"157902804.81",,,,,,""
"2021-08-11","'3140KYCB8'","MBS","UMBS MORTPASS 1.5% 04/36","15yr",,,,,"157687375.94",,,,,,""
"2021-08-11","'3140X7WF2'","MBS","UMBS MORTPASS 2.5% 09/50","30yr",,,,,"157387183.34",,,,,,""
"2021-08-11","'3140QGLQ8'","MBS","UMBS MORTPASS 2.5% 11/50","30yr",,,,,"157091142.49",,,,,,""
"2021-08-11","'3138EQRB0'","MBS","UMBS MORTPASS 4.5% 06/42","30yr",,,,,"156528171.73",,,,,,"Y"
"2021-08-11","'31418CUA0'","MBS","UMBS MORTPASS 3.5% 02/48","30yr",,,,,"156372286.41",,,,,,""
"2021-08-11","'3131YC5V4'","MBS","UMBS MORTPASS 3.5% 05/49","30yr",,,,,"155383258.64",,,,,,""
"2021-08-11","'3133AHAU1'","MBS","UMBS MORTPASS 2% 03/51","30yr",,,,,"155264092.5",,,,,,""
"2021-08-11","'3140K8US8'","MBS","UMBS MORTPASS 3% 04/50","30yr",,,,,"155120775.63",,,,,,""
"2021-08-11","'3622A2SC7'","MBS","GNMA II MORTPASS 3% 02/46","30yr",,,,,"155077401.86",,,,,,""
"2021-08-11","'3138ERDW7'","MBS","UMBS MORTPASS 3.5% 10/42","30yr",,,,,"155067302.74",,,,,,"Y"
"2021-08-11","'3128MER60'","MBS","FHLMCGLD 3.5% 02/29","15yr",,,,,"154935491.05",,,,,,"Y"
"2021-08-11","'3140QGTR8'","MBS","UMBS MORTPASS 2% 09/35","15yr",,,,,"154411639.81",,,,,,""
"2021-08-11","'3133KYSV2'","MBS","UMBS MORTPASS 2.5% 02/40","Other",,,,,"154323003.61",,,,,,""
"2021-08-11","'3622AAS70'","MBS","GNMA II MORTPASS 2% 09/50","30yr",,,,,"154311990.03",,,,,,""
"2021-08-11","'3140LQXP0'","MBS","UMBS MORTPASS 2% 05/51","30yr",,,,,"154225630.73",,,,,,""
"2021-08-11","'3133KMB46'","MBS","UMBS MORTPASS 2% 06/51","30yr",,,,,"154195893.05",,,,,,""
"2021-08-11","'3133AK2R0'","MBS","UMBS MORTPASS 2% 05/51","30yr",,,,,"154059310.68",,,,,,""
"2021-08-11","'3140JWNQ9'","MBS","UMBS MORTPASS 3% 09/49","30yr",,,,,"153429696.38",,,,,,""
"2021-08-11","'3133KKNY1'","MBS","UMBS MORTPASS 2% 11/50","30yr",,,,,"153359829.43",,,,,,""
"2021-08-11","'3132ADWE4'","MBS","UMBS MORTPASS 4% 12/48","30yr",,,,,"153352022.65",,,,,,""
"2021-08-11","'3140K7WQ2'","MBS","UMBS MORTPASS 3% 03/50","30yr",,,,,"153136569.89",,,,,,""
"2021-08-11","'3140X6BM2'","MBS","UMBS MORTPASS 3% 02/34","15yr",,,,,"153111562.83",,,,,,""
"2021-08-11","'3138EGQC1'","MBS","UMBS MORTPASS 5.5% 10/39","30yr",,,,,"152992343.99",,,,,,"Y"
"2021-08-11","'3140KHTT8'","MBS","UMBS MORTPASS 2% 08/35","15yr",,,,,"152462113.74",,,,,,""
"2021-08-11","'36202FY67'","MBS","GNMA II MORTPASS 4% 11/41","30yr",,,,,"152288724.38",,,,,,""
"2021-08-11","'3132A7WG2'","MBS","UMBS MORTPASS 2.5% 03/28","15yr",,,,,"151600928.46",,,,,,""
"2021-08-11","'3140QCY26'","MBS","UMBS MORTPASS 3% 02/50","30yr",,,,,"151465285.36",,,,,,""
"2021-08-11","'3133GDCW8'","MBS","UMBS MORTPASS 1.5% 05/36","15yr",,,,,"151375313.61",,,,,,""
"2021-08-11","'36179TUC7'","MBS","GNMA II 4.5% 03/48","30yr",,,,,"150574577.89",,,,,,""
"2021-08-11","'3140KHT92'","MBS","UMBS MORTPASS 2% 08/35","15yr",,,,,"150312570.77",,,,,,""
"2021-08-11","'3133GBGE8'","MBS","UMBS MORTPASS 1.5% 12/35","15yr",,,,,"149911617.38",,,,,,""
"2021-08-11","'3140X42J4'","MBS","UMBS MORTPASS 3% 10/49","30yr",,,,,"149791074.07",,,,,,""
"2021-08-11","'3138EQKF8'","MBS","UMBS MORTPASS 3.5% 09/28","15yr",,,,,"149355342.63",,,,,,"Y"
"2021-08-11","'3140K3DZ2'","MBS","UMBS MORTPASS 3% 02/50","30yr",,,,,"149064107.67",,,,,,""
"2021-08-11","'3140LQVG2'","MBS","UMBS MORTPASS 2% 07/51","30yr",,,,,"148966404",,,,,,""
"2021-08-11","'3140K3DY5'","MBS","UMBS MORTPASS 3% 02/50","30yr",,,,,"148872022.27",,,,,,""
"2021-08-11","'3133GCVV1'","MBS","UMBS MORTPASS 1.5% 04/36","15yr",,,,,"148791346.39",,,,,,""
"2021-08-11","'3133AND76'","MBS","UMBS MORTPASS 2% 07/51","30yr",,,,,"148587338.44",,,,,,""
"2021-08-11","'3140JWNR7'","MBS","UMBS MORTPASS 3% 09/49","30yr",,,,,"148485191.53",,,,,,""
"2021-08-11","'3140XADQ2'","MBS","UMBS MORTPASS 2% 03/51","30yr",,,,,"148184088.03",,,,,,""
"2021-08-11","'3133ANQV9'","MBS","UMBS MORTPASS 2% 07/51","30yr",,,,,"148178884",,,,,,""
"2021-08-11","'3140QHPA7'","MBS","UMBS MORTPASS 2.5% 01/51","30yr",,,,,"148075928.77",,,,,,""
"2021-08-11","'31335A3K2'","MBS","FHLMCGLD 4% 01/44","30yr",,,,,"147929039.45",,,,,,"Y"
"2021-08-11","'3133AGZ51'","MBS","UMBS MORTPASS 1.5% 03/51","30yr",,,,,"147801361.01",,,,,,""
"2021-08-11","'31418CVE1'","MBS","UMBS MORTPASS 3% 03/33","15yr",,,,,"147770517.87",,,,,,""
"2021-08-11","'3140L8JL5'","MBS","UMBS MORTPASS 2% 06/51","30yr",,,,,"147738616.79",,,,,,""
"2021-08-11","'3140QEJG8'","MBS","UMBS MORTPASS 2% 08/35","15yr",,,,,"147696160.04",,,,,,""
"2021-08-11","'3140KRM71'","MBS","UMBS MORTPASS 1.5% 11/35","15yr",,,,,"147520305.96",,,,,,""
"2021-08-11","'36179TNT8'","MBS","GNMA II 4.5% 12/47","30yr",,,,,"147428838.5",,,,,,""
"2021-08-11","'3140QFSZ3'","MBS","UMBS MORTPASS 2.5% 11/50","30yr",,,,,"147425389.36",,,,,,""
"2021-08-11","'3133KHT97'","MBS","UMBS MORTPASS 2.5% 03/50","30yr",,,,,"147328790.9",,,,,,""
"2021-08-11","'3140KFMY8'","MBS","UMBS MORTPASS 2% 11/35","15yr",,,,,"147099142.38",,,,,,""
"2021-08-11","'3140L3N31'","MBS","UMBS MORTPASS 2% 04/51","30yr",,,,,"147090719.61",,,,,,""
"2021-08-11","'3133KHWZ5'","MBS","UMBS MORTPASS 2.5% 04/50","30yr",,,,,"146752341.83",,,,,,""
"2021-08-11","'3140KGWN9'","MBS","UMBS MORTPASS 2% 07/35","15yr",,,,,"146527707.79",,,,,,""
"2021-08-11","'3128MFAV0'","MBS","FHLMCGLD 3.5% 01/29","15yr",,,,,"146390380.49",,,,,,"Y"
"2021-08-11","'3133AJVV2'","MBS","UMBS MORTPASS 2% 04/51","30yr",,,,,"146342350.94",,,,,,""
"2021-08-11","'3133AGQK8'","MBS","UMBS MORTPASS 1.5% 03/51","30yr",,,,,"146069278.28",,,,,,""
"2021-08-11","'3140X7E70'","MBS","UMBS MORTPASS 2.5% 08/50","30yr",,,,,"145818630.3",,,,,,""
"2021-08-11","'3140KGXL2'","MBS","UMBS MORTPASS 2% 07/35","15yr",,,,,"145521383.38",,,,,,""
"2021-08-11","'3138ERDS6'","MBS","UMBS MORTPASS 4% 09/42","30yr",,,,,"145445195.71",,,,,,"Y"
"2021-08-11","'3140KUKG6'","MBS","UMBS MORTPASS 2% 01/51","30yr",,,,,"144766072.77",,,,,,""
"2021-08-11","'3140HAW71'","MBS","UMBS MORTPASS 3% 08/49","30yr",,,,,"144699524.77",,,,,,""
"2021-08-11","'36179TLR4'","MBS","GNMA II MORTPASS 3% 11/47","30yr",,,,,"144260175.81",,,,,,""
"2021-08-11","'31418DAQ5'","MBS","UMBS MORTPASS 3.5% 03/49","30yr",,,,,"144208902.06",,,,,,""
"2021-08-11","'3133AMVY9'","MBS","UMBS MORTPASS 2% 06/51","30yr",,,,,"144056887.53",,,,,,""
"2021-08-11","'3133AEH31'","MBS","UMBS MORTPASS 2% 01/51","30yr",,,,,"143834766.56",,,,,,""
"2021-08-11","'3133AKFQ8'","MBS","UMBS MORTPASS 2% 04/51","30yr",,,,,"143811342.82",,,,,,""
"2021-08-11","'31418DCZ3'","MBS","UMBS MORTPASS 4% 06/49","30yr",,,,,"143791020.45",,,,,,""
"2021-08-11","'3140QKVE5'","MBS","UMBS MORTPASS 2.5% 05/51","30yr",,,,,"143783398.07",,,,,,""
"2021-08-11","'3140QKXM5'","MBS","UMBS MORTPASS 2% 03/36","15yr",,,,,"143757598.99",,,,,,""
"2021-08-11","'3140XADT6'","MBS","UMBS MORTPASS 2% 03/51","30yr",,,,,"143578898.84",,,,,,""
"2021-08-11","'3140KEJ82'","MBS","UMBS MORTPASS 2% 08/35","15yr",,,,,"143147632.08",,,,,,""
"2021-08-11","'3140K3LL4'","MBS","UMBS MORTPASS 3% 01/50","30yr",,,,,"143132274.32",,,,,,""
"2021-08-11","'3132A9SB4'","MBS","UMBS MORTPASS 2.5% 06/31","15yr",,,,,"143015290.22",,,,,,""
"2021-08-11","'3133ALQC5'","MBS","UMBS MORTPASS 2.5% 05/51","30yr",,,,,"142990922.42",,,,,,""
"2021-08-11","'3140QFAX7'","MBS","UMBS MORTPASS 2% 10/50","30yr",,,,,"142782442.81",,,,,,""
"2021-08-11","'3140QLD29'","MBS","UMBS MORTPASS 2% 07/51","30yr",,,,,"142769577.38",,,,,,""
"2021-08-11","'3138EQK68'","MBS","UMBS MORTPASS 3.5% 01/28","15yr",,,,,"142752585.16",,,,,,"Y"
"2021-08-11","'31335A2G2'","MBS","FHLMCGLD 4% 03/42","30yr",,,,,"141880778.15",,,,,,"Y"
"2021-08-11","'3140KABZ8'","MBS","UMBS MORTPASS 2.5% 04/50","30yr",,,,,"141840885.58",,,,,,""
"2021-08-11","'3140L7ZH8'","MBS","UMBS MORTPASS 2% 04/51","30yr",,,,,"141415747.31",,,,,,""
"2021-08-11","'3140LP6L1'","MBS","UMBS MORTPASS 1.5% 05/36","15yr",,,,,"141284110.41",,,,,,""
"2021-08-11","'3133G9P29'","MBS","UMBS MORTPASS 2% 08/35","15yr",,,,,"141055709.52",,,,,,""
"2021-08-11","'31346YXJ7'","MBS","UMBS MORTPASS 3% 12/49","30yr",,,,,"140905016.73",,,,,,""
"2021-08-11","'3133A6QM6'","MBS","UMBS MORTPASS 2.5% 07/50","30yr",,,,,"140786740.76",,,,,,""
"2021-08-11","'3140KHUN9'","MBS","UMBS MORTPASS 2% 08/35","15yr",,,,,"140459583.27",,,,,,""
"2021-08-11","'3140HMR22'","MBS","UMBS MORTPASS 4.5% 10/48","30yr",,,,,"140434558.94",,,,,,""
"2021-08-11","'3133L8BX2'","MBS","UMBS MORTPASS 1.5% 02/36","15yr",,,,,"140402049.68",,,,,,""
"2021-08-11","'3133KMJC0'","MBS","UMBS MORTPASS 2% 04/51","30yr",,,,,"140391937",,,,,,""
"2021-08-11","'3140KRLU1'","MBS","UMBS MORTPASS 1.5% 10/35","15yr",,,,,"140352668.94",,,,,,""
"2021-08-11","'3132D54R0'","MBS","UMBS MORTPASS 3% 02/35","15yr",,,,,"140284158.37",,,,,,""
"2021-08-11","'3140JXTC2'","MBS","UMBS MORTPASS 3.5% 11/49","30yr",,,,,"139659495.66",,,,,,""
"2021-08-11","'3140L8ZR4'","MBS","UMBS MORTPASS 2% 04/51","30yr",,,,,"139416410.73",,,,,,""
"2021-08-11","'31418DLQ3'","MBS","UMBS MORTPASS 3% 02/40","Other",,,,,"138801917.2",,,,,,""
"2021-08-11","'36179MG46'","MBS","GNMA II MORTPASS 3% 07/42","30yr",,,,,"138123654.79",,,,,,""
"2021-08-11","'3140L6UU6'","MBS","UMBS MORTPASS 2% 04/51","30yr",,,,,"138092093.48",,,,,,""
"2021-08-11","'36202FV86'","MBS","GNMA II MORTPASS 4% 08/41","30yr",,,,,"137784629.97",,,,,,""
"2021-08-11","'3138ERDT4'","MBS","UMBS MORTPASS 3% 06/28","15yr",,,,,"137390437.08",,,,,,"Y"
"2021-08-11","'3140QFAH2'","MBS","UMBS MORTPASS 2% 10/35","15yr",,,,,"137113049.14",,,,,,""
"2021-08-11","'3128M8X25'","MBS","FHLMCGLD 5% 01/39","30yr",,,,,"136803890.06",,,,,,"Y"
"2021-08-11","'3140QEWN8'","MBS","UMBS MORTPASS 2.5% 09/50","30yr",,,,,"136279761.7",,,,,,""
"2021-08-11","'31346YXE8'","MBS","UMBS MORTPASS 3% 12/49","30yr",,,,,"135902004.1",,,,,,""
"2021-08-11","'3140KY2D5'","MBS","UMBS MORTPASS 1.5% 03/51","30yr",,,,,"135734021.98",,,,,,""
"2021-08-11","'3140KXZJ8'","MBS","UMBS MORTPASS 1.5% 01/36","15yr",,,,,"135405077.18",,,,,,""
"2021-08-11","'3140KXX84'","MBS","UMBS MORTPASS 1.5% 01/36","15yr",,,,,"135190947.22",,,,,,""
"2021-08-11","'3132AD6M5'","MBS","UMBS MORTPASS 3.5% 03/49","30yr",,,,,"134932389.36",,,,,,""
"2021-08-11","'3133KHZX7'","MBS","UMBS 3.0%","30yr",,,,,"134724404.96",,,,,,""
"2021-08-11","'3140X4HY5'","MBS","UMBS MORTPASS 3% 08/49","30yr",,,,,"134666744.44",,,,,,""
"2021-08-11","'31418DJN3'","MBS","UMBS MORTPASS 3% 12/39","Other",,,,,"134600878.58",,,,,,""
"2021-08-11","'31418DKC5'","MBS","UMBS MORTPASS 3% 01/40","Other",,,,,"134466964.01",,,,,,""
"2021-08-11","'36179TSH9'","MBS","GNMA II MORTPASS 4% 02/48","30yr",,,,,"133850354",,,,,,""
"2021-08-11","'3140K5LM7'","MBS","UMBS MORTPASS 3% 03/50","30yr",,,,,"133603211.95",,,,,,""
"2021-08-11","'3140FPFQ7'","MBS","UMBS MORTPASS 4% 07/47","30yr",,,,,"133550200.77",,,,,,""
"2021-08-11","'3140K8UV1'","MBS","UMBS MORTPASS 2.5% 04/50","30yr",,,,,"133304280.12",,,,,,""
"2021-08-11","'3140KEDQ8'","MBS","UMBS MORTPASS 2.5% 06/50","30yr",,,,,"133189086.86",,,,,,""
"2021-08-11","'3140KFJ63'","MBS","UMBS MORTPASS 2% 10/35","15yr",,,,,"132972919.75",,,,,,""
"2021-08-11","'3140QDDD3'","MBS","UMBS MORTPASS 2% 04/35","15yr",,,,,"132921322.37",,,,,,""
"2021-08-11","'36202FE77'","MBS","GNMA II MORTPASS 5% 03/40","30yr",,,,,"132095486.55",,,,,,""
"2021-08-11","'3133USGT2'","MBS","UMBS MORTPASS 2% 03/51","30yr",,,,,"131976793.5",,,,,,""
"2021-08-11","'3140QKRF7'","MBS","UMBS MORTPASS 1.5% 05/51","30yr",,,,,"131785069.81",,,,,,""
"2021-08-11","'3140KYFK5'","MBS","UMBS MORTPASS 1.5% 05/36","15yr",,,,,"131716510.2",,,,,,""
"2021-08-11","'3133AAXB3'","MBS","UMBS MORTPASS 2% 10/50","30yr",,,,,"131508660.79",,,,,,""
"2021-08-11","'3138ERVG2'","MBS","UMBS MORTPASS 2.5% 08/43","30yr",,,,,"131369226.44",,,,,,"Y"
"2021-08-11","'3133KJMR0'","MBS","UMBS MORTPASS 2.5% 07/50","30yr",,,,,"131335193.78",,,,,,""
"2021-08-11","'31418DST0'","MBS","UMBS MORTPASS 2.5% 09/40","Other",,,,,"130845232.45",,,,,,""
"2021-08-11","'3128M8WC4'","MBS","FHLMCGLD 4.5% 10/39","30yr",,,,,"129999226.47",,,,,,"Y"
"2021-08-11","'3133A85K9'","MBS","UMBS MORTPASS 2% 08/50","30yr",,,,,"129870899.56",,,,,,""
"2021-08-11","'3140QDJ88'","MBS","UMBS MORTPASS 2.5% 05/40","Other",,,,,"129685583.7",,,,,,""
"2021-08-11","'36179T4Q5'","MBS","GNMA II 4.5% 07/48","30yr",,,,,"129629751.37",,,,,,""
"2021-08-11","'3140QFSD2'","MBS","UMBS MORTPASS 2.5% 11/50","30yr",,,,,"129554017.7",,,,,,""
"2021-08-11","'3140XA7J5'","MBS","UMBS MORTPASS 2% 04/51","30yr",,,,,"129216016.81",,,,,,""
"2021-08-11","'3133AADV1'","MBS","UMBS MORTPASS 2% 09/50","30yr",,,,,"128740391.84",,,,,,""
"2021-08-11","'3140KYEU4'","MBS","UMBS MORTPASS 2% 05/51","30yr",,,,,"128435454.5",,,,,,""
"2021-08-11","'3140KFHW8'","MBS","UMBS MORTPASS 2.5% 10/50","30yr",,,,,"128208940.7",,,,,,""
"2021-08-11","'3140QKKX5'","MBS","UMBS MORTPASS 1.5% 04/36","15yr",,,,,"127814876.61",,,,,,""
"2021-08-11","'3133ABBU3'","MBS","UMBS MORTPASS 2% 10/50","30yr",,,,,"127501031.27",,,,,,""
"2021-08-11","'3132J4JF7'","MBS","FHLMCGLD 3.5% 02/36","Other",,,,,"127478621.99",,,,,,"Y"
"2021-08-11","'3140LNR66'","MBS","UMBS MORTPASS 2% 04/51","30yr",,,,,"127442590.71",,,,,,""
"2021-08-11","'3133A6UH2'","MBS","UMBS MORTPASS 2.5% 06/50","30yr",,,,,"127246589.89",,,,,,""
"2021-08-11","'3138ERKU3'","MBS","UMBS MORTPASS 3% 09/29","15yr",,,,,"126866654.67",,,,,,"Y"
"2021-08-11","'3140X7WX3'","MBS","UMBS MORTPASS 2.5% 09/50","30yr",,,,,"126786884.61",,,,,,""
"2021-08-11","'3140KCJR4'","MBS","UMBS MORTPASS 2.5% 05/50","30yr",,,,,"126415457.06",,,,,,""
"2021-08-11","'3133KHG83'","MBS","UMBS MORTPASS 3% 01/50","30yr",,,,,"126338851.76",,,,,,""
"2021-08-11","'31418DEU2'","MBS","UMBS MORTPASS 4% 08/49","30yr",,,,,"126305653.87",,,,,,""
"2021-08-11","'3140K0GR3'","MBS","UMBS MORTPASS 3% 11/49","30yr",,,,,"126006523.82",,,,,,""
"2021-08-11","'3133KKNE5'","MBS","UMBS MORTPASS 2.5% 11/50","30yr",,,,,"125821214.87",,,,,,""
"2021-08-11","'3133KHB21'","MBS","UMBS MORTPASS 3% 12/49","30yr",,,,,"125522156.5",,,,,,""
"2021-08-11","'3132ACYG9'","MBS","UMBS MORTPASS 3.5% 10/48","30yr",,,,,"125469763.08",,,,,,""
"2021-08-11","'31418DEL2'","MBS","UMBS MORTPASS 3% 08/34","15yr",,,,,"125404841.26",,,,,,""
"2021-08-11","'36179TQQ1'","MBS","GNMA II MORTPASS 4% 01/48","30yr",,,,,"125244695.26",,,,,,""
"2021-08-11","'3133A1BZ4'","MBS","UMBS MORTPASS 3% 01/50","30yr",,,,,"125126562.74",,,,,,""
"2021-08-11","'3138EGQL1'","MBS","UMBS MORTPASS 5.5% 01/40","30yr",,,,,"124843918.87",,,,,,"Y"
"2021-08-11","'3140KDMN7'","MBS","UMBS MORTPASS 2.5% 05/50","30yr",,,,,"124768276.42",,,,,,""
"2021-08-11","'3128M8WS9'","MBS","FHLMCGLD 5% 05/39","30yr",,,,,"124711287",,,,,,"Y"
"2021-08-11","'3133KHG75'","MBS","UMBS MORTPASS 3% 01/50","30yr",,,,,"124466897.79",,,,,,""
"2021-08-11","'3140HGBX4'","MBS","UMBS MORTPASS 2.5% 07/50","30yr",,,,,"124253459.8",,,,,,""
"2021-08-11","'3140L8ZN3'","MBS","UMBS MORTPASS 2% 04/51","30yr",,,,,"124188295.38",,,,,,""
"2021-08-11","'3140XBK74'","MBS","UMBS MORTPASS 2% 06/51","30yr",,,,,"123697440.74",,,,,,""
"2021-08-11","'3132DMTB1'","MBS","UMBS MORTPASS 2.5% 02/51","30yr",,,,,"123631577.46",,,,,,""
"2021-08-11","'3133KJLF7'","MBS","UMBS MORTPASS 3% 07/50","30yr",,,,,"123456774.09",,,,,,""
"2021-08-11","'36179TSF3'","MBS","GNMA II MORTPASS 3% 02/48","30yr",,,,,"123363790.84",,,,,,""
"2021-08-11","'3140L8ZP8'","MBS","UMBS MORTPASS 2% 04/51","30yr",,,,,"123303373.24",,,,,,""
"2021-08-11","'36179VNZ9'","MBS","GNMA II MORTPASS 2% 06/50","30yr",,,,,"123276077.64",,,,,,""
"2021-08-11","'31418DFS6'","MBS","UMBS MORTPASS 4% 09/49","30yr",,,,,"123264016.1",,,,,,""
"2021-08-11","'3133AN4G6'","MBS","UMBS MORTPASS 2% 07/51","30yr",,,,,"123161733",,,,,,""
"2021-08-11","'31418CYL2'","MBS","UMBS MORTPASS 3.5% 07/48","30yr",,,,,"123150996.31",,,,,,""
"2021-08-11","'3128MJZW3'","MBS","FHLMCGLD 3% 04/47","30yr",,,,,"123132809.89",,,,,,""
"2021-08-11","'3140X53V3'","MBS","UMBS MORTPASS 2.5% 06/29","15yr",,,,,"122558852.36",,,,,,""
"2021-08-11","'36179NM96'","MBS","GNMA II MORTPASS 3% 09/43","30yr",,,,,"122525209.34",,,,,,""
"2021-08-11","'36179TLU7'","MBS","GNMA II 4.5% 11/47","30yr",,,,,"122291280.97",,,,,,""
"2021-08-11","'3133ANTD6'","MBS","UMBS MORTPASS 2% 07/51","30yr",,,,,"121786981",,,,,,""
"2021-08-11","'3133ABBV1'","MBS","UMBS MORTPASS 2% 10/50","30yr",,,,,"121654404.05",,,,,,""
"2021-08-11","'3140KQKM2'","MBS","UMBS MORTPASS 1.5% 10/35","15yr",,,,,"121647384.05",,,,,,""
"2021-08-11","'3133A6AU5'","MBS","UMBS MORTPASS 2.5% 06/50","30yr",,,,,"121235297.09",,,,,,""
"2021-08-11","'3140QCMP8'","MBS","UMBS MORTPASS 3% 12/49","30yr",,,,,"120944805.8",,,,,,""
"2021-08-11","'3140LSN36'","MBS","UMBS MORTPASS 2% 06/51","30yr",,,,,"120672131.59",,,,,,""
"2021-08-11","'3133AANB4'","MBS","UMBS MORTPASS 2% 10/50","30yr",,,,,"120438572.18",,,,,,""
"2021-08-11","'3133KH2C9'","MBS","UMBS MORTPASS 3% 01/50","30yr",,,,,"120423033.34",,,,,,""
"2021-08-11","'3133A3UC0'","MBS","UMBS 2.5%","30yr",,,,,"120336575.24",,,,,,""
"2021-08-11","'3140XBY87'","MBS","UMBS MORTPASS 1.5% 07/36","15yr",,,,,"120312532.18",,,,,,""
"2021-08-11","'3133KHCA2'","MBS","UMBS MORTPASS 3% 12/49","30yr",,,,,"120084778.73",,,,,,""
"2021-08-11","'3140KQN31'","MBS","UMBS MORTPASS 2% 09/50","30yr",,,,,"119882508.16",,,,,,""
"2021-08-11","'3133ANEA8'","MBS","UMBS MORTPASS 2% 07/51","30yr",,,,,"119575111.66",,,,,,""
"2021-08-11","'3133GCS78'","MBS","UMBS MORTPASS 1.5% 04/36","15yr",,,,,"119525083.98",,,,,,""
"2021-08-11","'3132DV4R3'","MBS","UMBS MORTPASS 4% 12/49","30yr",,,,,"119241366.41",,,,,,""
"2021-08-11","'3132ADWD6'","MBS","UMBS MORTPASS 3.5% 12/48","30yr",,,,,"118941772.24",,,,,,""
"2021-08-11","'3140QDKY9'","MBS","UMBS MORTPASS 2.5% 05/50","30yr",,,,,"118296314.74",,,,,,""
"2021-08-11","'3140QDTN4'","MBS","UMBS MORTPASS 3% 05/50","30yr",,,,,"118097209.98",,,,,,""
"2021-08-11","'36179UCB6'","MBS","GNMA II MORTPASS 4% 09/48","30yr",,,,,"117860566.15",,,,,,""
"2021-08-11","'3140KYZ98'","MBS","UMBS MORTPASS 1.5% 03/51","30yr",,,,,"117645507.45",,,,,,""
"2021-08-11","'3133A6RS2'","MBS","UMBS MORTPASS 2.5% 06/50","30yr",,,,,"117368608.11",,,,,,""
"2021-08-11","'3140LTN67'","MBS","UMBS MORTPASS 2.5% 06/51","30yr",,,,,"117301155.01",,,,,,""
"2021-08-11","'3140X8JT5'","MBS","UMBS MORTPASS 2.5% 10/50","30yr",,,,,"117276308.8",,,,,,""
"2021-08-11","'3140KELG1'","MBS","UMBS MORTPASS 2% 08/50","30yr",,,,,"117083393.91",,,,,,""
"2021-08-11","'36202FBH8'","MBS","GNMA II 4.5% 09/39","30yr",,,,,"116696992.42",,,,,,""
"2021-08-11","'31418DEK4'","MBS","UMBS MORTPASS 2.5% 08/34","15yr",,,,,"116437370.6",,,,,,""
"2021-08-11","'3140KEDW5'","MBS","UMBS MORTPASS 2.5% 06/50","30yr",,,,,"116339620.93",,,,,,""
"2021-08-11","'31418C7F5'","MBS","UMBS MORTPASS 4.5% 02/49","30yr",,,,,"116280884.5",,,,,,""
"2021-08-11","'3133KKC80'","MBS","UMBS MORTPASS 2.5% 09/50","30yr",,,,,"116278663.36",,,,,,""
"2021-08-11","'31335A2N7'","MBS","FHLMCGLD 4% 06/43","30yr",,,,,"116244764.05",,,,,,"Y"
"2021-08-11","'3140QDBD5'","MBS","UMBS MORTPASS 3% 03/50","30yr",,,,,"115878502.86",,,,,,""
"2021-08-11","'3140JWNV8'","MBS","UMBS MORTPASS 3.5% 09/49","30yr",,,,,"115615124.24",,,,,,""
"2021-08-11","'3140QDBX1'","MBS","UMBS MORTPASS 2.5% 03/50","30yr",,,,,"115470579.23",,,,,,""
"2021-08-11","'31418DFM9'","MBS","UMBS MORTPASS 3% 09/39","Other",,,,,"115137428.93",,,,,,""
"2021-08-11","'3133ALHG6'","MBS","UMBS MORTPASS 2.5% 05/51","30yr",,,,,"114982829.42",,,,,,""
"2021-08-11","'3128M8WV2'","MBS","FHLMCGLD 5% 10/39","30yr",,,,,"114907881.31",,,,,,"Y"
"2021-08-11","'3132CWH49'","MBS","UMBS MORTPASS 3.5% 01/29","15yr",,,,,"114419528.52",,,,,,"Y"
"2021-08-11","'3140KCGS5'","MBS","UMBS MORTPASS 2.5% 05/50","30yr",,,,,"114213022.11",,,,,,""
"2021-08-11","'3133KYS34'","MBS","UMBS MORTPASS 3% 03/40","Other",,,,,"114212996.69",,,,,,""
"2021-08-11","'3140QDKH6'","MBS","UMBS MORTPASS 3% 05/50","30yr",,,,,"114028843.31",,,,,,""
"2021-08-11","'3138EGW42'","MBS","UMBS MORTPASS 5% 03/40","30yr",,,,,"113987508.39",,,,,,"Y"
"2021-08-11","'3140L5YD2'","MBS","UMBS MORTPASS 2% 05/51","30yr",,,,,"113909492.69",,,,,,""
"2021-08-11","'3140K8UD1'","MBS","UMBS MORTPASS 2.5% 04/50","30yr",,,,,"113687564.66",,,,,,""
"2021-08-11","'3138EHA28'","MBS","UMBS MORTPASS 5% 05/40","30yr",,,,,"113615329.79",,,,,,"Y"
"2021-08-11","'3140JSC31'","MBS","UMBS MORTPASS 1.5% 03/36","15yr",,,,,"113302114.27",,,,,,""
"2021-08-11","'3140K0SF6'","MBS","UMBS MORTPASS 3.5% 12/49","30yr",,,,,"113149011.56",,,,,,""
"2021-08-11","'36179TAJ4'","MBS","GNMA II MORTPASS 3% 06/47","30yr",,,,,"113112412.97",,,,,,""
"2021-08-11","'31418DHH8'","MBS","UMBS MORTPASS 3% 11/39","Other",,,,,"112881893.25",,,,,,""
"2021-08-11","'3140KDHK9'","MBS","UMBS MORTPASS 2.5% 06/50","30yr",,,,,"112823969.29",,,,,,""
"2021-08-11","'3140QLCK0'","MBS","UMBS MORTPASS 2.5% 06/51","30yr",,,,,"112557036.02",,,,,,""
"2021-08-11","'3140K2RJ5'","MBS","UMBS MORTPASS 2% 05/51","30yr",,,,,"112292927.13",,,,,,""
"2021-08-11","'3140JXRN0'","MBS","UMBS MORTPASS 3% 10/49","30yr",,,,,"112051711.49",,,,,,""
"2021-08-11","'3140X54M2'","MBS","UMBS MORTPASS 2% 04/35","15yr",,,,,"111915167.13",,,,,,""
"2021-08-11","'3140KUQK1'","MBS","UMBS MORTPASS 2% 12/50","30yr",,,,,"111838572.29",,,,,,""
"2021-08-11","'3140L8GQ7'","MBS","UMBS MORTPASS 1.5% 05/51","30yr",,,,,"111779589.15",,,,,,""
"2021-08-11","'3133GBX41'","MBS","UMBS MORTPASS 1.5% 02/36","15yr",,,,,"111772254.92",,,,,,""
"2021-08-11","'3140QKM54'","MBS","UMBS MORTPASS 2% 05/51","30yr",,,,,"111495642.08",,,,,,""
"2021-08-11","'3128MF2B3'","MBS","FHLMCGLD 2.5% 07/29","15yr",,,,,"111254096.16",,,,,,"Y"
"2021-08-11","'3140QLC46'","MBS","UMBS MORTPASS 2% 04/36","15yr",,,,,"111085919.72",,,,,,""
"2021-08-11","'3140K0EW4'","MBS","UMBS MORTPASS 3% 11/49","30yr",,,,,"111040568.45",,,,,,""
"2021-08-11","'3140L8YT1'","MBS","UMBS MORTPASS 1.5% 04/36","15yr",,,,,"110887830.44",,,,,,""
"2021-08-11","'3138ERQC7'","MBS","UMBS MORTPASS 4% 02/41","30yr",,,,,"110491704.43",,,,,,"Y"
"2021-08-11","'3133ANTW4'","MBS","UMBS MORTPASS 2.5% 07/51","30yr",,,,,"110459983",,,,,,""
"2021-08-11","'3133L73E5'","MBS","UMBS MORTPASS 1.5% 01/36","15yr",,,,,"109433666.21",,,,,,""
"2021-08-11","'3133KHW51'","MBS","UMBS MORTPASS 3% 04/50","30yr",,,,,"109412789.42",,,,,,""
"2021-08-11","'3133AJEM1'","MBS","UMBS MORTPASS 2% 03/51","30yr",,,,,"109217216.04",,,,,,""
"2021-08-11","'3140QES94'","MBS","UMBS MORTPASS 2% 06/35","15yr",,,,,"109010538.03",,,,,,""
"2021-08-11","'3140L5S98'","MBS","UMBS MORTPASS 2% 03/51","30yr",,,,,"108946871.55",,,,,,""
"2021-08-11","'3140KLDY5'","MBS","UMBS MORTPASS 1.5% 07/36","15yr",,,,,"108836660",,,,,,""
"2021-08-11","'3133AN4F8'","MBS","UMBS MORTPASS 2% 07/51","30yr",,,,,"108490953",,,,,,""
"2021-08-11","'3140K13S3'","MBS","UMBS MORTPASS 2.5% 12/49","30yr",,,,,"108449819.97",,,,,,""
"2021-08-11","'3140K8UL3'","MBS","UMBS MORTPASS 3% 04/50","30yr",,,,,"108084185.78",,,,,,""
"2021-08-11","'3133A3N79'","MBS","UMBS MORTPASS 3% 04/50","30yr",,,,,"108000943.52",,,,,,""
"2021-08-11","'3140LTQC1'","MBS","UMBS MORTPASS 2% 07/51","30yr",,,,,"107800214",,,,,,""
"2021-08-11","'31418DBH4'","MBS","UMBS MORTPASS 4.5% 04/49","30yr",,,,,"107593248.4",,,,,,""
"2021-08-11","'3140KCN24'","MBS","UMBS MORTPASS 2.5% 04/50","30yr",,,,,"107505192.72",,,,,,""
"2021-08-11","'3140QHHS7'","MBS","UMBS MORTPASS 2% 02/51","30yr",,,,,"107493526.98",,,,,,""
"2021-08-11","'3140X6AY7'","MBS","UMBS MORTPASS 4% 11/49","30yr",,,,,"107011097.06",,,,,,""
"2021-08-11","'3132A7V65'","MBS","UMBS MORTPASS 2% 11/28","15yr",,,,,"106920567.97",,,,,,""
"2021-08-11","'3133GD4W7'","MBS","UMBS MORTPASS 1.5% 07/36","15yr",,,,,"106889220",,,,,,""
"2021-08-11","'3140KYYL2'","MBS","UMBS MORTPASS 1.5% 02/51","30yr",,,,,"106758501.77",,,,,,""
"2021-08-11","'3140XAWU2'","MBS","UMBS MORTPASS 1.5% 04/36","15yr",,,,,"106750972.1",,,,,,""
"2021-08-11","'3132A5H73'","MBS","UMBS MORTPASS 3% 02/48","30yr",,,,,"106653687.96",,,,,,""
"2021-08-11","'3132DMH81'","MBS","UMBS MORTPASS 3% 07/43","30yr",,,,,"106346108.57",,,,,,"Y"
"2021-08-11","'3133KHSE7'","MBS","UMBS MORTPASS 3% 03/50","30yr",,,,,"106296477.42",,,,,,""
"2021-08-11","'3140KDPY0'","MBS","UMBS MORTPASS 2.5% 05/50","30yr",,,,,"105521366.2",,,,,,""
"2021-08-11","'36179UD90'","MBS","GNMA II MORTPASS 4% 10/48","30yr",,,,,"105270607.17",,,,,,""
"2021-08-11","'3133AAEV0'","MBS","UMBS MORTPASS 2% 09/50","30yr",,,,,"105056126.94",,,,,,""
"2021-08-11","'3128MMXF5'","MBS","FHLMCGLD 3% 02/33","15yr",,,,,"104934118.53",,,,,,""
"2021-08-11","'3133GC6A5'","MBS","UMBS MORTPASS 1.5% 05/36","15yr",,,,,"104509693.95",,,,,,""
"2021-08-11","'3140QEMK5'","MBS","UMBS MORTPASS 2.5% 08/50","30yr",,,,,"104331406.62",,,,,,""
"2021-08-11","'3133KGQG6'","MBS","UMBS MORTPASS 3% 09/49","30yr",,,,,"104287127.47",,,,,,""
"2021-08-11","'36179NTF5'","MBS","GNMA II 4.5% 11/43","30yr",,,,,"104207199.95",,,,,,""
"2021-08-11","'3133G96J3'","MBS","UMBS MORTPASS 2% 09/35","15yr",,,,,"104142634.07",,,,,,""
"2021-08-11","'36179NQ68'","MBS","GNMA II 4.5% 10/43","30yr",,,,,"104138602",,,,,,""
"2021-08-11","'3128MFAT5'","MBS","FHLMCGLD 2.5% 01/29","15yr",,,,,"104074471.08",,,,,,"Y"
"2021-08-11","'3140HMN26'","MBS","UMBS MORTPASS 4% 09/48","30yr",,,,,"103826500.3",,,,,,""
"2021-08-11","'3133AGCH0'","MBS","UMBS MORTPASS 2% 02/51","30yr",,,,,"103717198.66",,,,,,""
"2021-08-11","'3140QE3S9'","MBS","UMBS MORTPASS 2.5% 09/50","30yr",,,,,"103539384.91",,,,,,""
"2021-08-11","'3140QKYT9'","MBS","UMBS MORTPASS 2% 06/51","30yr",,,,,"103379068.35",,,,,,""
"2021-08-11","'3140KFN92'","MBS","UMBS MORTPASS 2.5% 11/50","30yr",,,,,"103378869.66",,,,,,""
"2021-08-11","'3133AKJB7'","MBS","UMBS MORTPASS 2% 04/51","30yr",,,,,"103169579.24",,,,,,""
"2021-08-11","'36179TQN8'","MBS","GNMA II MORTPASS 3% 01/48","30yr",,,,,"103111758.62",,,,,,""
"2021-08-11","'3140QA3N8'","MBS","UMBS MORTPASS 4% 05/49","30yr",,,,,"102862751.64",,,,,,""
"2021-08-11","'3140JWNT3'","MBS","UMBS MORTPASS 3% 09/49","30yr",,,,,"102746183.21",,,,,,""
"2021-08-11","'3133GCE24'","MBS","UMBS MORTPASS 1.5% 03/36","15yr",,,,,"102549449.38",,,,,,""
"2021-08-11","'3133GDMK3'","MBS","UMBS MORTPASS 1.5% 06/36","15yr",,,,,"102501509.07",,,,,,""
"2021-08-11","'3133AJF32'","MBS","UMBS MORTPASS 2% 03/51","30yr",,,,,"102477855.35",,,,,,""
"2021-08-11","'31418DTK8'","MBS","UMBS MORTPASS 2.5% 10/40","Other",,,,,"102402002.6",,,,,,""
"2021-08-11","'3140QGMJ3'","MBS","UMBS MORTPASS 2.5% 01/51","30yr",,,,,"102279631.53",,,,,,""
"2021-08-11","'3140QEFV9'","MBS","UMBS MORTPASS 2.5% 07/50","30yr",,,,,"102089305.96",,,,,,""
"2021-08-11","'3140LQVN7'","MBS","UMBS MORTPASS 2% 07/51","30yr",,,,,"102069825.16",,,,,,""
"2021-08-11","'3133GDPC8'","MBS","UMBS MORTPASS 1.5% 06/36","15yr",,,,,"101967236.18",,,,,,""
"2021-08-11","'3132CWJR6'","MBS","UMBS MORTPASS 2.5% 09/31","15yr",,,,,"101718759.09",,,,,,""
"2021-08-11","'3132AD6N3'","MBS","UMBS MORTPASS 4% 03/49","30yr",,,,,"101689205.45",,,,,,""
"2021-08-11","'3140K8UE9'","MBS","UMBS MORTPASS 3% 04/50","30yr",,,,,"101635553.1",,,,,,""
"2021-08-11","'3140X4E77'","MBS","UMBS MORTPASS 3.5% 06/49","30yr",,,,,"101274549",,,,,,""
"2021-08-11","'3140K2PB4'","MBS","UMBS MORTPASS 1.5% 05/36","15yr",,,,,"101166096.34",,,,,,""
"2021-08-11","'3133AGRZ4'","MBS","UMBS MORTPASS 2% 03/51","30yr",,,,,"100716825.21",,,,,,""
"2021-08-11","'3140L5A97'","MBS","UMBS MORTPASS 1.5% 04/36","15yr",,,,,"100643076.83",,,,,,""
"2021-08-11","'3133KHVD5'","MBS","UMBS MORTPASS 2.5% 04/50","30yr",,,,,"100563287.75",,,,,,""
"2021-08-11","'3140J7YL3'","MBS","UMBS MORTPASS 4% 02/47","30yr",,,,,"100508606.37",,,,,,"Y"
"2021-08-11","'3133A9C94'","MBS","UMBS MORTPASS 2% 09/50","30yr",,,,,"100180025.04",,,,,,""
"2021-08-11","'3140LSN28'","MBS","UMBS MORTPASS 2% 06/51","30yr",,,,,"100176337.35",,,,,,""
"2021-08-11","'3138EQZ39'","MBS","UMBS MORTPASS 3.5% 09/29","15yr",,,,,"100049068.08",,,,,,"Y"
"2021-08-11","'3132DV5E1'","MBS","UMBS MORTPASS 3.5% 02/50","30yr",,,,,"99901386.04",,,,,,""
"2021-08-11","'31335AYF9'","MBS","FHLMCGLD 4% 03/42","30yr",,,,,"99810138.42",,,,,,"Y"
"2021-08-11","'3138EQRC8'","MBS","UMBS MORTPASS 3.5% 02/27","15yr",,,,,"99804718.37",,,,,,"Y"
"2021-08-11","'31418DBG6'","MBS","UMBS MORTPASS 4% 04/49","30yr",,,,,"99786955.98",,,,,,""
"2021-08-11","'3133A2B58'","MBS","UMBS MORTPASS 2.5% 02/50","30yr",,,,,"99693782.49",,,,,,""
"2021-08-11","'3140X62A8'","MBS","UMBS MORTPASS 2% 06/50","30yr",,,,,"99568814.18",,,,,,""
"2021-08-11","'3140KYCR3'","MBS","UMBS MORTPASS 1.5% 05/51","30yr",,,,,"99357065",,,,,,""
"2021-08-11","'31418C7E8'","MBS","UMBS MORTPASS 4% 02/49","30yr",,,,,"99124151.97",,,,,,""
"2021-08-11","'3138EHC26'","MBS","UMBS MORTPASS 5% 02/40","30yr",,,,,"98862574.37",,,,,,"Y"
"2021-08-11","'3140L8ZW3'","MBS","UMBS MORTPASS 1.5% 04/51","30yr",,,,,"98721804.75",,,,,,""
"2021-08-11","'3140QKM62'","MBS","UMBS MORTPASS 2% 05/51","30yr",,,,,"98697063.69",,,,,,""
"2021-08-11","'3140QKN38'","MBS","UMBS MORTPASS 1.5% 05/51","30yr",,,,,"98555721.57",,,,,,""
"2021-08-11","'36202F2M7'","MBS","GNMA II MORTPASS 4% 01/42","30yr",,,,,"98491185.69",,,,,,""
"2021-08-11","'3133A3NU8'","MBS","UMBS MORTPASS 3% 04/50","30yr",,,,,"98254608.23",,,,,,""
"2021-08-11","'3132WK6J2'","MBS","FHLMCGLD 3% 02/47","30yr",,,,,"97943259.86",,,,,,""
"2021-08-11","'3128MF2H0'","MBS","FHLMCGLD 2.5% 10/28","15yr",,,,,"97929998.56",,,,,,"Y"
"2021-08-11","'3132D53H3'","MBS","UMBS MORTPASS 3% 07/34","15yr",,,,,"97832672.09",,,,,,""
"2021-08-11","'3140JACX4'","MBS","UMBS MORTPASS 3.5% 02/49","30yr",,,,,"97789810.61",,,,,,""
"2021-08-11","'3140QBMD7'","MBS","UMBS MORTPASS 3.5% 08/49","30yr",,,,,"97750198.09",,,,,,""
"2021-08-11","'31335AWB0'","MBS","FHLMCGLD 4% 09/43","30yr",,,,,"97691680.02",,,,,,"Y"
"2021-08-11","'3138WHVL3'","MBS","UMBS MORTPASS 2.5% 08/31","15yr",,,,,"97517624.17",,,,,,""
"2021-08-11","'3128MMXW8'","MBS","FHLMCGLD 3.5% 06/33","15yr",,,,,"97389895.91",,,,,,""
"2021-08-11","'3140J9SN2'","MBS","UMBS MORTPASS 3% 11/48","30yr",,,,,"97130794.63",,,,,,""
"2021-08-11","'3133A7YA1'","MBS","UMBS MORTPASS 2.5% 08/50","30yr",,,,,"97109049.3",,,,,,""
"2021-08-11","'3133KHSJ6'","MBS","UMBS MORTPASS 3% 03/50","30yr",,,,,"97101848.38",,,,,,""
"2021-08-11","'31334YSZ1'","MBS","UMBS MORTPASS 3% 09/49","30yr",,,,,"97082191.41",,,,,,""
"2021-08-11","'3140KYES9'","MBS","UMBS MORTPASS 2.5% 05/51","30yr",,,,,"97028997.67",,,,,,""
"2021-08-11","'31335ARW0'","MBS","FHLMCGLD 4% 07/43","30yr",,,,,"97017304.66",,,,,,"Y"
"2021-08-11","'3133A3NT1'","MBS","UMBS MORTPASS 2.5% 04/50","30yr",,,,,"96988059.34",,,,,,""
"2021-08-11","'3133A6AD3'","MBS","UMBS MORTPASS 2.5% 06/50","30yr",,,,,"96955915.82",,,,,,""
"2021-08-11","'3128MMXT5'","MBS","FHLMCGLD 3.5% 05/33","15yr",,,,,"96899712.95",,,,,,""
"2021-08-11","'3133A3Z76'","MBS","UMBS MORTPASS 3% 04/50","30yr",,,,,"96823821.26",,,,,,""
"2021-08-11","'3140K5LP0'","MBS","UMBS MORTPASS 2.5% 03/50","30yr",,,,,"96770559.53",,,,,,""
"2021-08-11","'3133AKH94'","MBS","UMBS MORTPASS 1.5% 04/51","30yr",,,,,"96696636.51",,,,,,""
"2021-08-11","'31334YS24'","MBS","UMBS MORTPASS 3% 08/49","30yr",,,,,"96491261.81",,,,,,""
"2021-08-11","'3132AEG42'","MBS","UMBS MORTPASS 3% 05/34","15yr",,,,,"96277926.44",,,,,,""
"2021-08-11","'3133GBSZ8'","MBS","UMBS MORTPASS 2% 01/36","15yr",,,,,"95912960.97",,,,,,""
"2021-08-11","'31418DMK5'","MBS","UMBS MORTPASS 3.5% 03/50","30yr",,,,,"95863909.49",,,,,,""
"2021-08-11","'31418DGJ5'","MBS","UMBS MORTPASS 3% 10/39","Other",,,,,"95759205.17",,,,,,""
"2021-08-11","'3140KXFP6'","MBS","UMBS MORTPASS 2% 12/50","30yr",,,,,"95392003.49",,,,,,""
"2021-08-11","'31335A2H0'","MBS","FHLMCGLD 4.5% 03/42","30yr",,,,,"95306927.85",,,,,,"Y"
"2021-08-11","'36202FFU5'","MBS","GNMA II MORTPASS 5% 04/40","30yr",,,,,"95163478.01",,,,,,""
"2021-08-11","'3133KHVA1'","MBS","UMBS MORTPASS 2.5% 04/50","30yr",,,,,"95137726.48",,,,,,""
"2021-08-11","'3138WHRZ7'","MBS","UMBS MORTPASS 2.5% 08/31","15yr",,,,,"94934313.2",,,,,,""
"2021-08-11","'3133GDEK2'","MBS","UMBS MORTPASS 1.5% 05/36","15yr",,,,,"94917977.24",,,,,,""
"2021-08-11","'3140L8YS3'","MBS","UMBS MORTPASS 1.5% 04/36","15yr",,,,,"94892905.68",,,,,,""
"2021-08-11","'3131YBQT8'","MBS","UMBS MORTPASS 3.5% 04/49","30yr",,,,,"94892661.03",,,,,,""
"2021-08-11","'3133AM3D6'","MBS","UMBS MORTPASS 2.5% 06/51","30yr",,,,,"94718709.24",,,,,,""
"2021-08-11","'31418CUH5'","MBS","UMBS MORTPASS 3% 02/33","15yr",,,,,"94653655.97",,,,,,""
"2021-08-11","'3138EHA36'","MBS","UMBS MORTPASS 5.5% 08/39","30yr",,,,,"94606904.5",,,,,,"Y"
"2021-08-11","'3140L8GR5'","MBS","UMBS MORTPASS 2% 05/51","30yr",,,,,"94581872.86",,,,,,""
"2021-08-11","'3138ERKT6'","MBS","UMBS MORTPASS 3.5% 04/43","30yr",,,,,"94397016.04",,,,,,"Y"
"2021-08-11","'3133A4EP7'","MBS","UMBS MORTPASS 2.5% 05/50","30yr",,,,,"94387449.03",,,,,,""
"2021-08-11","'3133GCK50'","MBS","UMBS MORTPASS 1.5% 03/36","15yr",,,,,"94206496.06",,,,,,""
"2021-08-11","'3132D53K6'","MBS","UMBS MORTPASS 3% 08/34","15yr",,,,,"94122316.07",,,,,,""
"2021-08-11","'3140K8UN9'","MBS","UMBS MORTPASS 3% 04/50","30yr",,,,,"94056965.58",,,,,,""
"2021-08-11","'3131XBNC9'","MBS","UMBS MORTPASS 2.5% 11/28","15yr",,,,,"94041055.66",,,,,,""
"2021-08-11","'3140QEGC0'","MBS","UMBS MORTPASS 3% 07/50","30yr",,,,,"94036632.66",,,,,,""
"2021-08-11","'3140KLS86'","MBS","UMBS MORTPASS 2% 08/35","15yr",,,,,"94017304.97",,,,,,""
"2021-08-11","'3140KFYQ2'","MBS","UMBS MORTPASS 2.5% 06/50","30yr",,,,,"93870294.63",,,,,,""
"2021-08-11","'3140KDK74'","MBS","UMBS MORTPASS 2.5% 06/50","30yr",,,,,"93678505.56",,,,,,""
"2021-08-11","'3140QD6E9'","MBS","UMBS MORTPASS 2.5% 04/35","15yr",,,,,"93647099.21",,,,,,""
"2021-08-11","'36179SYR2'","MBS","GNMA II MORTPASS 3% 03/47","30yr",,,,,"93606823.27",,,,,,""
"2021-08-11","'3140L8ZX1'","MBS","UMBS MORTPASS 2% 04/51","30yr",,,,,"93420027.33",,,,,,""
"2021-08-11","'3133AJ4W0'","MBS","UMBS MORTPASS 1.5% 04/51","30yr",,,,,"93402029.07",,,,,,""
"2021-08-11","'3128M8QS6'","MBS","FHLMCGLD 5.5% 01/40","30yr",,,,,"93256627.82",,,,,,"Y"
"2021-08-11","'3140KP5W9'","MBS","UMBS MORTPASS 2% 01/36","15yr",,,,,"92795628.34",,,,,,""
"2021-08-11","'3132D56B3'","MBS","UMBS MORTPASS 1.5% 08/35","15yr",,,,,"92773553.77",,,,,,""
"2021-08-11","'3140QF2D0'","MBS","UMBS MORTPASS 2.5% 09/50","30yr",,,,,"92599644.39",,,,,,""
"2021-08-11","'3140QDK60'","MBS","UMBS MORTPASS 2.5% 05/50","30yr",,,,,"92585198.07",,,,,,""
"2021-08-11","'3138ERQF0'","MBS","UMBS MORTPASS 3% 07/26","Other",,,,,"92568497.9",,,,,,"Y"
"2021-08-11","'3133A2ML1'","MBS","UMBS MORTPASS 3% 03/50","30yr",,,,,"92377017.98",,,,,,""
"2021-08-11","'3128ME2M2'","MBS","FHLMCGLD 3% 08/29","15yr",,,,,"92370537.58",,,,,,"Y"
"2021-08-11","'3133AJEN9'","MBS","UMBS MORTPASS 1.5% 03/51","30yr",,,,,"92340972.57",,,,,,""
"2021-08-11","'3140X9X67'","MBS","UMBS MORTPASS 1.5% 04/36","15yr",,,,,"91922805",,,,,,""
"2021-08-11","'3140K0E61'","MBS","UMBS MORTPASS 2.5% 11/49","30yr",,,,,"91795245.76",,,,,,""
"2021-08-11","'31418DHN5'","MBS","UMBS MORTPASS 4% 11/49","30yr",,,,,"91709739.5",,,,,,""
"2021-08-11","'3140QDJA3'","MBS","UMBS MORTPASS 2.5% 05/35","15yr",,,,,"91551558.85",,,,,,""
"2021-08-11","'3138EQK43'","MBS","UMBS MORTPASS 4.5% 01/42","30yr",,,,,"91549028.93",,,,,,"Y"
"2021-08-11","'3140L4EP0'","MBS","UMBS MORTPASS 2% 03/51","30yr",,,,,"91417639.97",,,,,,""
"2021-08-11","'3133GDW48'","MBS","UMBS MORTPASS 1.5% 07/36","15yr",,,,,"91381887",,,,,,""
"2021-08-11","'3140KMZS2'","MBS","UMBS MORTPASS 2% 09/50","30yr",,,,,"91327525.65",,,,,,""
"2021-08-11","'3138EQZX3'","MBS","UMBS MORTPASS 3.5% 09/27","15yr",,,,,"91261063.2",,,,,,"Y"
"2021-08-11","'36179RNX3'","MBS","GNMA II MORTPASS 4% 09/45","30yr",,,,,"91040951.66",,,,,,""
"2021-08-11","'3133KJR79'","MBS","UMBS MORTPASS 3% 07/50","30yr",,,,,"90913776.87",,,,,,""
"2021-08-11","'3140KEGE2'","MBS","UMBS MORTPASS 2% 07/35","15yr",,,,,"90491898.06",,,,,,""
"2021-08-11","'3140QBX52'","MBS","UMBS MORTPASS 3% 09/49","30yr",,,,,"90397680.02",,,,,,""
"2021-08-11","'3140QGT31'","MBS","UMBS MORTPASS 2.5% 10/50","30yr",,,,,"90212745.25",,,,,,""
"2021-08-11","'3138EQ2R2'","MBS","UMBS MORTPASS 4.5% 02/44","30yr",,,,,"90211198.41",,,,,,"Y"
"2021-08-11","'3140KA5Z5'","MBS","UMBS MORTPASS 2% 07/51","30yr",,,,,"90182360.25",,,,,,""
"2021-08-11","'3140HNK35'","MBS","UMBS MORTPASS 1.5% 01/36","15yr",,,,,"89987171.72",,,,,,""
"2021-08-11","'3133KYSZ3'","MBS","UMBS MORTPASS 2.5% 01/40","Other",,,,,"89682084.05",,,,,,""
"2021-08-11","'31418DBF8'","MBS","UMBS MORTPASS 3.5% 04/49","30yr",,,,,"89680157.71",,,,,,""
"2021-08-11","'36179TZ65'","MBS","GNMA II 4.5% 06/48","30yr",,,,,"89629152.36",,,,,,""
"2021-08-11","'3138WHQU9'","MBS","UMBS MORTPASS 2.5% 08/31","15yr",,,,,"89608269.15",,,,,,""
"2021-08-11","'3133A8E29'","MBS","UMBS MORTPASS 2.5% 08/50","30yr",,,,,"89577572.03",,,,,,""
"2021-08-11","'3140HGC70'","MBS","UMBS MORTPASS 2.5% 07/50","30yr",,,,,"89210374.35",,,,,,""
"2021-08-11","'36179TXW0'","MBS","GNMA II 4.5% 05/48","30yr",,,,,"89052617.92",,,,,,""
"2021-08-11","'3138EHCY6'","MBS","UMBS MORTPASS 5% 05/40","30yr",,,,,"89046046.06",,,,,,"Y"
"2021-08-11","'3133A5BG7'","MBS","UMBS MORTPASS 2.5% 06/50","30yr",,,,,"88947279.37",,,,,,""
"2021-08-11","'3140QBQ35'","MBS","UMBS MORTPASS 3% 09/49","30yr",,,,,"88927372.82",,,,,,""
"2021-08-11","'3133A8Z34'","MBS","UMBS MORTPASS 2% 08/50","30yr",,,,,"88859376.2",,,,,,""
"2021-08-11","'36202FDB9'","MBS","GNMA II 4.5% 12/39","30yr",,,,,"88575051.5",,,,,,""
"2021-08-11","'36202FY59'","MBS","GNMA II 3.5% 11/41","30yr",,,,,"88553389.79",,,,,,""
"2021-08-11","'3140K0E79'","MBS","UMBS MORTPASS 2.5% 11/49","30yr",,,,,"88379118.63",,,,,,""
"2021-08-11","'36179TXU4'","MBS","GNMA II 3.5% 05/48","30yr",,,,,"88254215.76",,,,,,""
"2021-08-11","'3140K2MP6'","MBS","UMBS MORTPASS 1.5% 04/36","15yr",,,,,"88220285.89",,,,,,""
"2021-08-11","'3132A9UC9'","MBS","UMBS MORTPASS 3% 12/32","15yr",,,,,"88183933.29",,,,,,""
"2021-08-11","'3140LNPC5'","MBS","UMBS MORTPASS 2% 06/51","30yr",,,,,"88085112.93",,,,,,""
"2021-08-11","'31418DKK7'","MBS","UMBS MORTPASS 3% 01/35","15yr",,,,,"88060732.73",,,,,,""
"2021-08-11","'3133A7FU8'","MBS","UMBS MORTPASS 2.5% 07/50","30yr",,,,,"87995253.36",,,,,,""
"2021-08-11","'36179USU7'","MBS","GNMA II MORTPASS 4% 05/49","30yr",,,,,"87967173.15",,,,,,""
"2021-08-11","'3132AECA2'","MBS","UMBS MORTPASS 4.5% 04/49","30yr",,,,,"87884705.9",,,,,,""
"2021-08-11","'3132AECC8'","MBS","UMBS MORTPASS 3% 04/49","30yr",,,,,"87826972.11",,,,,,""
"2021-08-11","'3140XADU3'","MBS","UMBS MORTPASS 2% 03/51","30yr",,,,,"87805406.58",,,,,,""
"2021-08-11","'3132D53R1'","MBS","UMBS MORTPASS 2.5% 08/34","15yr",,,,,"87717726.53",,,,,,""
"2021-08-11","'31418DC26'","MBS","UMBS MORTPASS 4.5% 06/49","30yr",,,,,"87630268.55",,,,,,""
"2021-08-11","'3138ETZQ2'","MBS","UMBS MORTPASS 2.5% 03/29","15yr",,,,,"87604891.58",,,,,,"Y"
"2021-08-11","'3133KKRV3'","MBS","UMBS MORTPASS 2% 11/50","30yr",,,,,"87419515.67",,,,,,""
"2021-08-11","'31418DS45'","MBS","UMBS MORTPASS 1.5% 09/50","30yr",,,,,"87353105.57",,,,,,""
"2021-08-11","'3140KBRL0'","MBS","UMBS MORTPASS 2.5% 06/50","30yr",,,,,"87122362.22",,,,,,""
"2021-08-11","'3140KBR30'","MBS","UMBS MORTPASS 2.5% 07/50","30yr",,,,,"87104531.95",,,,,,""
"2021-08-11","'3622AAP40'","MBS","GNMA II MORTPASS 3% 04/49","30yr",,,,,"86946795.63",,,,,,""
"2021-08-11","'3133KYSK6'","MBS","UMBS MORTPASS 3% 11/39","Other",,,,,"86914217.67",,,,,,""
"2021-08-11","'3133AJVU4'","MBS","UMBS MORTPASS 2% 04/51","30yr",,,,,"86860409.38",,,,,,""
"2021-08-11","'3133KL5C7'","MBS","UMBS MORTPASS 2% 05/51","30yr",,,,,"86713400.13",,,,,,""
"2021-08-11","'3140JWNS5'","MBS","UMBS MORTPASS 3.5% 09/49","30yr",,,,,"86505530.77",,,,,,""
"2021-08-11","'36202FP67'","MBS","GNMA II MORTPASS 4% 02/41","30yr",,,,,"86451995.95",,,,,,""
"2021-08-11","'3140KKXM1'","MBS","UMBS MORTPASS 2% 09/50","30yr",,,,,"86231177.03",,,,,,""
"2021-08-11","'31346Y2Y8'","MBS","UMBS MORTPASS 2.5% 12/49","30yr",,,,,"86213193.27",,,,,,""
"2021-08-11","'3133KLMB0'","MBS","UMBS MORTPASS 2% 12/50","30yr",,,,,"86111976.9",,,,,,""
"2021-08-11","'3133KYSC4'","MBS","UMBS MORTPASS 3% 09/39","Other",,,,,"86110148.64",,,,,,""
"2021-08-11","'3140L6UX0'","MBS","UMBS MORTPASS 2.5% 04/51","30yr",,,,,"86024992.46",,,,,,""
"2021-08-11","'3128ME2N0'","MBS","FHLMCGLD 2.5% 07/29","15yr",,,,,"85904249.61",,,,,,"Y"
"2021-08-11","'3131Y2FU7'","MBS","UMBS MORTPASS 4.5% 07/48","30yr",,,,,"85893744.29",,,,,,""
"2021-08-11","'3140QBXX1'","MBS","UMBS MORTPASS 3% 09/49","30yr",,,,,"85710502.54",,,,,,""
"2021-08-11","'3132ADPC6'","MBS","UMBS MORTPASS 3.5% 11/48","30yr",,,,,"85639237.66",,,,,,""
"2021-08-11","'3140X52H5'","MBS","UMBS MORTPASS 3% 10/34","15yr",,,,,"85637918.49",,,,,,""
"2021-08-11","'3132A8JW0'","MBS","UMBS MORTPASS 2% 06/29","15yr",,,,,"85593127.36",,,,,,""
"2021-08-11","'3140L0H91'","MBS","UMBS MORTPASS 2% 06/51","30yr",,,,,"85570957.22",,,,,,""
"2021-08-11","'31418CZG2'","MBS","UMBS MORTPASS 3.5% 08/48","30yr",,,,,"85567681.01",,,,,,""
"2021-08-11","'3140KDKX7'","MBS","UMBS MORTPASS 2.5% 05/50","30yr",,,,,"85349175.62",,,,,,""
"2021-08-11","'3140K3KD3'","MBS","UMBS MORTPASS 3% 01/50","30yr",,,,,"85296414.09",,,,,,""
"2021-08-11","'3140X8JM0'","MBS","UMBS MORTPASS 2% 11/50","30yr",,,,,"85191559.95",,,,,,""
"2021-08-11","'3138ERHA1'","MBS","UMBS MORTPASS 3% 09/31","15yr",,,,,"84840242.71",,,,,,""
"2021-08-11","'3133A4L79'","MBS","UMBS MORTPASS 2.5% 05/50","30yr",,,,,"84792246.97",,,,,,""
"2021-08-11","'3133A7TK5'","MBS","UMBS MORTPASS 2.5% 07/50","30yr",,,,,"84555709.5",,,,,,""
"2021-08-11","'3140KTLH6'","MBS","UMBS MORTPASS 2% 11/35","15yr",,,,,"84267672.62",,,,,,""
"2021-08-11","'3132A5J71'","MBS","UMBS MORTPASS 4.5% 08/48","30yr",,,,,"83755565.72",,,,,,""
"2021-08-11","'3140L5ER3'","MBS","UMBS MORTPASS 2% 03/51","30yr",,,,,"83653902.45",,,,,,""
"2021-08-11","'3133A7CR8'","MBS","UMBS MORTPASS 2.5% 07/50","30yr",,,,,"83604336.96",,,,,,""
"2021-08-11","'3133ABQC7'","MBS","UMBS MORTPASS 2% 11/50","30yr",,,,,"83524826.71",,,,,,""
"2021-08-11","'3133A7FW4'","MBS","UMBS MORTPASS 2.5% 07/50","30yr",,,,,"83309589.35",,,,,,""
"2021-08-11","'31418DMG4'","MBS","UMBS MORTPASS 3% 03/40","Other",,,,,"83261014.32",,,,,,""
"2021-08-11","'3132ADXW3'","MBS","UMBS MORTPASS 3.5% 01/49","30yr",,,,,"82944310.98",,,,,,""
"2021-08-11","'3138EGFZ2'","MBS","UMBS MORTPASS 4% 05/25","15yr",,,,,"82934486.99",,,,,,"Y"
"2021-08-11","'3132CWH56'","MBS","UMBS MORTPASS 3.5% 10/32","15yr",,,,,"82739801.79",,,,,,"Y"
"2021-08-11","'3140LP3S9'","MBS","UMBS MORTPASS 2.5% 06/51","30yr",,,,,"82699867.72",,,,,,""
"2021-08-11","'3140L1VR3'","MBS","UMBS MORTPASS 2% 03/51","30yr",,,,,"82677008.52",,,,,,""
"2021-08-11","'3132AEKC9'","MBS","UMBS MORTPASS 3% 06/34","15yr",,,,,"82359014.21",,,,,,""
"2021-08-11","'3133GDLT5'","MBS","UMBS MORTPASS 1.5% 06/36","15yr",,,,,"82326589.13",,,,,,""
"2021-08-11","'31339UH60'","MBS","UMBS MORTPASS 2.5% 10/49","30yr",,,,,"82238446.14",,,,,,""
"2021-08-11","'3132A5J55'","MBS","UMBS MORTPASS 3.5% 08/48","30yr",,,,,"82227204.66",,,,,,""
"2021-08-11","'31418DKW1'","MBS","UMBS MORTPASS 4.5% 01/50","30yr",,,,,"82087901.73",,,,,,""
"2021-08-11","'36179ME48'","MBS","GNMA II MORTPASS 4% 06/42","30yr",,,,,"81970824.23",,,,,,""
"2021-08-11","'3140QD4U5'","MBS","UMBS MORTPASS 2% 07/50","30yr",,,,,"81521644.09",,,,,,""
"2021-08-11","'3131Y0ZS4'","MBS","UMBS MORTPASS 4% 04/48","30yr",,,,,"81089435.13",,,,,,""
"2021-08-11","'3133AGD30'","MBS","UMBS MORTPASS 2% 02/51","30yr",,,,,"81060545.37",,,,,,""
"2021-08-11","'3133GCK76'","MBS","UMBS MORTPASS 2% 03/36","15yr",,,,,"80932315.85",,,,,,""
"2021-08-11","'3133ALAU2'","MBS","UMBS MORTPASS 2% 05/51","30yr",,,,,"80926587.04",,,,,,""
"2021-08-11","'3133KJAG7'","MBS","UMBS MORTPASS 3% 03/50","30yr",,,,,"80744908.3",,,,,,""
"2021-08-11","'3140KGW33'","MBS","UMBS MORTPASS 3% 07/50","30yr",,,,,"80659127.61",,,,,,""
"2021-08-11","'3132AEAU0'","MBS","UMBS MORTPASS 4.5% 01/49","30yr",,,,,"80619865.61",,,,,,""
"2021-08-11","'3140LPDA7'","MBS","UMBS MORTPASS 2% 06/51","30yr",,,,,"80424784.83",,,,,,""
"2021-08-11","'3140JMZF2'","MBS","UMBS MORTPASS 4.5% 02/49","30yr",,,,,"80422251.87",,,,,,""
"2021-08-11","'36179MX21'","MBS","GNMA II 2.5% 01/43","30yr",,,,,"80341934.17",,,,,,""
"2021-08-11","'3140JANK0'","MBS","UMBS MORTPASS 3% 04/49","30yr",,,,,"80259770.03",,,,,,""
"2021-08-11","'3132A5JB2'","MBS","UMBS MORTPASS 3% 03/48","30yr",,,,,"80161555.31",,,,,,""
"2021-08-11","'36202FX84'","MBS","GNMA II MORTPASS 4% 10/41","30yr",,,,,"80158063.06",,,,,,""
"2021-08-11","'3133KHS23'","MBS","UMBS MORTPASS 3% 03/50","30yr",,,,,"80039608.54",,,,,,""
"2021-08-11","'3140XBLG3'","MBS","UMBS MORTPASS 2.5% 05/51","30yr",,,,,"79906690.32",,,,,,""
"2021-08-11","'3133KGQD3'","MBS","UMBS MORTPASS 3% 09/49","30yr",,,,,"79545917.26",,,,,,""
"2021-08-11","'3140X5BL6'","MBS","UMBS MORTPASS 3.5% 06/34","15yr",,,,,"79396676.85",,,,,,""
"2021-08-11","'3138EHBF8'","MBS","UMBS MORTPASS 5% 04/39","30yr",,,,,"79363368.22",,,,,,"Y"
"2021-08-11","'3132DMKB0'","MBS","UMBS MORTPASS 4% 04/50","30yr",,,,,"79314038.94",,,,,,""
"2021-08-11","'3140KKF90'","MBS","UMBS MORTPASS 2% 08/35","15yr",,,,,"79236944.26",,,,,,""
"2021-08-11","'3140QGA98'","MBS","UMBS MORTPASS 2.5% 12/50","30yr",,,,,"79214583.76",,,,,,""
"2021-08-11","'3140QGYE1'","MBS","UMBS MORTPASS 2.5% 01/51","30yr",,,,,"79168421.89",,,,,,""
"2021-08-11","'3128MF2P2'","MBS","FHLMCGLD 3.5% 12/29","15yr",,,,,"78901632.22",,,,,,"Y"
"2021-08-11","'36179TUB9'","MBS","GNMA II MORTPASS 4% 03/48","30yr",,,,,"78526603.67",,,,,,""
"2021-08-11","'3138ERQB9'","MBS","UMBS MORTPASS 3.5% 06/40","30yr",,,,,"78519554.19",,,,,,"Y"
"2021-08-11","'3133AKBT6'","MBS","UMBS MORTPASS 1.5% 04/51","30yr",,,,,"78478062.61",,,,,,""
"2021-08-11","'3140LQXR6'","MBS","UMBS MORTPASS 2% 05/51","30yr",,,,,"78467874.61",,,,,,""
"2021-08-11","'31418C4X9'","MBS","UMBS MORTPASS 4.5% 12/48","30yr",,,,,"77995428.87",,,,,,""
"2021-08-11","'36202FX76'","MBS","GNMA II 3.5% 10/41","30yr",,,,,"77947277.22",,,,,,""
"2021-08-11","'3133GBRS5'","MBS","UMBS MORTPASS 2% 01/36","15yr",,,,,"77917375.49",,,,,,""
"2021-08-11","'3128M8WW0'","MBS","FHLMCGLD 5.5% 11/38","30yr",,,,,"77835586.69",,,,,,"Y"
"2021-08-11","'31418CXW9'","MBS","UMBS MORTPASS 3.5% 06/33","15yr",,,,,"77771702.55",,,,,,""
"2021-08-11","'3133AAH88'","MBS","UMBS MORTPASS 2.5% 09/50","30yr",,,,,"77743449.94",,,,,,""
"2021-08-11","'3140KTT39'","MBS","UMBS MORTPASS 1.5% 03/51","30yr",,,,,"77701212.3",,,,,,""
"2021-08-11","'31418CXM1'","MBS","UMBS MORTPASS 3.5% 06/48","30yr",,,,,"77536448.2",,,,,,""
"2021-08-11","'3138EGDL5'","MBS","UMBS MORTPASS 5.5% 10/38","30yr",,,,,"77507114.02",,,,,,"Y"
"2021-08-11","'3131XX7G0'","MBS","UMBS MORTPASS 4% 10/47","30yr",,,,,"77502625.73",,,,,,""
"2021-08-11","'3133GCN73'","MBS","UMBS MORTPASS 1.5% 04/36","15yr",,,,,"77493870.73",,,,,,""
"2021-08-11","'3140KAX84'","MBS","UMBS MORTPASS 1.5% 05/36","15yr",,,,,"77402929.01",,,,,,""
"2021-08-11","'3140L3P88'","MBS","UMBS MORTPASS 1.5% 04/36","15yr",,,,,"77367390.71",,,,,,""
"2021-08-11","'3140QBPB8'","MBS","UMBS MORTPASS 3% 08/49","30yr",,,,,"77273813.4",,,,,,""
"2021-08-11","'3133KLXD4'","MBS","UMBS MORTPASS 1.5% 02/51","30yr",,,,,"77200311.52",,,,,,""
"2021-08-11","'36179NLE6'","MBS","GNMA II MORTPASS 4% 08/43","30yr",,,,,"77160345.19",,,,,,""
"2021-08-11","'3140J5D71'","MBS","UMBS MORTPASS 2.5% 05/31","15yr",,,,,"77080780.79",,,,,,"Y"
"2021-08-11","'3138EHCR1'","MBS","UMBS MORTPASS 4.5% 07/39","30yr",,,,,"76986673.59",,,,,,"Y"
"2021-08-11","'3133KHVF0'","MBS","UMBS 3.0%","30yr",,,,,"76919221.6",,,,,,""
"2021-08-11","'3133AJC27'","MBS","UMBS MORTPASS 1.5% 03/51","30yr",,,,,"76691407.67",,,,,,""
"2021-08-11","'3140KHRW3'","MBS","UMBS MORTPASS 2.5% 08/50","30yr",,,,,"76663324.53",,,,,,""
"2021-08-11","'31334YGL5'","MBS","UMBS MORTPASS 3% 08/49","30yr",,,,,"76642132.6",,,,,,""
"2021-08-11","'3138EGHD9'","MBS","UMBS MORTPASS 4% 03/25","15yr",,,,,"76637277.05",,,,,,"Y"
"2021-08-11","'31418DLM2'","MBS","UMBS MORTPASS 3% 02/35","15yr",,,,,"76616641.98",,,,,,""
"2021-08-11","'3133KGQF8'","MBS","UMBS MORTPASS 3% 09/49","30yr",,,,,"76543791.14",,,,,,""
"2021-08-11","'3140QC4A1'","MBS","UMBS MORTPASS 3% 03/50","30yr",,,,,"76404842.6",,,,,,""
"2021-08-11","'3133KJSF0'","MBS","UMBS MORTPASS 2.5% 08/50","30yr",,,,,"76306834.55",,,,,,""
"2021-08-11","'3133KYR84'","MBS","UMBS MORTPASS 3% 10/39","Other",,,,,"76186784.91",,,,,,""
"2021-08-11","'3133AAQW5'","MBS","UMBS MORTPASS 2.5% 09/50","30yr",,,,,"76083400.79",,,,,,""
"2021-08-11","'31335CJW5'","MBS","FHLMCGLD 4% 07/44","30yr",,,,,"75993334.39",,,,,,"Y"
"2021-08-11","'3140L8GS3'","MBS","UMBS MORTPASS 2% 05/51","30yr",,,,,"75897901.75",,,,,,""
"2021-08-11","'31346YFW8'","MBS","UMBS MORTPASS 2.5% 11/49","30yr",,,,,"75856899.76",,,,,,""
"2021-08-11","'3133KKYG8'","MBS","UMBS MORTPASS 2.5% 09/50","30yr",,,,,"75852033.02",,,,,,""
"2021-08-11","'3622AAPV0'","MBS","GNMA II MORTPASS 3% 04/48","30yr",,,,,"75845846.43",,,,,,""
"2021-08-11","'31418DFJ6'","MBS","UMBS MORTPASS 3% 09/34","15yr",,,,,"75563398.7",,,,,,""
"2021-08-11","'3140L5S80'","MBS","UMBS MORTPASS 2% 03/51","30yr",,,,,"75519792.3",,,,,,""
"2021-08-11","'3133A3UV8'","MBS","UMBS MORTPASS 3% 04/50","30yr",,,,,"75453880.63",,,,,,""
"2021-08-11","'31418CV27'","MBS","UMBS MORTPASS 3.5% 04/48","30yr",,,,,"75390018.01",,,,,,""
"2021-08-11","'3133AMEK8'","MBS","UMBS MORTPASS 2% 06/51","30yr",,,,,"75387906.32",,,,,,""
"2021-08-11","'3140QHQ81'","MBS","UMBS MORTPASS 1.5% 03/36","15yr",,,,,"75352495.24",,,,,,""
"2021-08-11","'3132DMH99'","MBS","UMBS MORTPASS 4.5% 02/45","30yr",,,,,"75335366.05",,,,,,"Y"
"2021-08-11","'3132AD6A1'","MBS","UMBS MORTPASS 4% 06/48","30yr",,,,,"75221418.84",,,,,,""
"2021-08-11","'3133G9MV8'","MBS","UMBS MORTPASS 1.5% 08/35","15yr",,,,,"75137638.66",,,,,,""
"2021-08-11","'3140Q9HQ9'","MBS","UMBS MORTPASS 4% 07/48","30yr",,,,,"74973671.26",,,,,,""
"2021-08-11","'3140KEQC5'","MBS","UMBS MORTPASS 2% 09/50","30yr",,,,,"74967886.48",,,,,,""
"2021-08-11","'3133ANDA9'","MBS","UMBS MORTPASS 2% 06/51","30yr",,,,,"74837909.3",,,,,,""
"2021-08-11","'31334YR41'","MBS","UMBS MORTPASS 3% 09/49","30yr",,,,,"74739326.85",,,,,,""
"2021-08-11","'3140GNGX5'","MBS","UMBS MORTPASS 3.5% 04/47","30yr",,,,,"74593020.86",,,,,,""
"2021-08-11","'3133GDB41'","MBS","UMBS MORTPASS 1.5% 05/36","15yr",,,,,"74566196.58",,,,,,""
"2021-08-11","'3133AJE33'","MBS","UMBS MORTPASS 2% 03/51","30yr",,,,,"74450531.56",,,,,,""
"2021-08-11","'3128MJ2Z2'","MBS","FHLMCGLD 3% 12/47","30yr",,,,,"74248759.48",,,,,,""
"2021-08-11","'3140LQVS6'","MBS","UMBS MORTPASS 2% 07/51","30yr",,,,,"74193688",,,,,,""
"2021-08-11","'3133A3NP9'","MBS","UMBS MORTPASS 3% 04/50","30yr",,,,,"74192675.45",,,,,,""
"2021-08-11","'3133ALFN3'","MBS","UMBS MORTPASS 2% 05/51","30yr",,,,,"74183356",,,,,,""
"2021-08-11","'3133A87J0'","MBS","UMBS MORTPASS 2.5% 08/50","30yr",,,,,"74128363.45",,,,,,""
"2021-08-11","'3140X62C4'","MBS","UMBS MORTPASS 2.5% 06/50","30yr",,,,,"74058278.12",,,,,,""
"2021-08-11","'3133KJDV1'","MBS","UMBS MORTPASS 2% 06/50","30yr",,,,,"74022684.7",,,,,,""
"2021-08-11","'3133KLGY7'","MBS","UMBS MORTPASS 2% 02/51","30yr",,,,,"73962404.9",,,,,,""
"2021-08-11","'3133ALQD3'","MBS","UMBS MORTPASS 2% 05/51","30yr",,,,,"73890993.08",,,,,,""
"2021-08-11","'36202FUE4'","MBS","GNMA II MORTPASS 4% 06/41","30yr",,,,,"73729402.55",,,,,,""
"2021-08-11","'3140QHRA5'","MBS","UMBS MORTPASS 1.5% 03/36","15yr",,,,,"73712994.96",,,,,,""
"2021-08-11","'3128MEY47'","MBS","FHLMCGLD 3% 08/28","15yr",,,,,"73660748.97",,,,,,"Y"
"2021-08-11","'3140X7XV6'","MBS","UMBS MORTPASS 2.5% 10/50","30yr",,,,,"73598856.08",,,,,,""
"2021-08-11","'3138ETZT6'","MBS","UMBS MORTPASS 3% 07/30","15yr",,,,,"73528924.74",,,,,,""
"2021-08-11","'3133AC4H8'","MBS","UMBS MORTPASS 2% 12/50","30yr",,,,,"73501897.04",,,,,,""
"2021-08-11","'3140QBSS8'","MBS","UMBS MORTPASS 3% 09/49","30yr",,,,,"73412692.87",,,,,,""
"2021-08-11","'3140QHPJ8'","MBS","UMBS MORTPASS 1.5% 03/36","15yr",,,,,"73313142.67",,,,,,""
"2021-08-11","'36179TLT0'","MBS","GNMA II MORTPASS 4% 11/47","30yr",,,,,"73292046.05",,,,,,""
"2021-08-11","'3140KMSH4'","MBS","UMBS MORTPASS 2.5% 08/50","30yr",,,,,"73262734.76",,,,,,""
"2021-08-11","'3140X8TF4'","MBS","UMBS MORTPASS 2.5% 12/50","30yr",,,,,"73148729.77",,,,,,""
"2021-08-11","'3140KHS77'","MBS","UMBS MORTPASS 2.5% 07/50","30yr",,,,,"73071982.8",,,,,,""
"2021-08-11","'31335BHB5'","MBS","FHLMCGLD 4% 05/45","30yr",,,,,"72964166.97",,,,,,"Y"
"2021-08-11","'3140LQA34'","MBS","UMBS MORTPASS 2% 06/36","15yr",,,,,"72959507.76",,,,,,""
"2021-08-11","'3140J7ST3'","MBS","UMBS MORTPASS 3.5% 04/44","30yr",,,,,"72771037.49",,,,,,"Y"
"2021-08-11","'3138EQKE1'","MBS","UMBS MORTPASS 3.5% 10/41","30yr",,,,,"72673000.76",,,,,,"Y"
"2021-08-11","'3133KHCF1'","MBS","UMBS MORTPASS 3% 12/49","30yr",,,,,"72629246.02",,,,,,""
"2021-08-11","'3140QDXA7'","MBS","UMBS MORTPASS 2.5% 06/50","30yr",,,,,"72593995.28",,,,,,""
"2021-08-11","'3140L5X35'","MBS","UMBS MORTPASS 1.5% 05/51","30yr",,,,,"72547426.93",,,,,,""
"2021-08-11","'3133GDP87'","MBS","UMBS MORTPASS 1.5% 06/36","15yr",,,,,"72252742.02",,,,,,""
"2021-08-11","'3140Q93N1'","MBS","UMBS MORTPASS 4% 11/48","30yr",,,,,"72200666.38",,,,,,""
"2021-08-11","'3140K8Y39'","MBS","UMBS MORTPASS 3% 02/50","30yr",,,,,"71926436.27",,,,,,""
"2021-08-11","'3138EGPL2'","MBS","UMBS MORTPASS 4% 12/24","15yr",,,,,"71461379.65",,,,,,"Y"
"2021-08-11","'3140QLA22'","MBS","UMBS MORTPASS 1.5% 06/36","15yr",,,,,"71442618.68",,,,,,""
"2021-08-11","'3128M8QC1'","MBS","FHLMCGLD 5% 08/40","30yr",,,,,"71279808.95",,,,,,"Y"
"2021-08-11","'3133KK3V9'","MBS","UMBS MORTPASS 2.5% 01/51","30yr",,,,,"71260871.22",,,,,,""
"2021-08-11","'3140L8ZM5'","MBS","UMBS MORTPASS 2% 04/51","30yr",,,,,"71250048.63",,,,,,""
"2021-08-11","'3140QHDX0'","MBS","UMBS MORTPASS 1.5% 02/51","30yr",,,,,"71121699.4",,,,,,""
"2021-08-11","'3133AK7M6'","MBS","UMBS MORTPASS 1.5% 05/51","30yr",,,,,"70981379.01",,,,,,""
"2021-08-11","'3133A2MS6'","MBS","UMBS MORTPASS 2.5% 03/50","30yr",,,,,"70939952.97",,,,,,""
"2021-08-11","'3138EHC42'","MBS","UMBS MORTPASS 5% 07/40","30yr",,,,,"70928676.07",,,,,,"Y"
"2021-08-11","'3140L6MK7'","MBS","UMBS MORTPASS 1.5% 03/51","30yr",,,,,"70839588.09",,,,,,""
"2021-08-11","'31418CYM0'","MBS","UMBS MORTPASS 4% 07/48","30yr",,,,,"70810323.17",,,,,,""
"2021-08-11","'3140QBQ27'","MBS","UMBS MORTPASS 3% 09/49","30yr",,,,,"70779578.64",,,,,,""
"2021-08-11","'3140QLAP1'","MBS","UMBS MORTPASS 1.5% 06/36","15yr",,,,,"70717602.76",,,,,,""
"2021-08-11","'3133AM3B0'","MBS","UMBS MORTPASS 2% 06/51","30yr",,,,,"70520555.43",,,,,,""
"2021-08-11","'3133GAUT1'","MBS","UMBS MORTPASS 2% 11/35","15yr",,,,,"70447173.69",,,,,,""
"2021-08-11","'3138EQK50'","MBS","UMBS MORTPASS 3% 03/27","15yr",,,,,"70389817.99",,,,,,"Y"
"2021-08-11","'3140KQRW3'","MBS","UMBS MORTPASS 2% 11/50","30yr",,,,,"70309720.48",,,,,,""
"2021-08-11","'36179T7J8'","MBS","GNMA II 3.5% 08/48","30yr",,,,,"70280857.55",,,,,,""
"2021-08-11","'3132DMJS5'","MBS","UMBS MORTPASS 3.5% 02/44","30yr",,,,,"70193066.06",,,,,,"Y"
"2021-08-11","'3140QFRE1'","MBS","UMBS MORTPASS 2.5% 11/50","30yr",,,,,"70080811.15",,,,,,""
"2021-08-11","'3132CWPP3'","MBS","UMBS MORTPASS 2% 10/35","15yr",,,,,"70057135.14",,,,,,""
"2021-08-11","'3133ABP87'","MBS","UMBS MORTPASS 2.5% 11/50","30yr",,,,,"70021971.9",,,,,,""
"2021-08-11","'3140J8B28'","MBS","UMBS MORTPASS 3% 10/27","Other",,,,,"69966292.11",,,,,,"Y"
"2021-08-11","'3128MF2G2'","MBS","FHLMCGLD 3% 01/29","15yr",,,,,"69928718.17",,,,,,"Y"
"2021-08-11","'3140JPM36'","MBS","UMBS MORTPASS 4% 06/49","30yr",,,,,"69927215.79",,,,,,""
"2021-08-11","'3133AGNK1'","MBS","UMBS MORTPASS 2% 03/51","30yr",,,,,"69900977.96",,,,,,""
"2021-08-11","'3132A5H81'","MBS","UMBS MORTPASS 3.5% 02/48","30yr",,,,,"69729610.4",,,,,,""
"2021-08-11","'3140JXRB6'","MBS","UMBS MORTPASS 2.5% 10/49","30yr",,,,,"69725077.19",,,,,,""
"2021-08-11","'3133AALF7'","MBS","UMBS MORTPASS 2% 10/50","30yr",,,,,"69667698.97",,,,,,""
"2021-08-11","'3140X5N82'","MBS","UMBS MORTPASS 4.5% 04/49","30yr",,,,,"69523730.61",,,,,,""
"2021-08-11","'3128MFGE2'","MBS","FHLMCGLD 3.5% 03/32","15yr",,,,,"69500056.9",,,,,,"Y"
"2021-08-11","'3133KHZ25'","MBS","UMBS 2.5%","30yr",,,,,"69499845.14",,,,,,""
"2021-08-11","'3132D54E9'","MBS","UMBS MORTPASS 3% 12/34","15yr",,,,,"69479083.73",,,,,,""
"2021-08-11","'3128MF2D9'","MBS","FHLMCGLD 3% 11/31","15yr",,,,,"69437980.46",,,,,,"Y"
"2021-08-11","'31335AHR2'","MBS","FHLMCGLD 3.5% 02/43","30yr",,,,,"69315192.2",,,,,,"Y"
"2021-08-11","'31418DCG5'","MBS","UMBS MORTPASS 3% 05/49","30yr",,,,,"69003316.48",,,,,,""
"2021-08-11","'3140KP5J8'","MBS","UMBS MORTPASS 1.5% 01/36","15yr",,,,,"68858469.85",,,,,,""
"2021-08-11","'36179TAL9'","MBS","GNMA II MORTPASS 4% 06/47","30yr",,,,,"68817618.77",,,,,,""
"2021-08-11","'3133AJKT9'","MBS","UMBS MORTPASS 2% 04/51","30yr",,,,,"68651362.13",,,,,,""
"2021-08-11","'3133A3AW8'","MBS","UMBS MORTPASS 3% 03/50","30yr",,,,,"68575958.4",,,,,,""
"2021-08-11","'3140L6UW2'","MBS","UMBS MORTPASS 2% 04/51","30yr",,,,,"68502631.76",,,,,,""
"2021-08-11","'3140KDPB0'","MBS","UMBS MORTPASS 2.5% 05/50","30yr",,,,,"68481282.14",,,,,,""
"2021-08-11","'3140Q7WP8'","MBS","UMBS MORTPASS 3.5% 11/47","30yr",,,,,"68454471.47",,,,,,""
"2021-08-11","'3140QD4V3'","MBS","UMBS MORTPASS 3% 06/50","30yr",,,,,"68436930.91",,,,,,""
"2021-08-11","'3140KANR3'","MBS","UMBS MORTPASS 3% 03/50","30yr",,,,,"68362554.37",,,,,,""
"2021-08-11","'3132A5KA2'","MBS","UMBS MORTPASS 3.5% 09/48","30yr",,,,,"68343692.31",,,,,,""
"2021-08-11","'3140KQDZ1'","MBS","UMBS MORTPASS 2% 11/50","30yr",,,,,"68138597.62",,,,,,""
"2021-08-11","'3133KYSW0'","MBS","UMBS MORTPASS 3% 02/40","Other",,,,,"68126422.44",,,,,,""
"2021-08-11","'31418DFT4'","MBS","UMBS MORTPASS 4.5% 09/49","30yr",,,,,"68124022.96",,,,,,""
"2021-08-11","'36202FXB7'","MBS","GNMA II MORTPASS 4% 09/41","30yr",,,,,"67944284.63",,,,,,""
"2021-08-11","'3140L5S72'","MBS","UMBS MORTPASS 1.5% 03/51","30yr",,,,,"67903526.93",,,,,,""
"2021-08-11","'3140L1YP4'","MBS","UMBS MORTPASS 1.5% 02/36","15yr",,,,,"67812895.64",,,,,,""
"2021-08-11","'3132AEE28'","MBS","UMBS MORTPASS 4.5% 05/49","30yr",,,,,"67567018.39",,,,,,""
"2021-08-11","'3140K8U90'","MBS","UMBS MORTPASS 3% 02/50","30yr",,,,,"67514376.49",,,,,,""
"2021-08-11","'3133A7TP4'","MBS","UMBS MORTPASS 2.5% 07/50","30yr",,,,,"67443801.11",,,,,,""
"2021-08-11","'3140QDUZ5'","MBS","UMBS MORTPASS 3% 06/50","30yr",,,,,"67421749.99",,,,,,""
"2021-08-11","'3140QFLL1'","MBS","UMBS MORTPASS 2.5% 08/50","30yr",,,,,"67395936.35",,,,,,""
"2021-08-11","'31418DB35'","MBS","UMBS MORTPASS 3% 05/34","15yr",,,,,"67292294.54",,,,,,""
"2021-08-11","'3132DMHJ7'","MBS","UMBS MORTPASS 3% 01/50","30yr",,,,,"67269988.94",,,,,,""
"2021-08-11","'3138EGHA5'","MBS","UMBS MORTPASS 5.5% 12/39","30yr",,,,,"67049075.59",,,,,,"Y"
"2021-08-11","'3133AJL84'","MBS","UMBS MORTPASS 2% 03/51","30yr",,,,,"66967199.68",,,,,,""
"2021-08-11","'3133ABNT3'","MBS","UMBS MORTPASS 2% 11/50","30yr",,,,,"66792895",,,,,,""
"2021-08-11","'3140KDDL1'","MBS","UMBS MORTPASS 3% 06/50","30yr",,,,,"66780197.3",,,,,,""
"2021-08-11","'36202F3N4'","MBS","GNMA II MORTPASS 4% 02/42","30yr",,,,,"66778959.83",,,,,,""
"2021-08-11","'3133KKND7'","MBS","UMBS MORTPASS 2.5% 11/50","30yr",,,,,"66749782.74",,,,,,""
"2021-08-11","'3140KBRJ5'","MBS","UMBS MORTPASS 2.5% 06/50","30yr",,,,,"66653352.98",,,,,,""
"2021-08-11","'3140Q7VT1'","MBS","UMBS MORTPASS 3.5% 11/47","30yr",,,,,"66652572.61",,,,,,""
"2021-08-11","'3140KLRH7'","MBS","UMBS MORTPASS 2.5% 08/50","30yr",,,,,"66530972.36",,,,,,""
"2021-08-11","'3133AJVQ3'","MBS","UMBS MORTPASS 2% 04/51","30yr",,,,,"66414431.18",,,,,,""
"2021-08-11","'3133GDQZ6'","MBS","UMBS MORTPASS 1.5% 06/36","15yr",,,,,"66385507.89",,,,,,""
"2021-08-11","'3138ERKS8'","MBS","UMBS MORTPASS 2.5% 06/29","15yr",,,,,"66367595.9",,,,,,"Y"
"2021-08-11","'3133A43L8'","MBS","UMBS MORTPASS 2.5% 05/50","30yr",,,,,"66359548.19",,,,,,""
"2021-08-11","'3140L6ML5'","MBS","UMBS MORTPASS 1.5% 03/51","30yr",,,,,"66309899.5",,,,,,""
"2021-08-11","'3133A6BQ3'","MBS","UMBS MORTPASS 2.5% 06/50","30yr",,,,,"66183766.39",,,,,,""
"2021-08-11","'3138ERKQ2'","MBS","UMBS MORTPASS 2.5% 08/29","15yr",,,,,"66121139.06",,,,,,"Y"
"2021-08-11","'3133ADSV9'","MBS","UMBS MORTPASS 2% 12/50","30yr",,,,,"66084104.05",,,,,,""
"2021-08-11","'3140J5RR2'","MBS","UMBS MORTPASS 4% 02/45","30yr",,,,,"65930968.57",,,,,,"Y"
"2021-08-11","'3140QFZ85'","MBS","UMBS MORTPASS 1.5% 11/50","30yr",,,,,"65907302.85",,,,,,""
"2021-08-11","'3133A36C7'","MBS","UMBS MORTPASS 3% 04/50","30yr",,,,,"65894799.91",,,,,,""
"2021-08-11","'3140X5LN1'","MBS","UMBS MORTPASS 3% 01/50","30yr",,,,,"65882202.27",,,,,,""
"2021-08-11","'3138EGWM2'","MBS","UMBS MORTPASS 4% 09/24","15yr",,,,,"65784790.89",,,,,,"Y"
"2021-08-11","'31417EZF1'","MBS","UMBS MORTPASS 3% 02/43","30yr",,,,,"65729154.98",,,,,,""
"2021-08-11","'3128MMV59'","MBS","FHLMCGLD 2.5% 03/32","15yr",,,,,"65668896.18",,,,,,""
"2021-08-11","'31418DLP5'","MBS","UMBS MORTPASS 2.5% 02/40","Other",,,,,"65527615.03",,,,,,""
"2021-08-11","'3140K7WY5'","MBS","UMBS MORTPASS 2% 03/35","15yr",,,,,"65523054.93",,,,,,""
"2021-08-11","'36179UST0'","MBS","GNMA II 3.5% 05/49","30yr",,,,,"65508658.32",,,,,,""
"2021-08-11","'3133A7FV6'","MBS","UMBS MORTPASS 2.5% 07/50","30yr",,,,,"65439555.67",,,,,,""
"2021-08-11","'3140L6RU0'","MBS","UMBS MORTPASS 2% 04/51","30yr",,,,,"65357318.28",,,,,,""
"2021-08-11","'36179M2N9'","MBS","GNMA II 2.5% 02/43","30yr",,,,,"65350317.87",,,,,,""
"2021-08-11","'3140KSAU1'","MBS","UMBS MORTPASS 1.5% 11/35","15yr",,,,,"65278265.54",,,,,,""
"2021-08-11","'3140KHWW7'","MBS","UMBS MORTPASS 2.5% 07/50","30yr",,,,,"64878760.18",,,,,,""
"2021-08-11","'3140KPB93'","MBS","UMBS MORTPASS 2% 09/50","30yr",,,,,"64667120.42",,,,,,""
"2021-08-11","'3140KMZY9'","MBS","UMBS MORTPASS 2% 09/50","30yr",,,,,"64633252.2",,,,,,""
"2021-08-11","'3140X6XY2'","MBS","UMBS MORTPASS 3% 05/50","30yr",,,,,"64612157.53",,,,,,""
"2021-08-11","'3140LNR25'","MBS","UMBS MORTPASS 2% 04/51","30yr",,,,,"64480155.58",,,,,,""
"2021-08-11","'3138EQ2Q4'","MBS","UMBS MORTPASS 4.5% 10/43","30yr",,,,,"64453964.21",,,,,,"Y"
"2021-08-11","'3133GCF23'","MBS","UMBS MORTPASS 1.5% 04/36","15yr",,,,,"64412946.85",,,,,,""
"2021-08-11","'3140L3NC1'","MBS","UMBS MORTPASS 1.5% 04/36","15yr",,,,,"64296490.02",,,,,,""
"2021-08-11","'36179TSJ5'","MBS","GNMA II 4.5% 02/48","30yr",,,,,"64247811.93",,,,,,""
"2021-08-11","'3140LNPA9'","MBS","UMBS MORTPASS 2% 06/51","30yr",,,,,"64206346.38",,,,,,""
"2021-08-11","'3140HD6T6'","MBS","UMBS MORTPASS 4% 07/48","30yr",,,,,"64160325.08",,,,,,""
"2021-08-11","'3128MMW74'","MBS","FHLMCGLD 2.5% 12/32","15yr",,,,,"64155690.97",,,,,,""
"2021-08-11","'3140X86D4'","MBS","UMBS MORTPASS 1.5% 02/36","15yr",,,,,"64016387.42",,,,,,""
"2021-08-11","'3140L2RN5'","MBS","UMBS MORTPASS 1.5% 01/51","30yr",,,,,"64006338.96",,,,,,""
"2021-08-11","'31346YZN6'","MBS","UMBS MORTPASS 3% 12/49","30yr",,,,,"63970373.68",,,,,,""
"2021-08-11","'3133G96T1'","MBS","UMBS MORTPASS 2% 09/35","15yr",,,,,"63873520.91",,,,,,""
"2021-08-11","'3140QHJD8'","MBS","UMBS MORTPASS 1.5% 02/51","30yr",,,,,"63853727.14",,,,,,""
"2021-08-11","'36179NQ35'","MBS","GNMA II MORTPASS 3% 10/43","30yr",,,,,"63821379.17",,,,,,""
"2021-08-11","'3140KCQE5'","MBS","UMBS MORTPASS 2.5% 05/50","30yr",,,,,"63739499.59",,,,,,""
"2021-08-11","'3132AD3S5'","MBS","UMBS MORTPASS 3.5% 02/49","30yr",,,,,"63731872.89",,,,,,""
"2021-08-11","'3132D53U4'","MBS","UMBS MORTPASS 3% 10/34","15yr",,,,,"63533838.29",,,,,,""
"2021-08-11","'3140QGZS9'","MBS","UMBS MORTPASS 2% 02/51","30yr",,,,,"63481776.32",,,,,,""
"2021-08-11","'3140XAXA5'","MBS","UMBS MORTPASS 1.5% 04/36","15yr",,,,,"63437607.3",,,,,,""
"2021-08-11","'3140X72N8'","MBS","UMBS MORTPASS 2% 10/35","15yr",,,,,"63413282.83",,,,,,""
"2021-08-11","'3140XAQU9'","MBS","UMBS MORTPASS 1.5% 04/36","15yr",,,,,"63351768.41",,,,,,""
"2021-08-11","'3140KAMB9'","MBS","UMBS MORTPASS 3% 03/50","30yr",,,,,"63309056.23",,,,,,""
"2021-08-11","'36179MG61'","MBS","GNMA II MORTPASS 4% 07/42","30yr",,,,,"63303197.69",,,,,,""
"2021-08-11","'36179UMK5'","MBS","GNMA II 3.5% 02/49","30yr",,,,,"63273245.11",,,,,,""
"2021-08-11","'3128MMWM1'","MBS","FHLMCGLD 2.5% 07/32","15yr",,,,,"63261539.83",,,,,,""
"2021-08-11","'3132AEKP0'","MBS","UMBS MORTPASS 3% 12/48","30yr",,,,,"63250052.05",,,,,,""
"2021-08-11","'3128M8MM3'","MBS","FHLMCGLD 5% 03/38","30yr",,,,,"63200120.8",,,,,,"Y"
"2021-08-11","'3138EQBX9'","MBS","UMBS MORTPASS 4% 03/40","30yr",,,,,"63170658.89",,,,,,"Y"
"2021-08-11","'3140K8QP9'","MBS","UMBS MORTPASS 3% 03/50","30yr",,,,,"62974364.62",,,,,,""
"2021-08-11","'3140QKNE4'","MBS","UMBS MORTPASS 2.5% 05/51","30yr",,,,,"62951909.64",,,,,,""
"2021-08-11","'36202F4R4'","MBS","GNMA II MORTPASS 4% 03/42","30yr",,,,,"62918802.06",,,,,,""
"2021-08-11","'3133KJ6K3'","MBS","UMBS MORTPASS 2% 10/50","30yr",,,,,"62857663.91",,,,,,""
"2021-08-11","'3140HJJJ1'","MBS","UMBS MORTPASS 4% 08/48","30yr",,,,,"62846902.82",,,,,,""
"2021-08-11","'3140LNTA5'","MBS","UMBS MORTPASS 1.5% 05/36","15yr",,,,,"62765369.37",,,,,,""
"2021-08-11","'3140X5D34'","MBS","UMBS MORTPASS 4% 08/49","30yr",,,,,"62609007.95",,,,,,""
"2021-08-11","'3140X4VY9'","MBS","UMBS MORTPASS 3.5% 05/49","30yr",,,,,"62581521.83",,,,,,""
"2021-08-11","'3140KAQA7'","MBS","UMBS MORTPASS 2.5% 04/50","30yr",,,,,"62561899.14",,,,,,""
"2021-08-11","'31368HNN9'","MBS","UMBS MORTPASS 5% 09/39","30yr",,,,,"62544373.95",,,,,,""
"2021-08-11","'3140KA5H5'","MBS","UMBS MORTPASS 1.5% 07/36","15yr",,,,,"62484835.14",,,,,,""
"2021-08-11","'3133GDFS4'","MBS","UMBS MORTPASS 2% 05/36","15yr",,,,,"62478434.9",,,,,,""
"2021-08-11","'3138ESAJ7'","MBS","UMBS MORTPASS 3.5% 12/28","15yr",,,,,"62403693.09",,,,,,"Y"
"2021-08-11","'3140KHWV9'","MBS","UMBS MORTPASS 2.5% 07/50","30yr",,,,,"62366890.8",,,,,,""
"2021-08-11","'3140L4WJ4'","MBS","UMBS MORTPASS 1.5% 03/51","30yr",,,,,"62351650.89",,,,,,""
"2021-08-11","'3140K9H93'","MBS","UMBS MORTPASS 3% 03/50","30yr",,,,,"62195389.15",,,,,,""
"2021-08-11","'3133AJNF6'","MBS","UMBS MORTPASS 2% 04/51","30yr",,,,,"62156146.7",,,,,,""
"2021-08-11","'3133A7TN9'","MBS","UMBS MORTPASS 2.5% 07/50","30yr",,,,,"62144896.67",,,,,,""
"2021-08-11","'3140Q9SY0'","MBS","UMBS MORTPASS 4% 09/48","30yr",,,,,"62004161.32",,,,,,""
"2021-08-11","'3128MMXN8'","MBS","FHLMCGLD 3% 04/33","15yr",,,,,"61970754.05",,,,,,""
"2021-08-11","'3133KGGP7'","MBS","UMBS MORTPASS 3.5% 07/49","30yr",,,,,"61932797.64",,,,,,""
"2021-08-11","'3138EGPN8'","MBS","UMBS MORTPASS 5% 02/40","30yr",,,,,"61882607.63",,,,,,"Y"
"2021-08-11","'3140LQWS5'","MBS","UMBS MORTPASS 1.5% 07/36","15yr",,,,,"61831106",,,,,,""
"2021-08-11","'3140Q92G7'","MBS","UMBS MORTPASS 4.5% 11/48","30yr",,,,,"61773632.27",,,,,,""
"2021-08-11","'3140QGUM7'","MBS","UMBS MORTPASS 2% 01/51","30yr",,,,,"61718387.44",,,,,,""
"2021-08-11","'3132DMFZ3'","MBS","UMBS MORTPASS 2.5% 12/49","30yr",,,,,"61645825.76",,,,,,""
"2021-08-11","'31418CZ80'","MBS","UMBS MORTPASS 3.5% 09/48","30yr",,,,,"61468281.84",,,,,,""
"2021-08-11","'3140LQUV0'","MBS","UMBS MORTPASS 1.5% 06/36","15yr",,,,,"61426083.05",,,,,,""
"2021-08-11","'3140KGV67'","MBS","UMBS MORTPASS 3% 07/50","30yr",,,,,"61308805.01",,,,,,""
"2021-08-11","'3140L2RP0'","MBS","UMBS MORTPASS 1.5% 01/51","30yr",,,,,"61238894.85",,,,,,""
"2021-08-11","'36179UQ54'","MBS","GNMA II MORTPASS 4% 04/49","30yr",,,,,"61210699.36",,,,,,""
"2021-08-11","'3140L8F39'","MBS","UMBS MORTPASS 2% 05/51","30yr",,,,,"61201003.93",,,,,,""
"2021-08-11","'3132DV4K8'","MBS","UMBS MORTPASS 4% 11/49","30yr",,,,,"61157798.29",,,,,,""
"2021-08-11","'3133A42Z8'","MBS","UMBS MORTPASS 2.5% 06/50","30yr",,,,,"61156711.62",,,,,,""
"2021-08-11","'3133A9L78'","MBS","UMBS MORTPASS 2.5% 09/50","30yr",,,,,"61054881.36",,,,,,""
"2021-08-11","'3133ALAK4'","MBS","UMBS MORTPASS 2% 04/51","30yr",,,,,"61049772.24",,,,,,""
"2021-08-11","'3140KKJB1'","MBS","UMBS MORTPASS 2.5% 08/50","30yr",,,,,"61013048.36",,,,,,""
"2021-08-11","'3140L7MG4'","MBS","UMBS MORTPASS 2% 04/51","30yr",,,,,"60929653.13",,,,,,""
"2021-08-11","'3140L4WF2'","MBS","UMBS MORTPASS 2% 03/51","30yr",,,,,"60865501.29",,,,,,""
"2021-08-11","'3133GB6H2'","MBS","UMBS MORTPASS 1.5% 02/36","15yr",,,,,"60857257.41",,,,,,""
"2021-08-11","'3133AMV29'","MBS","UMBS MORTPASS 2.5% 06/51","30yr",,,,,"60818908.76",,,,,,""
"2021-08-11","'3140QHJA4'","MBS","UMBS MORTPASS 1.5% 02/51","30yr",,,,,"60803938.54",,,,,,""
"2021-08-11","'3140X5WX7'","MBS","UMBS MORTPASS 3.5% 03/50","30yr",,,,,"60698555.51",,,,,,""
"2021-08-11","'3133G9D71'","MBS","UMBS MORTPASS 2% 07/35","15yr",,,,,"60633937.41",,,,,,""
"2021-08-11","'3140KBW91'","MBS","UMBS MORTPASS 2.5% 05/50","30yr",,,,,"60589802.75",,,,,,""
"2021-08-11","'3133GBRF3'","MBS","UMBS MORTPASS 2% 01/36","15yr",,,,,"60481417.14",,,,,,""
"2021-08-11","'36179NLF3'","MBS","GNMA II 4.5% 08/43","30yr",,,,,"60439605.26",,,,,,""
"2021-08-11","'3128MMW33'","MBS","FHLMCGLD 2.5% 11/32","15yr",,,,,"60397914.65",,,,,,""
"2021-08-11","'3138EQK76'","MBS","UMBS MORTPASS 4.5% 11/43","30yr",,,,,"60386404.07",,,,,,"Y"
"2021-08-11","'31418C4G6'","MBS","UMBS MORTPASS 4.5% 11/48","30yr",,,,,"60384298.67",,,,,,""
"2021-08-11","'3140K14D5'","MBS","UMBS MORTPASS 3% 12/49","30yr",,,,,"60141075.52",,,,,,""
"2021-08-11","'3140KAB96'","MBS","UMBS MORTPASS 2.5% 04/50","30yr",,,,,"60129220.17",,,,,,""
"2021-08-11","'31418CXN9'","MBS","UMBS MORTPASS 4% 06/48","30yr",,,,,"60111911.8",,,,,,""
"2021-08-11","'3140HDSY1'","MBS","UMBS MORTPASS 3% 01/50","30yr",,,,,"60065421.73",,,,,,""
"2021-08-11","'3140QCTV8'","MBS","UMBS MORTPASS 3% 01/35","15yr",,,,,"60004114.26",,,,,,""
"2021-08-11","'3140K5L39'","MBS","UMBS MORTPASS 2.5% 03/50","30yr",,,,,"59944446.06",,,,,,""
"2021-08-11","'3140LQB82'","MBS","UMBS MORTPASS 2.5% 07/51","30yr",,,,,"59891938",,,,,,""
"2021-08-11","'3138EQWD0'","MBS","UMBS MORTPASS 3.5% 10/42","30yr",,,,,"59839359.52",,,,,,"Y"
"2021-08-11","'3140KGWH2'","MBS","UMBS MORTPASS 3% 07/50","30yr",,,,,"59808603.64",,,,,,""
"2021-08-11","'3133GDPB0'","MBS","UMBS MORTPASS 2% 06/36","15yr",,,,,"59757184.15",,,,,,""
"2021-08-11","'3140QDLS1'","MBS","UMBS MORTPASS 3% 02/50","30yr",,,,,"59746791.21",,,,,,""
"2021-08-11","'3140J5D89'","MBS","UMBS MORTPASS 2.5% 08/30","15yr",,,,,"59554068.93",,,,,,"Y"
"2021-08-11","'3138ESAK4'","MBS","UMBS MORTPASS 2.5% 05/29","15yr",,,,,"59412173.26",,,,,,"Y"
"2021-08-11","'3133A86T9'","MBS","UMBS MORTPASS 2.5% 08/50","30yr",,,,,"59338733.6",,,,,,""
"2021-08-11","'3140KPKQ5'","MBS","UMBS MORTPASS 2% 09/35","15yr",,,,,"59121582.78",,,,,,""
"2021-08-11","'3128MEQN4'","MBS","FHLMCGLD 3.5% 01/27","15yr",,,,,"59092885.86",,,,,,"Y"
"2021-08-11","'3128MJ3D0'","MBS","FHLMCGLD 3% 01/48","30yr",,,,,"59036404.34",,,,,,""
"2021-08-11","'3140Q7B55'","MBS","UMBS MORTPASS 4% 07/47","30yr",,,,,"59002586.14",,,,,,""
"2021-08-11","'3140LQA26'","MBS","UMBS MORTPASS 1.5% 06/36","15yr",,,,,"58840812.54",,,,,,""
"2021-08-11","'3140KKX33'","MBS","UMBS MORTPASS 2% 09/50","30yr",,,,,"58838355.05",,,,,,""
"2021-08-11","'3133A3HG6'","MBS","UMBS MORTPASS 2.5% 03/50","30yr",,,,,"58826198.12",,,,,,""
"2021-08-11","'3133ANXQ2'","MBS","UMBS MORTPASS 2% 07/51","30yr",,,,,"58740771",,,,,,""
"2021-08-11","'3133A86G7'","MBS","UMBS MORTPASS 2.5% 08/50","30yr",,,,,"58676747.42",,,,,,""
"2021-08-11","'31418CT95'","MBS","UMBS MORTPASS 3% 02/48","30yr",,,,,"58615664.91",,,,,,""
"2021-08-11","'3133GBNV2'","MBS","UMBS MORTPASS 2% 01/36","15yr",,,,,"58595036.11",,,,,,""
"2021-08-11","'3133A9QJ7'","MBS","UMBS MORTPASS 2.5% 09/50","30yr",,,,,"58587753.6",,,,,,""
"2021-08-11","'3133A4YH3'","MBS","UMBS MORTPASS 2.5% 05/50","30yr",,,,,"58435299",,,,,,""
"2021-08-11","'3140QAP61'","MBS","UMBS MORTPASS 4% 03/49","30yr",,,,,"58407324.66",,,,,,""
"2021-08-11","'31418CWS9'","MBS","UMBS MORTPASS 3.5% 05/48","30yr",,,,,"58397329.43",,,,,,""
"2021-08-11","'3133KJNB4'","MBS","UMBS MORTPASS 2.5% 07/50","30yr",,,,,"58356326.79",,,,,,""
"2021-08-11","'31418DRP9'","MBS","UMBS MORTPASS 2% 08/40","Other",,,,,"58347618.24",,,,,,""
"2021-08-11","'3133KLBG1'","MBS","UMBS MORTPASS 1.5% 02/51","30yr",,,,,"58155838.61",,,,,,""
"2021-08-11","'3133AGCK3'","MBS","UMBS MORTPASS 1.5% 02/51","30yr",,,,,"58008568.41",,,,,,""
"2021-08-11","'31418DCA8'","MBS","UMBS MORTPASS 4% 05/49","30yr",,,,,"57931396.31",,,,,,""
"2021-08-11","'3140L4QT9'","MBS","UMBS MORTPASS 2% 02/51","30yr",,,,,"57901926.39",,,,,,""
"2021-08-11","'3133A9DG7'","MBS","UMBS MORTPASS 2% 08/50","30yr",,,,,"57900091.09",,,,,,""
"2021-08-11","'3140QAR77'","MBS","UMBS MORTPASS 4% 03/49","30yr",,,,,"57892263.16",,,,,,""
"2021-08-11","'36179ME22'","MBS","GNMA II MORTPASS 3% 06/42","30yr",,,,,"57769003.22",,,,,,""
"2021-08-11","'3133GAUC8'","MBS","UMBS MORTPASS 1.5% 11/35","15yr",,,,,"57525868.79",,,,,,""
"2021-08-11","'31334YEQ6'","MBS","UMBS MORTPASS 3% 08/49","30yr",,,,,"57479163.45",,,,,,""
"2021-08-11","'3128MJ3H1'","MBS","FHLMCGLD 3% 02/48","30yr",,,,,"57419890.55",,,,,,""
"2021-08-11","'3133A6GU9'","MBS","UMBS MORTPASS 2.5% 06/50","30yr",,,,,"57230768.79",,,,,,""
"2021-08-11","'3128MFAU2'","MBS","FHLMCGLD 3% 11/31","15yr",,,,,"57229642.54",,,,,,"Y"
"2021-08-11","'3138EGFN9'","MBS","UMBS MORTPASS 4% 07/25","15yr",,,,,"57010197.73",,,,,,"Y"
"2021-08-11","'3140HBVF2'","MBS","UMBS MORTPASS 3% 10/49","30yr",,,,,"56986543.79",,,,,,""
"2021-08-11","'3140X4SD9'","MBS","UMBS MORTPASS 4% 12/48","30yr",,,,,"56928800.52",,,,,,""
"2021-08-11","'31418DH54'","MBS","UMBS MORTPASS 4.5% 11/49","30yr",,,,,"56855360.38",,,,,,""
"2021-08-11","'3132D53P5'","MBS","UMBS MORTPASS 3% 09/34","15yr",,,,,"56829297.87",,,,,,""
"2021-08-11","'36202FPF7'","MBS","GNMA II MORTPASS 4% 01/41","30yr",,,,,"56685204.62",,,,,,""
"2021-08-11","'31418DDP4'","MBS","UMBS MORTPASS 2.5% 06/34","15yr",,,,,"56648399.95",,,,,,""
"2021-08-11","'3133ALFZ6'","MBS","UMBS MORTPASS 2.5% 05/51","30yr",,,,,"56559931.3",,,,,,""
"2021-08-11","'3133KGLD8'","MBS","UMBS MORTPASS 3% 08/49","30yr",,,,,"56546264.03",,,,,,""
"2021-08-11","'31418DKB7'","MBS","UMBS MORTPASS 2.5% 01/40","Other",,,,,"56497712.09",,,,,,""
"2021-08-11","'3132CWNS9'","MBS","UMBS MORTPASS 2% 07/35","15yr",,,,,"56488289.02",,,,,,""
"2021-08-11","'3133A8A23'","MBS","UMBS MORTPASS 2.5% 07/50","30yr",,,,,"56436325.2",,,,,,""
"2021-08-11","'3133KJL59'","MBS","UMBS MORTPASS 2% 07/50","30yr",,,,,"56435464.1",,,,,,""
"2021-08-11","'31418DJM5'","MBS","UMBS MORTPASS 2.5% 12/39","Other",,,,,"56381637.38",,,,,,""
"2021-08-11","'3140Q7WQ6'","MBS","UMBS MORTPASS 3.5% 11/47","30yr",,,,,"56361153.37",,,,,,""
"2021-08-11","'3132DMJR7'","MBS","UMBS MORTPASS 4% 03/45","30yr",,,,,"56348062.74",,,,,,"Y"
"2021-08-11","'3133A7SG5'","MBS","UMBS MORTPASS 2.5% 07/50","30yr",,,,,"56199968.51",,,,,,""
"2021-08-11","'31335AF37'","MBS","FHLMCGLD 4.5% 03/42","30yr",,,,,"56156548.3",,,,,,"Y"
"2021-08-11","'3140JWKX7'","MBS","UMBS MORTPASS 3% 08/49","30yr",,,,,"56048957.09",,,,,,""
"2021-08-11","'3140KEDE5'","MBS","UMBS MORTPASS 2% 06/50","30yr",,,,,"56038177.15",,,,,,""
"2021-08-11","'31419A4Y0'","MBS","UMBS MORTPASS 5.5% 04/37","30yr",,,,,"56035329.44",,,,,,"Y"
"2021-08-11","'3133AKPS3'","MBS","UMBS MORTPASS 2% 05/51","30yr",,,,,"55960448.33",,,,,,""
"2021-08-11","'3128M8QA5'","MBS","FHLMCGLD 4% 04/40","30yr",,,,,"55946857.36",,,,,,"Y"
"2021-08-11","'3140EU6A2'","MBS","UMBS MORTPASS 2.5% 04/31","15yr",,,,,"55921512.92",,,,,,""
"2021-08-11","'3140L7ZJ4'","MBS","UMBS MORTPASS 1.5% 04/51","30yr",,,,,"55862506.3",,,,,,""
"2021-08-11","'3132CWLL6'","MBS","UMBS MORTPASS 2.5% 05/35","15yr",,,,,"55715088.58",,,,,,""
"2021-08-11","'3138EGWC4'","MBS","UMBS MORTPASS 4.5% 02/25","15yr",,,,,"55639270.38",,,,,,"Y"
"2021-08-11","'3133KHZW9'","MBS","UMBS 3.0%","30yr",,,,,"55593590.46",,,,,,""
"2021-08-11","'3140X5H48'","MBS","UMBS MORTPASS 3% 12/49","30yr",,,,,"55523406.67",,,,,,""
"2021-08-11","'3132AEKF2'","MBS","UMBS MORTPASS 2.5% 06/34","15yr",,,,,"55520981.17",,,,,,""
"2021-08-11","'31334YEX1'","MBS","UMBS MORTPASS 3% 08/49","30yr",,,,,"55505050",,,,,,""
"2021-08-11","'36202FAV8'","MBS","GNMA II MORTPASS 5% 08/39","30yr",,,,,"55405705.86",,,,,,""
"2021-08-11","'3140QDH98'","MBS","UMBS MORTPASS 2.5% 02/35","15yr",,,,,"55273495",,,,,,""
"2021-08-11","'3133KLF93'","MBS","UMBS MORTPASS 2.5% 01/51","30yr",,,,,"55159013.72",,,,,,""
"2021-08-11","'3140QK7C6'","MBS","UMBS MORTPASS 2% 06/36","15yr",,,,,"55150299.45",,,,,,""
"2021-08-11","'3140L5G42'","MBS","UMBS MORTPASS 2% 04/51","30yr",,,,,"55147252.67",,,,,,""
"2021-08-11","'3138EHC59'","MBS","UMBS MORTPASS 4.5% 05/39","30yr",,,,,"55097929.1",,,,,,"Y"
"2021-08-11","'3138ERQD5'","MBS","UMBS MORTPASS 3% 12/28","15yr",,,,,"55092585.6",,,,,,"Y"
"2021-08-11","'3133KGP93'","MBS","UMBS MORTPASS 3% 09/49","30yr",,,,,"55004731.18",,,,,,""
"2021-08-11","'3133A72Y4'","MBS","UMBS MORTPASS 2% 07/50","30yr",,,,,"55000920.37",,,,,,""
"2021-08-11","'36179M5K2'","MBS","GNMA II 2.5% 03/43","30yr",,,,,"54965691.1",,,,,,""
"2021-08-11","'3140HNEP3'","MBS","UMBS MORTPASS 2.5% 12/50","30yr",,,,,"54889431.17",,,,,,""
"2021-08-11","'3140X9Y33'","MBS","UMBS MORTPASS 1.5% 02/51","30yr",,,,,"54799284.51",,,,,,""
"2021-08-11","'31418DC75'","MBS","UMBS MORTPASS 4% 07/49","30yr",,,,,"54788078.47",,,,,,""
"2021-08-11","'3133ALJ58'","MBS","UMBS MORTPASS 2.5% 05/51","30yr",,,,,"54740182.11",,,,,,""
"2021-08-11","'3140K0SN9'","MBS","UMBS MORTPASS 3% 12/49","30yr",,,,,"54677348.76",,,,,,""
"2021-08-11","'3138EGXP4'","MBS","UMBS MORTPASS 4.5% 02/25","15yr",,,,,"54670564.05",,,,,,"Y"
"2021-08-11","'36202FM78'","MBS","GNMA II MORTPASS 4% 12/40","30yr",,,,,"54655332.51",,,,,,""
"2021-08-11","'36179VQT0'","MBS","GNMA II MORTPASS 3% 07/50","30yr",,,,,"54636792.73",,,,,,""
"2021-08-11","'3140QDXC3'","MBS","UMBS MORTPASS 2.5% 06/50","30yr",,,,,"54599663.59",,,,,,""
"2021-08-11","'3138ETZR0'","MBS","UMBS MORTPASS 2.5% 09/29","15yr",,,,,"54566748.47",,,,,,"Y"
"2021-08-11","'3140JM4T6'","MBS","UMBS MORTPASS 4% 03/49","30yr",,,,,"54496320",,,,,,""
"2021-08-11","'3133GCZF2'","MBS","UMBS MORTPASS 1.5% 05/36","15yr",,,,,"54482604.03",,,,,,""
"2021-08-11","'3140QEKQ4'","MBS","UMBS MORTPASS 2.5% 08/50","30yr",,,,,"54357390.65",,,,,,""
"2021-08-11","'3131Y7CS4'","MBS","UMBS MORTPASS 4.5% 10/48","30yr",,,,,"54304401.44",,,,,,""
"2021-08-11","'3133A06G4'","MBS","UMBS MORTPASS 3% 01/50","30yr",,,,,"54241898.73",,,,,,""
"2021-08-11","'3128M8YD0'","MBS","FHLMCGLD 4.5% 03/39","30yr",,,,,"54169644.7",,,,,,"Y"
"2021-08-11","'3140LPLG5'","MBS","UMBS MORTPASS 2% 07/51","30yr",,,,,"54164436.68",,,,,,""
"2021-08-11","'3138WG2W3'","MBS","UMBS MORTPASS 2.5% 05/31","15yr",,,,,"54045177.4",,,,,,""
"2021-08-11","'3140KCH39'","MBS","UMBS MORTPASS 2.5% 05/50","30yr",,,,,"53969666.98",,,,,,""
"2021-08-11","'3140KANM4'","MBS","UMBS MORTPASS 2.5% 03/50","30yr",,,,,"53969386.67",,,,,,""
"2021-08-11","'3140H1WL0'","MBS","UMBS MORTPASS 3.5% 03/48","30yr",,,,,"53941155.28",,,,,,""
"2021-08-11","'3140L1WZ4'","MBS","UMBS MORTPASS 1.5% 02/51","30yr",,,,,"53897526.33",,,,,,""
"2021-08-11","'3140LN6F9'","MBS","UMBS MORTPASS 2% 05/51","30yr",,,,,"53855796.45",,,,,,""
"2021-08-11","'3140QE3R1'","MBS","UMBS MORTPASS 2% 09/50","30yr",,,,,"53829168.13",,,,,,""
"2021-08-11","'3140X5Y98'","MBS","UMBS MORTPASS 3% 12/34","15yr",,,,,"53815843.17",,,,,,""
"2021-08-11","'3140X9BL8'","MBS","UMBS MORTPASS 1.5% 01/51","30yr",,,,,"53787116.06",,,,,,""
"2021-08-11","'3140KBML5'","MBS","UMBS MORTPASS 2.5% 04/50","30yr",,,,,"53731076.8",,,,,,""
"2021-08-11","'3138X02X5'","MBS","UMBS MORTPASS 3.5% 08/43","30yr",,,,,"53686069.45",,,,,,""
"2021-08-11","'3131XCCP0'","MBS","UMBS MORTPASS 2.5% 07/31","15yr",,,,,"53589876.31",,,,,,""
"2021-08-11","'3140X4YC4'","MBS","UMBS MORTPASS 3% 09/49","30yr",,,,,"53563631.22",,,,,,""
"2021-08-11","'3140QDBS2'","MBS","UMBS MORTPASS 3% 12/49","30yr",,,,,"53464461.28",,,,,,""
"2021-08-11","'3140KDP53'","MBS","UMBS MORTPASS 2.5% 05/50","30yr",,,,,"53364003.19",,,,,,""
"2021-08-11","'3140Q9W82'","MBS","UMBS MORTPASS 4% 10/48","30yr",,,,,"53209653.18",,,,,,""
"2021-08-11","'3140QAPN4'","MBS","UMBS MORTPASS 4% 02/49","30yr",,,,,"53115487.7",,,,,,""
"2021-08-11","'3140QELU4'","MBS","UMBS MORTPASS 2.5% 08/50","30yr",,,,,"52825661.98",,,,,,""
"2021-08-11","'3133A4Z58'","MBS","UMBS MORTPASS 2.5% 05/50","30yr",,,,,"52804797.46",,,,,,""
"2021-08-11","'3140X46N1'","MBS","UMBS MORTPASS 3% 10/34","15yr",,,,,"52798349.59",,,,,,""
"2021-08-11","'3140X6D24'","MBS","UMBS MORTPASS 3% 02/30","15yr",,,,,"52660734.91",,,,,,""
"2021-08-11","'3133KYSE0'","MBS","UMBS MORTPASS 3% 11/39","Other",,,,,"52593283.45",,,,,,""
"2021-08-11","'3133KKBV0'","MBS","UMBS MORTPASS 2% 10/50","30yr",,,,,"52589380.26",,,,,,""
"2021-08-11","'3133KYSQ3'","MBS","UMBS MORTPASS 3% 01/40","Other",,,,,"52554716.35",,,,,,""
"2021-08-11","'3140X3B72'","MBS","UMBS MORTPASS 2.5% 02/50","30yr",,,,,"52551514.23",,,,,,""
"2021-08-11","'3132ACSK7'","MBS","UMBS MORTPASS 4.5% 09/48","30yr",,,,,"52469922.63",,,,,,""
"2021-08-11","'3138EGGN8'","MBS","UMBS MORTPASS 5.5% 03/40","30yr",,,,,"52463292.51",,,,,,"Y"
"2021-08-11","'3138ERDU1'","MBS","UMBS MORTPASS 3% 08/29","15yr",,,,,"52393830.54",,,,,,"Y"
"2021-08-11","'3140KACG9'","MBS","UMBS MORTPASS 2.5% 05/50","30yr",,,,,"52312768.67",,,,,,""
"2021-08-11","'3133AJWL3'","MBS","UMBS MORTPASS 2% 04/51","30yr",,,,,"52184196.55",,,,,,""
"2021-08-11","'36179TXT7'","MBS","GNMA II MORTPASS 3% 05/48","30yr",,,,,"52159945.7",,,,,,""
"2021-08-11","'3140X7VD8'","MBS","UMBS MORTPASS 1.5% 10/35","15yr",,,,,"52153621.44",,,,,,""
"2021-08-11","'3138EQRQ7'","MBS","UMBS MORTPASS 3.5% 05/28","15yr",,,,,"52123196.55",,,,,,"Y"
"2021-08-11","'3133AMM52'","MBS","UMBS MORTPASS 2.5% 06/51","30yr",,,,,"52061897.55",,,,,,""
"2021-08-11","'3132DMJ22'","MBS","UMBS MORTPASS 3% 03/50","30yr",,,,,"51968243.1",,,,,,""
"2021-08-11","'31418C4E1'","MBS","UMBS MORTPASS 3.5% 11/48","30yr",,,,,"51948992.24",,,,,,""
"2021-08-11","'3140QCZ58'","MBS","UMBS MORTPASS 3% 02/50","30yr",,,,,"51940250.16",,,,,,""
"2021-08-11","'31418DC83'","MBS","UMBS MORTPASS 4.5% 07/49","30yr",,,,,"51918619.8",,,,,,""
"2021-08-11","'3133KYSP5'","MBS","UMBS MORTPASS 2.5% 11/39","Other",,,,,"51879959.89",,,,,,""
"2021-08-11","'3133G9CP2'","MBS","UMBS MORTPASS 2% 07/35","15yr",,,,,"51705041.16",,,,,,""
"2021-08-11","'3140KGXG3'","MBS","UMBS MORTPASS 3% 07/50","30yr",,,,,"51656161.16",,,,,,""
"2021-08-11","'3140KTTW5'","MBS","UMBS MORTPASS 1.5% 03/51","30yr",,,,,"51633360.62",,,,,,""
"2021-08-11","'3140QDXD1'","MBS","UMBS MORTPASS 2.5% 06/50","30yr",,,,,"51564738.57",,,,,,""
"2021-08-11","'3133A3TD0'","MBS","UMBS MORTPASS 2.5% 04/50","30yr",,,,,"51551106.51",,,,,,""
"2021-08-11","'3140HF2W8'","MBS","UMBS MORTPASS 2.5% 05/50","30yr",,,,,"51530121.78",,,,,,""
"2021-08-11","'3133KHB54'","MBS","UMBS MORTPASS 3% 12/49","30yr",,,,,"51369879.82",,,,,,""
"2021-08-11","'3140Q8KV6'","MBS","UMBS MORTPASS 4% 11/47","30yr",,,,,"51327148.1",,,,,,""
"2021-08-11","'3140X4H82'","MBS","UMBS MORTPASS 2.5% 06/29","15yr",,,,,"51183098.01",,,,,,""
"2021-08-11","'36179RXE4'","MBS","GNMA II MORTPASS 4% 01/46","30yr",,,,,"51073099.29",,,,,,""
"2021-08-11","'3132DV3Q6'","MBS","UMBS MORTPASS 4.5% 08/49","30yr",,,,,"51055429.15",,,,,,""
"2021-08-11","'3138YVFV6'","MBS","UMBS MORTPASS 3% 04/30","15yr",,,,,"51023138.12",,,,,,""
"2021-08-11","'3140QBWJ3'","MBS","UMBS MORTPASS 3% 09/49","30yr",,,,,"51019779.94",,,,,,""
"2021-08-11","'3133KJEY4'","MBS","UMBS MORTPASS 2% 06/50","30yr",,,,,"51001994.59",,,,,,""
"2021-08-11","'3133A6FJ5'","MBS","UMBS MORTPASS 2.5% 06/50","30yr",,,,,"50971575.55",,,,,,""
"2021-08-11","'3133ALL48'","MBS","UMBS MORTPASS 2% 04/51","30yr",,,,,"50936699.18",,,,,,""
"2021-08-11","'3132A9TW7'","MBS","UMBS MORTPASS 3% 08/32","15yr",,,,,"50860526.09",,,,,,""
"2021-08-11","'3140KLSE3'","MBS","UMBS MORTPASS 2% 08/50","30yr",,,,,"50839283.55",,,,,,""
"2021-08-11","'3140L5F84'","MBS","UMBS MORTPASS 2% 03/51","30yr",,,,,"50792487.87",,,,,,""
"2021-08-11","'3133KG3N6'","MBS","UMBS MORTPASS 3% 11/49","30yr",,,,,"50716890.29",,,,,,""
"2021-08-11","'3133AGUW7'","MBS","UMBS MORTPASS 2% 03/51","30yr",,,,,"50701234.8",,,,,,""
"2021-08-11","'3138ER2A7'","MBS","UMBS MORTPASS 3.5% 01/43","30yr",,,,,"50639053.32",,,,,,"Y"
"2021-08-11","'3140L2SR5'","MBS","UMBS MORTPASS 1.5% 02/51","30yr",,,,,"50634437.88",,,,,,""
"2021-08-11","'3140KHRU7'","MBS","UMBS MORTPASS 2% 07/35","15yr",,,,,"50613047.54",,,,,,""
"2021-08-11","'31329QNK3'","MBS","UMBS MORTPASS 4% 04/49","30yr",,,,,"50531520.63",,,,,,""
"2021-08-11","'3140KKLL6'","MBS","UMBS MORTPASS 2.5% 07/50","30yr",,,,,"50517237.86",,,,,,""
"2021-08-11","'3140KYBR4'","MBS","UMBS MORTPASS 2% 04/51","30yr",,,,,"50507863.86",,,,,,""
"2021-08-11","'31329QHR5'","MBS","UMBS MORTPASS 4% 03/49","30yr",,,,,"50436115.55",,,,,,""
"2021-08-11","'31334YGE1'","MBS","UMBS MORTPASS 3% 08/49","30yr",,,,,"50419268.15",,,,,,""
"2021-08-11","'3140L5W44'","MBS","UMBS MORTPASS 2% 04/51","30yr",,,,,"50348935.22",,,,,,""
"2021-08-11","'3140X6R86'","MBS","UMBS MORTPASS 3.5% 09/49","30yr",,,,,"50345161.35",,,,,,""
"2021-08-11","'3138ERVK3'","MBS","UMBS MORTPASS 3.5% 09/45","30yr",,,,,"50320311.68",,,,,,"Y"
"2021-08-11","'3133AM7J9'","MBS","UMBS MORTPASS 2% 06/51","30yr",,,,,"50151190.48",,,,,,""
"2021-08-11","'3132ADXY9'","MBS","UMBS MORTPASS 4.5% 01/49","30yr",,,,,"50148139.78",,,,,,""
"2021-08-11","'3132AECG9'","MBS","UMBS MORTPASS 3% 04/34","15yr",,,,,"50145331.56",,,,,,""
"2021-08-11","'3140KBQK3'","MBS","UMBS MORTPASS 2.5% 05/50","30yr",,,,,"50067057.56",,,,,,""
"2021-08-11","'3132DV3K9'","MBS","UMBS MORTPASS 4.5% 07/49","30yr",,,,,"50038681.09",,,,,,""
"2021-08-11","'3140LQYN4'","MBS","UMBS MORTPASS 2% 05/51","30yr",,,,,"50018355.63",,,,,,""
"2021-08-11","'3140X7ZN2'","MBS","UMBS MORTPASS 2% 09/50","30yr",,,,,"49968566.34",,,,,,""
"2021-08-11","'31418CW26'","MBS","UMBS MORTPASS 3.5% 05/33","15yr",,,,,"49966294.6",,,,,,""
"2021-08-11","'3132DV3V5'","MBS","UMBS MORTPASS 4% 09/49","30yr",,,,,"49964117.51",,,,,,""
"2021-08-11","'3140QHRF4'","MBS","UMBS MORTPASS 2% 12/50","30yr",,,,,"49661941.65",,,,,,""
"2021-08-11","'3133A84T1'","MBS","UMBS MORTPASS 2.5% 08/50","30yr",,,,,"49658598.41",,,,,,""
"2021-08-11","'36202FBJ4'","MBS","GNMA II MORTPASS 5% 09/39","30yr",,,,,"49612511.07",,,,,,""
"2021-08-11","'3131YBQB7'","MBS","UMBS MORTPASS 4% 04/49","30yr",,,,,"49596626.01",,,,,,""
"2021-08-11","'3133KYT58'","MBS","UMBS MORTPASS 2.5% 09/40","Other",,,,,"49557423.08",,,,,,""
"2021-08-11","'31418CZJ6'","MBS","UMBS MORTPASS 4.5% 08/48","30yr",,,,,"49554858.82",,,,,,""
"2021-08-11","'31417EFS5'","MBS","UMBS MORTPASS 2.5% 12/27","15yr",,,,,"49515530.05",,,,,,""
"2021-08-11","'36179UCA8'","MBS","GNMA II 3.5% 09/48","30yr",,,,,"49490976.47",,,,,,""
"2021-08-11","'3140L6LL6'","MBS","UMBS MORTPASS 1.5% 03/36","15yr",,,,,"49486508.96",,,,,,""
"2021-08-11","'36179MK82'","MBS","GNMA II MORTPASS 4% 08/42","30yr",,,,,"49484656.08",,,,,,""
"2021-08-11","'3140LNSL2'","MBS","UMBS MORTPASS 2% 04/51","30yr",,,,,"49472383.61",,,,,,""
"2021-08-11","'3133KHXH4'","MBS","UMBS MORTPASS 2.5% 07/50","30yr",,,,,"49383374.41",,,,,,""
"2021-08-11","'3140L25R0'","MBS","UMBS MORTPASS 2% 03/51","30yr",,,,,"49282358.94",,,,,,""
"2021-08-11","'3140QDAV6'","MBS","UMBS MORTPASS 2.5% 03/50","30yr",,,,,"49175082.89",,,,,,""
"2021-08-11","'3133GDXG0'","MBS","UMBS MORTPASS 1.5% 07/36","15yr",,,,,"49128727",,,,,,""
"2021-08-11","'3128M8WP5'","MBS","FHLMCGLD 4% 07/39","30yr",,,,,"49127082.54",,,,,,"Y"
"2021-08-11","'3622AAEX8'","MBS","GNMA I 5.5% 12/39","30yr",,,,,"49034727.7",,,,,,"Y"
"2021-08-11","'3133ABZU7'","MBS","UMBS MORTPASS 2% 11/50","30yr",,,,,"48898395.03",,,,,,""
"2021-08-11","'31334YFA0'","MBS","UMBS MORTPASS 3.5% 08/49","30yr",,,,,"48832003.77",,,,,,""
"2021-08-11","'3140L0A64'","MBS","UMBS MORTPASS 2% 01/51","30yr",,,,,"48809565.56",,,,,,""
"2021-08-11","'31418CZC1'","MBS","UMBS MORTPASS 3.5% 08/33","15yr",,,,,"48788457.38",,,,,,""
"2021-08-11","'31418DR95'","MBS","UMBS MORTPASS 1.5% 08/35","15yr",,,,,"48787892.12",,,,,,""
"2021-08-11","'36179USS2'","MBS","GNMA II MORTPASS 3% 05/49","30yr",,,,,"48669653.35",,,,,,""
"2021-08-11","'3140KEGF9'","MBS","UMBS MORTPASS 2.5% 07/50","30yr",,,,,"48611050.72",,,,,,""
"2021-08-11","'3140KLRD6'","MBS","UMBS MORTPASS 2.5% 07/50","30yr",,,,,"48527668.45",,,,,,""
"2021-08-11","'3138EGDJ0'","MBS","UMBS MORTPASS 5% 10/37","30yr",,,,,"48483502.96",,,,,,"Y"
"2021-08-11","'3140KYH64'","MBS","UMBS MORTPASS 2% 12/50","30yr",,,,,"48302968.46",,,,,,""
"2021-08-11","'3140QKKE7'","MBS","UMBS MORTPASS 2.5% 04/51","30yr",,,,,"48293102.39",,,,,,""
"2021-08-11","'3132DMJQ9'","MBS","UMBS MORTPASS 3.5% 01/45","30yr",,,,,"48285584.68",,,,,,"Y"
"2021-08-11","'3140KEJ58'","MBS","UMBS MORTPASS 2.5% 08/50","30yr",,,,,"48277089.42",,,,,,""
"2021-08-11","'3133L8B46'","MBS","UMBS MORTPASS 1.5% 03/36","15yr",,,,,"48183412.63",,,,,,""
"2021-08-11","'3140QDL77'","MBS","UMBS MORTPASS 3.5% 02/50","30yr",,,,,"48165407.42",,,,,,""
"2021-08-11","'31418DSS2'","MBS","UMBS MORTPASS 2% 09/40","Other",,,,,"48085246.4",,,,,,""
"2021-08-11","'31334YK97'","MBS","UMBS MORTPASS 3% 08/49","30yr",,,,,"48034555",,,,,,""
"2021-08-11","'31335AYQ5'","MBS","FHLMCGLD 4% 05/44","30yr",,,,,"48018754.4",,,,,,"Y"
"2021-08-11","'3133GCZH8'","MBS","UMBS MORTPASS 2% 05/36","15yr",,,,,"48008733.36",,,,,,""
"2021-08-11","'3140L7NR9'","MBS","UMBS MORTPASS 2% 04/51","30yr",,,,,"47906935.3",,,,,,""
"2021-08-11","'3128METP6'","MBS","FHLMCGLD 3% 02/28","15yr",,,,,"47887416.56",,,,,,"Y"
"2021-08-11","'3132DV3W3'","MBS","UMBS MORTPASS 4.5% 09/49","30yr",,,,,"47755108.21",,,,,,""
"2021-08-11","'3140KMSY7'","MBS","UMBS MORTPASS 2.5% 09/50","30yr",,,,,"47660751.23",,,,,,""
"2021-08-11","'3140X4W93'","MBS","UMBS MORTPASS 4% 12/48","30yr",,,,,"47542758.2",,,,,,""
"2021-08-11","'36179MAY6'","MBS","GNMA II MORTPASS 4% 04/42","30yr",,,,,"47465151.17",,,,,,""
"2021-08-11","'3140QGPL5'","MBS","UMBS MORTPASS 2.5% 01/51","30yr",,,,,"47459499.03",,,,,,""
"2021-08-11","'3140KG6T5'","MBS","UMBS MORTPASS 2.5% 08/50","30yr",,,,,"47455385.14",,,,,,""
"2021-08-11","'3140JM5B4'","MBS","UMBS MORTPASS 4.5% 03/49","30yr",,,,,"47398059.98",,,,,,""
"2021-08-11","'31418CV92'","MBS","UMBS MORTPASS 3% 04/33","15yr",,,,,"47396982.39",,,,,,""
"2021-08-11","'3140X56E8'","MBS","UMBS MORTPASS 4% 11/48","30yr",,,,,"47392662.78",,,,,,""
"2021-08-11","'31418DGZ9'","MBS","UMBS MORTPASS 4.5% 10/49","30yr",,,,,"47344523.66",,,,,,""
"2021-08-11","'31335A2L1'","MBS","FHLMCGLD 4% 06/42","30yr",,,,,"47317095.36",,,,,,"Y"
"2021-08-11","'36202FQ66'","MBS","GNMA II MORTPASS 4% 03/41","30yr",,,,,"47277182.38",,,,,,""
"2021-08-11","'31339SPM1'","MBS","UMBS MORTPASS 2.5% 10/49","30yr",,,,,"47253593.62",,,,,,""
"2021-08-11","'3140X6ZG9'","MBS","UMBS MORTPASS 3% 06/50","30yr",,,,,"47214468.95",,,,,,""
"2021-08-11","'31418DC91'","MBS","UMBS MORTPASS 3% 07/34","15yr",,,,,"47173800.62",,,,,,""
"2021-08-11","'3138EGWN0'","MBS","UMBS MORTPASS 5% 10/39","30yr",,,,,"47112025.5",,,,,,"Y"
"2021-08-11","'3140L3GJ4'","MBS","UMBS MORTPASS 1.5% 03/36","15yr",,,,,"47037678.95",,,,,,""
"2021-08-11","'36202E5F2'","MBS","GNMA II 4.5% 05/39","30yr",,,,,"47018261.14",,,,,,""
"2021-08-11","'3132CWLK8'","MBS","UMBS MORTPASS 2% 05/35","15yr",,,,,"46953864.79",,,,,,""
"2021-08-11","'3140KFGG4'","MBS","UMBS MORTPASS 2% 10/50","30yr",,,,,"46905211.91",,,,,,""
"2021-08-11","'3133AAH96'","MBS","UMBS MORTPASS 2% 09/50","30yr",,,,,"46882714.99",,,,,,""
"2021-08-11","'3133AKJA9'","MBS","UMBS MORTPASS 1.5% 04/51","30yr",,,,,"46833731.68",,,,,,""
"2021-08-11","'3140LNFX0'","MBS","UMBS MORTPASS 2% 04/51","30yr",,,,,"46831861.54",,,,,,""
"2021-08-11","'3133AND84'","MBS","UMBS MORTPASS 2.5% 07/51","30yr",,,,,"46813852.98",,,,,,""
"2021-08-11","'3140QCCC8'","MBS","UMBS MORTPASS 3.5% 08/49","30yr",,,,,"46782869.39",,,,,,""
"2021-08-11","'3140KENR5'","MBS","UMBS MORTPASS 1.5% 09/50","30yr",,,,,"46741319.96",,,,,,""
"2021-08-11","'3138EQLV2'","MBS","UMBS MORTPASS 3.5% 07/29","15yr",,,,,"46737110.27",,,,,,"Y"
"2021-08-11","'3140X5NG4'","MBS","UMBS MORTPASS 3.5% 02/49","30yr",,,,,"46728262.45",,,,,,""
"2021-08-11","'3133AFRC7'","MBS","UMBS MORTPASS 1.5% 02/51","30yr",,,,,"46603083.54",,,,,,""
"2021-08-11","'3132DV5L5'","MBS","UMBS MORTPASS 3.5% 03/50","30yr",,,,,"46598502.8",,,,,,""
"2021-08-11","'36179MC24'","MBS","GNMA II MORTPASS 4% 05/42","30yr",,,,,"46488095.7",,,,,,""
"2021-08-11","'3140K14K9'","MBS","UMBS MORTPASS 3% 12/49","30yr",,,,,"46466269.01",,,,,,""
"2021-08-11","'3140KBMN1'","MBS","UMBS MORTPASS 3% 04/50","30yr",,,,,"46418968.13",,,,,,""
"2021-08-11","'3140HNN57'","MBS","UMBS MORTPASS 2% 01/36","15yr",,,,,"46268709.94",,,,,,""
"2021-08-11","'3133A4EA0'","MBS","UMBS MORTPASS 2.5% 04/50","30yr",,,,,"46239893.01",,,,,,""
"2021-08-11","'3133AJLS0'","MBS","UMBS MORTPASS 2% 04/51","30yr",,,,,"46229367.19",,,,,,""
"2021-08-11","'3140JPPA7'","MBS","UMBS MORTPASS 4.5% 06/49","30yr",,,,,"46196002.58",,,,,,""
"2021-08-11","'3140L46E4'","MBS","UMBS MORTPASS 2% 03/36","15yr",,,,,"46190398.14",,,,,,""
"2021-08-11","'3132DMJP1'","MBS","UMBS MORTPASS 3.5% 01/45","30yr",,,,,"46123588.49",,,,,,"Y"
"2021-08-11","'31417DRK1'","MBS","UMBS MORTPASS 2.5% 11/27","15yr",,,,,"46107142.37",,,,,,""
"2021-08-11","'3128MMXK4'","MBS","FHLMCGLD 3% 03/33","15yr",,,,,"46079715.56",,,,,,""
"2021-08-11","'3140X5XL2'","MBS","UMBS MORTPASS 3% 02/50","30yr",,,,,"46070631.03",,,,,,""
"2021-08-11","'3140LQT67'","MBS","UMBS MORTPASS 2% 06/51","30yr",,,,,"46032889.33",,,,,,""
"2021-08-11","'3140JXRK6'","MBS","UMBS MORTPASS 3% 10/49","30yr",,,,,"46016029.42",,,,,,""
"2021-08-11","'31329QNW7'","MBS","UMBS MORTPASS 3.5% 04/49","30yr",,,,,"45940455.67",,,,,,""
"2021-08-11","'31335ALR7'","MBS","FHLMCGLD 4.5% 03/42","30yr",,,,,"45920673.55",,,,,,"Y"
"2021-08-11","'3140K46C9'","MBS","UMBS MORTPASS 3% 01/50","30yr",,,,,"45802116.73",,,,,,""
"2021-08-11","'3133APAH2'","MBS","UMBS MORTPASS 2% 07/51","30yr",,,,,"45736436",,,,,,""
"2021-08-11","'3133ADSU1'","MBS","UMBS MORTPASS 1.5% 12/50","30yr",,,,,"45611405.06",,,,,,""
"2021-08-11","'3133AJ2S1'","MBS","UMBS MORTPASS 1.5% 04/51","30yr",,,,,"45609516.54",,,,,,""
"2021-08-11","'3133ALN87'","MBS","UMBS MORTPASS 2.5% 05/51","30yr",,,,,"45577456.3",,,,,,""
"2021-08-11","'3133AK4V9'","MBS","UMBS MORTPASS 2% 05/51","30yr",,,,,"45529943.35",,,,,,""
"2021-08-11","'3133ANQU1'","MBS","UMBS MORTPASS 2% 07/51","30yr",,,,,"45521076",,,,,,""
"2021-08-11","'3128MF2J6'","MBS","FHLMCGLD 2.5% 10/28","15yr",,,,,"45512094.65",,,,,,"Y"
"2021-08-11","'36179NF86'","MBS","GNMA II MORTPASS 4% 06/43","30yr",,,,,"45496639.66",,,,,,""
"2021-08-11","'3133G9CA5'","MBS","UMBS MORTPASS 2% 07/35","15yr",,,,,"45477728.56",,,,,,""
"2021-08-11","'3132DMJX4'","MBS","UMBS MORTPASS 4% 01/45","30yr",,,,,"45475205.34",,,,,,"Y"
"2021-08-11","'3132A5JQ9'","MBS","UMBS MORTPASS 3.5% 06/48","30yr",,,,,"45443592.78",,,,,,""
"2021-08-11","'3133A4NN2'","MBS","UMBS MORTPASS 2.5% 05/50","30yr",,,,,"45407899.7",,,,,,""
"2021-08-11","'3140KCHJ4'","MBS","UMBS MORTPASS 3% 04/50","30yr",,,,,"45382789.49",,,,,,""
"2021-08-11","'3140X83K1'","MBS","UMBS MORTPASS 2% 12/50","30yr",,,,,"45370475.53",,,,,,""
"2021-08-11","'3133GDFR6'","MBS","UMBS MORTPASS 1.5% 06/36","15yr",,,,,"45349515.72",,,,,,""
"2021-08-11","'3140KGK69'","MBS","UMBS MORTPASS 2.5% 08/50","30yr",,,,,"45268870.78",,,,,,""
"2021-08-11","'31418DDB5'","MBS","UMBS MORTPASS 3% 07/39","Other",,,,,"45252093.26",,,,,,""
"2021-08-11","'3140KRRD3'","MBS","UMBS MORTPASS 2.5% 11/50","30yr",,,,,"45223788.95",,,,,,""
"2021-08-11","'36202FZY5'","MBS","GNMA II MORTPASS 4% 12/41","30yr",,,,,"45223360.72",,,,,,""
"2021-08-11","'3140LNSM0'","MBS","UMBS MORTPASS 2% 05/51","30yr",,,,,"45093375.4",,,,,,""
"2021-08-11","'31418CZ49'","MBS","UMBS MORTPASS 3.5% 09/33","15yr",,,,,"45047476.67",,,,,,""
"2021-08-11","'3140LPKR2'","MBS","UMBS MORTPASS 2% 07/51","30yr",,,,,"45022334.98",,,,,,""
"2021-08-11","'3140KLQX3'","MBS","UMBS MORTPASS 2.5% 09/50","30yr",,,,,"44971151.29",,,,,,""
"2021-08-11","'3140KQRC7'","MBS","UMBS MORTPASS 2.5% 10/50","30yr",,,,,"44922133.61",,,,,,""
"2021-08-11","'3140KGSG9'","MBS","UMBS MORTPASS 2.5% 06/50","30yr",,,,,"44919906.33",,,,,,""
"2021-08-11","'3140QDBY9'","MBS","UMBS MORTPASS 2.5% 12/49","30yr",,,,,"44835745.35",,,,,,""
"2021-08-11","'3140KCRX2'","MBS","UMBS MORTPASS 2.5% 05/50","30yr",,,,,"44811164.92",,,,,,""
"2021-08-11","'3133L8AN5'","MBS","UMBS MORTPASS 1.5% 02/36","15yr",,,,,"44779491.44",,,,,,""
"2021-08-11","'3140LUM24'","MBS","UMBS MORTPASS 1.5% 07/36","15yr",,,,,"44709296",,,,,,""
"2021-08-11","'3133AG6B0'","MBS","UMBS MORTPASS 1.5% 03/51","30yr",,,,,"44535855.96",,,,,,""
"2021-08-11","'3140X6PW5'","MBS","UMBS MORTPASS 3% 04/50","30yr",,,,,"44413426.41",,,,,,""
"2021-08-11","'36179NA99'","MBS","GNMA II 2.5% 04/43","30yr",,,,,"44376014.03",,,,,,""
"2021-08-11","'3140K0W79'","MBS","UMBS MORTPASS 3% 11/49","30yr",,,,,"44259095.58",,,,,,""
"2021-08-11","'3140L4WK1'","MBS","UMBS MORTPASS 2% 03/51","30yr",,,,,"44146821.26",,,,,,""
"2021-08-11","'3133A0DX9'","MBS","UMBS MORTPASS 3% 12/49","30yr",,,,,"44113207.62",,,,,,""
"2021-08-11","'3128M8V50'","MBS","FHLMCGLD 5.5% 04/39","30yr",,,,,"44105943.22",,,,,,"Y"
"2021-08-11","'3140LNSG3'","MBS","UMBS MORTPASS 1.5% 05/51","30yr",,,,,"44063844.58",,,,,,""
"2021-08-11","'31335CJG0'","MBS","FHLMCGLD 4.5% 05/46","30yr",,,,,"44053706.38",,,,,,"Y"
"2021-08-11","'3128MJ2R0'","MBS","FHLMCGLD 3% 10/47","30yr",,,,,"44006723.38",,,,,,""
"2021-08-11","'3140KDA67'","MBS","UMBS MORTPASS 3% 06/50","30yr",,,,,"44004591.27",,,,,,""
"2021-08-11","'3140QDDH4'","MBS","UMBS MORTPASS 2.5% 04/50","30yr",,,,,"43893190.65",,,,,,""
"2021-08-11","'31339SAJ4'","MBS","UMBS MORTPASS 3% 09/49","30yr",,,,,"43735630.59",,,,,,""
"2021-08-11","'3140QBZY7'","MBS","UMBS MORTPASS 3.5% 07/49","30yr",,,,,"43712646.35",,,,,,""
"2021-08-11","'3140JPKP9'","MBS","UMBS MORTPASS 4.5% 05/49","30yr",,,,,"43610033.51",,,,,,""
"2021-08-11","'3132A9VC8'","MBS","UMBS MORTPASS 3.5% 08/33","15yr",,,,,"43590016.49",,,,,,""
"2021-08-11","'3140Q85S0'","MBS","UMBS MORTPASS 3% 12/47","30yr",,,,,"43550618.99",,,,,,""
"2021-08-11","'3133A6J44'","MBS","UMBS MORTPASS 2.5% 06/50","30yr",,,,,"43535683.39",,,,,,""
"2021-08-11","'3133AJBN2'","MBS","UMBS MORTPASS 2% 03/51","30yr",,,,,"43426015.73",,,,,,""
"2021-08-11","'3140HNBW1'","MBS","UMBS MORTPASS 2.5% 10/50","30yr",,,,,"43367030.89",,,,,,""
"2021-08-11","'3133AJYL1'","MBS","UMBS MORTPASS 2% 04/51","30yr",,,,,"43276565.03",,,,,,""
"2021-08-11","'3140QBF45'","MBS","UMBS MORTPASS 3% 07/49","30yr",,,,,"43194751.95",,,,,,""
"2021-08-11","'3140X4XK7'","MBS","UMBS MORTPASS 2.5% 02/26","Other",,,,,"43151488.47",,,,,,""
"2021-08-11","'3131Y2FK9'","MBS","UMBS MORTPASS 4% 07/48","30yr",,,,,"43134024.97",,,,,,""
"2021-08-11","'3140LNZ42'","MBS","UMBS MORTPASS 2.5% 06/51","30yr",,,,,"43126275.88",,,,,,""
"2021-08-11","'31418DHE5'","MBS","UMBS MORTPASS 3% 11/34","15yr",,,,,"43124848.22",,,,,,""
"2021-08-11","'3140QAXT2'","MBS","UMBS MORTPASS 4% 04/49","30yr",,,,,"43102244.81",,,,,,""
"2021-08-11","'3132DV5S0'","MBS","UMBS MORTPASS 3.5% 04/50","30yr",,,,,"43055849.22",,,,,,""
"2021-08-11","'3131Y0US9'","MBS","UMBS MORTPASS 3.5% 04/48","30yr",,,,,"43048623.89",,,,,,""
"2021-08-11","'3138EQKD3'","MBS","UMBS MORTPASS 3.5% 02/27","15yr",,,,,"42955012.76",,,,,,"Y"
"2021-08-11","'3128M8YE8'","MBS","FHLMCGLD 4.5% 04/39","30yr",,,,,"42923070.24",,,,,,"Y"
"2021-08-11","'3140KBMM3'","MBS","UMBS MORTPASS 2.5% 04/50","30yr",,,,,"42916468.7",,,,,,""
"2021-08-11","'3140L7TP7'","MBS","UMBS MORTPASS 2% 04/51","30yr",,,,,"42913283.1",,,,,,""
"2021-08-11","'3140KAFG6'","MBS","UMBS MORTPASS 3% 03/50","30yr",,,,,"42798958.15",,,,,,""
"2021-08-11","'3140QAXX3'","MBS","UMBS MORTPASS 4.5% 04/49","30yr",,,,,"42788738.26",,,,,,""
"2021-08-11","'3128MEM32'","MBS","FHLMCGLD 3.5% 11/28","15yr",,,,,"42783937.09",,,,,,"Y"
"2021-08-11","'3140L8JU5'","MBS","UMBS MORTPASS 2% 04/51","30yr",,,,,"42771935.92",,,,,,""
"2021-08-11","'3140L8HQ6'","MBS","UMBS MORTPASS 1.5% 05/36","15yr",,,,,"42726241.57",,,,,,""
"2021-08-11","'3140QD6R0'","MBS","UMBS MORTPASS 2.5% 07/45","30yr",,,,,"42647273.71",,,,,,""
"2021-08-11","'3140J7YK5'","MBS","UMBS MORTPASS 4% 09/45","30yr",,,,,"42574928.94",,,,,,"Y"
"2021-08-11","'3140L6LK8'","MBS","UMBS MORTPASS 2% 03/36","15yr",,,,,"42535652.09",,,,,,""
"2021-08-11","'3132A75C1'","MBS","UMBS MORTPASS 2% 08/28","15yr",,,,,"42530146.55",,,,,,""
"2021-08-11","'3133AKXD7'","MBS","UMBS MORTPASS 2% 05/51","30yr",,,,,"42445016.8",,,,,,""
"2021-08-11","'3133A6ZA2'","MBS","UMBS MORTPASS 2.5% 06/50","30yr",,,,,"42440896.98",,,,,,""
"2021-08-11","'3140X83Y1'","MBS","UMBS MORTPASS 2.5% 12/50","30yr",,,,,"42371423.12",,,,,,""
"2021-08-11","'3128MMWU3'","MBS","FHLMCGLD 2.5% 09/32","15yr",,,,,"42356701.51",,,,,,""
"2021-08-11","'3132A5H32'","MBS","UMBS MORTPASS 3% 01/48","30yr",,,,,"42318806.93",,,,,,""
"2021-08-11","'3133KJM25'","MBS","UMBS MORTPASS 2.5% 07/50","30yr",,,,,"42274371.14",,,,,,""
"2021-08-11","'3131YDJ96'","MBS","UMBS MORTPASS 3.5% 03/49","30yr",,,,,"42272873.53",,,,,,""
"2021-08-11","'3133A6PC9'","MBS","UMBS MORTPASS 2.5% 06/50","30yr",,,,,"42244878.86",,,,,,""
"2021-08-11","'3133A4RB4'","MBS","UMBS MORTPASS 2.5% 05/50","30yr",,,,,"42237346.17",,,,,,""
"2021-08-11","'3140Q9SE4'","MBS","UMBS MORTPASS 4% 07/48","30yr",,,,,"42227828.72",,,,,,""
"2021-08-11","'3131XYYC7'","MBS","UMBS MORTPASS 3.5% 12/47","30yr",,,,,"42217489.09",,,,,,""
"2021-08-11","'3140KLRG9'","MBS","UMBS MORTPASS 2.5% 08/50","30yr",,,,,"42129812.78",,,,,,""
"2021-08-11","'3131YC5L6'","MBS","UMBS MORTPASS 3.5% 05/49","30yr",,,,,"42098618.47",,,,,,""
"2021-08-11","'3140L3ME8'","MBS","UMBS MORTPASS 2% 03/51","30yr",,,,,"42089496.88",,,,,,""
"2021-08-11","'3133ABNW6'","MBS","UMBS MORTPASS 1.5% 11/50","30yr",,,,,"42083055.21",,,,,,""
"2021-08-11","'3140J52P3'","MBS","UMBS MORTPASS 3% 09/31","15yr",,,,,"42081560.32",,,,,,"Y"
"2021-08-11","'3140LRQP6'","MBS","UMBS MORTPASS 2% 05/51","30yr",,,,,"42066315.68",,,,,,""
"2021-08-11","'31334Y4S3'","MBS","UMBS MORTPASS 3% 09/49","30yr",,,,,"42052318.87",,,,,,""
"2021-08-11","'3140X8Q42'","MBS","UMBS MORTPASS 2.5% 11/50","30yr",,,,,"42020884.38",,,,,,""
"2021-08-11","'3131Y2SL3'","MBS","UMBS MORTPASS 4% 08/48","30yr",,,,,"41947659.31",,,,,,""
"2021-08-11","'3133GCWK4'","MBS","UMBS MORTPASS 1.5% 05/36","15yr",,,,,"41833324.07",,,,,,""
"2021-08-11","'3131XXLS8'","MBS","UMBS MORTPASS 3.5% 08/47","30yr",,,,,"41823424.9",,,,,,""
"2021-08-11","'3140LNZ26'","MBS","UMBS MORTPASS 2% 06/51","30yr",,,,,"41775408.11",,,,,,""
"2021-08-11","'3140LSN51'","MBS","UMBS MORTPASS 2.5% 06/51","30yr",,,,,"41717640.1",,,,,,""
"2021-08-11","'3140QLC38'","MBS","UMBS MORTPASS 1.5% 07/36","15yr",,,,,"41667153.36",,,,,,""
"2021-08-11","'31329PTD5'","MBS","UMBS MORTPASS 4.5% 11/48","30yr",,,,,"41652786.13",,,,,,""
"2021-08-11","'3133AFL25'","MBS","UMBS MORTPASS 2% 02/51","30yr",,,,,"41588966.16",,,,,,""
"2021-08-11","'3133A06H2'","MBS","UMBS MORTPASS 3% 01/50","30yr",,,,,"41550814.17",,,,,,""
"2021-08-11","'3140X8A80'","MBS","UMBS MORTPASS 2.5% 10/50","30yr",,,,,"41535967.06",,,,,,""
"2021-08-11","'3138EQ2S0'","MBS","UMBS MORTPASS 3.5% 01/29","15yr",,,,,"41468872.67",,,,,,"Y"
"2021-08-11","'3140LTQM9'","MBS","UMBS MORTPASS 2.5% 07/51","30yr",,,,,"41312175",,,,,,""
"2021-08-11","'3140KKKY9'","MBS","UMBS MORTPASS 2% 07/35","15yr",,,,,"41296135.6",,,,,,""
"2021-08-11","'3140KCDG4'","MBS","UMBS MORTPASS 2.5% 04/50","30yr",,,,,"41282766.8",,,,,,""
"2021-08-11","'3140KCDC3'","MBS","UMBS MORTPASS 3% 04/50","30yr",,,,,"41270071.58",,,,,,""
"2021-08-11","'3140QATN0'","MBS","UMBS MORTPASS 3.5% 03/49","30yr",,,,,"41213278.6",,,,,,""
"2021-08-11","'3133A6YH8'","MBS","UMBS MORTPASS 2.5% 06/50","30yr",,,,,"41205469.78",,,,,,""
"2021-08-11","'3140KESF6'","MBS","UMBS MORTPASS 2.5% 05/50","30yr",,,,,"41085271.86",,,,,,""
"2021-08-11","'3140K0YK8'","MBS","UMBS MORTPASS 3% 01/50","30yr",,,,,"41036380.38",,,,,,""
"2021-08-11","'3140JABQ0'","MBS","UMBS MORTPASS 3.5% 02/49","30yr",,,,,"40948745.92",,,,,,""
"2021-08-11","'3140KQFH9'","MBS","UMBS MORTPASS 1.5% 11/35","15yr",,,,,"40931336.49",,,,,,""
"2021-08-11","'3140X8WV5'","MBS","UMBS MORTPASS 2.5% 12/50","30yr",,,,,"40915015.05",,,,,,""
"2021-08-11","'3128MMWY5'","MBS","FHLMCGLD 2.5% 10/32","15yr",,,,,"40861195.96",,,,,,""
"2021-08-11","'3140QEBH4'","MBS","UMBS MORTPASS 2.5% 07/50","30yr",,,,,"40819103.74",,,,,,""
"2021-08-11","'3133KJVV1'","MBS","UMBS MORTPASS 2% 08/50","30yr",,,,,"40744936.76",,,,,,""
"2021-08-11","'3133GAGE0'","MBS","UMBS MORTPASS 2% 10/35","15yr",,,,,"40736394.28",,,,,,""
"2021-08-11","'3133AK2Q2'","MBS","UMBS MORTPASS 1.5% 05/51","30yr",,,,,"40698215.26",,,,,,""
"2021-08-11","'3133A9XV2'","MBS","UMBS MORTPASS 2.5% 09/50","30yr",,,,,"40665401.7",,,,,,""
"2021-08-11","'31418DUA8'","MBS","UMBS MORTPASS 2% 11/40","Other",,,,,"40543234.71",,,,,,""
"2021-08-11","'3128M8JL9'","MBS","FHLMCGLD 5% 07/39","30yr",,,,,"40502513.62",,,,,,"Y"
"2021-08-11","'3140QEAF9'","MBS","UMBS MORTPASS 2.5% 07/50","30yr",,,,,"40478757.62",,,,,,""
"2021-08-11","'3140QETE2'","MBS","UMBS MORTPASS 2.5% 08/35","15yr",,,,,"40455515.24",,,,,,""
"2021-08-11","'3140KLWN8'","MBS","UMBS MORTPASS 2.5% 09/50","30yr",,,,,"40243677.49",,,,,,""
"2021-08-11","'3132DMD51'","MBS","UMBS MORTPASS 3% 10/49","30yr",,,,,"40243149.74",,,,,,""
"2021-08-11","'3132ADY51'","MBS","UMBS MORTPASS 3% 12/48","30yr",,,,,"40242875.57",,,,,,""
"2021-08-11","'3132A9UF2'","MBS","UMBS MORTPASS 3% 01/33","15yr",,,,,"40230917.24",,,,,,""
"2021-08-11","'3140QCW44'","MBS","UMBS MORTPASS 3.5% 11/49","30yr",,,,,"40216750.57",,,,,,""
"2021-08-11","'3140L4WL9'","MBS","UMBS MORTPASS 2% 02/51","30yr",,,,,"40216742.04",,,,,,""
"2021-08-11","'3140X7VA4'","MBS","UMBS MORTPASS 2% 08/35","15yr",,,,,"40177193.57",,,,,,""
"2021-08-11","'3140KULQ3'","MBS","UMBS MORTPASS 2.5% 12/50","30yr",,,,,"40132338.5",,,,,,""
"2021-08-11","'3138ET6K7'","MBS","UMBS MORTPASS 2.5% 09/31","15yr",,,,,"40130644.77",,,,,,""
"2021-08-11","'3140QDP24'","MBS","UMBS MORTPASS 2.5% 10/49","30yr",,,,,"40112882.52",,,,,,""
"2021-08-11","'3140KLXK3'","MBS","UMBS MORTPASS 2.5% 09/50","30yr",,,,,"40103988.55",,,,,,""
"2021-08-11","'3133GAS80'","MBS","UMBS MORTPASS 2% 11/35","15yr",,,,,"40009195.88",,,,,,""
"2021-08-11","'3133GDLD0'","MBS","UMBS MORTPASS 1.5% 06/36","15yr",,,,,"40002453.39",,,,,,""
"2021-08-11","'3140XAUN0'","MBS","UMBS MORTPASS 2.5% 04/51","30yr",,,,,"39982067.55",,,,,,""
"2021-08-11","'3131YBEH7'","MBS","UMBS MORTPASS 3% 10/48","30yr",,,,,"39968696.27",,,,,,""
"2021-08-11","'3140L8ZY9'","MBS","UMBS MORTPASS 2% 04/51","30yr",,,,,"39922007.23",,,,,,""
"2021-08-11","'3133G9SA8'","MBS","UMBS MORTPASS 2% 08/35","15yr",,,,,"39905114.41",,,,,,""
"2021-08-11","'3133KK5L9'","MBS","UMBS MORTPASS 1.5% 01/51","30yr",,,,,"39859285.78",,,,,,""
"2021-08-11","'3133A6QD6'","MBS","UMBS MORTPASS 2.5% 06/50","30yr",,,,,"39858384.91",,,,,,""
"2021-08-11","'3128MEM57'","MBS","FHLMCGLD 3.5% 10/26","15yr",,,,,"39815561.39",,,,,,"Y"
"2021-08-11","'3140KANQ5'","MBS","UMBS MORTPASS 3% 03/50","30yr",,,,,"39754290.1",,,,,,""
"2021-08-11","'36202FKM7'","MBS","GNMA II MORTPASS 4% 09/40","30yr",,,,,"39714896.93",,,,,,""
"2021-08-11","'3140KBN91'","MBS","UMBS MORTPASS 3% 03/50","30yr",,,,,"39628114.6",,,,,,""
"2021-08-11","'3140X4WE2'","MBS","UMBS MORTPASS 4.5% 08/49","30yr",,,,,"39586943.75",,,,,,""
"2021-08-11","'36179TZ32'","MBS","GNMA II MORTPASS 3% 06/48","30yr",,,,,"39505035.73",,,,,,""
"2021-08-11","'3140LQVR8'","MBS","UMBS MORTPASS 2% 07/51","30yr",,,,,"39476368",,,,,,""
"2021-08-11","'3140KGR62'","MBS","UMBS MORTPASS 2.5% 06/50","30yr",,,,,"39461537.12",,,,,,""
"2021-08-11","'3140KVTT7'","MBS","UMBS MORTPASS 2% 12/50","30yr",,,,,"39422674.92",,,,,,""
"2021-08-11","'3140QBTG3'","MBS","UMBS MORTPASS 3% 09/49","30yr",,,,,"39388657.23",,,,,,""
"2021-08-11","'3140KG7H0'","MBS","UMBS MORTPASS 2% 08/35","15yr",,,,,"39379021.92",,,,,,""
"2021-08-11","'3140X9TU9'","MBS","UMBS MORTPASS 2% 02/51","30yr",,,,,"39370679.5",,,,,,""
"2021-08-11","'3133A9H32'","MBS","UMBS MORTPASS 2.5% 09/50","30yr",,,,,"39343873.58",,,,,,""
"2021-08-11","'3133A4VZ6'","MBS","UMBS MORTPASS 2.5% 05/50","30yr",,,,,"39268005.29",,,,,,""
"2021-08-11","'3133A5CT8'","MBS","UMBS MORTPASS 2.5% 05/50","30yr",,,,,"39223911.39",,,,,,""
"2021-08-11","'36179TZ40'","MBS","GNMA II 3.5% 06/48","30yr",,,,,"39190191.23",,,,,,""
"2021-08-11","'3133KMH81'","MBS","UMBS MORTPASS 2.5% 05/51","30yr",,,,,"39134907",,,,,,""
"2021-08-11","'3140KAC79'","MBS","UMBS MORTPASS 2.5% 05/50","30yr",,,,,"39107820.49",,,,,,""
"2021-08-11","'3133A6CH2'","MBS","UMBS MORTPASS 2.5% 06/50","30yr",,,,,"39104320.26",,,,,,""
"2021-08-11","'31335A2J6'","MBS","FHLMCGLD 4.5% 03/42","30yr",,,,,"39068212.01",,,,,,"Y"
"2021-08-11","'3140L46D6'","MBS","UMBS MORTPASS 1.5% 03/36","15yr",,,,,"39063187.82",,,,,,""
"2021-08-11","'3140L6AU8'","MBS","UMBS MORTPASS 2% 04/51","30yr",,,,,"39060753.97",,,,,,""
"2021-08-11","'3133A8SV0'","MBS","UMBS MORTPASS 2.5% 08/50","30yr",,,,,"39053558.86",,,,,,""
"2021-08-11","'3140KMRL6'","MBS","UMBS MORTPASS 2% 08/35","15yr",,,,,"39020840",,,,,,""
"2021-08-11","'3132CWBF0'","MBS","UMBS MORTPASS 2.5% 02/32","15yr",,,,,"38964068.87",,,,,,""
"2021-08-11","'3131X7HX9'","MBS","UMBS MORTPASS 3% 01/27","15yr",,,,,"38927009.46",,,,,,""
"2021-08-11","'3140KCN32'","MBS","UMBS MORTPASS 3% 04/50","30yr",,,,,"38900611.4",,,,,,""
"2021-08-11","'3133ABXX3'","MBS","UMBS MORTPASS 2% 11/50","30yr",,,,,"38776242.16",,,,,,""
"2021-08-11","'3140KDT59'","MBS","UMBS MORTPASS 2.5% 05/50","30yr",,,,,"38674047.42",,,,,,""
"2021-08-11","'3140LSNF9'","MBS","UMBS MORTPASS 1.5% 06/36","15yr",,,,,"38608027.07",,,,,,""
"2021-08-11","'36179VKJ8'","MBS","GNMA II MORTPASS 2% 04/50","30yr",,,,,"38605865.9",,,,,,""
"2021-08-11","'3133KLL88'","MBS","UMBS MORTPASS 1.5% 01/51","30yr",,,,,"38588464.78",,,,,,""
"2021-08-11","'3133KKC72'","MBS","UMBS MORTPASS 2% 09/50","30yr",,,,,"38576240.19",,,,,,""
"2021-08-11","'3140XAG97'","MBS","UMBS MORTPASS 2.5% 03/51","30yr",,,,,"38556394.1",,,,,,""
"2021-08-11","'31418C3C6'","MBS","UMBS MORTPASS 3.5% 10/48","30yr",,,,,"38556149.05",,,,,,""
"2021-08-11","'3133A8FT9'","MBS","UMBS MORTPASS 2.5% 08/50","30yr",,,,,"38512455.41",,,,,,""
"2021-08-11","'3140QCPG5'","MBS","UMBS MORTPASS 3% 10/34","15yr",,,,,"38455552.01",,,,,,""
"2021-08-11","'3140KTFA8'","MBS","UMBS MORTPASS 2.5% 11/50","30yr",,,,,"38357548.61",,,,,,""
"2021-08-11","'3140X6B91'","MBS","UMBS MORTPASS 2.5% 05/28","15yr",,,,,"38240996.43",,,,,,""
"2021-08-11","'3140X4PP5'","MBS","UMBS MORTPASS 3% 07/49","30yr",,,,,"38216460.62",,,,,,""
"2021-08-11","'3133USGW5'","MBS","UMBS MORTPASS 2% 10/50","30yr",,,,,"38211077.38",,,,,,""
"2021-08-11","'3133ACZD3'","MBS","UMBS MORTPASS 2% 11/50","30yr",,,,,"38135928.74",,,,,,""
"2021-08-11","'3133AC4Q8'","MBS","UMBS MORTPASS 2.5% 12/50","30yr",,,,,"38045357.14",,,,,,""
"2021-08-11","'3140L6AP9'","MBS","UMBS MORTPASS 2% 04/51","30yr",,,,,"38015244.94",,,,,,""
"2021-08-11","'3140K5E29'","MBS","UMBS MORTPASS 3% 03/50","30yr",,,,,"37996088.85",,,,,,""
"2021-08-11","'3133AMX84'","MBS","UMBS MORTPASS 2% 06/51","30yr",,,,,"37964341.98",,,,,,""
"2021-08-11","'31339S5N1'","MBS","UMBS MORTPASS 3% 10/49","30yr",,,,,"37949270.74",,,,,,""
"2021-08-11","'3140K5G35'","MBS","UMBS MORTPASS 3% 12/49","30yr",,,,,"37913835.11",,,,,,""
"2021-08-11","'36202FCN4'","MBS","GNMA II 4.5% 11/39","30yr",,,,,"37902787.16",,,,,,""
"2021-08-11","'3140KULS9'","MBS","UMBS MORTPASS 2.5% 12/50","30yr",,,,,"37871083.64",,,,,,""
"2021-08-11","'3140X7MM8'","MBS","UMBS MORTPASS 2.5% 08/50","30yr",,,,,"37868460.78",,,,,,""
"2021-08-11","'3133AJV91'","MBS","UMBS MORTPASS 1.5% 04/51","30yr",,,,,"37856462.55",,,,,,""
"2021-08-11","'3133A4TH9'","MBS","UMBS MORTPASS 2.5% 05/50","30yr",,,,,"37820359.67",,,,,,""
"2021-08-11","'3133AGSM2'","MBS","UMBS MORTPASS 2% 03/51","30yr",,,,,"37818319.99",,,,,,""
"2021-08-11","'3140KEFS2'","MBS","UMBS MORTPASS 2.5% 07/50","30yr",,,,,"37790624.03",,,,,,""
"2021-08-11","'3133L8CM5'","MBS","UMBS MORTPASS 1.5% 03/36","15yr",,,,,"37772341.38",,,,,,""
"2021-08-11","'3133A2MQ0'","MBS","UMBS MORTPASS 3% 03/50","30yr",,,,,"37755238.74",,,,,,""
"2021-08-11","'3140KDMC1'","MBS","UMBS MORTPASS 2.5% 06/50","30yr",,,,,"37742370.92",,,,,,""
"2021-08-11","'3128MF2A5'","MBS","FHLMCGLD 2% 04/28","15yr",,,,,"37667658.88",,,,,,"Y"
"2021-08-11","'3140KG3P6'","MBS","UMBS MORTPASS 2.5% 07/50","30yr",,,,,"37642670.06",,,,,,""
"2021-08-11","'3133AKPT1'","MBS","UMBS MORTPASS 2% 05/51","30yr",,,,,"37609488.25",,,,,,""
"2021-08-11","'3140KAMY9'","MBS","UMBS MORTPASS 3% 03/50","30yr",,,,,"37504285.22",,,,,,""
"2021-08-11","'3133AMSJ6'","MBS","UMBS MORTPASS 2% 06/51","30yr",,,,,"37414644.33",,,,,,""
"2021-08-11","'3133KK4B2'","MBS","UMBS MORTPASS 2.5% 01/51","30yr",,,,,"37414483.57",,,,,,""
"2021-08-11","'3138EGPM0'","MBS","UMBS MORTPASS 4.5% 04/40","30yr",,,,,"37413044.43",,,,,,"Y"
"2021-08-11","'3140KP7J6'","MBS","UMBS MORTPASS 2% 02/51","30yr",,,,,"37401928.56",,,,,,""
"2021-08-11","'3133AFC33'","MBS","UMBS MORTPASS 1.5% 01/51","30yr",,,,,"37364616.65",,,,,,""
"2021-08-11","'3140KEQB7'","MBS","UMBS MORTPASS 2.5% 09/50","30yr",,,,,"37349802.08",,,,,,""
"2021-08-11","'3140GUMA2'","MBS","UMBS MORTPASS 3.5% 11/47","30yr",,,,,"37323564.3",,,,,,""
"2021-08-11","'3140X7ZK8'","MBS","UMBS MORTPASS 2.5% 09/50","30yr",,,,,"37251558.25",,,,,,""
"2021-08-11","'3140QAHX1'","MBS","UMBS MORTPASS 4% 01/49","30yr",,,,,"37230125.06",,,,,,""
"2021-08-11","'3133A4CS3'","MBS","UMBS MORTPASS 2.5% 05/50","30yr",,,,,"37202945.23",,,,,,""
"2021-08-11","'3133KHU46'","MBS","UMBS MORTPASS 2.5% 04/50","30yr",,,,,"37155303.84",,,,,,""
"2021-08-11","'3140X8D38'","MBS","UMBS MORTPASS 1.5% 10/50","30yr",,,,,"37107885.37",,,,,,""
"2021-08-11","'3132DV4Z5'","MBS","UMBS MORTPASS 4.5% 01/50","30yr",,,,,"37096254.43",,,,,,""
"2021-08-11","'3140KTK20'","MBS","UMBS MORTPASS 1.5% 11/50","30yr",,,,,"37069738.59",,,,,,""
"2021-08-11","'3138MD2U5'","MBS","UMBS MORTPASS 2.5% 10/27","15yr",,,,,"37048199.67",,,,,,""
"2021-08-11","'3132AD6P8'","MBS","UMBS MORTPASS 4.5% 03/49","30yr",,,,,"37034095.13",,,,,,""
"2021-08-11","'36202FMA1'","MBS","GNMA II MORTPASS 4% 11/40","30yr",,,,,"37014903.4",,,,,,""
"2021-08-11","'31334XX20'","MBS","UMBS MORTPASS 3% 08/49","30yr",,,,,"36991796.53",,,,,,""
"2021-08-11","'3140X6EA5'","MBS","UMBS MORTPASS 3% 01/50","30yr",,,,,"36961446.29",,,,,,""
"2021-08-11","'3133A93K9'","MBS","UMBS MORTPASS 2.5% 09/50","30yr",,,,,"36922964.99",,,,,,""
"2021-08-11","'3133KJM90'","MBS","UMBS MORTPASS 2.5% 07/50","30yr",,,,,"36891166.43",,,,,,""
"2021-08-11","'3133L8CG8'","MBS","UMBS MORTPASS 1.5% 03/36","15yr",,,,,"36874968.23",,,,,,""
"2021-08-11","'31329PTB9'","MBS","UMBS MORTPASS 4.5% 11/48","30yr",,,,,"36856315.18",,,,,,""
"2021-08-11","'3140KFNB7'","MBS","UMBS MORTPASS 2% 09/50","30yr",,,,,"36847320.36",,,,,,""
"2021-08-11","'3140KKXL3'","MBS","UMBS MORTPASS 2% 09/50","30yr",,,,,"36834807.22",,,,,,""
"2021-08-11","'3132A8SV2'","MBS","UMBS MORTPASS 2% 01/27","Other",,,,,"36819333.81",,,,,,""
"2021-08-11","'3140KPLQ4'","MBS","UMBS MORTPASS 2% 09/35","15yr",,,,,"36817903.34",,,,,,""
"2021-08-11","'36202FGD2'","MBS","GNMA II 4.5% 05/40","30yr",,,,,"36787404.33",,,,,,""
"2021-08-11","'3140KFK79'","MBS","UMBS MORTPASS 2.5% 11/50","30yr",,,,,"36747474.99",,,,,,""
"2021-08-11","'3133GDG87'","MBS","UMBS MORTPASS 1.5% 06/36","15yr",,,,,"36690046.61",,,,,,""
"2021-08-11","'36179MCY4'","MBS","GNMA II MORTPASS 3% 05/42","30yr",,,,,"36672870.98",,,,,,""
"2021-08-11","'3140XAJZ6'","MBS","UMBS MORTPASS 1.5% 03/51","30yr",,,,,"36644361.06",,,,,,""
"2021-08-11","'31418DJK9'","MBS","UMBS MORTPASS 3% 12/34","15yr",,,,,"36639938.8",,,,,,""
"2021-08-11","'3140X6BD2'","MBS","UMBS MORTPASS 2% 05/27","Other",,,,,"36610301.49",,,,,,""
"2021-08-11","'31418DEB4'","MBS","UMBS MORTPASS 2.5% 07/34","15yr",,,,,"36592789.29",,,,,,""
"2021-08-11","'3140JXRF7'","MBS","UMBS MORTPASS 2.5% 10/49","30yr",,,,,"36584570.18",,,,,,""
"2021-08-11","'3140K06T0'","MBS","UMBS MORTPASS 3% 12/49","30yr",,,,,"36554914.39",,,,,,""
"2021-08-11","'3140KGR70'","MBS","UMBS MORTPASS 2.5% 06/50","30yr",,,,,"36481401.72",,,,,,""
"2021-08-11","'3140L4V89'","MBS","UMBS MORTPASS 2% 02/51","30yr",,,,,"36443538.17",,,,,,""
"2021-08-11","'3140L5V29'","MBS","UMBS MORTPASS 2% 03/51","30yr",,,,,"36441041.44",,,,,,""
"2021-08-11","'3140JM5C2'","MBS","UMBS MORTPASS 4% 03/49","30yr",,,,,"36385169.57",,,,,,""
"2021-08-11","'3133AGK81'","MBS","UMBS MORTPASS 1.5% 03/51","30yr",,,,,"36381132.26",,,,,,""
"2021-08-11","'3133KHNP7'","MBS","UMBS MORTPASS 2.5% 11/49","30yr",,,,,"36375099.77",,,,,,""
"2021-08-11","'3140KBGK4'","MBS","UMBS MORTPASS 3% 03/50","30yr",,,,,"36295569.85",,,,,,""
"2021-08-11","'3140QDAU8'","MBS","UMBS MORTPASS 2.5% 03/50","30yr",,,,,"36286267.78",,,,,,""
"2021-08-11","'3140JLKM5'","MBS","UMBS MORTPASS 4% 12/48","30yr",,,,,"36247334.2",,,,,,""
"2021-08-11","'3133AAHY1'","MBS","UMBS MORTPASS 2.5% 09/50","30yr",,,,,"36214105.37",,,,,,""
"2021-08-11","'3128MFAQ1'","MBS","FHLMCGLD 3% 08/29","15yr",,,,,"36187454.21",,,,,,"Y"
"2021-08-11","'3140Q7HQ3'","MBS","UMBS MORTPASS 3.5% 08/47","30yr",,,,,"36179755.2",,,,,,""
"2021-08-11","'31418CYN8'","MBS","UMBS MORTPASS 4.5% 07/48","30yr",,,,,"36134311.94",,,,,,""
"2021-08-11","'3133A7KM0'","MBS","UMBS MORTPASS 2.5% 07/50","30yr",,,,,"36075779.23",,,,,,""
"2021-08-11","'31418DCV2'","MBS","UMBS MORTPASS 3.5% 06/39","Other",,,,,"36051622.95",,,,,,""
"2021-08-11","'3138ERQG8'","MBS","UMBS MORTPASS 4% 02/36","Other",,,,,"36041396.38",,,,,,"Y"
"2021-08-11","'3138EHCS9'","MBS","UMBS MORTPASS 5% 03/39","30yr",,,,,"35999322.42",,,,,,"Y"
"2021-08-11","'3133A4CY0'","MBS","UMBS MORTPASS 3% 05/50","30yr",,,,,"35870945.09",,,,,,""
"2021-08-11","'31329P6Y4'","MBS","UMBS MORTPASS 4.5% 01/49","30yr",,,,,"35832516.46",,,,,,""
"2021-08-11","'3133ABL32'","MBS","UMBS MORTPASS 2.5% 10/50","30yr",,,,,"35827448.58",,,,,,""
"2021-08-11","'3140H37E0'","MBS","UMBS MORTPASS 3.5% 04/48","30yr",,,,,"35819640.54",,,,,,""
"2021-08-11","'3140LNSE8'","MBS","UMBS MORTPASS 2% 05/51","30yr",,,,,"35807834.64",,,,,,""
"2021-08-11","'3140KADP8'","MBS","UMBS MORTPASS 2.5% 05/50","30yr",,,,,"35758097.48",,,,,,""
"2021-08-11","'3138EGWG5'","MBS","UMBS MORTPASS 5% 01/40","30yr",,,,,"35758053.25",,,,,,"Y"
"2021-08-11","'3140KKGJ7'","MBS","UMBS MORTPASS 2.5% 08/50","30yr",,,,,"35719700.72",,,,,,""
"2021-08-11","'3133AGRH4'","MBS","UMBS MORTPASS 2% 03/51","30yr",,,,,"35717631.64",,,,,,""
"2021-08-11","'3140QBTU2'","MBS","UMBS MORTPASS 3.5% 09/49","30yr",,,,,"35710350.44",,,,,,""
"2021-08-11","'3140LPXP2'","MBS","UMBS MORTPASS 2% 05/51","30yr",,,,,"35658195.1",,,,,,""
"2021-08-11","'3140HFQ77'","MBS","UMBS MORTPASS 2.5% 04/50","30yr",,,,,"35655473.92",,,,,,""
"2021-08-11","'3132A7WC1'","MBS","UMBS MORTPASS 2% 01/28","15yr",,,,,"35627177.95",,,,,,""
"2021-08-11","'3140L62G8'","MBS","UMBS MORTPASS 2.5% 04/51","30yr",,,,,"35617120.06",,,,,,""
"2021-08-11","'36179NNC8'","MBS","GNMA II 4.5% 09/43","30yr",,,,,"35611622.62",,,,,,""
"2021-08-11","'3140LRQQ4'","MBS","UMBS MORTPASS 2% 06/51","30yr",,,,,"35507894.14",,,,,,""
"2021-08-11","'3140X5R62'","MBS","UMBS MORTPASS 4% 07/49","30yr",,,,,"35465065.35",,,,,,""
"2021-08-11","'3133A9CU7'","MBS","UMBS MORTPASS 2.5% 09/50","30yr",,,,,"35406973.15",,,,,,""
"2021-08-11","'3128MEM65'","MBS","FHLMCGLD 3.5% 08/27","15yr",,,,,"35388713.83",,,,,,"Y"
"2021-08-11","'3140KCWE8'","MBS","UMBS MORTPASS 2.5% 04/50","30yr",,,,,"35320317.45",,,,,,""
"2021-08-11","'36179RJF7'","MBS","GNMA II MORTPASS 4% 07/45","30yr",,,,,"35304854.02",,,,,,""
"2021-08-11","'3131YCVP8'","MBS","UMBS MORTPASS 3.5% 05/49","30yr",,,,,"35285831.47",,,,,,""
"2021-08-11","'3133KHZY5'","MBS","UMBS 3.0%","30yr",,,,,"35284186.45",,,,,,""
"2021-08-11","'3140KUHW5'","MBS","UMBS MORTPASS 1.5% 12/50","30yr",,,,,"35214326.44",,,,,,""
"2021-08-11","'3133GCT28'","MBS","UMBS MORTPASS 1.5% 04/36","15yr",,,,,"35185474.44",,,,,,""
"2021-08-11","'3128M8WD2'","MBS","FHLMCGLD 5.5% 10/39","30yr",,,,,"35183367.29",,,,,,"Y"
"2021-08-11","'3140L4V97'","MBS","UMBS MORTPASS 1.5% 02/51","30yr",,,,,"35146681.36",,,,,,""
"2021-08-11","'3140KQZM6'","MBS","UMBS MORTPASS 2% 10/50","30yr",,,,,"35143431.78",,,,,,""
"2021-08-11","'3133G8QU8'","MBS","UMBS MORTPASS 2% 05/35","15yr",,,,,"35142692.62",,,,,,""
"2021-08-11","'3140L3PP0'","MBS","UMBS MORTPASS 2% 04/51","30yr",,,,,"35087031.13",,,,,,""
"2021-08-11","'3128M8X74'","MBS","FHLMCGLD 5% 08/39","30yr",,,,,"35084618.72",,,,,,"Y"
"2021-08-11","'3140KBNP5'","MBS","UMBS MORTPASS 3% 03/50","30yr",,,,,"34989282.16",,,,,,""
"2021-08-11","'3140J75U5'","MBS","UMBS MORTPASS 3.5% 02/45","30yr",,,,,"34988453.08",,,,,,"Y"
"2021-08-11","'3140K9JB6'","MBS","UMBS MORTPASS 2.5% 03/50","30yr",,,,,"34906520.61",,,,,,""
"2021-08-11","'3133A6B67'","MBS","UMBS MORTPASS 2.5% 06/50","30yr",,,,,"34853785.05",,,,,,""
"2021-08-11","'3140K9HU6'","MBS","UMBS MORTPASS 2.5% 03/50","30yr",,,,,"34836809.17",,,,,,""
"2021-08-11","'3133KHSP2'","MBS","UMBS MORTPASS 2.5% 03/50","30yr",,,,,"34788938.98",,,,,,""
"2021-08-11","'3133A6EB3'","MBS","UMBS MORTPASS 2.5% 06/50","30yr",,,,,"34778879.23",,,,,,""
"2021-08-11","'3140KC4R0'","MBS","UMBS MORTPASS 2.5% 05/50","30yr",,,,,"34742842.89",,,,,,""
"2021-08-11","'3132A7V73'","MBS","UMBS MORTPASS 2% 01/28","15yr",,,,,"34709352.68",,,,,,""
"2021-08-11","'3133A8P92'","MBS","UMBS MORTPASS 2.5% 08/50","30yr",,,,,"34682646.26",,,,,,""
"2021-08-11","'3140JLLC6'","MBS","UMBS MORTPASS 4.5% 01/49","30yr",,,,,"34564076.89",,,,,,""
"2021-08-11","'3140HFTZ2'","MBS","UMBS MORTPASS 2.5% 04/50","30yr",,,,,"34561919.74",,,,,,""
"2021-08-11","'3140QBN79'","MBS","UMBS MORTPASS 2.5% 08/49","30yr",,,,,"34540230.73",,,,,,""
"2021-08-11","'3133ALAY4'","MBS","UMBS MORTPASS 2.5% 05/51","30yr",,,,,"34488089.88",,,,,,""
"2021-08-11","'3133ABCR9'","MBS","UMBS MORTPASS 2% 10/50","30yr",,,,,"34448557.48",,,,,,""
"2021-08-11","'3140KDNS5'","MBS","UMBS MORTPASS 2.5% 05/50","30yr",,,,,"34361781.4",,,,,,""
"2021-08-11","'3138EQKG6'","MBS","UMBS MORTPASS 3% 01/26","15yr",,,,,"34216363.11",,,,,,"Y"
"2021-08-11","'3140L9A40'","MBS","UMBS MORTPASS 2% 05/51","30yr",,,,,"34182453.09",,,,,,""
"2021-08-11","'3140JGK87'","MBS","UMBS MORTPASS 4% 12/48","30yr",,,,,"34175627.18",,,,,,""
"2021-08-11","'3133AHCV7'","MBS","UMBS MORTPASS 2% 03/51","30yr",,,,,"34161296.53",,,,,,""
"2021-08-11","'3133AKNJ5'","MBS","UMBS MORTPASS 2% 05/51","30yr",,,,,"34108388.5",,,,,,""
"2021-08-11","'3140K1VK9'","MBS","UMBS MORTPASS 3% 02/50","30yr",,,,,"34101390.67",,,,,,""
"2021-08-11","'3140K3KU5'","MBS","UMBS MORTPASS 3% 01/50","30yr",,,,,"34056558.95",,,,,,""
"2021-08-11","'3128MFAR9'","MBS","FHLMCGLD 3.5% 07/29","15yr",,,,,"34054843.45",,,,,,"Y"
"2021-08-11","'3128MF2K3'","MBS","FHLMCGLD 3.5% 09/32","15yr",,,,,"34034885.34",,,,,,"Y"
"2021-08-11","'3140J9W31'","MBS","UMBS MORTPASS 4% 07/47","30yr",,,,,"33997716.89",,,,,,""
"2021-08-11","'3140K7ZE6'","MBS","UMBS MORTPASS 3% 01/50","30yr",,,,,"33929859.24",,,,,,""
"2021-08-11","'3133A7Y94'","MBS","UMBS MORTPASS 2.5% 08/50","30yr",,,,,"33883207.05",,,,,,""
"2021-08-11","'3140QFNV7'","MBS","UMBS MORTPASS 2.5% 11/50","30yr",,,,,"33859969.76",,,,,,""
"2021-08-11","'3133ANN34'","MBS","UMBS MORTPASS 2% 07/51","30yr",,,,,"33855935",,,,,,""
"2021-08-11","'3140KBYZ1'","MBS","UMBS MORTPASS 2.5% 06/50","30yr",,,,,"33839920.55",,,,,,""
"2021-08-11","'3132AEJ80'","MBS","UMBS MORTPASS 4% 06/49","30yr",,,,,"33806021.94",,,,,,""
"2021-08-11","'3133A45Z5'","MBS","UMBS MORTPASS 2.5% 05/50","30yr",,,,,"33794377",,,,,,""
"2021-08-11","'3140QEJL7'","MBS","UMBS MORTPASS 2% 08/50","30yr",,,,,"33787168.34",,,,,,""
"2021-08-11","'36179NVQ8'","MBS","GNMA II 4.5% 12/43","30yr",,,,,"33784200.75",,,,,,""
"2021-08-11","'3140X5CM3'","MBS","UMBS MORTPASS 4% 01/49","30yr",,,,,"33696385.49",,,,,,""
"2021-08-11","'3133A9BJ3'","MBS","UMBS MORTPASS 2.5% 08/50","30yr",,,,,"33689774.1",,,,,,""
"2021-08-11","'3132ACYM6'","MBS","UMBS MORTPASS 3% 10/33","15yr",,,,,"33688447.96",,,,,,""
"2021-08-11","'3140J7TZ8'","MBS","UMBS MORTPASS 3.5% 01/28","Other",,,,,"33676495.94",,,,,,""
"2021-08-11","'3133A6LZ2'","MBS","UMBS MORTPASS 2.5% 06/50","30yr",,,,,"33654908.29",,,,,,""
"2021-08-11","'3140X6EW7'","MBS","UMBS MORTPASS 3.5% 12/49","30yr",,,,,"33554760.17",,,,,,""
"2021-08-11","'3133AHB55'","MBS","UMBS MORTPASS 2% 03/51","30yr",,,,,"33437829.01",,,,,,""
"2021-08-11","'3132D55C2'","MBS","UMBS MORTPASS 2% 03/35","15yr",,,,,"33377092.71",,,,,,""
"2021-08-11","'3138WHJ86'","MBS","UMBS MORTPASS 2.5% 07/31","15yr",,,,,"33310049.73",,,,,,""
"2021-08-11","'3132CWL85'","MBS","UMBS MORTPASS 2% 06/35","15yr",,,,,"33308876.42",,,,,,""
"2021-08-11","'3133GD4X5'","MBS","UMBS MORTPASS 2% 07/36","15yr",,,,,"33284060",,,,,,""
"2021-08-11","'3133KHE51'","MBS","UMBS MORTPASS 3% 01/50","30yr",,,,,"33234505.72",,,,,,""
"2021-08-11","'3140Q8KS3'","MBS","UMBS MORTPASS 4% 02/48","30yr",,,,,"33160969.28",,,,,,""
"2021-08-11","'3133G8D81'","MBS","UMBS MORTPASS 2% 04/35","15yr",,,,,"33108233.26",,,,,,""
"2021-08-11","'3140KCSH6'","MBS","UMBS MORTPASS 3% 05/50","30yr",,,,,"33071372.87",,,,,,""
"2021-08-11","'3133AJGW7'","MBS","UMBS MORTPASS 2% 04/51","30yr",,,,,"33010567.82",,,,,,""
"2021-08-11","'36179VBG4'","MBS","GNMA II 3.5% 12/49","30yr",,,,,"33006618.48",,,,,,""
"2021-08-11","'3133AAAJ1'","MBS","UMBS MORTPASS 2% 09/50","30yr",,,,,"33003962.67",,,,,,""
"2021-08-11","'3140LN3K1'","MBS","UMBS MORTPASS 2% 06/51","30yr",,,,,"33003665.48",,,,,,""
"2021-08-11","'3133AGVX4'","MBS","UMBS MORTPASS 1.5% 03/51","30yr",,,,,"32972132.12",,,,,,""
"2021-08-11","'3133ALFU7'","MBS","UMBS MORTPASS 1.5% 05/51","30yr",,,,,"32880532.22",,,,,,""
"2021-08-11","'3132DMJD8'","MBS","UMBS MORTPASS 3% 02/50","30yr",,,,,"32877471.82",,,,,,""
"2021-08-11","'3138EGWF7'","MBS","UMBS MORTPASS 4.5% 02/40","30yr",,,,,"32808061.3",,,,,,"Y"
"2021-08-11","'3133USGL9'","MBS","UMBS MORTPASS 2.5% 04/50","30yr",,,,,"32778100.97",,,,,,""
"2021-08-11","'3140H7V61'","MBS","UMBS MORTPASS 4% 03/48","30yr",,,,,"32769661.27",,,,,,""
"2021-08-11","'3140L9BW7'","MBS","UMBS MORTPASS 2.5% 05/51","30yr",,,,,"32760421.03",,,,,,""
"2021-08-11","'3140KKGY4'","MBS","UMBS MORTPASS 2.5% 08/50","30yr",,,,,"32746015.2",,,,,,""
"2021-08-11","'3140X7YF0'","MBS","UMBS MORTPASS 2.5% 09/50","30yr",,,,,"32745333.96",,,,,,""
"2021-08-11","'3133A6UX7'","MBS","UMBS MORTPASS 2.5% 06/50","30yr",,,,,"32720526.43",,,,,,""
"2021-08-11","'3140KHVJ7'","MBS","UMBS MORTPASS 2.5% 08/50","30yr",,,,,"32694314.95",,,,,,""
"2021-08-11","'3140X43B0'","MBS","UMBS MORTPASS 4% 10/49","30yr",,,,,"32693647.73",,,,,,""
"2021-08-11","'31329QNJ6'","MBS","UMBS MORTPASS 4% 04/49","30yr",,,,,"32682322.18",,,,,,""
"2021-08-11","'3128MJZ29'","MBS","FHLMCGLD 3% 04/47","30yr",,,,,"32672085.48",,,,,,""
"2021-08-11","'31418CU69'","MBS","UMBS MORTPASS 3% 03/48","30yr",,,,,"32668851.54",,,,,,""
"2021-08-11","'3140L6AN4'","MBS","UMBS MORTPASS 2% 04/51","30yr",,,,,"32663929.98",,,,,,""
"2021-08-11","'31418DMU3'","MBS","UMBS MORTPASS 2% 03/35","15yr",,,,,"32652821.03",,,,,,""
"2021-08-11","'3133A6XW6'","MBS","UMBS MORTPASS 2.5% 06/50","30yr",,,,,"32608563.83",,,,,,""
"2021-08-11","'3140HNDH2'","MBS","UMBS MORTPASS 1.5% 11/50","30yr",,,,,"32584704.22",,,,,,""
"2021-08-11","'36179RZU6'","MBS","GNMA II MORTPASS 4% 02/46","30yr",,,,,"32556669.58",,,,,,""
"2021-08-11","'3133ACFC7'","MBS","UMBS MORTPASS 2% 11/50","30yr",,,,,"32540026.02",,,,,,""
"2021-08-11","'3133KHRS7'","MBS","UMBS MORTPASS 3% 03/50","30yr",,,,,"32530202.6",,,,,,""
"2021-08-11","'31418DME9'","MBS","UMBS MORTPASS 3% 03/35","15yr",,,,,"32496450.93",,,,,,""
"2021-08-11","'3140QC3Q7'","MBS","UMBS MORTPASS 3% 03/50","30yr",,,,,"32491042.63",,,,,,""
"2021-08-11","'3133G8NK3'","MBS","UMBS MORTPASS 2% 05/35","15yr",,,,,"32459962.26",,,,,,""
"2021-08-11","'3128MMXL2'","MBS","FHLMCGLD 3.5% 03/33","15yr",,,,,"32450978.02",,,,,,""
"2021-08-11","'3140LNSY4'","MBS","UMBS MORTPASS 2% 04/51","30yr",,,,,"32365465.15",,,,,,""
"2021-08-11","'3132AD3K2'","MBS","UMBS MORTPASS 4% 01/49","30yr",,,,,"32316163.21",,,,,,""
"2021-08-11","'3133KLHM2'","MBS","UMBS MORTPASS 1.5% 03/51","30yr",,,,,"32312058.89",,,,,,""
"2021-08-11","'3133G9FS3'","MBS","UMBS MORTPASS 2% 07/35","15yr",,,,,"32229953.11",,,,,,""
"2021-08-11","'3140QBF60'","MBS","UMBS MORTPASS 3% 07/49","30yr",,,,,"32210558.26",,,,,,""
"2021-08-11","'3133ALGJ1'","MBS","UMBS MORTPASS 2.5% 05/51","30yr",,,,,"32163855.97",,,,,,""
"2021-08-11","'31335AJL3'","MBS","FHLMCGLD 4.5% 03/42","30yr",,,,,"32154139.22",,,,,,"Y"
"2021-08-11","'3140X8YW1'","MBS","UMBS MORTPASS 2% 12/50","30yr",,,,,"32152323.15",,,,,,""
"2021-08-11","'3133KKB73'","MBS","UMBS MORTPASS 2.5% 10/50","30yr",,,,,"32103261.54",,,,,,""
"2021-08-11","'3140X5NU3'","MBS","UMBS MORTPASS 4% 12/48","30yr",,,,,"32078973.53",,,,,,""
"2021-08-11","'3140KCKB7'","MBS","UMBS MORTPASS 3% 05/50","30yr",,,,,"32022837.91",,,,,,""
"2021-08-11","'3133AGVY2'","MBS","UMBS MORTPASS 2% 02/51","30yr",,,,,"32011787.78",,,,,,""
"2021-08-11","'3140QCLQ7'","MBS","UMBS MORTPASS 4.5% 12/49","30yr",,,,,"31964806.67",,,,,,""
"2021-08-11","'3138W7J47'","MBS","UMBS MORTPASS 3% 04/43","30yr",,,,,"31960302.51",,,,,,""
"2021-08-11","'3140L22W2'","MBS","UMBS MORTPASS 2% 03/51","30yr",,,,,"31933611.3",,,,,,""
"2021-08-11","'3133KHU61'","MBS","UMBS MORTPASS 3% 04/50","30yr",,,,,"31930239.31",,,,,,""
"2021-08-11","'3140Q9ZB2'","MBS","UMBS MORTPASS 4% 10/48","30yr",,,,,"31921331.24",,,,,,""
"2021-08-11","'31334WHS3'","MBS","UMBS MORTPASS 3% 06/49","30yr",,,,,"31877730.21",,,,,,""
"2021-08-11","'3140QKMQ8'","MBS","UMBS MORTPASS 1.5% 05/51","30yr",,,,,"31853556.41",,,,,,""
"2021-08-11","'3140KECV8'","MBS","UMBS MORTPASS 3% 06/50","30yr",,,,,"31841572.04",,,,,,""
"2021-08-11","'3140LUHK0'","MBS","UMBS MORTPASS 2% 08/51","30yr",,,,,"31818245",,,,,,""
"2021-08-11","'3140X8E52'","MBS","UMBS MORTPASS 2.5% 10/50","30yr",,,,,"31817427.32",,,,,,""
"2021-08-11","'3140X8EM5'","MBS","UMBS MORTPASS 2.5% 11/50","30yr",,,,,"31806187.11",,,,,,""
"2021-08-11","'3140KWBV9'","MBS","UMBS MORTPASS 1.5% 03/51","30yr",,,,,"31776047.09",,,,,,""
"2021-08-11","'3140QBPL6'","MBS","UMBS MORTPASS 3.5% 05/49","30yr",,,,,"31752263.83",,,,,,""
"2021-08-11","'3133A4FE1'","MBS","UMBS MORTPASS 2.5% 04/50","30yr",,,,,"31704003.62",,,,,,""
"2021-08-11","'3133A8HR1'","MBS","UMBS MORTPASS 2.5% 08/50","30yr",,,,,"31689944.2",,,,,,""
"2021-08-11","'3133ALU48'","MBS","UMBS MORTPASS 2% 06/51","30yr",,,,,"31680036.84",,,,,,""
"2021-08-11","'3140X7XT1'","MBS","UMBS MORTPASS 2% 09/50","30yr",,,,,"31648256.75",,,,,,""
"2021-08-11","'3140JVR95'","MBS","UMBS MORTPASS 3% 09/49","30yr",,,,,"31635889.07",,,,,,""
"2021-08-11","'3133AFV40'","MBS","UMBS MORTPASS 2% 02/51","30yr",,,,,"31567173.82",,,,,,""
"2021-08-11","'3131Y3GG5'","MBS","UMBS MORTPASS 4% 09/48","30yr",,,,,"31556156.33",,,,,,""
"2021-08-11","'3140KNMD7'","MBS","UMBS MORTPASS 2.5% 08/50","30yr",,,,,"31548535.81",,,,,,""
"2021-08-11","'3133AAT85'","MBS","UMBS MORTPASS 2.5% 10/50","30yr",,,,,"31539531.68",,,,,,""
"2021-08-11","'3140L3WB3'","MBS","UMBS MORTPASS 2% 02/51","30yr",,,,,"31516249.71",,,,,,""
"2021-08-11","'3140LTPL2'","MBS","UMBS MORTPASS 2% 06/36","15yr",,,,,"31474210.59",,,,,,""
"2021-08-11","'3140QKVP0'","MBS","UMBS MORTPASS 1.5% 05/36","15yr",,,,,"31439885.75",,,,,,""
"2021-08-11","'3140L4DU0'","MBS","UMBS MORTPASS 2% 03/51","30yr",,,,,"31420362.38",,,,,,""
"2021-08-11","'3140QE6W7'","MBS","UMBS MORTPASS 2% 09/50","30yr",,,,,"31398836.22",,,,,,""
"2021-08-11","'3140L8W48'","MBS","UMBS MORTPASS 2.5% 05/51","30yr",,,,,"31335177.7",,,,,,""
"2021-08-11","'3133A8FF9'","MBS","UMBS MORTPASS 2.5% 08/50","30yr",,,,,"31327042.23",,,,,,""
"2021-08-11","'3140KLYH9'","MBS","UMBS MORTPASS 2.5% 09/50","30yr",,,,,"31310329.34",,,,,,""
"2021-08-11","'31418DR46'","MBS","UMBS MORTPASS 1.5% 07/35","15yr",,,,,"31289667.37",,,,,,""
"2021-08-11","'3140KTLB9'","MBS","UMBS MORTPASS 2% 11/50","30yr",,,,,"31279862.36",,,,,,""
"2021-08-11","'3140J9ZL8'","MBS","UMBS MORTPASS 3.5% 11/48","30yr",,,,,"31275790.96",,,,,,""
"2021-08-11","'3128MFNT1'","MBS","FHLMCGLD 3.5% 05/33","15yr",,,,,"31236455.61",,,,,,""
"2021-08-11","'3140LQYP9'","MBS","UMBS MORTPASS 1.5% 05/36","15yr",,,,,"31233030.68",,,,,,""
"2021-08-11","'36202FE69'","MBS","GNMA II 4.5% 03/40","30yr",,,,,"31229286.5",,,,,,""
"2021-08-11","'3140X9XK6'","MBS","UMBS MORTPASS 2.5% 02/51","30yr",,,,,"31193672.9",,,,,,""
"2021-08-11","'3140XAEP3'","MBS","UMBS MORTPASS 2% 03/51","30yr",,,,,"31163815.32",,,,,,""
"2021-08-11","'36202FXC5'","MBS","GNMA II 4.5% 09/41","30yr",,,,,"31058828.55",,,,,,""
"2021-08-11","'3140L6C44'","MBS","UMBS MORTPASS 2% 03/51","30yr",,,,,"31057234.57",,,,,,""
"2021-08-11","'3133GAT71'","MBS","UMBS MORTPASS 2% 11/35","15yr",,,,,"31055870.87",,,,,,""
"2021-08-11","'3140X6D99'","MBS","UMBS MORTPASS 3% 03/50","30yr",,,,,"31033409.69",,,,,,""
"2021-08-11","'3140KMZQ6'","MBS","UMBS MORTPASS 2% 09/50","30yr",,,,,"30991917.5",,,,,,""
"2021-08-11","'3140K4QT0'","MBS","UMBS MORTPASS 3% 03/50","30yr",,,,,"30967613.46",,,,,,""
"2021-08-11","'3140L5FD3'","MBS","UMBS MORTPASS 2% 03/51","30yr",,,,,"30954924.71",,,,,,""
"2021-08-11","'3133A3KV9'","MBS","UMBS MORTPASS 3% 04/50","30yr",,,,,"30946879.77",,,,,,""
"2021-08-11","'3133AAMY5'","MBS","UMBS MORTPASS 2% 10/50","30yr",,,,,"30941715.21",,,,,,""
"2021-08-11","'31339UKR0'","MBS","UMBS MORTPASS 3% 10/49","30yr",,,,,"30923506.76",,,,,,""
"2021-08-11","'3133A3AU2'","MBS","UMBS MORTPASS 2.5% 03/50","30yr",,,,,"30878803.01",,,,,,""
"2021-08-11","'3133G9MW6'","MBS","UMBS MORTPASS 2% 08/35","15yr",,,,,"30840276.76",,,,,,""
"2021-08-11","'3133KLW45'","MBS","UMBS MORTPASS 2.5% 01/51","30yr",,,,,"30817632.38",,,,,,""
"2021-08-11","'3140KHT68'","MBS","UMBS MORTPASS 2.5% 08/50","30yr",,,,,"30786316.94",,,,,,""
"2021-08-11","'3140Q9UC5'","MBS","UMBS MORTPASS 4% 09/48","30yr",,,,,"30711532.41",,,,,,""
"2021-08-11","'31346YGG2'","MBS","UMBS MORTPASS 3% 11/49","30yr",,,,,"30710198.83",,,,,,""
"2021-08-11","'3140L7S78'","MBS","UMBS MORTPASS 2% 04/51","30yr",,,,,"30672069.38",,,,,,""
"2021-08-11","'3140KUYW6'","MBS","UMBS MORTPASS 2% 12/50","30yr",,,,,"30667069.1",,,,,,""
"2021-08-11","'3128MEZZ7'","MBS","FHLMCGLD 3% 05/26","15yr",,,,,"30640503.85",,,,,,"Y"
"2021-08-11","'31418DJZ6'","MBS","UMBS MORTPASS 4.5% 12/49","30yr",,,,,"30636134.15",,,,,,""
"2021-08-11","'3128M8ML5'","MBS","FHLMCGLD 5.5% 01/38","30yr",,,,,"30628241.21",,,,,,"Y"
"2021-08-11","'3140X5S53'","MBS","UMBS MORTPASS 3% 06/29","Other",,,,,"30603809.85",,,,,,""
"2021-08-11","'3140KUQ54'","MBS","UMBS MORTPASS 2% 12/50","30yr",,,,,"30530262.94",,,,,,""
"2021-08-11","'3140QAFB1'","MBS","UMBS MORTPASS 4% 12/48","30yr",,,,,"30441804.22",,,,,,""
"2021-08-11","'3133AC5U8'","MBS","UMBS MORTPASS 2.5% 12/50","30yr",,,,,"30435519.4",,,,,,""
"2021-08-11","'3140K4UC2'","MBS","UMBS MORTPASS 3% 03/50","30yr",,,,,"30374561.37",,,,,,""
"2021-08-11","'3138EN2S7'","MBS","UMBS MORTPASS 3% 01/45","30yr",,,,,"30369201.02",,,,,,""
"2021-08-11","'3622A2A51'","MBS","GNMA II 3.5% 07/42","30yr",,,,,"30354343.33",,,,,,""
"2021-08-11","'3133G9VZ9'","MBS","UMBS MORTPASS 2% 08/35","15yr",,,,,"30346385.81",,,,,,""
"2021-08-11","'3140KQEB3'","MBS","UMBS MORTPASS 1.5% 11/50","30yr",,,,,"30338464.48",,,,,,""
"2021-08-11","'3140JL2H6'","MBS","UMBS MORTPASS 3.5% 03/49","30yr",,,,,"30294694.18",,,,,,""
"2021-08-11","'3140L8U24'","MBS","UMBS MORTPASS 2% 05/51","30yr",,,,,"30262731.53",,,,,,""
"2021-08-11","'31418DBN1'","MBS","UMBS MORTPASS 3% 04/49","30yr",,,,,"30260959.61",,,,,,""
"2021-08-11","'36202FSE7'","MBS","GNMA II 4.5% 04/41","30yr",,,,,"30247575.56",,,,,,""
"2021-08-11","'3140KLV41'","MBS","UMBS MORTPASS 2.5% 09/50","30yr",,,,,"30244408.53",,,,,,""
"2021-08-11","'3131YBFP8'","MBS","UMBS MORTPASS 3.5% 12/48","30yr",,,,,"30167024.26",,,,,,""
"2021-08-11","'3133GACS3'","MBS","UMBS MORTPASS 2% 09/35","15yr",,,,,"30151644.7",,,,,,""
"2021-08-11","'3140K5A98'","MBS","UMBS MORTPASS 3% 02/50","30yr",,,,,"30151266.01",,,,,,""
"2021-08-11","'3140HFQ85'","MBS","UMBS MORTPASS 2.5% 04/50","30yr",,,,,"30109970.1",,,,,,""
"2021-08-11","'3133AGWG0'","MBS","UMBS MORTPASS 2% 03/51","30yr",,,,,"30096262.63",,,,,,""
"2021-08-11","'3140KHTR2'","MBS","UMBS MORTPASS 2.5% 08/50","30yr",,,,,"30052112.56",,,,,,""
"2021-08-11","'31418DEP3'","MBS","UMBS MORTPASS 3% 08/39","Other",,,,,"30037374.11",,,,,,""
"2021-08-11","'3133ANTV6'","MBS","UMBS MORTPASS 2% 07/51","30yr",,,,,"30016305",,,,,,""
"2021-08-11","'3140HFME6'","MBS","UMBS MORTPASS 3% 03/50","30yr",,,,,"29974494.81",,,,,,""
"2021-08-11","'3140QGZF7'","MBS","UMBS MORTPASS 1.5% 02/51","30yr",,,,,"29956566.88",,,,,,""
"2021-08-11","'31418DEV0'","MBS","UMBS MORTPASS 4.5% 08/49","30yr",,,,,"29950063.49",,,,,,""
"2021-08-11","'3140GSRX2'","MBS","UMBS MORTPASS 3.5% 10/47","30yr",,,,,"29936823.67",,,,,,""
"2021-08-11","'36202FTK2'","MBS","GNMA II MORTPASS 4% 05/41","30yr",,,,,"29935797.36",,,,,,""
"2021-08-11","'3140F9N35'","MBS","UMBS MORTPASS 2.5% 07/31","15yr",,,,,"29930919.4",,,,,,""
"2021-08-11","'3140LTPE8'","MBS","UMBS MORTPASS 2% 06/51","30yr",,,,,"29881104.41",,,,,,""
"2021-08-11","'3133A9VX0'","MBS","UMBS MORTPASS 2% 09/50","30yr",,,,,"29861667.58",,,,,,""
"2021-08-11","'3140KKKM5'","MBS","UMBS MORTPASS 2.5% 07/50","30yr",,,,,"29845569.51",,,,,,""
"2021-08-11","'3132A5JL0'","MBS","UMBS MORTPASS 3% 04/48","30yr",,,,,"29836473.64",,,,,,""
"2021-08-11","'31418CYG3'","MBS","UMBS MORTPASS 3.5% 07/33","15yr",,,,,"29818008.64",,,,,,""
"2021-08-11","'3140L7H47'","MBS","UMBS MORTPASS 2% 04/51","30yr",,,,,"29810362.21",,,,,,""
"2021-08-11","'3140QKVU9'","MBS","UMBS MORTPASS 1.5% 05/36","15yr",,,,,"29804443.13",,,,,,""
"2021-08-11","'3140K9EL9'","MBS","UMBS MORTPASS 2.5% 04/50","30yr",,,,,"29793530.13",,,,,,""
"2021-08-11","'3140KQD32'","MBS","UMBS MORTPASS 1.5% 11/50","30yr",,,,,"29791971.38",,,,,,""
"2021-08-11","'3140XA2U5'","MBS","UMBS MORTPASS 2% 04/51","30yr",,,,,"29786473.01",,,,,,""
"2021-08-11","'3140H6CT4'","MBS","UMBS MORTPASS 3.5% 02/48","30yr",,,,,"29776453.43",,,,,,""
"2021-08-11","'3140X5SQ7'","MBS","UMBS MORTPASS 3% 01/50","30yr",,,,,"29735640.48",,,,,,""
"2021-08-11","'3133AGRG6'","MBS","UMBS MORTPASS 2% 03/51","30yr",,,,,"29726025.54",,,,,,""
"2021-08-11","'3140X9W27'","MBS","UMBS MORTPASS 2% 02/51","30yr",,,,,"29720483.87",,,,,,""
"2021-08-11","'36179M5N6'","MBS","GNMA II MORTPASS 4% 03/43","30yr",,,,,"29670331.34",,,,,,""
"2021-08-11","'3140QFUU1'","MBS","UMBS MORTPASS 2% 08/35","15yr",,,,,"29631084.46",,,,,,""
"2021-08-11","'3128MJ2F6'","MBS","FHLMCGLD 3% 08/47","30yr",,,,,"29573975.93",,,,,,""
"2021-08-11","'3133ALUJ5'","MBS","UMBS MORTPASS 2.5% 05/51","30yr",,,,,"29477953.12",,,,,,""
"2021-08-11","'3140K4RR3'","MBS","UMBS MORTPASS 2.5% 04/50","30yr",,,,,"29465833.19",,,,,,""
"2021-08-11","'3140KQEX5'","MBS","UMBS MORTPASS 2% 11/50","30yr",,,,,"29435957.91",,,,,,""
"2021-08-11","'3140K1Z66'","MBS","UMBS MORTPASS 3% 01/50","30yr",,,,,"29429229.61",,,,,,""
"2021-08-11","'31334YVU8'","MBS","UMBS MORTPASS 3% 09/49","30yr",,,,,"29422521.57",,,,,,""
"2021-08-11","'3140QA6R6'","MBS","UMBS MORTPASS 4% 05/49","30yr",,,,,"29407520.99",,,,,,""
"2021-08-11","'36179NJB5'","MBS","GNMA II MORTPASS 4% 07/43","30yr",,,,,"29401433.71",,,,,,""
"2021-08-11","'3140L7C42'","MBS","UMBS MORTPASS 2.5% 05/51","30yr",,,,,"29398093.74",,,,,,""
"2021-08-11","'3140QA2L3'","MBS","UMBS MORTPASS 3.5% 05/49","30yr",,,,,"29395256.16",,,,,,""
"2021-08-11","'36179T4N2'","MBS","GNMA II 3.5% 07/48","30yr",,,,,"29388745.17",,,,,,""
"2021-08-11","'3140HF5D7'","MBS","UMBS MORTPASS 2.5% 06/50","30yr",,,,,"29380411.35",,,,,,""
"2021-08-11","'3138WHLE0'","MBS","UMBS MORTPASS 2.5% 07/31","15yr",,,,,"29377640.47",,,,,,""
"2021-08-11","'3140KRNY1'","MBS","UMBS MORTPASS 1.5% 11/35","15yr",,,,,"29373903.15",,,,,,""
"2021-08-11","'3140L8MT4'","MBS","UMBS MORTPASS 2% 06/51","30yr",,,,,"29365832.28",,,,,,""
"2021-08-11","'3140LUMX6'","MBS","UMBS MORTPASS 2.5% 07/51","30yr",,,,,"29324097",,,,,,""
"2021-08-11","'3133ACZ92'","MBS","UMBS MORTPASS 2.5% 11/50","30yr",,,,,"29309147.67",,,,,,""
"2021-08-11","'3133KKRN1'","MBS","UMBS MORTPASS 2.5% 11/50","30yr",,,,,"29305101.15",,,,,,""
"2021-08-11","'3133KHSM9'","MBS","UMBS MORTPASS 2.5% 03/50","30yr",,,,,"29278441.56",,,,,,""
"2021-08-11","'3133A9DF9'","MBS","UMBS MORTPASS 2.5% 08/50","30yr",,,,,"29271047.42",,,,,,""
"2021-08-11","'3140KEGG7'","MBS","UMBS MORTPASS 2% 07/50","30yr",,,,,"29265405.13",,,,,,""
"2021-08-11","'3140JXFE3'","MBS","UMBS MORTPASS 3% 10/49","30yr",,,,,"29264850.14",,,,,,""
"2021-08-11","'3140KYCH5'","MBS","UMBS MORTPASS 1.5% 04/36","15yr",,,,,"29240362.59",,,,,,""
"2021-08-11","'3133KLHG5'","MBS","UMBS MORTPASS 1.5% 03/51","30yr",,,,,"29235836.29",,,,,,""
"2021-08-11","'3140X4GZ3'","MBS","UMBS MORTPASS 3.5% 07/49","30yr",,,,,"29234994.06",,,,,,""
"2021-08-11","'3133L8HR9'","MBS","UMBS MORTPASS 1.5% 06/36","15yr",,,,,"29191140.1",,,,,,""
"2021-08-11","'3131YC2K1'","MBS","UMBS MORTPASS 3.5% 06/49","30yr",,,,,"29167982.05",,,,,,""
"2021-08-11","'3140X8YV3'","MBS","UMBS MORTPASS 2% 12/50","30yr",,,,,"29148192.24",,,,,,""
"2021-08-11","'3140XAV25'","MBS","UMBS MORTPASS 2% 04/51","30yr",,,,,"29091071.78",,,,,,""
"2021-08-11","'3133KJL67'","MBS","UMBS MORTPASS 2% 07/50","30yr",,,,,"29060918.21",,,,,,""
"2021-08-11","'3140K4UY4'","MBS","UMBS MORTPASS 3% 03/50","30yr",,,,,"29057274.97",,,,,,""
"2021-08-11","'3140QBBF4'","MBS","UMBS MORTPASS 3.5% 06/49","30yr",,,,,"29043572.12",,,,,,""
"2021-08-11","'3128MFGU6'","MBS","FHLMCGLD 3.5% 10/26","15yr",,,,,"29015794.04",,,,,,"Y"
"2021-08-11","'3133G9MH9'","MBS","UMBS MORTPASS 2% 08/35","15yr",,,,,"29013133.02",,,,,,""
"2021-08-11","'3140QCK39'","MBS","UMBS MORTPASS 3.5% 09/49","30yr",,,,,"29012405.67",,,,,,""
"2021-08-11","'3132D55A6'","MBS","UMBS MORTPASS 3% 04/35","15yr",,,,,"28991094.1",,,,,,""
"2021-08-11","'3138MBXN1'","MBS","UMBS MORTPASS 3.5% 10/42","30yr",,,,,"28974008.93",,,,,,""
"2021-08-11","'3133AAHX3'","MBS","UMBS MORTPASS 2.5% 09/50","30yr",,,,,"28961276.41",,,,,,""
"2021-08-11","'3140L2SZ7'","MBS","UMBS MORTPASS 1.5% 01/51","30yr",,,,,"28919008.56",,,,,,""
"2021-08-11","'3140JPTY1'","MBS","UMBS MORTPASS 2% 02/51","30yr",,,,,"28906664.13",,,,,,""
"2021-08-11","'3140JWQR4'","MBS","UMBS MORTPASS 3.5% 10/49","30yr",,,,,"28879630.7",,,,,,""
"2021-08-11","'3133AACN0'","MBS","UMBS MORTPASS 2% 09/50","30yr",,,,,"28872981.8",,,,,,""
"2021-08-11","'3140X4TG1'","MBS","UMBS MORTPASS 3.5% 08/49","30yr",,,,,"28801162.05",,,,,,""
"2021-08-11","'3140K1X76'","MBS","UMBS MORTPASS 3% 11/49","30yr",,,,,"28770612.74",,,,,,""
"2021-08-11","'3133ALHN1'","MBS","UMBS MORTPASS 1.5% 05/51","30yr",,,,,"28750473.56",,,,,,""
"2021-08-11","'3140L8YW4'","MBS","UMBS MORTPASS 1.5% 04/36","15yr",,,,,"28739104.79",,,,,,""
"2021-08-11","'31334WCJ8'","MBS","UMBS MORTPASS 3.5% 06/49","30yr",,,,,"28721119.52",,,,,,""
"2021-08-11","'31418DCT7'","MBS","UMBS MORTPASS 3% 06/34","15yr",,,,,"28680672.5",,,,,,""
"2021-08-11","'3140HBYZ5'","MBS","UMBS MORTPASS 3% 10/49","30yr",,,,,"28651982.8",,,,,,""
"2021-08-11","'3132A8S42'","MBS","UMBS MORTPASS 2.5% 11/28","15yr",,,,,"28642007.5",,,,,,""
"2021-08-11","'3140X4TR7'","MBS","UMBS MORTPASS 3% 09/49","30yr",,,,,"28627204.31",,,,,,""
"2021-08-11","'31417DXH1'","MBS","UMBS MORTPASS 3.5% 11/42","30yr",,,,,"28616975.72",,,,,,""
"2021-08-11","'3133KHVK9'","MBS","UMBS MORTPASS 3.5% 04/50","30yr",,,,,"28552817.74",,,,,,""
"2021-08-11","'3140JPL78'","MBS","UMBS MORTPASS 3% 05/49","30yr",,,,,"28544148.37",,,,,,""
"2021-08-11","'3133AEPW8'","MBS","UMBS MORTPASS 2% 01/51","30yr",,,,,"28515073.77",,,,,,""
"2021-08-11","'3140L7X72'","MBS","UMBS MORTPASS 1.5% 05/51","30yr",,,,,"28511909.09",,,,,,""
"2021-08-11","'3133A94L6'","MBS","UMBS MORTPASS 2.5% 09/50","30yr",,,,,"28509324.21",,,,,,""
"2021-08-11","'3133A2MN7'","MBS","UMBS MORTPASS 2.5% 03/50","30yr",,,,,"28499716",,,,,,""
"2021-08-11","'3133AJFT5'","MBS","UMBS MORTPASS 2% 03/51","30yr",,,,,"28492669.47",,,,,,""
"2021-08-11","'3140KPJK0'","MBS","UMBS MORTPASS 2.5% 09/50","30yr",,,,,"28492459.35",,,,,,""
"2021-08-11","'3140JABX5'","MBS","UMBS MORTPASS 3.5% 05/48","30yr",,,,,"28472882.51",,,,,,""
"2021-08-11","'3140L4GV5'","MBS","UMBS MORTPASS 2% 03/51","30yr",,,,,"28458106.96",,,,,,""
"2021-08-11","'3140KHU41'","MBS","UMBS MORTPASS 2.5% 08/50","30yr",,,,,"28455463.97",,,,,,""
"2021-08-11","'3133KLKJ5'","MBS","UMBS MORTPASS 2% 03/51","30yr",,,,,"28325404.5",,,,,,""
"2021-08-11","'3132A9NH6'","MBS","UMBS MORTPASS 2.5% 07/28","15yr",,,,,"28319090.12",,,,,,""
"2021-08-11","'3131XAVE8'","MBS","UMBS MORTPASS 3% 05/29","15yr",,,,,"28302216",,,,,,""
"2021-08-11","'3140X8EN3'","MBS","UMBS MORTPASS 2.5% 11/50","30yr",,,,,"28284689.39",,,,,,""
"2021-08-11","'3140X6ZH7'","MBS","UMBS MORTPASS 3% 12/48","30yr",,,,,"28272434.23",,,,,,""
"2021-08-11","'36179UGC0'","MBS","GNMA II MORTPASS 4% 11/48","30yr",,,,,"28265740.95",,,,,,""
"2021-08-11","'3133GDHJ2'","MBS","UMBS MORTPASS 1.5% 06/36","15yr",,,,,"28263183.23",,,,,,""
"2021-08-11","'3140F7Q51'","MBS","UMBS MORTPASS 2.5% 07/31","15yr",,,,,"28246165.79",,,,,,""
"2021-08-11","'3140JM2M3'","MBS","UMBS MORTPASS 4% 02/49","30yr",,,,,"28239249.98",,,,,,""
"2021-08-11","'31418CWA8'","MBS","UMBS MORTPASS 3.5% 04/33","15yr",,,,,"28224335.91",,,,,,""
"2021-08-11","'3140L5DK9'","MBS","UMBS MORTPASS 2% 04/51","30yr",,,,,"28203698.27",,,,,,""
"2021-08-11","'3140KKKX1'","MBS","UMBS MORTPASS 2.5% 07/50","30yr",,,,,"28199896.8",,,,,,""
"2021-08-11","'3140X44J2'","MBS","UMBS MORTPASS 3% 10/49","30yr",,,,,"28175215.22",,,,,,""
"2021-08-11","'3128MMVW0'","MBS","FHLMCGLD 2% 12/31","15yr",,,,,"28165910.95",,,,,,""
"2021-08-11","'3133ABQF0'","MBS","UMBS MORTPASS 2.5% 11/50","30yr",,,,,"28156020.69",,,,,,""
"2021-08-11","'3140KMJT8'","MBS","UMBS MORTPASS 2% 09/35","15yr",,,,,"28128394.74",,,,,,""
"2021-08-11","'3140QLAY2'","MBS","UMBS MORTPASS 1.5% 06/36","15yr",,,,,"28110655.74",,,,,,""
"2021-08-11","'3133AAAH5'","MBS","UMBS MORTPASS 2% 09/50","30yr",,,,,"28095920.85",,,,,,""
"2021-08-11","'3132A8CR8'","MBS","UMBS MORTPASS 2.5% 11/27","15yr",,,,,"28024305.71",,,,,,""
"2021-08-11","'3140XAJW3'","MBS","UMBS MORTPASS 2% 03/51","30yr",,,,,"28000108.33",,,,,,""
"2021-08-11","'3140L6Z56'","MBS","UMBS MORTPASS 2% 04/51","30yr",,,,,"27973498.83",,,,,,""
"2021-08-11","'3133G9T82'","MBS","UMBS MORTPASS 2% 09/35","15yr",,,,,"27968042.08",,,,,,""
"2021-08-11","'3140KC5S7'","MBS","UMBS MORTPASS 2.5% 06/50","30yr",,,,,"27922255.88",,,,,,""
"2021-08-11","'3140X9T62'","MBS","UMBS MORTPASS 1.5% 02/51","30yr",,,,,"27909889.7",,,,,,""
"2021-08-11","'3140HFVN6'","MBS","UMBS MORTPASS 2.5% 05/50","30yr",,,,,"27884186.14",,,,,,""
"2021-08-11","'3140KYGW8'","MBS","UMBS MORTPASS 2% 12/50","30yr",,,,,"27873669.95",,,,,,""
"2021-08-11","'3132CJAJ2'","MBS","UMBS MORTPASS 3% 09/29","Other",,,,,"27817817.83",,,,,,""
"2021-08-11","'3140QGBM8'","MBS","UMBS MORTPASS 2.5% 12/50","30yr",,,,,"27789437.98",,,,,,""
"2021-08-11","'36202FB39'","MBS","GNMA II 4.5% 10/39","30yr",,,,,"27786475.56",,,,,,""
"2021-08-11","'3140KSB63'","MBS","UMBS MORTPASS 2% 11/50","30yr",,,,,"27772346.82",,,,,,""
"2021-08-11","'3140L5GA8'","MBS","UMBS MORTPASS 2% 04/51","30yr",,,,,"27765758.81",,,,,,""
"2021-08-11","'3131YC5S1'","MBS","UMBS MORTPASS 3% 05/49","30yr",,,,,"27755842.25",,,,,,""
"2021-08-11","'3140HK5N4'","MBS","UMBS MORTPASS 4% 08/48","30yr",,,,,"27726553.64",,,,,,""
"2021-08-11","'3131X8F35'","MBS","UMBS MORTPASS 2.5% 11/27","15yr",,,,,"27681603.19",,,,,,""
"2021-08-11","'3140L7QL9'","MBS","UMBS MORTPASS 2% 04/51","30yr",,,,,"27655433.82",,,,,,""
"2021-08-11","'3133KHDL7'","MBS","UMBS MORTPASS 4.5% 12/49","30yr",,,,,"27651683.2",,,,,,""
"2021-08-11","'3133AA4L3'","MBS","UMBS MORTPASS 2% 10/50","30yr",,,,,"27641790.19",,,,,,""
"2021-08-11","'3140QKVN5'","MBS","UMBS MORTPASS 1.5% 05/36","15yr",,,,,"27616894.62",,,,,,""
"2021-08-11","'3128MJ2B5'","MBS","FHLMCGLD 3% 07/47","30yr",,,,,"27615291.63",,,,,,""
"2021-08-11","'3138EGPD0'","MBS","UMBS MORTPASS 5.5% 12/39","30yr",,,,,"27585254.2",,,,,,"Y"
"2021-08-11","'3133KJJP8'","MBS","UMBS MORTPASS 2.5% 07/50","30yr",,,,,"27567026.06",,,,,,""
"2021-08-11","'3140F9QB4'","MBS","UMBS MORTPASS 2.5% 09/31","15yr",,,,,"27563115.04",,,,,,""
"2021-08-11","'3140X9T70'","MBS","UMBS MORTPASS 1.5% 02/51","30yr",,,,,"27554282.73",,,,,,""
"2021-08-11","'36179TT96'","MBS","GNMA II MORTPASS 3% 03/48","30yr",,,,,"27542645.91",,,,,,""
"2021-08-11","'3133GBA61'","MBS","UMBS MORTPASS 2% 12/35","15yr",,,,,"27501223.49",,,,,,""
"2021-08-11","'3140HBVC9'","MBS","UMBS MORTPASS 4% 09/49","30yr",,,,,"27488964.73",,,,,,""
"2021-08-11","'3132DMBH7'","MBS","UMBS MORTPASS 3% 07/49","30yr",,,,,"27482164",,,,,,""
"2021-08-11","'31307VB21'","MBS","FHLMCGLD 3% 09/32","15yr",,,,,"27477092.59",,,,,,""
"2021-08-11","'3140KMUL2'","MBS","UMBS MORTPASS 2.5% 09/50","30yr",,,,,"27420003.1",,,,,,""
"2021-08-11","'3131XYC64'","MBS","UMBS MORTPASS 3.5% 11/47","30yr",,,,,"27390395.24",,,,,,""
"2021-08-11","'31418CS39'","MBS","UMBS MORTPASS 3% 01/48","30yr",,,,,"27369759.79",,,,,,""
"2021-08-11","'3140JLY73'","MBS","UMBS MORTPASS 4% 02/49","30yr",,,,,"27333631.65",,,,,,""
"2021-08-11","'3140KARJ7'","MBS","UMBS MORTPASS 3% 03/50","30yr",,,,,"27317455.26",,,,,,""
"2021-08-11","'3133L8EA9'","MBS","UMBS MORTPASS 1.5% 04/36","15yr",,,,,"27313850.18",,,,,,""
"2021-08-11","'3140KF6P5'","MBS","UMBS MORTPASS 2% 08/50","30yr",,,,,"27302471.11",,,,,,""
"2021-08-11","'3140H6E47'","MBS","UMBS MORTPASS 3.5% 12/47","30yr",,,,,"27294431.24",,,,,,""
"2021-08-11","'3128MMXP3'","MBS","FHLMCGLD 3.5% 04/33","15yr",,,,,"27289237.36",,,,,,""
"2021-08-11","'36202F3P9'","MBS","GNMA II 4.5% 02/42","30yr",,,,,"27286613.1",,,,,,""
"2021-08-11","'3140KHUD1'","MBS","UMBS MORTPASS 2.5% 08/50","30yr",,,,,"27248847.82",,,,,,""
"2021-08-11","'3140HDS88'","MBS","UMBS MORTPASS 3% 01/50","30yr",,,,,"27242924.2",,,,,,""
"2021-08-11","'36178NFN4'","MBS","GNMA I MORTPASS 3% 09/42","30yr",,,,,"27200923.24",,,,,,""
"2021-08-11","'3140JX6U7'","MBS","UMBS MORTPASS 3% 09/49","30yr",,,,,"27193475.02",,,,,,""
"2021-08-11","'3131Y7BQ9'","MBS","UMBS MORTPASS 4% 11/48","30yr",,,,,"27175348.5",,,,,,""
"2021-08-11","'36179NF94'","MBS","GNMA II 4.5% 06/43","30yr",,,,,"27126329.14",,,,,,""
"2021-08-11","'3140X4DJ2'","MBS","UMBS MORTPASS 2.5% 10/23","Other",,,,,"27121216.24",,,,,,""
"2021-08-11","'3140JNWA4'","MBS","UMBS MORTPASS 4% 04/49","30yr",,,,,"27114328.66",,,,,,""
"2021-08-11","'3140L8MH0'","MBS","UMBS MORTPASS 2% 05/51","30yr",,,,,"27103524.92",,,,,,""
"2021-08-11","'3133ABNZ9'","MBS","UMBS MORTPASS 2% 11/50","30yr",,,,,"27101498.85",,,,,,""
"2021-08-11","'36179Q6Q9'","MBS","GNMA II MORTPASS 4% 03/45","30yr",,,,,"27092330.69",,,,,,""
"2021-08-11","'3133GCHW5'","MBS","UMBS MORTPASS 1.5% 04/36","15yr",,,,,"27066649.22",,,,,,""
"2021-08-11","'3138EHAZ5'","MBS","UMBS MORTPASS 4.5% 10/39","30yr",,,,,"27047941.62",,,,,,"Y"
"2021-08-11","'3140KMT59'","MBS","UMBS MORTPASS 2.5% 09/50","30yr",,,,,"27042539.47",,,,,,""
"2021-08-11","'3140QDBT0'","MBS","UMBS MORTPASS 3.5% 02/50","30yr",,,,,"27036421.49",,,,,,""
"2021-08-11","'31339SF26'","MBS","UMBS MORTPASS 3.5% 09/49","30yr",,,,,"27023578.21",,,,,,""
"2021-08-11","'3140KRNR6'","MBS","UMBS MORTPASS 2.5% 11/50","30yr",,,,,"27015663.77",,,,,,""
"2021-08-11","'3133KYS91'","MBS","UMBS MORTPASS 3% 04/40","Other",,,,,"27012994.16",,,,,,""
"2021-08-11","'3133AA4K5'","MBS","UMBS MORTPASS 2% 10/50","30yr",,,,,"26953060.28",,,,,,""
"2021-08-11","'3140HBH68'","MBS","UMBS MORTPASS 4% 06/48","30yr",,,,,"26933858.79",,,,,,""
"2021-08-11","'3140LTPF5'","MBS","UMBS MORTPASS 2.5% 06/51","30yr",,,,,"26917398.95",,,,,,""
"2021-08-11","'3140LPYQ9'","MBS","UMBS MORTPASS 2% 05/51","30yr",,,,,"26902916.14",,,,,,""
"2021-08-11","'3140X55Z2'","MBS","UMBS MORTPASS 4.5% 06/49","30yr",,,,,"26902617",,,,,,""
"2021-08-11","'3132A5KC8'","MBS","UMBS MORTPASS 4.5% 09/48","30yr",,,,,"26890898.92",,,,,,""
"2021-08-11","'31418C6L3'","MBS","UMBS MORTPASS 3.5% 01/49","30yr",,,,,"26848006.59",,,,,,""
"2021-08-11","'36202E3E7'","MBS","GNMA II 4.5% 03/39","30yr",,,,,"26836898.29",,,,,,""
"2021-08-11","'31417C2X2'","MBS","UMBS MORTPASS 2.5% 09/27","15yr",,,,,"26812859.06",,,,,,""
"2021-08-11","'3133AKKM1'","MBS","UMBS MORTPASS 2% 04/51","30yr",,,,,"26801212.49",,,,,,""
"2021-08-11","'3140K5E37'","MBS","UMBS MORTPASS 3% 03/50","30yr",,,,,"26776131.33",,,,,,""
"2021-08-11","'3133A0CY8'","MBS","UMBS MORTPASS 3% 12/49","30yr",,,,,"26773038.52",,,,,,""
"2021-08-11","'3133A4XY7'","MBS","UMBS MORTPASS 2.5% 06/50","30yr",,,,,"26762477.77",,,,,,""
"2021-08-11","'3140QCGT7'","MBS","UMBS MORTPASS 3% 11/34","15yr",,,,,"26680030.23",,,,,,""
"2021-08-11","'31329NTJ7'","MBS","UMBS MORTPASS 4% 10/47","30yr",,,,,"26672808.51",,,,,,""
"2021-08-11","'3133A4B62'","MBS","UMBS MORTPASS 3% 04/50","30yr",,,,,"26669735.8",,,,,,""
"2021-08-11","'3133AGQW2'","MBS","UMBS MORTPASS 2% 03/51","30yr",,,,,"26667350.61",,,,,,""
"2021-08-11","'3133A1MF6'","MBS","UMBS MORTPASS 3% 01/50","30yr",,,,,"26636981.38",,,,,,""
"2021-08-11","'3140L4CC1'","MBS","UMBS MORTPASS 2% 03/51","30yr",,,,,"26634734.63",,,,,,""
"2021-08-11","'3132CJAS2'","MBS","UMBS MORTPASS 3.5% 10/28","Other",,,,,"26612619.32",,,,,,"Y"
"2021-08-11","'3140X8MA2'","MBS","UMBS MORTPASS 2% 11/30","Other",,,,,"26605777.64",,,,,,""
"2021-08-11","'3140HNCX8'","MBS","UMBS MORTPASS 2% 11/50","30yr",,,,,"26546037.36",,,,,,""
"2021-08-11","'3133A2LA6'","MBS","UMBS MORTPASS 3% 03/50","30yr",,,,,"26528080.32",,,,,,""
"2021-08-11","'3140K0W61'","MBS","UMBS MORTPASS 3% 11/49","30yr",,,,,"26525258.77",,,,,,""
"2021-08-11","'31418DKM3'","MBS","UMBS MORTPASS 2.5% 01/30","Other",,,,,"26504168.81",,,,,,""
"2021-08-11","'3140K4TU4'","MBS","UMBS MORTPASS 3% 03/50","30yr",,,,,"26469551.25",,,,,,""
"2021-08-11","'3140K4ZR4'","MBS","UMBS MORTPASS 3% 12/49","30yr",,,,,"26461800.4",,,,,,""
"2021-08-11","'3140KQLT6'","MBS","UMBS MORTPASS 2.5% 10/50","30yr",,,,,"26451334.59",,,,,,""
"2021-08-11","'3133L8HP3'","MBS","UMBS MORTPASS 1.5% 05/36","15yr",,,,,"26441939.25",,,,,,""
"2021-08-11","'3133KGKD9'","MBS","UMBS MORTPASS 3.5% 08/49","30yr",,,,,"26426860.98",,,,,,""
"2021-08-11","'3133ALHB7'","MBS","UMBS MORTPASS 2% 05/51","30yr",,,,,"26415207.14",,,,,,""
"2021-08-11","'3133A8M20'","MBS","UMBS MORTPASS 2.5% 08/50","30yr",,,,,"26394878.19",,,,,,""
"2021-08-11","'3140KT5G6'","MBS","UMBS MORTPASS 2% 11/35","15yr",,,,,"26387396.25",,,,,,""
"2021-08-11","'36179UD82'","MBS","GNMA II 3.5% 10/48","30yr",,,,,"26368045.04",,,,,,""
"2021-08-11","'3133AKS68'","MBS","UMBS MORTPASS 2.5% 05/51","30yr",,,,,"26353594.84",,,,,,""
"2021-08-11","'3140L2RK1'","MBS","UMBS MORTPASS 2% 03/51","30yr",,,,,"26317327.35",,,,,,""
"2021-08-11","'3140HBWV6'","MBS","UMBS MORTPASS 2.5% 10/49","30yr",,,,,"26305829.93",,,,,,""
"2021-08-11","'3133KGPA0'","MBS","UMBS MORTPASS 3% 08/49","30yr",,,,,"26295650.38",,,,,,""
"2021-08-11","'31339SUM5'","MBS","UMBS MORTPASS 3.5% 09/49","30yr",,,,,"26289693.39",,,,,,""
"2021-08-11","'3140H35R3'","MBS","UMBS MORTPASS 4% 10/47","30yr",,,,,"26246833.29",,,,,,""
"2021-08-11","'3140QDTG9'","MBS","UMBS MORTPASS 2.5% 05/35","15yr",,,,,"26225267.56",,,,,,""
"2021-08-11","'3140KNVL9'","MBS","UMBS MORTPASS 2% 08/35","15yr",,,,,"26220026.39",,,,,,""
"2021-08-11","'3138EHBP6'","MBS","UMBS MORTPASS 5% 07/39","30yr",,,,,"26191642.93",,,,,,"Y"
"2021-08-11","'36180MXL6'","MBS","GNMA I MORTPASS 3% 03/43","30yr",,,,,"26150539.38",,,,,,""
"2021-08-11","'3128M8WJ9'","MBS","FHLMCGLD 5% 12/39","30yr",,,,,"26122994.94",,,,,,"Y"
"2021-08-11","'3140L8GH7'","MBS","UMBS MORTPASS 2% 05/51","30yr",,,,,"26109164.93",,,,,,""
"2021-08-11","'31334YCP0'","MBS","UMBS MORTPASS 3% 08/49","30yr",,,,,"26051858.88",,,,,,""
"2021-08-11","'3133A3ZL5'","MBS","UMBS MORTPASS 3% 04/50","30yr",,,,,"26050933.39",,,,,,""
"2021-08-11","'3140X44A1'","MBS","UMBS MORTPASS 3% 10/44","30yr",,,,,"26036605.28",,,,,,""
"2021-08-11","'3140HEAG7'","MBS","UMBS MORTPASS 3.5% 07/48","30yr",,,,,"25995588.18",,,,,,""
"2021-08-11","'3138EL5Z2'","MBS","UMBS MORTPASS 2.5% 02/28","15yr",,,,,"25995281.82",,,,,,""
"2021-08-11","'3133KHZZ2'","MBS","UMBS 2.5%","30yr",,,,,"25983481.87",,,,,,""
"2021-08-11","'3133ALMP0'","MBS","UMBS MORTPASS 2.5% 05/51","30yr",,,,,"25976442.58",,,,,,""
"2021-08-11","'3140QA3L2'","MBS","UMBS MORTPASS 4% 05/49","30yr",,,,,"25963675.76",,,,,,""
"2021-08-11","'3140X9HU2'","MBS","UMBS MORTPASS 2% 01/51","30yr",,,,,"25961039.14",,,,,,""
"2021-08-11","'3140QKRE0'","MBS","UMBS MORTPASS 1.5% 05/51","30yr",,,,,"25936549.87",,,,,,""
"2021-08-11","'31334YLV7'","MBS","UMBS MORTPASS 3% 08/49","30yr",,,,,"25926730.14",,,,,,""
"2021-08-11","'3132D54Y5'","MBS","UMBS MORTPASS 2% 04/35","15yr",,,,,"25910119.29",,,,,,""
"2021-08-11","'3140QBWK0'","MBS","UMBS MORTPASS 3% 10/49","30yr",,,,,"25879958.01",,,,,,""
"2021-08-11","'3140KXBS4'","MBS","UMBS MORTPASS 2.5% 12/50","30yr",,,,,"25876778.84",,,,,,""
"2021-08-11","'3140KNMZ8'","MBS","UMBS MORTPASS 2.5% 10/50","30yr",,,,,"25874376.59",,,,,,""
"2021-08-11","'3133KYT41'","MBS","UMBS MORTPASS 2% 09/40","Other",,,,,"25847644.96",,,,,,""
"2021-08-11","'3140X4PU4'","MBS","UMBS MORTPASS 2.5% 11/31","15yr",,,,,"25840397.69",,,,,,""
"2021-08-11","'3131Y2CR7'","MBS","UMBS MORTPASS 4% 07/48","30yr",,,,,"25840209.25",,,,,,""
"2021-08-11","'3140KKHQ0'","MBS","UMBS MORTPASS 2.5% 08/50","30yr",,,,,"25830740.11",,,,,,""
"2021-08-11","'3138EGDH4'","MBS","UMBS MORTPASS 5.5% 08/37","30yr",,,,,"25807972.5",,,,,,"Y"
"2021-08-11","'3140KNFD5'","MBS","UMBS MORTPASS 2.5% 09/50","30yr",,,,,"25802512.66",,,,,,""
"2021-08-11","'36296QVJ5'","MBS","GNMA I 4.5% 06/39","30yr",,,,,"25751907.08",,,,,,""
"2021-08-11","'3140L4HU6'","MBS","UMBS MORTPASS 2% 03/51","30yr",,,,,"25724351.23",,,,,,""
"2021-08-11","'3140KBDP6'","MBS","UMBS MORTPASS 2% 08/35","15yr",,,,,"25709203.16",,,,,,""
"2021-08-11","'3128MMX24'","MBS","FHLMCGLD 3.5% 07/33","15yr",,,,,"25704155.07",,,,,,""
"2021-08-11","'3133KL4Z7'","MBS","UMBS MORTPASS 1.5% 02/51","30yr",,,,,"25693481.51",,,,,,""
"2021-08-11","'3133A3NX2'","MBS","UMBS MORTPASS 2.5% 04/50","30yr",,,,,"25667932.61",,,,,,""
"2021-08-11","'3133ALPS1'","MBS","UMBS MORTPASS 2% 06/51","30yr",,,,,"25637284.73",,,,,,""
"2021-08-11","'3140X6EU1'","MBS","UMBS MORTPASS 3% 04/50","30yr",,,,,"25617419.86",,,,,,""
"2021-08-11","'3140L2SG9'","MBS","UMBS MORTPASS 1.5% 01/51","30yr",,,,,"25593768.52",,,,,,""
"2021-08-11","'3138EGQK3'","MBS","UMBS MORTPASS 5% 01/40","30yr",,,,,"25579166.44",,,,,,"Y"
"2021-08-11","'36202FPE0'","MBS","GNMA II 3.5% 01/41","30yr",,,,,"25530800.78",,,,,,""
"2021-08-11","'3133KYSJ9'","MBS","UMBS MORTPASS 2.5% 10/39","Other",,,,,"25523760.42",,,,,,""
"2021-08-11","'3133AAVN9'","MBS","UMBS MORTPASS 2% 10/50","30yr",,,,,"25499366.58",,,,,,""
"2021-08-11","'3132DMJV8'","MBS","UMBS MORTPASS 4.5% 12/43","30yr",,,,,"25497281.18",,,,,,"Y"
"2021-08-11","'3140KQPA3'","MBS","UMBS MORTPASS 2% 09/50","30yr",,,,,"25497018.21",,,,,,""
"2021-08-11","'3140L27F4'","MBS","UMBS MORTPASS 2% 03/51","30yr",,,,,"25487326.73",,,,,,""
"2021-08-11","'3140X9TD7'","MBS","UMBS MORTPASS 1.5% 02/51","30yr",,,,,"25475481.67",,,,,,""
"2021-08-11","'3140X5QN6'","MBS","UMBS MORTPASS 4.5% 02/49","30yr",,,,,"25451650.55",,,,,,""
"2021-08-11","'31346YFR9'","MBS","UMBS MORTPASS 3% 11/49","30yr",,,,,"25451354.47",,,,,,""
"2021-08-11","'3140K9TZ2'","MBS","UMBS MORTPASS 3% 03/50","30yr",,,,,"25398940.78",,,,,,""
"2021-08-11","'3133KHU79'","MBS","UMBS MORTPASS 3% 04/50","30yr",,,,,"25368954.2",,,,,,""
"2021-08-11","'3133A6L90'","MBS","UMBS MORTPASS 3% 06/50","30yr",,,,,"25350731.67",,,,,,""
"2021-08-11","'31417EPD7'","MBS","UMBS MORTPASS 3.5% 01/43","30yr",,,,,"25333725.05",,,,,,""
"2021-08-11","'3140KDLC2'","MBS","UMBS MORTPASS 2% 06/35","15yr",,,,,"25300207.33",,,,,,""
"2021-08-11","'3140JWJX9'","MBS","UMBS MORTPASS 3% 08/49","30yr",,,,,"25280354.1",,,,,,""
"2021-08-11","'3140X9ZQ1'","MBS","UMBS MORTPASS 2% 12/35","15yr",,,,,"25194171.49",,,,,,""
"2021-08-11","'3140K8SK8'","MBS","UMBS MORTPASS 3% 03/50","30yr",,,,,"25148512.34",,,,,,""
"2021-08-11","'3133KJJC7'","MBS","UMBS MORTPASS 2.5% 07/50","30yr",,,,,"25124056.32",,,,,,""
"2021-08-11","'3132JAZU2'","MBS","FHLMCGLD 3.5% 06/43","30yr",,,,,"25111361.84",,,,,,""
"2021-08-11","'31417C4S1'","MBS","UMBS MORTPASS 3.5% 09/42","30yr",,,,,"25096704.67",,,,,,""
"2021-08-11","'3140KCJT0'","MBS","UMBS MORTPASS 3% 05/50","30yr",,,,,"25031284.66",,,,,,""
"2021-08-11","'31339UEY2'","MBS","UMBS MORTPASS 3% 10/49","30yr",,,,,"25001578.74",,,,,,""
"2021-08-11","'3131YA6H8'","MBS","UMBS MORTPASS 3% 11/48","30yr",,,,,"24983019.11",,,,,,""
"2021-08-11","'3133AJF73'","MBS","UMBS MORTPASS 2% 04/51","30yr",,,,,"24953232.3",,,,,,""
"2021-08-11","'3132J8WM8'","MBS","FHLMCGLD 3% 04/43","30yr",,,,,"24953103.85",,,,,,""
"2021-08-11","'3140L1LH6'","MBS","UMBS MORTPASS 2% 03/51","30yr",,,,,"24939484.39",,,,,,""
"2021-08-11","'3140KACM6'","MBS","UMBS MORTPASS 2.5% 04/50","30yr",,,,,"24929157.83",,,,,,""
"2021-08-11","'3140X5CY7'","MBS","UMBS MORTPASS 3.5% 06/49","30yr",,,,,"24923870.53",,,,,,""
"2021-08-11","'3140KGJ79'","MBS","UMBS MORTPASS 2.5% 07/50","30yr",,,,,"24922673.93",,,,,,""
"2021-08-11","'3140L5C87'","MBS","UMBS MORTPASS 2% 04/51","30yr",,,,,"24877142.3",,,,,,""
"2021-08-11","'3131YASJ0'","MBS","UMBS MORTPASS 3.5% 03/49","30yr",,,,,"24865050.65",,,,,,""
"2021-08-11","'3140KFRM9'","MBS","UMBS MORTPASS 2.5% 06/50","30yr",,,,,"24864625.22",,,,,,""
"2021-08-11","'3140KDNW6'","MBS","UMBS MORTPASS 2.5% 05/50","30yr",,,,,"24856472.38",,,,,,""
"2021-08-11","'3133ALEF1'","MBS","UMBS MORTPASS 1.5% 05/51","30yr",,,,,"24852668.32",,,,,,""
"2021-08-11","'3140L4WB1'","MBS","UMBS MORTPASS 2% 02/51","30yr",,,,,"24843935.57",,,,,,""
"2021-08-11","'3140X5Y31'","MBS","UMBS MORTPASS 3% 02/35","15yr",,,,,"24722910.92",,,,,,""
"2021-08-11","'31417GL79'","MBS","UMBS MORTPASS 3% 05/43","30yr",,,,,"24711513.82",,,,,,""
"2021-08-11","'3128M8YB4'","MBS","FHLMCGLD 5% 03/38","30yr",,,,,"24688268.21",,,,,,"Y"
"2021-08-11","'3133GAV45'","MBS","UMBS MORTPASS 2% 11/35","15yr",,,,,"24657921.92",,,,,,""
"2021-08-11","'3140KGZC0'","MBS","UMBS MORTPASS 2.5% 07/50","30yr",,,,,"24627103.49",,,,,,""
"2021-08-11","'3140KTMM4'","MBS","UMBS MORTPASS 2% 11/50","30yr",,,,,"24622337.74",,,,,,""
"2021-08-11","'3140L3G54'","MBS","UMBS MORTPASS 2% 03/51","30yr",,,,,"24604217.55",,,,,,""
"2021-08-11","'3140KQFJ5'","MBS","UMBS MORTPASS 2% 11/35","15yr",,,,,"24603242.95",,,,,,""
"2021-08-11","'3140Q82U8'","MBS","UMBS MORTPASS 3.5% 03/48","30yr",,,,,"24594319.87",,,,,,""
"2021-08-11","'3140KPDS9'","MBS","UMBS MORTPASS 2% 09/50","30yr",,,,,"24591630.7",,,,,,""
"2021-08-11","'31329QNH0'","MBS","UMBS MORTPASS 4% 04/49","30yr",,,,,"24591029.86",,,,,,""
"2021-08-11","'3140X5FR9'","MBS","UMBS MORTPASS 4.5% 05/49","30yr",,,,,"24529561.39",,,,,,""
"2021-08-11","'3140L13K9'","MBS","UMBS MORTPASS 2% 02/51","30yr",,,,,"24494509.19",,,,,,""
"2021-08-11","'31307SXG3'","MBS","FHLMCGLD 2.5% 01/32","15yr",,,,,"24487718.94",,,,,,""
"2021-08-11","'31346YW41'","MBS","UMBS MORTPASS 3% 12/49","30yr",,,,,"24476300.5",,,,,,""
"2021-08-11","'3140L6C36'","MBS","UMBS MORTPASS 2% 03/51","30yr",,,,,"24468310.96",,,,,,""
"2021-08-11","'3133KJE65'","MBS","UMBS MORTPASS 2.5% 06/50","30yr",,,,,"24456329.83",,,,,,""
"2021-08-11","'3140KMDX5'","MBS","UMBS MORTPASS 2.5% 09/50","30yr",,,,,"24455554.05",,,,,,""
"2021-08-11","'3133A1LE0'","MBS","UMBS MORTPASS 3% 02/50","30yr",,,,,"24448448.28",,,,,,""
"2021-08-11","'3133AFUH2'","MBS","UMBS MORTPASS 2% 02/51","30yr",,,,,"24418039.64",,,,,,""
"2021-08-11","'3140KQMK4'","MBS","UMBS MORTPASS 2.5% 10/50","30yr",,,,,"24398719.9",,,,,,""
"2021-08-11","'3140FPFS3'","MBS","UMBS MORTPASS 4.5% 07/47","30yr",,,,,"24392603.78",,,,,,""
"2021-08-11","'3133G8QB0'","MBS","UMBS MORTPASS 2% 06/35","15yr",,,,,"24354505.49",,,,,,""
"2021-08-11","'3140QFNS4'","MBS","UMBS MORTPASS 2.5% 11/50","30yr",,,,,"24290748.03",,,,,,""
"2021-08-11","'3140QB4R6'","MBS","UMBS MORTPASS 3.5% 10/49","30yr",,,,,"24278432.53",,,,,,""
"2021-08-11","'3133AE5Z3'","MBS","UMBS MORTPASS 2% 01/51","30yr",,,,,"24184292.49",,,,,,""
"2021-08-11","'3140L0A80'","MBS","UMBS MORTPASS 2% 01/51","30yr",,,,,"24178442.34",,,,,,""
"2021-08-11","'3133L7LX3'","MBS","UMBS MORTPASS 3% 02/35","15yr",,,,,"24110807.33",,,,,,""
"2021-08-11","'3140QC3C8'","MBS","UMBS MORTPASS 3.5% 02/35","15yr",,,,,"24107338.98",,,,,,""
"2021-08-11","'3133A5CU5'","MBS","UMBS MORTPASS 2.5% 05/50","30yr",,,,,"24068586.21",,,,,,""
"2021-08-11","'31418CVF8'","MBS","UMBS MORTPASS 3.5% 03/33","15yr",,,,,"24026975.95",,,,,,""
"2021-08-11","'31335CJ54'","MBS","FHLMCGLD 4% 08/46","30yr",,,,,"23999327.63",,,,,,"Y"
"2021-08-11","'3140X3AW8'","MBS","UMBS MORTPASS 3.5% 07/49","30yr",,,,,"23997121.26",,,,,,""
"2021-08-11","'3140KQKJ9'","MBS","UMBS MORTPASS 2.5% 10/50","30yr",,,,,"23923718.7",,,,,,""
"2021-08-11","'3133A4ST4'","MBS","UMBS MORTPASS 2.5% 05/50","30yr",,,,,"23920367",,,,,,""
"2021-08-11","'3140X5XV0'","MBS","UMBS MORTPASS 3.5% 07/49","30yr",,,,,"23899806.09",,,,,,""
"2021-08-11","'3140HP2Y2'","MBS","UMBS MORTPASS 4% 08/48","30yr",,,,,"23898592.05",,,,,,""
"2021-08-11","'3133A4B88'","MBS","UMBS MORTPASS 3% 04/50","30yr",,,,,"23839907.4",,,,,,""
"2021-08-11","'3140KTPE9'","MBS","UMBS MORTPASS 2.5% 11/50","30yr",,,,,"23828166.25",,,,,,""
"2021-08-11","'31418DM82'","MBS","UMBS MORTPASS 3% 04/30","Other",,,,,"23807839.19",,,,,,""
"2021-08-11","'3140JQRZ8'","MBS","UMBS MORTPASS 3% 08/49","30yr",,,,,"23807632.6",,,,,,""
"2021-08-11","'3133AKM49'","MBS","UMBS MORTPASS 2% 05/51","30yr",,,,,"23794468.14",,,,,,""
"2021-08-11","'3133ACQV3'","MBS","UMBS MORTPASS 2.5% 11/50","30yr",,,,,"23765034.23",,,,,,""
"2021-08-11","'31418DB68'","MBS","UMBS MORTPASS 3.5% 05/39","Other",,,,,"23754871.99",,,,,,""
"2021-08-11","'36179T4M4'","MBS","GNMA II MORTPASS 3% 07/48","30yr",,,,,"23746717.68",,,,,,""
"2021-08-11","'3140KNWZ7'","MBS","UMBS MORTPASS 2.5% 09/50","30yr",,,,,"23725843.9",,,,,,""
"2021-08-11","'3133A7VW6'","MBS","UMBS MORTPASS 2.5% 07/50","30yr",,,,,"23724010.63",,,,,,""
"2021-08-11","'3140L7YY2'","MBS","UMBS MORTPASS 2.5% 03/51","30yr",,,,,"23698907.66",,,,,,""
"2021-08-11","'3133ACBM9'","MBS","UMBS MORTPASS 2% 11/50","30yr",,,,,"23670618.92",,,,,,""
"2021-08-11","'3128MMXJ7'","MBS","FHLMCGLD 2.5% 03/33","15yr",,,,,"23658179.54",,,,,,""
"2021-08-11","'3140FPDG1'","MBS","UMBS MORTPASS 4% 06/47","30yr",,,,,"23634515.7",,,,,,""
"2021-08-11","'3133ABQK9'","MBS","UMBS MORTPASS 2% 11/50","30yr",,,,,"23627348.89",,,,,,""
"2021-08-11","'3133KHVT0'","MBS","UMBS MORTPASS 3% 04/50","30yr",,,,,"23617210.52",,,,,,""
"2021-08-11","'36180C4B2'","MBS","GNMA I MORTPASS 3% 02/43","30yr",,,,,"23603823.9",,,,,,""
"2021-08-11","'3138EJXH6'","MBS","UMBS MORTPASS 2.5% 09/27","15yr",,,,,"23589322.21",,,,,,""
"2021-08-11","'3133AGAX7'","MBS","UMBS MORTPASS 1.5% 02/51","30yr",,,,,"23567733.47",,,,,,""
"2021-08-11","'3133KJ4X7'","MBS","UMBS MORTPASS 2% 09/50","30yr",,,,,"23565297.37",,,,,,""
"2021-08-11","'3140LUMP3'","MBS","UMBS MORTPASS 2% 07/51","30yr",,,,,"23512533",,,,,,""
"2021-08-11","'3133KGKH0'","MBS","UMBS MORTPASS 4% 08/49","30yr",,,,,"23511134.14",,,,,,""
"2021-08-11","'31329QZJ3'","MBS","UMBS MORTPASS 4% 06/49","30yr",,,,,"23502788.67",,,,,,""
"2021-08-11","'3140L4VD8'","MBS","UMBS MORTPASS 2% 02/51","30yr",,,,,"23473336.51",,,,,,""
"2021-08-11","'3140L7ZW5'","MBS","UMBS MORTPASS 2% 04/51","30yr",,,,,"23463041.87",,,,,,""
"2021-08-11","'3140L6PL2'","MBS","UMBS MORTPASS 2% 03/36","15yr",,,,,"23398386.54",,,,,,""
"2021-08-11","'3140X5Y23'","MBS","UMBS MORTPASS 3% 03/35","15yr",,,,,"23396807.98",,,,,,""
"2021-08-11","'3140KBQ56'","MBS","UMBS MORTPASS 2.5% 05/50","30yr",,,,,"23395580.03",,,,,,""
"2021-08-11","'3140KBX25'","MBS","UMBS MORTPASS 2.5% 05/50","30yr",,,,,"23332949.64",,,,,,""
"2021-08-11","'3128M8MN1'","MBS","FHLMCGLD 5.5% 09/38","30yr",,,,,"23317325.03",,,,,,"Y"
"2021-08-11","'3140KDFX3'","MBS","UMBS MORTPASS 2.5% 06/50","30yr",,,,,"23302173.67",,,,,,""
"2021-08-11","'3131XYZ69'","MBS","UMBS MORTPASS 3.5% 01/48","30yr",,,,,"23290047.6",,,,,,""
"2021-08-11","'3133UUNR3'","MBS","UMBS MORTPASS 2.5% 01/40","Other",,,,,"23285332.73",,,,,,""
"2021-08-11","'3138EP7G3'","MBS","UMBS MORTPASS 4.5% 08/24","15yr",,,,,"23285293.2",,,,,,"Y"
"2021-08-11","'3140K8R78'","MBS","UMBS MORTPASS 2.5% 03/50","30yr",,,,,"23268985.3",,,,,,""
"2021-08-11","'3133KHJF4'","MBS","UMBS MORTPASS 3.5% 10/49","30yr",,,,,"23264407.56",,,,,,""
"2021-08-11","'3140LPDN9'","MBS","UMBS MORTPASS 2.5% 06/51","30yr",,,,,"23259648.39",,,,,,""
"2021-08-11","'31329QNM9'","MBS","UMBS MORTPASS 4% 04/49","30yr",,,,,"23253114.39",,,,,,""
"2021-08-11","'3132J9U97'","MBS","FHLMCGLD 3.5% 05/43","30yr",,,,,"23236731.91",,,,,,""
"2021-08-11","'3128MMYD9'","MBS","FHLMCGLD 3.5% 09/33","15yr",,,,,"23228197.68",,,,,,""
"2021-08-11","'3140K47D6'","MBS","UMBS MORTPASS 3% 02/50","30yr",,,,,"23226700.42",,,,,,""
"2021-08-11","'3132DMPG4'","MBS","UMBS MORTPASS 2% 08/50","30yr",,,,,"23201690.06",,,,,,""
"2021-08-11","'3133ALEW4'","MBS","UMBS MORTPASS 2% 05/51","30yr",,,,,"23199207.67",,,,,,""
"2021-08-11","'3140X7V97'","MBS","UMBS MORTPASS 1.5% 09/35","15yr",,,,,"23197071.86",,,,,,""
"2021-08-11","'36179NJC3'","MBS","GNMA II 4.5% 07/43","30yr",,,,,"23196211.11",,,,,,""
"2021-08-11","'3140QG4E4'","MBS","UMBS MORTPASS 1.5% 02/51","30yr",,,,,"23195317.13",,,,,,""
"2021-08-11","'31418DLJ9'","MBS","UMBS MORTPASS 2.5% 02/30","Other",,,,,"23183693.29",,,,,,""
"2021-08-11","'3140K4TT7'","MBS","UMBS MORTPASS 2.5% 03/50","30yr",,,,,"23174204.56",,,,,,""
"2021-08-11","'3138W9TB6'","MBS","UMBS MORTPASS 4% 09/43","30yr",,,,,"23167454.63",,,,,,""
"2021-08-11","'3140H6CW7'","MBS","UMBS MORTPASS 3.5% 02/48","30yr",,,,,"23138707.09",,,,,,""
"2021-08-11","'3138EGFM1'","MBS","UMBS MORTPASS 3.5% 07/39","30yr",,,,,"23132597.74",,,,,,"Y"
"2021-08-11","'3132CWH64'","MBS","UMBS MORTPASS 4% 03/31","15yr",,,,,"23120658.31",,,,,,"Y"
"2021-08-11","'36179T7L3'","MBS","GNMA II 4.5% 08/48","30yr",,,,,"23119507.66",,,,,,""
"2021-08-11","'3140HFNR6'","MBS","UMBS MORTPASS 2.5% 03/50","30yr",,,,,"23099782.61",,,,,,""
"2021-08-11","'3133AL3K2'","MBS","UMBS MORTPASS 2.5% 06/51","30yr",,,,,"23088564.34",,,,,,""
"2021-08-11","'3140JUVP6'","MBS","UMBS MORTPASS 3.5% 06/49","30yr",,,,,"23049093.93",,,,,,""
"2021-08-11","'3133A8L62'","MBS","UMBS MORTPASS 2.5% 08/50","30yr",,,,,"23031549.05",,,,,,""
"2021-08-11","'36202E4G1'","MBS","GNMA II 4.5% 04/39","30yr",,,,,"23010612.53",,,,,,""
"2021-08-11","'3133GCT51'","MBS","UMBS MORTPASS 1.5% 04/36","15yr",,,,,"22977195.74",,,,,,""
"2021-08-11","'31418DQZ8'","MBS","UMBS MORTPASS 2% 07/40","Other",,,,,"22953960.4",,,,,,""
"2021-08-11","'3140QF4G1'","MBS","UMBS MORTPASS 2.5% 12/50","30yr",,,,,"22894276.08",,,,,,""
"2021-08-11","'3140XAUP5'","MBS","UMBS MORTPASS 2.5% 04/51","30yr",,,,,"22891409.72",,,,,,""
"2021-08-11","'3133A3V96'","MBS","UMBS MORTPASS 2.5% 04/50","30yr",,,,,"22864171.72",,,,,,""
"2021-08-11","'3133L7ZA8'","MBS","UMBS MORTPASS 1.5% 11/35","15yr",,,,,"22850679.75",,,,,,""
"2021-08-11","'3140HFVX4'","MBS","UMBS MORTPASS 2% 05/35","15yr",,,,,"22850326.84",,,,,,""
"2021-08-11","'3133ACXE3'","MBS","UMBS MORTPASS 2.5% 12/50","30yr",,,,,"22811399.18",,,,,,""
"2021-08-11","'31307S2E2'","MBS","FHLMCGLD 2.5% 01/32","15yr",,,,,"22755891.35",,,,,,""
"2021-08-11","'3140X8QU4'","MBS","UMBS MORTPASS 2.5% 12/50","30yr",,,,,"22753117.81",,,,,,""
"2021-08-11","'3140QEDH2'","MBS","UMBS MORTPASS 2.5% 12/49","30yr",,,,,"22719191.98",,,,,,""
"2021-08-11","'3133KLVJ3'","MBS","UMBS MORTPASS 2% 05/51","30yr",,,,,"22709976.87",,,,,,""
"2021-08-11","'31418DF64'","MBS","UMBS MORTPASS 2.5% 09/39","Other",,,,,"22705891.18",,,,,,""
"2021-08-11","'3133AGU64'","MBS","UMBS MORTPASS 2% 03/51","30yr",,,,,"22701506.66",,,,,,""
"2021-08-11","'3138W9G38'","MBS","UMBS MORTPASS 3.5% 08/43","30yr",,,,,"22696795.76",,,,,,""
"2021-08-11","'3133A4YS9'","MBS","UMBS MORTPASS 2.5% 05/50","30yr",,,,,"22696249.78",,,,,,""
"2021-08-11","'3140KPWV1'","MBS","UMBS MORTPASS 2% 09/50","30yr",,,,,"22695695.64",,,,,,""
"2021-08-11","'3140X5VF7'","MBS","UMBS MORTPASS 4.5% 09/49","30yr",,,,,"22678103",,,,,,""
"2021-08-11","'3140QAA75'","MBS","UMBS MORTPASS 4.5% 11/48","30yr",,,,,"22676855.24",,,,,,""
"2021-08-11","'3140K8KM2'","MBS","UMBS MORTPASS 3% 01/50","30yr",,,,,"22671433.42",,,,,,""
"2021-08-11","'3133A8H83'","MBS","UMBS MORTPASS 2.5% 08/50","30yr",,,,,"22663538.52",,,,,,""
"2021-08-11","'3133A3AS7'","MBS","UMBS MORTPASS 2.5% 03/50","30yr",,,,,"22656638.4",,,,,,""
"2021-08-11","'3140KKJY1'","MBS","UMBS MORTPASS 2.5% 09/50","30yr",,,,,"22629091.32",,,,,,""
"2021-08-11","'3140QHCB9'","MBS","UMBS MORTPASS 2.5% 09/50","30yr",,,,,"22623489.36",,,,,,""
"2021-08-11","'31334W5G2'","MBS","UMBS MORTPASS 3.5% 07/49","30yr",,,,,"22618874.15",,,,,,""
"2021-08-11","'3133KGGG7'","MBS","UMBS MORTPASS 3.5% 07/49","30yr",,,,,"22611884.05",,,,,,""
"2021-08-11","'3140X9HR9'","MBS","UMBS MORTPASS 1.5% 01/51","30yr",,,,,"22531627.07",,,,,,""
"2021-08-11","'3133A5CS0'","MBS","UMBS MORTPASS 2% 05/50","30yr",,,,,"22528387.86",,,,,,""
"2021-08-11","'3131YBJM1'","MBS","UMBS MORTPASS 3.5% 04/49","30yr",,,,,"22527245.2",,,,,,""
"2021-08-11","'3128M8X90'","MBS","FHLMCGLD 4.5% 08/39","30yr",,,,,"22519136.94",,,,,,"Y"
"2021-08-11","'3133GDZA1'","MBS","UMBS MORTPASS 1.5% 08/36","15yr",,,,,"22478508",,,,,,""
"2021-08-11","'3128M8QD9'","MBS","FHLMCGLD 5.5% 01/40","30yr",,,,,"22477284.93",,,,,,"Y"
"2021-08-11","'3140KM5D8'","MBS","UMBS MORTPASS 2% 09/50","30yr",,,,,"22468891.55",,,,,,""
"2021-08-11","'3132A5JD8'","MBS","UMBS MORTPASS 4% 03/48","30yr",,,,,"22452685.44",,,,,,""
"2021-08-11","'3133A4CR5'","MBS","UMBS MORTPASS 3% 04/50","30yr",,,,,"22433873.91",,,,,,""
"2021-08-11","'3132AEJ98'","MBS","UMBS MORTPASS 4.5% 06/49","30yr",,,,,"22413962.78",,,,,,""
"2021-08-11","'3140HNCV2'","MBS","UMBS MORTPASS 2.5% 11/50","30yr",,,,,"22363133.93",,,,,,""
"2021-08-11","'3140XAXB3'","MBS","UMBS MORTPASS 2.5% 03/51","30yr",,,,,"22347230.87",,,,,,""
"2021-08-11","'3140KYGT5'","MBS","UMBS MORTPASS 2.5% 11/50","30yr",,,,,"22334013.85",,,,,,""
"2021-08-11","'3133AL3M8'","MBS","UMBS MORTPASS 2% 06/51","30yr",,,,,"22313487.13",,,,,,""
"2021-08-11","'3140X64T5'","MBS","UMBS MORTPASS 2.5% 04/50","30yr",,,,,"22280110.46",,,,,,""
"2021-08-11","'3131X9FM1'","MBS","UMBS MORTPASS 2.5% 06/28","15yr",,,,,"22252811.42",,,,,,""
"2021-08-11","'3140L1YJ8'","MBS","UMBS MORTPASS 1.5% 02/51","30yr",,,,,"22215582.27",,,,,,""
"2021-08-11","'3128MMX73'","MBS","FHLMCGLD 3% 08/33","15yr",,,,,"22207159.87",,,,,,""
"2021-08-11","'3140KNWP9'","MBS","UMBS MORTPASS 2.5% 08/50","30yr",,,,,"22202894.47",,,,,,""
"2021-08-11","'31418DH96'","MBS","UMBS MORTPASS 2% 11/34","15yr",,,,,"22198393.75",,,,,,""
"2021-08-11","'3133A73D9'","MBS","UMBS MORTPASS 2.5% 07/50","30yr",,,,,"22198032.42",,,,,,""
"2021-08-11","'31346YM91'","MBS","UMBS MORTPASS 3% 12/49","30yr",,,,,"22194345.68",,,,,,""
"2021-08-11","'3131YBU97'","MBS","UMBS MORTPASS 3% 04/49","30yr",,,,,"22193770.04",,,,,,""
"2021-08-11","'3133AC4P0'","MBS","UMBS MORTPASS 2.5% 12/50","30yr",,,,,"22187930.62",,,,,,""
"2021-08-11","'3133KHVH6'","MBS","UMBS MORTPASS 3.5% 04/50","30yr",,,,,"22186346.61",,,,,,""
"2021-08-11","'3133A3HJ0'","MBS","UMBS MORTPASS 3% 03/50","30yr",,,,,"22178759.73",,,,,,""
"2021-08-11","'31346YJH7'","MBS","UMBS MORTPASS 3% 11/49","30yr",,,,,"22163835.95",,,,,,""
"2021-08-11","'3140Q94G5'","MBS","UMBS MORTPASS 3.5% 11/48","30yr",,,,,"22147122.33",,,,,,""
"2021-08-11","'3132DV6J9'","MBS","UMBS MORTPASS 2% 05/50","30yr",,,,,"22139323.03",,,,,,""
"2021-08-11","'3132A9U54'","MBS","UMBS MORTPASS 3% 07/33","15yr",,,,,"22137480.71",,,,,,""
"2021-08-11","'3140L2WF6'","MBS","UMBS MORTPASS 2% 01/51","30yr",,,,,"22124147.06",,,,,,""
"2021-08-11","'3140KMU65'","MBS","UMBS MORTPASS 2.5% 09/50","30yr",,,,,"22114665.06",,,,,,""
"2021-08-11","'36179UQ39'","MBS","GNMA II MORTPASS 3% 04/49","30yr",,,,,"22100867.7",,,,,,""
"2021-08-11","'3140HDN83'","MBS","UMBS MORTPASS 3% 12/39","Other",,,,,"22091882.86",,,,,,""
"2021-08-11","'3132D9BC7'","MBS","UMBS MORTPASS 4.5% 04/34","Other",,,,,"22085675.92",,,,,,"Y"
"2021-08-11","'3140LQ5N6'","MBS","UMBS MORTPASS 2% 06/51","30yr",,,,,"22032598.64",,,,,,""
"2021-08-11","'3140X3CM8'","MBS","UMBS MORTPASS 2.5% 03/50","30yr",,,,,"22030088.59",,,,,,""
"2021-08-11","'3133A9XK6'","MBS","UMBS MORTPASS 2.5% 09/50","30yr",,,,,"22000631.85",,,,,,""
"2021-08-11","'3140LSMR4'","MBS","UMBS MORTPASS 2% 06/51","30yr",,,,,"21990328.7",,,,,,""
"2021-08-11","'3133KLGZ4'","MBS","UMBS MORTPASS 1.5% 02/51","30yr",,,,,"21984485.29",,,,,,""
"2021-08-11","'3128M8V43'","MBS","FHLMCGLD 5% 01/40","30yr",,,,,"21946557.55",,,,,,"Y"
"2021-08-11","'3140L7C34'","MBS","UMBS MORTPASS 2.5% 05/51","30yr",,,,,"21909420.75",,,,,,""
"2021-08-11","'3140X6D57'","MBS","UMBS MORTPASS 3% 04/50","30yr",,,,,"21884970.34",,,,,,""
"2021-08-11","'3131YDLL6'","MBS","UMBS MORTPASS 3% 06/49","30yr",,,,,"21873146.51",,,,,,""
"2021-08-11","'3128MMXZ1'","MBS","FHLMCGLD 3% 07/33","15yr",,,,,"21854674.62",,,,,,""
"2021-08-11","'3140L3QA2'","MBS","UMBS MORTPASS 1.5% 04/36","15yr",,,,,"21787676.7",,,,,,""
"2021-08-11","'3140JWMB3'","MBS","UMBS MORTPASS 3% 09/49","30yr",,,,,"21769904.72",,,,,,""
"2021-08-11","'31334YP35'","MBS","UMBS MORTPASS 4% 05/49","30yr",,,,,"21765717.53",,,,,,""
"2021-08-11","'3133AJUC5'","MBS","UMBS MORTPASS 2% 04/51","30yr",,,,,"21761253.11",,,,,,""
"2021-08-11","'3140QDNM2'","MBS","UMBS MORTPASS 2.5% 10/34","15yr",,,,,"21730763.81",,,,,,""
"2021-08-11","'36179NBC1'","MBS","GNMA II MORTPASS 4% 04/43","30yr",,,,,"21720932.39",,,,,,""
"2021-08-11","'3140KACC8'","MBS","UMBS MORTPASS 2.5% 05/50","30yr",,,,,"21700790.57",,,,,,""
"2021-08-11","'3140KLQD7'","MBS","UMBS MORTPASS 2.5% 08/50","30yr",,,,,"21700748.4",,,,,,""
"2021-08-11","'3140KQPT2'","MBS","UMBS MORTPASS 2% 10/50","30yr",,,,,"21689547.48",,,,,,""
"2021-08-11","'3133A2UK4'","MBS","UMBS MORTPASS 3% 03/50","30yr",,,,,"21601628.9",,,,,,""
"2021-08-11","'3140QHRG2'","MBS","UMBS MORTPASS 2.5% 09/50","30yr",,,,,"21601114.71",,,,,,""
"2021-08-11","'31418DU34'","MBS","UMBS MORTPASS 2% 12/30","Other",,,,,"21578755.56",,,,,,""
"2021-08-11","'3140L3N64'","MBS","UMBS MORTPASS 2% 04/51","30yr",,,,,"21544412.28",,,,,,""
"2021-08-11","'3133G6JK2'","MBS","UMBS MORTPASS 2.5% 07/34","15yr",,,,,"21541220.55",,,,,,""
"2021-08-11","'31417GWZ5'","MBS","UMBS MORTPASS 3% 06/43","30yr",,,,,"21531888.84",,,,,,""
"2021-08-11","'3133KJR61'","MBS","UMBS MORTPASS 3% 07/50","30yr",,,,,"21502362.48",,,,,,""
"2021-08-11","'3133A0A95'","MBS","UMBS MORTPASS 2.5% 12/49","30yr",,,,,"21492014.09",,,,,,""
"2021-08-11","'36241L6T8'","MBS","GNMA II 3.5% 05/42","30yr",,,,,"21481692.8",,,,,,""
"2021-08-11","'3140QBUK2'","MBS","UMBS MORTPASS 4.5% 09/49","30yr",,,,,"21475508",,,,,,""
"2021-08-11","'3140JVM41'","MBS","UMBS MORTPASS 3.5% 07/49","30yr",,,,,"21460708.69",,,,,,""
"2021-08-11","'3133ABL57'","MBS","UMBS MORTPASS 2% 10/50","30yr",,,,,"21437463.63",,,,,,""
"2021-08-11","'3140QHRH0'","MBS","UMBS MORTPASS 2.5% 01/51","30yr",,,,,"21434127.04",,,,,,""
"2021-08-11","'3133A2XW5'","MBS","UMBS MORTPASS 2.5% 03/50","30yr",,,,,"21424323.06",,,,,,""
"2021-08-11","'31418CXP4'","MBS","UMBS MORTPASS 4.5% 06/48","30yr",,,,,"21422595.39",,,,,,""
"2021-08-11","'3133A46M3'","MBS","UMBS MORTPASS 2.5% 05/50","30yr",,,,,"21372864.91",,,,,,""
"2021-08-11","'3140KPR96'","MBS","UMBS MORTPASS 2% 09/50","30yr",,,,,"21344861.69",,,,,,""
"2021-08-11","'3131YDNE0'","MBS","UMBS MORTPASS 3% 06/49","30yr",,,,,"21342012.98",,,,,,""
"2021-08-11","'31417DFV0'","MBS","UMBS MORTPASS 2.5% 10/27","15yr",,,,,"21320009.74",,,,,,""
"2021-08-11","'3132AD3T3'","MBS","UMBS MORTPASS 4% 02/49","30yr",,,,,"21313285.77",,,,,,""
"2021-08-11","'3140KKF41'","MBS","UMBS MORTPASS 2.5% 08/50","30yr",,,,,"21304711.48",,,,,,""
"2021-08-11","'3140KCHV7'","MBS","UMBS MORTPASS 3% 05/50","30yr",,,,,"21302642.56",,,,,,""
"2021-08-11","'3133ABKH2'","MBS","UMBS MORTPASS 2% 10/50","30yr",,,,,"21297862.61",,,,,,""
"2021-08-11","'3140J5R92'","MBS","UMBS MORTPASS 3% 02/27","Other",,,,,"21289355.19",,,,,,"Y"
"2021-08-11","'3131Y1X62'","MBS","UMBS MORTPASS 4.5% 06/48","30yr",,,,,"21271095.16",,,,,,""
"2021-08-11","'3140JN5J5'","MBS","UMBS MORTPASS 3% 04/49","30yr",,,,,"21247398.03",,,,,,""
"2021-08-11","'3131Y7S73'","MBS","UMBS MORTPASS 4.5% 11/48","30yr",,,,,"21246709.51",,,,,,""
"2021-08-11","'31329PNC3'","MBS","UMBS MORTPASS 4.5% 10/48","30yr",,,,,"21244618.11",,,,,,""
"2021-08-11","'3140KMPU8'","MBS","UMBS MORTPASS 1.5% 11/50","30yr",,,,,"21238849.48",,,,,,""
"2021-08-11","'3132AEG75'","MBS","UMBS MORTPASS 2.5% 05/34","15yr",,,,,"21199132.09",,,,,,""
"2021-08-11","'3140K06V5'","MBS","UMBS MORTPASS 3% 12/49","30yr",,,,,"21169852.75",,,,,,""
"2021-08-11","'31339UEU0'","MBS","UMBS MORTPASS 4% 08/49","30yr",,,,,"21155992.35",,,,,,""
"2021-08-11","'31346YXG3'","MBS","UMBS MORTPASS 2.5% 12/49","30yr",,,,,"21147625.76",,,,,,""
"2021-08-11","'3140HFPW3'","MBS","UMBS MORTPASS 3% 04/50","30yr",,,,,"21132159.24",,,,,,""
"2021-08-11","'3138EL5T6'","MBS","UMBS MORTPASS 2.5% 06/28","15yr",,,,,"21118439.35",,,,,,""
"2021-08-11","'3140K3BN1'","MBS","UMBS MORTPASS 3% 01/50","30yr",,,,,"21118389.51",,,,,,""
"2021-08-11","'3131XBJB6'","MBS","UMBS MORTPASS 2.5% 11/23","Other",,,,,"21081498.33",,,,,,""
"2021-08-11","'3133AG4Y2'","MBS","UMBS MORTPASS 2% 03/51","30yr",,,,,"21079672.96",,,,,,""
"2021-08-11","'3140KDMX5'","MBS","UMBS MORTPASS 3% 05/50","30yr",,,,,"21071830.67",,,,,,""
"2021-08-11","'3140QB2E7'","MBS","UMBS MORTPASS 4.5% 10/49","30yr",,,,,"21036730.61",,,,,,""
"2021-08-11","'3133L8GF6'","MBS","UMBS MORTPASS 1.5% 05/36","15yr",,,,,"21022087.48",,,,,,""
"2021-08-11","'3140KGQQ9'","MBS","UMBS MORTPASS 2.5% 06/50","30yr",,,,,"21013658.8",,,,,,""
"2021-08-11","'3140QHJB2'","MBS","UMBS MORTPASS 1.5% 02/51","30yr",,,,,"21008281.69",,,,,,""
"2021-08-11","'3133KHAY2'","MBS","UMBS MORTPASS 3% 08/49","30yr",,,,,"20990743.98",,,,,,""
"2021-08-11","'3140KEN87'","MBS","UMBS MORTPASS 2% 09/50","30yr",,,,,"20986298.95",,,,,,""
"2021-08-11","'3140KCHH8'","MBS","UMBS MORTPASS 2% 04/35","15yr",,,,,"20984980.89",,,,,,""
"2021-08-11","'3140KCEJ7'","MBS","UMBS MORTPASS 2.5% 04/50","30yr",,,,,"20937952.79",,,,,,""
"2021-08-11","'3133AERZ9'","MBS","UMBS MORTPASS 2.5% 01/51","30yr",,,,,"20930436.17",,,,,,""
"2021-08-11","'3140QKRD2'","MBS","UMBS MORTPASS 1.5% 05/51","30yr",,,,,"20919645.16",,,,,,""
"2021-08-11","'36202E6C8'","MBS","GNMA II MORTPASS 4% 06/39","30yr",,,,,"20897224.44",,,,,,""
"2021-08-11","'3133AAAT9'","MBS","UMBS MORTPASS 2.5% 09/50","30yr",,,,,"20859982.26",,,,,,""
"2021-08-11","'3140L4HD4'","MBS","UMBS MORTPASS 2% 03/51","30yr",,,,,"20768219.79",,,,,,""
"2021-08-11","'31418CUJ1'","MBS","UMBS MORTPASS 3.5% 02/33","15yr",,,,,"20766558.62",,,,,,""
"2021-08-11","'3133AFHW4'","MBS","UMBS MORTPASS 1.5% 01/51","30yr",,,,,"20757990.78",,,,,,""
"2021-08-11","'3140HFRP6'","MBS","UMBS MORTPASS 3% 03/50","30yr",,,,,"20696696.83",,,,,,""
"2021-08-11","'3133GBQF4'","MBS","UMBS MORTPASS 2% 01/36","15yr",,,,,"20646740.81",,,,,,""
"2021-08-11","'3140KG3Q4'","MBS","UMBS MORTPASS 2.5% 07/50","30yr",,,,,"20635112.18",,,,,,""
"2021-08-11","'3131Y1SB7'","MBS","UMBS MORTPASS 4% 06/48","30yr",,,,,"20630941.28",,,,,,""
"2021-08-11","'3133USGJ4'","MBS","UMBS MORTPASS 4% 03/49","30yr",,,,,"20624200.12",,,,,,""
"2021-08-11","'3140JG4E2'","MBS","UMBS MORTPASS 3% 04/50","30yr",,,,,"20609258.68",,,,,,""
"2021-08-11","'31329QZM6'","MBS","UMBS MORTPASS 4% 05/49","30yr",,,,,"20588516.45",,,,,,""
"2021-08-11","'3140X7ZY8'","MBS","UMBS MORTPASS 2% 08/50","30yr",,,,,"20582018.97",,,,,,""
"2021-08-11","'36202E7F0'","MBS","GNMA II MORTPASS 4% 07/39","30yr",,,,,"20581728.55",,,,,,""
"2021-08-11","'31334W3H2'","MBS","UMBS MORTPASS 3% 07/49","30yr",,,,,"20568472.58",,,,,,""
"2021-08-11","'3131X8QM1'","MBS","UMBS MORTPASS 2.5% 02/28","15yr",,,,,"20537523.73",,,,,,""
"2021-08-11","'3140HNGW6'","MBS","UMBS MORTPASS 4% 08/48","30yr",,,,,"20506516.02",,,,,,""
"2021-08-11","'31329PBT9'","MBS","UMBS MORTPASS 3.5% 05/48","30yr",,,,,"20502349.29",,,,,,""
"2021-08-11","'3140KLW40'","MBS","UMBS MORTPASS 2.5% 09/50","30yr",,,,,"20497964.71",,,,,,""
"2021-08-11","'3133A8NU7'","MBS","UMBS MORTPASS 2.5% 08/50","30yr",,,,,"20497492.32",,,,,,""
"2021-08-11","'3133AKPH7'","MBS","UMBS MORTPASS 2% 05/51","30yr",,,,,"20449343.99",,,,,,""
"2021-08-11","'3140K8GA3'","MBS","UMBS MORTPASS 2.5% 03/50","30yr",,,,,"20440350.17",,,,,,""
"2021-08-11","'3133AJE74'","MBS","UMBS MORTPASS 2% 03/51","30yr",,,,,"20421940.33",,,,,,""
"2021-08-11","'3140X5Y49'","MBS","UMBS MORTPASS 3.5% 02/50","30yr",,,,,"20410815.42",,,,,,""
"2021-08-11","'3140L2FL2'","MBS","UMBS MORTPASS 2% 04/51","30yr",,,,,"20405168.31",,,,,,""
"2021-08-11","'3140KHX89'","MBS","UMBS MORTPASS 2% 07/50","30yr",,,,,"20371367.87",,,,,,""
"2021-08-11","'3133AJ6T5'","MBS","UMBS MORTPASS 2.5% 04/51","30yr",,,,,"20362604.54",,,,,,""
"2021-08-11","'3140HFRN1'","MBS","UMBS MORTPASS 3% 03/50","30yr",,,,,"20325886.21",,,,,,""
"2021-08-11","'31334YE94'","MBS","UMBS MORTPASS 3.5% 08/49","30yr",,,,,"20322879.08",,,,,,""
"2021-08-11","'3131Y9XM0'","MBS","UMBS MORTPASS 4.5% 02/49","30yr",,,,,"20288736.6",,,,,,""
"2021-08-11","'3131Y3Q66'","MBS","UMBS MORTPASS 4% 10/48","30yr",,,,,"20286539.13",,,,,,""
"2021-08-11","'3128MMVX8'","MBS","FHLMCGLD 2% 01/32","15yr",,,,,"20236186.3",,,,,,""
"2021-08-11","'3132A5JF3'","MBS","UMBS MORTPASS 3% 04/48","30yr",,,,,"20222892.6",,,,,,""
"2021-08-11","'3140Q8MH5'","MBS","UMBS MORTPASS 4% 02/48","30yr",,,,,"20216562.07",,,,,,""
"2021-08-11","'3133A1YQ9'","MBS","UMBS MORTPASS 3% 02/50","30yr",,,,,"20207763.11",,,,,,""
"2021-08-11","'3140L3UY5'","MBS","UMBS MORTPASS 1.5% 02/51","30yr",,,,,"20153353.46",,,,,,""
"2021-08-11","'3131Y1DS6'","MBS","UMBS MORTPASS 4% 05/48","30yr",,,,,"20118510.18",,,,,,""
"2021-08-11","'3133AGNH8'","MBS","UMBS MORTPASS 2% 03/51","30yr",,,,,"20111089.8",,,,,,""
"2021-08-11","'31339SE92'","MBS","UMBS MORTPASS 3% 09/49","30yr",,,,,"20101196.21",,,,,,""
"2021-08-11","'3133ACBH0'","MBS","UMBS MORTPASS 2.5% 11/50","30yr",,,,,"20093176.55",,,,,,""
"2021-08-11","'3133G64B8'","MBS","UMBS MORTPASS 2.5% 10/34","15yr",,,,,"20085897.21",,,,,,""
"2021-08-11","'3140HGUM7'","MBS","UMBS MORTPASS 4% 04/48","30yr",,,,,"20077605.04",,,,,,""
"2021-08-11","'31335CJ47'","MBS","FHLMCGLD 4% 05/45","30yr",,,,,"20058192.53",,,,,,"Y"
"2021-08-11","'3140X8DL8'","MBS","UMBS MORTPASS 2.5% 10/50","30yr",,,,,"20026829.05",,,,,,""
"2021-08-11","'3133G92H1'","MBS","UMBS MORTPASS 2% 09/35","15yr",,,,,"20025544.99",,,,,,""
"2021-08-11","'3133KKWT2'","MBS","UMBS MORTPASS 1.5% 12/50","30yr",,,,,"20015828.45",,,,,,""
"2021-08-11","'3132DMJT3'","MBS","UMBS MORTPASS 4% 12/43","30yr",,,,,"20015048.36",,,,,,"Y"
"2021-08-11","'3140HKET1'","MBS","UMBS MORTPASS 2.5% 09/50","30yr",,,,,"20014381.93",,,,,,""
"2021-08-11","'3131Y8J30'","MBS","UMBS MORTPASS 4.5% 12/48","30yr",,,,,"20003060.56",,,,,,""
"2021-08-11","'3140XBZP8'","MBS","UMBS MORTPASS 2% 07/51","30yr",,,,,"19975875.04",,,,,,""
"2021-08-11","'3128M8WK6'","MBS","FHLMCGLD 5.5% 04/39","30yr",,,,,"19940602.27",,,,,,"Y"
"2021-08-11","'3140L5GC4'","MBS","UMBS MORTPASS 2% 03/51","30yr",,,,,"19929704.16",,,,,,""
"2021-08-11","'3140X5XR9'","MBS","UMBS MORTPASS 3% 02/35","15yr",,,,,"19913680.56",,,,,,""
"2021-08-11","'3140QBRA8'","MBS","UMBS MORTPASS 2.5% 09/49","30yr",,,,,"19859077.93",,,,,,""
"2021-08-11","'3140KQU25'","MBS","UMBS MORTPASS 2.5% 10/50","30yr",,,,,"19853425.16",,,,,,""
"2021-08-11","'31418CP99'","MBS","UMBS MORTPASS 3% 10/47","30yr",,,,,"19843472.24",,,,,,""
"2021-08-11","'3140HKH84'","MBS","UMBS MORTPASS 2% 10/50","30yr",,,,,"19830651.9",,,,,,""
"2021-08-11","'3133AD6J0'","MBS","UMBS MORTPASS 2.5% 12/50","30yr",,,,,"19809678.32",,,,,,""
"2021-08-11","'3138EGG99'","MBS","UMBS MORTPASS 5% 06/40","30yr",,,,,"19798849.92",,,,,,"Y"
"2021-08-11","'3140XARB0'","MBS","UMBS MORTPASS 2% 04/46","30yr",,,,,"19793348.58",,,,,,""
"2021-08-11","'3138MD2S0'","MBS","UMBS MORTPASS 2.5% 10/27","15yr",,,,,"19789541.66",,,,,,""
"2021-08-11","'3140KJBP1'","MBS","UMBS MORTPASS 2.5% 07/50","30yr",,,,,"19743744.16",,,,,,""
"2021-08-11","'3140XBPP9'","MBS","UMBS MORTPASS 1.5% 06/36","15yr",,,,,"19732348.1",,,,,,""
"2021-08-11","'3140KMEG1'","MBS","UMBS MORTPASS 2.5% 10/50","30yr",,,,,"19729068.55",,,,,,""
"2021-08-11","'3140K9NB1'","MBS","UMBS MORTPASS 2.5% 03/50","30yr",,,,,"19711759.59",,,,,,""
"2021-08-11","'3140KBXM1'","MBS","UMBS MORTPASS 3% 05/50","30yr",,,,,"19690453.58",,,,,,""
"2021-08-11","'3140KFMK8'","MBS","UMBS MORTPASS 2.5% 11/50","30yr",,,,,"19658696.19",,,,,,""
"2021-08-11","'3133A9FL4'","MBS","UMBS MORTPASS 2.5% 09/50","30yr",,,,,"19654174.67",,,,,,""
"2021-08-11","'31418DG22'","MBS","UMBS MORTPASS 2% 10/34","15yr",,,,,"19633823.84",,,,,,""
"2021-08-11","'3132DMSY2'","MBS","UMBS MORTPASS 1.5% 02/51","30yr",,,,,"19626438.2",,,,,,""
"2021-08-11","'3140JG4D4'","MBS","UMBS MORTPASS 2.5% 04/50","30yr",,,,,"19625092.28",,,,,,""
"2021-08-11","'3133GDBW9'","MBS","UMBS MORTPASS 1.5% 05/36","15yr",,,,,"19604836.18",,,,,,""
"2021-08-11","'3140KR7B9'","MBS","UMBS MORTPASS 2.5% 11/50","30yr",,,,,"19594790.18",,,,,,""
"2021-08-11","'3133A84Q7'","MBS","UMBS MORTPASS 2.5% 08/50","30yr",,,,,"19590633",,,,,,""
"2021-08-11","'3140KQP88'","MBS","UMBS MORTPASS 2.5% 10/50","30yr",,,,,"19590349.98",,,,,,""
"2021-08-11","'3140K8PV7'","MBS","UMBS MORTPASS 3% 03/50","30yr",,,,,"19575447.52",,,,,,""
"2021-08-11","'3140KMTK6'","MBS","UMBS MORTPASS 2.5% 09/50","30yr",,,,,"19561189.75",,,,,,""
"2021-08-11","'3128MMVF7'","MBS","FHLMCGLD 2% 10/31","15yr",,,,,"19555243.44",,,,,,""
"2021-08-11","'3140X9TT2'","MBS","UMBS MORTPASS 2% 12/50","30yr",,,,,"19526926.25",,,,,,""
"2021-08-11","'3140KE6W3'","MBS","UMBS MORTPASS 2.5% 06/50","30yr",,,,,"19518902.49",,,,,,""
"2021-08-11","'3133ANP40'","MBS","UMBS MORTPASS 2.5% 07/51","30yr",,,,,"19507286",,,,,,""
"2021-08-11","'3140K2KW3'","MBS","UMBS MORTPASS 1.5% 04/36","15yr",,,,,"19500360.93",,,,,,""
"2021-08-11","'3140JWL32'","MBS","UMBS MORTPASS 3% 09/49","30yr",,,,,"19483297.69",,,,,,""
"2021-08-11","'3132A9VG9'","MBS","UMBS MORTPASS 3% 09/33","15yr",,,,,"19481625.18",,,,,,""
"2021-08-11","'31334WQA2'","MBS","UMBS MORTPASS 3.5% 06/49","30yr",,,,,"19435091.76",,,,,,""
"2021-08-11","'3140GWYV9'","MBS","UMBS MORTPASS 3.5% 08/47","30yr",,,,,"19434187.73",,,,,,""
"2021-08-11","'3133A5BN2'","MBS","UMBS MORTPASS 2.5% 06/50","30yr",,,,,"19424840.75",,,,,,""
"2021-08-11","'3140KLEB4'","MBS","UMBS MORTPASS 2.5% 07/50","30yr",,,,,"19417698.49",,,,,,""
"2021-08-11","'3140K3KJ0'","MBS","UMBS MORTPASS 3% 01/50","30yr",,,,,"19410415.23",,,,,,""
"2021-08-11","'3131Y16F2'","MBS","UMBS MORTPASS 4% 07/48","30yr",,,,,"19407643.97",,,,,,""
"2021-08-11","'3128MMWG4'","MBS","FHLMCGLD 2.5% 06/32","15yr",,,,,"19399580.5",,,,,,""
"2021-08-11","'3140XBC24'","MBS","UMBS MORTPASS 2% 05/36","15yr",,,,,"19367866.74",,,,,,""
"2021-08-11","'31307UR42'","MBS","FHLMCGLD 2.5% 10/32","15yr",,,,,"19361339.67",,,,,,""
"2021-08-11","'3133GAVD5'","MBS","UMBS MORTPASS 1.5% 11/35","15yr",,,,,"19318780.21",,,,,,""
"2021-08-11","'3132JM2B4'","MBS","FHLMCGLD 3.5% 08/43","30yr",,,,,"19310599.72",,,,,,""
"2021-08-11","'3140KMXY1'","MBS","UMBS MORTPASS 2% 09/50","30yr",,,,,"19304590.14",,,,,,""
"2021-08-11","'31329QCD1'","MBS","UMBS MORTPASS 4.5% 02/49","30yr",,,,,"19286642.06",,,,,,""
"2021-08-11","'3140HGST5'","MBS","UMBS MORTPASS 4% 03/48","30yr",,,,,"19280074.02",,,,,,""
"2021-08-11","'3140X4XU5'","MBS","UMBS MORTPASS 3.5% 10/49","30yr",,,,,"19278433.59",,,,,,""
"2021-08-11","'3140L0A49'","MBS","UMBS MORTPASS 2% 01/51","30yr",,,,,"19272585.14",,,,,,""
"2021-08-11","'3140H6FH7'","MBS","UMBS MORTPASS 3.5% 01/48","30yr",,,,,"19267378.33",,,,,,""
"2021-08-11","'3132DV4S1'","MBS","UMBS MORTPASS 4.5% 12/49","30yr",,,,,"19249222.81",,,,,,""
"2021-08-11","'3140LPE40'","MBS","UMBS MORTPASS 2.5% 05/51","30yr",,,,,"19207044.52",,,,,,""
"2021-08-11","'3133KJF23'","MBS","UMBS MORTPASS 3% 04/50","30yr",,,,,"19190779.62",,,,,,""
"2021-08-11","'3140L4NF2'","MBS","UMBS MORTPASS 2.5% 07/51","30yr",,,,,"19190116",,,,,,""
"2021-08-11","'36179TJZ9'","MBS","GNMA II 4.5% 10/47","30yr",,,,,"19179021.78",,,,,,""
"2021-08-11","'3132ADW20'","MBS","UMBS MORTPASS 3% 12/33","15yr",,,,,"19169972.66",,,,,,""
"2021-08-11","'3132JAPU3'","MBS","FHLMCGLD 3.5% 06/43","30yr",,,,,"19146469.28",,,,,,""
"2021-08-11","'3140JUVM3'","MBS","UMBS MORTPASS 3.5% 06/49","30yr",,,,,"19127086.04",,,,,,""
"2021-08-11","'31418CYF5'","MBS","UMBS MORTPASS 3% 07/33","15yr",,,,,"19108387.05",,,,,,""
"2021-08-11","'3138WEWM7'","MBS","UMBS MORTPASS 2.5% 06/30","15yr",,,,,"19103373.23",,,,,,""
"2021-08-11","'3140QKVS4'","MBS","UMBS MORTPASS 1.5% 05/36","15yr",,,,,"19094929.57",,,,,,""
"2021-08-11","'3132ADWF1'","MBS","UMBS MORTPASS 4.5% 12/48","30yr",,,,,"19080035.88",,,,,,""
"2021-08-11","'3140L5CS3'","MBS","UMBS MORTPASS 2% 03/51","30yr",,,,,"19063773.07",,,,,,""
"2021-08-11","'3132L5AW3'","MBS","FHLMCGLD 3% 04/43","30yr",,,,,"19051153.63",,,,,,""
"2021-08-11","'3140QANN6'","MBS","UMBS MORTPASS 4.5% 02/49","30yr",,,,,"19048569.08",,,,,,""
"2021-08-11","'3133GDHK9'","MBS","UMBS MORTPASS 2% 06/36","15yr",,,,,"19037599.65",,,,,,""
"2021-08-11","'31418DGU0'","MBS","UMBS MORTPASS 2.5% 10/39","Other",,,,,"19037573.65",,,,,,""
"2021-08-11","'3140HF2V0'","MBS","UMBS MORTPASS 2% 05/50","30yr",,,,,"19032999.5",,,,,,""
"2021-08-11","'3128MC2T1'","MBS","FHLMCGLD 4% 10/24","15yr",,,,,"19018468.04",,,,,,"Y"
"2021-08-11","'3140X4P34'","MBS","UMBS MORTPASS 3% 08/49","30yr",,,,,"19011403.11",,,,,,""
"2021-08-11","'3140JQZZ9'","MBS","UMBS MORTPASS 3% 08/49","30yr",,,,,"19000398.24",,,,,,""
"2021-08-11","'3140Q9QB2'","MBS","UMBS MORTPASS 4% 08/48","30yr",,,,,"18979054.98",,,,,,""
"2021-08-11","'3138NYVY8'","MBS","UMBS MORTPASS 3.5% 01/43","30yr",,,,,"18957429.88",,,,,,""
"2021-08-11","'3140QESW3'","MBS","UMBS MORTPASS 2% 08/50","30yr",,,,,"18932370.53",,,,,,""
"2021-08-11","'3140K03G1'","MBS","UMBS MORTPASS 3% 11/49","30yr",,,,,"18913085.55",,,,,,""
"2021-08-11","'3140X8QX8'","MBS","UMBS MORTPASS 2% 12/50","30yr",,,,,"18893957.45",,,,,,""
"2021-08-11","'3140L8N97'","MBS","UMBS MORTPASS 2.5% 04/51","30yr",,,,,"18877784.56",,,,,,""
"2021-08-11","'31292L5J0'","MBS","FHLMCGLD 3% 01/43","30yr",,,,,"18877654.29",,,,,,""
"2021-08-11","'3133KGJR0'","MBS","UMBS MORTPASS 3% 08/49","30yr",,,,,"18856510.66",,,,,,""
"2021-08-11","'3140QDLJ1'","MBS","UMBS MORTPASS 3% 05/45","30yr",,,,,"18824525.83",,,,,,""
"2021-08-11","'3140KFFU4'","MBS","UMBS MORTPASS 2% 09/35","15yr",,,,,"18784106.61",,,,,,""
"2021-08-11","'3133GC6W7'","MBS","UMBS MORTPASS 1.5% 05/36","15yr",,,,,"18762605.01",,,,,,""
"2021-08-11","'3133L74L8'","MBS","UMBS MORTPASS 2% 12/35","15yr",,,,,"18758106.76",,,,,,""
"2021-08-11","'3138X0ZU5'","MBS","UMBS MORTPASS 2% 07/28","15yr",,,,,"18742143.22",,,,,,""
"2021-08-11","'3132DMJY2'","MBS","UMBS MORTPASS 4% 02/47","30yr",,,,,"18730772.13",,,,,,"Y"
"2021-08-11","'3133GD2E9'","MBS","UMBS MORTPASS 1.5% 07/36","15yr",,,,,"18705436",,,,,,""
"2021-08-11","'3140LSPF7'","MBS","UMBS MORTPASS 2.5% 06/51","30yr",,,,,"18704975.06",,,,,,""
"2021-08-11","'3133AKB33'","MBS","UMBS MORTPASS 2% 04/51","30yr",,,,,"18697883.68",,,,,,""
"2021-08-11","'3133A45H5'","MBS","UMBS MORTPASS 2.5% 05/50","30yr",,,,,"18695622.77",,,,,,""
"2021-08-11","'3132D53Z3'","MBS","UMBS MORTPASS 3% 11/34","15yr",,,,,"18687164.71",,,,,,""
"2021-08-11","'3140XBT42'","MBS","UMBS MORTPASS 2% 10/30","Other",,,,,"18686900.88",,,,,,""
"2021-08-11","'3140JR4C2'","MBS","UMBS MORTPASS 3% 06/49","30yr",,,,,"18682589.89",,,,,,""
"2021-08-11","'36179VSH4'","MBS","GNMA II MORTPASS 3% 08/50","30yr",,,,,"18664336.31",,,,,,""
"2021-08-11","'3131Y7J57'","MBS","UMBS MORTPASS 4% 11/48","30yr",,,,,"18657921.55",,,,,,""
"2021-08-11","'3131X8DG8'","MBS","UMBS MORTPASS 2.5% 11/27","15yr",,,,,"18654022.5",,,,,,""
"2021-08-11","'3132DMNK7'","MBS","UMBS MORTPASS 2.5% 03/50","30yr",,,,,"18649939.55",,,,,,""
"2021-08-11","'36179RTA7'","MBS","GNMA II MORTPASS 4% 11/45","30yr",,,,,"18645249.5",,,,,,""
"2021-08-11","'36202FX92'","MBS","GNMA II 4.5% 10/41","30yr",,,,,"18643215.3",,,,,,""
"2021-08-11","'3132DV4B8'","MBS","UMBS MORTPASS 4% 10/49","30yr",,,,,"18634169.97",,,,,,""
"2021-08-11","'3140LUML2'","MBS","UMBS MORTPASS 2% 07/51","30yr",,,,,"18625308",,,,,,""
"2021-08-11","'3132A5JX4'","MBS","UMBS MORTPASS 4% 07/48","30yr",,,,,"18604233",,,,,,""
"2021-08-11","'3132CJAW3'","MBS","UMBS MORTPASS 2.5% 02/30","Other",,,,,"18588099.1",,,,,,""
"2021-08-11","'3140JXLD8'","MBS","UMBS MORTPASS 3% 10/49","30yr",,,,,"18558607.63",,,,,,""
"2021-08-11","'3140JN5A4'","MBS","UMBS MORTPASS 3% 04/49","30yr",,,,,"18543777.46",,,,,,""
"2021-08-11","'3140Q9NG4'","MBS","UMBS MORTPASS 4% 08/48","30yr",,,,,"18543553.79",,,,,,""
"2021-08-11","'3131Y1D98'","MBS","UMBS MORTPASS 4% 05/48","30yr",,,,,"18526414.5",,,,,,""
"2021-08-11","'3140QBLE6'","MBS","UMBS MORTPASS 3.5% 07/49","30yr",,,,,"18479625.55",,,,,,""
"2021-08-11","'3140JLSR6'","MBS","UMBS MORTPASS 2% 04/51","30yr",,,,,"18476755.5",,,,,,""
"2021-08-11","'3133AKVB3'","MBS","UMBS MORTPASS 2% 05/51","30yr",,,,,"18451856.89",,,,,,""
"2021-08-11","'3140X92T1'","MBS","UMBS MORTPASS 2% 03/51","30yr",,,,,"18440522.24",,,,,,""
"2021-08-11","'31418CZB3'","MBS","UMBS MORTPASS 3% 08/33","15yr",,,,,"18440298.62",,,,,,""
"2021-08-11","'3132ADUE6'","MBS","UMBS MORTPASS 4% 11/48","30yr",,,,,"18426781.01",,,,,,""
"2021-08-11","'3140K9JC4'","MBS","UMBS MORTPASS 3% 03/50","30yr",,,,,"18414449.79",,,,,,""
"2021-08-11","'3133A8AD9'","MBS","UMBS MORTPASS 2.5% 08/50","30yr",,,,,"18406854.01",,,,,,""
"2021-08-11","'3140K8RJ2'","MBS","UMBS MORTPASS 3% 03/50","30yr",,,,,"18380432.65",,,,,,""
"2021-08-11","'3140LNTD9'","MBS","UMBS MORTPASS 1.5% 05/36","15yr",,,,,"18356148.58",,,,,,""
"2021-08-11","'3133KGLC0'","MBS","UMBS MORTPASS 3% 08/49","30yr",,,,,"18349756.18",,,,,,""
"2021-08-11","'3133AAX56'","MBS","UMBS MORTPASS 2.5% 10/50","30yr",,,,,"18349484.4",,,,,,""
"2021-08-11","'31346Y2X0'","MBS","UMBS MORTPASS 2.5% 12/49","30yr",,,,,"18330779.12",,,,,,""
"2021-08-11","'3140HJHS3'","MBS","UMBS MORTPASS 4% 08/48","30yr",,,,,"18322458.25",,,,,,""
"2021-08-11","'31339SSM8'","MBS","UMBS MORTPASS 3% 10/49","30yr",,,,,"18309757.64",,,,,,""
"2021-08-11","'31339SE27'","MBS","UMBS MORTPASS 3% 09/49","30yr",,,,,"18302952.15",,,,,,""
"2021-08-11","'3133A4CF1'","MBS","UMBS MORTPASS 3% 04/50","30yr",,,,,"18300022.06",,,,,,""
"2021-08-11","'3133AAJS2'","MBS","UMBS MORTPASS 2.5% 09/50","30yr",,,,,"18274841.35",,,,,,""
"2021-08-11","'3131YDD76'","MBS","UMBS MORTPASS 3% 05/34","15yr",,,,,"18268702.13",,,,,,""
"2021-08-11","'3128MMYK3'","MBS","FHLMCGLD 3.5% 11/33","15yr",,,,,"18266755.94",,,,,,""
"2021-08-11","'3140KABG0'","MBS","UMBS MORTPASS 2% 05/35","15yr",,,,,"18221973.81",,,,,,""
"2021-08-11","'3133AJQ55'","MBS","UMBS MORTPASS 2% 04/51","30yr",,,,,"18177500.47",,,,,,""
"2021-08-11","'36179MAZ3'","MBS","GNMA II 4.5% 04/42","30yr",,,,,"18177262.51",,,,,,""
"2021-08-11","'3140L3LA7'","MBS","UMBS MORTPASS 2% 04/51","30yr",,,,,"18145150.19",,,,,,""
"2021-08-11","'3140K8MF5'","MBS","UMBS MORTPASS 3% 01/50","30yr",,,,,"18130839.93",,,,,,""
"2021-08-11","'3133AJGG2'","MBS","UMBS MORTPASS 2% 03/51","30yr",,,,,"18117616.93",,,,,,""
"2021-08-11","'3133ALPX0'","MBS","UMBS MORTPASS 2% 05/51","30yr",,,,,"18093361.62",,,,,,""
"2021-08-11","'3140KDHA1'","MBS","UMBS MORTPASS 3% 06/50","30yr",,,,,"18087669.82",,,,,,""
"2021-08-11","'3140H6C49'","MBS","UMBS MORTPASS 3.5% 02/48","30yr",,,,,"18073950.87",,,,,,""
"2021-08-11","'3140LRRD2'","MBS","UMBS MORTPASS 2.5% 06/51","30yr",,,,,"18071654.53",,,,,,""
"2021-08-11","'3131Y1RU6'","MBS","UMBS MORTPASS 4% 06/48","30yr",,,,,"18061741.62",,,,,,""
"2021-08-11","'3140X4S31'","MBS","UMBS MORTPASS 4% 09/48","30yr",,,,,"18061053.61",,,,,,""
"2021-08-11","'3128MMWD1'","MBS","FHLMCGLD 2.5% 05/32","15yr",,,,,"18054171.93",,,,,,""
"2021-08-11","'3133KHPC4'","MBS","UMBS MORTPASS 3.5% 01/48","30yr",,,,,"18032964.26",,,,,,""
"2021-08-11","'3133AG2M0'","MBS","UMBS MORTPASS 1.5% 03/51","30yr",,,,,"18023008.29",,,,,,""
"2021-08-11","'3140X4RR9'","MBS","UMBS MORTPASS 3% 08/34","15yr",,,,,"18005936.7",,,,,,""
"2021-08-11","'3133ACDJ4'","MBS","UMBS MORTPASS 2.5% 11/50","30yr",,,,,"18005598.18",,,,,,""
"2021-08-11","'3133AFDY4'","MBS","UMBS MORTPASS 2.5% 02/51","30yr",,,,,"18001034.15",,,,,,""
"2021-08-11","'36179UN81'","MBS","GNMA II MORTPASS 3% 03/49","30yr",,,,,"17960375.19",,,,,,""
"2021-08-11","'3140HGKB2'","MBS","UMBS MORTPASS 2% 09/35","15yr",,,,,"17950546.14",,,,,,""
"2021-08-11","'3133GDUT5'","MBS","UMBS MORTPASS 1.5% 07/36","15yr",,,,,"17950453",,,,,,""
"2021-08-11","'3140H1VW7'","MBS","UMBS MORTPASS 4.5% 03/48","30yr",,,,,"17938013.77",,,,,,""
"2021-08-11","'3133G97C7'","MBS","UMBS MORTPASS 2% 09/35","15yr",,,,,"17918032.28",,,,,,""
"2021-08-11","'3140KXEE2'","MBS","UMBS MORTPASS 2% 12/35","15yr",,,,,"17910891.14",,,,,,""
"2021-08-11","'3140JWPD6'","MBS","UMBS MORTPASS 3% 09/34","15yr",,,,,"17893245.23",,,,,,""
"2021-08-11","'3133A83Z8'","MBS","UMBS MORTPASS 2% 08/50","30yr",,,,,"17872241.82",,,,,,""
"2021-08-11","'3132CWDJ0'","MBS","UMBS MORTPASS 2.5% 10/34","15yr",,,,,"17862152.62",,,,,,""
"2021-08-11","'31418DCL4'","MBS","UMBS MORTPASS 2.5% 05/34","15yr",,,,,"17850642.62",,,,,,""
"2021-08-11","'3133ACLE6'","MBS","UMBS MORTPASS 2% 10/50","30yr",,,,,"17845942.71",,,,,,""
"2021-08-11","'3133A0EE0'","MBS","UMBS MORTPASS 3.5% 12/49","30yr",,,,,"17840167.23",,,,,,""
"2021-08-11","'3140LNS32'","MBS","UMBS MORTPASS 2% 05/51","30yr",,,,,"17830113.45",,,,,,""
"2021-08-11","'3140KCEH1'","MBS","UMBS MORTPASS 2.5% 04/50","30yr",,,,,"17828175.23",,,,,,""
"2021-08-11","'3133ALMH8'","MBS","UMBS MORTPASS 2% 04/51","30yr",,,,,"17816545.35",,,,,,""
"2021-08-11","'3140L7DY5'","MBS","UMBS MORTPASS 2.5% 06/51","30yr",,,,,"17791274.36",,,,,,""
"2021-08-11","'3140L7Y48'","MBS","UMBS MORTPASS 1.5% 03/51","30yr",,,,,"17790027.94",,,,,,""
"2021-08-11","'3133KHPL4'","MBS","UMBS MORTPASS 3% 02/48","30yr",,,,,"17761202.55",,,,,,""
"2021-08-11","'3140JUVN1'","MBS","UMBS MORTPASS 3.5% 06/49","30yr",,,,,"17748385.5",,,,,,""
"2021-08-11","'3140KVSX9'","MBS","UMBS MORTPASS 2% 11/50","30yr",,,,,"17736942.34",,,,,,""
"2021-08-11","'3140KYFM1'","MBS","UMBS MORTPASS 1.5% 05/36","15yr",,,,,"17712037.62",,,,,,""
"2021-08-11","'3132A5J48'","MBS","UMBS MORTPASS 3% 07/48","30yr",,,,,"17702344.28",,,,,,""
"2021-08-11","'3128MMYG2'","MBS","FHLMCGLD 3.5% 10/33","15yr",,,,,"17700988.52",,,,,,""
"2021-08-11","'3140K14G8'","MBS","UMBS MORTPASS 3% 12/49","30yr",,,,,"17688111.82",,,,,,""
"2021-08-11","'3140XAUW0'","MBS","UMBS MORTPASS 2.5% 02/51","30yr",,,,,"17677595.59",,,,,,""
"2021-08-11","'3132CWAV6'","MBS","UMBS MORTPASS 3% 07/34","15yr",,,,,"17660241.13",,,,,,""
"2021-08-11","'3140KFP33'","MBS","UMBS MORTPASS 2% 11/35","15yr",,,,,"17658930.79",,,,,,""
"2021-08-11","'3140KMGM6'","MBS","UMBS MORTPASS 2% 09/35","15yr",,,,,"17637216.15",,,,,,""
"2021-08-11","'3140JSBU2'","MBS","UMBS MORTPASS 2.5% 03/51","30yr",,,,,"17635319.67",,,,,,""
"2021-08-11","'3140K35K4'","MBS","UMBS MORTPASS 2% 04/51","30yr",,,,,"17612496.73",,,,,,""
"2021-08-11","'3133GATZ9'","MBS","UMBS MORTPASS 2% 12/35","15yr",,,,,"17598346",,,,,,""
"2021-08-11","'3140JAUE6'","MBS","UMBS MORTPASS 4% 05/49","30yr",,,,,"17596696.92",,,,,,""
"2021-08-11","'3131Y7LS4'","MBS","UMBS MORTPASS 4.5% 11/48","30yr",,,,,"17591339.17",,,,,,""
"2021-08-11","'3133KGP44'","MBS","UMBS MORTPASS 3% 09/49","30yr",,,,,"17580678.55",,,,,,""
"2021-08-11","'3131Y1D72'","MBS","UMBS MORTPASS 4% 05/48","30yr",,,,,"17580368.37",,,,,,""
"2021-08-11","'3140QFU31'","MBS","UMBS MORTPASS 2.5% 05/50","30yr",,,,,"17575230.34",,,,,,""
"2021-08-11","'3128M8HY3'","MBS","FHLMCGLD 5% 08/35","30yr",,,,,"17545563.17",,,,,,"Y"
"2021-08-11","'31334W3R0'","MBS","UMBS MORTPASS 3.5% 07/49","30yr",,,,,"17517704.56",,,,,,""
"2021-08-11","'3140HFPV5'","MBS","UMBS MORTPASS 2% 04/35","15yr",,,,,"17515917.25",,,,,,""
"2021-08-11","'3131Y1HU7'","MBS","UMBS MORTPASS 4.5% 05/48","30yr",,,,,"17512469.4",,,,,,""
"2021-08-11","'3140KTN76'","MBS","UMBS MORTPASS 2.5% 11/50","30yr",,,,,"17502994.05",,,,,,""
"2021-08-11","'3140KFD69'","MBS","UMBS MORTPASS 2% 08/35","15yr",,,,,"17481786.79",,,,,,""
"2021-08-11","'3133AA4Y5'","MBS","UMBS MORTPASS 2.5% 10/50","30yr",,,,,"17473407.98",,,,,,""
"2021-08-11","'3140K1AR7'","MBS","UMBS MORTPASS 3% 10/49","30yr",,,,,"17459586.18",,,,,,""
"2021-08-11","'3133AJKW2'","MBS","UMBS MORTPASS 2.5% 04/51","30yr",,,,,"17436291",,,,,,""
"2021-08-11","'3140JPAF2'","MBS","UMBS MORTPASS 3% 05/49","30yr",,,,,"17417737.98",,,,,,""
"2021-08-11","'3138EGNV2'","MBS","UMBS MORTPASS 5.5% 11/39","30yr",,,,,"17411049.36",,,,,,"Y"
"2021-08-11","'3132A7LS8'","MBS","UMBS MORTPASS 2% 01/28","15yr",,,,,"17397477.38",,,,,,""
"2021-08-11","'3140QEY89'","MBS","UMBS MORTPASS 2.5% 09/45","30yr",,,,,"17380332.12",,,,,,""
"2021-08-11","'3133A4Z66'","MBS","UMBS MORTPASS 3% 05/50","30yr",,,,,"17357576.1",,,,,,""
"2021-08-11","'31418CR89'","MBS","UMBS MORTPASS 3.5% 12/47","30yr",,,,,"17356803.69",,,,,,""
"2021-08-11","'3140L37G0'","MBS","UMBS MORTPASS 2% 04/51","30yr",,,,,"17356751.19",,,,,,""
"2021-08-11","'31339SQJ7'","MBS","UMBS MORTPASS 3% 10/49","30yr",,,,,"17349623.44",,,,,,""
"2021-08-11","'31346YFZ1'","MBS","UMBS MORTPASS 3.5% 11/49","30yr",,,,,"17323435.7",,,,,,""
"2021-08-11","'3140L5YR1'","MBS","UMBS MORTPASS 2.5% 05/51","30yr",,,,,"17320406.34",,,,,,""
"2021-08-11","'3140L8XN5'","MBS","UMBS MORTPASS 2% 04/51","30yr",,,,,"17311280.01",,,,,,""
"2021-08-11","'3131YBNX2'","MBS","UMBS MORTPASS 3% 04/49","30yr",,,,,"17282426.36",,,,,,""
"2021-08-11","'3140K7C84'","MBS","UMBS MORTPASS 3% 12/49","30yr",,,,,"17276364.52",,,,,,""
"2021-08-11","'3138ETXF8'","MBS","UMBS MORTPASS 2.5% 07/31","15yr",,,,,"17274168.96",,,,,,""
"2021-08-11","'3140QBQ84'","MBS","UMBS MORTPASS 3% 09/49","30yr",,,,,"17264195.08",,,,,,""
"2021-08-11","'3140J9GN5'","MBS","UMBS MORTPASS 3.5% 09/48","30yr",,,,,"17236428.34",,,,,,""
"2021-08-11","'36202FVF0'","MBS","GNMA II MORTPASS 4% 07/41","30yr",,,,,"17203847.74",,,,,,""
"2021-08-11","'3138EHA69'","MBS","UMBS MORTPASS 5% 06/39","30yr",,,,,"17188093.46",,,,,,"Y"
"2021-08-11","'31418CVD3'","MBS","UMBS MORTPASS 2.5% 03/33","15yr",,,,,"17173859.07",,,,,,""
"2021-08-11","'3140X8F36'","MBS","UMBS MORTPASS 2% 10/35","15yr",,,,,"17153199.47",,,,,,""
"2021-08-11","'31339STG0'","MBS","UMBS MORTPASS 3% 10/49","30yr",,,,,"17140377.75",,,,,,""
"2021-08-11","'3132DMHZ1'","MBS","UMBS MORTPASS 4.5% 01/49","30yr",,,,,"17134521.16",,,,,,""
"2021-08-11","'3133ACST6'","MBS","UMBS MORTPASS 1.5% 12/50","30yr",,,,,"17128287.65",,,,,,""
"2021-08-11","'3140KQUG4'","MBS","UMBS MORTPASS 2% 10/50","30yr",,,,,"17122843.87",,,,,,""
"2021-08-11","'3140KF6Y6'","MBS","UMBS MORTPASS 2% 08/50","30yr",,,,,"17122315.01",,,,,,""
"2021-08-11","'3140KXEH5'","MBS","UMBS MORTPASS 2% 12/50","30yr",,,,,"17088409.47",,,,,,""
"2021-08-11","'3140L5G34'","MBS","UMBS MORTPASS 2% 04/51","30yr",,,,,"17079888.88",,,,,,""
"2021-08-11","'3622A2S37'","MBS","GNMA II 3.5% 03/46","30yr",,,,,"17071716.79",,,,,,""
"2021-08-11","'31329Q2K6'","MBS","UMBS MORTPASS 3.5% 06/39","Other",,,,,"17060767.07",,,,,,""
"2021-08-11","'3133AGN39'","MBS","UMBS MORTPASS 2% 01/51","30yr",,,,,"17043765.14",,,,,,""
"2021-08-11","'3133A6DB4'","MBS","UMBS MORTPASS 2.5% 06/50","30yr",,,,,"17033920.86",,,,,,""
"2021-08-11","'3140L8WY2'","MBS","UMBS MORTPASS 2% 05/51","30yr",,,,,"17026181.57",,,,,,""
"2021-08-11","'36202FEH5'","MBS","GNMA II 4.5% 02/40","30yr",,,,,"17023663.85",,,,,,""
"2021-08-11","'3140QEAH5'","MBS","UMBS MORTPASS 2.5% 07/50","30yr",,,,,"17017490.94",,,,,,""
"2021-08-11","'3140JXKA5'","MBS","UMBS MORTPASS 3% 09/49","30yr",,,,,"17015678.17",,,,,,""
"2021-08-11","'3133AAC59'","MBS","UMBS MORTPASS 2.5% 09/50","30yr",,,,,"17003231.69",,,,,,""
"2021-08-11","'3133ALGV4'","MBS","UMBS MORTPASS 2.5% 05/51","30yr",,,,,"17000479.49",,,,,,""
"2021-08-11","'3133L7RY5'","MBS","UMBS MORTPASS 2.5% 02/28","15yr",,,,,"16966979.89",,,,,,""
"2021-08-11","'3133AEDN1'","MBS","UMBS MORTPASS 2.5% 01/51","30yr",,,,,"16958986.03",,,,,,""
"2021-08-11","'3140L3JD4'","MBS","UMBS MORTPASS 2% 03/51","30yr",,,,,"16938109.54",,,,,,""
"2021-08-11","'3140Q8Q73'","MBS","UMBS MORTPASS 3.5% 03/48","30yr",,,,,"16927025.67",,,,,,""
"2021-08-11","'3133ANMR2'","MBS","UMBS MORTPASS 2% 07/51","30yr",,,,,"16924410",,,,,,""
"2021-08-11","'3140KPUV3'","MBS","UMBS MORTPASS 2% 11/50","30yr",,,,,"16915609.76",,,,,,""
"2021-08-11","'3140KRN62'","MBS","UMBS MORTPASS 2% 11/35","15yr",,,,,"16898116.54",,,,,,""
"2021-08-11","'3140KMGK0'","MBS","UMBS MORTPASS 1.5% 09/35","15yr",,,,,"16892285.68",,,,,,""
"2021-08-11","'3133L8CN3'","MBS","UMBS MORTPASS 1.5% 03/36","15yr",,,,,"16888596.62",,,,,,""
"2021-08-11","'3132CWP40'","MBS","UMBS MORTPASS 2% 11/35","15yr",,,,,"16885231.46",,,,,,""
"2021-08-11","'3140KAL87'","MBS","UMBS MORTPASS 2.5% 03/50","30yr",,,,,"16874613.11",,,,,,""
"2021-08-11","'3140K3KY7'","MBS","UMBS MORTPASS 3.5% 01/50","30yr",,,,,"16829231.89",,,,,,""
"2021-08-11","'3133KH3C8'","MBS","UMBS MORTPASS 2.5% 05/50","30yr",,,,,"16820378.01",,,,,,""
"2021-08-11","'3133A33T3'","MBS","UMBS 2.5%","30yr",,,,,"16808382.32",,,,,,""
"2021-08-11","'31418CCN2'","MBS","UMBS MORTPASS 2.5% 10/26","Other",,,,,"16788673.52",,,,,,""
"2021-08-11","'3140KMGV6'","MBS","UMBS MORTPASS 2% 09/35","15yr",,,,,"16771681.36",,,,,,""
"2021-08-11","'3133HMBW8'","MBS","UMBS MORTPASS 2.5% 01/30","Other",,,,,"16741242.22",,,,,,""
"2021-08-11","'3140XADA7'","MBS","UMBS MORTPASS 2% 02/51","30yr",,,,,"16693081.66",,,,,,""
"2021-08-11","'3140L5UX2'","MBS","UMBS MORTPASS 2% 05/51","30yr",,,,,"16678064.59",,,,,,""
"2021-08-11","'31418DA44'","MBS","UMBS MORTPASS 3% 03/49","30yr",,,,,"16658808.49",,,,,,""
"2021-08-11","'3133AHCY1'","MBS","UMBS MORTPASS 1.5% 03/51","30yr",,,,,"16658551.84",,,,,,""
"2021-08-11","'3133KGGR3'","MBS","UMBS MORTPASS 3.5% 07/49","30yr",,,,,"16657752.23",,,,,,""
"2021-08-11","'3133A6YJ4'","MBS","UMBS MORTPASS 2% 06/50","30yr",,,,,"16652137.52",,,,,,""
"2021-08-11","'3138E7TT1'","MBS","UMBS MORTPASS 3% 02/27","15yr",,,,,"16649318.07",,,,,,""
"2021-08-11","'3140LPBN1'","MBS","UMBS MORTPASS 2% 06/51","30yr",,,,,"16644677.84",,,,,,""
"2021-08-11","'3140KALW4'","MBS","UMBS MORTPASS 3% 03/50","30yr",,,,,"16643390.99",,,,,,""
"2021-08-11","'36178DPD7'","MBS","GNMA I MORTPASS 3% 11/42","30yr",,,,,"16640839.33",,,,,,""
"2021-08-11","'3140QBBK3'","MBS","UMBS MORTPASS 4% 06/49","30yr",,,,,"16613945.6",,,,,,""
"2021-08-11","'3622A2NQ1'","MBS","GNMA II 3.5% 04/45","30yr",,,,,"16609478.93",,,,,,""
"2021-08-11","'3140QLMP8'","MBS","UMBS MORTPASS 2% 07/36","15yr",,,,,"16606098",,,,,,""
"2021-08-11","'3140JSZ28'","MBS","UMBS MORTPASS 3.5% 05/49","30yr",,,,,"16566766.52",,,,,,""
"2021-08-11","'3140J52Q1'","MBS","UMBS MORTPASS 3.5% 03/27","Other",,,,,"16544275.37",,,,,,"Y"
"2021-08-11","'3140L0JD0'","MBS","UMBS MORTPASS 1.5% 06/36","15yr",,,,,"16539838.67",,,,,,""
"2021-08-11","'3140L7CG5'","MBS","UMBS MORTPASS 2.5% 05/51","30yr",,,,,"16530756.32",,,,,,""
"2021-08-11","'3140KBNQ3'","MBS","UMBS MORTPASS 2.5% 03/50","30yr",,,,,"16524562.32",,,,,,""
"2021-08-11","'3133ANSK1'","MBS","UMBS MORTPASS 2% 07/51","30yr",,,,,"16522880",,,,,,""
"2021-08-11","'3140L8JR2'","MBS","UMBS MORTPASS 2% 06/51","30yr",,,,,"16501283.06",,,,,,""
"2021-08-11","'3140KVBY5'","MBS","UMBS MORTPASS 2.5% 12/50","30yr",,,,,"16464823.46",,,,,,""
"2021-08-11","'3133GA5U6'","MBS","UMBS MORTPASS 2% 11/35","15yr",,,,,"16461047.47",,,,,,""
"2021-08-11","'3140L8HK9'","MBS","UMBS MORTPASS 2.5% 05/51","30yr",,,,,"16438451.25",,,,,,""
"2021-08-11","'3133A4YF7'","MBS","UMBS MORTPASS 3% 05/50","30yr",,,,,"16391570.36",,,,,,""
"2021-08-11","'3133A4LE4'","MBS","UMBS MORTPASS 2.5% 05/50","30yr",,,,,"16350883.71",,,,,,""
"2021-08-11","'31418CTG9'","MBS","UMBS MORTPASS 3% 01/28","Other",,,,,"16335303.45",,,,,,""
"2021-08-11","'31418CHR8'","MBS","UMBS MORTPASS 3% 03/27","Other",,,,,"16302989.09",,,,,,""
"2021-08-11","'3140KTQ57'","MBS","UMBS MORTPASS 2% 11/50","30yr",,,,,"16290216.45",,,,,,""
"2021-08-11","'3138EGFR0'","MBS","UMBS MORTPASS 5.5% 04/40","30yr",,,,,"16285392.95",,,,,,"Y"
"2021-08-11","'36179NDS4'","MBS","GNMA II MORTPASS 4% 05/43","30yr",,,,,"16265956.22",,,,,,""
"2021-08-11","'31329PBQ5'","MBS","UMBS MORTPASS 3.5% 05/48","30yr",,,,,"16251023.55",,,,,,""
"2021-08-11","'3133G9N39'","MBS","UMBS MORTPASS 2% 08/35","15yr",,,,,"16225107.27",,,,,,""
"2021-08-11","'3140HBG36'","MBS","UMBS MORTPASS 4.5% 06/48","30yr",,,,,"16212508.13",,,,,,""
"2021-08-11","'36179R7K9'","MBS","GNMA II MORTPASS 4% 04/46","30yr",,,,,"16201810.48",,,,,,""
"2021-08-11","'3140KMZT0'","MBS","UMBS MORTPASS 2% 09/50","30yr",,,,,"16171302.36",,,,,,""
"2021-08-11","'3140X8HH3'","MBS","UMBS MORTPASS 2% 11/35","15yr",,,,,"16161629.47",,,,,,""
"2021-08-11","'3140HFK73'","MBS","UMBS MORTPASS 3% 03/50","30yr",,,,,"16154494.19",,,,,,""
"2021-08-11","'3140K8RT0'","MBS","UMBS MORTPASS 2.5% 03/35","15yr",,,,,"16138615.71",,,,,,""
"2021-08-11","'3140LP5X6'","MBS","UMBS MORTPASS 2% 05/51","30yr",,,,,"16133539.71",,,,,,""
"2021-08-11","'3133A6N64'","MBS","UMBS MORTPASS 2.5% 06/50","30yr",,,,,"16127942.21",,,,,,""
"2021-08-11","'3128M8XE9'","MBS","FHLMCGLD 4.5% 10/39","30yr",,,,,"16112545.73",,,,,,"Y"
"2021-08-11","'3622A2NX6'","MBS","GNMA II 3.5% 04/45","30yr",,,,,"16073666.59",,,,,,""
"2021-08-11","'3140JVS37'","MBS","UMBS MORTPASS 3.5% 10/49","30yr",,,,,"16058393.69",,,,,,""
"2021-08-11","'3140H4UL6'","MBS","UMBS MORTPASS 3.5% 11/47","30yr",,,,,"16042815.04",,,,,,""
"2021-08-11","'3140KBRT3'","MBS","UMBS MORTPASS 2.5% 06/50","30yr",,,,,"16003483.65",,,,,,""
"2021-08-11","'3133A6CA7'","MBS","UMBS MORTPASS 2% 06/50","30yr",,,,,"15998260.43",,,,,,""
"2021-08-11","'3131Y1RS1'","MBS","UMBS MORTPASS 4% 06/48","30yr",,,,,"15994884.18",,,,,,""
"2021-08-11","'3132A9US4'","MBS","UMBS MORTPASS 3% 04/33","15yr",,,,,"15971038.15",,,,,,""
"2021-08-11","'3133A27K0'","MBS","UMBS MORTPASS 3% 03/50","30yr",,,,,"15966700.51",,,,,,""
"2021-08-11","'3140LR2K3'","MBS","UMBS MORTPASS 2% 07/51","30yr",,,,,"15964333",,,,,,""
"2021-08-11","'3133ABS84'","MBS","UMBS MORTPASS 2% 11/50","30yr",,,,,"15958066.55",,,,,,""
"2021-08-11","'31307SK36'","MBS","FHLMCGLD 2% 11/31","15yr",,,,,"15945514.03",,,,,,""
"2021-08-11","'36241LVR4'","MBS","GNMA II MORTPASS 4% 05/41","30yr",,,,,"15943727.94",,,,,,""
"2021-08-11","'3140KB2P8'","MBS","UMBS MORTPASS 3% 04/50","30yr",,,,,"15916264.2",,,,,,""
"2021-08-11","'3133AE2T0'","MBS","UMBS MORTPASS 2.5% 01/51","30yr",,,,,"15916036.97",,,,,,""
"2021-08-11","'3140J6C62'","MBS","UMBS MORTPASS 2.5% 09/28","15yr",,,,,"15915959.81",,,,,,""
"2021-08-11","'3133A6XV8'","MBS","UMBS MORTPASS 2% 06/50","30yr",,,,,"15895710.5",,,,,,""
"2021-08-11","'3133G6A39'","MBS","UMBS MORTPASS 3% 06/34","15yr",,,,,"15883016.11",,,,,,""
"2021-08-11","'31307U2F4'","MBS","FHLMCGLD 2.5% 11/32","15yr",,,,,"15876288.31",,,,,,""
"2021-08-11","'3131Y7J32'","MBS","UMBS MORTPASS 4% 11/48","30yr",,,,,"15865621.31",,,,,,""
"2021-08-11","'3138ESAC2'","MBS","UMBS MORTPASS 2.5% 05/28","15yr",,,,,"15862551.46",,,,,,""
"2021-08-11","'36179NBD9'","MBS","GNMA II 4.5% 04/43","30yr",,,,,"15860478.28",,,,,,""
"2021-08-11","'3140KADB9'","MBS","UMBS MORTPASS 2.5% 05/50","30yr",,,,,"15848716.85",,,,,,""
"2021-08-11","'3140Q97C1'","MBS","UMBS MORTPASS 3% 04/48","30yr",,,,,"15847024.09",,,,,,""
"2021-08-11","'3140KCP55'","MBS","UMBS MORTPASS 3% 05/50","30yr",,,,,"15844522.35",,,,,,""
"2021-08-11","'3140L4NE5'","MBS","UMBS MORTPASS 2% 07/51","30yr",,,,,"15840354",,,,,,""
"2021-08-11","'3138EHCP5'","MBS","UMBS MORTPASS 4.5% 04/25","15yr",,,,,"15836472.77",,,,,,"Y"
"2021-08-11","'3140LNTF4'","MBS","UMBS MORTPASS 1.5% 05/36","15yr",,,,,"15834980.57",,,,,,""
"2021-08-11","'3133AAC67'","MBS","UMBS MORTPASS 2.5% 09/50","30yr",,,,,"15809538.15",,,,,,""
"2021-08-11","'3140L3NR8'","MBS","UMBS MORTPASS 2% 04/36","15yr",,,,,"15799512.94",,,,,,""
"2021-08-11","'3140HLTD8'","MBS","UMBS MORTPASS 4% 06/48","30yr",,,,,"15794304.15",,,,,,""
"2021-08-11","'3140KVRQ5'","MBS","UMBS MORTPASS 1.5% 11/50","30yr",,,,,"15787682.53",,,,,,""
"2021-08-11","'36178D2P5'","MBS","GNMA I MORTPASS 3% 03/43","30yr",,,,,"15786335.84",,,,,,""
"2021-08-11","'3140QBN87'","MBS","UMBS MORTPASS 3% 05/49","30yr",,,,,"15771486.66",,,,,,""
"2021-08-11","'3140L2NJ8'","MBS","UMBS MORTPASS 2% 01/51","30yr",,,,,"15740927.19",,,,,,""
"2021-08-11","'3140K4AH3'","MBS","UMBS MORTPASS 3.5% 11/49","30yr",,,,,"15735506.38",,,,,,""
"2021-08-11","'31329Q5Q0'","MBS","UMBS MORTPASS 4% 06/49","30yr",,,,,"15700930.11",,,,,,""
"2021-08-11","'3140L8ER7'","MBS","UMBS MORTPASS 2% 05/36","15yr",,,,,"15684380.55",,,,,,""
"2021-08-11","'3140X9CD5'","MBS","UMBS MORTPASS 2% 12/35","15yr",,,,,"15683340.3",,,,,,""
"2021-08-11","'3140JVKU5'","MBS","UMBS MORTPASS 3.5% 06/49","30yr",,,,,"15670044.66",,,,,,""
"2021-08-11","'31418C7K4'","MBS","UMBS MORTPASS 3.5% 02/49","30yr",,,,,"15647455.81",,,,,,""
"2021-08-11","'3140KYYG3'","MBS","UMBS MORTPASS 2% 01/36","15yr",,,,,"15643097.84",,,,,,""
"2021-08-11","'3140HAZ86'","MBS","UMBS MORTPASS 3.5% 02/48","30yr",,,,,"15615781.07",,,,,,""
"2021-08-11","'3140KUV41'","MBS","UMBS MORTPASS 2% 11/50","30yr",,,,,"15609166.21",,,,,,""
"2021-08-11","'3132A5JN6'","MBS","UMBS MORTPASS 4% 05/48","30yr",,,,,"15587518.59",,,,,,""
"2021-08-11","'3133AMHK5'","MBS","UMBS MORTPASS 2% 06/51","30yr",,,,,"15548020.97",,,,,,""
"2021-08-11","'3140L3BS9'","MBS","UMBS MORTPASS 2% 02/51","30yr",,,,,"15546631.97",,,,,,""
"2021-08-11","'3140JATK4'","MBS","UMBS MORTPASS 3% 06/49","30yr",,,,,"15543354.45",,,,,,""
"2021-08-11","'3140X7MY2'","MBS","UMBS MORTPASS 2.5% 08/50","30yr",,,,,"15529511.79",,,,,,""
"2021-08-11","'3133KHVU7'","MBS","UMBS MORTPASS 3.5% 01/50","30yr",,,,,"15527899.98",,,,,,""
"2021-08-11","'3140QCMN3'","MBS","UMBS MORTPASS 3% 12/49","30yr",,,,,"15524291.62",,,,,,""
"2021-08-11","'3140X8RS8'","MBS","UMBS MORTPASS 2% 12/50","30yr",,,,,"15495233.07",,,,,,""
"2021-08-11","'3140X5C84'","MBS","UMBS MORTPASS 3% 06/34","15yr",,,,,"15494028.18",,,,,,""
"2021-08-11","'3140LSSN7'","MBS","UMBS MORTPASS 1.5% 06/36","15yr",,,,,"15485433.31",,,,,,""
"2021-08-11","'3138WVX97'","MBS","UMBS MORTPASS 3.5% 07/43","30yr",,,,,"15477917.84",,,,,,""
"2021-08-11","'3140L83M0'","MBS","UMBS MORTPASS 2.5% 05/51","30yr",,,,,"15463939.45",,,,,,""
"2021-08-11","'3133A4GH3'","MBS","UMBS MORTPASS 2.5% 05/50","30yr",,,,,"15453308.69",,,,,,""
"2021-08-11","'3140L4EX3'","MBS","UMBS MORTPASS 1.5% 02/51","30yr",,,,,"15451734.73",,,,,,""
"2021-08-11","'36179MQQ6'","MBS","GNMA II MORTPASS 4% 10/42","30yr",,,,,"15450273.34",,,,,,""
"2021-08-11","'31419A4Z7'","MBS","UMBS MORTPASS 5% 07/37","30yr",,,,,"15433441.81",,,,,,"Y"
"2021-08-11","'3140LSMT0'","MBS","UMBS MORTPASS 2.5% 06/51","30yr",,,,,"15432852.73",,,,,,""
"2021-08-11","'3140LPXX5'","MBS","UMBS MORTPASS 2% 05/51","30yr",,,,,"15424725.86",,,,,,""
"2021-08-11","'3132WKC55'","MBS","FHLMCGLD 3% 01/47","30yr",,,,,"15416805.12",,,,,,""
"2021-08-11","'3140KGC27'","MBS","UMBS MORTPASS 2% 09/50","30yr",,,,,"15412296.47",,,,,,""
"2021-08-11","'3131Y3XG6'","MBS","UMBS MORTPASS 4% 10/48","30yr",,,,,"15411173.24",,,,,,""
"2021-08-11","'3140XAW73'","MBS","UMBS MORTPASS 1.5% 04/36","15yr",,,,,"15404193.06",,,,,,""
"2021-08-11","'36179RVC0'","MBS","GNMA II MORTPASS 4% 12/45","30yr",,,,,"15403294.04",,,,,,""
"2021-08-11","'3133GDBX7'","MBS","UMBS MORTPASS 1.5% 05/36","15yr",,,,,"15403100.05",,,,,,""
"2021-08-11","'3133A6BS9'","MBS","UMBS MORTPASS 2% 06/50","30yr",,,,,"15402556.04",,,,,,""
"2021-08-11","'31418DCB6'","MBS","UMBS MORTPASS 4.5% 05/49","30yr",,,,,"15401751.47",,,,,,""
"2021-08-11","'36179NX45'","MBS","GNMA II MORTPASS 3% 01/44","30yr",,,,,"15398597.91",,,,,,""
"2021-08-11","'3140K8SH5'","MBS","UMBS MORTPASS 3% 03/50","30yr",,,,,"15391715.07",,,,,,""
"2021-08-11","'31418DKV3'","MBS","UMBS MORTPASS 4% 01/50","30yr",,,,,"15379602.04",,,,,,""
"2021-08-11","'3140QKRC4'","MBS","UMBS MORTPASS 1.5% 05/51","30yr",,,,,"15372730.54",,,,,,""
"2021-08-11","'3140LPYB2'","MBS","UMBS MORTPASS 2.5% 05/51","30yr",,,,,"15357989.59",,,,,,""
"2021-08-11","'31418CAL8'","MBS","UMBS MORTPASS 2.5% 08/26","Other",,,,,"15352685.47",,,,,,""
"2021-08-11","'3133L77K7'","MBS","UMBS MORTPASS 1.5% 12/35","15yr",,,,,"15346596.86",,,,,,""
"2021-08-11","'3140LPE32'","MBS","UMBS MORTPASS 2.5% 05/51","30yr",,,,,"15314297.48",,,,,,""
"2021-08-11","'3131Y8GY5'","MBS","UMBS MORTPASS 4.5% 12/48","30yr",,,,,"15304561.55",,,,,,""
"2021-08-11","'3133AHCA3'","MBS","UMBS MORTPASS 1.5% 03/51","30yr",,,,,"15286537.74",,,,,,""
"2021-08-11","'3140X6CB5'","MBS","UMBS MORTPASS 2.5% 07/33","15yr",,,,,"15278025.42",,,,,,""
"2021-08-11","'3128MC2X2'","MBS","FHLMCGLD 4.5% 11/24","15yr",,,,,"15266184.44",,,,,,"Y"
"2021-08-11","'3140HDEP5'","MBS","UMBS MORTPASS 4% 02/48","30yr",,,,,"15262863.42",,,,,,""
"2021-08-11","'3133A4YZ3'","MBS","UMBS MORTPASS 3% 05/50","30yr",,,,,"15237737.47",,,,,,""
"2021-08-11","'36179UKW1'","MBS","GNMA II 3.5% 01/49","30yr",,,,,"15230710.36",,,,,,""
"2021-08-11","'3138EHA44'","MBS","UMBS MORTPASS 4% 04/24","15yr",,,,,"15217502.64",,,,,,"Y"
"2021-08-11","'3140KDLM0'","MBS","UMBS MORTPASS 3% 06/50","30yr",,,,,"15213764.85",,,,,,""
"2021-08-11","'3133KHH25'","MBS","UMBS MORTPASS 3% 11/49","30yr",,,,,"15209726.51",,,,,,""
"2021-08-11","'3140X5Y64'","MBS","UMBS MORTPASS 2.5% 02/50","30yr",,,,,"15207214.21",,,,,,""
"2021-08-11","'3140QGQT7'","MBS","UMBS MORTPASS 1.5% 01/51","30yr",,,,,"15205307.42",,,,,,""
"2021-08-11","'3133G6GJ8'","MBS","UMBS MORTPASS 3% 07/34","15yr",,,,,"15204352.1",,,,,,""
"2021-08-11","'3140K8PY1'","MBS","UMBS MORTPASS 3% 03/50","30yr",,,,,"15201989.87",,,,,,""
"2021-08-11","'3140X7N21'","MBS","UMBS MORTPASS 2% 08/35","15yr",,,,,"15191260.4",,,,,,""
"2021-08-11","'3133AADG4'","MBS","UMBS MORTPASS 2.5% 09/50","30yr",,,,,"15165199.87",,,,,,""
"2021-08-11","'3140JUVQ4'","MBS","UMBS MORTPASS 3% 06/49","30yr",,,,,"15161259.32",,,,,,""
"2021-08-11","'3140KAMN3'","MBS","UMBS MORTPASS 2.5% 03/50","30yr",,,,,"15154275.18",,,,,,""
"2021-08-11","'3140HGEB9'","MBS","UMBS MORTPASS 2.5% 08/50","30yr",,,,,"15124454.16",,,,,,""
"2021-08-11","'3133A4GL4'","MBS","UMBS MORTPASS 2.5% 04/50","30yr",,,,,"15119282",,,,,,""
"2021-08-11","'3140QD4K7'","MBS","UMBS MORTPASS 2.5% 12/34","15yr",,,,,"15117465.13",,,,,,""
"2021-08-11","'31334WG70'","MBS","UMBS MORTPASS 3.5% 06/49","30yr",,,,,"15111899.61",,,,,,""
"2021-08-11","'3140X8G35'","MBS","UMBS MORTPASS 2.5% 10/50","30yr",,,,,"15098776.9",,,,,,""
"2021-08-11","'3140JLSQ8'","MBS","UMBS MORTPASS 2.5% 04/51","30yr",,,,,"15088617.08",,,,,,""
"2021-08-11","'3140XBNF3'","MBS","UMBS MORTPASS 2% 05/51","30yr",,,,,"15077278.89",,,,,,""
"2021-08-11","'36202FXJ0'","MBS","GNMA II 3.5% 09/41","30yr",,,,,"15074527.66",,,,,,""
"2021-08-11","'3140KBF82'","MBS","UMBS MORTPASS 3% 03/50","30yr",,,,,"15062580.56",,,,,,""
"2021-08-11","'3133A6B59'","MBS","UMBS MORTPASS 2.5% 06/50","30yr",,,,,"15058896.59",,,,,,""
"2021-08-11","'3133A7HS1'","MBS","UMBS MORTPASS 2.5% 07/50","30yr",,,,,"15058600.09",,,,,,""
"2021-08-11","'3140L5CW4'","MBS","UMBS MORTPASS 2% 04/51","30yr",,,,,"15048886.97",,,,,,""
"2021-08-11","'3140J94Y4'","MBS","UMBS MORTPASS 2.5% 03/29","15yr",,,,,"15048496.91",,,,,,""
"2021-08-11","'3138WHJG8'","MBS","UMBS MORTPASS 2.5% 06/31","15yr",,,,,"15015669.76",,,,,,""
"2021-08-11","'3128MMWQ2'","MBS","FHLMCGLD 2.5% 08/32","15yr",,,,,"15011742.38",,,,,,""
"2021-08-11","'3133G8NF4'","MBS","UMBS MORTPASS 2% 05/35","15yr",,,,,"15005183.34",,,,,,""
"2021-08-11","'3133KG2B3'","MBS","UMBS MORTPASS 4% 02/49","30yr",,,,,"15000028.25",,,,,,""
"2021-08-11","'36179MG79'","MBS","GNMA II 4.5% 07/42","30yr",,,,,"14999753.7",,,,,,""
"2021-08-11","'3140KB5P5'","MBS","UMBS MORTPASS 2% 06/35","15yr",,,,,"14995672.23",,,,,,""
"2021-08-11","'3140L12U8'","MBS","UMBS MORTPASS 1.5% 01/51","30yr",,,,,"14994239.16",,,,,,""
"2021-08-11","'3140KDMF4'","MBS","UMBS MORTPASS 3% 06/50","30yr",,,,,"14986662.48",,,,,,""
"2021-08-11","'3133A9UL7'","MBS","UMBS MORTPASS 2.5% 08/50","30yr",,,,,"14982024.84",,,,,,""
"2021-08-11","'31418DDE9'","MBS","UMBS MORTPASS 3.5% 07/29","Other",,,,,"14980527.11",,,,,,""
"2021-08-11","'3133AGJG5'","MBS","UMBS MORTPASS 1.5% 03/51","30yr",,,,,"14974732.31",,,,,,""
"2021-08-11","'31307VAH9'","MBS","FHLMCGLD 2.5% 12/32","15yr",,,,,"14971305.84",,,,,,""
"2021-08-11","'3133GAXS0'","MBS","UMBS MORTPASS 2% 11/35","15yr",,,,,"14958410.27",,,,,,""
"2021-08-11","'3140LNS40'","MBS","UMBS MORTPASS 2% 05/51","30yr",,,,,"14957241.33",,,,,,""
"2021-08-11","'3140X5QQ9'","MBS","UMBS MORTPASS 2.5% 01/35","15yr",,,,,"14954594.47",,,,,,""
"2021-08-11","'3140JRFE6'","MBS","UMBS MORTPASS 3.5% 05/49","30yr",,,,,"14952587.54",,,,,,""
"2021-08-11","'3140Q9QA4'","MBS","UMBS MORTPASS 4% 08/48","30yr",,,,,"14947185.29",,,,,,""
"2021-08-11","'3133ABF47'","MBS","UMBS MORTPASS 2% 09/50","30yr",,,,,"14942967.66",,,,,,""
"2021-08-11","'3140LPE73'","MBS","UMBS MORTPASS 2% 05/51","30yr",,,,,"14941730.86",,,,,,""
"2021-08-11","'3133A04P6'","MBS","UMBS MORTPASS 3% 01/50","30yr",,,,,"14940322.48",,,,,,""
"2021-08-11","'3132D53M2'","MBS","UMBS MORTPASS 2.5% 07/34","15yr",,,,,"14933586.35",,,,,,""
"2021-08-11","'3132AENT9'","MBS","UMBS MORTPASS 4.5% 12/48","30yr",,,,,"14917590.81",,,,,,""
"2021-08-11","'3140L3Z61'","MBS","UMBS MORTPASS 1.5% 02/51","30yr",,,,,"14917089.7",,,,,,""
"2021-08-11","'31334WLR0'","MBS","UMBS MORTPASS 3% 06/49","30yr",,,,,"14915371.86",,,,,,""
"2021-08-11","'3133AE4H4'","MBS","UMBS MORTPASS 2% 01/51","30yr",,,,,"14901189.12",,,,,,""
"2021-08-11","'36179R4F3'","MBS","GNMA II MORTPASS 4% 03/46","30yr",,,,,"14895362.51",,,,,,""
"2021-08-11","'3133A6T84'","MBS","UMBS MORTPASS 2.5% 06/50","30yr",,,,,"14883457.08",,,,,,""
"2021-08-11","'3140L5BV7'","MBS","UMBS MORTPASS 2% 03/51","30yr",,,,,"14881070.48",,,,,,""
"2021-08-11","'3140KCDL3'","MBS","UMBS MORTPASS 3% 04/50","30yr",,,,,"14868033.86",,,,,,""
"2021-08-11","'3140KUMU3'","MBS","UMBS MORTPASS 2% 11/50","30yr",,,,,"14846507.67",,,,,,""
"2021-08-11","'31418DNU2'","MBS","UMBS MORTPASS 2% 03/50","30yr",,,,,"14840810.53",,,,,,""
"2021-08-11","'36179MVQ0'","MBS","GNMA II 2.5% 12/42","30yr",,,,,"14835618.75",,,,,,""
"2021-08-11","'3140LPXK3'","MBS","UMBS MORTPASS 1.5% 05/51","30yr",,,,,"14813514.15",,,,,,""
"2021-08-11","'3140JWAZ3'","MBS","UMBS MORTPASS 3% 07/34","15yr",,,,,"14773327.75",,,,,,""
"2021-08-11","'31334XE62'","MBS","UMBS MORTPASS 3.5% 07/49","30yr",,,,,"14765946.86",,,,,,""
"2021-08-11","'3140QCH74'","MBS","UMBS MORTPASS 2% 12/49","30yr",,,,,"14757908.59",,,,,,""
"2021-08-11","'36179TV51'","MBS","GNMA II 3.5% 04/48","30yr",,,,,"14752979.8",,,,,,""
"2021-08-11","'3133ANJH8'","MBS","UMBS MORTPASS 2% 06/51","30yr",,,,,"14749924.45",,,,,,""
"2021-08-11","'3140KPT37'","MBS","UMBS MORTPASS 2% 11/50","30yr",,,,,"14739822.6",,,,,,""
"2021-08-11","'3140Q9QC0'","MBS","UMBS MORTPASS 4% 08/48","30yr",,,,,"14718706.67",,,,,,""
"2021-08-11","'3140L0CJ4'","MBS","UMBS MORTPASS 1.5% 01/51","30yr",,,,,"14715550.56",,,,,,""
"2021-08-11","'3140X5QP1'","MBS","UMBS MORTPASS 2.5% 01/35","15yr",,,,,"14688889.99",,,,,,""
"2021-08-11","'3131Y2SS8'","MBS","UMBS MORTPASS 3.5% 08/48","30yr",,,,,"14671085.67",,,,,,""
"2021-08-11","'3132DMSM8'","MBS","UMBS MORTPASS 2% 01/51","30yr",,,,,"14668042.48",,,,,,""
"2021-08-11","'3140H1WJ5'","MBS","UMBS MORTPASS 3.5% 03/48","30yr",,,,,"14666098.76",,,,,,""
"2021-08-11","'3140HNYR7'","MBS","UMBS MORTPASS 4% 08/48","30yr",,,,,"14663293.63",,,,,,""
"2021-08-11","'3140L33M1'","MBS","UMBS MORTPASS 1.5% 03/51","30yr",,,,,"14660902.77",,,,,,""
"2021-08-11","'3138X3HC9'","MBS","UMBS MORTPASS 3% 12/26","15yr",,,,,"14653911.44",,,,,,""
"2021-08-11","'3133A4JS6'","MBS","UMBS MORTPASS 3% 05/50","30yr",,,,,"14653835.1",,,,,,""
"2021-08-11","'3133A4P59'","MBS","UMBS MORTPASS 2.5% 05/50","30yr",,,,,"14653255.73",,,,,,""
"2021-08-11","'3140KLYJ5'","MBS","UMBS MORTPASS 2.5% 09/50","30yr",,,,,"14646625.9",,,,,,""
"2021-08-11","'3140L0XL6'","MBS","UMBS MORTPASS 2% 02/51","30yr",,,,,"14637799.25",,,,,,""
"2021-08-11","'3133A85Y9'","MBS","UMBS MORTPASS 2% 08/50","30yr",,,,,"14626511.18",,,,,,""
"2021-08-11","'3128M8V68'","MBS","FHLMCGLD 5% 01/40","30yr",,,,,"14624721.63",,,,,,"Y"
"2021-08-11","'31417F7B8'","MBS","UMBS MORTPASS 2% 04/28","15yr",,,,,"14624279.85",,,,,,""
"2021-08-11","'3140LRFY9'","MBS","UMBS MORTPASS 2% 07/51","30yr",,,,,"14620708.52",,,,,,""
"2021-08-11","'3140X4WM4'","MBS","UMBS MORTPASS 3% 06/27","15yr",,,,,"14611996.79",,,,,,""
"2021-08-11","'3140KPX40'","MBS","UMBS MORTPASS 2% 12/35","15yr",,,,,"14602076.49",,,,,,""
"2021-08-11","'3140JVVJ8'","MBS","UMBS MORTPASS 3.5% 07/49","30yr",,,,,"14599136.57",,,,,,""
"2021-08-11","'3140L1Z81'","MBS","UMBS MORTPASS 2% 01/51","30yr",,,,,"14575532.22",,,,,,""
"2021-08-11","'3140HJJY8'","MBS","UMBS MORTPASS 3.5% 08/48","30yr",,,,,"14575521.94",,,,,,""
"2021-08-11","'36179VKM1'","MBS","GNMA II 3.5% 04/50","30yr",,,,,"14565756.6",,,,,,""
"2021-08-11","'3131YCTL0'","MBS","UMBS MORTPASS 3.5% 05/49","30yr",,,,,"14558326.5",,,,,,""
"2021-08-11","'3140KRB57'","MBS","UMBS MORTPASS 2% 10/35","15yr",,,,,"14557741.59",,,,,,""
"2021-08-11","'3131Y16W5'","MBS","UMBS MORTPASS 4% 07/48","30yr",,,,,"14548950.58",,,,,,""
"2021-08-11","'3140JVEQ1'","MBS","UMBS MORTPASS 3% 09/49","30yr",,,,,"14546934.49",,,,,,""
"2021-08-11","'3138EHA51'","MBS","UMBS MORTPASS 4.5% 10/39","30yr",,,,,"14533675.08",,,,,,"Y"
"2021-08-11","'3140L6TS3'","MBS","UMBS MORTPASS 2% 03/51","30yr",,,,,"14521369.8",,,,,,""
"2021-08-11","'3140QAJE1'","MBS","UMBS MORTPASS 4.5% 01/49","30yr",,,,,"14510223.84",,,,,,""
"2021-08-11","'3132QRMS6'","MBS","FHLMCGLD 3% 07/45","30yr",,,,,"14508448.47",,,,,,""
"2021-08-11","'3140X5B51'","MBS","UMBS MORTPASS 3% 10/49","30yr",,,,,"14496554.49",,,,,,""
"2021-08-11","'3138MFUB1'","MBS","UMBS MORTPASS 2.5% 11/27","15yr",,,,,"14482310.13",,,,,,""
"2021-08-11","'3140L0CK1'","MBS","UMBS MORTPASS 2% 01/51","30yr",,,,,"14477269.81",,,,,,""
"2021-08-11","'3138WUND1'","MBS","UMBS MORTPASS 3% 05/43","30yr",,,,,"14471758.48",,,,,,""
"2021-08-11","'31334YLB1'","MBS","UMBS MORTPASS 3% 09/49","30yr",,,,,"14469622.81",,,,,,""
"2021-08-11","'31334WDZ1'","MBS","UMBS MORTPASS 3% 06/49","30yr",,,,,"14451639.55",,,,,,""
"2021-08-11","'3133A4KJ4'","MBS","UMBS MORTPASS 2.5% 05/50","30yr",,,,,"14445647.74",,,,,,""
"2021-08-11","'3133GDMM9'","MBS","UMBS MORTPASS 1.5% 07/36","15yr",,,,,"14442609.89",,,,,,""
"2021-08-11","'3133A62Z3'","MBS","UMBS MORTPASS 2.5% 06/50","30yr",,,,,"14428931.81",,,,,,""
"2021-08-11","'3140QBJW9'","MBS","UMBS MORTPASS 3.5% 07/49","30yr",,,,,"14419303.35",,,,,,""
"2021-08-11","'3138EL6D0'","MBS","UMBS MORTPASS 3% 02/28","15yr",,,,,"14419014.17",,,,,,""
"2021-08-11","'3140LNSQ1'","MBS","UMBS MORTPASS 2% 05/51","30yr",,,,,"14418772.41",,,,,,""
"2021-08-11","'3140X4UY0'","MBS","UMBS MORTPASS 3.5% 09/49","30yr",,,,,"14414088.97",,,,,,""
"2021-08-11","'3140L7G89'","MBS","UMBS MORTPASS 2.5% 05/51","30yr",,,,,"14410878.92",,,,,,""
"2021-08-11","'3140QBB72'","MBS","UMBS MORTPASS 3.5% 06/49","30yr",,,,,"14410328.75",,,,,,""
"2021-08-11","'3140L5DU7'","MBS","UMBS MORTPASS 2% 04/51","30yr",,,,,"14398437.06",,,,,,""
"2021-08-11","'3140QGFK8'","MBS","UMBS MORTPASS 2.5% 06/50","30yr",,,,,"14397680.67",,,,,,""
"2021-08-11","'3140L7YE6'","MBS","UMBS MORTPASS 2% 05/51","30yr",,,,,"14390688.8",,,,,,""
"2021-08-11","'3140QERX2'","MBS","UMBS MORTPASS 2.5% 08/50","30yr",,,,,"14388632.97",,,,,,""
"2021-08-11","'3133A66Q9'","MBS","UMBS MORTPASS 2.5% 06/50","30yr",,,,,"14385210.47",,,,,,""
"2021-08-11","'31417CSN6'","MBS","UMBS MORTPASS 3% 08/42","30yr",,,,,"14383206.6",,,,,,""
"2021-08-11","'3133GAFH4'","MBS","UMBS MORTPASS 2% 10/35","15yr",,,,,"14378718.74",,,,,,""
"2021-08-11","'3133A6WW7'","MBS","UMBS MORTPASS 2.5% 06/50","30yr",,,,,"14378089.2",,,,,,""
"2021-08-11","'3133AL5Z7'","MBS","UMBS MORTPASS 2.5% 06/51","30yr",,,,,"14377317.44",,,,,,""
"2021-08-11","'3140QCQ90'","MBS","UMBS MORTPASS 3% 01/50","30yr",,,,,"14365108.52",,,,,,""
"2021-08-11","'3133LPSM0'","MBS","UMBS MORTPASS 2% 05/30","Other",,,,,"14355294.53",,,,,,""
"2021-08-11","'3140K8RH6'","MBS","UMBS MORTPASS 3% 03/50","30yr",,,,,"14345835.38",,,,,,""
"2021-08-11","'3133KYR27'","MBS","UMBS MORTPASS 3% 07/39","Other",,,,,"14343695.42",,,,,,""
"2021-08-11","'3128MC4L6'","MBS","FHLMCGLD 4% 05/24","15yr",,,,,"14327117.88",,,,,,"Y"
"2021-08-11","'3133A2GZ7'","MBS","UMBS MORTPASS 3% 02/50","30yr",,,,,"14314470.1",,,,,,""
"2021-08-11","'3140XAFX5'","MBS","UMBS MORTPASS 1.5% 02/36","15yr",,,,,"14295809.78",,,,,,""
"2021-08-11","'3132WKHQ4'","MBS","FHLMCGLD 3% 01/47","30yr",,,,,"14293798.98",,,,,,""
"2021-08-11","'3140L3YZ8'","MBS","UMBS MORTPASS 2% 02/51","30yr",,,,,"14292846.27",,,,,,""
"2021-08-11","'3133AKFZ8'","MBS","UMBS MORTPASS 2.5% 04/51","30yr",,,,,"14286923.24",,,,,,""
"2021-08-11","'3128MMWP4'","MBS","FHLMCGLD 3.5% 07/32","15yr",,,,,"14285111.74",,,,,,""
"2021-08-11","'31418CS47'","MBS","UMBS MORTPASS 3.5% 01/48","30yr",,,,,"14280775.21",,,,,,""
"2021-08-11","'3140KEW20'","MBS","UMBS MORTPASS 2.5% 06/50","30yr",,,,,"14273157.86",,,,,,""
"2021-08-11","'36297GVM9'","MBS","GNMA I MORTPASS 3% 02/43","30yr",,,,,"14271606.52",,,,,,""
"2021-08-11","'3140K8SL6'","MBS","UMBS MORTPASS 3% 03/50","30yr",,,,,"14265967.65",,,,,,""
"2021-08-11","'3140JPZG3'","MBS","UMBS MORTPASS 3% 06/49","30yr",,,,,"14253683.68",,,,,,""
"2021-08-11","'3133APDK2'","MBS","UMBS MORTPASS 2% 07/51","30yr",,,,,"14252697",,,,,,""
"2021-08-11","'3133GBEW0'","MBS","UMBS MORTPASS 2% 12/35","15yr",,,,,"14250228.42",,,,,,""
"2021-08-11","'3140KFNK7'","MBS","UMBS MORTPASS 2% 11/35","15yr",,,,,"14246212.33",,,,,,""
"2021-08-11","'3140KPDV2'","MBS","UMBS MORTPASS 2.5% 09/50","30yr",,,,,"14245663.65",,,,,,""
"2021-08-11","'3138M5U72'","MBS","UMBS MORTPASS 3.5% 08/42","30yr",,,,,"14243172.11",,,,,,""
"2021-08-11","'3140QDP40'","MBS","UMBS MORTPASS 3% 10/49","30yr",,,,,"14241841.15",,,,,,""
"2021-08-11","'3140L0ML8'","MBS","UMBS MORTPASS 1.5% 07/36","15yr",,,,,"14228564",,,,,,""
"2021-08-11","'3138WUM75'","MBS","UMBS MORTPASS 3% 05/43","30yr",,,,,"14226169.5",,,,,,""
"2021-08-11","'3140K8SN2'","MBS","UMBS MORTPASS 3% 03/50","30yr",,,,,"14225590.83",,,,,,""
"2021-08-11","'3140KFAH8'","MBS","UMBS MORTPASS 2.5% 07/50","30yr",,,,,"14224771.2",,,,,,""
"2021-08-11","'3140JPSU0'","MBS","UMBS MORTPASS 1.5% 01/51","30yr",,,,,"14215094.14",,,,,,""
"2021-08-11","'3140J9NL1'","MBS","UMBS MORTPASS 4.5% 11/48","30yr",,,,,"14187248.77",,,,,,""
"2021-08-11","'3140LQUW8'","MBS","UMBS MORTPASS 1.5% 07/36","15yr",,,,,"14180905.82",,,,,,""
"2021-08-11","'3140JYT30'","MBS","UMBS MORTPASS 3% 08/49","30yr",,,,,"14178280.6",,,,,,""
"2021-08-11","'3140K3XD9'","MBS","UMBS MORTPASS 2.5% 05/50","30yr",,,,,"14175072.64",,,,,,""
"2021-08-11","'3133ADSE7'","MBS","UMBS MORTPASS 1.5% 12/50","30yr",,,,,"14156689.73",,,,,,""
"2021-08-11","'3133A9J22'","MBS","UMBS MORTPASS 2.5% 09/50","30yr",,,,,"14154580.48",,,,,,""
"2021-08-11","'3131Y1JL5'","MBS","UMBS MORTPASS 4% 05/48","30yr",,,,,"14149158.32",,,,,,""
"2021-08-11","'3140K4MB3'","MBS","UMBS MORTPASS 2.5% 05/50","30yr",,,,,"14145719",,,,,,""
"2021-08-11","'3140QC3V6'","MBS","UMBS MORTPASS 3% 03/50","30yr",,,,,"14138819.18",,,,,,""
"2021-08-11","'3132AD3U0'","MBS","UMBS MORTPASS 4.5% 02/49","30yr",,,,,"14138351.95",,,,,,""
"2021-08-11","'3140X5F24'","MBS","UMBS MORTPASS 4% 08/49","30yr",,,,,"14134788.55",,,,,,""
"2021-08-11","'3140KEPA0'","MBS","UMBS MORTPASS 2.5% 09/50","30yr",,,,,"14129719.09",,,,,,""
"2021-08-11","'3140X9YU3'","MBS","UMBS MORTPASS 1.5% 01/51","30yr",,,,,"14086732.03",,,,,,""
"2021-08-11","'3140QFRU5'","MBS","UMBS MORTPASS 1.5% 11/50","30yr",,,,,"14081482.56",,,,,,""
"2021-08-11","'3140KBQL1'","MBS","UMBS MORTPASS 3% 05/50","30yr",,,,,"14078872.31",,,,,,""
"2021-08-11","'3140KK3X0'","MBS","UMBS MORTPASS 2.5% 09/50","30yr",,,,,"14075329.47",,,,,,""
"2021-08-11","'3140JPJ22'","MBS","UMBS MORTPASS 3% 04/34","15yr",,,,,"14073608.64",,,,,,""
"2021-08-11","'3133AG5H8'","MBS","UMBS MORTPASS 2.5% 03/51","30yr",,,,,"14068016.16",,,,,,""
"2021-08-11","'3140GVPD1'","MBS","UMBS MORTPASS 4% 08/47","30yr",,,,,"14066233.7",,,,,,""
"2021-08-11","'3132A9AA5'","MBS","UMBS MORTPASS 2.5% 06/28","15yr",,,,,"14052329.22",,,,,,""
"2021-08-11","'3133AKT59'","MBS","UMBS MORTPASS 1.5% 04/51","30yr",,,,,"14051962.1",,,,,,""
"2021-08-11","'3140QKVR6'","MBS","UMBS MORTPASS 1.5% 05/36","15yr",,,,,"14045907.76",,,,,,""
"2021-08-11","'3133A7EK1'","MBS","UMBS MORTPASS 2.5% 07/50","30yr",,,,,"14035219.46",,,,,,""
"2021-08-11","'3128M8HX5'","MBS","FHLMCGLD 5% 04/36","30yr",,,,,"14029757.77",,,,,,"Y"
"2021-08-11","'3140L4C23'","MBS","UMBS MORTPASS 2% 03/51","30yr",,,,,"14021865.8",,,,,,""
"2021-08-11","'3133ACCU0'","MBS","UMBS MORTPASS 2% 11/50","30yr",,,,,"14012047.42",,,,,,""
"2021-08-11","'3138EJ3P1'","MBS","UMBS MORTPASS 3% 06/27","15yr",,,,,"14008090.09",,,,,,""
"2021-08-11","'3133ANG24'","MBS","UMBS MORTPASS 2% 07/51","30yr",,,,,"13999066.7",,,,,,""
"2021-08-11","'3140JXNY0'","MBS","UMBS MORTPASS 3% 10/49","30yr",,,,,"13991815.18",,,,,,""
"2021-08-11","'31339UXQ8'","MBS","UMBS MORTPASS 3% 11/49","30yr",,,,,"13991323.44",,,,,,""
"2021-08-11","'3140J94Q1'","MBS","UMBS MORTPASS 2.5% 12/37","Other",,,,,"13982248.27",,,,,,""
"2021-08-11","'3140JWMR8'","MBS","UMBS MORTPASS 3% 10/49","30yr",,,,,"13970575.86",,,,,,""
"2021-08-11","'31339UA67'","MBS","UMBS MORTPASS 3% 10/49","30yr",,,,,"13969651.76",,,,,,""
"2021-08-11","'3133A9WH4'","MBS","UMBS MORTPASS 2.5% 09/50","30yr",,,,,"13961305.79",,,,,,""
"2021-08-11","'3140HMPF5'","MBS","UMBS MORTPASS 4.5% 09/48","30yr",,,,,"13952833.93",,,,,,""
"2021-08-11","'36241L5C6'","MBS","GNMA II 3.5% 02/42","30yr",,,,,"13930926.76",,,,,,""
"2021-08-11","'3131Y8AW5'","MBS","UMBS MORTPASS 4% 12/48","30yr",,,,,"13929523.22",,,,,,""
"2021-08-11","'3140QCAQ9'","MBS","UMBS MORTPASS 3% 11/34","15yr",,,,,"13921065.68",,,,,,""
"2021-08-11","'3133GASP2'","MBS","UMBS MORTPASS 1.5% 11/35","15yr",,,,,"13919136.65",,,,,,""
"2021-08-11","'3140QBQR2'","MBS","UMBS MORTPASS 3% 08/34","15yr",,,,,"13915492.58",,,,,,""
"2021-08-11","'3133AGWJ4'","MBS","UMBS MORTPASS 2% 03/51","30yr",,,,,"13900133.96",,,,,,""
"2021-08-11","'31418DW24'","MBS","UMBS MORTPASS 2% 02/31","Other",,,,,"13892737.99",,,,,,""
"2021-08-11","'31417CRX5'","MBS","UMBS MORTPASS 2.5% 08/27","15yr",,,,,"13881692.3",,,,,,""
"2021-08-11","'3131Y7NA1'","MBS","UMBS MORTPASS 4% 11/48","30yr",,,,,"13879740.4",,,,,,""
"2021-08-11","'3140L3RR4'","MBS","UMBS MORTPASS 2.5% 02/51","30yr",,,,,"13853291.87",,,,,,""
"2021-08-11","'3140L62C7'","MBS","UMBS MORTPASS 2% 04/51","30yr",,,,,"13846707.96",,,,,,""
"2021-08-11","'3133KGN61'","MBS","UMBS MORTPASS 3% 08/49","30yr",,,,,"13826522.54",,,,,,""
"2021-08-11","'3140KUWQ1'","MBS","UMBS MORTPASS 2% 11/50","30yr",,,,,"13825805.87",,,,,,""
"2021-08-11","'3140X5N66'","MBS","UMBS MORTPASS 3.5% 11/49","30yr",,,,,"13820734.87",,,,,,""
"2021-08-11","'3133AAT69'","MBS","UMBS MORTPASS 2% 09/50","30yr",,,,,"13812833.21",,,,,,""
"2021-08-11","'36179UV66'","MBS","GNMA II 2.5% 07/49","30yr",,,,,"13806183.12",,,,,,""
"2021-08-11","'3140X5HS5'","MBS","UMBS MORTPASS 2.5% 03/33","15yr",,,,,"13786113.48",,,,,,""
"2021-08-11","'3133AJSG9'","MBS","UMBS MORTPASS 2% 04/51","30yr",,,,,"13780145.8",,,,,,""
"2021-08-11","'3140KXFL5'","MBS","UMBS MORTPASS 2% 12/35","15yr",,,,,"13778845.78",,,,,,""
"2021-08-11","'3140HBY77'","MBS","UMBS MORTPASS 2.5% 10/34","15yr",,,,,"13766621",,,,,,""
"2021-08-11","'3140KKSA3'","MBS","UMBS MORTPASS 2.5% 07/50","30yr",,,,,"13760883.86",,,,,,""
"2021-08-11","'3131X8KE5'","MBS","UMBS MORTPASS 2.5% 01/28","15yr",,,,,"13759152.58",,,,,,""
"2021-08-11","'31418C2A1'","MBS","UMBS MORTPASS 4.5% 09/48","30yr",,,,,"13757004.55",,,,,,""
"2021-08-11","'3132DV4L6'","MBS","UMBS MORTPASS 4.5% 11/49","30yr",,,,,"13747148.1",,,,,,""
"2021-08-11","'36202FHW9'","MBS","GNMA II MORTPASS 4% 07/40","30yr",,,,,"13745971.45",,,,,,""
"2021-08-11","'3138EJ2N7'","MBS","UMBS MORTPASS 3.5% 09/42","30yr",,,,,"13742041.16",,,,,,""
"2021-08-11","'3140GXEV9'","MBS","UMBS MORTPASS 3.5% 08/47","30yr",,,,,"13728929.51",,,,,,""
"2021-08-11","'3140Q9XC2'","MBS","UMBS MORTPASS 4% 07/48","30yr",,,,,"13708567.76",,,,,,""
"2021-08-11","'3140K1CH7'","MBS","UMBS MORTPASS 3% 11/49","30yr",,,,,"13705633.09",,,,,,""
"2021-08-11","'3133KK7C7'","MBS","UMBS MORTPASS 1.5% 02/51","30yr",,,,,"13703736.76",,,,,,""
"2021-08-11","'3140L6WA8'","MBS","UMBS MORTPASS 1.5% 04/36","15yr",,,,,"13699330.67",,,,,,""
"2021-08-11","'3133ALG51'","MBS","UMBS MORTPASS 2% 05/51","30yr",,,,,"13669000.78",,,,,,""
"2021-08-11","'3132KFBZ4'","MBS","FHLMCGLD 2.5% 09/30","15yr",,,,,"13664386.55",,,,,,""
"2021-08-11","'3140H4B45'","MBS","UMBS MORTPASS 3.5% 05/48","30yr",,,,,"13654086.91",,,,,,""
"2021-08-11","'3132QMHL8'","MBS","FHLMCGLD 3.5% 02/45","30yr",,,,,"13649204.53",,,,,,""
"2021-08-11","'36297GWA4'","MBS","GNMA I MORTPASS 3% 04/43","30yr",,,,,"13645415.19",,,,,,""
"2021-08-11","'3140QAHU7'","MBS","UMBS MORTPASS 4% 06/48","30yr",,,,,"13639513.82",,,,,,""
"2021-08-11","'36241L6X9'","MBS","GNMA II 3.5% 04/42","30yr",,,,,"13636910.3",,,,,,""
"2021-08-11","'36179SNT0'","MBS","GNMA II 2.5% 10/46","30yr",,,,,"13634423.31",,,,,,""
"2021-08-11","'3140KYNM2'","MBS","UMBS MORTPASS 2.5% 01/51","30yr",,,,,"13630560.41",,,,,,""
"2021-08-11","'3140L4Q44'","MBS","UMBS MORTPASS 2% 02/51","30yr",,,,,"13625970.26",,,,,,""
"2021-08-11","'3131Y1GR5'","MBS","UMBS MORTPASS 4.5% 05/48","30yr",,,,,"13618280.01",,,,,,""
"2021-08-11","'3140L72P6'","MBS","UMBS MORTPASS 2% 04/51","30yr",,,,,"13615645.84",,,,,,""
"2021-08-11","'3140L8ZG8'","MBS","UMBS MORTPASS 1.5% 04/36","15yr",,,,,"13612713.92",,,,,,""
"2021-08-11","'36241L5S1'","MBS","GNMA II 3.5% 03/42","30yr",,,,,"13608715.06",,,,,,""
"2021-08-11","'36241L5T9'","MBS","GNMA II 3.5% 03/42","30yr",,,,,"13608715.01",,,,,,""
"2021-08-11","'3138WQR61'","MBS","UMBS MORTPASS 3.5% 06/42","30yr",,,,,"13589222.82",,,,,,""
"2021-08-11","'3128MFA32'","MBS","FHLMCGLD 3% 04/32","15yr",,,,,"13588965.45",,,,,,""
"2021-08-11","'3133KGKR8'","MBS","UMBS MORTPASS 4% 08/49","30yr",,,,,"13570162.18",,,,,,""
"2021-08-11","'3140K8QZ7'","MBS","UMBS MORTPASS 3% 03/50","30yr",,,,,"13568826",,,,,,""
"2021-08-11","'3132DMSU0'","MBS","UMBS MORTPASS 1.5% 02/51","30yr",,,,,"13567503.2",,,,,,""
"2021-08-11","'3133AAJR4'","MBS","UMBS MORTPASS 2.5% 09/50","30yr",,,,,"13561225.03",,,,,,""
"2021-08-11","'3140JVDS8'","MBS","UMBS MORTPASS 3.5% 08/49","30yr",,,,,"13560297.98",,,,,,""
"2021-08-11","'36178DXX4'","MBS","GNMA I MORTPASS 3% 02/43","30yr",,,,,"13556649.68",,,,,,""
"2021-08-11","'3133AEWL4'","MBS","UMBS MORTPASS 2% 01/51","30yr",,,,,"13501674.4",,,,,,""
"2021-08-11","'3133GA5B8'","MBS","UMBS MORTPASS 2% 12/35","15yr",,,,,"13496748.68",,,,,,""
"2021-08-11","'36178D7A3'","MBS","GNMA I MORTPASS 3% 04/43","30yr",,,,,"13492515.38",,,,,,""
"2021-08-11","'3128M8XF6'","MBS","FHLMCGLD 5% 06/39","30yr",,,,,"13485601.89",,,,,,"Y"
"2021-08-11","'3133AJ4B6'","MBS","UMBS MORTPASS 2% 04/51","30yr",,,,,"13480457.13",,,,,,""
"2021-08-11","'3140KFJ71'","MBS","UMBS MORTPASS 2% 10/35","15yr",,,,,"13468178.14",,,,,,""
"2021-08-11","'31329PTM5'","MBS","UMBS MORTPASS 4.5% 11/48","30yr",,,,,"13466727.24",,,,,,""
"2021-08-11","'3133ALCD8'","MBS","UMBS MORTPASS 2.5% 05/51","30yr",,,,,"13464361.93",,,,,,""
"2021-08-11","'3140L7R53'","MBS","UMBS MORTPASS 1.5% 04/36","15yr",,,,,"13459369.2",,,,,,""
"2021-08-11","'3140X5EP4'","MBS","UMBS MORTPASS 4.5% 04/49","30yr",,,,,"13442812.69",,,,,,""
"2021-08-11","'3140KUHT2'","MBS","UMBS MORTPASS 2% 12/50","30yr",,,,,"13442052.29",,,,,,""
"2021-08-11","'3140X8AT4'","MBS","UMBS MORTPASS 2% 10/35","15yr",,,,,"13438603.59",,,,,,""
"2021-08-11","'3131Y2RN0'","MBS","UMBS MORTPASS 4% 08/48","30yr",,,,,"13424945.16",,,,,,""
"2021-08-11","'3140LP4Y5'","MBS","UMBS MORTPASS 2.5% 06/51","30yr",,,,,"13417500.49",,,,,,""
"2021-08-11","'3140H6B65'","MBS","UMBS MORTPASS 3.5% 01/48","30yr",,,,,"13410399.3",,,,,,""
"2021-08-11","'3140HP2E6'","MBS","UMBS MORTPASS 4% 09/48","30yr",,,,,"13399821.43",,,,,,""
"2021-08-11","'3140L5AS5'","MBS","UMBS MORTPASS 2.5% 04/51","30yr",,,,,"13399685.73",,,,,,""
"2021-08-11","'3128MMXS7'","MBS","FHLMCGLD 3% 05/33","15yr",,,,,"13390395.34",,,,,,""
"2021-08-11","'3140JNAC4'","MBS","UMBS MORTPASS 3.5% 04/49","30yr",,,,,"13380645.96",,,,,,""
"2021-08-11","'31329QWD9'","MBS","UMBS MORTPASS 3.5% 05/49","30yr",,,,,"13376860.51",,,,,,""
"2021-08-11","'3133G8RE3'","MBS","UMBS MORTPASS 2.5% 05/35","15yr",,,,,"13375111.68",,,,,,""
"2021-08-11","'3140L7R95'","MBS","UMBS MORTPASS 1.5% 04/36","15yr",,,,,"13372110.38",,,,,,""
"2021-08-11","'3140F0JJ4'","MBS","UMBS MORTPASS 3% 10/46","30yr",,,,,"13367943.25",,,,,,""
"2021-08-11","'31334XEE5'","MBS","UMBS MORTPASS 3% 07/49","30yr",,,,,"13363286.44",,,,,,""
"2021-08-11","'3131YC2J4'","MBS","UMBS MORTPASS 3% 06/49","30yr",,,,,"13354622.36",,,,,,""
"2021-08-11","'3140K2QU1'","MBS","UMBS MORTPASS 1.5% 05/51","30yr",,,,,"13353056.78",,,,,,""
"2021-08-11","'3140KNFZ6'","MBS","UMBS MORTPASS 2.5% 09/50","30yr",,,,,"13351818.61",,,,,,""
"2021-08-11","'3133KHU87'","MBS","UMBS MORTPASS 2.5% 04/50","30yr",,,,,"13346296.64",,,,,,""
"2021-08-11","'3133GDEJ5'","MBS","UMBS MORTPASS 1.5% 05/36","15yr",,,,,"13342609.28",,,,,,""
"2021-08-11","'3138WPJG0'","MBS","UMBS MORTPASS 2.5% 04/28","15yr",,,,,"13318739.44",,,,,,""
"2021-08-11","'3140KHSP7'","MBS","UMBS MORTPASS 2.5% 07/50","30yr",,,,,"13313994.35",,,,,,""
"2021-08-11","'3140JVDW9'","MBS","UMBS MORTPASS 4% 08/49","30yr",,,,,"13307430.01",,,,,,""
"2021-08-11","'3140JWVU1'","MBS","UMBS MORTPASS 3.5% 07/49","30yr",,,,,"13301250.36",,,,,,""
"2021-08-11","'36202FCP9'","MBS","GNMA II MORTPASS 5% 11/39","30yr",,,,,"13298072.12",,,,,,""
"2021-08-11","'3140JM7A4'","MBS","UMBS MORTPASS 4% 04/49","30yr",,,,,"13295215.77",,,,,,""
"2021-08-11","'3140KPT52'","MBS","UMBS MORTPASS 2.5% 11/50","30yr",,,,,"13290630.6",,,,,,""
"2021-08-11","'3140K8R94'","MBS","UMBS MORTPASS 2.5% 03/50","30yr",,,,,"13287024.69",,,,,,""
"2021-08-11","'3140L1LK9'","MBS","UMBS MORTPASS 1.5% 03/36","15yr",,,,,"13280524.4",,,,,,""
"2021-08-11","'31417A4Y2'","MBS","UMBS MORTPASS 3.5% 02/42","30yr",,,,,"13273571.83",,,,,,""
"2021-08-11","'3132AD7L6'","MBS","UMBS MORTPASS 3.5% 03/34","15yr",,,,,"13247822.33",,,,,,""
"2021-08-11","'3140K8Y54'","MBS","UMBS MORTPASS 3% 02/50","30yr",,,,,"13240481.36",,,,,,""
"2021-08-11","'3133AKT83'","MBS","UMBS MORTPASS 1.5% 04/51","30yr",,,,,"13216103.12",,,,,,""
"2021-08-11","'31418CQM9'","MBS","UMBS MORTPASS 3% 10/27","Other",,,,,"13215735.69",,,,,,""
"2021-08-11","'3140K8Z38'","MBS","UMBS MORTPASS 3% 02/50","30yr",,,,,"13203446.23",,,,,,""
"2021-08-11","'3132ACYL8'","MBS","UMBS MORTPASS 3% 09/48","30yr",,,,,"13200337.05",,,,,,""
"2021-08-11","'31339SVW2'","MBS","UMBS MORTPASS 3% 10/49","30yr",,,,,"13197248.5",,,,,,""
"2021-08-11","'3132ADXX1'","MBS","UMBS MORTPASS 4% 01/49","30yr",,,,,"13191388.22",,,,,,""
"2021-08-11","'3132DMT70'","MBS","UMBS MORTPASS 2.5% 04/51","30yr",,,,,"13173387.79",,,,,,""
"2021-08-11","'3140EWXS9'","MBS","UMBS MORTPASS 3% 03/46","30yr",,,,,"13170645.01",,,,,,""
"2021-08-11","'3138EGW91'","MBS","UMBS MORTPASS 5.5% 09/38","30yr",,,,,"13168189.52",,,,,,"Y"
"2021-08-11","'3140X9P82'","MBS","UMBS MORTPASS 1.5% 01/51","30yr",,,,,"13146599.27",,,,,,""
"2021-08-11","'3140KQ3V1'","MBS","UMBS MORTPASS 2% 11/50","30yr",,,,,"13142337.17",,,,,,""
"2021-08-11","'31418DHG0'","MBS","UMBS MORTPASS 2.5% 11/39","Other",,,,,"13142300.6",,,,,,""
"2021-08-11","'31418B6N1'","MBS","UMBS MORTPASS 2.5% 07/26","Other",,,,,"13140213",,,,,,""
"2021-08-11","'31329QNX5'","MBS","UMBS MORTPASS 3.5% 04/49","30yr",,,,,"13097865.6",,,,,,""
"2021-08-11","'3132CWSL9'","MBS","UMBS MORTPASS 2% 03/36","15yr",,,,,"13074680.01",,,,,,""
"2021-08-11","'36202FGE0'","MBS","GNMA II MORTPASS 5% 05/40","30yr",,,,,"13068930.4",,,,,,""
"2021-08-11","'3140K46B1'","MBS","UMBS MORTPASS 3% 02/50","30yr",,,,,"13067374.8",,,,,,""
"2021-08-11","'3140KQ2X8'","MBS","UMBS MORTPASS 1.5% 11/50","30yr",,,,,"13061320.68",,,,,,""
"2021-08-11","'3133ABHP8'","MBS","UMBS MORTPASS 2.5% 10/50","30yr",,,,,"13058710.43",,,,,,""
"2021-08-11","'31417BF93'","MBS","UMBS MORTPASS 3.5% 03/42","30yr",,,,,"13054276.36",,,,,,""
"2021-08-11","'3140X8KW6'","MBS","UMBS MORTPASS 2.5% 11/50","30yr",,,,,"13050897.07",,,,,,""
"2021-08-11","'3133A0RX4'","MBS","UMBS MORTPASS 3% 01/50","30yr",,,,,"13050608.42",,,,,,""
"2021-08-11","'3133AFUS8'","MBS","UMBS MORTPASS 1.5% 02/51","30yr",,,,,"13044994.06",,,,,,""
"2021-08-11","'3133L8EK7'","MBS","UMBS MORTPASS 2% 05/36","15yr",,,,,"13037028.02",,,,,,""
"2021-08-11","'3140X57B3'","MBS","UMBS MORTPASS 3% 11/33","15yr",,,,,"13036478.79",,,,,,""
"2021-08-11","'3133AKVP2'","MBS","UMBS MORTPASS 2% 05/51","30yr",,,,,"13034501.06",,,,,,""
"2021-08-11","'3138YR5T1'","MBS","UMBS MORTPASS 3% 07/45","30yr",,,,,"13027042.7",,,,,,""
"2021-08-11","'3138ERAZ3'","MBS","UMBS MORTPASS 3% 11/28","15yr",,,,,"13026018.19",,,,,,""
"2021-08-11","'3132AD7D4'","MBS","UMBS MORTPASS 3.5% 02/34","15yr",,,,,"13013725.98",,,,,,""
"2021-08-11","'3133AK4W7'","MBS","UMBS MORTPASS 2% 05/51","30yr",,,,,"12997688.96",,,,,,""
"2021-08-11","'3138EGWK6'","MBS","UMBS MORTPASS 5.5% 03/39","30yr",,,,,"12970685.65",,,,,,"Y"
"2021-08-11","'3140KFYU3'","MBS","UMBS MORTPASS 2.5% 06/50","30yr",,,,,"12949129.75",,,,,,""
"2021-08-11","'31418DJF0'","MBS","UMBS MORTPASS 2.5% 12/29","Other",,,,,"12943523.29",,,,,,""
"2021-08-11","'3132A9MV6'","MBS","UMBS MORTPASS 2.5% 10/27","15yr",,,,,"12934014.75",,,,,,""
"2021-08-11","'3140H7F28'","MBS","UMBS MORTPASS 2% 05/35","15yr",,,,,"12929777.9",,,,,,""
"2021-08-11","'3140LQUA6'","MBS","UMBS MORTPASS 2.5% 06/51","30yr",,,,,"12920825.07",,,,,,""
"2021-08-11","'31417AVD8'","MBS","UMBS MORTPASS 3% 01/27","15yr",,,,,"12920504.63",,,,,,""
"2021-08-11","'3140JNX39'","MBS","UMBS MORTPASS 4% 06/49","30yr",,,,,"12911806.09",,,,,,""
"2021-08-11","'3140HDQW7'","MBS","UMBS MORTPASS 3% 12/49","30yr",,,,,"12902383.4",,,,,,""
"2021-08-11","'3140KC4X7'","MBS","UMBS MORTPASS 2.5% 05/50","30yr",,,,,"12887497.91",,,,,,""
"2021-08-11","'3132A9U21'","MBS","UMBS MORTPASS 3.5% 06/33","15yr",,,,,"12883926.3",,,,,,""
"2021-08-11","'3132A5HX6'","MBS","UMBS MORTPASS 3% 12/47","30yr",,,,,"12878689.83",,,,,,""
"2021-08-11","'3140KU2G6'","MBS","UMBS MORTPASS 2.5% 01/51","30yr",,,,,"12876915.16",,,,,,""
"2021-08-11","'3140KEK80'","MBS","UMBS MORTPASS 2.5% 08/50","30yr",,,,,"12867231.78",,,,,,""
"2021-08-11","'3133AJ4Z3'","MBS","UMBS MORTPASS 2.5% 04/51","30yr",,,,,"12863405.86",,,,,,""
"2021-08-11","'3140X4EZ5'","MBS","UMBS MORTPASS 4.5% 05/49","30yr",,,,,"12856206.25",,,,,,""
"2021-08-11","'3140K2TT1'","MBS","UMBS MORTPASS 2.5% 10/34","15yr",,,,,"12848119.38",,,,,,""
"2021-08-11","'3132A9U62'","MBS","UMBS MORTPASS 3.5% 07/33","15yr",,,,,"12844444.57",,,,,,""
"2021-08-11","'3131Y9QB2'","MBS","UMBS MORTPASS 4% 02/49","30yr",,,,,"12837561.47",,,,,,""
"2021-08-11","'3140L0GM3'","MBS","UMBS MORTPASS 2% 12/50","30yr",,,,,"12827733.87",,,,,,""
"2021-08-11","'3138EKWV3'","MBS","UMBS MORTPASS 2.5% 04/28","15yr",,,,,"12827620.22",,,,,,""
"2021-08-11","'3138EGXT6'","MBS","UMBS MORTPASS 4.5% 10/29","Other",,,,,"12824151.71",,,,,,"Y"
"2021-08-11","'3140KC3Z3'","MBS","UMBS MORTPASS 3% 05/50","30yr",,,,,"12819818.75",,,,,,""
"2021-08-11","'3133AKVY3'","MBS","UMBS MORTPASS 2.5% 05/51","30yr",,,,,"12817407",,,,,,""
"2021-08-11","'3133A2VW7'","MBS","UMBS MORTPASS 2.5% 03/50","30yr",,,,,"12809310.1",,,,,,""
"2021-08-11","'3133AJYP2'","MBS","UMBS MORTPASS 2% 04/51","30yr",,,,,"12778691.44",,,,,,""
"2021-08-11","'3138EGPB4'","MBS","UMBS MORTPASS 4.5% 04/25","15yr",,,,,"12760499.25",,,,,,"Y"
"2021-08-11","'3133G75A7'","MBS","UMBS MORTPASS 2.5% 03/35","15yr",,,,,"12738205.71",,,,,,""
"2021-08-11","'3138W0WA3'","MBS","UMBS MORTPASS 3.5% 02/43","30yr",,,,,"12737382.52",,,,,,""
"2021-08-11","'3132DMDN2'","MBS","UMBS MORTPASS 4% 01/49","30yr",,,,,"12728049.43",,,,,,""
"2021-08-11","'3131Y2CD8'","MBS","UMBS MORTPASS 4% 07/48","30yr",,,,,"12725189.62",,,,,,""
"2021-08-11","'3133G9TZ2'","MBS","UMBS MORTPASS 2% 09/35","15yr",,,,,"12719962.13",,,,,,""
"2021-08-11","'3132A7WA5'","MBS","UMBS MORTPASS 2% 03/28","15yr",,,,,"12719123.19",,,,,,""
"2021-08-11","'31307VTG1'","MBS","FHLMCGLD 3% 03/33","15yr",,,,,"12714896.11",,,,,,""
"2021-08-11","'3140L7SR4'","MBS","UMBS MORTPASS 2.5% 05/51","30yr",,,,,"12700710.83",,,,,,""
"2021-08-11","'3128M8XG4'","MBS","FHLMCGLD 4% 03/39","30yr",,,,,"12699803.11",,,,,,"Y"
"2021-08-11","'3133AABE1'","MBS","UMBS MORTPASS 2.5% 09/50","30yr",,,,,"12697462.74",,,,,,""
"2021-08-11","'3140L0J57'","MBS","UMBS MORTPASS 1.5% 06/36","15yr",,,,,"12691462.7",,,,,,""
"2021-08-11","'36179MNJ5'","MBS","GNMA II MORTPASS 4% 09/42","30yr",,,,,"12678641.28",,,,,,""
"2021-08-11","'3140K9LL1'","MBS","UMBS MORTPASS 3% 02/50","30yr",,,,,"12671437.98",,,,,,""
"2021-08-11","'3140KBRY2'","MBS","UMBS MORTPASS 2% 06/50","30yr",,,,,"12657784.04",,,,,,""
"2021-08-11","'3140K05H7'","MBS","UMBS MORTPASS 3.5% 11/49","30yr",,,,,"12656733.75",,,,,,""
"2021-08-11","'3131YAVA5'","MBS","UMBS MORTPASS 3.5% 03/49","30yr",,,,,"12653564.58",,,,,,""
"2021-08-11","'3140JLPA6'","MBS","UMBS MORTPASS 4% 01/49","30yr",,,,,"12648157.32",,,,,,""
"2021-08-11","'3140HAZX1'","MBS","UMBS MORTPASS 4% 07/48","30yr",,,,,"12647807.38",,,,,,""
"2021-08-11","'3140JVS52'","MBS","UMBS MORTPASS 3% 10/49","30yr",,,,,"12639137.52",,,,,,""
"2021-08-11","'3140KLPH9'","MBS","UMBS MORTPASS 2.5% 08/50","30yr",,,,,"12637312.35",,,,,,""
"2021-08-11","'3140KVBW9'","MBS","UMBS MORTPASS 2% 12/50","30yr",,,,,"12618477.13",,,,,,""
"2021-08-11","'31329QC82'","MBS","UMBS MORTPASS 4.5% 02/49","30yr",,,,,"12616074.12",,,,,,""
"2021-08-11","'31334XYY9'","MBS","UMBS MORTPASS 3% 08/49","30yr",,,,,"12615476.78",,,,,,""
"2021-08-11","'3133KHJR8'","MBS","UMBS MORTPASS 3.5% 10/49","30yr",,,,,"12605348.87",,,,,,""
"2021-08-11","'3140KVS27'","MBS","UMBS MORTPASS 2% 11/50","30yr",,,,,"12599075.27",,,,,,""
"2021-08-11","'31418C5Z3'","MBS","UMBS MORTPASS 4% 01/49","30yr",,,,,"12590353.97",,,,,,""
"2021-08-11","'31418C3E2'","MBS","UMBS MORTPASS 4.5% 10/48","30yr",,,,,"12587911.49",,,,,,""
"2021-08-11","'3133G82T7'","MBS","UMBS MORTPASS 2% 06/35","15yr",,,,,"12570892.04",,,,,,""
"2021-08-11","'3140H4AF1'","MBS","UMBS MORTPASS 3.5% 04/33","15yr",,,,,"12566244.35",,,,,,""
"2021-08-11","'3133KYTP4'","MBS","UMBS MORTPASS 2% 05/40","Other",,,,,"12550038.19",,,,,,""
"2021-08-11","'3133KJAH5'","MBS","UMBS MORTPASS 3.5% 02/50","30yr",,,,,"12549709.21",,,,,,""
"2021-08-11","'3133KLGL5'","MBS","UMBS MORTPASS 2% 02/51","30yr",,,,,"12547576.36",,,,,,""
"2021-08-11","'31339UAG5'","MBS","UMBS MORTPASS 3% 10/49","30yr",,,,,"12523087.76",,,,,,""
"2021-08-11","'3131Y8ZT5'","MBS","UMBS MORTPASS 4% 01/49","30yr",,,,,"12509806.44",,,,,,""
"2021-08-11","'3140X9E68'","MBS","UMBS MORTPASS 1.5% 12/50","30yr",,,,,"12508690.28",,,,,,""
"2021-08-11","'31418CGH1'","MBS","UMBS MORTPASS 2.5% 02/27","Other",,,,,"12481885.56",,,,,,""
"2021-08-11","'3133GCLG5'","MBS","UMBS MORTPASS 1.5% 03/36","15yr",,,,,"12461452.42",,,,,,""
"2021-08-11","'31418BWK8'","MBS","UMBS MORTPASS 2.5% 11/25","Other",,,,,"12461006.87",,,,,,""
"2021-08-11","'3140KPSE4'","MBS","UMBS MORTPASS 2.5% 09/50","30yr",,,,,"12446285.96",,,,,,""
"2021-08-11","'3140JGLW3'","MBS","UMBS MORTPASS 4.5% 12/48","30yr",,,,,"12428647.82",,,,,,""
"2021-08-11","'3140QBG36'","MBS","UMBS MORTPASS 3.5% 07/49","30yr",,,,,"12426404.63",,,,,,""
"2021-08-11","'3138YR3N6'","MBS","UMBS MORTPASS 3% 07/45","30yr",,,,,"12412537.14",,,,,,""
"2021-08-11","'3140H4B94'","MBS","UMBS MORTPASS 4.5% 05/48","30yr",,,,,"12406135.83",,,,,,""
"2021-08-11","'3140K46A3'","MBS","UMBS MORTPASS 3% 01/50","30yr",,,,,"12404551.76",,,,,,""
"2021-08-11","'36179MAW0'","MBS","GNMA II MORTPASS 3% 04/42","30yr",,,,,"12404020.93",,,,,,""
"2021-08-11","'3133A8H34'","MBS","UMBS MORTPASS 2% 08/50","30yr",,,,,"12400373.22",,,,,,""
"2021-08-11","'3138EGW83'","MBS","UMBS MORTPASS 5% 11/39","30yr",,,,,"12396547.07",,,,,,"Y"
"2021-08-11","'3140KAC53'","MBS","UMBS MORTPASS 2.5% 04/50","30yr",,,,,"12389034.78",,,,,,""
"2021-08-11","'3131X8P91'","MBS","UMBS MORTPASS 2.5% 02/28","15yr",,,,,"12367160.69",,,,,,""
"2021-08-11","'3132A83K3'","MBS","UMBS MORTPASS 3% 04/28","Other",,,,,"12362721.44",,,,,,""
"2021-08-11","'3133GAXE1'","MBS","UMBS MORTPASS 1.5% 11/35","15yr",,,,,"12356289.75",,,,,,""
"2021-08-11","'3138EHCU4'","MBS","UMBS MORTPASS 5% 01/39","30yr",,,,,"12349695.26",,,,,,"Y"
"2021-08-11","'3128MMWA7'","MBS","FHLMCGLD 2.5% 04/32","15yr",,,,,"12342727.27",,,,,,""
"2021-08-11","'3140KXGB6'","MBS","UMBS MORTPASS 2.5% 01/51","30yr",,,,,"12341122.7",,,,,,""
"2021-08-11","'31346Y6P3'","MBS","UMBS MORTPASS 3% 12/49","30yr",,,,,"12337417.01",,,,,,""
"2021-08-11","'3140QAVB3'","MBS","UMBS MORTPASS 3.5% 04/49","30yr",,,,,"12335297.42",,,,,,""
"2021-08-11","'3140KAXK7'","MBS","UMBS MORTPASS 2.5% 05/51","30yr",,,,,"12333621.48",,,,,,""
"2021-08-11","'3140KCJ78'","MBS","UMBS MORTPASS 2.5% 05/50","30yr",,,,,"12322913.34",,,,,,""
"2021-08-11","'3128MMX81'","MBS","FHLMCGLD 3.5% 08/33","15yr",,,,,"12320807.07",,,,,,""
"2021-08-11","'3140LSLG9'","MBS","UMBS MORTPASS 2% 06/51","30yr",,,,,"12314231.41",,,,,,""
"2021-08-11","'3140JVC59'","MBS","UMBS MORTPASS 4% 07/49","30yr",,,,,"12309981.78",,,,,,""
"2021-08-11","'3133AK5Z9'","MBS","UMBS MORTPASS 2% 05/51","30yr",,,,,"12307353.36",,,,,,""
"2021-08-11","'3133A3TM0'","MBS","UMBS MORTPASS 3% 05/50","30yr",,,,,"12304980.08",,,,,,""
"2021-08-11","'3140KPCL5'","MBS","UMBS MORTPASS 2% 09/50","30yr",,,,,"12304214.11",,,,,,""
"2021-08-11","'3140KQUQ2'","MBS","UMBS MORTPASS 2% 10/50","30yr",,,,,"12300868.01",,,,,,""
"2021-08-11","'3140L7BS0'","MBS","UMBS MORTPASS 2.5% 04/51","30yr",,,,,"12291990.61",,,,,,""
"2021-08-11","'3140KUP71'","MBS","UMBS MORTPASS 1.5% 12/50","30yr",,,,,"12285847.73",,,,,,""
"2021-08-11","'3131Y0UV2'","MBS","UMBS MORTPASS 3.5% 04/48","30yr",,,,,"12285443.55",,,,,,""
"2021-08-11","'3133KLMC8'","MBS","UMBS MORTPASS 2.5% 12/50","30yr",,,,,"12283914.44",,,,,,""
"2021-08-11","'3140KLP30'","MBS","UMBS MORTPASS 2% 08/50","30yr",,,,,"12267708.62",,,,,,""
"2021-08-11","'3140Q9M75'","MBS","UMBS MORTPASS 3.5% 08/48","30yr",,,,,"12262156.23",,,,,,""
"2021-08-11","'3140L7YF3'","MBS","UMBS MORTPASS 2.5% 05/51","30yr",,,,,"12251238.53",,,,,,""
"2021-08-11","'3133G76P3'","MBS","UMBS MORTPASS 2.5% 03/35","15yr",,,,,"12242602.58",,,,,,""
"2021-08-11","'3140K8QY0'","MBS","UMBS MORTPASS 3% 03/50","30yr",,,,,"12242297.28",,,,,,""
"2021-08-11","'3140LR2E7'","MBS","UMBS MORTPASS 2.5% 07/51","30yr",,,,,"12233363",,,,,,""
"2021-08-11","'3140LULS8'","MBS","UMBS MORTPASS 2% 07/51","30yr",,,,,"12227499",,,,,,""
"2021-08-11","'31418DCH3'","MBS","UMBS MORTPASS 3% 04/39","Other",,,,,"12226208.53",,,,,,""
"2021-08-11","'3140L8VP2'","MBS","UMBS MORTPASS 2% 05/51","30yr",,,,,"12222667.32",,,,,,""
"2021-08-11","'3128M8WT7'","MBS","FHLMCGLD 5.5% 07/39","30yr",,,,,"12221505.2",,,,,,"Y"
"2021-08-11","'3133AKLK4'","MBS","UMBS MORTPASS 2.5% 04/51","30yr",,,,,"12217596.4",,,,,,""
"2021-08-11","'3138YR5X2'","MBS","UMBS MORTPASS 3% 07/45","30yr",,,,,"12208474.72",,,,,,""
"2021-08-11","'36202E5G0'","MBS","GNMA II MORTPASS 5% 05/39","30yr",,,,,"12203698.37",,,,,,""
"2021-08-11","'3140QC5T9'","MBS","UMBS MORTPASS 3.5% 12/49","30yr",,,,,"12193861.54",,,,,,""
"2021-08-11","'3133A43M6'","MBS","UMBS MORTPASS 3% 05/50","30yr",,,,,"12190130.93",,,,,,""
"2021-08-11","'3140L5ZL3'","MBS","UMBS MORTPASS 2% 03/51","30yr",,,,,"12184157.07",,,,,,""
"2021-08-11","'31334X7B9'","MBS","UMBS MORTPASS 3% 08/49","30yr",,,,,"12179875.93",,,,,,""
"2021-08-11","'3133GCL83'","MBS","UMBS MORTPASS 2% 03/36","15yr",,,,,"12178424.58",,,,,,""
"2021-08-11","'3140X6EE7'","MBS","UMBS MORTPASS 2.5% 07/33","15yr",,,,,"12174766.32",,,,,,""
"2021-08-11","'3128M8YA6'","MBS","FHLMCGLD 4.5% 07/39","30yr",,,,,"12174059.23",,,,,,"Y"
"2021-08-11","'3140QFHP7'","MBS","UMBS MORTPASS 2% 10/50","30yr",,,,,"12159221.58",,,,,,""
"2021-08-11","'36202FJP2'","MBS","GNMA II MORTPASS 4% 08/40","30yr",,,,,"12131153.93",,,,,,""
"2021-08-11","'3140HBH50'","MBS","UMBS MORTPASS 3.5% 06/48","30yr",,,,,"12127987.89",,,,,,""
"2021-08-11","'3140X5PX5'","MBS","UMBS MORTPASS 2.5% 05/29","Other",,,,,"12119849.34",,,,,,""
"2021-08-11","'3140L3U90'","MBS","UMBS MORTPASS 2% 02/51","30yr",,,,,"12116081.31",,,,,,""
"2021-08-11","'3140X8ZW0'","MBS","UMBS MORTPASS 2.5% 12/50","30yr",,,,,"12111323.83",,,,,,""
"2021-08-11","'3138E9QH6'","MBS","UMBS MORTPASS 4% 03/42","30yr",,,,,"12110409.86",,,,,,""
"2021-08-11","'3140QBTW8'","MBS","UMBS MORTPASS 3.5% 09/49","30yr",,,,,"12107510.26",,,,,,""
"2021-08-11","'31418DTE2'","MBS","UMBS MORTPASS 2% 10/30","Other",,,,,"12106399.36",,,,,,""
"2021-08-11","'3133A9ET8'","MBS","UMBS MORTPASS 2% 09/50","30yr",,,,,"12103810.68",,,,,,""
"2021-08-11","'3133AACB6'","MBS","UMBS MORTPASS 2.5% 09/50","30yr",,,,,"12101867.24",,,,,,""
"2021-08-11","'3140L8VG2'","MBS","UMBS MORTPASS 2% 05/36","15yr",,,,,"12089556.41",,,,,,""
"2021-08-11","'3140X8CH8'","MBS","UMBS MORTPASS 2% 09/45","30yr",,,,,"12081128.51",,,,,,""
"2021-08-11","'3140K8VX6'","MBS","UMBS MORTPASS 3% 01/50","30yr",,,,,"12064442.14",,,,,,""
"2021-08-11","'31329N6V5'","MBS","UMBS MORTPASS 4% 04/48","30yr",,,,,"12060955.24",,,,,,""
"2021-08-11","'3140HF5E5'","MBS","UMBS MORTPASS 2% 06/50","30yr",,,,,"12060811.38",,,,,,""
"2021-08-11","'3133A9NJ0'","MBS","UMBS MORTPASS 2.5% 08/50","30yr",,,,,"12037223.2",,,,,,""
"2021-08-11","'3140X7NG0'","MBS","UMBS MORTPASS 2% 08/50","30yr",,,,,"12030589.62",,,,,,""
"2021-08-11","'3133A1CM2'","MBS","UMBS MORTPASS 2.5% 01/50","30yr",,,,,"12029783.45",,,,,,""
"2021-08-11","'3140KTGG4'","MBS","UMBS MORTPASS 1.5% 04/36","15yr",,,,,"12027834.6",,,,,,""
"2021-08-11","'3140K4LW8'","MBS","UMBS MORTPASS 2.5% 04/50","30yr",,,,,"12023746.7",,,,,,""
"2021-08-11","'31334X3M9'","MBS","UMBS MORTPASS 3% 08/49","30yr",,,,,"12021798.02",,,,,,""
"2021-08-11","'3133ALDS4'","MBS","UMBS MORTPASS 2% 05/51","30yr",,,,,"12019367.76",,,,,,""
"2021-08-11","'3140KNPK8'","MBS","UMBS MORTPASS 2% 10/35","15yr",,,,,"12011782.8",,,,,,""
"2021-08-11","'3140QHB95'","MBS","UMBS MORTPASS 2.5% 10/50","30yr",,,,,"12011503.82",,,,,,""
"2021-08-11","'3133AGKJ7'","MBS","UMBS MORTPASS 2% 01/51","30yr",,,,,"12010242.83",,,,,,""
"2021-08-11","'36202FGW0'","MBS","GNMA II 4.5% 06/40","30yr",,,,,"12000962.24",,,,,,""
"2021-08-11","'3140XBDY3'","MBS","UMBS MORTPASS 2% 05/36","15yr",,,,,"11998802.66",,,,,,""
"2021-08-11","'3140LUL74'","MBS","UMBS MORTPASS 2.5% 07/51","30yr",,,,,"11996710",,,,,,""
"2021-08-11","'3140HFF79'","MBS","UMBS MORTPASS 3.5% 04/48","30yr",,,,,"11989364.51",,,,,,""
"2021-08-11","'31307TGZ8'","MBS","FHLMCGLD 2.5% 03/32","15yr",,,,,"11987977.73",,,,,,""
"2021-08-11","'3140L2EK5'","MBS","UMBS MORTPASS 1.5% 02/51","30yr",,,,,"11983092.57",,,,,,""
"2021-08-11","'3133ADL79'","MBS","UMBS MORTPASS 1.5% 12/50","30yr",,,,,"11977587.83",,,,,,""
"2021-08-11","'3133AFQ53'","MBS","UMBS MORTPASS 1.5% 02/51","30yr",,,,,"11977351.03",,,,,,""
"2021-08-11","'3140JY3D6'","MBS","UMBS MORTPASS 2.5% 03/50","30yr",,,,,"11975666.79",,,,,,""
"2021-08-11","'3132DMHC2'","MBS","UMBS MORTPASS 3.5% 01/50","30yr",,,,,"11972614.52",,,,,,""
"2021-08-11","'3140K2UK8'","MBS","UMBS MORTPASS 2.5% 10/49","30yr",,,,,"11967257.29",,,,,,""
"2021-08-11","'31417B5Y9'","MBS","UMBS MORTPASS 3% 06/27","15yr",,,,,"11945363.82",,,,,,""
"2021-08-11","'3133KGZU5'","MBS","UMBS MORTPASS 3% 01/48","30yr",,,,,"11943647.3",,,,,,""
"2021-08-11","'3140X9W68'","MBS","UMBS MORTPASS 1.5% 03/36","15yr",,,,,"11941409.91",,,,,,""
"2021-08-11","'3132A86Y0'","MBS","UMBS MORTPASS 2.5% 04/33","15yr",,,,,"11940056.15",,,,,,""
"2021-08-11","'3128M8RG1'","MBS","FHLMCGLD 5.5% 05/39","30yr",,,,,"11937000.29",,,,,,"Y"
"2021-08-11","'3140L25Q2'","MBS","UMBS MORTPASS 1.5% 03/51","30yr",,,,,"11935117.85",,,,,,""
"2021-08-11","'3131Y8FC4'","MBS","UMBS MORTPASS 4% 12/48","30yr",,,,,"11928901.94",,,,,,""
"2021-08-11","'3133AJFC2'","MBS","UMBS MORTPASS 2% 03/51","30yr",,,,,"11927182.55",,,,,,""
"2021-08-11","'3133A4AF3'","MBS","UMBS MORTPASS 2.5% 04/50","30yr",,,,,"11926957.51",,,,,,""
"2021-08-11","'3133A0DQ4'","MBS","UMBS 2.5%","30yr",,,,,"11922293.06",,,,,,""
"2021-08-11","'3133A4QJ8'","MBS","UMBS MORTPASS 2.5% 05/50","30yr",,,,,"11900397.38",,,,,,""
"2021-08-11","'31329KX25'","MBS","UMBS MORTPASS 3% 02/38","Other",,,,,"11899406.81",,,,,,""
"2021-08-11","'31417DRB1'","MBS","UMBS MORTPASS 2.5% 11/27","15yr",,,,,"11898294.28",,,,,,""
"2021-08-11","'3128MJ3M0'","MBS","FHLMCGLD 3% 03/48","30yr",,,,,"11881764.61",,,,,,""
"2021-08-11","'3132DV4C6'","MBS","UMBS MORTPASS 4.5% 10/49","30yr",,,,,"11873146.7",,,,,,""
"2021-08-11","'31417FLY2'","MBS","UMBS MORTPASS 2% 02/28","15yr",,,,,"11872476.98",,,,,,""
"2021-08-11","'3140XBY95'","MBS","UMBS MORTPASS 2% 07/36","15yr",,,,,"11870005.44",,,,,,""
"2021-08-11","'3140K2PF5'","MBS","UMBS MORTPASS 1.5% 05/36","15yr",,,,,"11868777.63",,,,,,""
"2021-08-11","'3140LN4J3'","MBS","UMBS MORTPASS 2% 06/51","30yr",,,,,"11867546.29",,,,,,""
"2021-08-11","'3132A8X38'","MBS","UMBS MORTPASS 2.5% 09/31","15yr",,,,,"11866339.73",,,,,,""
"2021-08-11","'31417GWG7'","MBS","UMBS MORTPASS 2.5% 06/28","15yr",,,,,"11864632.24",,,,,,""
"2021-08-11","'36297GW48'","MBS","GNMA I MORTPASS 3% 06/43","30yr",,,,,"11860614.56",,,,,,""
"2021-08-11","'3140KBWE0'","MBS","UMBS MORTPASS 3% 04/50","30yr",,,,,"11858358.39",,,,,,""
"2021-08-11","'3138EL5V1'","MBS","UMBS MORTPASS 3% 01/28","15yr",,,,,"11850441.9",,,,,,""
"2021-08-11","'3140L8U32'","MBS","UMBS MORTPASS 2% 05/51","30yr",,,,,"11843771.56",,,,,,""
"2021-08-11","'3131Y1FL9'","MBS","UMBS MORTPASS 4.5% 05/48","30yr",,,,,"11838209.32",,,,,,""
"2021-08-11","'3133GBA53'","MBS","UMBS MORTPASS 1.5% 12/35","15yr",,,,,"11820345.39",,,,,,""
"2021-08-11","'3140KBRZ9'","MBS","UMBS MORTPASS 2.5% 06/50","30yr",,,,,"11815713.13",,,,,,""
"2021-08-11","'3140QCUY0'","MBS","UMBS MORTPASS 3% 01/50","30yr",,,,,"11792780.38",,,,,,""
"2021-08-11","'3138WEW62'","MBS","UMBS MORTPASS 3% 06/45","30yr",,,,,"11792383.03",,,,,,""
"2021-08-11","'3133ALAN8'","MBS","UMBS MORTPASS 2% 05/51","30yr",,,,,"11787420.89",,,,,,""
"2021-08-11","'3140K76F5'","MBS","UMBS MORTPASS 2.5% 01/50","30yr",,,,,"11784950.08",,,,,,""
"2021-08-11","'3140X4RP3'","MBS","UMBS MORTPASS 3% 08/34","15yr",,,,,"11779746.4",,,,,,""
"2021-08-11","'3140X9PB5'","MBS","UMBS MORTPASS 2% 12/35","15yr",,,,,"11778274.42",,,,,,""
"2021-08-11","'31417DF57'","MBS","UMBS MORTPASS 3% 10/27","15yr",,,,,"11769140.18",,,,,,""
"2021-08-11","'3140KHV73'","MBS","UMBS MORTPASS 2.5% 06/50","30yr",,,,,"11764814.39",,,,,,""
"2021-08-11","'3140KAMK9'","MBS","UMBS MORTPASS 3% 03/50","30yr",,,,,"11759204.35",,,,,,""
"2021-08-11","'3140KGR54'","MBS","UMBS MORTPASS 2.5% 06/50","30yr",,,,,"11751063.95",,,,,,""
"2021-08-11","'3140L7P30'","MBS","UMBS MORTPASS 2% 04/51","30yr",,,,,"11741720.38",,,,,,""
"2021-08-11","'36178D2L4'","MBS","GNMA I MORTPASS 3% 03/43","30yr",,,,,"11735504.67",,,,,,""
"2021-08-11","'3138EGVY7'","MBS","UMBS MORTPASS 5.5% 02/39","30yr",,,,,"11722905.88",,,,,,"Y"
"2021-08-11","'3132J9N95'","MBS","FHLMCGLD 3.5% 05/43","30yr",,,,,"11716464.69",,,,,,""
"2021-08-11","'3140KQS44'","MBS","UMBS MORTPASS 2.5% 10/50","30yr",,,,,"11715748.84",,,,,,""
"2021-08-11","'31418DHC9'","MBS","UMBS MORTPASS 3% 11/29","Other",,,,,"11706354.91",,,,,,""
"2021-08-11","'3140GYNJ4'","MBS","UMBS MORTPASS 3.5% 11/47","30yr",,,,,"11697577.04",,,,,,""
"2021-08-11","'3140KFBH7'","MBS","UMBS MORTPASS 2.5% 07/50","30yr",,,,,"11694879.25",,,,,,""
"2021-08-11","'3140LNDP9'","MBS","UMBS MORTPASS 2% 06/51","30yr",,,,,"11693715.91",,,,,,""
"2021-08-11","'3133ACB80'","MBS","UMBS MORTPASS 2.5% 11/50","30yr",,,,,"11685876.34",,,,,,""
"2021-08-11","'3140KYE26'","MBS","UMBS MORTPASS 1.5% 05/36","15yr",,,,,"11670131.99",,,,,,""
"2021-08-11","'3140KDNC0'","MBS","UMBS MORTPASS 2% 05/35","15yr",,,,,"11661442.48",,,,,,""
"2021-08-11","'3133ALLQ9'","MBS","UMBS MORTPASS 2% 04/51","30yr",,,,,"11661243.86",,,,,,""
"2021-08-11","'3132A8SJ9'","MBS","UMBS MORTPASS 3% 12/26","Other",,,,,"11660935.85",,,,,,""
"2021-08-11","'36297GTA8'","MBS","GNMA I 3.5% 04/42","30yr",,,,,"11657978.38",,,,,,""
"2021-08-11","'3140KNVK1'","MBS","UMBS MORTPASS 2.5% 08/50","30yr",,,,,"11654660.57",,,,,,""
"2021-08-11","'3140QDZH0'","MBS","UMBS MORTPASS 2.5% 06/50","30yr",,,,,"11638811.03",,,,,,""
"2021-08-11","'3140L8D64'","MBS","UMBS MORTPASS 2% 05/51","30yr",,,,,"11626204.85",,,,,,""
"2021-08-11","'3140K7BG7'","MBS","UMBS MORTPASS 3% 12/49","30yr",,,,,"11622070.95",,,,,,""
"2021-08-11","'31334YKB2'","MBS","UMBS MORTPASS 3% 08/49","30yr",,,,,"11621369.05",,,,,,""
"2021-08-11","'31346YSU8'","MBS","UMBS MORTPASS 3% 12/49","30yr",,,,,"11620804.09",,,,,,""
"2021-08-11","'3131YCS49'","MBS","UMBS MORTPASS 3.5% 05/49","30yr",,,,,"11620617.89",,,,,,""
"2021-08-11","'31417FSD1'","MBS","UMBS MORTPASS 3% 03/43","30yr",,,,,"11606410.16",,,,,,""
"2021-08-11","'3133ALAB4'","MBS","UMBS MORTPASS 1.5% 05/51","30yr",,,,,"11595432.21",,,,,,""
"2021-08-11","'3140KUMJ8'","MBS","UMBS MORTPASS 2.5% 12/50","30yr",,,,,"11586435.06",,,,,,""
"2021-08-11","'31418DGG1'","MBS","UMBS MORTPASS 3% 10/34","15yr",,,,,"11583367.28",,,,,,""
"2021-08-11","'3140X9YS8'","MBS","UMBS MORTPASS 1.5% 02/51","30yr",,,,,"11575431.5",,,,,,""
"2021-08-11","'3133GBC69'","MBS","UMBS MORTPASS 2% 01/36","15yr",,,,,"11571111.92",,,,,,""
"2021-08-11","'31418DQX3'","MBS","UMBS MORTPASS 2% 07/30","Other",,,,,"11565919.83",,,,,,""
"2021-08-11","'3140X3A24'","MBS","UMBS MORTPASS 3.5% 09/39","Other",,,,,"11561236.22",,,,,,""
"2021-08-11","'3133A3NA2'","MBS","UMBS MORTPASS 3% 04/50","30yr",,,,,"11556386.1",,,,,,""
"2021-08-11","'3140JSVA4'","MBS","UMBS MORTPASS 4% 04/49","30yr",,,,,"11545110.45",,,,,,""
"2021-08-11","'3133ADGX8'","MBS","UMBS MORTPASS 2% 12/50","30yr",,,,,"11526058.22",,,,,,""
"2021-08-11","'3132A8ZA0'","MBS","UMBS MORTPASS 3% 01/28","Other",,,,,"11520007.02",,,,,,""
"2021-08-11","'3140KPHS5'","MBS","UMBS MORTPASS 2% 10/50","30yr",,,,,"11518038.63",,,,,,""
"2021-08-11","'3133ALP85'","MBS","UMBS MORTPASS 2.5% 05/51","30yr",,,,,"11513781.5",,,,,,""
"2021-08-11","'3133A2J27'","MBS","UMBS MORTPASS 3% 03/50","30yr",,,,,"11503745.08",,,,,,""
"2021-08-11","'3131X85U6'","MBS","UMBS MORTPASS 2.5% 04/28","15yr",,,,,"11484617.27",,,,,,""
"2021-08-11","'3140L7GH9'","MBS","UMBS MORTPASS 2% 05/51","30yr",,,,,"11476579.38",,,,,,""
"2021-08-11","'3140JXMY1'","MBS","UMBS MORTPASS 3% 08/49","30yr",,,,,"11472318.27",,,,,,""
"2021-08-11","'31418DP71'","MBS","UMBS MORTPASS 2% 06/40","Other",,,,,"11472035.22",,,,,,""
"2021-08-11","'3131Y8JX4'","MBS","UMBS MORTPASS 4% 12/48","30yr",,,,,"11457279.57",,,,,,""
"2021-08-11","'3133KJE40'","MBS","UMBS MORTPASS 2.5% 06/50","30yr",,,,,"11443894.55",,,,,,""
"2021-08-11","'3128MFTB4'","MBS","FHLMCGLD 4% 07/29","15yr",,,,,"11405505.99",,,,,,""
"2021-08-11","'3140K8Y47'","MBS","UMBS MORTPASS 3% 02/50","30yr",,,,,"11399046.02",,,,,,""
"2021-08-11","'36202E5E5'","MBS","GNMA II MORTPASS 4% 05/39","30yr",,,,,"11397263.23",,,,,,""
"2021-08-11","'3131YDBV5'","MBS","UMBS MORTPASS 4% 05/49","30yr",,,,,"11393401.11",,,,,,""
"2021-08-11","'31307BC32'","MBS","FHLMCGLD 2.5% 03/28","15yr",,,,,"11390898.05",,,,,,""
"2021-08-11","'31329QZL8'","MBS","UMBS MORTPASS 3.5% 05/49","30yr",,,,,"11377539.46",,,,,,""
"2021-08-11","'3132M6DU1'","MBS","FHLMCGLD 4% 04/44","30yr",,,,,"11369154.93",,,,,,""
"2021-08-11","'3133GCLP5'","MBS","UMBS MORTPASS 1.5% 03/36","15yr",,,,,"11364849.49",,,,,,""
"2021-08-11","'31417BPG6'","MBS","UMBS MORTPASS 3% 04/27","15yr",,,,,"11358808.72",,,,,,""
"2021-08-11","'3131YASG6'","MBS","UMBS MORTPASS 3% 03/49","30yr",,,,,"11354576.54",,,,,,""
"2021-08-11","'3140L7C59'","MBS","UMBS MORTPASS 2.5% 05/51","30yr",,,,,"11345218.59",,,,,,""
"2021-08-11","'3133A4KP0'","MBS","UMBS MORTPASS 2.5% 05/50","30yr",,,,,"11335862.73",,,,,,""
"2021-08-11","'3133AAWG3'","MBS","UMBS MORTPASS 2% 10/50","30yr",,,,,"11331690.21",,,,,,""
"2021-08-11","'3133AJGV9'","MBS","UMBS MORTPASS 2.5% 03/51","30yr",,,,,"11331084.74",,,,,,""
"2021-08-11","'3140QA3R9'","MBS","UMBS MORTPASS 4% 02/49","30yr",,,,,"11325080.87",,,,,,""
"2021-08-11","'3140HAY46'","MBS","UMBS MORTPASS 4% 06/48","30yr",,,,,"11322478.2",,,,,,""
"2021-08-11","'3140L13W3'","MBS","UMBS MORTPASS 2% 02/51","30yr",,,,,"11315991.56",,,,,,""
"2021-08-11","'3133AAKT8'","MBS","UMBS MORTPASS 2.5% 09/50","30yr",,,,,"11312655.62",,,,,,""
"2021-08-11","'31418CQG2'","MBS","UMBS MORTPASS 2.5% 10/32","15yr",,,,,"11311510.91",,,,,,""
"2021-08-11","'3132A5JV8'","MBS","UMBS MORTPASS 3% 07/48","30yr",,,,,"11310482.87",,,,,,""
"2021-08-11","'3133GCF80'","MBS","UMBS MORTPASS 1.5% 03/36","15yr",,,,,"11301471.45",,,,,,""
"2021-08-11","'3133AJTT0'","MBS","UMBS MORTPASS 2% 04/51","30yr",,,,,"11300872.81",,,,,,""
"2021-08-11","'3132J7NS7'","MBS","FHLMCGLD 3.5% 03/43","30yr",,,,,"11299396.1",,,,,,""
"2021-08-11","'3140X6AU5'","MBS","UMBS MORTPASS 3% 04/30","Other",,,,,"11297600.47",,,,,,""
"2021-08-11","'3133AKUN8'","MBS","UMBS MORTPASS 2.5% 05/51","30yr",,,,,"11292639.65",,,,,,""
"2021-08-11","'3131YDM76'","MBS","UMBS MORTPASS 3% 06/49","30yr",,,,,"11289017.65",,,,,,""
"2021-08-11","'3131Y9RK1'","MBS","UMBS MORTPASS 4.5% 02/49","30yr",,,,,"11286328.17",,,,,,""
"2021-08-11","'3140HF5Q8'","MBS","UMBS MORTPASS 2.5% 05/50","30yr",,,,,"11285746.64",,,,,,""
"2021-08-11","'3131X7HZ4'","MBS","UMBS MORTPASS 3% 01/27","15yr",,,,,"11278112.29",,,,,,""
"2021-08-11","'3140K3S29'","MBS","UMBS MORTPASS 2.5% 12/49","30yr",,,,,"11273038.34",,,,,,""
"2021-08-11","'3133ADC38'","MBS","UMBS MORTPASS 2% 12/50","30yr",,,,,"11267734.65",,,,,,""
"2021-08-11","'3140LSMX1'","MBS","UMBS MORTPASS 2% 06/51","30yr",,,,,"11255810.8",,,,,,""
"2021-08-11","'3140KQ4E8'","MBS","UMBS MORTPASS 2.5% 11/50","30yr",,,,,"11254649.5",,,,,,""
"2021-08-11","'31334XPU7'","MBS","UMBS MORTPASS 3% 07/49","30yr",,,,,"11227641.19",,,,,,""
"2021-08-11","'3133KYRW1'","MBS","UMBS MORTPASS 3.5% 07/39","Other",,,,,"11216968.96",,,,,,""
"2021-08-11","'3140Q8W50'","MBS","UMBS MORTPASS 4.5% 01/48","30yr",,,,,"11194024.43",,,,,,""
"2021-08-11","'31334YG50'","MBS","UMBS MORTPASS 2.5% 08/49","30yr",,,,,"11190820.22",,,,,,""
"2021-08-11","'3140H1V98'","MBS","UMBS MORTPASS 4% 03/48","30yr",,,,,"11190772.06",,,,,,""
"2021-08-11","'31418CZA5'","MBS","UMBS MORTPASS 3.5% 08/28","Other",,,,,"11181004.36",,,,,,""
"2021-08-11","'3131YBXD5'","MBS","UMBS MORTPASS 3.5% 04/34","15yr",,,,,"11175600.48",,,,,,""
"2021-08-11","'3622AACX0'","MBS","GNMA I MORTPASS 6% 05/39","30yr",,,,,"11167973.23",,,,,,"Y"
"2021-08-11","'3140F9WU5'","MBS","UMBS MORTPASS 3% 01/32","15yr",,,,,"11166253.58",,,,,,""
"2021-08-11","'3138M7CG8'","MBS","UMBS MORTPASS 3.5% 10/42","30yr",,,,,"11161769.14",,,,,,""
"2021-08-11","'31417EBT7'","MBS","UMBS MORTPASS 2.5% 12/27","15yr",,,,,"11159374.98",,,,,,""
"2021-08-11","'3140L3ND9'","MBS","UMBS MORTPASS 1.5% 03/36","15yr",,,,,"11155617.74",,,,,,""
"2021-08-11","'3140QFUV9'","MBS","UMBS MORTPASS 2% 07/50","30yr",,,,,"11155467.27",,,,,,""
"2021-08-11","'3140L1HM0'","MBS","UMBS MORTPASS 1.5% 03/36","15yr",,,,,"11154450.7",,,,,,""
"2021-08-11","'3140JN5K2'","MBS","UMBS MORTPASS 3.5% 04/49","30yr",,,,,"11149108.62",,,,,,""
"2021-08-11","'31334YD95'","MBS","UMBS MORTPASS 3% 08/49","30yr",,,,,"11148967.67",,,,,,""
"2021-08-11","'3140X9HY4'","MBS","UMBS MORTPASS 2% 01/51","30yr",,,,,"11146603.47",,,,,,""
"2021-08-11","'3132A9T98'","MBS","UMBS MORTPASS 3% 11/32","15yr",,,,,"11146176.74",,,,,,""
"2021-08-11","'31418CEB6'","MBS","UMBS MORTPASS 2.5% 12/26","Other",,,,,"11130568.4",,,,,,""
"2021-08-11","'3140K03F3'","MBS","UMBS MORTPASS 3% 11/49","30yr",,,,,"11122009.97",,,,,,""
"2021-08-11","'3131X8K39'","MBS","UMBS MORTPASS 2.5% 12/27","15yr",,,,,"11113225.2",,,,,,""
"2021-08-11","'36179RD89'","MBS","GNMA II MORTPASS 4% 05/45","30yr",,,,,"11112841.38",,,,,,""
"2021-08-11","'3140K1UH7'","MBS","UMBS MORTPASS 3% 01/50","30yr",,,,,"11107680.81",,,,,,""
"2021-08-11","'3133ALMK1'","MBS","UMBS MORTPASS 2.5% 05/51","30yr",,,,,"11105214.43",,,,,,""
"2021-08-11","'3140Q9ZC0'","MBS","UMBS MORTPASS 4% 10/48","30yr",,,,,"11100163.23",,,,,,""
"2021-08-11","'3138MQCX9'","MBS","UMBS MORTPASS 2.5% 01/28","15yr",,,,,"11097548.59",,,,,,""
"2021-08-11","'3133AK4H0'","MBS","UMBS MORTPASS 1.5% 05/51","30yr",,,,,"11097414.38",,,,,,""
"2021-08-11","'31418DN32'","MBS","UMBS MORTPASS 2% 05/30","Other",,,,,"11095838.45",,,,,,""
"2021-08-11","'3140KVBX7'","MBS","UMBS MORTPASS 2.5% 12/50","30yr",,,,,"11084679.9",,,,,,""
"2021-08-11","'3133KHLB0'","MBS","UMBS MORTPASS 2.5% 02/50","30yr",,,,,"11081459.37",,,,,,""
"2021-08-11","'3140X5S38'","MBS","UMBS MORTPASS 4.5% 02/49","30yr",,,,,"11075626.1",,,,,,""
"2021-08-11","'3133ABUW8'","MBS","UMBS MORTPASS 2.5% 11/50","30yr",,,,,"11071996.1",,,,,,""
"2021-08-11","'3140QLAV8'","MBS","UMBS MORTPASS 1.5% 06/36","15yr",,,,,"11070179.45",,,,,,""
"2021-08-11","'3132A9M53'","MBS","UMBS MORTPASS 2.5% 01/28","15yr",,,,,"11056428.57",,,,,,""
"2021-08-11","'3140X4EW2'","MBS","UMBS MORTPASS 3.5% 06/29","Other",,,,,"11050190.57",,,,,,""
"2021-08-11","'3140KGSF1'","MBS","UMBS MORTPASS 2% 06/35","15yr",,,,,"11042570.05",,,,,,""
"2021-08-11","'3140KF7E9'","MBS","UMBS MORTPASS 2% 08/50","30yr",,,,,"11039125.71",,,,,,""
"2021-08-11","'3133AKPG9'","MBS","UMBS MORTPASS 2.5% 05/51","30yr",,,,,"11038167.38",,,,,,""
"2021-08-11","'3131Y8H40'","MBS","UMBS MORTPASS 4% 12/48","30yr",,,,,"11029010.69",,,,,,""
"2021-08-11","'3131YAUM0'","MBS","UMBS MORTPASS 4.5% 03/49","30yr",,,,,"11004412.62",,,,,,""
"2021-08-11","'3140EWW68'","MBS","UMBS MORTPASS 3% 03/46","30yr",,,,,"10998878",,,,,,""
"2021-08-11","'3138EKGA7'","MBS","UMBS MORTPASS 3.5% 12/42","30yr",,,,,"10985938.68",,,,,,""
"2021-08-11","'31417F6Z6'","MBS","UMBS MORTPASS 2% 04/28","15yr",,,,,"10985459.21",,,,,,""
"2021-08-11","'3133ALAR9'","MBS","UMBS MORTPASS 2% 05/51","30yr",,,,,"10983666.63",,,,,,""
"2021-08-11","'3138X3GC0'","MBS","UMBS MORTPASS 2% 08/28","15yr",,,,,"10982970.24",,,,,,""
"2021-08-11","'3138M3RQ9'","MBS","UMBS MORTPASS 3.5% 08/42","30yr",,,,,"10973444.49",,,,,,""
"2021-08-11","'3140Q9R21'","MBS","UMBS MORTPASS 4% 09/48","30yr",,,,,"10967466.04",,,,,,""
"2021-08-11","'3138LQ3J1'","MBS","UMBS MORTPASS 3% 04/27","15yr",,,,,"10957999.52",,,,,,""
"2021-08-11","'31329QNA5'","MBS","UMBS MORTPASS 4.5% 04/49","30yr",,,,,"10948857.35",,,,,,""
"2021-08-11","'3138XGSB0'","MBS","UMBS MORTPASS 4% 02/44","30yr",,,,,"10942237.58",,,,,,""
"2021-08-11","'3140Q8F67'","MBS","UMBS MORTPASS 2.5% 01/33","15yr",,,,,"10941569.04",,,,,,""
"2021-08-11","'3131Y32Q8'","MBS","UMBS MORTPASS 4% 10/48","30yr",,,,,"10940725.93",,,,,,""
"2021-08-11","'3132AD7H5'","MBS","UMBS MORTPASS 3% 01/27","15yr",,,,,"10940413.19",,,,,,""
"2021-08-11","'3140L0R33'","MBS","UMBS MORTPASS 2% 12/50","30yr",,,,,"10932237.72",,,,,,""
"2021-08-11","'3140QKLF3'","MBS","UMBS MORTPASS 2% 04/51","30yr",,,,,"10915614.85",,,,,,""
"2021-08-11","'3140X4PJ9'","MBS","UMBS MORTPASS 3% 11/31","15yr",,,,,"10894933.44",,,,,,""
"2021-08-11","'3133A2RT9'","MBS","UMBS MORTPASS 2.5% 03/50","30yr",,,,,"10892455.96",,,,,,""
"2021-08-11","'3140KPJP9'","MBS","UMBS MORTPASS 2% 09/50","30yr",,,,,"10883495.28",,,,,,""
"2021-08-11","'3133ANAA2'","MBS","UMBS MORTPASS 2.5% 07/51","30yr",,,,,"10874238.72",,,,,,""
"2021-08-11","'3140X8XF9'","MBS","UMBS MORTPASS 2% 12/50","30yr",,,,,"10871888.54",,,,,,""
"2021-08-11","'3132DV5G6'","MBS","UMBS MORTPASS 4.5% 02/50","30yr",,,,,"10854471.33",,,,,,""
"2021-08-11","'3140JXQM3'","MBS","UMBS MORTPASS 3.5% 07/49","30yr",,,,,"10853134.19",,,,,,""
"2021-08-11","'3140HN3J9'","MBS","UMBS MORTPASS 4% 10/48","30yr",,,,,"10828163",,,,,,""
"2021-08-11","'3140L8UZ1'","MBS","UMBS MORTPASS 2% 05/51","30yr",,,,,"10825821.1",,,,,,""
"2021-08-11","'3140K8QC8'","MBS","UMBS MORTPASS 3% 03/50","30yr",,,,,"10825082.1",,,,,,""
"2021-08-11","'3140QDQB3'","MBS","UMBS MORTPASS 3.5% 10/49","30yr",,,,,"10815221.76",,,,,,""
"2021-08-11","'31374CPJ9'","MBS","UMBS MORTPASS 2.5% 05/28","15yr",,,,,"10814149.82",,,,,,""
"2021-08-11","'3140JL3C6'","MBS","UMBS MORTPASS 4% 03/49","30yr",,,,,"10810370.4",,,,,,""
"2021-08-11","'3622A2RJ3'","MBS","GNMA II 3.5% 12/45","30yr",,,,,"10806185.91",,,,,,""
"2021-08-11","'3140KHW80'","MBS","UMBS MORTPASS 2.5% 07/50","30yr",,,,,"10799626.59",,,,,,""
"2021-08-11","'3133AAJX1'","MBS","UMBS MORTPASS 2% 10/50","30yr",,,,,"10793415.66",,,,,,""
"2021-08-11","'3133A9U37'","MBS","UMBS MORTPASS 2.5% 09/50","30yr",,,,,"10791488.3",,,,,,""
"2021-08-11","'3132ADX45'","MBS","UMBS MORTPASS 2.5% 02/28","15yr",,,,,"10790693.8",,,,,,""
"2021-08-11","'3140X83J4'","MBS","UMBS MORTPASS 1.5% 12/50","30yr",,,,,"10789891.52",,,,,,""
"2021-08-11","'3133AKKV1'","MBS","UMBS MORTPASS 2% 04/51","30yr",,,,,"10785853.82",,,,,,""
"2021-08-11","'3140KPKB8'","MBS","UMBS MORTPASS 1.5% 09/35","15yr",,,,,"10783338.24",,,,,,""
"2021-08-11","'3138ELGM9'","MBS","UMBS MORTPASS 3% 06/28","15yr",,,,,"10783047.4",,,,,,""
"2021-08-11","'3133AM6G6'","MBS","UMBS MORTPASS 2% 07/51","30yr",,,,,"10782026.31",,,,,,""
"2021-08-11","'3140JVHY1'","MBS","UMBS MORTPASS 3.5% 06/49","30yr",,,,,"10781125.61",,,,,,""
"2021-08-11","'3133A4HS8'","MBS","UMBS MORTPASS 3% 05/50","30yr",,,,,"10778152.9",,,,,,""
"2021-08-11","'3140K05F1'","MBS","UMBS MORTPASS 3% 11/49","30yr",,,,,"10761514.73",,,,,,""
"2021-08-11","'31334WP62'","MBS","UMBS MORTPASS 3% 06/49","30yr",,,,,"10759640.15",,,,,,""
"2021-08-11","'3133A4CN4'","MBS","UMBS MORTPASS 3% 04/50","30yr",,,,,"10757802.16",,,,,,""
"2021-08-11","'3140QCCS3'","MBS","UMBS MORTPASS 4.5% 11/49","30yr",,,,,"10756067.83",,,,,,""
"2021-08-11","'3140JQNE9'","MBS","UMBS MORTPASS 3.5% 06/49","30yr",,,,,"10753503.34",,,,,,""
"2021-08-11","'3131Y8ZP3'","MBS","UMBS MORTPASS 4% 01/49","30yr",,,,,"10751840.14",,,,,,""
"2021-08-11","'3133KGQ43'","MBS","UMBS MORTPASS 3.5% 09/49","30yr",,,,,"10750263.66",,,,,,""
"2021-08-11","'3140X5RP0'","MBS","UMBS MORTPASS 3% 12/33","15yr",,,,,"10727448.16",,,,,,""
"2021-08-11","'3140XBCT5'","MBS","UMBS MORTPASS 2% 04/51","30yr",,,,,"10712412.11",,,,,,""
"2021-08-11","'3140JN4R8'","MBS","UMBS MORTPASS 4% 04/49","30yr",,,,,"10707517.79",,,,,,""
"2021-08-11","'3140HLS49'","MBS","UMBS MORTPASS 4% 06/48","30yr",,,,,"10699584.1",,,,,,""
"2021-08-11","'3140JX5W4'","MBS","UMBS MORTPASS 3.5% 08/49","30yr",,,,,"10699426.16",,,,,,""
"2021-08-11","'3132ADS25'","MBS","UMBS MORTPASS 2.5% 05/28","Other",,,,,"10697899.39",,,,,,""
"2021-08-11","'3138EAAL1'","MBS","UMBS MORTPASS 3% 03/27","15yr",,,,,"10697664.04",,,,,,""
"2021-08-11","'3132DMC86'","MBS","UMBS MORTPASS 2.5% 10/49","30yr",,,,,"10695196.13",,,,,,""
"2021-08-11","'31329PBU6'","MBS","UMBS MORTPASS 3.5% 05/48","30yr",,,,,"10693250",,,,,,""
"2021-08-11","'31307SLB7'","MBS","FHLMCGLD 3% 11/31","15yr",,,,,"10691764.53",,,,,,""
"2021-08-11","'3140L6UK8'","MBS","UMBS MORTPASS 2% 03/51","30yr",,,,,"10686950.98",,,,,,""
"2021-08-11","'3140QB4M7'","MBS","UMBS MORTPASS 3% 10/49","30yr",,,,,"10675003.04",,,,,,""
"2021-08-11","'3133AMNV4'","MBS","UMBS MORTPASS 2.5% 06/51","30yr",,,,,"10671340.8",,,,,,""
"2021-08-11","'3140KBQV9'","MBS","UMBS MORTPASS 2.5% 05/50","30yr",,,,,"10657344.94",,,,,,""
"2021-08-11","'3131XX4N8'","MBS","UMBS MORTPASS 3.5% 10/47","30yr",,,,,"10655728.2",,,,,,""
"2021-08-11","'3133AG4H9'","MBS","UMBS MORTPASS 2% 03/51","30yr",,,,,"10631779.34",,,,,,""
"2021-08-11","'3133A2RH5'","MBS","UMBS MORTPASS 3% 02/50","30yr",,,,,"10630452.23",,,,,,""
"2021-08-11","'3140KHKL4'","MBS","UMBS MORTPASS 2.5% 07/50","30yr",,,,,"10620106.27",,,,,,""
"2021-08-11","'3133GCFK3'","MBS","UMBS MORTPASS 1.5% 03/36","15yr",,,,,"10618939.54",,,,,,""
"2021-08-11","'3140QKGE2'","MBS","UMBS MORTPASS 2.5% 04/51","30yr",,,,,"10612362.49",,,,,,""
"2021-08-11","'3140KCDF6'","MBS","UMBS MORTPASS 2.5% 04/50","30yr",,,,,"10610562.37",,,,,,""
"2021-08-11","'3140XBAD2'","MBS","UMBS MORTPASS 2% 05/51","30yr",,,,,"10610199.75",,,,,,""
"2021-08-11","'3140L9BV9'","MBS","UMBS MORTPASS 2.5% 05/51","30yr",,,,,"10608439.78",,,,,,""
"2021-08-11","'3140KYZS6'","MBS","UMBS MORTPASS 1.5% 02/36","15yr",,,,,"10602257.09",,,,,,""
"2021-08-11","'3140L4VL0'","MBS","UMBS MORTPASS 1.5% 02/51","30yr",,,,,"10592901.3",,,,,,""
"2021-08-11","'3140KDKK5'","MBS","UMBS MORTPASS 2.5% 06/50","30yr",,,,,"10588429.54",,,,,,""
"2021-08-11","'3140JXAB4'","MBS","UMBS MORTPASS 3.5% 07/49","30yr",,,,,"10585375.91",,,,,,""
"2021-08-11","'3133AHCH8'","MBS","UMBS MORTPASS 1.5% 03/51","30yr",,,,,"10581050.94",,,,,,""
"2021-08-11","'3128ME7H8'","MBS","FHLMCGLD 2.5% 02/32","15yr",,,,,"10576004.69",,,,,,""
"2021-08-11","'3140L8D72'","MBS","UMBS MORTPASS 2% 05/51","30yr",,,,,"10575574.09",,,,,,""
"2021-08-11","'3140LQWU0'","MBS","UMBS MORTPASS 1.5% 07/36","15yr",,,,,"10573383",,,,,,""
"2021-08-11","'3133A9EG6'","MBS","UMBS MORTPASS 2.5% 09/50","30yr",,,,,"10565722.44",,,,,,""
"2021-08-11","'3133GDXH8'","MBS","UMBS MORTPASS 1.5% 07/36","15yr",,,,,"10557124",,,,,,""
"2021-08-11","'3140HNPW6'","MBS","UMBS MORTPASS 2.5% 01/51","30yr",,,,,"10550487.77",,,,,,""
"2021-08-11","'31417HA53'","MBS","UMBS MORTPASS 2% 07/28","15yr",,,,,"10546217.39",,,,,,""
"2021-08-11","'3133A9DW2'","MBS","UMBS MORTPASS 2.5% 08/50","30yr",,,,,"10545452.88",,,,,,""
"2021-08-11","'31334WK75'","MBS","UMBS MORTPASS 4.5% 06/49","30yr",,,,,"10532506.73",,,,,,""
"2021-08-11","'3131X8H74'","MBS","UMBS MORTPASS 2.5% 12/27","15yr",,,,,"10523119.39",,,,,,""
"2021-08-11","'3133A7LF4'","MBS","UMBS MORTPASS 2.5% 07/50","30yr",,,,,"10522788.09",,,,,,""
"2021-08-11","'3140X5AX1'","MBS","UMBS MORTPASS 2% 05/27","Other",,,,,"10520060.35",,,,,,""
"2021-08-11","'3140JVR53'","MBS","UMBS MORTPASS 3.5% 09/49","30yr",,,,,"10516553.38",,,,,,""
"2021-08-11","'3140QCE85'","MBS","UMBS MORTPASS 3.5% 10/48","30yr",,,,,"10510288.57",,,,,,""
"2021-08-11","'3140L33B5'","MBS","UMBS MORTPASS 2.5% 03/51","30yr",,,,,"10503734.47",,,,,,""
"2021-08-11","'3133KGF45'","MBS","UMBS MORTPASS 4.5% 07/49","30yr",,,,,"10489643.7",,,,,,""
"2021-08-11","'3133GCB68'","MBS","UMBS MORTPASS 1.5% 03/36","15yr",,,,,"10468666.03",,,,,,""
"2021-08-11","'31334W2U4'","MBS","UMBS MORTPASS 3.5% 07/49","30yr",,,,,"10466450.43",,,,,,""
"2021-08-11","'3140X7MJ5'","MBS","UMBS MORTPASS 2.5% 08/50","30yr",,,,,"10464823.37",,,,,,""
"2021-08-11","'3128MC2W4'","MBS","FHLMCGLD 4% 07/24","15yr",,,,,"10458659.21",,,,,,"Y"
"2021-08-11","'3138W4TZ4'","MBS","UMBS MORTPASS 2% 02/28","15yr",,,,,"10457226.49",,,,,,""
"2021-08-11","'3133KL5E3'","MBS","UMBS MORTPASS 2.5% 04/51","30yr",,,,,"10449719.98",,,,,,""
"2021-08-11","'3133KHVR4'","MBS","UMBS MORTPASS 3% 04/50","30yr",,,,,"10446964.39",,,,,,""
"2021-08-11","'3133GDQ29'","MBS","UMBS MORTPASS 2% 06/36","15yr",,,,,"10444231.7",,,,,,""
"2021-08-11","'3140JSTQ2'","MBS","UMBS MORTPASS 3% 07/49","30yr",,,,,"10437779.79",,,,,,""
"2021-08-11","'31418CSJ4'","MBS","UMBS MORTPASS 2.5% 12/27","Other",,,,,"10429621.86",,,,,,""
"2021-08-11","'3140HFVL0'","MBS","UMBS MORTPASS 2% 05/35","15yr",,,,,"10399374.25",,,,,,""
"2021-08-11","'3140KMQQ6'","MBS","UMBS MORTPASS 2.5% 08/50","30yr",,,,,"10398679.77",,,,,,""
"2021-08-11","'3133AJV75'","MBS","UMBS MORTPASS 1.5% 04/51","30yr",,,,,"10396842.52",,,,,,""
"2021-08-11","'3140KHT27'","MBS","UMBS MORTPASS 2.5% 08/50","30yr",,,,,"10393212.42",,,,,,""
"2021-08-11","'3140K8R37'","MBS","UMBS MORTPASS 2.5% 03/50","30yr",,,,,"10391994.3",,,,,,""
"2021-08-11","'3133GBH80'","MBS","UMBS MORTPASS 2% 01/36","15yr",,,,,"10388054.06",,,,,,""
"2021-08-11","'3133A3TN8'","MBS","UMBS MORTPASS 3% 04/50","30yr",,,,,"10384589.04",,,,,,""
"2021-08-11","'3131X9GF5'","MBS","UMBS MORTPASS 2.5% 06/28","15yr",,,,,"10382775.36",,,,,,""
"2021-08-11","'3132A9AB3'","MBS","UMBS MORTPASS 3% 05/33","15yr",,,,,"10382327.75",,,,,,""
"2021-08-11","'3140QGFC6'","MBS","UMBS MORTPASS 2% 06/35","15yr",,,,,"10358928.18",,,,,,""
"2021-08-11","'3132A9VB0'","MBS","UMBS MORTPASS 3% 08/33","15yr",,,,,"10344260.79",,,,,,""
"2021-08-11","'3140L7XT4'","MBS","UMBS MORTPASS 2% 05/51","30yr",,,,,"10331028.32",,,,,,""
"2021-08-11","'3140J5L49'","MBS","UMBS MORTPASS 3% 11/31","15yr",,,,,"10317786.48",,,,,,""
"2021-08-11","'3140L5XE1'","MBS","UMBS MORTPASS 2.5% 04/51","30yr",,,,,"10312271.58",,,,,,""
"2021-08-11","'3132L5L68'","MBS","FHLMCGLD 3.5% 08/43","30yr",,,,,"10305502.29",,,,,,""
"2021-08-11","'3133KHRU2'","MBS","UMBS MORTPASS 2.5% 03/50","30yr",,,,,"10303043.16",,,,,,""
"2021-08-11","'3132D9AP9'","MBS","UMBS MORTPASS 3% 10/39","Other",,,,,"10302070.89",,,,,,""
"2021-08-11","'3140KHMT5'","MBS","UMBS MORTPASS 2% 07/50","30yr",,,,,"10301750.87",,,,,,""
"2021-08-11","'31334YA23'","MBS","UMBS MORTPASS 3.5% 08/49","30yr",,,,,"10300763.63",,,,,,""
"2021-08-11","'3133A8G84'","MBS","UMBS MORTPASS 2.5% 08/50","30yr",,,,,"10299121.72",,,,,,""
"2021-08-11","'3140KXPW0'","MBS","UMBS MORTPASS 2% 03/51","30yr",,,,,"10284722.47",,,,,,""
"2021-08-11","'3140LTPY4'","MBS","UMBS MORTPASS 2.5% 06/51","30yr",,,,,"10280736.69",,,,,,""
"2021-08-11","'3140KDMQ0'","MBS","UMBS MORTPASS 3% 05/50","30yr",,,,,"10270824.38",,,,,,""
"2021-08-11","'36202FAT3'","MBS","GNMA II MORTPASS 4% 08/39","30yr",,,,,"10267332.14",,,,,,""
"2021-08-11","'31410LV66'","MBS","UMBS MORTPASS 3% 10/28","15yr",,,,,"10267130.56",,,,,,""
"2021-08-11","'3140HFKD0'","MBS","UMBS MORTPASS 3% 02/50","30yr",,,,,"10257893.27",,,,,,""
"2021-08-11","'3132L5KJ1'","MBS","FHLMCGLD 3.5% 07/43","30yr",,,,,"10256521.01",,,,,,""
"2021-08-11","'31368HNQ2'","MBS","UMBS MORTPASS 5.5% 11/39","30yr",,,,,"10253466.41",,,,,,""
"2021-08-11","'3133AABG6'","MBS","UMBS MORTPASS 2.5% 09/50","30yr",,,,,"10246449.79",,,,,,""
"2021-08-11","'3132A5GL3'","MBS","UMBS MORTPASS 3% 02/47","30yr",,,,,"10245935.65",,,,,,""
"2021-08-11","'31329Q5U1'","MBS","UMBS MORTPASS 4.5% 06/49","30yr",,,,,"10243124.24",,,,,,""
"2021-08-11","'3128M8XH2'","MBS","FHLMCGLD 4.5% 09/39","30yr",,,,,"10239568.94",,,,,,"Y"
"2021-08-11","'3140X44E3'","MBS","UMBS MORTPASS 3% 06/34","15yr",,,,,"10234532.1",,,,,,""
"2021-08-11","'31339SBJ3'","MBS","UMBS MORTPASS 3.5% 09/49","30yr",,,,,"10226996.88",,,,,,""
"2021-08-11","'3138ETFK7'","MBS","UMBS MORTPASS 2.5% 04/31","15yr",,,,,"10223382.02",,,,,,""
"2021-08-11","'3140X5NY5'","MBS","UMBS MORTPASS 3.5% 09/49","30yr",,,,,"10221869.77",,,,,,""
"2021-08-11","'3140LRZC5'","MBS","UMBS MORTPASS 2.5% 07/51","30yr",,,,,"10219538.1",,,,,,""
"2021-08-11","'3140JVUC4'","MBS","UMBS MORTPASS 3% 10/49","30yr",,,,,"10218037.92",,,,,,""
"2021-08-11","'3140X95E1'","MBS","UMBS MORTPASS 2% 03/51","30yr",,,,,"10213797.83",,,,,,""
"2021-08-11","'3133A6KX8'","MBS","UMBS MORTPASS 2.5% 06/50","30yr",,,,,"10212277.63",,,,,,""
"2021-08-11","'3622A2RR5'","MBS","GNMA II 3.5% 01/46","30yr",,,,,"10209317.67",,,,,,""
"2021-08-11","'3622A2RU8'","MBS","GNMA II 3.5% 01/46","30yr",,,,,"10209317.67",,,,,,""
"2021-08-11","'3128MFGF9'","MBS","FHLMCGLD 3.5% 04/27","15yr",,,,,"10206333.31",,,,,,"Y"
"2021-08-11","'3140HKD21'","MBS","UMBS MORTPASS 2.5% 09/50","30yr",,,,,"10202815.19",,,,,,""
"2021-08-11","'3138EHCQ3'","MBS","UMBS MORTPASS 5% 04/38","30yr",,,,,"10201268.78",,,,,,"Y"
"2021-08-11","'3140KLPL0'","MBS","UMBS MORTPASS 2% 08/50","30yr",,,,,"10198249.43",,,,,,""
"2021-08-11","'3133A4G59'","MBS","UMBS MORTPASS 2.5% 04/50","30yr",,,,,"10192201.23",,,,,,""
"2021-08-11","'3128MMXA6'","MBS","FHLMCGLD 2.5% 01/33","15yr",,,,,"10190427.16",,,,,,""
"2021-08-11","'3140LNN29'","MBS","UMBS MORTPASS 1.5% 05/36","15yr",,,,,"10189545.06",,,,,,""
"2021-08-11","'3133ABAK6'","MBS","UMBS MORTPASS 2% 09/50","30yr",,,,,"10188734.64",,,,,,""
"2021-08-11","'3133KHF68'","MBS","UMBS MORTPASS 3.5% 01/50","30yr",,,,,"10178409.95",,,,,,""
"2021-08-11","'3133AGYF0'","MBS","UMBS MORTPASS 1.5% 03/51","30yr",,,,,"10170519.61",,,,,,""
"2021-08-11","'36178DU66'","MBS","GNMA I MORTPASS 3% 01/43","30yr",,,,,"10156776.69",,,,,,""
"2021-08-11","'3132L5FU2'","MBS","FHLMCGLD 3.5% 07/43","30yr",,,,,"10145966.83",,,,,,""
"2021-08-11","'3133A6WJ6'","MBS","UMBS MORTPASS 2.5% 06/50","30yr",,,,,"10139221.42",,,,,,""
"2021-08-11","'31334WHT1'","MBS","UMBS MORTPASS 3.5% 06/49","30yr",,,,,"10139048.68",,,,,,""
"2021-08-11","'3138E0SF7'","MBS","UMBS MORTPASS 3% 12/26","15yr",,,,,"10123459.19",,,,,,""
"2021-08-11","'3133ADNR3'","MBS","UMBS MORTPASS 2.5% 12/50","30yr",,,,,"10118221.34",,,,,,""
"2021-08-11","'3131Y2BC1'","MBS","UMBS MORTPASS 4% 07/48","30yr",,,,,"10116881.73",,,,,,""
"2021-08-11","'31339SE50'","MBS","UMBS MORTPASS 3% 09/49","30yr",,,,,"10115076.55",,,,,,""
"2021-08-11","'3133A85F0'","MBS","UMBS MORTPASS 2.5% 08/50","30yr",,,,,"10103044",,,,,,""
"2021-08-11","'3140L7F56'","MBS","UMBS MORTPASS 2.5% 04/51","30yr",,,,,"10102076",,,,,,""
"2021-08-11","'3131X8EZ5'","MBS","UMBS MORTPASS 2.5% 11/27","15yr",,,,,"10101379.1",,,,,,""
"2021-08-11","'31307UV70'","MBS","FHLMCGLD 2.5% 11/32","15yr",,,,,"10093669.87",,,,,,""
"2021-08-11","'3133KHVG8'","MBS","UMBS MORTPASS 3% 04/50","30yr",,,,,"10086004.16",,,,,,""
"2021-08-11","'3140JRY70'","MBS","UMBS MORTPASS 4% 05/49","30yr",,,,,"10083048.55",,,,,,""
"2021-08-11","'3133A4BS4'","MBS","UMBS MORTPASS 3% 04/50","30yr",,,,,"10078842.78",,,,,,""
"2021-08-11","'3140L5BT2'","MBS","UMBS MORTPASS 2% 03/51","30yr",,,,,"10078316.15",,,,,,""
"2021-08-11","'3140L7GR7'","MBS","UMBS MORTPASS 2% 05/51","30yr",,,,,"10051349.46",,,,,,""
"2021-08-11","'3140QDXB5'","MBS","UMBS MORTPASS 2.5% 06/50","30yr",,,,,"10043170.65",,,,,,""
"2021-08-11","'3140KDQ86'","MBS","UMBS MORTPASS 2.5% 06/50","30yr",,,,,"10041766.13",,,,,,""
"2021-08-11","'3140L7FX5'","MBS","UMBS MORTPASS 2% 04/51","30yr",,,,,"10040284.01",,,,,,""
"2021-08-11","'3133A3FV5'","MBS","UMBS MORTPASS 3% 03/50","30yr",,,,,"10039816.65",,,,,,""
"2021-08-11","'3140JVSA1'","MBS","UMBS MORTPASS 3% 09/49","30yr",,,,,"10039760.03",,,,,,""
"2021-08-11","'3140LSMV5'","MBS","UMBS MORTPASS 2.5% 06/51","30yr",,,,,"10024662.43",,,,,,""
"2021-08-11","'3140HBF29'","MBS","UMBS MORTPASS 3% 05/33","15yr",,,,,"10012419.63",,,,,,""
"2021-08-11","'3138WBWX9'","MBS","UMBS MORTPASS 3% 05/29","15yr",,,,,"10012328.71",,,,,,""
"2021-08-11","'3140K8R86'","MBS","UMBS MORTPASS 2.5% 03/50","30yr",,,,,"10005342.04",,,,,,""
"2021-08-11","'3140L73K6'","MBS","UMBS MORTPASS 2.5% 04/51","30yr",,,,,"10004353.83",,,,,,""
"2021-08-11","'3140KQFD8'","MBS","UMBS MORTPASS 2.5% 11/50","30yr",,,,,"10001535.01",,,,,,""
"2021-08-11","'3140JVUM2'","MBS","UMBS MORTPASS 3.5% 11/49","30yr",,,,,"9999232",,,,,,""
"2021-08-11","'3133ABZK9'","MBS","UMBS MORTPASS 1.5% 11/50","30yr",,,,,"9998561.13",,,,,,""
"2021-08-11","'3140QFAB5'","MBS","UMBS MORTPASS 2% 09/50","30yr",,,,,"9997659.73",,,,,,""
"2021-08-11","'3133AL3A4'","MBS","UMBS MORTPASS 2.5% 06/46","30yr",,,,,"9996786.29",,,,,,""
"2021-08-11","'3622A2AD4'","MBS","GNMA II 3.5% 06/42","30yr",,,,,"9995848.06",,,,,,""
"2021-08-11","'3138WH2U5'","MBS","UMBS MORTPASS 2.5% 09/31","15yr",,,,,"9995687.79",,,,,,""
"2021-08-11","'36179M2S8'","MBS","GNMA II 4.5% 02/43","30yr",,,,,"9995184.04",,,,,,""
"2021-08-11","'3132DMJW6'","MBS","UMBS MORTPASS 5.5% 05/40","30yr",,,,,"9994720.62",,,,,,"Y"
"2021-08-11","'31329KX66'","MBS","UMBS MORTPASS 3% 04/38","Other",,,,,"9991784.5",,,,,,""
"2021-08-11","'3140L34P3'","MBS","UMBS MORTPASS 2% 03/51","30yr",,,,,"9991093.66",,,,,,""
"2021-08-11","'3140K8EB3'","MBS","UMBS MORTPASS 3% 02/50","30yr",,,,,"9985088.28",,,,,,""
"2021-08-11","'3133A5CF8'","MBS","UMBS MORTPASS 2% 05/50","30yr",,,,,"9982024.33",,,,,,""
"2021-08-11","'3140LPKJ0'","MBS","UMBS MORTPASS 2% 07/51","30yr",,,,,"9977131.45",,,,,,""
"2021-08-11","'3140QGFH5'","MBS","UMBS MORTPASS 2% 06/50","30yr",,,,,"9975733.64",,,,,,""
"2021-08-11","'3133A26B1'","MBS","UMBS MORTPASS 2.5% 03/50","30yr",,,,,"9973648.78",,,,,,""
"2021-08-11","'3138YGZF2'","MBS","UMBS MORTPASS 3% 05/45","30yr",,,,,"9971895.82",,,,,,""
"2021-08-11","'3140L3A50'","MBS","UMBS MORTPASS 2% 02/51","30yr",,,,,"9966388.19",,,,,,""
"2021-08-11","'3140LN3Q8'","MBS","UMBS MORTPASS 2% 06/51","30yr",,,,,"9959987.04",,,,,,""
"2021-08-11","'3133ALP69'","MBS","UMBS MORTPASS 1.5% 05/51","30yr",,,,,"9953697.85",,,,,,""
"2021-08-11","'31418DP22'","MBS","UMBS MORTPASS 2% 06/30","Other",,,,,"9943634.05",,,,,,""
"2021-08-11","'3131Y1W55'","MBS","UMBS MORTPASS 4% 06/48","30yr",,,,,"9942834.15",,,,,,""
"2021-08-11","'3140KXVT0'","MBS","UMBS MORTPASS 2% 01/51","30yr",,,,,"9942404.75",,,,,,""
"2021-08-11","'3140L72G6'","MBS","UMBS MORTPASS 2% 04/51","30yr",,,,,"9939642.58",,,,,,""
"2021-08-11","'3140X8AA5'","MBS","UMBS MORTPASS 2.5% 04/38","Other",,,,,"9938505.46",,,,,,""
"2021-08-11","'31346Y3C5'","MBS","UMBS MORTPASS 2.5% 12/49","30yr",,,,,"9936681.89",,,,,,""
"2021-08-11","'3140L7GD8'","MBS","UMBS MORTPASS 2% 05/51","30yr",,,,,"9935430.6",,,,,,""
"2021-08-11","'3140JY2W5'","MBS","UMBS MORTPASS 3% 12/49","30yr",,,,,"9933304.92",,,,,,""
"2021-08-11","'3140L82G4'","MBS","UMBS MORTPASS 2.5% 04/51","30yr",,,,,"9923869.55",,,,,,""
"2021-08-11","'3138WA7F8'","MBS","UMBS MORTPASS 4.5% 02/44","30yr",,,,,"9919463.56",,,,,,""
"2021-08-11","'31418DBV3'","MBS","UMBS MORTPASS 2.5% 04/34","15yr",,,,,"9913282.53",,,,,,""
"2021-08-11","'3133KKNC9'","MBS","UMBS MORTPASS 2.5% 11/50","30yr",,,,,"9911047.14",,,,,,""
"2021-08-11","'36241L3U8'","MBS","GNMA II MORTPASS 4% 12/41","30yr",,,,,"9907467.04",,,,,,""
"2021-08-11","'3140JMZY1'","MBS","UMBS MORTPASS 4% 02/49","30yr",,,,,"9906903.22",,,,,,""
"2021-08-11","'3133A2PR5'","MBS","UMBS MORTPASS 3% 03/50","30yr",,,,,"9894072.33",,,,,,""
"2021-08-11","'3140K8P54'","MBS","UMBS MORTPASS 2.5% 03/50","30yr",,,,,"9887199.31",,,,,,""
"2021-08-11","'3140L5BS4'","MBS","UMBS MORTPASS 2% 03/51","30yr",,,,,"9877255.52",,,,,,""
"2021-08-11","'3133ADAH9'","MBS","UMBS MORTPASS 2.5% 12/50","30yr",,,,,"9874869.43",,,,,,""
"2021-08-11","'3140X4MS2'","MBS","UMBS MORTPASS 3.5% 07/49","30yr",,,,,"9867058.68",,,,,,""
"2021-08-11","'3133ACG28'","MBS","UMBS MORTPASS 2% 10/50","30yr",,,,,"9859057.76",,,,,,""
"2021-08-11","'3140X4VQ6'","MBS","UMBS MORTPASS 2.5% 01/27","Other",,,,,"9851870.21",,,,,,""
"2021-08-11","'3140KKHL1'","MBS","UMBS MORTPASS 2.5% 08/50","30yr",,,,,"9850777",,,,,,""
"2021-08-11","'3140LSMY9'","MBS","UMBS MORTPASS 2% 06/51","30yr",,,,,"9848473.09",,,,,,""
"2021-08-11","'3132ADPG7'","MBS","UMBS MORTPASS 3% 10/48","30yr",,,,,"9842366.52",,,,,,""
"2021-08-11","'3131Y3W44'","MBS","UMBS MORTPASS 4.5% 10/48","30yr",,,,,"9832064.08",,,,,,""
"2021-08-11","'3132A7RN3'","MBS","UMBS MORTPASS 2.5% 04/28","15yr",,,,,"9831555.55",,,,,,""
"2021-08-11","'3140J8XB4'","MBS","UMBS MORTPASS 3% 01/27","15yr",,,,,"9819309.87",,,,,,""
"2021-08-11","'31417GY42'","MBS","UMBS MORTPASS 2.5% 06/28","15yr",,,,,"9817846.63",,,,,,""
"2021-08-11","'3133A4G91'","MBS","UMBS MORTPASS 2.5% 05/50","30yr",,,,,"9796754.42",,,,,,""
"2021-08-11","'31418C2W3'","MBS","UMBS MORTPASS 3% 10/33","15yr",,,,,"9779378.86",,,,,,""
"2021-08-11","'3140K43N8'","MBS","UMBS MORTPASS 3% 01/50","30yr",,,,,"9779239.97",,,,,,""
"2021-08-11","'31334YU21'","MBS","UMBS MORTPASS 3.5% 09/49","30yr",,,,,"9777160.61",,,,,,""
"2021-08-11","'3140Q8TH8'","MBS","UMBS MORTPASS 3.5% 03/33","15yr",,,,,"9776824.18",,,,,,""
"2021-08-11","'3140LQYG9'","MBS","UMBS MORTPASS 2% 05/51","30yr",,,,,"9771796.6",,,,,,""
"2021-08-11","'3128MJZJ2'","MBS","FHLMCGLD 4.5% 12/46","30yr",,,,,"9768197.46",,,,,,""
"2021-08-11","'3133A8FZ5'","MBS","UMBS MORTPASS 2.5% 08/50","30yr",,,,,"9763631.71",,,,,,""
"2021-08-11","'3140L3ES6'","MBS","UMBS MORTPASS 2% 03/51","30yr",,,,,"9759862.37",,,,,,""
"2021-08-11","'3133A2JR2'","MBS","UMBS MORTPASS 3% 03/50","30yr",,,,,"9759170.55",,,,,,""
"2021-08-11","'3132WKSU3'","MBS","FHLMCGLD 3% 02/47","30yr",,,,,"9746832.86",,,,,,""
"2021-08-11","'3140JLLW2'","MBS","UMBS MORTPASS 4% 01/49","30yr",,,,,"9744815.19",,,,,,""
"2021-08-11","'3132KGEL0'","MBS","FHLMCGLD 3.5% 02/33","15yr",,,,,"9738286.53",,,,,,""
"2021-08-11","'3140LRRH3'","MBS","UMBS MORTPASS 2.5% 06/51","30yr",,,,,"9736162.12",,,,,,""
"2021-08-11","'3133A4Q82'","MBS","UMBS MORTPASS 2% 05/50","30yr",,,,,"9732347.76",,,,,,""
"2021-08-11","'3132AD7K8'","MBS","UMBS MORTPASS 3% 03/34","15yr",,,,,"9729630.49",,,,,,""
"2021-08-11","'3140QG4U8'","MBS","UMBS MORTPASS 2% 02/51","30yr",,,,,"9722194.49",,,,,,""
"2021-08-11","'3133GCUC4'","MBS","UMBS MORTPASS 1.5% 04/36","15yr",,,,,"9717613.61",,,,,,""
"2021-08-11","'3133AL5Y0'","MBS","UMBS MORTPASS 2.5% 06/51","30yr",,,,,"9712514.55",,,,,,""
"2021-08-11","'3140GWUP6'","MBS","UMBS MORTPASS 3.5% 08/47","30yr",,,,,"9710830.03",,,,,,""
"2021-08-11","'3140L6JJ4'","MBS","UMBS MORTPASS 1.5% 04/36","15yr",,,,,"9700997.08",,,,,,""
"2021-08-11","'31334YHP5'","MBS","UMBS MORTPASS 3% 08/49","30yr",,,,,"9698879.27",,,,,,""
"2021-08-11","'3140LQYE4'","MBS","UMBS MORTPASS 2% 05/51","30yr",,,,,"9694163.71",,,,,,""
"2021-08-11","'3622A2DG4'","MBS","GNMA II MORTPASS 4% 06/42","30yr",,,,,"9693413.29",,,,,,""
"2021-08-11","'3133KHVQ6'","MBS","UMBS MORTPASS 3% 04/50","30yr",,,,,"9690277.89",,,,,,""
"2021-08-11","'3133KGS82'","MBS","UMBS MORTPASS 4.5% 09/49","30yr",,,,,"9684942.23",,,,,,""
"2021-08-11","'3140KTPP4'","MBS","UMBS MORTPASS 1.5% 11/35","15yr",,,,,"9677144.57",,,,,,""
"2021-08-11","'3140KAME3'","MBS","UMBS MORTPASS 3% 03/50","30yr",,,,,"9674950.95",,,,,,""
"2021-08-11","'3140L4WD7'","MBS","UMBS MORTPASS 2.5% 01/51","30yr",,,,,"9672614.6",,,,,,""
"2021-08-11","'3132A9NB9'","MBS","UMBS MORTPASS 2.5% 05/28","15yr",,,,,"9670716.12",,,,,,""
"2021-08-11","'3140L3Z87'","MBS","UMBS MORTPASS 2% 03/51","30yr",,,,,"9662709.48",,,,,,""
"2021-08-11","'31334WGJ4'","MBS","UMBS MORTPASS 3% 06/49","30yr",,,,,"9637081.47",,,,,,""
"2021-08-11","'3133KHEQ5'","MBS","UMBS MORTPASS 3% 11/49","30yr",,,,,"9633733.19",,,,,,""
"2021-08-11","'3140X86N2'","MBS","UMBS MORTPASS 2% 01/36","15yr",,,,,"9621671.33",,,,,,""
"2021-08-11","'3140Q9CM3'","MBS","UMBS MORTPASS 3.5% 06/48","30yr",,,,,"9616240.38",,,,,,""
"2021-08-11","'3140KXJN7'","MBS","UMBS MORTPASS 2% 11/50","30yr",,,,,"9611323.13",,,,,,""
"2021-08-11","'3140X6B67'","MBS","UMBS MORTPASS 2.5% 01/35","15yr",,,,,"9609951.52",,,,,,""
"2021-08-11","'3131XBNJ4'","MBS","UMBS MORTPASS 3% 01/29","15yr",,,,,"9601438.84",,,,,,""
"2021-08-11","'3140LTPW8'","MBS","UMBS MORTPASS 2% 06/51","30yr",,,,,"9597558.34",,,,,,""
"2021-08-11","'3140KTGT6'","MBS","UMBS MORTPASS 1.5% 06/36","15yr",,,,,"9594971.68",,,,,,""
"2021-08-11","'3132AD6R4'","MBS","UMBS MORTPASS 3% 03/49","30yr",,,,,"9589478.48",,,,,,""
"2021-08-11","'3133AGCA5'","MBS","UMBS MORTPASS 2.5% 02/51","30yr",,,,,"9578945.54",,,,,,""
"2021-08-11","'3133A8B22'","MBS","UMBS MORTPASS 2.5% 08/50","30yr",,,,,"9573552.29",,,,,,""
"2021-08-11","'3140KLHZ8'","MBS","UMBS MORTPASS 2.5% 10/50","30yr",,,,,"9569712.21",,,,,,""
"2021-08-11","'3140KC5E8'","MBS","UMBS MORTPASS 2% 05/35","15yr",,,,,"9567157.04",,,,,,""
"2021-08-11","'36178NFP9'","MBS","GNMA I MORTPASS 3% 09/42","30yr",,,,,"9556657.64",,,,,,""
"2021-08-11","'3138EGXU3'","MBS","UMBS MORTPASS 5% 07/39","30yr",,,,,"9551308.03",,,,,,"Y"
"2021-08-11","'3133KGGS1'","MBS","UMBS MORTPASS 3.5% 07/49","30yr",,,,,"9551055.04",,,,,,""
"2021-08-11","'3140KAXF8'","MBS","UMBS MORTPASS 2% 05/51","30yr",,,,,"9543983.96",,,,,,""
"2021-08-11","'36179VFQ8'","MBS","GNMA II 3.5% 02/50","30yr",,,,,"9541656.9",,,,,,""
"2021-08-11","'3133ANC51'","MBS","UMBS MORTPASS 2.5% 06/51","30yr",,,,,"9522521.33",,,,,,""
"2021-08-11","'3133A3WR5'","MBS","UMBS 2.5%","30yr",,,,,"9520628.84",,,,,,""
"2021-08-11","'3133L7RX7'","MBS","UMBS MORTPASS 3% 01/28","15yr",,,,,"9514399.83",,,,,,""
"2021-08-11","'3140KAMP8'","MBS","UMBS MORTPASS 2.5% 03/50","30yr",,,,,"9513769.06",,,,,,""
"2021-08-11","'3140LPCZ3'","MBS","UMBS MORTPASS 1.5% 06/36","15yr",,,,,"9510060.39",,,,,,""
"2021-08-11","'3140J7TY1'","MBS","UMBS MORTPASS 3% 01/28","Other",,,,,"9505566.37",,,,,,""
"2021-08-11","'3140HNYG1'","MBS","UMBS MORTPASS 4% 08/48","30yr",,,,,"9498553.88",,,,,,""
"2021-08-11","'3140HEAY8'","MBS","UMBS MORTPASS 4.5% 07/48","30yr",,,,,"9488855.3",,,,,,""
"2021-08-11","'3138LQ3E2'","MBS","UMBS MORTPASS 3% 04/27","15yr",,,,,"9483745.71",,,,,,""
"2021-08-11","'3140KCEG3'","MBS","UMBS MORTPASS 2.5% 04/50","30yr",,,,,"9479152.24",,,,,,""
"2021-08-11","'3140HNR46'","MBS","UMBS MORTPASS 2% 12/35","15yr",,,,,"9460854.23",,,,,,""
"2021-08-11","'3140KNRY6'","MBS","UMBS MORTPASS 2.5% 10/50","30yr",,,,,"9455386.97",,,,,,""
"2021-08-11","'3133G9MC0'","MBS","UMBS MORTPASS 1.5% 08/35","15yr",,,,,"9454138.18",,,,,,""
"2021-08-11","'3140X4Y75'","MBS","UMBS MORTPASS 2.5% 01/30","15yr",,,,,"9444585.44",,,,,,""
"2021-08-11","'31334WHV6'","MBS","UMBS MORTPASS 3% 06/49","30yr",,,,,"9440094.45",,,,,,""
"2021-08-11","'3140K7PD9'","MBS","UMBS MORTPASS 3% 02/50","30yr",,,,,"9439608.81",,,,,,""
"2021-08-11","'3140KAPT7'","MBS","UMBS MORTPASS 3% 03/50","30yr",,,,,"9439316.41",,,,,,""
"2021-08-11","'3132DMJU0'","MBS","UMBS MORTPASS 4.5% 01/44","30yr",,,,,"9438761.03",,,,,,"Y"
"2021-08-11","'3131X7XH6'","MBS","UMBS MORTPASS 2.5% 07/27","15yr",,,,,"9429043.34",,,,,,""
"2021-08-11","'31417HA61'","MBS","UMBS MORTPASS 2% 07/28","15yr",,,,,"9427639.64",,,,,,""
"2021-08-11","'3140JHY23'","MBS","UMBS MORTPASS 4.5% 11/48","30yr",,,,,"9416572.8",,,,,,""
"2021-08-11","'3132D54P4'","MBS","UMBS MORTPASS 2% 12/34","15yr",,,,,"9411238.91",,,,,,""
"2021-08-11","'3133A9MT9'","MBS","UMBS MORTPASS 2.5% 08/50","30yr",,,,,"9406826.77",,,,,,""
"2021-08-11","'3128MMVL4'","MBS","FHLMCGLD 2% 11/31","15yr",,,,,"9401919.05",,,,,,""
"2021-08-11","'3140KPD75'","MBS","UMBS MORTPASS 2.5% 09/50","30yr",,,,,"9387048.34",,,,,,""
"2021-08-11","'36179SQU4'","MBS","GNMA II 2.5% 11/46","30yr",,,,,"9381975.99",,,,,,""
"2021-08-11","'31329PYV9'","MBS","UMBS MORTPASS 4.5% 12/48","30yr",,,,,"9370021.53",,,,,,""
"2021-08-11","'31307WC69'","MBS","FHLMCGLD 3.5% 06/33","15yr",,,,,"9365674.38",,,,,,""
"2021-08-11","'3132L5WN9'","MBS","FHLMCGLD 4% 11/43","30yr",,,,,"9364450.68",,,,,,""
"2021-08-11","'3140QBLU0'","MBS","UMBS MORTPASS 3% 08/49","30yr",,,,,"9364258.47",,,,,,""
"2021-08-11","'3140HFE88'","MBS","UMBS MORTPASS 3.5% 03/48","30yr",,,,,"9358814.92",,,,,,""
"2021-08-11","'3140KAMF0'","MBS","UMBS MORTPASS 3% 03/50","30yr",,,,,"9350605.74",,,,,,""
"2021-08-11","'3138EGW67'","MBS","UMBS MORTPASS 4% 07/29","Other",,,,,"9343719.67",,,,,,"Y"
"2021-08-11","'3133USGM7'","MBS","UMBS MORTPASS 3.5% 02/50","30yr",,,,,"9339378.69",,,,,,""
"2021-08-11","'3138XGTT0'","MBS","UMBS MORTPASS 3% 02/29","15yr",,,,,"9319040.11",,,,,,""
"2021-08-11","'36202FM60'","MBS","GNMA II 3.5% 12/40","30yr",,,,,"9312995.18",,,,,,""
"2021-08-11","'31417EXZ9'","MBS","UMBS MORTPASS 2% 02/28","15yr",,,,,"9312701.56",,,,,,""
"2021-08-11","'31418C5H3'","MBS","UMBS MORTPASS 3% 12/33","15yr",,,,,"9309210.88",,,,,,""
"2021-08-11","'3622A2EQ1'","MBS","GNMA II 3.5% 02/43","30yr",,,,,"9308425.35",,,,,,""
"2021-08-11","'3131X8PC4'","MBS","UMBS MORTPASS 2.5% 01/28","15yr",,,,,"9308164.1",,,,,,""
"2021-08-11","'3131Y9D59'","MBS","UMBS MORTPASS 4% 01/49","30yr",,,,,"9294184.02",,,,,,""
"2021-08-11","'3140KXST4'","MBS","UMBS MORTPASS 2% 12/50","30yr",,,,,"9294123.25",,,,,,""
"2021-08-11","'3133A94X0'","MBS","UMBS MORTPASS 2% 09/50","30yr",,,,,"9289543.84",,,,,,""
"2021-08-11","'3131Y2FS2'","MBS","UMBS MORTPASS 3.5% 07/48","30yr",,,,,"9288563.45",,,,,,""
"2021-08-11","'3140X9YT6'","MBS","UMBS MORTPASS 1.5% 02/51","30yr",,,,,"9286269.49",,,,,,""
"2021-08-11","'31417FUC0'","MBS","UMBS MORTPASS 2% 03/28","15yr",,,,,"9283536.38",,,,,,""
"2021-08-11","'3140LPEG3'","MBS","UMBS MORTPASS 2% 07/51","30yr",,,,,"9282725.84",,,,,,""
"2021-08-11","'31294NU23'","MBS","FHLMCGLD 2% 02/28","15yr",,,,,"9279732.28",,,,,,""
"2021-08-11","'3140HMJ21'","MBS","UMBS MORTPASS 4% 07/48","30yr",,,,,"9279633.89",,,,,,""
"2021-08-11","'3140KNVY1'","MBS","UMBS MORTPASS 2.5% 08/50","30yr",,,,,"9279618.58",,,,,,""
"2021-08-11","'3140KCKM3'","MBS","UMBS MORTPASS 3% 04/50","30yr",,,,,"9278044.64",,,,,,""
"2021-08-11","'31417CWS0'","MBS","UMBS MORTPASS 2.5% 09/27","15yr",,,,,"9273320.1",,,,,,""
"2021-08-11","'3140HDP99'","MBS","UMBS MORTPASS 2.5% 12/49","30yr",,,,,"9266110.78",,,,,,""
"2021-08-11","'3140L05P8'","MBS","UMBS MORTPASS 2% 02/36","15yr",,,,,"9255066.88",,,,,,""
"2021-08-11","'3140K1EE2'","MBS","UMBS MORTPASS 3% 10/49","30yr",,,,,"9254369.8",,,,,,""
"2021-08-11","'3140H1WH9'","MBS","UMBS MORTPASS 3.5% 03/48","30yr",,,,,"9251528.05",,,,,,""
"2021-08-11","'3140KLMZ2'","MBS","UMBS MORTPASS 2.5% 08/50","30yr",,,,,"9249923.95",,,,,,""
"2021-08-11","'3138MF3U9'","MBS","UMBS MORTPASS 3.5% 12/42","30yr",,,,,"9248720.78",,,,,,""
"2021-08-11","'36202FSD9'","MBS","GNMA II MORTPASS 4% 04/41","30yr",,,,,"9248656.3",,,,,,""
"2021-08-11","'31346YXD0'","MBS","UMBS MORTPASS 2.5% 12/49","30yr",,,,,"9245076.62",,,,,,""
"2021-08-11","'3140KXTH9'","MBS","UMBS MORTPASS 2.5% 12/50","30yr",,,,,"9234264.66",,,,,,""
"2021-08-11","'3132XWE31'","MBS","FHLMCGLD 3.5% 01/48","30yr",,,,,"9222009.87",,,,,,""
"2021-08-11","'3140JWRL6'","MBS","UMBS MORTPASS 3.5% 07/49","30yr",,,,,"9221931.93",,,,,,""
"2021-08-11","'36178D2R1'","MBS","GNMA I MORTPASS 3% 03/43","30yr",,,,,"9212180.87",,,,,,""
"2021-08-11","'3140L2CA9'","MBS","UMBS MORTPASS 2.5% 02/51","30yr",,,,,"9208450.62",,,,,,""
"2021-08-11","'3140L5WC6'","MBS","UMBS MORTPASS 2.5% 03/51","30yr",,,,,"9204505.24",,,,,,""
"2021-08-11","'3140L14L6'","MBS","UMBS MORTPASS 2% 02/51","30yr",,,,,"9201597.47",,,,,,""
"2021-08-11","'36179UML3'","MBS","GNMA II MORTPASS 4% 02/49","30yr",,,,,"9189886.97",,,,,,""
"2021-08-11","'3140QCTK2'","MBS","UMBS MORTPASS 3.5% 07/49","30yr",,,,,"9184008.14",,,,,,""
"2021-08-11","'3140KR6Y0'","MBS","UMBS MORTPASS 2% 11/50","30yr",,,,,"9183547.37",,,,,,""
"2021-08-11","'3140JAKW7'","MBS","UMBS MORTPASS 3% 12/29","15yr",,,,,"9178449.72",,,,,,""
"2021-08-11","'3133AGD22'","MBS","UMBS MORTPASS 1.5% 02/51","30yr",,,,,"9177992.48",,,,,,""
"2021-08-11","'36179MSV3'","MBS","GNMA II 2.5% 11/42","30yr",,,,,"9171467.08",,,,,,""
"2021-08-11","'3133A9N43'","MBS","UMBS MORTPASS 2% 09/50","30yr",,,,,"9156875",,,,,,""
"2021-08-11","'3138LUQ65'","MBS","UMBS MORTPASS 3% 05/27","15yr",,,,,"9148001.09",,,,,,""
"2021-08-11","'3133KKD63'","MBS","UMBS MORTPASS 2% 10/50","30yr",,,,,"9146307.79",,,,,,""
"2021-08-11","'3140JVT44'","MBS","UMBS MORTPASS 3% 10/49","30yr",,,,,"9144071.3",,,,,,""
"2021-08-11","'31418BPT7'","MBS","UMBS MORTPASS 2.5% 04/25","Other",,,,,"9140227.43",,,,,,""
"2021-08-11","'3133AEWQ3'","MBS","UMBS MORTPASS 2.5% 01/51","30yr",,,,,"9112330.81",,,,,,""
"2021-08-11","'36179UGB2'","MBS","GNMA II 3.5% 11/48","30yr",,,,,"9111425.95",,,,,,""
"2021-08-11","'3140L5TA4'","MBS","UMBS MORTPASS 2.5% 03/51","30yr",,,,,"9108854.18",,,,,,""
"2021-08-11","'31417BPD3'","MBS","UMBS MORTPASS 3% 04/27","15yr",,,,,"9108284.08",,,,,,""
"2021-08-11","'3138WP6Y5'","MBS","UMBS MORTPASS 3.5% 05/43","30yr",,,,,"9105118.83",,,,,,""
"2021-08-11","'31307BL24'","MBS","FHLMCGLD 2.5% 04/28","15yr",,,,,"9103289.4",,,,,,""
"2021-08-11","'3140H6BQ1'","MBS","UMBS MORTPASS 3.5% 01/48","30yr",,,,,"9093640.5",,,,,,""
"2021-08-11","'3133G8PC9'","MBS","UMBS MORTPASS 2% 05/35","15yr",,,,,"9091582.42",,,,,,""
"2021-08-11","'3138M6AG2'","MBS","UMBS MORTPASS 3.5% 09/42","30yr",,,,,"9089864.36",,,,,,""
"2021-08-11","'3140QF2C2'","MBS","UMBS MORTPASS 2.5% 05/50","30yr",,,,,"9086365.16",,,,,,""
"2021-08-11","'3128M8JK1'","MBS","FHLMCGLD 5.5% 01/39","30yr",,,,,"9078703.17",,,,,,"Y"
"2021-08-11","'31334YLX3'","MBS","UMBS MORTPASS 3.5% 08/49","30yr",,,,,"9077901.16",,,,,,""
"2021-08-11","'3140J6DV6'","MBS","UMBS MORTPASS 3% 06/32","15yr",,,,,"9073266.91",,,,,,""
"2021-08-11","'31334YFE2'","MBS","UMBS MORTPASS 4% 08/49","30yr",,,,,"9071102.92",,,,,,""
"2021-08-11","'3132A5JM8'","MBS","UMBS MORTPASS 3.5% 05/48","30yr",,,,,"9060179.71",,,,,,""
"2021-08-11","'3133KJL26'","MBS","UMBS MORTPASS 2% 07/50","30yr",,,,,"9055124.79",,,,,,""
"2021-08-11","'31417GXE1'","MBS","UMBS MORTPASS 3.5% 06/43","30yr",,,,,"9053528.69",,,,,,""
"2021-08-11","'3133GDMN7'","MBS","UMBS MORTPASS 1.5% 06/36","15yr",,,,,"9034884.47",,,,,,""
"2021-08-11","'3138A9CZ5'","MBS","UMBS MORTPASS 4% 03/41","30yr",,,,,"9032888.93",,,,,,""
"2021-08-11","'3140JJLR8'","MBS","UMBS MORTPASS 4% 11/48","30yr",,,,,"9032559.92",,,,,,""
"2021-08-11","'31339UCM0'","MBS","UMBS MORTPASS 3.5% 10/49","30yr",,,,,"9030622.89",,,,,,""
"2021-08-11","'3140L56Z4'","MBS","UMBS MORTPASS 2.5% 03/51","30yr",,,,,"9030377.87",,,,,,""
"2021-08-11","'3140LQ5L0'","MBS","UMBS MORTPASS 2% 06/51","30yr",,,,,"9027647",,,,,,""
"2021-08-11","'3133GATM8'","MBS","UMBS MORTPASS 1.5% 11/35","15yr",,,,,"9027610.07",,,,,,""
"2021-08-11","'3132J6WU4'","MBS","FHLMCGLD 3% 02/43","30yr",,,,,"9015388.21",,,,,,""
"2021-08-11","'3140L3K75'","MBS","UMBS MORTPASS 2% 04/51","30yr",,,,,"9015387",,,,,,""
"2021-08-11","'3140JVEX6'","MBS","UMBS MORTPASS 4% 08/49","30yr",,,,,"9012974.22",,,,,,""
"2021-08-11","'3140KLT28'","MBS","UMBS MORTPASS 2% 08/50","30yr",,,,,"9000363.2",,,,,,""
"2021-08-11","'3133AMEP7'","MBS","UMBS MORTPASS 2.5% 06/51","30yr",,,,,"9000000.43",,,,,,""
"2021-08-11","'3140JVDH2'","MBS","UMBS MORTPASS 4% 07/49","30yr",,,,,"8991938.16",,,,,,""
"2021-08-11","'3132ACYJ3'","MBS","UMBS MORTPASS 4.5% 10/48","30yr",,,,,"8989391.29",,,,,,""
"2021-08-11","'3138ETQN9'","MBS","UMBS MORTPASS 3% 05/41","30yr",,,,,"8981175.54",,,,,,""
"2021-08-11","'31418CUK8'","MBS","UMBS MORTPASS 2.5% 02/28","Other",,,,,"8980192.59",,,,,,""
"2021-08-11","'31418AXP8'","MBS","UMBS MORTPASS 2% 09/23","Other",,,,,"8975245.97",,,,,,""
"2021-08-11","'3133G8C74'","MBS","UMBS MORTPASS 2.5% 03/35","15yr",,,,,"8972165.92",,,,,,""
"2021-08-11","'3133AEWK6'","MBS","UMBS MORTPASS 1.5% 12/50","30yr",,,,,"8971596.1",,,,,,""
"2021-08-11","'36296WAX4'","MBS","GNMA I MORTPASS 4% 06/39","30yr",,,,,"8964022.54",,,,,,""
"2021-08-11","'3140X84F1'","MBS","UMBS MORTPASS 2.5% 12/50","30yr",,,,,"8953573.27",,,,,,""
"2021-08-11","'3132AD4Q8'","MBS","UMBS MORTPASS 3% 02/34","15yr",,,,,"8951723.05",,,,,,""
"2021-08-11","'3140KVXP0'","MBS","UMBS MORTPASS 2% 01/51","30yr",,,,,"8944355.25",,,,,,""
"2021-08-11","'31417DHD8'","MBS","UMBS MORTPASS 3.5% 10/42","30yr",,,,,"8941082.39",,,,,,""
"2021-08-11","'3140HDXV1'","MBS","UMBS MORTPASS 3% 02/50","30yr",,,,,"8940923.85",,,,,,""
"2021-08-11","'31335CJJ4'","MBS","FHLMCGLD 5.5% 03/40","30yr",,,,,"8938106.01",,,,,,"Y"
"2021-08-11","'3138LQ6Y5'","MBS","UMBS MORTPASS 4% 04/42","30yr",,,,,"8924825.46",,,,,,""
"2021-08-11","'3133AAY71'","MBS","UMBS MORTPASS 2.5% 10/50","30yr",,,,,"8923519.09",,,,,,""
"2021-08-11","'3133KHEH5'","MBS","UMBS MORTPASS 3.5% 12/49","30yr",,,,,"8922622.83",,,,,,""
"2021-08-11","'3138MKSC1'","MBS","UMBS MORTPASS 2.5% 09/28","15yr",,,,,"8918954.21",,,,,,""
"2021-08-11","'31307Q4Z7'","MBS","FHLMCGLD 2.5% 05/31","15yr",,,,,"8906165.17",,,,,,""
"2021-08-11","'31334WML2'","MBS","UMBS MORTPASS 3.5% 06/49","30yr",,,,,"8904984.56",,,,,,""
"2021-08-11","'3140LPA44'","MBS","UMBS MORTPASS 2% 05/51","30yr",,,,,"8892176.61",,,,,,""
"2021-08-11","'3140QCUZ7'","MBS","UMBS MORTPASS 2% 03/33","15yr",,,,,"8885406.34",,,,,,""
"2021-08-11","'3133L77J0'","MBS","UMBS MORTPASS 1.5% 12/35","15yr",,,,,"8878519.95",,,,,,""
"2021-08-11","'3140KBGB4'","MBS","UMBS MORTPASS 3% 03/50","30yr",,,,,"8871035.74",,,,,,""
"2021-08-11","'3140L5C46'","MBS","UMBS MORTPASS 2.5% 04/51","30yr",,,,,"8866671.63",,,,,,""
"2021-08-11","'3140HGAT4'","MBS","UMBS MORTPASS 2% 07/35","15yr",,,,,"8859777.66",,,,,,""
"2021-08-11","'3140X7S83'","MBS","UMBS MORTPASS 2.5% 08/50","30yr",,,,,"8857386.7",,,,,,""
"2021-08-11","'31329QDG3'","MBS","UMBS MORTPASS 4% 03/39","Other",,,,,"8853516.95",,,,,,""
"2021-08-11","'3133A2VR8'","MBS","UMBS MORTPASS 3% 03/50","30yr",,,,,"8852830.27",,,,,,""
"2021-08-11","'31329LCM2'","MBS","UMBS MORTPASS 2.5% 09/27","15yr",,,,,"8851670.41",,,,,,""
"2021-08-11","'3133GCX72'","MBS","UMBS MORTPASS 1.5% 04/36","15yr",,,,,"8846644.54",,,,,,""
"2021-08-11","'3140HB5C8'","MBS","UMBS MORTPASS 2.5% 10/49","30yr",,,,,"8842002.31",,,,,,""
"2021-08-11","'3140QDER1'","MBS","UMBS MORTPASS 3% 09/49","30yr",,,,,"8836467.93",,,,,,""
"2021-08-11","'3133AHCD7'","MBS","UMBS MORTPASS 1.5% 03/51","30yr",,,,,"8833682.61",,,,,,""
"2021-08-11","'3133A2DD9'","MBS","UMBS MORTPASS 3.5% 02/50","30yr",,,,,"8828338.55",,,,,,""
"2021-08-11","'3140X4L46'","MBS","UMBS MORTPASS 4% 12/43","30yr",,,,,"8818346.74",,,,,,""
"2021-08-11","'3140HB3L0'","MBS","UMBS MORTPASS 3% 10/49","30yr",,,,,"8811104.36",,,,,,""
"2021-08-11","'3133D3G33'","MBS","UMBS MORTPASS 3% 03/40","Other",,,,,"8809506.48",,,,,,""
"2021-08-11","'3138WA6A0'","MBS","UMBS MORTPASS 4% 02/44","30yr",,,,,"8809263.67",,,,,,""
"2021-08-11","'31418BQP4'","MBS","UMBS MORTPASS 2.5% 05/25","Other",,,,,"8807571.79",,,,,,""
"2021-08-11","'3133A1EV0'","MBS","UMBS MORTPASS 3% 01/50","30yr",,,,,"8801790.69",,,,,,""
"2021-08-11","'3140L3FG1'","MBS","UMBS MORTPASS 2% 04/51","30yr",,,,,"8800219.06",,,,,,""
"2021-08-11","'3133A9TV7'","MBS","UMBS MORTPASS 2% 08/50","30yr",,,,,"8792847.69",,,,,,""
"2021-08-11","'3133G8LZ2'","MBS","UMBS MORTPASS 2.5% 05/35","15yr",,,,,"8790848",,,,,,""
"2021-08-11","'3140L1UQ6'","MBS","UMBS MORTPASS 2% 03/51","30yr",,,,,"8786530.73",,,,,,""
"2021-08-11","'31418DHX3'","MBS","UMBS MORTPASS 2.5% 11/29","Other",,,,,"8784953.6",,,,,,""
"2021-08-11","'3140L5AH9'","MBS","UMBS MORTPASS 1.5% 04/51","30yr",,,,,"8784802.91",,,,,,""
"2021-08-11","'3133KKVF3'","MBS","UMBS MORTPASS 2% 12/50","30yr",,,,,"8784459.01",,,,,,""
"2021-08-11","'3128MJUZ1'","MBS","FHLMCGLD 3.5% 08/44","30yr",,,,,"8784333.81",,,,,,""
"2021-08-11","'3132WKHN1'","MBS","FHLMCGLD 3% 01/47","30yr",,,,,"8783224.56",,,,,,""
"2021-08-11","'3140KPUY7'","MBS","UMBS MORTPASS 2.5% 11/50","30yr",,,,,"8772590.73",,,,,,""
"2021-08-11","'36179QJR3'","MBS","GNMA II MORTPASS 3% 07/44","30yr",,,,,"8770528.91",,,,,,""
"2021-08-11","'3140QD6N9'","MBS","UMBS MORTPASS 2% 07/50","30yr",,,,,"8770306.67",,,,,,""
"2021-08-11","'31334XEZ8'","MBS","UMBS MORTPASS 4.5% 07/49","30yr",,,,,"8763000.85",,,,,,""
"2021-08-11","'31418CRK2'","MBS","UMBS MORTPASS 2.5% 11/27","Other",,,,,"8762249.87",,,,,,""
"2021-08-11","'3140JWJY7'","MBS","UMBS MORTPASS 3.5% 08/49","30yr",,,,,"8756647.69",,,,,,""
"2021-08-11","'3620AATC2'","MBS","GNMA I MORTPASS 5% 08/39","30yr",,,,,"8751513.87",,,,,,""
"2021-08-11","'31417C7K5'","MBS","UMBS MORTPASS 2.5% 09/42","30yr",,,,,"8750581.43",,,,,,""
"2021-08-11","'3140L33K5'","MBS","UMBS MORTPASS 2% 03/51","30yr",,,,,"8741515.57",,,,,,""
"2021-08-11","'31417DQZ9'","MBS","UMBS MORTPASS 3% 10/42","30yr",,,,,"8737107.36",,,,,,""
"2021-08-11","'3138EPTY0'","MBS","UMBS MORTPASS 2.5% 12/29","15yr",,,,,"8735774.97",,,,,,""
"2021-08-11","'3140HJK42'","MBS","UMBS MORTPASS 4.5% 09/48","30yr",,,,,"8725451.5",,,,,,""
"2021-08-11","'3131Y3GJ9'","MBS","UMBS MORTPASS 3.5% 09/48","30yr",,,,,"8717651.99",,,,,,""
"2021-08-11","'3132A5HP3'","MBS","UMBS MORTPASS 3% 10/47","30yr",,,,,"8716866.01",,,,,,""
"2021-08-11","'3140KKMF8'","MBS","UMBS MORTPASS 2% 07/50","30yr",,,,,"8711927.98",,,,,,""
"2021-08-11","'3133A93Q6'","MBS","UMBS MORTPASS 2% 09/50","30yr",,,,,"8709331.39",,,,,,""
"2021-08-11","'3140X5RJ4'","MBS","UMBS MORTPASS 3% 11/49","30yr",,,,,"8698774.79",,,,,,""
"2021-08-11","'3133A5B93'","MBS","UMBS MORTPASS 2.5% 06/50","30yr",,,,,"8695806.41",,,,,,""
"2021-08-11","'3140KG2N2'","MBS","UMBS MORTPASS 2.5% 06/50","30yr",,,,,"8690726.72",,,,,,""
"2021-08-11","'3132CJAU7'","MBS","UMBS MORTPASS 3% 07/28","Other",,,,,"8685883.11",,,,,,""
"2021-08-11","'3131X8CF1'","MBS","UMBS MORTPASS 2.5% 10/27","15yr",,,,,"8680241.68",,,,,,""
"2021-08-11","'3140L7CF7'","MBS","UMBS MORTPASS 2.5% 04/51","30yr",,,,,"8677326.33",,,,,,""
"2021-08-11","'3140KCHM7'","MBS","UMBS MORTPASS 2.5% 05/35","15yr",,,,,"8672603.39",,,,,,""
"2021-08-11","'31418C4A9'","MBS","UMBS MORTPASS 3% 11/33","15yr",,,,,"8665690.83",,,,,,""
"2021-08-11","'3140KMYG9'","MBS","UMBS MORTPASS 2.5% 09/50","30yr",,,,,"8656984.3",,,,,,""
"2021-08-11","'3138E2QU2'","MBS","UMBS MORTPASS 4% 01/42","30yr",,,,,"8655722.44",,,,,,""
"2021-08-11","'3133AMVQ6'","MBS","UMBS MORTPASS 2% 06/51","30yr",,,,,"8655430.35",,,,,,""
"2021-08-11","'3140KY5Q3'","MBS","UMBS MORTPASS 2% 03/36","15yr",,,,,"8651585.37",,,,,,""
"2021-08-11","'3138MFFN2'","MBS","UMBS MORTPASS 3.5% 11/42","30yr",,,,,"8645755.8",,,,,,""
"2021-08-11","'3133A3AT5'","MBS","UMBS MORTPASS 3% 03/50","30yr",,,,,"8642818.73",,,,,,""
"2021-08-11","'3140X6CM1'","MBS","UMBS MORTPASS 2.5% 03/50","30yr",,,,,"8641100.72",,,,,,""
"2021-08-11","'3133A2RX0'","MBS","UMBS MORTPASS 3% 03/50","30yr",,,,,"8633112.26",,,,,,""
"2021-08-11","'3140L4QL6'","MBS","UMBS MORTPASS 2% 02/51","30yr",,,,,"8628594.09",,,,,,""
"2021-08-11","'3622A2EH1'","MBS","GNMA II 3.5% 10/42","30yr",,,,,"8623144.51",,,,,,""
"2021-08-11","'36179NDT2'","MBS","GNMA II 4.5% 05/43","30yr",,,,,"8622459.63",,,,,,""
"2021-08-11","'3138M0GK0'","MBS","UMBS MORTPASS 3.5% 08/42","30yr",,,,,"8614573.9",,,,,,""
"2021-08-11","'3133A83Y1'","MBS","UMBS MORTPASS 2% 08/50","30yr",,,,,"8613377.41",,,,,,""
"2021-08-11","'3133KJL83'","MBS","UMBS MORTPASS 2% 07/50","30yr",,,,,"8601636.04",,,,,,""
"2021-08-11","'3140KMMT4'","MBS","UMBS MORTPASS 2.5% 09/50","30yr",,,,,"8592475.37",,,,,,""
"2021-08-11","'36179MQR4'","MBS","GNMA II 4.5% 10/42","30yr",,,,,"8589884.65",,,,,,""
"2021-08-11","'3131Y2LN6'","MBS","UMBS MORTPASS 4% 08/48","30yr",,,,,"8587705.55",,,,,,""
"2021-08-11","'3133AEBX1'","MBS","UMBS MORTPASS 2% 01/51","30yr",,,,,"8572793.11",,,,,,""
"2021-08-11","'3131Y04D1'","MBS","UMBS MORTPASS 4% 04/48","30yr",,,,,"8570035.87",,,,,,""
"2021-08-11","'3128MC2V6'","MBS","FHLMCGLD 4.5% 02/25","15yr",,,,,"8569601.51",,,,,,"Y"
"2021-08-11","'31334WZK0'","MBS","UMBS MORTPASS 3% 12/47","30yr",,,,,"8563551.43",,,,,,""
"2021-08-11","'3140LNLF2'","MBS","UMBS MORTPASS 2% 05/51","30yr",,,,,"8562085.73",,,,,,""
"2021-08-11","'36179N2L1'","MBS","GNMA II 4.5% 02/44","30yr",,,,,"8560269.73",,,,,,""
"2021-08-11","'3140L6M68'","MBS","UMBS MORTPASS 1.5% 03/51","30yr",,,,,"8542791.05",,,,,,""
"2021-08-11","'3140QBQ50'","MBS","UMBS MORTPASS 3.5% 09/49","30yr",,,,,"8526822.78",,,,,,""
"2021-08-11","'3140XAJJ2'","MBS","UMBS MORTPASS 2.5% 03/51","30yr",,,,,"8522694.22",,,,,,""
"2021-08-11","'3133ABQY9'","MBS","UMBS MORTPASS 2% 11/50","30yr",,,,,"8511193.73",,,,,,""
"2021-08-11","'3140HJG54'","MBS","UMBS MORTPASS 4% 09/48","30yr",,,,,"8510759.65",,,,,,""
"2021-08-11","'3140LNU54'","MBS","UMBS MORTPASS 2.5% 06/51","30yr",,,,,"8510011.86",,,,,,""
"2021-08-11","'3133ALGR3'","MBS","UMBS MORTPASS 2% 05/51","30yr",,,,,"8499373.49",,,,,,""
"2021-08-11","'3140JVR79'","MBS","UMBS MORTPASS 3% 09/49","30yr",,,,,"8499306.97",,,,,,""
"2021-08-11","'3140L7CQ3'","MBS","UMBS MORTPASS 2.5% 05/51","30yr",,,,,"8491182.51",,,,,,""
"2021-08-11","'31418DMB5'","MBS","UMBS MORTPASS 2.5% 03/30","Other",,,,,"8486275.82",,,,,,""
"2021-08-11","'3140H8FN0'","MBS","UMBS MORTPASS 4% 01/48","30yr",,,,,"8480135.81",,,,,,""
"2021-08-11","'3140QA4B3'","MBS","UMBS MORTPASS 4.5% 05/49","30yr",,,,,"8477985.47",,,,,,""
"2021-08-11","'3132KFAA0'","MBS","FHLMCGLD 2.5% 09/30","15yr",,,,,"8469226.81",,,,,,""
"2021-08-11","'3140HNZW5'","MBS","UMBS MORTPASS 4% 09/48","30yr",,,,,"8464629.35",,,,,,""
"2021-08-11","'3140K1F43'","MBS","UMBS MORTPASS 3% 09/49","30yr",,,,,"8464427.72",,,,,,""
"2021-08-11","'31334X3Q0'","MBS","UMBS MORTPASS 3% 08/49","30yr",,,,,"8457350.6",,,,,,""
"2021-08-11","'3140X76N4'","MBS","UMBS MORTPASS 2% 10/50","30yr",,,,,"8455518.77",,,,,,""
"2021-08-11","'3140K9H85'","MBS","UMBS MORTPASS 3% 03/50","30yr",,,,,"8448969.38",,,,,,""
"2021-08-11","'3140KRSJ9'","MBS","UMBS MORTPASS 2% 10/50","30yr",,,,,"8448851.26",,,,,,""
"2021-08-11","'3140KY3B8'","MBS","UMBS MORTPASS 1.5% 01/51","30yr",,,,,"8446552.9",,,,,,""
"2021-08-11","'3133AFUC3'","MBS","UMBS MORTPASS 2% 02/51","30yr",,,,,"8436352.85",,,,,,""
"2021-08-11","'3140LNL96'","MBS","UMBS MORTPASS 2% 05/51","30yr",,,,,"8430291.98",,,,,,""
"2021-08-11","'3140KRV55'","MBS","UMBS MORTPASS 2.5% 10/50","30yr",,,,,"8430038.8",,,,,,""
"2021-08-11","'3138WFSB3'","MBS","UMBS MORTPASS 2% 09/30","15yr",,,,,"8426246.85",,,,,,""
"2021-08-11","'3140KSA64'","MBS","UMBS MORTPASS 2% 11/35","15yr",,,,,"8421241.36",,,,,,""
"2021-08-11","'3131YDH64'","MBS","UMBS MORTPASS 4% 03/49","30yr",,,,,"8406451.78",,,,,,""
"2021-08-11","'3133ABSB7'","MBS","UMBS MORTPASS 1.5% 11/50","30yr",,,,,"8404860.55",,,,,,""
"2021-08-11","'3133KGX78'","MBS","UMBS MORTPASS 3.5% 08/49","30yr",,,,,"8403404.56",,,,,,""
"2021-08-11","'3140KYAH7'","MBS","UMBS MORTPASS 2.5% 04/51","30yr",,,,,"8400446.48",,,,,,""
"2021-08-11","'3133GC4Y5'","MBS","UMBS MORTPASS 1.5% 05/36","15yr",,,,,"8396253.38",,,,,,""
"2021-08-11","'3133A8S81'","MBS","UMBS MORTPASS 2.5% 08/50","30yr",,,,,"8393868.93",,,,,,""
"2021-08-11","'3140KYRU0'","MBS","UMBS MORTPASS 2.5% 03/51","30yr",,,,,"8391455.08",,,,,,""
"2021-08-11","'3133GDA26'","MBS","UMBS MORTPASS 1.5% 05/36","15yr",,,,,"8386304.51",,,,,,""
"2021-08-11","'3140JLNN0'","MBS","UMBS MORTPASS 4% 12/48","30yr",,,,,"8384651.81",,,,,,""
"2021-08-11","'3128MCZG3'","MBS","FHLMCGLD 4% 12/24","15yr",,,,,"8381139.47",,,,,,"Y"
"2021-08-11","'3140JL2V5'","MBS","UMBS MORTPASS 3% 03/49","30yr",,,,,"8374904.8",,,,,,""
"2021-08-11","'3140JQQ71'","MBS","UMBS MORTPASS 4% 08/49","30yr",,,,,"8373471.8",,,,,,""
"2021-08-11","'36202F2N5'","MBS","GNMA II 4.5% 01/42","30yr",,,,,"8370546.39",,,,,,""
"2021-08-11","'3132A8S83'","MBS","UMBS MORTPASS 2.5% 01/29","15yr",,,,,"8366635.7",,,,,,""
"2021-08-11","'3140K7N33'","MBS","UMBS MORTPASS 3% 03/50","30yr",,,,,"8357030.96",,,,,,""
"2021-08-11","'3131YA6M7'","MBS","UMBS MORTPASS 3.5% 12/48","30yr",,,,,"8354899.73",,,,,,""
"2021-08-11","'3132ACLL2'","MBS","UMBS MORTPASS 3.5% 06/48","30yr",,,,,"8351628.35",,,,,,""
"2021-08-11","'3133A45E2'","MBS","UMBS MORTPASS 2.5% 05/50","30yr",,,,,"8346940.51",,,,,,""
"2021-08-11","'3140J9SF9'","MBS","UMBS MORTPASS 3% 03/30","15yr",,,,,"8328201.65",,,,,,""
"2021-08-11","'3133LPS40'","MBS","UMBS MORTPASS 2% 10/30","Other",,,,,"8326819.32",,,,,,""
"2021-08-11","'3140L6JM7'","MBS","UMBS MORTPASS 1.5% 05/36","15yr",,,,,"8322205.8",,,,,,""
"2021-08-11","'31307UEK0'","MBS","FHLMCGLD 3% 07/32","15yr",,,,,"8317889.44",,,,,,""
"2021-08-11","'31329LE73'","MBS","UMBS MORTPASS 2.5% 12/27","15yr",,,,,"8314623.31",,,,,,""
"2021-08-11","'3140JVT69'","MBS","UMBS MORTPASS 3% 10/49","30yr",,,,,"8308428.92",,,,,,""
"2021-08-11","'3133A3UA4'","MBS","UMBS MORTPASS 2.5% 04/50","30yr",,,,,"8288700.59",,,,,,""
"2021-08-11","'3140L53L8'","MBS","UMBS MORTPASS 1.5% 04/36","15yr",,,,,"8285341.07",,,,,,""
"2021-08-11","'3140QKJQ2'","MBS","UMBS MORTPASS 2% 04/51","30yr",,,,,"8285284",,,,,,""
"2021-08-11","'3133A1F49'","MBS","UMBS MORTPASS 2.5% 01/50","30yr",,,,,"8283613.56",,,,,,""
"2021-08-11","'3132A7H38'","MBS","UMBS MORTPASS 3% 02/27","15yr",,,,,"8280242.94",,,,,,""
"2021-08-11","'3133A1HJ4'","MBS","UMBS MORTPASS 3% 01/50","30yr",,,,,"8264493.47",,,,,,""
"2021-08-11","'3138WTGG5'","MBS","UMBS MORTPASS 3% 04/43","30yr",,,,,"8256611",,,,,,""
"2021-08-11","'3128MMXE8'","MBS","FHLMCGLD 2.5% 02/33","15yr",,,,,"8253127.97",,,,,,""
"2021-08-11","'3133A1GG1'","MBS","UMBS MORTPASS 3% 01/50","30yr",,,,,"8252481.67",,,,,,""
"2021-08-11","'3138EPK45'","MBS","UMBS MORTPASS 2.5% 05/28","15yr",,,,,"8244709.51",,,,,,""
"2021-08-11","'3132A9TS6'","MBS","UMBS MORTPASS 2.5% 07/32","15yr",,,,,"8244037.1",,,,,,""
"2021-08-11","'31307VYC4'","MBS","FHLMCGLD 3% 04/33","15yr",,,,,"8238157.3",,,,,,""
"2021-08-11","'3140JLZX5'","MBS","UMBS MORTPASS 4% 02/49","30yr",,,,,"8235010.75",,,,,,""
"2021-08-11","'3140KPDX8'","MBS","UMBS MORTPASS 2.5% 09/50","30yr",,,,,"8231540.52",,,,,,""
"2021-08-11","'3133A3G28'","MBS","UMBS MORTPASS 2.5% 03/50","30yr",,,,,"8230681.3",,,,,,""
"2021-08-11","'3140HNKS0'","MBS","UMBS MORTPASS 2% 01/51","30yr",,,,,"8227664.76",,,,,,""
"2021-08-11","'31334WB67'","MBS","UMBS MORTPASS 3.5% 06/49","30yr",,,,,"8208458.38",,,,,,""
"2021-08-11","'3133AGK57'","MBS","UMBS MORTPASS 1.5% 02/51","30yr",,,,,"8206968.08",,,,,,""
"2021-08-11","'3132A9M61'","MBS","UMBS MORTPASS 2% 02/28","15yr",,,,,"8203822.23",,,,,,""
"2021-08-11","'3140KDFG0'","MBS","UMBS MORTPASS 2% 06/50","30yr",,,,,"8202848.38",,,,,,""
"2021-08-11","'3140LRBP2'","MBS","UMBS MORTPASS 1.5% 07/36","15yr",,,,,"8192320",,,,,,""
"2021-08-11","'3140K5AV9'","MBS","UMBS MORTPASS 3% 02/50","30yr",,,,,"8187440.14",,,,,,""
"2021-08-11","'3133KJLA8'","MBS","UMBS MORTPASS 2.5% 07/50","30yr",,,,,"8185438.49",,,,,,""
"2021-08-11","'31334Y6Z5'","MBS","UMBS MORTPASS 3% 09/49","30yr",,,,,"8177408.12",,,,,,""
"2021-08-11","'36179QT35'","MBS","GNMA II MORTPASS 3% 11/44","30yr",,,,,"8171121.61",,,,,,""
"2021-08-11","'3133AKQP8'","MBS","UMBS MORTPASS 2.5% 05/51","30yr",,,,,"8168901.5",,,,,,""
"2021-08-11","'36179MX54'","MBS","GNMA II MORTPASS 4% 01/43","30yr",,,,,"8164564.71",,,,,,""
"2021-08-11","'3133A8AC1'","MBS","UMBS MORTPASS 2.5% 08/50","30yr",,,,,"8154428.24",,,,,,""
"2021-08-11","'3140X9X59'","MBS","UMBS MORTPASS 2% 02/51","30yr",,,,,"8151999.84",,,,,,""
"2021-08-11","'3140GXFK2'","MBS","UMBS MORTPASS 3.5% 09/47","30yr",,,,,"8150112.59",,,,,,""
"2021-08-11","'31417DN41'","MBS","UMBS MORTPASS 3.5% 10/42","30yr",,,,,"8147140.14",,,,,,""
"2021-08-11","'31334W2K6'","MBS","UMBS MORTPASS 3.5% 07/49","30yr",,,,,"8136380.05",,,,,,""
"2021-08-11","'3131XYQH5'","MBS","UMBS MORTPASS 3.5% 11/47","30yr",,,,,"8134137.6",,,,,,""
"2021-08-11","'3140L8G53'","MBS","UMBS MORTPASS 2% 05/51","30yr",,,,,"8128367.75",,,,,,""
"2021-08-11","'3133AFXF3'","MBS","UMBS MORTPASS 1.5% 02/51","30yr",,,,,"8127551.83",,,,,,""
"2021-08-11","'3133G94E6'","MBS","UMBS MORTPASS 2% 09/35","15yr",,,,,"8124775.3",,,,,,""
"2021-08-11","'3140JWB33'","MBS","UMBS MORTPASS 4.5% 08/49","30yr",,,,,"8115985.62",,,,,,""
"2021-08-11","'3133A1RB0'","MBS","UMBS MORTPASS 3.5% 01/50","30yr",,,,,"8101785.15",,,,,,""
"2021-08-11","'3140LQ5K2'","MBS","UMBS MORTPASS 2% 06/51","30yr",,,,,"8100555.25",,,,,,""
"2021-08-11","'3140X4XB7'","MBS","UMBS MORTPASS 4% 09/49","30yr",,,,,"8099921.81",,,,,,""
"2021-08-11","'31329Q2M2'","MBS","UMBS MORTPASS 3% 06/39","Other",,,,,"8084909.44",,,,,,""
"2021-08-11","'3133ADUC8'","MBS","UMBS MORTPASS 2% 12/50","30yr",,,,,"8084825.65",,,,,,""
"2021-08-11","'3140L34L2'","MBS","UMBS MORTPASS 2% 03/51","30yr",,,,,"8084622.95",,,,,,""
"2021-08-11","'3133ACQ27'","MBS","UMBS MORTPASS 2.5% 11/50","30yr",,,,,"8072889.37",,,,,,""
"2021-08-11","'3128MJ2V1'","MBS","FHLMCGLD 3% 11/47","30yr",,,,,"8072645.35",,,,,,""
"2021-08-11","'31418AV54'","MBS","UMBS MORTPASS 2% 08/23","Other",,,,,"8062522.84",,,,,,""
"2021-08-11","'3133GAXR2'","MBS","UMBS MORTPASS 1.5% 11/35","15yr",,,,,"8057180.94",,,,,,""
"2021-08-11","'3133AD2Y1'","MBS","UMBS MORTPASS 2% 01/51","30yr",,,,,"8050522.1",,,,,,""
"2021-08-11","'31417DZE6'","MBS","UMBS MORTPASS 2.5% 11/27","15yr",,,,,"8047737.59",,,,,,""
"2021-08-11","'3140K3PR7'","MBS","UMBS MORTPASS 3% 03/50","30yr",,,,,"8034201.54",,,,,,""
"2021-08-11","'3140K2NR1'","MBS","UMBS MORTPASS 2% 04/51","30yr",,,,,"8033843.77",,,,,,""
"2021-08-11","'3138WJZD3'","MBS","UMBS MORTPASS 2.5% 02/27","Other",,,,,"8031713.99",,,,,,""
"2021-08-11","'3140QHEU5'","MBS","UMBS MORTPASS 2% 02/36","15yr",,,,,"8030713.43",,,,,,""
"2021-08-11","'31307ASB9'","MBS","FHLMCGLD 2.5% 02/28","15yr",,,,,"8029070.99",,,,,,""
"2021-08-11","'31418BXS0'","MBS","UMBS MORTPASS 3% 12/25","Other",,,,,"8025735.94",,,,,,""
"2021-08-11","'3140L5AQ9'","MBS","UMBS MORTPASS 1.5% 04/51","30yr",,,,,"8017730.34",,,,,,""
"2021-08-11","'3140KRHM4'","MBS","UMBS MORTPASS 2% 10/50","30yr",,,,,"8015528.86",,,,,,""
"2021-08-11","'3131YCV94'","MBS","UMBS MORTPASS 3.5% 05/49","30yr",,,,,"8014982.55",,,,,,""
"2021-08-11","'31334YQZ3'","MBS","UMBS MORTPASS 3.5% 09/49","30yr",,,,,"8014702.68",,,,,,""
"2021-08-11","'3140H8CE3'","MBS","UMBS MORTPASS 4% 02/48","30yr",,,,,"8012848.56",,,,,,""
"2021-08-11","'31418CXV1'","MBS","UMBS MORTPASS 3% 06/33","15yr",,,,,"8007966.61",,,,,,""
"2021-08-11","'3133G8RX1'","MBS","UMBS MORTPASS 2% 05/35","15yr",,,,,"7999340.28",,,,,,""
"2021-08-11","'3140JVSM5'","MBS","UMBS MORTPASS 3.5% 09/49","30yr",,,,,"7995730.08",,,,,,""
"2021-08-11","'3133AGYJ2'","MBS","UMBS MORTPASS 1.5% 03/51","30yr",,,,,"7991619.55",,,,,,""
"2021-08-11","'3140HBJA7'","MBS","UMBS MORTPASS 4% 06/48","30yr",,,,,"7987250.34",,,,,,""
"2021-08-11","'3133KMBY0'","MBS","UMBS MORTPASS 2.5% 03/51","30yr",,,,,"7981169.11",,,,,,""
"2021-08-11","'3133KGZQ4'","MBS","UMBS MORTPASS 3% 01/49","30yr",,,,,"7978157.84",,,,,,""
"2021-08-11","'3132L5UR2'","MBS","FHLMCGLD 4% 11/43","30yr",,,,,"7977518.22",,,,,,""
"2021-08-11","'3140KRSY6'","MBS","UMBS MORTPASS 2% 11/50","30yr",,,,,"7975819.63",,,,,,""
"2021-08-11","'3133A3K98'","MBS","UMBS MORTPASS 2.5% 04/50","30yr",,,,,"7974560.79",,,,,,""
"2021-08-11","'3140L4MQ9'","MBS","UMBS MORTPASS 2.5% 05/51","30yr",,,,,"7971750.4",,,,,,""
"2021-08-11","'3133L8A62'","MBS","UMBS MORTPASS 2% 01/36","15yr",,,,,"7970229.99",,,,,,""
"2021-08-11","'3140J8YB3'","MBS","UMBS MORTPASS 3% 10/26","15yr",,,,,"7963994.91",,,,,,""
"2021-08-11","'3140KVPG9'","MBS","UMBS MORTPASS 2% 01/51","30yr",,,,,"7963942.49",,,,,,""
"2021-08-11","'3138WAGV3'","MBS","UMBS MORTPASS 4% 11/43","30yr",,,,,"7962525.55",,,,,,""
"2021-08-11","'3133ALCL0'","MBS","UMBS MORTPASS 2.5% 05/51","30yr",,,,,"7960553.03",,,,,,""
"2021-08-11","'3140X4TX4'","MBS","UMBS MORTPASS 3% 05/30","15yr",,,,,"7956271.23",,,,,,""
"2021-08-11","'3140QKAU2'","MBS","UMBS MORTPASS 2% 04/51","30yr",,,,,"7955661.15",,,,,,""
"2021-08-11","'3138WHJM5'","MBS","UMBS MORTPASS 2.5% 07/31","15yr",,,,,"7949521.29",,,,,,""
"2021-08-11","'3133ABFG0'","MBS","UMBS MORTPASS 2.5% 10/50","30yr",,,,,"7948088.62",,,,,,""
"2021-08-11","'3140KES41'","MBS","UMBS MORTPASS 2% 05/35","15yr",,,,,"7945575.36",,,,,,""
"2021-08-11","'3140X4W51'","MBS","UMBS MORTPASS 3.5% 08/49","30yr",,,,,"7938230.77",,,,,,""
"2021-08-11","'3133A7AQ2'","MBS","UMBS MORTPASS 2.5% 07/50","30yr",,,,,"7936158.16",,,,,,""
"2021-08-11","'3140Q9T94'","MBS","UMBS MORTPASS 4% 09/48","30yr",,,,,"7929441.24",,,,,,""
"2021-08-11","'3140KVY79'","MBS","UMBS MORTPASS 2% 01/36","15yr",,,,,"7925881.58",,,,,,""
"2021-08-11","'3140QA6X3'","MBS","UMBS MORTPASS 3% 06/34","15yr",,,,,"7924300.77",,,,,,""
"2021-08-11","'3133D3F91'","MBS","UMBS MORTPASS 3% 03/40","Other",,,,,"7923774.65",,,,,,""
"2021-08-11","'3133A8RG4'","MBS","UMBS MORTPASS 2% 09/50","30yr",,,,,"7922712.74",,,,,,""
"2021-08-11","'3140QCLB0'","MBS","UMBS MORTPASS 4% 05/49","30yr",,,,,"7921837.68",,,,,,""
"2021-08-11","'3140KCPF3'","MBS","UMBS MORTPASS 2.5% 04/35","15yr",,,,,"7920104.3",,,,,,""
"2021-08-11","'3140KQAT8'","MBS","UMBS MORTPASS 2.5% 02/51","30yr",,,,,"7919298.99",,,,,,""
"2021-08-11","'31368HM42'","MBS","UMBS MORTPASS 5.5% 05/37","30yr",,,,,"7913364.91",,,,,,""
"2021-08-11","'3140HFK40'","MBS","UMBS MORTPASS 2.5% 02/30","Other",,,,,"7913031.61",,,,,,""
"2021-08-11","'3140LTP57'","MBS","UMBS MORTPASS 2% 06/51","30yr",,,,,"7909058.98",,,,,,""
"2021-08-11","'31346Y3D3'","MBS","UMBS MORTPASS 3% 12/49","30yr",,,,,"7904927.71",,,,,,""
"2021-08-11","'31418CDX9'","MBS","UMBS MORTPASS 2.5% 11/36","Other",,,,,"7894955.42",,,,,,""
"2021-08-11","'3140HNS52'","MBS","UMBS MORTPASS 2% 12/50","30yr",,,,,"7893856.56",,,,,,""
"2021-08-11","'3133AGAZ2'","MBS","UMBS MORTPASS 1.5% 02/51","30yr",,,,,"7893395.06",,,,,,""
"2021-08-11","'3140X6BS9'","MBS","UMBS MORTPASS 3% 02/50","30yr",,,,,"7891617.11",,,,,,""
"2021-08-11","'3140KEK72'","MBS","UMBS MORTPASS 1.5% 08/50","30yr",,,,,"7889079.44",,,,,,""
"2021-08-11","'3140X94G7'","MBS","UMBS MORTPASS 1.5% 02/36","15yr",,,,,"7886218.05",,,,,,""
"2021-08-11","'31307TD57'","MBS","FHLMCGLD 2.5% 02/32","15yr",,,,,"7883440.65",,,,,,""
"2021-08-11","'31418CP57'","MBS","UMBS MORTPASS 3% 09/47","30yr",,,,,"7881905.45",,,,,,""
"2021-08-11","'3140L7G48'","MBS","UMBS MORTPASS 2% 05/51","30yr",,,,,"7881771.27",,,,,,""
"2021-08-11","'31339UJN1'","MBS","UMBS MORTPASS 3.5% 10/49","30yr",,,,,"7880885.33",,,,,,""
"2021-08-11","'3133GDAZ3'","MBS","UMBS MORTPASS 1.5% 05/36","15yr",,,,,"7878926.91",,,,,,""
"2021-08-11","'31334WDM0'","MBS","UMBS MORTPASS 3.5% 06/49","30yr",,,,,"7877127.45",,,,,,""
"2021-08-11","'3132A8CS6'","MBS","UMBS MORTPASS 2.5% 08/28","15yr",,,,,"7872884.49",,,,,,""
"2021-08-11","'3140KDPW4'","MBS","UMBS MORTPASS 3% 05/50","30yr",,,,,"7872165.07",,,,,,""
"2021-08-11","'31418C5U4'","MBS","UMBS MORTPASS 3% 01/34","15yr",,,,,"7869351.03",,,,,,""
"2021-08-11","'3140F9UP8'","MBS","UMBS MORTPASS 2.5% 12/31","15yr",,,,,"7866225.92",,,,,,""
"2021-08-11","'31346YPY3'","MBS","UMBS MORTPASS 2.5% 11/49","30yr",,,,,"7863627.99",,,,,,""
"2021-08-11","'3140QGAJ6'","MBS","UMBS MORTPASS 2% 12/50","30yr",,,,,"7858837.79",,,,,,""
"2021-08-11","'3133GDFB1'","MBS","UMBS MORTPASS 1.5% 06/36","15yr",,,,,"7858737.31",,,,,,""
"2021-08-11","'3140KMTL4'","MBS","UMBS MORTPASS 2.5% 09/50","30yr",,,,,"7850412.09",,,,,,""
"2021-08-11","'3131X72F4'","MBS","UMBS MORTPASS 2.5% 08/27","15yr",,,,,"7850277.01",,,,,,""
"2021-08-11","'3133AASK9'","MBS","UMBS MORTPASS 2% 10/50","30yr",,,,,"7843092.82",,,,,,""
"2021-08-11","'3140KKSY1'","MBS","UMBS MORTPASS 2.5% 09/50","30yr",,,,,"7842354.67",,,,,,""
"2021-08-11","'3132L5CG6'","MBS","FHLMCGLD 3.5% 05/43","30yr",,,,,"7831077.2",,,,,,""
"2021-08-11","'3138WWKH1'","MBS","UMBS MORTPASS 3.5% 06/43","30yr",,,,,"7828859.12",,,,,,""
"2021-08-11","'3133GCB50'","MBS","UMBS MORTPASS 1.5% 03/36","15yr",,,,,"7826205.09",,,,,,""
"2021-08-11","'3140HAYY0'","MBS","UMBS MORTPASS 3.5% 06/48","30yr",,,,,"7823385.56",,,,,,""
"2021-08-11","'3140K5ZS9'","MBS","UMBS MORTPASS 3% 02/50","30yr",,,,,"7815098",,,,,,""
"2021-08-11","'3140LPEH1'","MBS","UMBS MORTPASS 2.5% 07/51","30yr",,,,,"7804062.43",,,,,,""
"2021-08-11","'36202FV94'","MBS","GNMA II 4.5% 08/41","30yr",,,,,"7801710.17",,,,,,""
"2021-08-11","'31307VTF3'","MBS","FHLMCGLD 3% 03/33","15yr",,,,,"7800761.17",,,,,,""
"2021-08-11","'3132CWRU0'","MBS","UMBS MORTPASS 1.5% 02/36","15yr",,,,,"7790788.48",,,,,,""
"2021-08-11","'31329MMA5'","MBS","UMBS MORTPASS 3% 03/33","15yr",,,,,"7788750.79",,,,,,""
"2021-08-11","'3133G83Q2'","MBS","UMBS MORTPASS 2% 06/35","15yr",,,,,"7785925.12",,,,,,""
"2021-08-11","'3140L8HZ6'","MBS","UMBS MORTPASS 1.5% 05/36","15yr",,,,,"7773915.93",,,,,,""
"2021-08-11","'3140KYRX4'","MBS","UMBS MORTPASS 2% 03/51","30yr",,,,,"7767860.31",,,,,,""
"2021-08-11","'3140LNCW5'","MBS","UMBS MORTPASS 2% 05/46","30yr",,,,,"7767348.79",,,,,,""
"2021-08-11","'3140L8E22'","MBS","UMBS MORTPASS 2% 05/51","30yr",,,,,"7764599.9",,,,,,""
"2021-08-11","'3140GVTP0'","MBS","UMBS MORTPASS 3.5% 08/47","30yr",,,,,"7762185.58",,,,,,""
"2021-08-11","'31419HCG5'","MBS","UMBS MORTPASS 4% 12/40","30yr",,,,,"7760383.7",,,,,,""
"2021-08-11","'3138XGUT8'","MBS","UMBS MORTPASS 4% 03/44","30yr",,,,,"7743207.98",,,,,,""
"2021-08-11","'31418CSK1'","MBS","UMBS MORTPASS 3% 12/27","Other",,,,,"7742664.32",,,,,,""
"2021-08-11","'3140K3NS7'","MBS","UMBS MORTPASS 3% 02/50","30yr",,,,,"7741249.46",,,,,,""
"2021-08-11","'3133ACWT1'","MBS","UMBS MORTPASS 2% 12/50","30yr",,,,,"7738565.51",,,,,,""
"2021-08-11","'31307UX78'","MBS","FHLMCGLD 2.5% 11/32","15yr",,,,,"7737670.02",,,,,,""
"2021-08-11","'3140JVC34'","MBS","UMBS MORTPASS 4% 07/49","30yr",,,,,"7734790.65",,,,,,""
"2021-08-11","'3140L24Z3'","MBS","UMBS MORTPASS 2% 03/36","15yr",,,,,"7724974.36",,,,,,""
"2021-08-11","'3140KCSV5'","MBS","UMBS MORTPASS 2.5% 05/50","30yr",,,,,"7723197.63",,,,,,""
"2021-08-11","'3138EGNU4'","MBS","UMBS MORTPASS 5% 04/40","30yr",,,,,"7716347.61",,,,,,"Y"
"2021-08-11","'3133ADYN0'","MBS","UMBS MORTPASS 2% 12/50","30yr",,,,,"7702052.43",,,,,,""
"2021-08-11","'3140GTQK9'","MBS","UMBS MORTPASS 3.5% 07/47","30yr",,,,,"7695318.05",,,,,,""
"2021-08-11","'3140JY3G9'","MBS","UMBS MORTPASS 2.5% 04/50","30yr",,,,,"7687256.16",,,,,,""
"2021-08-11","'3138ELH30'","MBS","UMBS MORTPASS 3% 06/28","15yr",,,,,"7686483.05",,,,,,""
"2021-08-11","'3140JNW71'","MBS","UMBS MORTPASS 4% 05/49","30yr",,,,,"7685094.32",,,,,,""
"2021-08-11","'3133GACV6'","MBS","UMBS MORTPASS 2% 10/35","15yr",,,,,"7682443.53",,,,,,""
"2021-08-11","'3140K8QE4'","MBS","UMBS MORTPASS 3% 03/50","30yr",,,,,"7681649.68",,,,,,""
"2021-08-11","'3140L4NC9'","MBS","UMBS MORTPASS 1.5% 07/36","15yr",,,,,"7680471",,,,,,""
"2021-08-11","'3138ELA37'","MBS","UMBS MORTPASS 3% 04/28","15yr",,,,,"7678875.54",,,,,,""
"2021-08-11","'3133AJ4C4'","MBS","UMBS MORTPASS 2.5% 04/51","30yr",,,,,"7668492.27",,,,,,""
"2021-08-11","'3140F9GD1'","MBS","UMBS MORTPASS 2.5% 08/31","15yr",,,,,"7667028.49",,,,,,""
"2021-08-11","'3131Y7V38'","MBS","UMBS MORTPASS 4.5% 11/48","30yr",,,,,"7661972.95",,,,,,""
"2021-08-11","'3138E7KX1'","MBS","UMBS MORTPASS 3.5% 06/42","30yr",,,,,"7661856.69",,,,,,""
"2021-08-11","'3140L4NK1'","MBS","UMBS MORTPASS 2% 07/51","30yr",,,,,"7651730",,,,,,""
"2021-08-11","'3140JQJ87'","MBS","UMBS MORTPASS 1.5% 02/36","15yr",,,,,"7642371.34",,,,,,""
"2021-08-11","'3133A3GL6'","MBS","UMBS 2.5%","30yr",,,,,"7639701.35",,,,,,""
"2021-08-11","'3140KTFG5'","MBS","UMBS MORTPASS 2% 11/50","30yr",,,,,"7632201.47",,,,,,""
"2021-08-11","'3140KV7C8'","MBS","UMBS MORTPASS 1.5% 12/50","30yr",,,,,"7628336.98",,,,,,""
"2021-08-11","'3140KXJB3'","MBS","UMBS MORTPASS 2% 01/51","30yr",,,,,"7620805.88",,,,,,""
"2021-08-11","'3131X8XA9'","MBS","UMBS MORTPASS 2% 03/28","15yr",,,,,"7620292.15",,,,,,""
"2021-08-11","'3131Y1U24'","MBS","UMBS MORTPASS 3% 05/48","30yr",,,,,"7619062.15",,,,,,""
"2021-08-11","'3133AJWU3'","MBS","UMBS MORTPASS 2.5% 04/51","30yr",,,,,"7613776.2",,,,,,""
"2021-08-11","'31418DKL5'","MBS","UMBS MORTPASS 3.5% 01/35","15yr",,,,,"7613179.26",,,,,,""
"2021-08-11","'3140L5UY0'","MBS","UMBS MORTPASS 2% 05/51","30yr",,,,,"7612426.83",,,,,,""
"2021-08-11","'3133GDXF2'","MBS","UMBS MORTPASS 1.5% 07/36","15yr",,,,,"7611313",,,,,,""
"2021-08-11","'3133A5BH5'","MBS","UMBS MORTPASS 3% 06/50","30yr",,,,,"7608883.38",,,,,,""
"2021-08-11","'3140KTGM1'","MBS","UMBS MORTPASS 1.5% 05/36","15yr",,,,,"7603359.95",,,,,,""
"2021-08-11","'3140QACW8'","MBS","UMBS MORTPASS 3.5% 12/48","30yr",,,,,"7600104.27",,,,,,""
"2021-08-11","'31334YHS9'","MBS","UMBS MORTPASS 3% 08/49","30yr",,,,,"7596128.55",,,,,,""
"2021-08-11","'3133GCMX7'","MBS","UMBS MORTPASS 1.5% 04/36","15yr",,,,,"7592387.31",,,,,,""
"2021-08-11","'3132QWPY9'","MBS","FHLMCGLD 4% 03/46","30yr",,,,,"7592043.83",,,,,,""
"2021-08-11","'3132JAZ32'","MBS","FHLMCGLD 3.5% 06/43","30yr",,,,,"7582546.1",,,,,,""
"2021-08-11","'3128M8V92'","MBS","FHLMCGLD 5.5% 11/38","30yr",,,,,"7579748.98",,,,,,"Y"
"2021-08-11","'3140QCSX5'","MBS","UMBS MORTPASS 2.5% 01/32","15yr",,,,,"7579349.85",,,,,,""
"2021-08-11","'3133GC6H0'","MBS","UMBS MORTPASS 1.5% 05/36","15yr",,,,,"7577401.46",,,,,,""
"2021-08-11","'3140JY6U5'","MBS","UMBS MORTPASS 3% 08/49","30yr",,,,,"7576094.92",,,,,,""
"2021-08-11","'3140L8WK2'","MBS","UMBS MORTPASS 1.5% 05/36","15yr",,,,,"7574435.43",,,,,,""
"2021-08-11","'3140HJ4N8'","MBS","UMBS MORTPASS 4% 07/48","30yr",,,,,"7572852.29",,,,,,""
"2021-08-11","'3131X8CG9'","MBS","UMBS MORTPASS 2.5% 10/27","15yr",,,,,"7571956.54",,,,,,""
"2021-08-11","'31418AU48'","MBS","UMBS MORTPASS 2.5% 07/23","Other",,,,,"7569755.13",,,,,,""
"2021-08-11","'3140K2PN8'","MBS","UMBS MORTPASS 1.5% 05/36","15yr",,,,,"7569532.09",,,,,,""
"2021-08-11","'3140HF7D5'","MBS","UMBS MORTPASS 2% 06/50","30yr",,,,,"7555883.69",,,,,,""
"2021-08-11","'3133A3GE2'","MBS","UMBS 2.5%","30yr",,,,,"7553165.83",,,,,,""
"2021-08-11","'3140JXUD8'","MBS","UMBS MORTPASS 3% 08/49","30yr",,,,,"7552020.72",,,,,,""
"2021-08-11","'3131X7SP4'","MBS","UMBS MORTPASS 3% 05/27","15yr",,,,,"7550706.59",,,,,,""
"2021-08-11","'3140JLSU9'","MBS","UMBS MORTPASS 2.5% 04/51","30yr",,,,,"7545085.12",,,,,,""
"2021-08-11","'3140QEAY8'","MBS","UMBS MORTPASS 2.5% 07/50","30yr",,,,,"7543438.53",,,,,,""
"2021-08-11","'3140X9TC9'","MBS","UMBS MORTPASS 1.5% 02/51","30yr",,,,,"7536511.23",,,,,,""
"2021-08-11","'3132A5HA6'","MBS","UMBS MORTPASS 3% 07/47","30yr",,,,,"7531629.91",,,,,,""
"2021-08-11","'3133KHVS2'","MBS","UMBS MORTPASS 3% 04/50","30yr",,,,,"7525834.54",,,,,,""
"2021-08-11","'3140L7HB1'","MBS","UMBS MORTPASS 2% 05/51","30yr",,,,,"7523680.67",,,,,,""
"2021-08-11","'3133AKN71'","MBS","UMBS MORTPASS 2% 04/51","30yr",,,,,"7522392.42",,,,,,""
"2021-08-11","'3133A86F9'","MBS","UMBS MORTPASS 2% 08/50","30yr",,,,,"7518997.25",,,,,,""
"2021-08-11","'3140K3CA8'","MBS","UMBS MORTPASS 3% 01/35","15yr",,,,,"7518068.82",,,,,,""
"2021-08-11","'3133AK6J4'","MBS","UMBS MORTPASS 2.5% 05/51","30yr",,,,,"7514079.7",,,,,,""
"2021-08-11","'3140K0TA6'","MBS","UMBS MORTPASS 3% 09/49","30yr",,,,,"7502806.55",,,,,,""
"2021-08-11","'3133A6WK3'","MBS","UMBS MORTPASS 3% 06/50","30yr",,,,,"7500779.03",,,,,,""
"2021-08-11","'3140KDMP2'","MBS","UMBS MORTPASS 2% 05/35","15yr",,,,,"7496338.74",,,,,,""
"2021-08-11","'31418C2X1'","MBS","UMBS MORTPASS 3.5% 10/33","15yr",,,,,"7490219.8",,,,,,""
"2021-08-11","'3140K7G31'","MBS","UMBS MORTPASS 3% 03/50","30yr",,,,,"7487879.81",,,,,,""
"2021-08-11","'3140L8D80'","MBS","UMBS MORTPASS 2% 05/51","30yr",,,,,"7480954.44",,,,,,""
"2021-08-11","'3140JHES8'","MBS","UMBS MORTPASS 4% 10/48","30yr",,,,,"7477166.49",,,,,,""
"2021-08-11","'3132A8TR0'","MBS","UMBS MORTPASS 2.5% 10/29","15yr",,,,,"7473524.1",,,,,,""
"2021-08-11","'3140X4Q58'","MBS","UMBS MORTPASS 3% 06/29","Other",,,,,"7453391.51",,,,,,""
"2021-08-11","'3133GCF49'","MBS","UMBS MORTPASS 1.5% 03/36","15yr",,,,,"7450125.33",,,,,,""
"2021-08-11","'3140HBGA0'","MBS","UMBS MORTPASS 3.5% 05/33","15yr",,,,,"7445997.1",,,,,,""
"2021-08-11","'3133GAXH4'","MBS","UMBS MORTPASS 2% 11/35","15yr",,,,,"7445877.73",,,,,,""
"2021-08-11","'3140L7C67'","MBS","UMBS MORTPASS 2% 05/51","30yr",,,,,"7445377.77",,,,,,""
"2021-08-11","'3131Y1YD6'","MBS","UMBS MORTPASS 4.5% 06/48","30yr",,,,,"7441424.13",,,,,,""
"2021-08-11","'31418AVX3'","MBS","UMBS MORTPASS 2.5% 08/23","Other",,,,,"7440360.8",,,,,,""
"2021-08-11","'31329QTT8'","MBS","UMBS MORTPASS 3% 04/39","Other",,,,,"7439319.25",,,,,,""
"2021-08-11","'3140KVR51'","MBS","UMBS MORTPASS 2% 11/35","15yr",,,,,"7436635.91",,,,,,""
"2021-08-11","'31418DFN7'","MBS","UMBS MORTPASS 3.5% 09/39","Other",,,,,"7434510.12",,,,,,""
"2021-08-11","'31329LDC3'","MBS","UMBS MORTPASS 2% 12/27","15yr",,,,,"7409613.12",,,,,,""
"2021-08-11","'3140X4K70'","MBS","UMBS MORTPASS 3.5% 07/49","30yr",,,,,"7409464.19",,,,,,""
"2021-08-11","'3140KLM82'","MBS","UMBS MORTPASS 2.5% 08/50","30yr",,,,,"7406248.06",,,,,,""
"2021-08-11","'3140QCXR2'","MBS","UMBS MORTPASS 4.5% 11/49","30yr",,,,,"7405200.26",,,,,,""
"2021-08-11","'3131Y02N1'","MBS","UMBS MORTPASS 4% 04/48","30yr",,,,,"7400981.56",,,,,,""
"2021-08-11","'3140QCEW2'","MBS","UMBS MORTPASS 3% 04/48","30yr",,,,,"7393795.5",,,,,,""
"2021-08-11","'3138AW4W0'","MBS","UMBS MORTPASS 3% 11/26","15yr",,,,,"7391689.95",,,,,,""
"2021-08-11","'3133AGKN8'","MBS","UMBS MORTPASS 1.5% 02/51","30yr",,,,,"7391171.88",,,,,,""
"2021-08-11","'3140QHDN2'","MBS","UMBS MORTPASS 2.5% 12/50","30yr",,,,,"7387855.23",,,,,,""
"2021-08-11","'3133GCQ62'","MBS","UMBS MORTPASS 1.5% 04/36","15yr",,,,,"7386429.72",,,,,,""
"2021-08-11","'31418ATS7'","MBS","UMBS MORTPASS 2.5% 06/23","Other",,,,,"7382209.66",,,,,,""
"2021-08-11","'3133KGK72'","MBS","UMBS MORTPASS 3.5% 08/49","30yr",,,,,"7375774.61",,,,,,""
"2021-08-11","'3140KPH63'","MBS","UMBS MORTPASS 2.5% 09/50","30yr",,,,,"7372759.87",,,,,,""
"2021-08-11","'3140QCKG0'","MBS","UMBS MORTPASS 3% 12/49","30yr",,,,,"7369381.1",,,,,,""
"2021-08-11","'3140K8R45'","MBS","UMBS MORTPASS 2.5% 03/50","30yr",,,,,"7368811.65",,,,,,""
"2021-08-11","'3133ALEX2'","MBS","UMBS MORTPASS 2% 05/51","30yr",,,,,"7368704.28",,,,,,""
"2021-08-11","'3133KGJS8'","MBS","UMBS MORTPASS 3.5% 08/49","30yr",,,,,"7368333.74",,,,,,""
"2021-08-11","'31339SY33'","MBS","UMBS MORTPASS 3% 10/49","30yr",,,,,"7367172.2",,,,,,""
"2021-08-11","'3132DMH40'","MBS","UMBS MORTPASS 4% 06/49","30yr",,,,,"7363895.31",,,,,,""
"2021-08-11","'3133KTFH8'","MBS","UMBS MORTPASS 2% 03/40","Other",,,,,"7362093.95",,,,,,""
"2021-08-11","'3133GDC73'","MBS","UMBS MORTPASS 1.5% 05/36","15yr",,,,,"7360323.3",,,,,,""
"2021-08-11","'3128MJVH0'","MBS","FHLMCGLD 3.5% 11/44","30yr",,,,,"7354687.68",,,,,,""
"2021-08-11","'31418DL34'","MBS","UMBS MORTPASS 4.5% 02/50","30yr",,,,,"7353288",,,,,,""
"2021-08-11","'3138Y47J2'","MBS","UMBS MORTPASS 3% 07/27","15yr",,,,,"7351919.56",,,,,,""
"2021-08-11","'3132AD3D8'","MBS","UMBS MORTPASS 4% 12/48","30yr",,,,,"7348692.62",,,,,,""
"2021-08-11","'3140KCKR2'","MBS","UMBS MORTPASS 2.5% 04/50","30yr",,,,,"7344979.92",,,,,,""
"2021-08-11","'3132A9UP0'","MBS","UMBS MORTPASS 3% 03/33","15yr",,,,,"7342577.87",,,,,,""
"2021-08-11","'3140H3ZJ8'","MBS","UMBS MORTPASS 3% 12/37","Other",,,,,"7340414.87",,,,,,""
"2021-08-11","'3132DMD77'","MBS","UMBS MORTPASS 3% 09/49","30yr",,,,,"7336638.21",,,,,,""
"2021-08-11","'3140XAUV2'","MBS","UMBS MORTPASS 2% 03/51","30yr",,,,,"7336425.13",,,,,,""
"2021-08-11","'31417CHJ7'","MBS","UMBS MORTPASS 3% 07/27","15yr",,,,,"7332671.14",,,,,,""
"2021-08-11","'3131X8H25'","MBS","UMBS MORTPASS 2.5% 12/27","15yr",,,,,"7331940.06",,,,,,""
"2021-08-11","'3131XBNA3'","MBS","UMBS MORTPASS 3% 01/29","15yr",,,,,"7330421.46",,,,,,""
"2021-08-11","'3133AKDE7'","MBS","UMBS MORTPASS 2.5% 04/51","30yr",,,,,"7328510.8",,,,,,""
"2021-08-11","'3133A2MU1'","MBS","UMBS MORTPASS 3% 02/50","30yr",,,,,"7325319.01",,,,,,""
"2021-08-11","'3140LQ4Z0'","MBS","UMBS MORTPASS 2% 05/51","30yr",,,,,"7323563.64",,,,,,""
"2021-08-11","'3140KHVZ1'","MBS","UMBS MORTPASS 2.5% 06/50","30yr",,,,,"7322010.32",,,,,,""
"2021-08-11","'3140JRF22'","MBS","UMBS MORTPASS 3.5% 06/49","30yr",,,,,"7321421.98",,,,,,""
"2021-08-11","'3140KYZZ0'","MBS","UMBS MORTPASS 2% 02/36","15yr",,,,,"7318710.98",,,,,,""
"2021-08-11","'3140L7YR7'","MBS","UMBS MORTPASS 1.5% 05/36","15yr",,,,,"7315074.55",,,,,,""
"2021-08-11","'31418DEJ7'","MBS","UMBS MORTPASS 3.5% 07/29","Other",,,,,"7312309.16",,,,,,""
"2021-08-11","'3140KLK76'","MBS","UMBS MORTPASS 2% 08/35","15yr",,,,,"7311745.9",,,,,,""
"2021-08-11","'31418BC95'","MBS","UMBS MORTPASS 2.5% 05/24","Other",,,,,"7302922.96",,,,,,""
"2021-08-11","'3140JPNH4'","MBS","UMBS MORTPASS 4% 06/49","30yr",,,,,"7296616.06",,,,,,""
"2021-08-11","'3140HN5A6'","MBS","UMBS MORTPASS 4% 08/48","30yr",,,,,"7294222.07",,,,,,""
"2021-08-11","'3140X9RB3'","MBS","UMBS MORTPASS 2.5% 12/50","30yr",,,,,"7285973.72",,,,,,""
"2021-08-11","'3133A2HV5'","MBS","UMBS MORTPASS 3% 01/50","30yr",,,,,"7285413.69",,,,,,""
"2021-08-11","'3140KLP97'","MBS","UMBS MORTPASS 2.5% 08/50","30yr",,,,,"7283483.77",,,,,,""
"2021-08-11","'3133GDB66'","MBS","UMBS MORTPASS 1.5% 06/36","15yr",,,,,"7282241.33",,,,,,""
"2021-08-11","'3140X9ZG3'","MBS","UMBS MORTPASS 2% 03/36","15yr",,,,,"7280405.73",,,,,,""
"2021-08-11","'3140Q9NX7'","MBS","UMBS MORTPASS 4.5% 08/48","30yr",,,,,"7272995.77",,,,,,""
"2021-08-11","'36202FTT3'","MBS","GNMA II 3.5% 05/41","30yr",,,,,"7263819.77",,,,,,""
"2021-08-11","'31418DN81'","MBS","UMBS MORTPASS 3% 05/35","15yr",,,,,"7262300.1",,,,,,""
"2021-08-11","'31417F7A0'","MBS","UMBS MORTPASS 2% 04/28","15yr",,,,,"7260660.84",,,,,,""
"2021-08-11","'3140JJED7'","MBS","UMBS MORTPASS 4% 11/48","30yr",,,,,"7259828.93",,,,,,""
"2021-08-11","'3133A8HU4'","MBS","UMBS MORTPASS 2.5% 08/50","30yr",,,,,"7250696.57",,,,,,""
"2021-08-11","'31329QWF4'","MBS","UMBS MORTPASS 4% 05/49","30yr",,,,,"7249236.8",,,,,,""
"2021-08-11","'3140QB7A0'","MBS","UMBS MORTPASS 2.5% 07/34","15yr",,,,,"7246867.74",,,,,,""
"2021-08-11","'3133G9VT3'","MBS","UMBS MORTPASS 1.5% 08/35","15yr",,,,,"7237150.72",,,,,,""
"2021-08-11","'3138WEFK0'","MBS","UMBS MORTPASS 2.5% 03/30","15yr",,,,,"7229953.13",,,,,,""
"2021-08-11","'3140KMYL8'","MBS","UMBS MORTPASS 2% 09/50","30yr",,,,,"7228716.45",,,,,,""
"2021-08-11","'3140JUKF0'","MBS","UMBS MORTPASS 3.5% 05/49","30yr",,,,,"7224393.86",,,,,,""
"2021-08-11","'3128PXA71'","MBS","FHLMCGLD 3% 11/26","15yr",,,,,"7222936.74",,,,,,""
"2021-08-11","'3140KRKA6'","MBS","UMBS MORTPASS 2% 11/50","30yr",,,,,"7217368.13",,,,,,""
"2021-08-11","'3140KAXY7'","MBS","UMBS MORTPASS 2% 05/51","30yr",,,,,"7216907.43",,,,,,""
"2021-08-11","'31329PUD3'","MBS","UMBS MORTPASS 3% 08/47","30yr",,,,,"7214405.3",,,,,,""
"2021-08-11","'3140KMJA9'","MBS","UMBS MORTPASS 2.5% 09/50","30yr",,,,,"7209859.25",,,,,,""
"2021-08-11","'3140HKJ33'","MBS","UMBS MORTPASS 2% 10/50","30yr",,,,,"7195843.08",,,,,,""
"2021-08-11","'3133GAG34'","MBS","UMBS MORTPASS 2% 10/35","15yr",,,,,"7190265.67",,,,,,""
"2021-08-11","'3140L7G63'","MBS","UMBS MORTPASS 2% 05/51","30yr",,,,,"7190153.67",,,,,,""
"2021-08-11","'3140L4XJ3'","MBS","UMBS MORTPASS 2% 02/51","30yr",,,,,"7189412.08",,,,,,""
"2021-08-11","'3140KVGL8'","MBS","UMBS MORTPASS 2% 01/51","30yr",,,,,"7181594.52",,,,,,""
"2021-08-11","'36179RQ36'","MBS","GNMA II MORTPASS 4% 10/45","30yr",,,,,"7180730.47",,,,,,""
"2021-08-11","'3140KFXY6'","MBS","UMBS MORTPASS 2.5% 06/50","30yr",,,,,"7163355.62",,,,,,""
"2021-08-11","'3140L7MZ2'","MBS","UMBS MORTPASS 2% 04/51","30yr",,,,,"7160673.33",,,,,,""
"2021-08-11","'3133GDAH3'","MBS","UMBS MORTPASS 1.5% 05/36","15yr",,,,,"7159148.26",,,,,,""
"2021-08-11","'3140KTQ73'","MBS","UMBS MORTPASS 2% 11/50","30yr",,,,,"7156194.55",,,,,,""
"2021-08-11","'3138EQCN0'","MBS","UMBS MORTPASS 2% 08/30","15yr",,,,,"7153108.68",,,,,,""
"2021-08-11","'3133GCLD2'","MBS","UMBS MORTPASS 1.5% 03/36","15yr",,,,,"7150474.45",,,,,,""
"2021-08-11","'3140HJZX2'","MBS","UMBS MORTPASS 4% 05/48","30yr",,,,,"7141741.19",,,,,,""
"2021-08-11","'3133KGF37'","MBS","UMBS MORTPASS 4.5% 07/49","30yr",,,,,"7137955.68",,,,,,""
"2021-08-11","'3131Y0XE7'","MBS","UMBS MORTPASS 3.5% 04/48","30yr",,,,,"7132972.54",,,,,,""
"2021-08-11","'3140FRNF8'","MBS","UMBS MORTPASS 3% 02/47","30yr",,,,,"7131733.83",,,,,,""
"2021-08-11","'3140JUUH5'","MBS","UMBS MORTPASS 3.5% 07/49","30yr",,,,,"7130708.41",,,,,,""
"2021-08-11","'3140JG6Y6'","MBS","UMBS MORTPASS 4% 11/48","30yr",,,,,"7128403.48",,,,,,""
"2021-08-11","'3138NXF51'","MBS","UMBS MORTPASS 2.5% 02/28","15yr",,,,,"7124862.51",,,,,,""
"2021-08-11","'3140LPE24'","MBS","UMBS MORTPASS 2.5% 05/51","30yr",,,,,"7124630.12",,,,,,""
"2021-08-11","'3140KRHR3'","MBS","UMBS MORTPASS 2.5% 11/50","30yr",,,,,"7118721.22",,,,,,""
"2021-08-11","'3133A1W24'","MBS","UMBS MORTPASS 3% 02/50","30yr",,,,,"7115284.88",,,,,,""
"2021-08-11","'3140H9JV6'","MBS","UMBS MORTPASS 4.5% 12/48","30yr",,,,,"7114574.17",,,,,,""
"2021-08-11","'3140JY6S0'","MBS","UMBS MORTPASS 3% 08/49","30yr",,,,,"7110645.83",,,,,,""
"2021-08-11","'3140HJG47'","MBS","UMBS MORTPASS 4% 09/48","30yr",,,,,"7110556.82",,,,,,""
"2021-08-11","'3140H7K22'","MBS","UMBS MORTPASS 4% 04/48","30yr",,,,,"7110269.39",,,,,,""
"2021-08-11","'36179MSY7'","MBS","GNMA II MORTPASS 4% 11/42","30yr",,,,,"7110147.2",,,,,,""
"2021-08-11","'3138EH7H9'","MBS","UMBS MORTPASS 3% 04/27","15yr",,,,,"7106620.27",,,,,,""
"2021-08-11","'3133G8DF5'","MBS","UMBS MORTPASS 2.5% 04/35","15yr",,,,,"7100174.42",,,,,,""
"2021-08-11","'3140L5ES1'","MBS","UMBS MORTPASS 2.5% 03/51","30yr",,,,,"7098070.7",,,,,,""
"2021-08-11","'3140L8FB1'","MBS","UMBS MORTPASS 1.5% 05/36","15yr",,,,,"7096812.56",,,,,,""
"2021-08-11","'3131YCM86'","MBS","UMBS MORTPASS 4% 05/49","30yr",,,,,"7094802.36",,,,,,""
"2021-08-11","'3131Y73F2'","MBS","UMBS MORTPASS 4.5% 12/48","30yr",,,,,"7093894.2",,,,,,""
"2021-08-11","'3140L2KW2'","MBS","UMBS MORTPASS 2.5% 03/51","30yr",,,,,"7090527.88",,,,,,""
"2021-08-11","'3140KQLZ2'","MBS","UMBS MORTPASS 2% 10/35","15yr",,,,,"7089955.54",,,,,,""
"2021-08-11","'3140X8VN4'","MBS","UMBS MORTPASS 2% 12/50","30yr",,,,,"7087955.9",,,,,,""
"2021-08-11","'3131XUUG0'","MBS","UMBS MORTPASS 3.5% 08/46","30yr",,,,,"7087674.22",,,,,,""
"2021-08-11","'3140JJEP0'","MBS","UMBS MORTPASS 4% 10/48","30yr",,,,,"7087035.05",,,,,,""
"2021-08-11","'3133KJE24'","MBS","UMBS MORTPASS 2.5% 06/50","30yr",,,,,"7081997",,,,,,""
"2021-08-11","'31418BG67'","MBS","UMBS MORTPASS 2.5% 09/24","Other",,,,,"7078519.96",,,,,,""
"2021-08-11","'3131Y32U9'","MBS","UMBS MORTPASS 4.5% 10/48","30yr",,,,,"7076458.68",,,,,,""
"2021-08-11","'3140K1TB2'","MBS","UMBS MORTPASS 3.5% 11/49","30yr",,,,,"7066604.98",,,,,,""
"2021-08-11","'36179MVU1'","MBS","GNMA II 4.5% 12/42","30yr",,,,,"7064423.11",,,,,,""
"2021-08-11","'3140K1C87'","MBS","UMBS MORTPASS 3% 11/49","30yr",,,,,"7064281.94",,,,,,""
"2021-08-11","'3132CWJC9'","MBS","UMBS MORTPASS 3% 11/31","15yr",,,,,"7047954.88",,,,,,""
"2021-08-11","'3140HK2M9'","MBS","UMBS MORTPASS 4% 11/48","30yr",,,,,"7047300.82",,,,,,""
"2021-08-11","'3140JYG34'","MBS","UMBS MORTPASS 3% 08/49","30yr",,,,,"7046166.87",,,,,,""
"2021-08-11","'3140H46S8'","MBS","UMBS MORTPASS 4% 12/47","30yr",,,,,"7044308.5",,,,,,""
"2021-08-11","'3133L7RM1'","MBS","UMBS MORTPASS 3% 01/30","15yr",,,,,"7043140",,,,,,""
"2021-08-11","'3140X54F7'","MBS","UMBS MORTPASS 2.5% 03/40","Other",,,,,"7043059.46",,,,,,""
"2021-08-11","'3133AN4T8'","MBS","UMBS MORTPASS 2% 07/51","30yr",,,,,"7040307",,,,,,""
"2021-08-11","'3140X7WW5'","MBS","UMBS MORTPASS 2.5% 09/50","30yr",,,,,"7040017.91",,,,,,""
"2021-08-11","'31307TAP6'","MBS","FHLMCGLD 2.5% 02/32","15yr",,,,,"7039405.87",,,,,,""
"2021-08-11","'3140L7YP1'","MBS","UMBS MORTPASS 1.5% 05/36","15yr",,,,,"7038715.49",,,,,,""
"2021-08-11","'3140LPQT2'","MBS","UMBS MORTPASS 2.5% 05/51","30yr",,,,,"7028814.87",,,,,,""
"2021-08-11","'3138WXWQ6'","MBS","UMBS MORTPASS 3.5% 06/43","30yr",,,,,"7025207.91",,,,,,""
"2021-08-11","'3133ALTG3'","MBS","UMBS MORTPASS 2% 06/51","30yr",,,,,"7017723.72",,,,,,""
"2021-08-11","'3140KYR55'","MBS","UMBS MORTPASS 2% 05/51","30yr",,,,,"7010175.33",,,,,,""
"2021-08-11","'31418CZ31'","MBS","UMBS MORTPASS 3% 09/33","15yr",,,,,"7003300.42",,,,,,""
"2021-08-11","'3140L1R80'","MBS","UMBS MORTPASS 2% 03/51","30yr",,,,,"7002995.39",,,,,,""
"2021-08-11","'3140KAK88'","MBS","UMBS MORTPASS 3% 03/50","30yr",,,,,"7002735.02",,,,,,""
"2021-08-11","'3140QBTA6'","MBS","UMBS MORTPASS 3% 09/44","30yr",,,,,"7000335.51",,,,,,""
"2021-08-11","'3133A6FE6'","MBS","UMBS MORTPASS 2.5% 06/50","30yr",,,,,"6999106.43",,,,,,""
"2021-08-11","'3140L72N1'","MBS","UMBS MORTPASS 2% 04/51","30yr",,,,,"6996403.81",,,,,,""
"2021-08-11","'3140LN5C7'","MBS","UMBS MORTPASS 2% 07/51","30yr",,,,,"6991682.02",,,,,,""
"2021-08-11","'3133A0TV6'","MBS","UMBS MORTPASS 3.5% 01/50","30yr",,,,,"6990104.77",,,,,,""
"2021-08-11","'3133A6PB1'","MBS","UMBS MORTPASS 3% 06/50","30yr",,,,,"6985975.92",,,,,,""
"2021-08-11","'3133LPTF4'","MBS","UMBS MORTPASS 2% 02/31","Other",,,,,"6985307.51",,,,,,""
"2021-08-11","'3140X6WP2'","MBS","UMBS MORTPASS 3% 04/50","30yr",,,,,"6983172.94",,,,,,""
"2021-08-11","'3140XBKJ8'","MBS","UMBS MORTPASS 2% 06/51","30yr",,,,,"6981962.16",,,,,,""
"2021-08-11","'3133A4H25'","MBS","UMBS MORTPASS 2.5% 05/50","30yr",,,,,"6981013.77",,,,,,""
"2021-08-11","'3140X4VT0'","MBS","UMBS MORTPASS 3.5% 02/49","30yr",,,,,"6978110.4",,,,,,""
"2021-08-11","'3133KJFZ0'","MBS","UMBS MORTPASS 2.5% 04/50","30yr",,,,,"6975161.58",,,,,,""
"2021-08-11","'36202F4S2'","MBS","GNMA II 4.5% 03/42","30yr",,,,,"6970074.57",,,,,,""
"2021-08-11","'3140QDBW3'","MBS","UMBS MORTPASS 3% 03/50","30yr",,,,,"6966795.59",,,,,,""
"2021-08-11","'3140LSRQ1'","MBS","UMBS MORTPASS 2% 05/51","30yr",,,,,"6965115.08",,,,,,""
"2021-08-11","'3132A5JY2'","MBS","UMBS MORTPASS 3% 06/48","30yr",,,,,"6961979.23",,,,,,""
"2021-08-11","'3140LSW36'","MBS","UMBS MORTPASS 2.5% 07/51","30yr",,,,,"6961864",,,,,,""
"2021-08-11","'3138EGVX9'","MBS","UMBS MORTPASS 5% 12/39","30yr",,,,,"6960481.11",,,,,,"Y"
"2021-08-11","'3140LQTZ3'","MBS","UMBS MORTPASS 2% 06/51","30yr",,,,,"6957727.07",,,,,,""
"2021-08-11","'3138LTKY3'","MBS","UMBS MORTPASS 3% 05/27","15yr",,,,,"6956727.95",,,,,,""
"2021-08-11","'3140Q9NW9'","MBS","UMBS MORTPASS 4.5% 08/48","30yr",,,,,"6950013.39",,,,,,""
"2021-08-11","'3140JYK21'","MBS","UMBS MORTPASS 3% 09/49","30yr",,,,,"6949345.66",,,,,,""
"2021-08-11","'3133AG3W7'","MBS","UMBS MORTPASS 1.5% 03/51","30yr",,,,,"6946397.96",,,,,,""
"2021-08-11","'3140L6QP2'","MBS","UMBS MORTPASS 1.5% 04/36","15yr",,,,,"6944598.5",,,,,,""
"2021-08-11","'31418DKN1'","MBS","UMBS MORTPASS 3% 01/30","Other",,,,,"6940928.99",,,,,,""
"2021-08-11","'3133G93J6'","MBS","UMBS MORTPASS 2% 09/35","15yr",,,,,"6940402.62",,,,,,""
"2021-08-11","'3133AC2U1'","MBS","UMBS MORTPASS 2.5% 12/50","30yr",,,,,"6933308.15",,,,,,""
"2021-08-11","'3140JL2J2'","MBS","UMBS MORTPASS 4% 03/49","30yr",,,,,"6923240.91",,,,,,""
"2021-08-11","'3140HFKB4'","MBS","UMBS MORTPASS 2.5% 03/50","30yr",,,,,"6922941.82",,,,,,""
"2021-08-11","'3140QANA4'","MBS","UMBS MORTPASS 4% 02/49","30yr",,,,,"6920522.57",,,,,,""
"2021-08-11","'3133A7SL4'","MBS","UMBS MORTPASS 2% 07/50","30yr",,,,,"6912485.29",,,,,,""
"2021-08-11","'36202FWD4'","MBS","GNMA II 3.5% 08/41","30yr",,,,,"6910451.99",,,,,,""
"2021-08-11","'3133A4KK1'","MBS","UMBS MORTPASS 2% 05/50","30yr",,,,,"6907296.26",,,,,,""
"2021-08-11","'3140K37C0'","MBS","UMBS MORTPASS 3% 11/49","30yr",,,,,"6906013.88",,,,,,""
"2021-08-11","'3140JVC26'","MBS","UMBS MORTPASS 3.5% 07/49","30yr",,,,,"6900391.99",,,,,,""
"2021-08-11","'3140LSWU6'","MBS","UMBS MORTPASS 2% 07/51","30yr",,,,,"6898735",,,,,,""
"2021-08-11","'3140H3DN3'","MBS","UMBS MORTPASS 3.5% 11/47","30yr",,,,,"6896450.24",,,,,,""
"2021-08-11","'3131YDLN2'","MBS","UMBS MORTPASS 3.5% 06/49","30yr",,,,,"6896445.98",,,,,,""
"2021-08-11","'3140HGSK4'","MBS","UMBS MORTPASS 4% 03/48","30yr",,,,,"6891736.84",,,,,,""
"2021-08-11","'31307WCV4'","MBS","FHLMCGLD 3.5% 06/33","15yr",,,,,"6889957.11",,,,,,""
"2021-08-11","'3140X6M81'","MBS","UMBS MORTPASS 3% 11/48","30yr",,,,,"6888984.49",,,,,,""
"2021-08-11","'3138EHFJ6'","MBS","UMBS MORTPASS 4.5% 10/24","15yr",,,,,"6886040.6",,,,,,"Y"
"2021-08-11","'3140L8GV6'","MBS","UMBS MORTPASS 2% 05/51","30yr",,,,,"6884922.33",,,,,,""
"2021-08-11","'3140H5YA3'","MBS","UMBS MORTPASS 4% 01/48","30yr",,,,,"6884303.23",,,,,,""
"2021-08-11","'3131X85Q5'","MBS","UMBS MORTPASS 2% 04/28","15yr",,,,,"6882460.78",,,,,,""
"2021-08-11","'3140HAMP2'","MBS","UMBS MORTPASS 3% 08/49","30yr",,,,,"6880035.29",,,,,,""
"2021-08-11","'31417FXR4'","MBS","UMBS MORTPASS 2% 03/28","15yr",,,,,"6878629.23",,,,,,""
"2021-08-11","'3140HNDN9'","MBS","UMBS MORTPASS 2% 11/50","30yr",,,,,"6875323.59",,,,,,""
"2021-08-11","'3131Y8GF6'","MBS","UMBS MORTPASS 4% 12/48","30yr",,,,,"6870576.02",,,,,,""
"2021-08-11","'3133AJ6B4'","MBS","UMBS MORTPASS 1.5% 04/51","30yr",,,,,"6866944.3",,,,,,""
"2021-08-11","'31339U3D0'","MBS","UMBS MORTPASS 2.5% 11/49","30yr",,,,,"6864890.14",,,,,,""
"2021-08-11","'3140KHMU2'","MBS","UMBS MORTPASS 2% 07/50","30yr",,,,,"6858521.2",,,,,,""
"2021-08-11","'3140L5VA1'","MBS","UMBS MORTPASS 2.5% 05/51","30yr",,,,,"6853649.87",,,,,,""
"2021-08-11","'3133KGQ35'","MBS","UMBS MORTPASS 3.5% 09/49","30yr",,,,,"6852426.05",,,,,,""
"2021-08-11","'31335CJL9'","MBS","FHLMCGLD 6.5% 04/39","30yr",,,,,"6848165.93",,,,,,"Y"
"2021-08-11","'3140KPEN9'","MBS","UMBS MORTPASS 2% 09/50","30yr",,,,,"6845658.54",,,,,,""
"2021-08-11","'3140X43J3'","MBS","UMBS MORTPASS 2.5% 10/34","15yr",,,,,"6845354.95",,,,,,""
"2021-08-11","'3140KBLY8'","MBS","UMBS MORTPASS 3% 03/50","30yr",,,,,"6843568.38",,,,,,""
"2021-08-11","'3140F7JQ3'","MBS","UMBS MORTPASS 2.5% 07/31","15yr",,,,,"6841886.09",,,,,,""
"2021-08-11","'3140QBH27'","MBS","UMBS MORTPASS 4.5% 04/49","30yr",,,,,"6839355.7",,,,,,""
"2021-08-11","'3140KAML7'","MBS","UMBS MORTPASS 3% 03/50","30yr",,,,,"6835685.93",,,,,,""
"2021-08-11","'3140HDEF7'","MBS","UMBS MORTPASS 4% 02/48","30yr",,,,,"6835445.17",,,,,,""
"2021-08-11","'3140HDQS6'","MBS","UMBS MORTPASS 3.5% 12/49","30yr",,,,,"6831778.74",,,,,,""
"2021-08-11","'3140H7J32'","MBS","UMBS MORTPASS 3% 02/33","15yr",,,,,"6829881.81",,,,,,""
"2021-08-11","'3132KFWH1'","MBS","FHLMCGLD 2.5% 02/32","15yr",,,,,"6828424.19",,,,,,""
"2021-08-11","'3133G8PG0'","MBS","UMBS MORTPASS 2% 05/35","15yr",,,,,"6825230.56",,,,,,""
"2021-08-11","'3132CWBE3'","MBS","UMBS MORTPASS 2.5% 12/27","15yr",,,,,"6822302.89",,,,,,""
"2021-08-11","'3133A6G47'","MBS","UMBS MORTPASS 2% 06/50","30yr",,,,,"6821428.32",,,,,,""
"2021-08-11","'3133ADPF7'","MBS","UMBS MORTPASS 2% 12/50","30yr",,,,,"6818715.09",,,,,,""
"2021-08-11","'31418B2X3'","MBS","UMBS MORTPASS 3% 04/26","Other",,,,,"6818144.06",,,,,,""
"2021-08-11","'3140L6MG6'","MBS","UMBS MORTPASS 1.5% 03/36","15yr",,,,,"6815152.42",,,,,,""
"2021-08-11","'3140L8DR8'","MBS","UMBS MORTPASS 1.5% 05/36","15yr",,,,,"6811842.65",,,,,,""
"2021-08-11","'3140K3Z39'","MBS","UMBS MORTPASS 3% 03/50","30yr",,,,,"6802187.88",,,,,,""
"2021-08-11","'3140LQW30'","MBS","UMBS MORTPASS 2.5% 05/51","30yr",,,,,"6797199.6",,,,,,""
"2021-08-11","'3133KHAZ9'","MBS","UMBS MORTPASS 3.5% 08/49","30yr",,,,,"6794607.31",,,,,,""
"2021-08-11","'31417GLB0'","MBS","UMBS MORTPASS 2% 05/28","15yr",,,,,"6793414.55",,,,,,""
"2021-08-11","'3140KY3A0'","MBS","UMBS MORTPASS 2% 01/51","30yr",,,,,"6792612.06",,,,,,""
"2021-08-11","'3132A5HL2'","MBS","UMBS MORTPASS 3.5% 09/47","30yr",,,,,"6789726.76",,,,,,""
"2021-08-11","'31418B3W4'","MBS","UMBS MORTPASS 2.5% 05/26","Other",,,,,"6787845.45",,,,,,""
"2021-08-11","'3140HN3B6'","MBS","UMBS MORTPASS 4% 10/48","30yr",,,,,"6784527.51",,,,,,""
"2021-08-11","'3140KRZX0'","MBS","UMBS MORTPASS 2.5% 11/50","30yr",,,,,"6782212.74",,,,,,""
"2021-08-11","'3132A9TN7'","MBS","UMBS MORTPASS 3% 06/32","15yr",,,,,"6777927.42",,,,,,""
"2021-08-11","'31418AQY7'","MBS","UMBS MORTPASS 2.5% 03/23","Other",,,,,"6775610.38",,,,,,""
"2021-08-11","'3133KJN24'","MBS","UMBS MORTPASS 2.5% 07/50","30yr",,,,,"6764272.32",,,,,,""
"2021-08-11","'3133AMZX7'","MBS","UMBS MORTPASS 2% 06/51","30yr",,,,,"6761369.28",,,,,,""
"2021-08-11","'3133GBA20'","MBS","UMBS MORTPASS 2% 12/35","15yr",,,,,"6754548.05",,,,,,""
"2021-08-11","'3133AAQ47'","MBS","UMBS MORTPASS 2% 10/50","30yr",,,,,"6752405.6",,,,,,""
"2021-08-11","'3133KHT89'","MBS","UMBS MORTPASS 2% 03/50","30yr",,,,,"6748859.67",,,,,,""
"2021-08-11","'3132XXRB7'","MBS","FHLMCGLD 3% 03/48","30yr",,,,,"6747646.71",,,,,,""
"2021-08-11","'3140L7C26'","MBS","UMBS MORTPASS 2% 05/51","30yr",,,,,"6743958.95",,,,,,""
"2021-08-11","'3140KLU59'","MBS","UMBS MORTPASS 2% 08/35","15yr",,,,,"6743310.94",,,,,,""
"2021-08-11","'3140KGA29'","MBS","UMBS MORTPASS 2.5% 06/50","30yr",,,,,"6742750.37",,,,,,""
"2021-08-11","'31339SFR1'","MBS","UMBS MORTPASS 4% 09/49","30yr",,,,,"6739665.27",,,,,,""
"2021-08-11","'3140K76R9'","MBS","UMBS MORTPASS 3% 01/50","30yr",,,,,"6739343.65",,,,,,""
"2021-08-11","'3140L8WJ5'","MBS","UMBS MORTPASS 1.5% 05/36","15yr",,,,,"6737932.39",,,,,,""
"2021-08-11","'3140L0FU6'","MBS","UMBS MORTPASS 2% 02/51","30yr",,,,,"6737113.58",,,,,,""
"2021-08-11","'3140JRN56'","MBS","UMBS MORTPASS 4% 05/49","30yr",,,,,"6733671.52",,,,,,""
"2021-08-11","'3140KPSA2'","MBS","UMBS MORTPASS 2% 09/50","30yr",,,,,"6732419.66",,,,,,""
"2021-08-11","'3140XAD82'","MBS","UMBS MORTPASS 2% 03/51","30yr",,,,,"6732116",,,,,,""
"2021-08-11","'3133A3PZ5'","MBS","UMBS MORTPASS 3% 03/50","30yr",,,,,"6732079.28",,,,,,""
"2021-08-11","'3133AG5B1'","MBS","UMBS MORTPASS 2% 03/51","30yr",,,,,"6730052.94",,,,,,""
"2021-08-11","'3133GDCD0'","MBS","UMBS MORTPASS 1.5% 06/36","15yr",,,,,"6727193.47",,,,,,""
"2021-08-11","'3140X5DH3'","MBS","UMBS MORTPASS 3% 11/34","15yr",,,,,"6726425.69",,,,,,""
"2021-08-11","'3138WN5G0'","MBS","UMBS MORTPASS 3.5% 04/43","30yr",,,,,"6726109.87",,,,,,""
"2021-08-11","'3133KYSU4'","MBS","UMBS MORTPASS 2.5% 12/39","Other",,,,,"6722549.07",,,,,,""
"2021-08-11","'3140KQWW7'","MBS","UMBS MORTPASS 2% 12/50","30yr",,,,,"6722036.29",,,,,,""
"2021-08-11","'3140L25A7'","MBS","UMBS MORTPASS 2% 03/36","15yr",,,,,"6721671.47",,,,,,""
"2021-08-11","'3138EGQF4'","MBS","UMBS MORTPASS 4% 12/24","15yr",,,,,"6721466.17",,,,,,"Y"
"2021-08-11","'3138EGV27'","MBS","UMBS MORTPASS 6.5% 10/37","30yr",,,,,"6720880.06",,,,,,"Y"
"2021-08-11","'31346YJ61'","MBS","UMBS MORTPASS 3.5% 11/49","30yr",,,,,"6720416.87",,,,,,""
"2021-08-11","'3133GDM72'","MBS","UMBS MORTPASS 2% 06/36","15yr",,,,,"6713808.11",,,,,,""
"2021-08-11","'3140X5V26'","MBS","UMBS MORTPASS 3% 02/50","30yr",,,,,"6710555.82",,,,,,""
"2021-08-11","'3133AL3C0'","MBS","UMBS MORTPASS 2% 06/51","30yr",,,,,"6700622.42",,,,,,""
"2021-08-11","'3140KHFG1'","MBS","UMBS MORTPASS 2% 08/50","30yr",,,,,"6695518.66",,,,,,""
"2021-08-11","'3140L5K62'","MBS","UMBS MORTPASS 2% 03/51","30yr",,,,,"6695146.51",,,,,,""
"2021-08-11","'3133A1HY1'","MBS","UMBS MORTPASS 3% 02/50","30yr",,,,,"6691370.54",,,,,,""
"2021-08-11","'3133AKWY2'","MBS","UMBS MORTPASS 2% 05/51","30yr",,,,,"6690445.9",,,,,,""
"2021-08-11","'3140KVZH6'","MBS","UMBS MORTPASS 1.5% 02/51","30yr",,,,,"6688363.91",,,,,,""
"2021-08-11","'3140L5GP5'","MBS","UMBS MORTPASS 1.5% 03/36","15yr",,,,,"6685946.25",,,,,,""
"2021-08-11","'3133GAYX8'","MBS","UMBS MORTPASS 2% 11/35","15yr",,,,,"6683243.99",,,,,,""
"2021-08-11","'3140LR2M9'","MBS","UMBS MORTPASS 1.5% 07/36","15yr",,,,,"6679163",,,,,,""
"2021-08-11","'3138X6M85'","MBS","UMBS MORTPASS 3% 09/28","15yr",,,,,"6675109.13",,,,,,""
"2021-08-11","'3140JUBM5'","MBS","UMBS MORTPASS 3% 10/49","30yr",,,,,"6671240.97",,,,,,""
"2021-08-11","'3133AKPD6'","MBS","UMBS MORTPASS 2% 04/51","30yr",,,,,"6670143.68",,,,,,""
"2021-08-11","'3138MPWW1'","MBS","UMBS MORTPASS 2.5% 12/27","15yr",,,,,"6667734.64",,,,,,""
"2021-08-11","'31307PWK1'","MBS","FHLMCGLD 3% 12/30","15yr",,,,,"6666768.3",,,,,,""
"2021-08-11","'3140L7M66'","MBS","UMBS MORTPASS 2% 04/51","30yr",,,,,"6664321.13",,,,,,""
"2021-08-11","'31307S4W0'","MBS","FHLMCGLD 2.5% 02/32","15yr",,,,,"6663135.5",,,,,,""
"2021-08-11","'3140L3AR2'","MBS","UMBS MORTPASS 2% 02/51","30yr",,,,,"6661244.22",,,,,,""
"2021-08-11","'3132ADYE2'","MBS","UMBS MORTPASS 3% 01/34","15yr",,,,,"6660543.94",,,,,,""
"2021-08-11","'3140KLDZ2'","MBS","UMBS MORTPASS 2% 07/36","15yr",,,,,"6655646",,,,,,""
"2021-08-11","'3140L7RA2'","MBS","UMBS MORTPASS 2% 04/51","30yr",,,,,"6653049.25",,,,,,""
"2021-08-11","'3133A0KG8'","MBS","UMBS MORTPASS 3% 12/49","30yr",,,,,"6651852.74",,,,,,""
"2021-08-11","'31418DT77'","MBS","UMBS MORTPASS 2% 11/30","Other",,,,,"6646633.36",,,,,,""
"2021-08-11","'3140KPTF0'","MBS","UMBS MORTPASS 2.5% 10/50","30yr",,,,,"6645240.38",,,,,,""
"2021-08-11","'3131Y3KH8'","MBS","UMBS MORTPASS 3.5% 09/48","30yr",,,,,"6638631.84",,,,,,""
"2021-08-11","'3140X8GH4'","MBS","UMBS MORTPASS 2% 11/50","30yr",,,,,"6626600.84",,,,,,""
"2021-08-11","'3140L6C51'","MBS","UMBS MORTPASS 2.5% 03/51","30yr",,,,,"6626573.09",,,,,,""
"2021-08-11","'31418C2M5'","MBS","UMBS MORTPASS 3% 09/48","30yr",,,,,"6626282.5",,,,,,""
"2021-08-11","'3131Y7UB1'","MBS","UMBS MORTPASS 4.5% 11/48","30yr",,,,,"6620542.83",,,,,,""
"2021-08-11","'3133ACG93'","MBS","UMBS MORTPASS 1.5% 11/50","30yr",,,,,"6620123.54",,,,,,""
"2021-08-11","'3140KHGG0'","MBS","UMBS MORTPASS 2% 08/50","30yr",,,,,"6615790.93",,,,,,""
"2021-08-11","'3140QFND7'","MBS","UMBS MORTPASS 1.5% 11/50","30yr",,,,,"6614855.14",,,,,,""
"2021-08-11","'31417FUD8'","MBS","UMBS MORTPASS 2% 03/28","15yr",,,,,"6610641.84",,,,,,""
"2021-08-11","'3128MJVB3'","MBS","FHLMCGLD 3.5% 10/44","30yr",,,,,"6609478.7",,,,,,""
"2021-08-11","'3131Y1EB2'","MBS","UMBS MORTPASS 4% 05/48","30yr",,,,,"6608023.06",,,,,,""
"2021-08-11","'31417GWE2'","MBS","UMBS MORTPASS 2% 06/28","15yr",,,,,"6606592.32",,,,,,""
"2021-08-11","'3133AL3F3'","MBS","UMBS MORTPASS 2% 06/51","30yr",,,,,"6605522.09",,,,,,""
"2021-08-11","'3140KYRL0'","MBS","UMBS MORTPASS 1.5% 03/36","15yr",,,,,"6605419.75",,,,,,""
"2021-08-11","'36202FDX1'","MBS","GNMA II MORTPASS 5% 01/40","30yr",,,,,"6603801.87",,,,,,""
"2021-08-11","'3140KGLC5'","MBS","UMBS MORTPASS 2% 09/50","30yr",,,,,"6599719.13",,,,,,""
"2021-08-11","'31334XTG4'","MBS","UMBS MORTPASS 3% 08/49","30yr",,,,,"6598961.65",,,,,,""
"2021-08-11","'3140KAMG8'","MBS","UMBS MORTPASS 2.5% 03/50","30yr",,,,,"6597941.06",,,,,,""
"2021-08-11","'31418CUL6'","MBS","UMBS MORTPASS 3% 02/28","Other",,,,,"6594326.72",,,,,,""
"2021-08-11","'3140H2J33'","MBS","UMBS MORTPASS 3.5% 02/48","30yr",,,,,"6591446.93",,,,,,""
"2021-08-11","'3140K4LQ1'","MBS","UMBS MORTPASS 3% 04/50","30yr",,,,,"6588405.62",,,,,,""
"2021-08-11","'3133ALD96'","MBS","UMBS MORTPASS 2.5% 05/51","30yr",,,,,"6587636.22",,,,,,""
"2021-08-11","'3131YATP5'","MBS","UMBS MORTPASS 4% 03/49","30yr",,,,,"6585759.16",,,,,,""
"2021-08-11","'3128M8X66'","MBS","FHLMCGLD 5% 11/38","30yr",,,,,"6584610.1",,,,,,"Y"
"2021-08-11","'3140KH3P4'","MBS","UMBS MORTPASS 2% 07/50","30yr",,,,,"6577908.13",,,,,,""
"2021-08-11","'3140HFMG1'","MBS","UMBS MORTPASS 2.5% 03/50","30yr",,,,,"6576829.34",,,,,,""
"2021-08-11","'3132KE7M1'","MBS","FHLMCGLD 2.5% 08/30","15yr",,,,,"6575345.21",,,,,,""
"2021-08-11","'3133ALAM0'","MBS","UMBS MORTPASS 2% 05/51","30yr",,,,,"6571866.69",,,,,,""
"2021-08-11","'36296WAL0'","MBS","GNMA I 4.5% 05/39","30yr",,,,,"6567187.52",,,,,,""
"2021-08-11","'3140JL5Q3'","MBS","UMBS MORTPASS 4.5% 01/49","30yr",,,,,"6560016.43",,,,,,""
"2021-08-11","'3138EHL59'","MBS","UMBS MORTPASS 3% 01/27","15yr",,,,,"6558587.21",,,,,,""
"2021-08-11","'3140JPQD0'","MBS","UMBS MORTPASS 2.5% 06/34","15yr",,,,,"6555219.47",,,,,,""
"2021-08-11","'36179MK90'","MBS","GNMA II 4.5% 08/42","30yr",,,,,"6554930.62",,,,,,""
"2021-08-11","'3140L6YK4'","MBS","UMBS MORTPASS 2% 04/51","30yr",,,,,"6554457.07",,,,,,""
"2021-08-11","'31374CPN0'","MBS","UMBS MORTPASS 3.5% 07/27","15yr",,,,,"6553543.07",,,,,,""
"2021-08-11","'3133AKYX2'","MBS","UMBS MORTPASS 2% 05/51","30yr",,,,,"6551900.1",,,,,,""
"2021-08-11","'3131X7VB1'","MBS","UMBS MORTPASS 3% 06/27","15yr",,,,,"6548992.48",,,,,,""
"2021-08-11","'3140K7BB8'","MBS","UMBS MORTPASS 2.5% 12/34","15yr",,,,,"6546449.28",,,,,,""
"2021-08-11","'3140LQAP5'","MBS","UMBS MORTPASS 1.5% 06/36","15yr",,,,,"6543692.8",,,,,,""
"2021-08-11","'3140K3HP0'","MBS","UMBS MORTPASS 3% 11/49","30yr",,,,,"6534158.5",,,,,,""
"2021-08-11","'3140KVBL3'","MBS","UMBS MORTPASS 2% 11/50","30yr",,,,,"6527963.06",,,,,,""
"2021-08-11","'3133A2EX4'","MBS","UMBS MORTPASS 3% 02/50","30yr",,,,,"6527122.1",,,,,,""
"2021-08-11","'3133L8DS1'","MBS","UMBS MORTPASS 2% 03/36","15yr",,,,,"6524326.23",,,,,,""
"2021-08-11","'3133G6GP4'","MBS","UMBS MORTPASS 3% 07/34","15yr",,,,,"6522435.19",,,,,,""
"2021-08-11","'31418DGE6'","MBS","UMBS MORTPASS 3% 10/29","Other",,,,,"6520342.8",,,,,,""
"2021-08-11","'3133AELL6'","MBS","UMBS MORTPASS 2.5% 01/51","30yr",,,,,"6518573.66",,,,,,""
"2021-08-11","'3140KMER7'","MBS","UMBS MORTPASS 2.5% 08/50","30yr",,,,,"6517424.28",,,,,,""
"2021-08-11","'3140QKVT2'","MBS","UMBS MORTPASS 1.5% 05/36","15yr",,,,,"6512598.21",,,,,,""
"2021-08-11","'3140L7CU4'","MBS","UMBS MORTPASS 2.5% 05/51","30yr",,,,,"6511167.48",,,,,,""
"2021-08-11","'3140QDDE1'","MBS","UMBS MORTPASS 2.5% 01/35","15yr",,,,,"6503712.2",,,,,,""
"2021-08-11","'3131YBFX1'","MBS","UMBS MORTPASS 4% 04/49","30yr",,,,,"6500748.51",,,,,,""
"2021-08-11","'3140JLZG2'","MBS","UMBS MORTPASS 4.5% 02/49","30yr",,,,,"6494208.17",,,,,,""
"2021-08-11","'3140KL3U4'","MBS","UMBS MORTPASS 2.5% 09/50","30yr",,,,,"6494071.06",,,,,,""
"2021-08-11","'3140KLQF2'","MBS","UMBS MORTPASS 2% 09/50","30yr",,,,,"6491887.19",,,,,,""
"2021-08-11","'3140KGHH9'","MBS","UMBS MORTPASS 2.5% 06/50","30yr",,,,,"6487194.42",,,,,,""
"2021-08-11","'3132DMH32'","MBS","UMBS MORTPASS 4% 06/48","30yr",,,,,"6485273.65",,,,,,""
"2021-08-11","'3133KHBN5'","MBS","UMBS MORTPASS 3.5% 10/49","30yr",,,,,"6482619.29",,,,,,""
"2021-08-11","'3140K9NT2'","MBS","UMBS MORTPASS 2.5% 03/50","30yr",,,,,"6480898.99",,,,,,""
"2021-08-11","'3140QD4W1'","MBS","UMBS MORTPASS 3.5% 04/50","30yr",,,,,"6474067.14",,,,,,""
"2021-08-11","'3133G9TH2'","MBS","UMBS MORTPASS 2% 08/35","15yr",,,,,"6470775.3",,,,,,""
"2021-08-11","'31418B5Y8'","MBS","UMBS MORTPASS 2% 06/31","15yr",,,,,"6470733.14",,,,,,""
"2021-08-11","'3133ABZ45'","MBS","UMBS MORTPASS 2.5% 11/50","30yr",,,,,"6469462.58",,,,,,""
"2021-08-11","'3133A4HV1'","MBS","UMBS MORTPASS 2.5% 05/50","30yr",,,,,"6466808.12",,,,,,""
"2021-08-11","'3140KUBP6'","MBS","UMBS MORTPASS 1.5% 07/36","15yr",,,,,"6466779",,,,,,""
"2021-08-11","'31307TKZ3'","MBS","FHLMCGLD 2.5% 03/32","15yr",,,,,"6466669.8",,,,,,""
"2021-08-11","'3140L9BR8'","MBS","UMBS MORTPASS 2% 05/51","30yr",,,,,"6465975.62",,,,,,""
"2021-08-11","'3131X8AC0'","MBS","UMBS MORTPASS 2.5% 10/27","15yr",,,,,"6465574.66",,,,,,""
"2021-08-11","'3140JVPZ9'","MBS","UMBS MORTPASS 3% 08/49","30yr",,,,,"6463408.62",,,,,,""
"2021-08-11","'3140KA3S3'","MBS","UMBS MORTPASS 1.5% 06/36","15yr",,,,,"6453647.04",,,,,,""
"2021-08-11","'3131X8FN1'","MBS","UMBS MORTPASS 2.5% 11/27","15yr",,,,,"6450626",,,,,,""
"2021-08-11","'3133ADKA3'","MBS","UMBS MORTPASS 2% 12/50","30yr",,,,,"6447235.07",,,,,,""
"2021-08-11","'3140L0XA0'","MBS","UMBS MORTPASS 1.5% 01/51","30yr",,,,,"6445447.48",,,,,,""
"2021-08-11","'3140KABR6'","MBS","UMBS MORTPASS 2.5% 05/50","30yr",,,,,"6444035.29",,,,,,""
"2021-08-11","'31418B2C9'","MBS","UMBS MORTPASS 3% 03/26","Other",,,,,"6440311.7",,,,,,""
"2021-08-11","'3128MJ2L3'","MBS","FHLMCGLD 3% 09/47","30yr",,,,,"6438722.91",,,,,,""
"2021-08-11","'3140KR5Q8'","MBS","UMBS MORTPASS 2.5% 12/50","30yr",,,,,"6437494.77",,,,,,""
"2021-08-11","'31418AP36'","MBS","UMBS MORTPASS 2.5% 02/23","Other",,,,,"6434698.27",,,,,,""
"2021-08-11","'3133AJ6V0'","MBS","UMBS MORTPASS 2% 04/51","30yr",,,,,"6431392.29",,,,,,""
"2021-08-11","'3140L23A9'","MBS","UMBS MORTPASS 1.5% 03/51","30yr",,,,,"6429950.49",,,,,,""
"2021-08-11","'31418ASD1'","MBS","UMBS MORTPASS 2% 04/23","Other",,,,,"6426810.74",,,,,,""
"2021-08-11","'3133A33X4'","MBS","UMBS 3.0%","30yr",,,,,"6420772.12",,,,,,""
"2021-08-11","'3140QCKE5'","MBS","UMBS MORTPASS 3% 12/49","30yr",,,,,"6419621.5",,,,,,""
"2021-08-11","'3140L6YH1'","MBS","UMBS MORTPASS 1.5% 04/36","15yr",,,,,"6413630.86",,,,,,""
"2021-08-11","'3133A4HU3'","MBS","UMBS MORTPASS 2.5% 04/50","30yr",,,,,"6413083.52",,,,,,""
"2021-08-11","'3140JUNU4'","MBS","UMBS MORTPASS 4% 06/49","30yr",,,,,"6410055.78",,,,,,""
"2021-08-11","'3133L7RH2'","MBS","UMBS MORTPASS 2.5% 01/30","15yr",,,,,"6403743.26",,,,,,""
"2021-08-11","'3133ADVE3'","MBS","UMBS MORTPASS 1.5% 12/50","30yr",,,,,"6397466.13",,,,,,""
"2021-08-11","'3140QC4U7'","MBS","UMBS MORTPASS 3% 08/49","30yr",,,,,"6396013.67",,,,,,""
"2021-08-11","'3140KALR5'","MBS","UMBS MORTPASS 3% 03/50","30yr",,,,,"6391893.22",,,,,,""
"2021-08-11","'31339UEV8'","MBS","UMBS MORTPASS 3.5% 08/49","30yr",,,,,"6391820.93",,,,,,""
"2021-08-11","'3132A9NF0'","MBS","UMBS MORTPASS 2.5% 06/28","15yr",,,,,"6390620.38",,,,,,""
"2021-08-11","'3140JLMJ0'","MBS","UMBS MORTPASS 4.5% 01/49","30yr",,,,,"6390609.74",,,,,,""
"2021-08-11","'3140HEAW2'","MBS","UMBS MORTPASS 4% 07/48","30yr",,,,,"6389837.71",,,,,,""
"2021-08-11","'36297F2S0'","MBS","GNMA I 4.5% 11/39","30yr",,,,,"6388958.56",,,,,,""
"2021-08-11","'3140HFPT0'","MBS","UMBS MORTPASS 2.5% 03/50","30yr",,,,,"6384953.45",,,,,,""
"2021-08-11","'31334YVK0'","MBS","UMBS MORTPASS 3% 09/49","30yr",,,,,"6382410.3",,,,,,""
"2021-08-11","'3140X4WA0'","MBS","UMBS MORTPASS 4% 09/49","30yr",,,,,"6379814.48",,,,,,""
"2021-08-11","'31418CWZ3'","MBS","UMBS MORTPASS 3% 05/33","15yr",,,,,"6378711.8",,,,,,""
"2021-08-11","'3140KMC32'","MBS","UMBS MORTPASS 2% 09/50","30yr",,,,,"6376381.22",,,,,,""
"2021-08-11","'36179NX78'","MBS","GNMA II 4.5% 01/44","30yr",,,,,"6375050.18",,,,,,""
"2021-08-11","'36202FQ58'","MBS","GNMA II 3.5% 03/41","30yr",,,,,"6373776.59",,,,,,""
"2021-08-11","'3140JL4L5'","MBS","UMBS MORTPASS 4.5% 01/49","30yr",,,,,"6371052.46",,,,,,""
"2021-08-11","'3140QBB64'","MBS","UMBS MORTPASS 3.5% 06/49","30yr",,,,,"6370996.47",,,,,,""
"2021-08-11","'3133ALF29'","MBS","UMBS MORTPASS 2.5% 05/51","30yr",,,,,"6368849.2",,,,,,""
"2021-08-11","'3133GALK0'","MBS","UMBS MORTPASS 2% 10/35","15yr",,,,,"6364001.95",,,,,,""
"2021-08-11","'36202FZZ2'","MBS","GNMA II 4.5% 12/41","30yr",,,,,"6363186.02",,,,,,""
"2021-08-11","'31417APT0'","MBS","UMBS MORTPASS 3% 12/26","15yr",,,,,"6361435.49",,,,,,""
"2021-08-11","'3128MMWF6'","MBS","FHLMCGLD 3.5% 05/32","15yr",,,,,"6353885.71",,,,,,""
"2021-08-11","'3132DMTH8'","MBS","UMBS MORTPASS 2% 03/51","30yr",,,,,"6348947.09",,,,,,""
"2021-08-11","'3133A6FH9'","MBS","UMBS MORTPASS 3% 06/50","30yr",,,,,"6344364.03",,,,,,""
"2021-08-11","'3140H7LA3'","MBS","UMBS MORTPASS 3.5% 05/48","30yr",,,,,"6344227.54",,,,,,""
"2021-08-11","'31346YN58'","MBS","UMBS MORTPASS 2.5% 12/49","30yr",,,,,"6339993.35",,,,,,""
"2021-08-11","'3140HMXF6'","MBS","UMBS MORTPASS 4.5% 07/48","30yr",,,,,"6338571.39",,,,,,""
"2021-08-11","'3138WD7G0'","MBS","UMBS MORTPASS 2.5% 02/30","15yr",,,,,"6337969.19",,,,,,""
"2021-08-11","'3140QG4F1'","MBS","UMBS MORTPASS 1.5% 02/51","30yr",,,,,"6330862.23",,,,,,""
"2021-08-11","'3133A4P83'","MBS","UMBS MORTPASS 3% 05/50","30yr",,,,,"6330416.6",,,,,,""
"2021-08-11","'3140JHET6'","MBS","UMBS MORTPASS 4% 10/48","30yr",,,,,"6329526.19",,,,,,""
"2021-08-11","'31334W4W8'","MBS","UMBS MORTPASS 3.5% 07/49","30yr",,,,,"6327814.4",,,,,,""
"2021-08-11","'3131XYS26'","MBS","UMBS MORTPASS 4% 12/47","30yr",,,,,"6326759.58",,,,,,""
"2021-08-11","'31418ASV1'","MBS","UMBS MORTPASS 2.5% 05/23","Other",,,,,"6325506.44",,,,,,""
"2021-08-11","'3133AGZB8'","MBS","UMBS MORTPASS 2% 03/51","30yr",,,,,"6322783.24",,,,,,""
"2021-08-11","'3140HLSY3'","MBS","UMBS MORTPASS 4% 06/48","30yr",,,,,"6321431.84",,,,,,""
"2021-08-11","'3131Y1YF1'","MBS","UMBS MORTPASS 4.5% 06/48","30yr",,,,,"6314859.21",,,,,,""
"2021-08-11","'3133ADSX5'","MBS","UMBS MORTPASS 2.5% 12/50","30yr",,,,,"6311289.35",,,,,,""
"2021-08-11","'3133ALE79'","MBS","UMBS MORTPASS 2.5% 05/51","30yr",,,,,"6306952.05",,,,,,""
"2021-08-11","'3140KYUH5'","MBS","UMBS MORTPASS 2% 12/50","30yr",,,,,"6306906.13",,,,,,""
"2021-08-11","'36296WAK2'","MBS","GNMA I MORTPASS 4% 05/39","30yr",,,,,"6306861.73",,,,,,""
"2021-08-11","'31334XZZ5'","MBS","UMBS MORTPASS 3% 08/49","30yr",,,,,"6303285.38",,,,,,""
"2021-08-11","'3140K1UE4'","MBS","UMBS MORTPASS 3% 12/49","30yr",,,,,"6300477.27",,,,,,""
"2021-08-11","'3140KCXY3'","MBS","UMBS MORTPASS 2.5% 04/50","30yr",,,,,"6300103.5",,,,,,""
"2021-08-11","'36179QRX1'","MBS","GNMA II MORTPASS 3% 10/44","30yr",,,,,"6299889.81",,,,,,""
"2021-08-11","'31307WA38'","MBS","FHLMCGLD 3% 05/33","15yr",,,,,"6291808.34",,,,,,""
"2021-08-11","'31334W6T3'","MBS","UMBS MORTPASS 3% 07/49","30yr",,,,,"6291417.24",,,,,,""
"2021-08-11","'3140L2KS1'","MBS","UMBS MORTPASS 2% 02/51","30yr",,,,,"6291247.12",,,,,,""
"2021-08-11","'3140KF7M1'","MBS","UMBS MORTPASS 2% 08/50","30yr",,,,,"6290185.01",,,,,,""
"2021-08-11","'3133A96C4'","MBS","UMBS MORTPASS 2% 08/50","30yr",,,,,"6289607.01",,,,,,""
"2021-08-11","'3140L3JP7'","MBS","UMBS MORTPASS 2% 03/36","15yr",,,,,"6289303.64",,,,,,""
"2021-08-11","'3140KESQ2'","MBS","UMBS MORTPASS 2.5% 05/50","30yr",,,,,"6281483.39",,,,,,""
"2021-08-11","'3140K2SB1'","MBS","UMBS MORTPASS 2.5% 10/49","30yr",,,,,"6281197.11",,,,,,""
"2021-08-11","'31418C5A8'","MBS","UMBS MORTPASS 3.5% 12/33","15yr",,,,,"6279092.2",,,,,,""
"2021-08-11","'3133KYR68'","MBS","UMBS MORTPASS 3% 08/39","Other",,,,,"6273286.53",,,,,,""
"2021-08-11","'3133GC4K5'","MBS","UMBS MORTPASS 2% 05/36","15yr",,,,,"6270402.13",,,,,,""
"2021-08-11","'3138MKQP4'","MBS","UMBS MORTPASS 2.5% 04/28","15yr",,,,,"6265998.64",,,,,,""
"2021-08-11","'31334XYM5'","MBS","UMBS MORTPASS 3.5% 08/49","30yr",,,,,"6258360.63",,,,,,""
"2021-08-11","'3140H5NN7'","MBS","UMBS MORTPASS 3.5% 02/48","30yr",,,,,"6256173.84",,,,,,""
"2021-08-11","'3140QDZJ6'","MBS","UMBS MORTPASS 2.5% 06/50","30yr",,,,,"6254440.12",,,,,,""
"2021-08-11","'3140QKQH4'","MBS","UMBS MORTPASS 2.5% 05/51","30yr",,,,,"6244958.35",,,,,,""
"2021-08-11","'3140FG3K3'","MBS","UMBS MORTPASS 3% 05/30","15yr",,,,,"6242381.59",,,,,,""
"2021-08-11","'3140K1W77'","MBS","UMBS MORTPASS 2.5% 02/51","30yr",,,,,"6240577.34",,,,,,""
"2021-08-11","'31418DMW9'","MBS","UMBS MORTPASS 4.5% 03/50","30yr",,,,,"6240361.17",,,,,,""
"2021-08-11","'3140K4NB2'","MBS","UMBS MORTPASS 2% 07/35","15yr",,,,,"6239301.22",,,,,,""
"2021-08-11","'3131X7SR0'","MBS","UMBS MORTPASS 3% 05/27","15yr",,,,,"6238853.52",,,,,,""
"2021-08-11","'3131XWXB4'","MBS","UMBS MORTPASS 3.5% 06/47","30yr",,,,,"6238555.42",,,,,,""
"2021-08-11","'3132AEC79'","MBS","UMBS MORTPASS 3.5% 04/29","Other",,,,,"6236549.38",,,,,,""
"2021-08-11","'36297GMT4'","MBS","GNMA I 4.5% 11/39","30yr",,,,,"6227859.79",,,,,,""
"2021-08-11","'3140JNZB9'","MBS","UMBS MORTPASS 4.5% 02/49","30yr",,,,,"6226021.07",,,,,,""
"2021-08-11","'3140HLJB3'","MBS","UMBS MORTPASS 4.5% 07/48","30yr",,,,,"6223243.26",,,,,,""
"2021-08-11","'3131YCVY9'","MBS","UMBS MORTPASS 3.5% 05/49","30yr",,,,,"6222906.46",,,,,,""
"2021-08-11","'3140QAJH4'","MBS","UMBS MORTPASS 4.5% 01/49","30yr",,,,,"6222248.95",,,,,,""
"2021-08-11","'3140JVTT9'","MBS","UMBS MORTPASS 3% 10/49","30yr",,,,,"6222218.2",,,,,,""
"2021-08-11","'31418BK70'","MBS","UMBS MORTPASS 2.5% 12/24","Other",,,,,"6222105.99",,,,,,""
"2021-08-11","'3140K4MF4'","MBS","UMBS MORTPASS 2% 05/35","15yr",,,,,"6217586.37",,,,,,""
"2021-08-11","'3128MJ3R9'","MBS","FHLMCGLD 3% 04/48","30yr",,,,,"6217393.89",,,,,,""
"2021-08-11","'3140XBQM5'","MBS","UMBS MORTPASS 1.5% 05/36","15yr",,,,,"6214722.26",,,,,,""
"2021-08-11","'3133ANE91'","MBS","UMBS MORTPASS 2% 07/51","30yr",,,,,"6212513.63",,,,,,""
"2021-08-11","'3132DMCH6'","MBS","UMBS MORTPASS 3.5% 09/49","30yr",,,,,"6211798.14",,,,,,""
"2021-08-11","'3140KVMD9'","MBS","UMBS MORTPASS 1.5% 12/35","15yr",,,,,"6209313.19",,,,,,""
"2021-08-11","'3133A1SQ6'","MBS","UMBS MORTPASS 3% 02/50","30yr",,,,,"6208352.9",,,,,,""
"2021-08-11","'3140L32P5'","MBS","UMBS MORTPASS 2% 03/51","30yr",,,,,"6204151.06",,,,,,""
"2021-08-11","'3140HNAW2'","MBS","UMBS MORTPASS 2% 10/50","30yr",,,,,"6202439.23",,,,,,""
"2021-08-11","'3140J5SN0'","MBS","UMBS MORTPASS 2.5% 09/31","15yr",,,,,"6202333.28",,,,,,""
"2021-08-11","'31417FN38'","MBS","UMBS MORTPASS 3% 02/43","30yr",,,,,"6199854.03",,,,,,""
"2021-08-11","'3140KA5A0'","MBS","UMBS MORTPASS 2% 06/51","30yr",,,,,"6199531.18",,,,,,""
"2021-08-11","'3133D3HJ7'","MBS","UMBS MORTPASS 3% 03/40","Other",,,,,"6196996.15",,,,,,""
"2021-08-11","'3140Q7UN5'","MBS","UMBS MORTPASS 2.5% 10/32","15yr",,,,,"6196653.44",,,,,,""
"2021-08-11","'3132VNDU4'","MBS","FHLMCGLD 3.5% 03/49","30yr",,,,,"6196652.16",,,,,,""
"2021-08-11","'3140L3GL9'","MBS","UMBS MORTPASS 1.5% 03/36","15yr",,,,,"6196549.83",,,,,,""
"2021-08-11","'3140X6AW1'","MBS","UMBS MORTPASS 3.5% 12/39","Other",,,,,"6195622",,,,,,""
"2021-08-11","'3128M8WN0'","MBS","FHLMCGLD 5.5% 03/39","30yr",,,,,"6190683.6",,,,,,"Y"
"2021-08-11","'3140Q8ST3'","MBS","UMBS MORTPASS 3% 03/33","15yr",,,,,"6186807.24",,,,,,""
"2021-08-11","'3133AJM75'","MBS","UMBS MORTPASS 2% 04/51","30yr",,,,,"6186533.46",,,,,,""
"2021-08-11","'3140L3AT8'","MBS","UMBS MORTPASS 2% 02/51","30yr",,,,,"6185584.53",,,,,,""
"2021-08-11","'3140KLR53'","MBS","UMBS MORTPASS 2.5% 08/50","30yr",,,,,"6185176.86",,,,,,""
"2021-08-11","'3131XXUS8'","MBS","UMBS MORTPASS 3.5% 09/47","30yr",,,,,"6184448.16",,,,,,""
"2021-08-11","'3138X0A24'","MBS","UMBS MORTPASS 3.5% 07/43","30yr",,,,,"6183582.15",,,,,,""
"2021-08-11","'3131YAXN5'","MBS","UMBS MORTPASS 3.5% 03/49","30yr",,,,,"6180062.89",,,,,,""
"2021-08-11","'3133KL6J1'","MBS","UMBS MORTPASS 2% 06/51","30yr",,,,,"6174657.55",,,,,,""
"2021-08-11","'3133A0GW8'","MBS","UMBS MORTPASS 3% 12/49","30yr",,,,,"6173794.72",,,,,,""
"2021-08-11","'3131XYWF2'","MBS","UMBS MORTPASS 4% 12/47","30yr",,,,,"6171830.2",,,,,,""
"2021-08-11","'3140K1CA2'","MBS","UMBS MORTPASS 3.5% 11/49","30yr",,,,,"6162315.33",,,,,,""
"2021-08-11","'3133GCNJ7'","MBS","UMBS MORTPASS 2% 04/36","15yr",,,,,"6162168.25",,,,,,""
"2021-08-11","'3133GCZ39'","MBS","UMBS MORTPASS 1.5% 05/36","15yr",,,,,"6156574.91",,,,,,""
"2021-08-11","'3140JXP93'","MBS","UMBS MORTPASS 3% 11/49","30yr",,,,,"6154210.02",,,,,,""
"2021-08-11","'3133G7VX8'","MBS","UMBS MORTPASS 3% 02/35","15yr",,,,,"6153816.5",,,,,,""
"2021-08-11","'3138LRMM1'","MBS","UMBS MORTPASS 3% 01/43","30yr",,,,,"6151695.28",,,,,,""
"2021-08-11","'3140JVT36'","MBS","UMBS MORTPASS 3.5% 10/49","30yr",,,,,"6150236.31",,,,,,""
"2021-08-11","'3133ADYH3'","MBS","UMBS MORTPASS 2.5% 12/50","30yr",,,,,"6148279.17",,,,,,""
"2021-08-11","'3133AGAB5'","MBS","UMBS MORTPASS 2.5% 02/51","30yr",,,,,"6146876.04",,,,,,""
"2021-08-11","'3140K8SJ1'","MBS","UMBS MORTPASS 3% 03/50","30yr",,,,,"6145932.1",,,,,,""
"2021-08-11","'3133AM7M2'","MBS","UMBS MORTPASS 2% 07/51","30yr",,,,,"6144265.2",,,,,,""
"2021-08-11","'31307UCS5'","MBS","FHLMCGLD 2.5% 07/32","15yr",,,,,"6143392.35",,,,,,""
"2021-08-11","'36179UH39'","MBS","GNMA II 3.5% 12/48","30yr",,,,,"6142123.21",,,,,,""
"2021-08-11","'3140LTU36'","MBS","UMBS MORTPASS 2% 07/51","30yr",,,,,"6140590.63",,,,,,""
"2021-08-11","'31417DJ79'","MBS","UMBS MORTPASS 2.5% 10/42","30yr",,,,,"6138249.75",,,,,,""
"2021-08-11","'3132WLTS5'","MBS","FHLMCGLD 3% 03/47","30yr",,,,,"6137986.3",,,,,,""
"2021-08-11","'31334XGW3'","MBS","UMBS MORTPASS 4.5% 07/49","30yr",,,,,"6137411.7",,,,,,""
"2021-08-11","'3140XAEW8'","MBS","UMBS MORTPASS 2% 03/51","30yr",,,,,"6126993.68",,,,,,""
"2021-08-11","'3133KGK80'","MBS","UMBS MORTPASS 3.5% 08/49","30yr",,,,,"6120312.46",,,,,,""
"2021-08-11","'3140X5ZZ9'","MBS","UMBS MORTPASS 2% 02/30","Other",,,,,"6117073.93",,,,,,""
"2021-08-11","'3140KY2K9'","MBS","UMBS MORTPASS 2% 02/36","15yr",,,,,"6114812.79",,,,,,""
"2021-08-11","'3140HNXQ0'","MBS","UMBS MORTPASS 4% 08/48","30yr",,,,,"6112501.18",,,,,,""
"2021-08-11","'3140JRGR6'","MBS","UMBS MORTPASS 4.5% 07/49","30yr",,,,,"6110575.23",,,,,,""
"2021-08-11","'31329QHZ7'","MBS","UMBS MORTPASS 4% 03/49","30yr",,,,,"6107843.16",,,,,,""
"2021-08-11","'31307RR98'","MBS","FHLMCGLD 2.5% 08/31","15yr",,,,,"6104114.04",,,,,,""
"2021-08-11","'3140JWK66'","MBS","UMBS MORTPASS 3.5% 09/49","30yr",,,,,"6099919.34",,,,,,""
"2021-08-11","'31418ARU4'","MBS","UMBS MORTPASS 2.5% 04/23","Other",,,,,"6099511.59",,,,,,""
"2021-08-11","'3128MFQQ4'","MBS","FHLMCGLD 3.5% 06/33","15yr",,,,,"6097963.06",,,,,,""
"2021-08-11","'31339SVP7'","MBS","UMBS MORTPASS 2.5% 10/49","30yr",,,,,"6095065.04",,,,,,""
"2021-08-11","'3140KTZM0'","MBS","UMBS MORTPASS 2% 11/50","30yr",,,,,"6094921.37",,,,,,""
"2021-08-11","'3133A1A69'","MBS","UMBS MORTPASS 3.5% 01/50","30yr",,,,,"6092146.15",,,,,,""
"2021-08-11","'3140K5BB2'","MBS","UMBS MORTPASS 3% 02/50","30yr",,,,,"6086173.53",,,,,,""
"2021-08-11","'3133ACBN7'","MBS","UMBS MORTPASS 2% 11/50","30yr",,,,,"6084469.07",,,,,,""
"2021-08-11","'3140JNN22'","MBS","UMBS MORTPASS 4.5% 02/49","30yr",,,,,"6079972.8",,,,,,""
"2021-08-11","'3620AASM1'","MBS","GNMA I 4.5% 08/39","30yr",,,,,"6076313.08",,,,,,""
"2021-08-11","'3140KMGU8'","MBS","UMBS MORTPASS 1.5% 09/35","15yr",,,,,"6073738.53",,,,,,""
"2021-08-11","'36178DPE5'","MBS","GNMA I MORTPASS 3% 11/42","30yr",,,,,"6068662.51",,,,,,""
"2021-08-11","'3140L8UE8'","MBS","UMBS MORTPASS 2% 05/51","30yr",,,,,"6060710.7",,,,,,""
"2021-08-11","'3138EGQP2'","MBS","UMBS MORTPASS 4% 09/29","Other",,,,,"6055819.8",,,,,,"Y"
"2021-08-11","'3133KGZ35'","MBS","UMBS MORTPASS 3.5% 11/48","30yr",,,,,"6055132.65",,,,,,""
"2021-08-11","'3140LSDR4'","MBS","UMBS MORTPASS 2.5% 06/51","30yr",,,,,"6049526.72",,,,,,""
"2021-08-11","'3133AK4X5'","MBS","UMBS MORTPASS 2% 05/51","30yr",,,,,"6040440.58",,,,,,""
"2021-08-11","'31418BRG3'","MBS","UMBS MORTPASS 2.5% 06/25","Other",,,,,"6039243.01",,,,,,""
"2021-08-11","'3133D3DL6'","MBS","UMBS MORTPASS 3% 11/39","Other",,,,,"6033374.79",,,,,,""
"2021-08-11","'3140JXEA2'","MBS","UMBS MORTPASS 3% 09/49","30yr",,,,,"6029515.48",,,,,,""
"2021-08-11","'3133GC7J5'","MBS","UMBS MORTPASS 2% 05/36","15yr",,,,,"6028148.79",,,,,,""
"2021-08-11","'3140LNMG9'","MBS","UMBS MORTPASS 2.5% 05/51","30yr",,,,,"6027314.24",,,,,,""
"2021-08-11","'3140K1FL5'","MBS","UMBS MORTPASS 3% 09/49","30yr",,,,,"6027042.02",,,,,,""
"2021-08-11","'3138MQGB3'","MBS","UMBS MORTPASS 3.5% 12/42","30yr",,,,,"6026589.17",,,,,,""
"2021-08-11","'3140QFNE5'","MBS","UMBS MORTPASS 1.5% 11/50","30yr",,,,,"6025203.42",,,,,,""
"2021-08-11","'3140QDBH6'","MBS","UMBS MORTPASS 2% 01/50","30yr",,,,,"6024391.27",,,,,,""
"2021-08-11","'3140JMNY4'","MBS","UMBS MORTPASS 4% 02/49","30yr",,,,,"6024282.72",,,,,,""
"2021-08-11","'31292SCD0'","MBS","FHLMCGLD 3.5% 11/44","30yr",,,,,"6023154.29",,,,,,""
"2021-08-11","'3131Y75R4'","MBS","UMBS MORTPASS 4% 12/48","30yr",,,,,"6018583.24",,,,,,""
"2021-08-11","'3131X8BW5'","MBS","UMBS MORTPASS 2.5% 10/27","15yr",,,,,"6017704.96",,,,,,""
"2021-08-11","'3140QCS49'","MBS","UMBS MORTPASS 3% 11/31","15yr",,,,,"6014527.43",,,,,,""
"2021-08-11","'3133KJFX5'","MBS","UMBS MORTPASS 2.5% 06/50","30yr",,,,,"6013097.14",,,,,,""
"2021-08-11","'3140L5B96'","MBS","UMBS MORTPASS 2.5% 03/51","30yr",,,,,"6011800.61",,,,,,""
"2021-08-11","'3131X8CS3'","MBS","UMBS MORTPASS 2.5% 10/27","15yr",,,,,"6011503.36",,,,,,""
"2021-08-11","'3140JWVQ0'","MBS","UMBS MORTPASS 2.5% 09/34","15yr",,,,,"6000426.17",,,,,,""
"2021-08-11","'31418DEQ1'","MBS","UMBS MORTPASS 3.5% 08/39","Other",,,,,"5994961.64",,,,,,""
"2021-08-11","'31346YSV6'","MBS","UMBS MORTPASS 3% 12/49","30yr",,,,,"5993961.38",,,,,,""
"2021-08-11","'3133AAX80'","MBS","UMBS MORTPASS 2.5% 10/50","30yr",,,,,"5990300.03",,,,,,""
"2021-08-11","'3140JLR48'","MBS","UMBS MORTPASS 2% 12/50","30yr",,,,,"5988424.69",,,,,,""
"2021-08-11","'3140KRTR0'","MBS","UMBS MORTPASS 2% 11/50","30yr",,,,,"5984481.85",,,,,,""
"2021-08-11","'3132A9QA8'","MBS","UMBS MORTPASS 2.5% 01/30","15yr",,,,,"5978573.08",,,,,,""
"2021-08-11","'3128MMXC2'","MBS","FHLMCGLD 3.5% 01/33","15yr",,,,,"5976726.46",,,,,,""
"2021-08-11","'3140QGA80'","MBS","UMBS MORTPASS 2.5% 12/50","30yr",,,,,"5971787.69",,,,,,""
"2021-08-11","'3140QEDZ2'","MBS","UMBS MORTPASS 3% 12/49","30yr",,,,,"5969764.91",,,,,,""
"2021-08-11","'3140Q8S89'","MBS","UMBS MORTPASS 3% 03/33","15yr",,,,,"5966893.95",,,,,,""
"2021-08-11","'3140KBRK2'","MBS","UMBS MORTPASS 3% 06/50","30yr",,,,,"5964501.42",,,,,,""
"2021-08-11","'3133A4NE2'","MBS","UMBS MORTPASS 2.5% 05/50","30yr",,,,,"5959022.39",,,,,,""
"2021-08-11","'3140L52Y1'","MBS","UMBS MORTPASS 2.5% 03/51","30yr",,,,,"5957873.33",,,,,,""
"2021-08-11","'3140K55F0'","MBS","UMBS MORTPASS 3.5% 12/49","30yr",,,,,"5957858.51",,,,,,""
"2021-08-11","'3133G8U82'","MBS","UMBS MORTPASS 2% 06/35","15yr",,,,,"5956549.86",,,,,,""
"2021-08-11","'3133AJGF4'","MBS","UMBS MORTPASS 2% 04/51","30yr",,,,,"5953122.7",,,,,,""
"2021-08-11","'3140X7XJ3'","MBS","UMBS MORTPASS 2% 09/50","30yr",,,,,"5949907.64",,,,,,""
"2021-08-11","'3140L8EY2'","MBS","UMBS MORTPASS 2% 05/51","30yr",,,,,"5946108.73",,,,,,""
"2021-08-11","'3133KGJ90'","MBS","UMBS MORTPASS 4.5% 08/49","30yr",,,,,"5945630.22",,,,,,""
"2021-08-11","'3140E8GT9'","MBS","UMBS MORTPASS 2.5% 06/31","15yr",,,,,"5944761.14",,,,,,""
"2021-08-11","'3140KLS94'","MBS","UMBS MORTPASS 2% 08/50","30yr",,,,,"5943994.99",,,,,,""
"2021-08-11","'3140LULQ2'","MBS","UMBS MORTPASS 2.5% 07/51","30yr",,,,,"5943974",,,,,,""
"2021-08-11","'3132A9M20'","MBS","UMBS MORTPASS 2.5% 12/27","15yr",,,,,"5942122.24",,,,,,""
"2021-08-11","'3133AGE21'","MBS","UMBS MORTPASS 2% 02/51","30yr",,,,,"5938725.37",,,,,,""
"2021-08-11","'3140K9SJ9'","MBS","UMBS MORTPASS 3% 02/50","30yr",,,,,"5925688.64",,,,,,""
"2021-08-11","'36180KJJ1'","MBS","GNMA I MORTPASS 3% 04/43","30yr",,,,,"5921219.53",,,,,,""
"2021-08-11","'31418AYS1'","MBS","UMBS MORTPASS 2.5% 10/23","Other",,,,,"5911527.26",,,,,,""
"2021-08-11","'3138ETU87'","MBS","UMBS MORTPASS 2.5% 03/29","15yr",,,,,"5909389.38",,,,,,""
"2021-08-11","'3140LRYY8'","MBS","UMBS MORTPASS 2% 06/51","30yr",,,,,"5907888.7",,,,,,""
"2021-08-11","'3140KKCE2'","MBS","UMBS MORTPASS 2.5% 07/50","30yr",,,,,"5905146.46",,,,,,""
"2021-08-11","'3133GCD25'","MBS","UMBS MORTPASS 2% 03/36","15yr",,,,,"5904437.85",,,,,,""
"2021-08-11","'31329QHU8'","MBS","UMBS MORTPASS 4.5% 03/49","30yr",,,,,"5901469.11",,,,,,""
"2021-08-11","'3133A4ZB5'","MBS","UMBS MORTPASS 3% 05/50","30yr",,,,,"5899139.45",,,,,,""
"2021-08-11","'3140K7CC5'","MBS","UMBS MORTPASS 3% 01/50","30yr",,,,,"5896732.28",,,,,,""
"2021-08-11","'3133A3PA0'","MBS","UMBS MORTPASS 2.5% 04/50","30yr",,,,,"5894621.11",,,,,,""
"2021-08-11","'3140JPYM1'","MBS","UMBS MORTPASS 4% 05/49","30yr",,,,,"5894554.2",,,,,,""
"2021-08-11","'3132A8BG3'","MBS","UMBS MORTPASS 2.5% 06/28","15yr",,,,,"5893406.98",,,,,,""
"2021-08-11","'3140J8CT8'","MBS","UMBS MORTPASS 2.5% 05/30","15yr",,,,,"5888012.05",,,,,,""
"2021-08-11","'3138YKG56'","MBS","UMBS MORTPASS 3% 06/45","30yr",,,,,"5881701.28",,,,,,""
"2021-08-11","'31417GLD6'","MBS","UMBS MORTPASS 2% 05/28","15yr",,,,,"5879296.75",,,,,,""
"2021-08-11","'3133KYRY7'","MBS","UMBS MORTPASS 3.5% 08/39","Other",,,,,"5875879.94",,,,,,""
"2021-08-11","'3133GBT53'","MBS","UMBS MORTPASS 2% 01/36","15yr",,,,,"5865439.96",,,,,,""
"2021-08-11","'3140JUKB9'","MBS","UMBS MORTPASS 3.5% 05/49","30yr",,,,,"5865003.7",,,,,,""
"2021-08-11","'3140KLTP7'","MBS","UMBS MORTPASS 2% 08/35","15yr",,,,,"5864516.41",,,,,,""
"2021-08-11","'3131Y06J6'","MBS","UMBS MORTPASS 4% 04/48","30yr",,,,,"5863949.88",,,,,,""
"2021-08-11","'3140KG2G7'","MBS","UMBS MORTPASS 2.5% 06/50","30yr",,,,,"5859415.72",,,,,,""
"2021-08-11","'3138W16F9'","MBS","UMBS MORTPASS 2% 03/28","15yr",,,,,"5855819.99",,,,,,""
"2021-08-11","'3133A2VY3'","MBS","UMBS MORTPASS 3% 03/50","30yr",,,,,"5850873.24",,,,,,""
"2021-08-11","'3140KHDY4'","MBS","UMBS MORTPASS 2% 07/50","30yr",,,,,"5850726.16",,,,,,""
"2021-08-11","'3132AC2U3'","MBS","UMBS MORTPASS 4% 10/48","30yr",,,,,"5848482.08",,,,,,""
"2021-08-11","'3132L7SL4'","MBS","FHLMCGLD 3.5% 03/45","30yr",,,,,"5842282.48",,,,,,""
"2021-08-11","'3140L0VY0'","MBS","UMBS MORTPASS 2% 01/36","15yr",,,,,"5840539.08",,,,,,""
"2021-08-11","'3140LSXS0'","MBS","UMBS MORTPASS 2.5% 07/51","30yr",,,,,"5839577",,,,,,""
"2021-08-11","'3140KS6W2'","MBS","UMBS MORTPASS 2% 10/50","30yr",,,,,"5833939.28",,,,,,""
"2021-08-11","'3133GCAS1'","MBS","UMBS MORTPASS 1.5% 02/36","15yr",,,,,"5824950.78",,,,,,""
"2021-08-11","'3128MMXV0'","MBS","FHLMCGLD 3% 06/33","15yr",,,,,"5818878.58",,,,,,""
"2021-08-11","'3140HHT47'","MBS","UMBS MORTPASS 3.5% 04/48","30yr",,,,,"5817075.79",,,,,,""
"2021-08-11","'3133ALXY9'","MBS","UMBS MORTPASS 2% 05/51","30yr",,,,,"5816771.34",,,,,,""
"2021-08-11","'3132DV6S9'","MBS","UMBS MORTPASS 1.5% 09/50","30yr",,,,,"5814470.62",,,,,,""
"2021-08-11","'3140L8WH9'","MBS","UMBS MORTPASS 1.5% 05/36","15yr",,,,,"5806137.75",,,,,,""
"2021-08-11","'3128MC4Q5'","MBS","FHLMCGLD 4.5% 01/25","15yr",,,,,"5804087.15",,,,,,"Y"
"2021-08-11","'3133ACRM2'","MBS","UMBS MORTPASS 2% 11/50","30yr",,,,,"5802583.31",,,,,,""
"2021-08-11","'3140K85A5'","MBS","UMBS MORTPASS 2.5% 03/51","30yr",,,,,"5799855.93",,,,,,""
"2021-08-11","'3131YBQM3'","MBS","UMBS MORTPASS 4.5% 04/49","30yr",,,,,"5797593.6",,,,,,""
"2021-08-11","'3140K8R60'","MBS","UMBS MORTPASS 2.5% 03/50","30yr",,,,,"5796725.9",,,,,,""
"2021-08-11","'3140KUD74'","MBS","UMBS MORTPASS 2% 11/50","30yr",,,,,"5795413.37",,,,,,""
"2021-08-11","'3132A8CQ0'","MBS","UMBS MORTPASS 2.5% 01/29","15yr",,,,,"5795294.27",,,,,,""
"2021-08-11","'31418CYE8'","MBS","UMBS MORTPASS 3.5% 07/28","Other",,,,,"5790800.3",,,,,,""
"2021-08-11","'3132CWRX4'","MBS","UMBS MORTPASS 1.5% 02/36","15yr",,,,,"5789979.98",,,,,,""
"2021-08-11","'3133L8B95'","MBS","UMBS MORTPASS 1.5% 03/36","15yr",,,,,"5789732.27",,,,,,""
"2021-08-11","'31418BTW6'","MBS","UMBS MORTPASS 2.5% 08/25","Other",,,,,"5789040.82",,,,,,""
"2021-08-11","'3132AAMC5'","MBS","UMBS MORTPASS 2.5% 03/38","Other",,,,,"5786033.98",,,,,,""
"2021-08-11","'3140KXF76'","MBS","UMBS MORTPASS 1.5% 12/35","15yr",,,,,"5785741.99",,,,,,""
"2021-08-11","'3140KVKP4'","MBS","UMBS MORTPASS 1.5% 12/35","15yr",,,,,"5785053.21",,,,,,""
"2021-08-11","'3133A9TG0'","MBS","UMBS MORTPASS 2.5% 09/50","30yr",,,,,"5780630.09",,,,,,""
"2021-08-11","'3140L7ZD7'","MBS","UMBS MORTPASS 2.5% 03/51","30yr",,,,,"5773319.3",,,,,,""
"2021-08-11","'3140X7H36'","MBS","UMBS MORTPASS 2% 07/35","15yr",,,,,"5770058.09",,,,,,""
"2021-08-11","'3140HHSY2'","MBS","UMBS MORTPASS 4.5% 11/48","30yr",,,,,"5770034.67",,,,,,""
"2021-08-11","'3140JXKT4'","MBS","UMBS MORTPASS 3% 10/34","15yr",,,,,"5767978.94",,,,,,""
"2021-08-11","'3140QHPG4'","MBS","UMBS MORTPASS 1.5% 03/36","15yr",,,,,"5763250.13",,,,,,""
"2021-08-11","'3138WGR48'","MBS","UMBS MORTPASS 2.5% 03/31","15yr",,,,,"5763137.74",,,,,,""
"2021-08-11","'31418DDC3'","MBS","UMBS MORTPASS 3.5% 07/39","Other",,,,,"5763120.86",,,,,,""
"2021-08-11","'3133ACVB1'","MBS","UMBS MORTPASS 2.5% 12/50","30yr",,,,,"5758529.75",,,,,,""
"2021-08-11","'3140X42R6'","MBS","UMBS MORTPASS 2.5% 08/34","15yr",,,,,"5754899.63",,,,,,""
"2021-08-11","'3140JVBZ4'","MBS","UMBS MORTPASS 3.5% 06/49","30yr",,,,,"5754736.98",,,,,,""
"2021-08-11","'3132JPVJ8'","MBS","FHLMCGLD 4% 10/43","30yr",,,,,"5753056.2",,,,,,""
"2021-08-11","'3140K3PG1'","MBS","UMBS MORTPASS 3% 03/50","30yr",,,,,"5752859.51",,,,,,""
"2021-08-11","'3140KHV57'","MBS","UMBS MORTPASS 2.5% 06/50","30yr",,,,,"5750733.67",,,,,,""
"2021-08-11","'3133LPSX6'","MBS","UMBS MORTPASS 2% 09/30","Other",,,,,"5749935.62",,,,,,""
"2021-08-11","'3140JSPU7'","MBS","UMBS MORTPASS 3% 06/49","30yr",,,,,"5747675.51",,,,,,""
"2021-08-11","'3131Y9TL7'","MBS","UMBS MORTPASS 4% 02/49","30yr",,,,,"5744834.58",,,,,,""
"2021-08-11","'3140JYTA4'","MBS","UMBS MORTPASS 3% 08/49","30yr",,,,,"5740276.45",,,,,,""
"2021-08-11","'3133AGN62'","MBS","UMBS MORTPASS 1.5% 03/51","30yr",,,,,"5738448.19",,,,,,""
"2021-08-11","'3133L7RT6'","MBS","UMBS MORTPASS 2% 02/28","15yr",,,,,"5737120.49",,,,,,""
"2021-08-11","'3128MMXG3'","MBS","FHLMCGLD 3.5% 02/33","15yr",,,,,"5736161.46",,,,,,""
"2021-08-11","'3133A2DJ6'","MBS","UMBS MORTPASS 3% 02/50","30yr",,,,,"5732821.43",,,,,,""
"2021-08-11","'3133ALB31'","MBS","UMBS MORTPASS 2% 05/51","30yr",,,,,"5732090.04",,,,,,""
"2021-08-11","'3132J4Q85'","MBS","FHLMCGLD 4.5% 03/34","Other",,,,,"5731696.95",,,,,,"Y"
"2021-08-11","'3140LP6G2'","MBS","UMBS MORTPASS 1.5% 05/36","15yr",,,,,"5731341.39",,,,,,""
"2021-08-11","'3140L5ZU3'","MBS","UMBS MORTPASS 2% 03/51","30yr",,,,,"5730125.58",,,,,,""
"2021-08-11","'3140LRPH5'","MBS","UMBS MORTPASS 1.5% 06/36","15yr",,,,,"5725500.26",,,,,,""
"2021-08-11","'3140GYKE8'","MBS","UMBS MORTPASS 3% 02/33","15yr",,,,,"5723678.56",,,,,,""
"2021-08-11","'3132ADX29'","MBS","UMBS MORTPASS 3% 12/48","30yr",,,,,"5721715.64",,,,,,""
"2021-08-11","'31418CBT0'","MBS","UMBS MORTPASS 2.5% 09/36","Other",,,,,"5713769.74",,,,,,""
"2021-08-11","'3140L7HC9'","MBS","UMBS MORTPASS 2.5% 05/51","30yr",,,,,"5711181.41",,,,,,""
"2021-08-11","'31339S5Q4'","MBS","UMBS MORTPASS 2.5% 10/49","30yr",,,,,"5710488.14",,,,,,""
"2021-08-11","'3132L6A76'","MBS","FHLMCGLD 4% 12/43","30yr",,,,,"5710080.31",,,,,,""
"2021-08-11","'3140KTPA7'","MBS","UMBS MORTPASS 2.5% 11/50","30yr",,,,,"5709523.99",,,,,,""
"2021-08-11","'3133KKZB8'","MBS","UMBS MORTPASS 1.5% 01/51","30yr",,,,,"5708895.31",,,,,,""
"2021-08-11","'3140KBH56'","MBS","UMBS MORTPASS 3% 03/50","30yr",,,,,"5707207.31",,,,,,""
"2021-08-11","'3140L3SL6'","MBS","UMBS MORTPASS 2% 02/36","15yr",,,,,"5704354.66",,,,,,""
"2021-08-11","'3131YAUQ1'","MBS","UMBS MORTPASS 4.5% 03/49","30yr",,,,,"5702224.62",,,,,,""
"2021-08-11","'31334YQH3'","MBS","UMBS MORTPASS 3% 09/49","30yr",,,,,"5702179.74",,,,,,""
"2021-08-11","'3140HFJJ9'","MBS","UMBS MORTPASS 3% 02/50","30yr",,,,,"5701158.98",,,,,,""
"2021-08-11","'3140JUDR2'","MBS","UMBS MORTPASS 3.5% 06/49","30yr",,,,,"5695018.43",,,,,,""
"2021-08-11","'3128MJUR9'","MBS","FHLMCGLD 3.5% 06/44","30yr",,,,,"5689290.61",,,,,,""
"2021-08-11","'3131XBM63'","MBS","UMBS MORTPASS 3% 03/27","15yr",,,,,"5688839.02",,,,,,""
"2021-08-11","'31418DJE3'","MBS","UMBS MORTPASS 2% 11/29","Other",,,,,"5688263.34",,,,,,""
"2021-08-11","'3140L2DC4'","MBS","UMBS MORTPASS 1.5% 02/36","15yr",,,,,"5686809.77",,,,,,""
"2021-08-11","'3133AKRY8'","MBS","UMBS MORTPASS 2.5% 05/51","30yr",,,,,"5686698.31",,,,,,""
"2021-08-11","'31329KW83'","MBS","UMBS MORTPASS 3% 09/37","Other",,,,,"5685073.82",,,,,,""
"2021-08-11","'3131Y0Z88'","MBS","UMBS MORTPASS 4% 04/48","30yr",,,,,"5683465.48",,,,,,""
"2021-08-11","'3133AMJA5'","MBS","UMBS MORTPASS 2.5% 06/51","30yr",,,,,"5681683.53",,,,,,""
"2021-08-11","'3140QDNR1'","MBS","UMBS MORTPASS 3% 10/34","15yr",,,,,"5678794.6",,,,,,""
"2021-08-11","'31416YXK9'","MBS","UMBS MORTPASS 3.5% 08/26","15yr",,,,,"5676157.62",,,,,,""
"2021-08-11","'3620A8CV3'","MBS","GNMA I MORTPASS 3% 04/43","30yr",,,,,"5674823.57",,,,,,""
"2021-08-11","'31417GWM4'","MBS","UMBS MORTPASS 2.5% 06/28","15yr",,,,,"5673352.58",,,,,,""
"2021-08-11","'3140L6Y73'","MBS","UMBS MORTPASS 2.5% 04/51","30yr",,,,,"5672427.35",,,,,,""
"2021-08-11","'3138ELGJ6'","MBS","UMBS MORTPASS 3% 05/28","15yr",,,,,"5664928.92",,,,,,""
"2021-08-11","'31418AU22'","MBS","UMBS MORTPASS 2% 07/23","Other",,,,,"5664386.13",,,,,,""
"2021-08-11","'3133AGXT1'","MBS","UMBS MORTPASS 2.5% 03/51","30yr",,,,,"5661395.06",,,,,,""
"2021-08-11","'31334XTZ2'","MBS","UMBS MORTPASS 3.5% 08/49","30yr",,,,,"5661157.83",,,,,,""
"2021-08-11","'3140JR6G1'","MBS","UMBS MORTPASS 1.5% 02/36","15yr",,,,,"5660909.74",,,,,,""
"2021-08-11","'31418CZE7'","MBS","UMBS MORTPASS 3.5% 08/38","Other",,,,,"5655883.51",,,,,,""
"2021-08-11","'3140X6AZ4'","MBS","UMBS MORTPASS 2.5% 04/35","15yr",,,,,"5654131.62",,,,,,""
"2021-08-11","'3140KM4B3'","MBS","UMBS MORTPASS 2% 10/50","30yr",,,,,"5651985.4",,,,,,""
"2021-08-11","'36178EDD8'","MBS","GNMA I MORTPASS 3% 05/43","30yr",,,,,"5649858.58",,,,,,""
"2021-08-11","'3140KRHN2'","MBS","UMBS MORTPASS 2.5% 10/50","30yr",,,,,"5646402.66",,,,,,""
"2021-08-11","'3140K2Q64'","MBS","UMBS MORTPASS 2% 05/51","30yr",,,,,"5641397.29",,,,,,""
"2021-08-11","'3133A3GY8'","MBS","UMBS MORTPASS 2.5% 03/50","30yr",,,,,"5641376.78",,,,,,""
"2021-08-11","'3140X4LT1'","MBS","UMBS MORTPASS 2.5% 01/24","Other",,,,,"5641123.28",,,,,,""
"2021-08-11","'3140K14V5'","MBS","UMBS MORTPASS 3% 12/34","15yr",,,,,"5639383.9",,,,,,""
"2021-08-11","'3140X4FD3'","MBS","UMBS MORTPASS 2% 09/29","15yr",,,,,"5638099.72",,,,,,""
"2021-08-11","'3140X7VZ9'","MBS","UMBS MORTPASS 2.5% 09/50","30yr",,,,,"5636640.71",,,,,,""
"2021-08-11","'31418C4B7'","MBS","UMBS MORTPASS 3.5% 11/33","15yr",,,,,"5634291.96",,,,,,""
"2021-08-11","'3138ELF24'","MBS","UMBS MORTPASS 2% 07/28","15yr",,,,,"5629795.86",,,,,,""
"2021-08-11","'3140X8EJ2'","MBS","UMBS MORTPASS 2% 10/50","30yr",,,,,"5626752.03",,,,,,""
"2021-08-11","'31329QWW7'","MBS","UMBS MORTPASS 3.5% 01/48","30yr",,,,,"5626649.52",,,,,,""
"2021-08-11","'3133A2ZC7'","MBS","UMBS MORTPASS 3% 03/50","30yr",,,,,"5626360.9",,,,,,""
"2021-08-11","'3131YBN20'","MBS","UMBS MORTPASS 3.5% 04/49","30yr",,,,,"5622768.43",,,,,,""
"2021-08-11","'3133A74Q9'","MBS","UMBS MORTPASS 2.5% 08/50","30yr",,,,,"5619940.94",,,,,,""
"2021-08-11","'31334YHT7'","MBS","UMBS MORTPASS 3% 08/49","30yr",,,,,"5618567.56",,,,,,""
"2021-08-11","'3133ALGZ5'","MBS","UMBS MORTPASS 2% 05/51","30yr",,,,,"5618136.96",,,,,,""
"2021-08-11","'3133L77L5'","MBS","UMBS MORTPASS 1.5% 12/35","15yr",,,,,"5617988.2",,,,,,""
"2021-08-11","'3140KHDZ1'","MBS","UMBS MORTPASS 2.5% 07/50","30yr",,,,,"5616583.05",,,,,,""
"2021-08-11","'3140LPYL0'","MBS","UMBS MORTPASS 1.5% 05/36","15yr",,,,,"5612992.03",,,,,,""
"2021-08-11","'3132A9UW5'","MBS","UMBS MORTPASS 3% 05/33","15yr",,,,,"5612080.46",,,,,,""
"2021-08-11","'3140K8MG3'","MBS","UMBS MORTPASS 3.5% 01/50","30yr",,,,,"5609892.82",,,,,,""
"2021-08-11","'3132M4QW8'","MBS","FHLMCGLD 3.5% 01/44","30yr",,,,,"5601943.88",,,,,,""
"2021-08-11","'3133A0B94'","MBS","UMBS MORTPASS 3% 12/49","30yr",,,,,"5601781.85",,,,,,""
"2021-08-11","'3140F26C9'","MBS","UMBS MORTPASS 2.5% 07/31","15yr",,,,,"5598562.76",,,,,,""
"2021-08-11","'3140KRYP8'","MBS","UMBS MORTPASS 2% 10/50","30yr",,,,,"5586190.18",,,,,,""
"2021-08-11","'31329LFE7'","MBS","UMBS MORTPASS 2.5% 03/28","15yr",,,,,"5583450.09",,,,,,""
"2021-08-11","'3140JG4W2'","MBS","UMBS MORTPASS 2.5% 04/50","30yr",,,,,"5581591.87",,,,,,""
"2021-08-11","'3140L06R3'","MBS","UMBS MORTPASS 1.5% 02/36","15yr",,,,,"5576208.98",,,,,,""
"2021-08-11","'31329QTQ4'","MBS","UMBS MORTPASS 3.5% 05/39","Other",,,,,"5575918.72",,,,,,""
"2021-08-11","'3140KY6L3'","MBS","UMBS MORTPASS 2% 12/50","30yr",,,,,"5572432.06",,,,,,""
"2021-08-11","'3140L3S51'","MBS","UMBS MORTPASS 2.5% 02/51","30yr",,,,,"5569179.59",,,,,,""
"2021-08-11","'3133ADMY9'","MBS","UMBS MORTPASS 2% 12/50","30yr",,,,,"5566897.96",,,,,,""
"2021-08-11","'3133ADLY0'","MBS","UMBS MORTPASS 1.5% 11/50","30yr",,,,,"5565446.62",,,,,,""
"2021-08-11","'3132D54X7'","MBS","UMBS MORTPASS 2% 02/35","15yr",,,,,"5565027.69",,,,,,""
"2021-08-11","'3138WGPX6'","MBS","UMBS MORTPASS 2.5% 03/31","15yr",,,,,"5560735.92",,,,,,""
"2021-08-11","'3140QAHW3'","MBS","UMBS MORTPASS 4% 01/49","30yr",,,,,"5558002.5",,,,,,""
"2021-08-11","'3133A4EB8'","MBS","UMBS MORTPASS 2% 04/50","30yr",,,,,"5557738.97",,,,,,""
"2021-08-11","'3140QEWS7'","MBS","UMBS MORTPASS 2% 09/50","30yr",,,,,"5557267.85",,,,,,""
"2021-08-11","'3133AKFD7'","MBS","UMBS MORTPASS 2% 04/51","30yr",,,,,"5556897.26",,,,,,""
"2021-08-11","'3140L3GK1'","MBS","UMBS MORTPASS 1.5% 03/36","15yr",,,,,"5555813.52",,,,,,""
"2021-08-11","'3140K2QT4'","MBS","UMBS MORTPASS 2.5% 04/51","30yr",,,,,"5552758.89",,,,,,""
"2021-08-11","'3133G7QV8'","MBS","UMBS MORTPASS 3% 01/35","15yr",,,,,"5551707.54",,,,,,""
"2021-08-11","'3140JNYA2'","MBS","UMBS MORTPASS 3.5% 06/49","30yr",,,,,"5550813.7",,,,,,""
"2021-08-11","'3133AFTN1'","MBS","UMBS MORTPASS 1.5% 02/51","30yr",,,,,"5550180.11",,,,,,""
"2021-08-11","'31418CE59'","MBS","UMBS MORTPASS 2% 12/26","Other",,,,,"5548050.88",,,,,,""
"2021-08-11","'3140KEWT1'","MBS","UMBS MORTPASS 3% 06/50","30yr",,,,,"5547983.7",,,,,,""
"2021-08-11","'3133KHGV2'","MBS","UMBS MORTPASS 3.5% 01/50","30yr",,,,,"5541647.12",,,,,,""
"2021-08-11","'3140LN7D3'","MBS","UMBS MORTPASS 1.5% 05/36","15yr",,,,,"5541216.15",,,,,,""
"2021-08-11","'3140JVVK5'","MBS","UMBS MORTPASS 4% 07/49","30yr",,,,,"5535929.09",,,,,,""
"2021-08-11","'3140L5XN1'","MBS","UMBS MORTPASS 1.5% 04/36","15yr",,,,,"5534053.61",,,,,,""
"2021-08-11","'3140HN4Y5'","MBS","UMBS MORTPASS 4% 08/48","30yr",,,,,"5531773.22",,,,,,""
"2021-08-11","'3133AM7F7'","MBS","UMBS MORTPASS 2% 05/51","30yr",,,,,"5528947.6",,,,,,""
"2021-08-11","'3138WCZ55'","MBS","UMBS MORTPASS 3% 10/29","15yr",,,,,"5525324.61",,,,,,""
"2021-08-11","'3140KDDJ6'","MBS","UMBS MORTPASS 2.5% 06/50","30yr",,,,,"5521695.45",,,,,,""
"2021-08-11","'3128MFKH0'","MBS","FHLMCGLD 3.5% 02/33","15yr",,,,,"5520448.71",,,,,,""
"2021-08-11","'3140FDYN0'","MBS","UMBS MORTPASS 2.5% 08/31","15yr",,,,,"5519809.95",,,,,,""
"2021-08-11","'3133AAQK1'","MBS","UMBS MORTPASS 2% 09/50","30yr",,,,,"5519787.94",,,,,,""
"2021-08-11","'3140JYRH1'","MBS","UMBS MORTPASS 3% 10/49","30yr",,,,,"5519437.85",,,,,,""
"2021-08-11","'3140JSAW9'","MBS","UMBS MORTPASS 2.5% 02/51","30yr",,,,,"5511912.02",,,,,,""
"2021-08-11","'3140KBHS6'","MBS","UMBS MORTPASS 2.5% 03/50","30yr",,,,,"5510572.69",,,,,,""
"2021-08-11","'3140KQJR3'","MBS","UMBS MORTPASS 2% 11/50","30yr",,,,,"5510258.69",,,,,,""
"2021-08-11","'3140L3ZR5'","MBS","UMBS MORTPASS 2% 02/51","30yr",,,,,"5508474.53",,,,,,""
"2021-08-11","'3140X9YR0'","MBS","UMBS MORTPASS 1.5% 01/51","30yr",,,,,"5506273.08",,,,,,""
"2021-08-11","'31418DAN2'","MBS","UMBS MORTPASS 4% 03/39","Other",,,,,"5505961.68",,,,,,""
"2021-08-11","'3132A5HT5'","MBS","UMBS MORTPASS 3% 11/47","30yr",,,,,"5505252.07",,,,,,""
"2021-08-11","'3140K5JY4'","MBS","UMBS MORTPASS 2% 02/35","15yr",,,,,"5502514.64",,,,,,""
"2021-08-11","'3133AFWJ6'","MBS","UMBS MORTPASS 1.5% 02/51","30yr",,,,,"5499188.85",,,,,,""
"2021-08-11","'3140JLB52'","MBS","UMBS MORTPASS 3.5% 03/49","30yr",,,,,"5498743.49",,,,,,""
"2021-08-11","'3140HGLP0'","MBS","UMBS MORTPASS 1.5% 09/35","15yr",,,,,"5498693.46",,,,,,""
"2021-08-11","'31329QYP0'","MBS","UMBS MORTPASS 3.5% 05/49","30yr",,,,,"5498650.9",,,,,,""
"2021-08-11","'3133GANN2'","MBS","UMBS MORTPASS 1.5% 11/35","15yr",,,,,"5493342.05",,,,,,""
"2021-08-11","'3140L6TK0'","MBS","UMBS MORTPASS 2.5% 03/51","30yr",,,,,"5489266.36",,,,,,""
"2021-08-11","'31418BHZ2'","MBS","UMBS MORTPASS 2.5% 10/24","Other",,,,,"5489130.17",,,,,,""
"2021-08-11","'3133AL6X1'","MBS","UMBS MORTPASS 2% 06/51","30yr",,,,,"5488223.05",,,,,,""
"2021-08-11","'3133KYT90'","MBS","UMBS MORTPASS 2% 08/40","Other",,,,,"5487133.29",,,,,,""
"2021-08-11","'3133ADXC5'","MBS","UMBS MORTPASS 2.5% 12/50","30yr",,,,,"5485605.02",,,,,,""
"2021-08-11","'3140K9LD9'","MBS","UMBS MORTPASS 3.5% 02/50","30yr",,,,,"5485528.08",,,,,,""
"2021-08-11","'3140EY2Y6'","MBS","UMBS MORTPASS 2.5% 04/31","15yr",,,,,"5484436.32",,,,,,""
"2021-08-11","'3133GAS72'","MBS","UMBS MORTPASS 1.5% 11/35","15yr",,,,,"5481555.71",,,,,,""
"2021-08-11","'31418AXF0'","MBS","UMBS MORTPASS 2.5% 09/23","Other",,,,,"5478118.83",,,,,,""
"2021-08-11","'3140JGLK9'","MBS","UMBS MORTPASS 4.5% 12/48","30yr",,,,,"5477208.92",,,,,,""
"2021-08-11","'31417C3D5'","MBS","UMBS MORTPASS 2.5% 09/27","15yr",,,,,"5474157.75",,,,,,""
"2021-08-11","'3133A9KV6'","MBS","UMBS MORTPASS 2% 09/50","30yr",,,,,"5471924.56",,,,,,""
"2021-08-11","'31334Y2C0'","MBS","UMBS MORTPASS 3% 09/49","30yr",,,,,"5468565.88",,,,,,""
"2021-08-11","'3133AAJV5'","MBS","UMBS MORTPASS 2.5% 09/50","30yr",,,,,"5463188",,,,,,""
"2021-08-11","'3140KRCZ0'","MBS","UMBS MORTPASS 2.5% 11/50","30yr",,,,,"5462229.51",,,,,,""
"2021-08-11","'3140L84J6'","MBS","UMBS MORTPASS 2% 06/51","30yr",,,,,"5462064.3",,,,,,""
"2021-08-11","'3133AKVQ0'","MBS","UMBS MORTPASS 2.5% 05/51","30yr",,,,,"5461560.54",,,,,,""
"2021-08-11","'36179M5P1'","MBS","GNMA II 4.5% 03/43","30yr",,,,,"5457982.82",,,,,,""
"2021-08-11","'3140KUQE5'","MBS","UMBS MORTPASS 2% 12/50","30yr",,,,,"5454996.3",,,,,,""
"2021-08-11","'3128MMWJ8'","MBS","FHLMCGLD 3.5% 06/32","15yr",,,,,"5454690.13",,,,,,""
"2021-08-11","'3138E0SE0'","MBS","UMBS MORTPASS 3% 12/26","15yr",,,,,"5454446.06",,,,,,""
"2021-08-11","'3140JHSQ7'","MBS","UMBS MORTPASS 4% 09/48","30yr",,,,,"5452643.73",,,,,,""
"2021-08-11","'3140FVUG9'","MBS","UMBS MORTPASS 3% 04/32","15yr",,,,,"5451488.96",,,,,,""
"2021-08-11","'3133ALE53'","MBS","UMBS MORTPASS 2.5% 05/46","30yr",,,,,"5449556.31",,,,,,""
"2021-08-11","'3140K84G3'","MBS","UMBS MORTPASS 2% 09/50","30yr",,,,,"5444682.77",,,,,,""
"2021-08-11","'3140K34P4'","MBS","UMBS MORTPASS 2% 12/50","30yr",,,,,"5444485.29",,,,,,""
"2021-08-11","'36179SSN8'","MBS","GNMA II 2.5% 12/46","30yr",,,,,"5440960.17",,,,,,""
"2021-08-11","'3140L7BU5'","MBS","UMBS MORTPASS 2% 04/51","30yr",,,,,"5438844.25",,,,,,""
"2021-08-11","'3140KVJ43'","MBS","UMBS MORTPASS 1.5% 12/35","15yr",,,,,"5430366.01",,,,,,""
"2021-08-11","'3140KLWZ1'","MBS","UMBS MORTPASS 2.5% 09/50","30yr",,,,,"5430093.35",,,,,,""
"2021-08-11","'3138XDUX6'","MBS","UMBS MORTPASS 3% 01/29","15yr",,,,,"5426685.64",,,,,,""
"2021-08-11","'31417DF24'","MBS","UMBS MORTPASS 2.5% 10/27","15yr",,,,,"5426658.01",,,,,,""
"2021-08-11","'3140L6JE5'","MBS","UMBS MORTPASS 2% 04/36","15yr",,,,,"5423409.37",,,,,,""
"2021-08-11","'3138EGXQ2'","MBS","UMBS MORTPASS 5% 07/39","30yr",,,,,"5421017.25",,,,,,"Y"
"2021-08-11","'3133ANS47'","MBS","UMBS MORTPASS 2% 07/51","30yr",,,,,"5415844",,,,,,""
"2021-08-11","'3131X8XB7'","MBS","UMBS MORTPASS 2.5% 03/28","15yr",,,,,"5414191.51",,,,,,""
"2021-08-11","'31329P6A6'","MBS","UMBS MORTPASS 4.5% 01/49","30yr",,,,,"5413408.37",,,,,,""
"2021-08-11","'3140JUB45'","MBS","UMBS MORTPASS 3% 10/49","30yr",,,,,"5411896.81",,,,,,""
"2021-08-11","'3140X4ZE9'","MBS","UMBS MORTPASS 2.5% 04/30","15yr",,,,,"5404569.56",,,,,,""
"2021-08-11","'3140X6E49'","MBS","UMBS MORTPASS 2.5% 04/38","Other",,,,,"5396422.07",,,,,,""
"2021-08-11","'3140L1QL2'","MBS","UMBS MORTPASS 1.5% 02/51","30yr",,,,,"5395775.16",,,,,,""
"2021-08-11","'3140HJ7M7'","MBS","UMBS MORTPASS 4% 07/48","30yr",,,,,"5394940.43",,,,,,""
"2021-08-11","'3133A4S49'","MBS","UMBS MORTPASS 3% 05/50","30yr",,,,,"5394723.54",,,,,,""
"2021-08-11","'3140KEBG2'","MBS","UMBS MORTPASS 2.5% 05/50","30yr",,,,,"5393114.36",,,,,,""
"2021-08-11","'3140Q9WN9'","MBS","UMBS MORTPASS 3.5% 09/48","30yr",,,,,"5391867.37",,,,,,""
"2021-08-11","'3140JVBW1'","MBS","UMBS MORTPASS 4% 06/49","30yr",,,,,"5389895.84",,,,,,""
"2021-08-11","'3132JARR8'","MBS","FHLMCGLD 3.5% 06/43","30yr",,,,,"5388719.82",,,,,,""
"2021-08-11","'3140JNW63'","MBS","UMBS MORTPASS 4% 05/49","30yr",,,,,"5386376.21",,,,,,""
"2021-08-11","'3131XBNG0'","MBS","UMBS MORTPASS 2.5% 11/28","15yr",,,,,"5383200.43",,,,,,""
"2021-08-11","'3140L5UU8'","MBS","UMBS MORTPASS 2% 05/51","30yr",,,,,"5381850.82",,,,,,""
"2021-08-11","'3140KLNY4'","MBS","UMBS MORTPASS 2.5% 08/50","30yr",,,,,"5379731.82",,,,,,""
"2021-08-11","'3140HNDR0'","MBS","UMBS MORTPASS 2% 11/50","30yr",,,,,"5379156.33",,,,,,""
"2021-08-11","'3133A0ZG2'","MBS","UMBS MORTPASS 4% 01/50","30yr",,,,,"5375498.63",,,,,,""
"2021-08-11","'3133AAQ21'","MBS","UMBS MORTPASS 2% 10/50","30yr",,,,,"5373109.46",,,,,,""
"2021-08-11","'3140LPYM8'","MBS","UMBS MORTPASS 1.5% 04/51","30yr",,,,,"5372500.26",,,,,,""
"2021-08-11","'3132A87K9'","MBS","UMBS MORTPASS 2.5% 01/31","15yr",,,,,"5372404.65",,,,,,""
"2021-08-11","'3128MEWP2'","MBS","FHLMCGLD 3% 02/26","15yr",,,,,"5371263.05",,,,,,""
"2021-08-11","'3140HD3Q5'","MBS","UMBS MORTPASS 4% 04/48","30yr",,,,,"5370494.29",,,,,,""
"2021-08-11","'3140QA6E5'","MBS","UMBS MORTPASS 4% 11/48","30yr",,,,,"5365281.63",,,,,,""
"2021-08-11","'3140QHCT0'","MBS","UMBS MORTPASS 2% 02/51","30yr",,,,,"5362952.23",,,,,,""
"2021-08-11","'3140X6CC3'","MBS","UMBS MORTPASS 2% 02/32","15yr",,,,,"5361980.91",,,,,,""
"2021-08-11","'3133GCNV0'","MBS","UMBS MORTPASS 1.5% 04/36","15yr",,,,,"5359389.7",,,,,,""
"2021-08-11","'3140F9AH8'","MBS","UMBS MORTPASS 2.5% 07/31","15yr",,,,,"5359000.49",,,,,,""
"2021-08-11","'3140L3MC2'","MBS","UMBS MORTPASS 2% 02/51","30yr",,,,,"5355002.47",,,,,,""
"2021-08-11","'3140KUYX4'","MBS","UMBS MORTPASS 2.5% 12/50","30yr",,,,,"5354998.27",,,,,,""
"2021-08-11","'3131XBM71'","MBS","UMBS MORTPASS 3% 03/27","15yr",,,,,"5354543.5",,,,,,""
"2021-08-11","'3132DV5F8'","MBS","UMBS MORTPASS 4% 02/50","30yr",,,,,"5351124.7",,,,,,""
"2021-08-11","'3140K06S2'","MBS","UMBS MORTPASS 3% 12/49","30yr",,,,,"5350699.62",,,,,,""
"2021-08-11","'3140KY4E1'","MBS","UMBS MORTPASS 1.5% 01/36","15yr",,,,,"5347986.86",,,,,,""
"2021-08-11","'3140L2PL1'","MBS","UMBS MORTPASS 2% 02/51","30yr",,,,,"5347458.75",,,,,,""
"2021-08-11","'3132A8SX8'","MBS","UMBS MORTPASS 2% 01/31","15yr",,,,,"5347064.44",,,,,,""
"2021-08-11","'36202EZ93'","MBS","GNMA II 4.5% 02/39","30yr",,,,,"5346726.86",,,,,,""
"2021-08-11","'3140QAKE9'","MBS","UMBS MORTPASS 3.5% 06/48","30yr",,,,,"5345610.16",,,,,,""
"2021-08-11","'3132A9SJ7'","MBS","UMBS MORTPASS 2.5% 09/31","15yr",,,,,"5343898.6",,,,,,""
"2021-08-11","'3133A36H6'","MBS","UMBS MORTPASS 2.5% 04/50","30yr",,,,,"5342295.91",,,,,,""
"2021-08-11","'3140HBJZ2'","MBS","UMBS MORTPASS 3.5% 02/48","30yr",,,,,"5342227.4",,,,,,""
"2021-08-11","'3133APAF6'","MBS","UMBS MORTPASS 2% 07/51","30yr",,,,,"5337990",,,,,,""
"2021-08-11","'3140JLRT3'","MBS","UMBS MORTPASS 2% 11/50","30yr",,,,,"5335418.01",,,,,,""
"2021-08-11","'3140JVEP3'","MBS","UMBS MORTPASS 4% 08/49","30yr",,,,,"5335073.81",,,,,,""
"2021-08-11","'3140JN7C8'","MBS","UMBS MORTPASS 3% 05/49","30yr",,,,,"5334511.08",,,,,,""
"2021-08-11","'3140L1RU1'","MBS","UMBS MORTPASS 1.5% 02/51","30yr",,,,,"5333874.77",,,,,,""
"2021-08-11","'31418DKY7'","MBS","UMBS MORTPASS 2% 01/35","15yr",,,,,"5333537.13",,,,,,""
"2021-08-11","'3133KGUP1'","MBS","UMBS MORTPASS 4% 10/49","30yr",,,,,"5333035.42",,,,,,""
"2021-08-11","'3140KYNN0'","MBS","UMBS MORTPASS 2.5% 01/51","30yr",,,,,"5331276.32",,,,,,""
"2021-08-11","'3140X8QV2'","MBS","UMBS MORTPASS 2.5% 12/50","30yr",,,,,"5324869.71",,,,,,""
"2021-08-11","'3140KQJ36'","MBS","UMBS MORTPASS 2% 09/50","30yr",,,,,"5322607.78",,,,,,""
"2021-08-11","'3133AGU49'","MBS","UMBS MORTPASS 2% 03/51","30yr",,,,,"5321502.68",,,,,,""
"2021-08-11","'3140HFGF0'","MBS","UMBS MORTPASS 3.5% 04/48","30yr",,,,,"5319748.32",,,,,,""
"2021-08-11","'3140KCCH3'","MBS","UMBS MORTPASS 2.5% 03/50","30yr",,,,,"5318034.51",,,,,,""
"2021-08-11","'3140KAMM5'","MBS","UMBS MORTPASS 3% 03/50","30yr",,,,,"5313674.1",,,,,,""
"2021-08-11","'31346YUZ4'","MBS","UMBS MORTPASS 3% 12/44","30yr",,,,,"5311565.32",,,,,,""
"2021-08-11","'36230LKX6'","MBS","GNMA I MORTPASS 3% 12/42","30yr",,,,,"5309318.22",,,,,,""
"2021-08-11","'3140QAL99'","MBS","UMBS MORTPASS 4.5% 02/49","30yr",,,,,"5304286.18",,,,,,""
"2021-08-11","'3133KGGT9'","MBS","UMBS MORTPASS 3.5% 07/49","30yr",,,,,"5301428.21",,,,,,""
"2021-08-11","'3133A66S5'","MBS","UMBS MORTPASS 2.5% 06/50","30yr",,,,,"5300203.79",,,,,,""
"2021-08-11","'3140L8CT5'","MBS","UMBS MORTPASS 2% 05/51","30yr",,,,,"5293921.43",,,,,,""
"2021-08-11","'3140HHUD5'","MBS","UMBS MORTPASS 4% 04/48","30yr",,,,,"5287075.86",,,,,,""
"2021-08-11","'3133A3HM3'","MBS","UMBS MORTPASS 3% 03/50","30yr",,,,,"5283907.37",,,,,,""
"2021-08-11","'3133A0E67'","MBS","UMBS 3.0%","30yr",,,,,"5278227.82",,,,,,""
"2021-08-11","'31418AZ35'","MBS","UMBS MORTPASS 2.5% 11/23","Other",,,,,"5277855.75",,,,,,""
"2021-08-11","'3132ACWR7'","MBS","UMBS MORTPASS 3.5% 08/28","Other",,,,,"5276651.17",,,,,,""
"2021-08-11","'3131Y8MA0'","MBS","UMBS MORTPASS 4% 12/48","30yr",,,,,"5274946.84",,,,,,""
"2021-08-11","'3140KLHQ8'","MBS","UMBS MORTPASS 2% 10/50","30yr",,,,,"5274091.98",,,,,,""
"2021-08-11","'3140KAB47'","MBS","UMBS MORTPASS 3% 04/50","30yr",,,,,"5268527.76",,,,,,""
"2021-08-11","'3140LQWT3'","MBS","UMBS MORTPASS 1.5% 08/36","15yr",,,,,"5262345",,,,,,""
"2021-08-11","'3131YAXV7'","MBS","UMBS MORTPASS 4% 03/49","30yr",,,,,"5261654.57",,,,,,""
"2021-08-11","'3132DMC37'","MBS","UMBS MORTPASS 3.5% 07/49","30yr",,,,,"5261538.39",,,,,,""
"2021-08-11","'3131X7KV9'","MBS","UMBS MORTPASS 3% 02/27","15yr",,,,,"5259159.57",,,,,,""
"2021-08-11","'3138MGR31'","MBS","UMBS MORTPASS 3% 10/42","30yr",,,,,"5257996.45",,,,,,""
"2021-08-11","'3138MDYW6'","MBS","UMBS MORTPASS 2.5% 10/42","30yr",,,,,"5255934.21",,,,,,""
"2021-08-11","'3131X7VQ8'","MBS","UMBS MORTPASS 2.5% 06/27","15yr",,,,,"5253474.2",,,,,,""
"2021-08-11","'3132A8SU4'","MBS","UMBS MORTPASS 2% 11/23","Other",,,,,"5252967.9",,,,,,""
"2021-08-11","'3133A2GS3'","MBS","UMBS 3.0%","30yr",,,,,"5250255.14",,,,,,""
"2021-08-11","'3140QHFW0'","MBS","UMBS MORTPASS 1.5% 02/36","15yr",,,,,"5245878.76",,,,,,""
"2021-08-11","'3131YCXR2'","MBS","UMBS MORTPASS 3.5% 05/49","30yr",,,,,"5245781.69",,,,,,""
"2021-08-11","'3140K7DT7'","MBS","UMBS MORTPASS 3% 12/34","15yr",,,,,"5243596.34",,,,,,""
"2021-08-11","'3140L7D25'","MBS","UMBS MORTPASS 2.5% 06/51","30yr",,,,,"5242388.97",,,,,,""
"2021-08-11","'3138AXWS6'","MBS","UMBS MORTPASS 3% 12/26","15yr",,,,,"5238682.73",,,,,,""
"2021-08-11","'3140LU4J7'","MBS","UMBS MORTPASS 1.5% 07/36","15yr",,,,,"5238464",,,,,,""
"2021-08-11","'3140L3HP9'","MBS","UMBS MORTPASS 1.5% 03/36","15yr",,,,,"5233666.6",,,,,,""
"2021-08-11","'31418B4P8'","MBS","UMBS MORTPASS 3% 05/26","Other",,,,,"5232133.17",,,,,,""
"2021-08-11","'3133A3KQ0'","MBS","UMBS MORTPASS 2.5% 04/50","30yr",,,,,"5229796.71",,,,,,""
"2021-08-11","'3133ABGH7'","MBS","UMBS MORTPASS 2% 10/50","30yr",,,,,"5227825.58",,,,,,""
"2021-08-11","'3140HDM43'","MBS","UMBS MORTPASS 2.5% 11/34","15yr",,,,,"5225807.4",,,,,,""
"2021-08-11","'3140K9Y78'","MBS","UMBS MORTPASS 2.5% 04/50","30yr",,,,,"5224755.67",,,,,,""
"2021-08-11","'31334WTT8'","MBS","UMBS MORTPASS 3.5% 06/49","30yr",,,,,"5224354.85",,,,,,""
"2021-08-11","'31334X2E8'","MBS","UMBS MORTPASS 4% 08/49","30yr",,,,,"5215007.21",,,,,,""
"2021-08-11","'3140JJLM9'","MBS","UMBS MORTPASS 4% 10/48","30yr",,,,,"5213838.79",,,,,,""
"2021-08-11","'31307VFU5'","MBS","FHLMCGLD 2.5% 01/33","15yr",,,,,"5213770.5",,,,,,""
"2021-08-11","'3140QESY9'","MBS","UMBS MORTPASS 3% 02/50","30yr",,,,,"5211343.7",,,,,,""
"2021-08-11","'3140QKVV7'","MBS","UMBS MORTPASS 1.5% 05/36","15yr",,,,,"5207324.46",,,,,,""
"2021-08-11","'31417G2K1'","MBS","UMBS MORTPASS 2.5% 07/28","15yr",,,,,"5205424.98",,,,,,""
"2021-08-11","'3133A8YM3'","MBS","UMBS MORTPASS 2.5% 08/50","30yr",,,,,"5204415.98",,,,,,""
"2021-08-11","'3133AKSP6'","MBS","UMBS MORTPASS 2% 05/51","30yr",,,,,"5203652.53",,,,,,""
"2021-08-11","'3138ERAY6'","MBS","UMBS MORTPASS 2% 03/28","15yr",,,,,"5203178.4",,,,,,""
"2021-08-11","'31418C4Q4'","MBS","UMBS MORTPASS 3% 10/48","30yr",,,,,"5200561.78",,,,,,""
"2021-08-11","'3140L6FN9'","MBS","UMBS MORTPASS 2.5% 05/51","30yr",,,,,"5198095.19",,,,,,""
"2021-08-11","'3132A5JC0'","MBS","UMBS MORTPASS 3.5% 03/48","30yr",,,,,"5197867.76",,,,,,""
"2021-08-11","'3140L1CD5'","MBS","UMBS MORTPASS 2.5% 01/51","30yr",,,,,"5196084.42",,,,,,""
"2021-08-11","'3140KCCF7'","MBS","UMBS MORTPASS 2.5% 03/50","30yr",,,,,"5194387.79",,,,,,""
"2021-08-11","'3138EHBJ0'","MBS","UMBS MORTPASS 5% 01/39","30yr",,,,,"5193875.72",,,,,,"Y"
"2021-08-11","'3140H76H5'","MBS","UMBS MORTPASS 3% 10/49","30yr",,,,,"5192743.34",,,,,,""
"2021-08-11","'3140QFRV3'","MBS","UMBS MORTPASS 1.5% 11/50","30yr",,,,,"5192097.93",,,,,,""
"2021-08-11","'3140X55G4'","MBS","UMBS MORTPASS 2.5% 03/40","Other",,,,,"5191687.38",,,,,,""
"2021-08-11","'3132A9PZ4'","MBS","UMBS MORTPASS 3% 10/29","15yr",,,,,"5184535.53",,,,,,""
"2021-08-11","'3140QGLJ4'","MBS","UMBS MORTPASS 2% 12/50","30yr",,,,,"5181195.64",,,,,,""
"2021-08-11","'3133GCGB2'","MBS","UMBS MORTPASS 1.5% 03/36","15yr",,,,,"5179852.93",,,,,,""
"2021-08-11","'3140X9H32'","MBS","UMBS MORTPASS 2.5% 01/51","30yr",,,,,"5176364.17",,,,,,""
"2021-08-11","'31307TJY8'","MBS","FHLMCGLD 2.5% 03/32","15yr",,,,,"5175158.19",,,,,,""
"2021-08-11","'3140JML26'","MBS","UMBS MORTPASS 3.5% 03/49","30yr",,,,,"5174012.72",,,,,,""
"2021-08-11","'3133AA7M8'","MBS","UMBS MORTPASS 2% 10/50","30yr",,,,,"5171247.98",,,,,,""
"2021-08-11","'3140JG4V4'","MBS","UMBS MORTPASS 2.5% 04/50","30yr",,,,,"5170343.73",,,,,,""
"2021-08-11","'3133AJNY5'","MBS","UMBS MORTPASS 2.5% 04/51","30yr",,,,,"5161828.51",,,,,,""
"2021-08-11","'3138E5F78'","MBS","UMBS MORTPASS 3% 01/27","15yr",,,,,"5160472.65",,,,,,""
"2021-08-11","'3140L3C58'","MBS","UMBS MORTPASS 1.5% 04/36","15yr",,,,,"5156677.29",,,,,,""
"2021-08-11","'3133L7R74'","MBS","UMBS MORTPASS 2% 01/30","15yr",,,,,"5153410.43",,,,,,""
"2021-08-11","'31417GYY6'","MBS","UMBS MORTPASS 2.5% 06/28","15yr",,,,,"5149195.12",,,,,,""
"2021-08-11","'3132A8SM2'","MBS","UMBS MORTPASS 2.5% 02/30","15yr",,,,,"5148685.96",,,,,,""
"2021-08-11","'3140KKES9'","MBS","UMBS MORTPASS 2.5% 03/50","30yr",,,,,"5147782.78",,,,,,""
"2021-08-11","'3138A8HV1'","MBS","UMBS MORTPASS 4% 02/41","30yr",,,,,"5146903.28",,,,,,""
"2021-08-11","'3132QRNM8'","MBS","FHLMCGLD 3.5% 07/45","30yr",,,,,"5145532.57",,,,,,""
"2021-08-11","'3140L4V63'","MBS","UMBS MORTPASS 2.5% 02/51","30yr",,,,,"5145055.79",,,,,,""
"2021-08-11","'3140K8G70'","MBS","UMBS MORTPASS 2% 03/35","15yr",,,,,"5137129.01",,,,,,""
"2021-08-11","'3140QBB98'","MBS","UMBS MORTPASS 3.5% 06/49","30yr",,,,,"5136248.36",,,,,,""
"2021-08-11","'3133GCD82'","MBS","UMBS MORTPASS 1.5% 03/36","15yr",,,,,"5135880.39",,,,,,""
"2021-08-11","'31292ME82'","MBS","FHLMCGLD 3% 03/43","30yr",,,,,"5132925.1",,,,,,""
"2021-08-11","'3133AGVD8'","MBS","UMBS MORTPASS 2.5% 03/51","30yr",,,,,"5131971.42",,,,,,""
"2021-08-11","'31418AS90'","MBS","UMBS MORTPASS 2% 05/23","Other",,,,,"5130973.06",,,,,,""
"2021-08-11","'3140K1VE3'","MBS","UMBS MORTPASS 3% 01/50","30yr",,,,,"5130944.53",,,,,,""
"2021-08-11","'3140JQQM8'","MBS","UMBS MORTPASS 3.5% 07/49","30yr",,,,,"5130550.71",,,,,,""
"2021-08-11","'3140L6SW5'","MBS","UMBS MORTPASS 1.5% 04/36","15yr",,,,,"5129979.2",,,,,,""
"2021-08-11","'31307TSN2'","MBS","FHLMCGLD 3.5% 04/32","15yr",,,,,"5128773.27",,,,,,""
"2021-08-11","'31418BSL1'","MBS","UMBS MORTPASS 2.5% 07/25","Other",,,,,"5116645.2",,,,,,""
"2021-08-11","'3133A4L87'","MBS","UMBS MORTPASS 3% 05/50","30yr",,,,,"5114280.95",,,,,,""
"2021-08-11","'3140L1TK1'","MBS","UMBS MORTPASS 1.5% 02/51","30yr",,,,,"5113961.75",,,,,,""
"2021-08-11","'3133A12X9'","MBS","UMBS MORTPASS 3.5% 01/50","30yr",,,,,"5111390.27",,,,,,""
"2021-08-11","'3133KHPB6'","MBS","UMBS MORTPASS 3.5% 11/48","30yr",,,,,"5111158.87",,,,,,""
"2021-08-11","'3140L6V84'","MBS","UMBS MORTPASS 1.5% 04/36","15yr",,,,,"5108991.77",,,,,,""
"2021-08-11","'3140KLPU0'","MBS","UMBS MORTPASS 2% 08/50","30yr",,,,,"5108929.37",,,,,,""
"2021-08-11","'3140XALW0'","MBS","UMBS MORTPASS 2.5% 03/51","30yr",,,,,"5107943.27",,,,,,""
"2021-08-11","'36241LCA2'","MBS","GNMA I MORTPASS 5% 09/39","30yr",,,,,"5106250.8",,,,,,""
"2021-08-11","'3140KUZM7'","MBS","UMBS MORTPASS 1.5% 12/35","15yr",,,,,"5106093.59",,,,,,""
"2021-08-11","'3140L9BB3'","MBS","UMBS MORTPASS 2% 05/51","30yr",,,,,"5103989.21",,,,,,""
"2021-08-11","'36179MNK2'","MBS","GNMA II 4.5% 09/42","30yr",,,,,"5101145.7",,,,,,""
"2021-08-11","'3133GD5E6'","MBS","UMBS MORTPASS 1.5% 07/36","15yr",,,,,"5100000",,,,,,""
"2021-08-11","'31418ALX4'","MBS","UMBS MORTPASS 2.5% 11/22","Other",,,,,"5094896.29",,,,,,""
"2021-08-11","'3140L3FW6'","MBS","UMBS MORTPASS 2% 04/51","30yr",,,,,"5094550.37",,,,,,""
"2021-08-11","'31416Y5M6'","MBS","UMBS MORTPASS 3% 09/26","15yr",,,,,"5092974.52",,,,,,""
"2021-08-11","'3140F4X35'","MBS","UMBS MORTPASS 2.5% 05/31","15yr",,,,,"5091313.22",,,,,,""
"2021-08-11","'3131Y1X96'","MBS","UMBS MORTPASS 4% 06/48","30yr",,,,,"5090625.25",,,,,,""
"2021-08-11","'3140Q9MS9'","MBS","UMBS MORTPASS 4.5% 08/48","30yr",,,,,"5087071.21",,,,,,""
"2021-08-11","'3133KH3E4'","MBS","UMBS MORTPASS 2.5% 05/50","30yr",,,,,"5084726.67",,,,,,""
"2021-08-11","'36179TV77'","MBS","GNMA II 4.5% 04/48","30yr",,,,,"5084516.47",,,,,,""
"2021-08-11","'31346YGB3'","MBS","UMBS MORTPASS 4% 11/49","30yr",,,,,"5083858.81",,,,,,""
"2021-08-11","'3140L42U2'","MBS","UMBS MORTPASS 2% 03/51","30yr",,,,,"5080334.43",,,,,,""
"2021-08-11","'3140KNZB7'","MBS","UMBS MORTPASS 2.5% 09/50","30yr",,,,,"5080211.66",,,,,,""
"2021-08-11","'3133GDQS2'","MBS","UMBS MORTPASS 1.5% 06/36","15yr",,,,,"5078183.24",,,,,,""
"2021-08-11","'3140QKRH3'","MBS","UMBS MORTPASS 1.5% 05/51","30yr",,,,,"5075786.42",,,,,,""
"2021-08-11","'3133AFV65'","MBS","UMBS MORTPASS 1.5% 02/51","30yr",,,,,"5071460.78",,,,,,""
"2021-08-11","'3140JSC23'","MBS","UMBS MORTPASS 1.5% 03/36","15yr",,,,,"5059083.8",,,,,,""
"2021-08-11","'3140L8V49'","MBS","UMBS MORTPASS 2% 05/51","30yr",,,,,"5056794.31",,,,,,""
"2021-08-11","'3133GDEQ9'","MBS","UMBS MORTPASS 1.5% 05/36","15yr",,,,,"5055246.59",,,,,,""
"2021-08-11","'3140KSCH8'","MBS","UMBS MORTPASS 1.5% 11/35","15yr",,,,,"5053229.72",,,,,,""
"2021-08-11","'3133KGUN6'","MBS","UMBS MORTPASS 4.5% 10/49","30yr",,,,,"5049812.39",,,,,,""
"2021-08-11","'31346YKH5'","MBS","UMBS MORTPASS 3% 11/49","30yr",,,,,"5048036.51",,,,,,""
"2021-08-11","'3140K54L8'","MBS","UMBS MORTPASS 3% 12/49","30yr",,,,,"5041164.75",,,,,,""
"2021-08-11","'3140F9AC9'","MBS","UMBS MORTPASS 2.5% 07/31","15yr",,,,,"5040091.32",,,,,,""
"2021-08-11","'3140L3PT2'","MBS","UMBS MORTPASS 2.5% 04/51","30yr",,,,,"5039230.48",,,,,,""
"2021-08-11","'3128MJYS3'","MBS","FHLMCGLD 4.5% 08/46","30yr",,,,,"5035964.01",,,,,,""
"2021-08-11","'3140QCZG4'","MBS","UMBS MORTPASS 3.5% 09/49","30yr",,,,,"5035570.61",,,,,,""
"2021-08-11","'3138WZU91'","MBS","UMBS MORTPASS 3% 08/43","30yr",,,,,"5035241.38",,,,,,""
"2021-08-11","'3140LNJ99'","MBS","UMBS MORTPASS 2.5% 04/51","30yr",,,,,"5034394.88",,,,,,""
"2021-08-11","'3133GAEP7'","MBS","UMBS MORTPASS 2% 10/35","15yr",,,,,"5029493.38",,,,,,""
"2021-08-11","'3133G9YU7'","MBS","UMBS MORTPASS 2% 09/35","15yr",,,,,"5028599.06",,,,,,""
"2021-08-11","'3140X5BR3'","MBS","UMBS MORTPASS 2.5% 10/39","Other",,,,,"5027255.01",,,,,,""
"2021-08-11","'3138WDYH8'","MBS","UMBS MORTPASS 2.5% 01/30","15yr",,,,,"5024317.31",,,,,,""
"2021-08-11","'36179QPF2'","MBS","GNMA II MORTPASS 3% 09/44","30yr",,,,,"5022918.85",,,,,,""
"2021-08-11","'31418CFD1'","MBS","UMBS MORTPASS 3% 01/47","30yr",,,,,"5020995",,,,,,""
"2021-08-11","'3133APEW5'","MBS","UMBS MORTPASS 2% 07/51","30yr",,,,,"5018776",,,,,,""
"2021-08-11","'3140L42A6'","MBS","UMBS MORTPASS 1.5% 03/36","15yr",,,,,"5016879.62",,,,,,""
"2021-08-11","'3140J5D97'","MBS","UMBS MORTPASS 3% 11/26","Other",,,,,"5016412.85",,,,,,"Y"
"2021-08-11","'3131Y1RT9'","MBS","UMBS MORTPASS 4% 06/48","30yr",,,,,"5012135.13",,,,,,""
"2021-08-11","'3140JNAD2'","MBS","UMBS MORTPASS 4.5% 04/49","30yr",,,,,"5011056.77",,,,,,""
"2021-08-11","'3138NXET0'","MBS","UMBS MORTPASS 2.5% 01/28","15yr",,,,,"5008824",,,,,,""
"2021-08-11","'3133AECB8'","MBS","UMBS MORTPASS 2.5% 12/50","30yr",,,,,"5008352",,,,,,""
"2021-08-11","'3140L3DP3'","MBS","UMBS MORTPASS 2.5% 03/51","30yr",,,,,"5008225.93",,,,,,""
"2021-08-11","'312939BG5'","MBS","FHLMCGLD 5% 02/40","30yr",,,,,"5001761.69",,,,,,""
"2021-08-11","'3131YCZP4'","MBS","UMBS MORTPASS 4% 05/49","30yr",,,,,"4995543.62",,,,,,""
"2021-08-11","'3132L5P80'","MBS","FHLMCGLD 4% 09/43","30yr",,,,,"4993417.46",,,,,,""
"2021-08-11","'3140JUC28'","MBS","UMBS MORTPASS 2.5% 11/49","30yr",,,,,"4991806.04",,,,,,""
"2021-08-11","'3140K92N8'","MBS","UMBS MORTPASS 3% 06/50","30yr",,,,,"4991752.51",,,,,,""
"2021-08-11","'3132D54J8'","MBS","UMBS MORTPASS 2% 11/34","15yr",,,,,"4987439.73",,,,,,""
"2021-08-11","'3140K0LV8'","MBS","UMBS MORTPASS 3% 09/49","30yr",,,,,"4986128.68",,,,,,""
"2021-08-11","'3133D3B38'","MBS","UMBS MORTPASS 3% 09/39","Other",,,,,"4984794.83",,,,,,""
"2021-08-11","'3128M8QW7'","MBS","FHLMCGLD 6.5% 11/38","30yr",,,,,"4983120.18",,,,,,"Y"
"2021-08-11","'3140KTNJ0'","MBS","UMBS MORTPASS 2.5% 11/50","30yr",,,,,"4982040.1",,,,,,""
"2021-08-11","'3133AAR79'","MBS","UMBS MORTPASS 2% 10/50","30yr",,,,,"4976036.8",,,,,,""
"2021-08-11","'31329MBY5'","MBS","UMBS MORTPASS 2.5% 08/28","15yr",,,,,"4975198.55",,,,,,""
"2021-08-11","'3140L76H0'","MBS","UMBS MORTPASS 2% 04/51","30yr",,,,,"4971624.37",,,,,,""
"2021-08-11","'31418ARF7'","MBS","UMBS MORTPASS 2% 03/23","Other",,,,,"4969337.56",,,,,,""
"2021-08-11","'3140L3QE4'","MBS","UMBS MORTPASS 2% 02/51","30yr",,,,,"4968994.92",,,,,,""
"2021-08-11","'36297GUW8'","MBS","GNMA I MORTPASS 3% 12/42","30yr",,,,,"4967544.12",,,,,,""
"2021-08-11","'31418C6Z2'","MBS","UMBS MORTPASS 3% 02/34","15yr",,,,,"4966226.72",,,,,,""
"2021-08-11","'3138W9HR4'","MBS","UMBS MORTPASS 4% 08/43","30yr",,,,,"4963408.57",,,,,,""
"2021-08-11","'3140JVEB4'","MBS","UMBS MORTPASS 4% 08/49","30yr",,,,,"4963243.38",,,,,,""
"2021-08-11","'3140LSTY2'","MBS","UMBS MORTPASS 2% 07/51","30yr",,,,,"4962383.79",,,,,,""
"2021-08-11","'3138LX5L9'","MBS","UMBS MORTPASS 3% 08/32","Other",,,,,"4959579.06",,,,,,""
"2021-08-11","'3140KHLR0'","MBS","UMBS MORTPASS 2.5% 06/50","30yr",,,,,"4958212.14",,,,,,""
"2021-08-11","'31418CA87'","MBS","UMBS MORTPASS 2.5% 08/46","30yr",,,,,"4956744.85",,,,,,""
"2021-08-11","'3133G6U60'","MBS","UMBS MORTPASS 2.5% 09/34","15yr",,,,,"4952284.43",,,,,,""
"2021-08-11","'3132XXQB8'","MBS","FHLMCGLD 4% 03/48","30yr",,,,,"4952215.79",,,,,,""
"2021-08-11","'3140L42Z1'","MBS","UMBS MORTPASS 2.5% 03/51","30yr",,,,,"4949400.2",,,,,,""
"2021-08-11","'3140KFZP3'","MBS","UMBS MORTPASS 2% 06/40","Other",,,,,"4947309.12",,,,,,""
"2021-08-11","'3140KMV72'","MBS","UMBS MORTPASS 2% 08/35","15yr",,,,,"4947097.23",,,,,,""
"2021-08-11","'3131X7TT5'","MBS","UMBS MORTPASS 3% 05/27","15yr",,,,,"4944749.34",,,,,,""
"2021-08-11","'31418CDE1'","MBS","UMBS MORTPASS 2% 11/26","Other",,,,,"4942725.29",,,,,,""
"2021-08-11","'3133KHVL7'","MBS","UMBS MORTPASS 3.5% 04/50","30yr",,,,,"4942612.37",,,,,,""
"2021-08-11","'3133HMB73'","MBS","UMBS MORTPASS 2.5% 02/30","Other",,,,,"4940031.69",,,,,,""
"2021-08-11","'3140HFPE3'","MBS","UMBS MORTPASS 3% 03/35","15yr",,,,,"4935957.17",,,,,,""
"2021-08-11","'3133G8KA8'","MBS","UMBS MORTPASS 2.5% 04/35","15yr",,,,,"4930773.44",,,,,,""
"2021-08-11","'3132J8C73'","MBS","FHLMCGLD 3.5% 04/43","30yr",,,,,"4928024.36",,,,,,""
"2021-08-11","'3132CWGF5'","MBS","UMBS MORTPASS 3% 02/30","15yr",,,,,"4923275.17",,,,,,""
"2021-08-11","'3140F87L5'","MBS","UMBS MORTPASS 2.5% 07/31","15yr",,,,,"4920320.59",,,,,,""
"2021-08-11","'3140ECSE0'","MBS","UMBS MORTPASS 2.5% 05/31","15yr",,,,,"4919620.63",,,,,,""
"2021-08-11","'3140Q8WM3'","MBS","UMBS MORTPASS 4% 04/48","30yr",,,,,"4919299.84",,,,,,""
"2021-08-11","'3140K9JD2'","MBS","UMBS MORTPASS 2.5% 03/35","15yr",,,,,"4918387.65",,,,,,""
"2021-08-11","'36297FV82'","MBS","GNMA I 4.5% 09/39","30yr",,,,,"4916059.6",,,,,,""
"2021-08-11","'3140QG4C8'","MBS","UMBS MORTPASS 1.5% 02/51","30yr",,,,,"4915683.26",,,,,,""
"2021-08-11","'3140KBGD0'","MBS","UMBS MORTPASS 3% 03/50","30yr",,,,,"4910559.12",,,,,,""
"2021-08-11","'31418CCR3'","MBS","UMBS MORTPASS 2% 10/26","Other",,,,,"4910114.8",,,,,,""
"2021-08-11","'31329LBT8'","MBS","UMBS MORTPASS 3% 06/27","15yr",,,,,"4910022.94",,,,,,""
"2021-08-11","'3133G6VS1'","MBS","UMBS MORTPASS 2.5% 09/34","15yr",,,,,"4909976.19",,,,,,""
"2021-08-11","'3133A1YL0'","MBS","UMBS MORTPASS 3% 02/50","30yr",,,,,"4908137.76",,,,,,""
"2021-08-11","'3140JGV36'","MBS","UMBS MORTPASS 4% 09/48","30yr",,,,,"4906796.44",,,,,,""
"2021-08-11","'3133KH3X2'","MBS","UMBS MORTPASS 3.5% 03/50","30yr",,,,,"4906637.44",,,,,,""
"2021-08-11","'3138MGR64'","MBS","UMBS MORTPASS 3% 10/42","30yr",,,,,"4906509.26",,,,,,""
"2021-08-11","'3140KQAS0'","MBS","UMBS MORTPASS 2% 02/51","30yr",,,,,"4905960.85",,,,,,""
"2021-08-11","'3140L3VK4'","MBS","UMBS MORTPASS 2% 01/36","15yr",,,,,"4905837.26",,,,,,""
"2021-08-11","'3140QBT81'","MBS","UMBS MORTPASS 4% 02/49","30yr",,,,,"4904819.6",,,,,,""
"2021-08-11","'3140K8Z20'","MBS","UMBS MORTPASS 2.5% 02/50","30yr",,,,,"4902456.95",,,,,,""
"2021-08-11","'36202FY75'","MBS","GNMA II 4.5% 11/41","30yr",,,,,"4901336.95",,,,,,""
"2021-08-11","'3138ERDK3'","MBS","UMBS MORTPASS 4.5% 10/46","30yr",,,,,"4901089.11",,,,,,""
"2021-08-11","'3140KTPG4'","MBS","UMBS MORTPASS 2.5% 12/50","30yr",,,,,"4897677.15",,,,,,""
"2021-08-11","'31418BYX8'","MBS","UMBS MORTPASS 3% 02/26","Other",,,,,"4895926.33",,,,,,""
"2021-08-11","'3132CWGU2'","MBS","UMBS MORTPASS 2.5% 05/30","15yr",,,,,"4892255.95",,,,,,""
"2021-08-11","'3133GDES5'","MBS","UMBS MORTPASS 2% 05/36","15yr",,,,,"4890677.02",,,,,,""
"2021-08-11","'3140L54C7'","MBS","UMBS MORTPASS 2% 04/51","30yr",,,,,"4888684.89",,,,,,""
"2021-08-11","'3133GCEE8'","MBS","UMBS MORTPASS 1.5% 03/36","15yr",,,,,"4888065.3",,,,,,""
"2021-08-11","'3140X9V51'","MBS","UMBS MORTPASS 2% 02/36","15yr",,,,,"4881891.06",,,,,,""
"2021-08-11","'3140KPUW1'","MBS","UMBS MORTPASS 2% 11/50","30yr",,,,,"4878863.45",,,,,,""
"2021-08-11","'3138LTKX5'","MBS","UMBS MORTPASS 2.5% 05/27","15yr",,,,,"4878127.99",,,,,,""
"2021-08-11","'3140L1K87'","MBS","UMBS MORTPASS 1.5% 03/51","30yr",,,,,"4877167.39",,,,,,""
"2021-08-11","'3132ADR59'","MBS","UMBS MORTPASS 2% 10/32","15yr",,,,,"4875761.28",,,,,,""
"2021-08-11","'31418DAK8'","MBS","UMBS MORTPASS 3% 03/34","15yr",,,,,"4872902.69",,,,,,""
"2021-08-11","'3140H7K30'","MBS","UMBS MORTPASS 4% 04/48","30yr",,,,,"4868430.74",,,,,,""
"2021-08-11","'3140KKM68'","MBS","UMBS MORTPASS 2.5% 08/50","30yr",,,,,"4867495.46",,,,,,""
"2021-08-11","'3133A7WF2'","MBS","UMBS MORTPASS 2.5% 07/50","30yr",,,,,"4866081.95",,,,,,""
"2021-08-11","'3140HNFK3'","MBS","UMBS MORTPASS 2.5% 11/50","30yr",,,,,"4865387.24",,,,,,""
"2021-08-11","'3140L7TN2'","MBS","UMBS MORTPASS 2% 04/51","30yr",,,,,"4861793.88",,,,,,""
"2021-08-11","'3140QHPK5'","MBS","UMBS MORTPASS 1.5% 03/36","15yr",,,,,"4855414.99",,,,,,""
"2021-08-11","'36297GVA5'","MBS","GNMA I MORTPASS 3% 01/43","30yr",,,,,"4852045.93",,,,,,""
"2021-08-11","'3140KSBJ5'","MBS","UMBS MORTPASS 2.5% 11/50","30yr",,,,,"4849540.4",,,,,,""
"2021-08-11","'3140L3MW8'","MBS","UMBS MORTPASS 2.5% 03/51","30yr",,,,,"4848796.86",,,,,,""
"2021-08-11","'3140J8MC4'","MBS","UMBS MORTPASS 2.5% 12/28","15yr",,,,,"4846980.74",,,,,,""
"2021-08-11","'3140KQC66'","MBS","UMBS MORTPASS 2.5% 10/50","30yr",,,,,"4845896.86",,,,,,""
"2021-08-11","'3131XUNM5'","MBS","UMBS MORTPASS 3.5% 06/46","30yr",,,,,"4844779.99",,,,,,""
"2021-08-11","'3133A6QC8'","MBS","UMBS MORTPASS 3% 06/50","30yr",,,,,"4842890.1",,,,,,""
"2021-08-11","'3133A7VJ5'","MBS","UMBS MORTPASS 2.5% 07/50","30yr",,,,,"4839528.32",,,,,,""
"2021-08-11","'3140JRFS5'","MBS","UMBS MORTPASS 3.5% 06/49","30yr",,,,,"4836656.88",,,,,,""
"2021-08-11","'31418AU63'","MBS","UMBS MORTPASS 2% 07/28","15yr",,,,,"4834396.04",,,,,,""
"2021-08-11","'31339SNH4'","MBS","UMBS MORTPASS 3% 09/49","30yr",,,,,"4833490.15",,,,,,""
"2021-08-11","'3140K46V7'","MBS","UMBS MORTPASS 3% 01/50","30yr",,,,,"4833066.97",,,,,,""
"2021-08-11","'3140H1BB5'","MBS","UMBS MORTPASS 4% 12/47","30yr",,,,,"4824786.4",,,,,,""
"2021-08-11","'31334YUB1'","MBS","UMBS MORTPASS 3% 09/49","30yr",,,,,"4824185.3",,,,,,""
"2021-08-11","'3140JR6J5'","MBS","UMBS MORTPASS 1.5% 03/36","15yr",,,,,"4824102.16",,,,,,""
"2021-08-11","'3140X4MU7'","MBS","UMBS MORTPASS 4.5% 06/49","30yr",,,,,"4820582.98",,,,,,""
"2021-08-11","'3138E2MD4'","MBS","UMBS MORTPASS 3% 01/27","15yr",,,,,"4819723.64",,,,,,""
"2021-08-11","'31334WH53'","MBS","UMBS MORTPASS 4.5% 06/49","30yr",,,,,"4819362.9",,,,,,""
"2021-08-11","'3140X5VW0'","MBS","UMBS MORTPASS 3% 02/40","Other",,,,,"4817772.12",,,,,,""
"2021-08-11","'3140L73A8'","MBS","UMBS MORTPASS 1.5% 04/51","30yr",,,,,"4814530.64",,,,,,""
"2021-08-11","'3140JHH89'","MBS","UMBS MORTPASS 4% 11/48","30yr",,,,,"4811668.44",,,,,,""
"2021-08-11","'3133AAUS9'","MBS","UMBS MORTPASS 2% 10/50","30yr",,,,,"4811395.36",,,,,,""
"2021-08-11","'3132A5HK4'","MBS","UMBS MORTPASS 3% 09/47","30yr",,,,,"4811171.47",,,,,,""
"2021-08-11","'3140HKK72'","MBS","UMBS MORTPASS 3.5% 05/33","15yr",,,,,"4809144.29",,,,,,""
"2021-08-11","'3133A1NE8'","MBS","UMBS MORTPASS 3% 02/50","30yr",,,,,"4808105.58",,,,,,""
"2021-08-11","'3140FNCB8'","MBS","UMBS MORTPASS 4% 12/47","30yr",,,,,"4808012.9",,,,,,""
"2021-08-11","'3140F9BG9'","MBS","UMBS MORTPASS 2.5% 08/31","15yr",,,,,"4807796.02",,,,,,""
"2021-08-11","'3140L7YJ5'","MBS","UMBS MORTPASS 1.5% 05/36","15yr",,,,,"4807515.39",,,,,,""
"2021-08-11","'3140X8KA4'","MBS","UMBS MORTPASS 2% 11/50","30yr",,,,,"4805585.67",,,,,,""
"2021-08-11","'31329PTC7'","MBS","UMBS MORTPASS 4.5% 11/48","30yr",,,,,"4801862.09",,,,,,""
"2021-08-11","'3138WHZ47'","MBS","UMBS MORTPASS 2% 09/26","Other",,,,,"4801789.04",,,,,,""
"2021-08-11","'36296WBD7'","MBS","GNMA I 4.5% 07/39","30yr",,,,,"4801268.73",,,,,,""
"2021-08-11","'31329KXH2'","MBS","UMBS MORTPASS 3% 11/37","Other",,,,,"4800805.17",,,,,,""
"2021-08-11","'3140K8NK3'","MBS","UMBS MORTPASS 3.5% 02/50","30yr",,,,,"4798119.52",,,,,,""
"2021-08-11","'36202F2R6'","MBS","GNMA II MORTPASS 3% 01/42","30yr",,,,,"4797899.47",,,,,,""
"2021-08-11","'3132A9QM2'","MBS","UMBS MORTPASS 2% 03/30","15yr",,,,,"4797774.93",,,,,,""
"2021-08-11","'31307UMP0'","MBS","FHLMCGLD 2.5% 09/32","15yr",,,,,"4796673.09",,,,,,""
"2021-08-11","'3131XBNL9'","MBS","UMBS MORTPASS 3% 02/24","Other",,,,,"4790528.01",,,,,,""
"2021-08-11","'3140HFPG8'","MBS","UMBS MORTPASS 2.5% 03/35","15yr",,,,,"4788797.79",,,,,,""
"2021-08-11","'3140F1YF3'","MBS","UMBS MORTPASS 3.5% 06/46","30yr",,,,,"4787832.62",,,,,,""
"2021-08-11","'3140L5EQ5'","MBS","UMBS MORTPASS 1.5% 03/51","30yr",,,,,"4787427.31",,,,,,""
"2021-08-11","'31417GGW0'","MBS","UMBS MORTPASS 2% 05/28","15yr",,,,,"4786593.54",,,,,,""
"2021-08-11","'3140GVMS1'","MBS","UMBS MORTPASS 4% 08/47","30yr",,,,,"4783953.6",,,,,,""
"2021-08-11","'3131YBKP2'","MBS","UMBS MORTPASS 4% 04/49","30yr",,,,,"4782547.26",,,,,,""
"2021-08-11","'3131X7QP6'","MBS","UMBS MORTPASS 2.5% 04/27","15yr",,,,,"4781793.4",,,,,,""
"2021-08-11","'3140HHS22'","MBS","UMBS MORTPASS 4.5% 01/49","30yr",,,,,"4780129.42",,,,,,""
"2021-08-11","'3140QG2N6'","MBS","UMBS MORTPASS 2% 02/51","30yr",,,,,"4778457.74",,,,,,""
"2021-08-11","'3140KGTB9'","MBS","UMBS MORTPASS 2.5% 07/50","30yr",,,,,"4777688.07",,,,,,""
"2021-08-11","'31418BVT0'","MBS","UMBS MORTPASS 3% 10/30","15yr",,,,,"4777515.73",,,,,,""
"2021-08-11","'3140L15U5'","MBS","UMBS MORTPASS 2.5% 01/51","30yr",,,,,"4773642.19",,,,,,""
"2021-08-11","'3131Y1PS3'","MBS","UMBS MORTPASS 4.5% 06/48","30yr",,,,,"4770049.09",,,,,,""
"2021-08-11","'31418CNS9'","MBS","UMBS MORTPASS 3% 08/37","Other",,,,,"4768339.18",,,,,,""
"2021-08-11","'3140L62P8'","MBS","UMBS MORTPASS 2.5% 04/51","30yr",,,,,"4768161.96",,,,,,""
"2021-08-11","'3140JNA26'","MBS","UMBS MORTPASS 3.5% 04/49","30yr",,,,,"4762120.77",,,,,,""
"2021-08-11","'3133GBWD2'","MBS","UMBS MORTPASS 2% 02/36","15yr",,,,,"4762019.16",,,,,,""
"2021-08-11","'3140KJA64'","MBS","UMBS MORTPASS 2.5% 07/50","30yr",,,,,"4758797.89",,,,,,""
"2021-08-11","'3140JKB54'","MBS","UMBS MORTPASS 4% 11/48","30yr",,,,,"4757943.15",,,,,,""
"2021-08-11","'3140L5WP7'","MBS","UMBS MORTPASS 2.5% 04/51","30yr",,,,,"4757357.7",,,,,,""
"2021-08-11","'31374CPD2'","MBS","UMBS MORTPASS 3% 11/26","15yr",,,,,"4757117.33",,,,,,""
"2021-08-11","'3138EGFX7'","MBS","UMBS MORTPASS 6% 05/39","30yr",,,,,"4751431.51",,,,,,"Y"
"2021-08-11","'3140QCCA2'","MBS","UMBS MORTPASS 3.5% 11/49","30yr",,,,,"4751421.68",,,,,,""
"2021-08-11","'3138WKLD5'","MBS","UMBS MORTPASS 2.5% 03/32","15yr",,,,,"4750747.9",,,,,,""
"2021-08-11","'3140JSDF3'","MBS","UMBS MORTPASS 2% 02/51","30yr",,,,,"4749541.38",,,,,,""
"2021-08-11","'3140K3HE5'","MBS","UMBS MORTPASS 3% 11/49","30yr",,,,,"4748382.36",,,,,,""
"2021-08-11","'3140KVV64'","MBS","UMBS MORTPASS 2.5% 12/50","30yr",,,,,"4747067.36",,,,,,""
"2021-08-11","'3133KHBA3'","MBS","UMBS MORTPASS 4% 10/49","30yr",,,,,"4746605.9",,,,,,""
"2021-08-11","'3133AJYJ6'","MBS","UMBS MORTPASS 2% 04/51","30yr",,,,,"4746463.08",,,,,,""
"2021-08-11","'3140QF5N5'","MBS","UMBS MORTPASS 2% 12/35","15yr",,,,,"4745369.27",,,,,,""
"2021-08-11","'3140F9AS4'","MBS","UMBS MORTPASS 2.5% 08/31","15yr",,,,,"4740841.57",,,,,,""
"2021-08-11","'31334YLW5'","MBS","UMBS MORTPASS 3.5% 08/49","30yr",,,,,"4739137.31",,,,,,""
"2021-08-11","'3140KF3V5'","MBS","UMBS MORTPASS 2% 06/35","15yr",,,,,"4738772.06",,,,,,""
"2021-08-11","'31307VM29'","MBS","FHLMCGLD 2.5% 02/33","15yr",,,,,"4734146.46",,,,,,""
"2021-08-11","'3140KB3V4'","MBS","UMBS MORTPASS 3% 05/50","30yr",,,,,"4729863.67",,,,,,""
"2021-08-11","'3140KBJH8'","MBS","UMBS MORTPASS 3% 03/50","30yr",,,,,"4729506.34",,,,,,""
"2021-08-11","'3133KHUA2'","MBS","UMBS MORTPASS 4% 12/49","30yr",,,,,"4727522.9",,,,,,""
"2021-08-11","'3140KRTD1'","MBS","UMBS MORTPASS 2.5% 11/50","30yr",,,,,"4727421.51",,,,,,""
"2021-08-11","'3133AE4B7'","MBS","UMBS MORTPASS 2.5% 01/51","30yr",,,,,"4725323.01",,,,,,""
"2021-08-11","'3133GDXK1'","MBS","UMBS MORTPASS 2% 07/36","15yr",,,,,"4724114",,,,,,""
"2021-08-11","'3140L22X0'","MBS","UMBS MORTPASS 1.5% 03/51","30yr",,,,,"4723504.14",,,,,,""
"2021-08-11","'3133ALCC0'","MBS","UMBS MORTPASS 2% 05/51","30yr",,,,,"4720416",,,,,,""
"2021-08-11","'3140KVB58'","MBS","UMBS MORTPASS 2% 12/50","30yr",,,,,"4719659.6",,,,,,""
"2021-08-11","'3140GXBT7'","MBS","UMBS MORTPASS 3.5% 11/47","30yr",,,,,"4716575.44",,,,,,""
"2021-08-11","'36296WAA4'","MBS","GNMA I MORTPASS 4% 04/39","30yr",,,,,"4710420.91",,,,,,""
"2021-08-11","'3133KHNS1'","MBS","UMBS MORTPASS 3% 02/50","30yr",,,,,"4708522.9",,,,,,""
"2021-08-11","'31307UEM6'","MBS","FHLMCGLD 2.5% 07/32","15yr",,,,,"4702950.38",,,,,,""
"2021-08-11","'3133ABKF6'","MBS","UMBS MORTPASS 2% 10/50","30yr",,,,,"4702703.09",,,,,,""
"2021-08-11","'3140QD7B4'","MBS","UMBS MORTPASS 2.5% 07/50","30yr",,,,,"4702087.45",,,,,,""
"2021-08-11","'31418AM47'","MBS","UMBS MORTPASS 2.5% 12/22","Other",,,,,"4701895.06",,,,,,""
"2021-08-11","'3138WVRJ2'","MBS","UMBS MORTPASS 3% 06/43","30yr",,,,,"4701692.94",,,,,,""
"2021-08-11","'3140LPXY3'","MBS","UMBS MORTPASS 2% 05/51","30yr",,,,,"4700388.7",,,,,,""
"2021-08-11","'31329QH20'","MBS","UMBS MORTPASS 4% 03/49","30yr",,,,,"4698261.26",,,,,,""
"2021-08-11","'31418CSF2'","MBS","UMBS MORTPASS 2.5% 12/32","15yr",,,,,"4695573.03",,,,,,""
"2021-08-11","'3140L3ZQ7'","MBS","UMBS MORTPASS 2% 03/51","30yr",,,,,"4695141.29",,,,,,""
"2021-08-11","'36202FVG8'","MBS","GNMA II 4.5% 07/41","30yr",,,,,"4691844.91",,,,,,""
"2021-08-11","'3140K84S7'","MBS","UMBS MORTPASS 2% 12/50","30yr",,,,,"4689351.54",,,,,,""
"2021-08-11","'36179SLQ8'","MBS","GNMA II 2.5% 09/46","30yr",,,,,"4685806.9",,,,,,""
"2021-08-11","'3132A5HU2'","MBS","UMBS MORTPASS 3.5% 11/47","30yr",,,,,"4685336.72",,,,,,""
"2021-08-11","'3131Y0BA9'","MBS","UMBS MORTPASS 3.5% 01/48","30yr",,,,,"4683792.31",,,,,,""
"2021-08-11","'3133A2MY3'","MBS","UMBS MORTPASS 3% 03/50","30yr",,,,,"4682221.05",,,,,,""
"2021-08-11","'3132KE2L8'","MBS","FHLMCGLD 3% 04/30","15yr",,,,,"4677346.93",,,,,,""
"2021-08-11","'31418DSQ6'","MBS","UMBS MORTPASS 2% 09/30","Other",,,,,"4674392.84",,,,,,""
"2021-08-11","'3140KXSF4'","MBS","UMBS MORTPASS 2% 12/50","30yr",,,,,"4671418.68",,,,,,""
"2021-08-11","'3133GAYF7'","MBS","UMBS MORTPASS 2% 12/35","15yr",,,,,"4667842.66",,,,,,""
"2021-08-11","'3131Y8MV4'","MBS","UMBS MORTPASS 4% 12/48","30yr",,,,,"4667265.63",,,,,,""
"2021-08-11","'3140JVPN6'","MBS","UMBS MORTPASS 3% 08/49","30yr",,,,,"4665575.6",,,,,,""
"2021-08-11","'3140KCDY5'","MBS","UMBS MORTPASS 2.5% 04/50","30yr",,,,,"4665461.16",,,,,,""
"2021-08-11","'3133ALB64'","MBS","UMBS MORTPASS 2% 05/51","30yr",,,,,"4665259.92",,,,,,""
"2021-08-11","'3138EJH68'","MBS","UMBS MORTPASS 3.5% 02/26","15yr",,,,,"4664962.42",,,,,,""
"2021-08-11","'3140KCEA6'","MBS","UMBS MORTPASS 3% 04/50","30yr",,,,,"4664288.19",,,,,,""
"2021-08-11","'3133GDD72'","MBS","UMBS MORTPASS 1.5% 05/36","15yr",,,,,"4662592.96",,,,,,""
"2021-08-11","'3133KKYQ6'","MBS","UMBS MORTPASS 1.5% 10/50","30yr",,,,,"4661731.11",,,,,,""
"2021-08-11","'3133G8TH4'","MBS","UMBS MORTPASS 2% 05/35","15yr",,,,,"4659043",,,,,,""
"2021-08-11","'3133A2T26'","MBS","UMBS MORTPASS 3% 03/50","30yr",,,,,"4657246.9",,,,,,""
"2021-08-11","'3140L7ED0'","MBS","UMBS MORTPASS 2% 06/51","30yr",,,,,"4654964.74",,,,,,""
"2021-08-11","'3138WENL9'","MBS","UMBS MORTPASS 2.5% 05/30","15yr",,,,,"4647152.13",,,,,,""
"2021-08-11","'3140LPXG2'","MBS","UMBS MORTPASS 2% 05/51","30yr",,,,,"4643648.16",,,,,,""
"2021-08-11","'3140E7F39'","MBS","UMBS MORTPASS 3% 10/45","30yr",,,,,"4643122.68",,,,,,""
"2021-08-11","'3140L6XU3'","MBS","UMBS MORTPASS 2% 03/51","30yr",,,,,"4643080.44",,,,,,""
"2021-08-11","'3140JXKQ0'","MBS","UMBS MORTPASS 2.5% 09/34","15yr",,,,,"4642499.9",,,,,,""
"2021-08-11","'3128MMUU5'","MBS","FHLMCGLD 2% 03/31","15yr",,,,,"4641316.32",,,,,,""
"2021-08-11","'3140X83U9'","MBS","UMBS MORTPASS 2.5% 11/50","30yr",,,,,"4640740.52",,,,,,""
"2021-08-11","'3140KMMM9'","MBS","UMBS MORTPASS 2.5% 09/50","30yr",,,,,"4637425",,,,,,""
"2021-08-11","'3138EGN91'","MBS","UMBS MORTPASS 6.5% 11/37","30yr",,,,,"4635257.89",,,,,,"Y"
"2021-08-11","'3133GCSG8'","MBS","UMBS MORTPASS 1.5% 04/36","15yr",,,,,"4630275.34",,,,,,""
"2021-08-11","'31417EB59'","MBS","UMBS MORTPASS 3% 12/27","15yr",,,,,"4627857.33",,,,,,""
"2021-08-11","'3138WQS86'","MBS","UMBS MORTPASS 2.5% 06/28","15yr",,,,,"4627394.96",,,,,,""
"2021-08-11","'31334XD22'","MBS","UMBS MORTPASS 2.5% 07/49","30yr",,,,,"4625430.95",,,,,,""
"2021-08-11","'3138EGPK4'","MBS","UMBS MORTPASS 6.5% 12/38","30yr",,,,,"4625325.35",,,,,,"Y"
"2021-08-11","'3140L3BL4'","MBS","UMBS MORTPASS 2.5% 02/51","30yr",,,,,"4623138.32",,,,,,""
"2021-08-11","'3140L4UE7'","MBS","UMBS MORTPASS 2% 02/51","30yr",,,,,"4620947.36",,,,,,""
"2021-08-11","'3133KJTX0'","MBS","UMBS MORTPASS 2% 08/50","30yr",,,,,"4618567.87",,,,,,""
"2021-08-11","'3140L5HH2'","MBS","UMBS MORTPASS 1.5% 03/36","15yr",,,,,"4617112.12",,,,,,""
"2021-08-11","'36296QVA4'","MBS","GNMA I 4.5% 06/39","30yr",,,,,"4615826.19",,,,,,""
"2021-08-11","'3140QFFK0'","MBS","UMBS MORTPASS 2.5% 10/50","30yr",,,,,"4613823.42",,,,,,""
"2021-08-11","'3138NXVB0'","MBS","UMBS MORTPASS 3.5% 12/42","30yr",,,,,"4612392.08",,,,,,""
"2021-08-11","'3140JQZN6'","MBS","UMBS MORTPASS 4% 08/49","30yr",,,,,"4610211.68",,,,,,""
"2021-08-11","'3140QBPS1'","MBS","UMBS MORTPASS 4% 05/49","30yr",,,,,"4607557.03",,,,,,""
"2021-08-11","'3140L3JJ1'","MBS","UMBS MORTPASS 1.5% 03/36","15yr",,,,,"4605263.31",,,,,,""
"2021-08-11","'3140Q9ZD8'","MBS","UMBS MORTPASS 4% 10/48","30yr",,,,,"4597670.64",,,,,,""
"2021-08-11","'3138W3L50'","MBS","UMBS MORTPASS 3% 02/43","30yr",,,,,"4595818.6",,,,,,""
"2021-08-11","'31339SYA7'","MBS","UMBS MORTPASS 3% 10/49","30yr",,,,,"4593245.79",,,,,,""
"2021-08-11","'3140KBKY9'","MBS","UMBS MORTPASS 3% 03/50","30yr",,,,,"4591520.75",,,,,,""
"2021-08-11","'3133A93A1'","MBS","UMBS MORTPASS 2% 09/50","30yr",,,,,"4590960.84",,,,,,""
"2021-08-11","'31334YRX7'","MBS","UMBS MORTPASS 4.5% 07/49","30yr",,,,,"4587824.89",,,,,,""
"2021-08-11","'3138ECTY9'","MBS","UMBS MORTPASS 2.5% 03/27","15yr",,,,,"4587490.76",,,,,,""
"2021-08-11","'31334XA58'","MBS","UMBS MORTPASS 3.5% 07/49","30yr",,,,,"4587137.02",,,,,,""
"2021-08-11","'3133AGK24'","MBS","UMBS MORTPASS 1.5% 03/51","30yr",,,,,"4584106.42",,,,,,""
"2021-08-11","'3133AJPC1'","MBS","UMBS MORTPASS 2.5% 03/51","30yr",,,,,"4582076.52",,,,,,""
"2021-08-11","'3133GASX5'","MBS","UMBS MORTPASS 2% 12/35","15yr",,,,,"4580463.44",,,,,,""
"2021-08-11","'3133G8KW0'","MBS","UMBS MORTPASS 2% 05/35","15yr",,,,,"4579237.98",,,,,,""
"2021-08-11","'31418CDF8'","MBS","UMBS MORTPASS 2.5% 11/26","Other",,,,,"4577655.67",,,,,,""
"2021-08-11","'3133GA7J9'","MBS","UMBS MORTPASS 1.5% 12/35","15yr",,,,,"4576301.41",,,,,,""
"2021-08-11","'3133AE6W9'","MBS","UMBS MORTPASS 2% 01/51","30yr",,,,,"4575200.96",,,,,,""
"2021-08-11","'3133GCF98'","MBS","UMBS MORTPASS 2% 03/36","15yr",,,,,"4571787.9",,,,,,""
"2021-08-11","'31307S3G6'","MBS","FHLMCGLD 3% 02/32","15yr",,,,,"4571087.57",,,,,,""
"2021-08-11","'3132D55F5'","MBS","UMBS MORTPASS 3% 05/35","15yr",,,,,"4567511",,,,,,""
"2021-08-11","'3140LQU32'","MBS","UMBS MORTPASS 1.5% 06/36","15yr",,,,,"4567458.75",,,,,,""
"2021-08-11","'36202FZ66'","MBS","GNMA II MORTPASS 3% 12/41","30yr",,,,,"4564899.91",,,,,,""
"2021-08-11","'3138EHQV7'","MBS","UMBS MORTPASS 3% 02/27","15yr",,,,,"4554298.9",,,,,,""
"2021-08-11","'31417DR88'","MBS","UMBS MORTPASS 2.5% 11/27","15yr",,,,,"4547632.15",,,,,,""
"2021-08-11","'3131X8WS1'","MBS","UMBS MORTPASS 2.5% 03/28","15yr",,,,,"4547197.29",,,,,,""
"2021-08-11","'3140K0TB4'","MBS","UMBS MORTPASS 3% 09/49","30yr",,,,,"4546659.92",,,,,,""
"2021-08-11","'3140X7FB0'","MBS","UMBS MORTPASS 1.5% 08/35","15yr",,,,,"4545929.67",,,,,,""
"2021-08-11","'3140JURT3'","MBS","UMBS MORTPASS 3.5% 05/34","15yr",,,,,"4543955.32",,,,,,""
"2021-08-11","'31307U3X4'","MBS","FHLMCGLD 2.5% 11/32","15yr",,,,,"4538421.05",,,,,,""
"2021-08-11","'3132ADST6'","MBS","UMBS MORTPASS 2% 01/32","15yr",,,,,"4529528.05",,,,,,""
"2021-08-11","'3138X0Z27'","MBS","UMBS MORTPASS 2.5% 07/28","15yr",,,,,"4529221.55",,,,,,""
"2021-08-11","'3133A0DW1'","MBS","UMBS MORTPASS 3% 12/49","30yr",,,,,"4528930.34",,,,,,""
"2021-08-11","'3140X75L9'","MBS","UMBS MORTPASS 2% 09/50","30yr",,,,,"4527049.21",,,,,,""
"2021-08-11","'3132A7KP5'","MBS","UMBS MORTPASS 2.5% 11/27","15yr",,,,,"4526526.16",,,,,,""
"2021-08-11","'3133ACR67'","MBS","UMBS MORTPASS 2.5% 12/50","30yr",,,,,"4526318.07",,,,,,""
"2021-08-11","'31307M4S2'","MBS","FHLMCGLD 3% 05/30","15yr",,,,,"4526280.77",,,,,,""
"2021-08-11","'3140L7DE9'","MBS","UMBS MORTPASS 2% 05/51","30yr",,,,,"4525775.71",,,,,,""
"2021-08-11","'3140KYRM8'","MBS","UMBS MORTPASS 2% 03/36","15yr",,,,,"4524678.85",,,,,,""
"2021-08-11","'3140K52G1'","MBS","UMBS MORTPASS 2.5% 12/34","15yr",,,,,"4523785.58",,,,,,""
"2021-08-11","'3128MEKR1'","MBS","FHLMCGLD 3.5% 07/27","15yr",,,,,"4519772.35",,,,,,""
"2021-08-11","'3132A7G54'","MBS","UMBS MORTPASS 3% 06/27","15yr",,,,,"4518976.26",,,,,,""
"2021-08-11","'3140KAYB6'","MBS","UMBS MORTPASS 1.5% 05/36","15yr",,,,,"4518476.83",,,,,,""
"2021-08-11","'3140X6SH5'","MBS","UMBS MORTPASS 2% 06/35","15yr",,,,,"4516254.48",,,,,,""
"2021-08-11","'3140JW6U9'","MBS","UMBS MORTPASS 3.5% 07/49","30yr",,,,,"4514834.02",,,,,,""
"2021-08-11","'3138XYT79'","MBS","UMBS MORTPASS 3% 07/29","15yr",,,,,"4514181.12",,,,,,""
"2021-08-11","'3140QDNN0'","MBS","UMBS MORTPASS 2.5% 12/34","15yr",,,,,"4510324.47",,,,,,""
"2021-08-11","'3133GCLS9'","MBS","UMBS MORTPASS 1.5% 03/36","15yr",,,,,"4508823.32",,,,,,""
"2021-08-11","'3133GDQT0'","MBS","UMBS MORTPASS 2% 06/36","15yr",,,,,"4507466.23",,,,,,""
"2021-08-11","'3140FHAC1'","MBS","UMBS MORTPASS 3% 11/31","15yr",,,,,"4506873.45",,,,,,""
"2021-08-11","'3140L66M1'","MBS","UMBS MORTPASS 2.5% 05/51","30yr",,,,,"4503247.9",,,,,,""
"2021-08-11","'3140X6AF8'","MBS","UMBS MORTPASS 2.5% 10/31","15yr",,,,,"4502534.68",,,,,,""
"2021-08-11","'3132JMKY4'","MBS","FHLMCGLD 3% 07/43","30yr",,,,,"4502411.29",,,,,,""
"2021-08-11","'3140JKKX3'","MBS","UMBS MORTPASS 4% 11/48","30yr",,,,,"4501127.57",,,,,,""
"2021-08-11","'3133AMLQ7'","MBS","UMBS MORTPASS 2% 06/51","30yr",,,,,"4499118.59",,,,,,""
"2021-08-11","'3133A83L9'","MBS","UMBS MORTPASS 2.5% 08/50","30yr",,,,,"4499112.78",,,,,,""
"2021-08-11","'3133A3QC5'","MBS","UMBS MORTPASS 2.5% 03/50","30yr",,,,,"4497479.47",,,,,,""
"2021-08-11","'3131Y2US5'","MBS","UMBS MORTPASS 4.5% 08/48","30yr",,,,,"4495281.48",,,,,,""
"2021-08-11","'36178NMH9'","MBS","GNMA I MORTPASS 3% 11/42","30yr",,,,,"4490088.68",,,,,,""
"2021-08-11","'3132ADPE2'","MBS","UMBS MORTPASS 4.5% 11/48","30yr",,,,,"4486690.19",,,,,,""
"2021-08-11","'3140JUJ62'","MBS","UMBS MORTPASS 4.5% 05/49","30yr",,,,,"4482954.79",,,,,,""
"2021-08-11","'31329LAS1'","MBS","UMBS MORTPASS 3% 03/27","15yr",,,,,"4481712.42",,,,,,""
"2021-08-11","'31418BUR5'","MBS","UMBS MORTPASS 2.5% 09/25","Other",,,,,"4475882.91",,,,,,""
"2021-08-11","'3140QKRJ9'","MBS","UMBS MORTPASS 1.5% 05/51","30yr",,,,,"4474511.28",,,,,,""
"2021-08-11","'36179MSZ4'","MBS","GNMA II 4.5% 11/42","30yr",,,,,"4469875.11",,,,,,""
"2021-08-11","'3131XVMX0'","MBS","UMBS MORTPASS 3.5% 12/46","30yr",,,,,"4469706.8",,,,,,""
"2021-08-11","'3140L5FK7'","MBS","UMBS MORTPASS 2.5% 03/51","30yr",,,,,"4467429.03",,,,,,""
"2021-08-11","'31329LBU5'","MBS","UMBS MORTPASS 3% 06/27","15yr",,,,,"4467081.48",,,,,,""
"2021-08-11","'3140K3J60'","MBS","UMBS MORTPASS 3.5% 12/49","30yr",,,,,"4462913.01",,,,,,""
"2021-08-11","'3140Q8BN4'","MBS","UMBS MORTPASS 2.5% 12/32","15yr",,,,,"4462637.77",,,,,,""
"2021-08-11","'3132A9RG4'","MBS","UMBS MORTPASS 2.5% 11/30","15yr",,,,,"4461912.36",,,,,,""
"2021-08-11","'3140K3HG0'","MBS","UMBS MORTPASS 3% 10/49","30yr",,,,,"4460762.34",,,,,,""
"2021-08-11","'3131YBEP9'","MBS","UMBS MORTPASS 3.5% 12/48","30yr",,,,,"4459320.51",,,,,,""
"2021-08-11","'3140KDNY2'","MBS","UMBS MORTPASS 3% 05/50","30yr",,,,,"4458754.53",,,,,,""
"2021-08-11","'3140KRN54'","MBS","UMBS MORTPASS 2% 11/35","15yr",,,,,"4457414.63",,,,,,""
"2021-08-11","'3138ENT74'","MBS","UMBS MORTPASS 2.5% 08/28","15yr",,,,,"4453743.7",,,,,,""
"2021-08-11","'31307V6G6'","MBS","FHLMCGLD 3.5% 05/33","15yr",,,,,"4453220.69",,,,,,""
"2021-08-11","'3133AK4U1'","MBS","UMBS MORTPASS 2% 05/51","30yr",,,,,"4446892.22",,,,,,""
"2021-08-11","'3140L4Z77'","MBS","UMBS MORTPASS 2% 03/51","30yr",,,,,"4444041.82",,,,,,""
"2021-08-11","'31339UL99'","MBS","UMBS MORTPASS 3.5% 10/49","30yr",,,,,"4443943.83",,,,,,""
"2021-08-11","'3138MPY82'","MBS","UMBS MORTPASS 3.5% 12/42","30yr",,,,,"4441356.73",,,,,,""
"2021-08-11","'3140L8UG3'","MBS","UMBS MORTPASS 2% 05/51","30yr",,,,,"4439950.03",,,,,,""
"2021-08-11","'31418DFH0'","MBS","UMBS MORTPASS 3.5% 08/29","Other",,,,,"4438554.08",,,,,,""
"2021-08-11","'3133ALFX1'","MBS","UMBS MORTPASS 1.5% 05/51","30yr",,,,,"4432229.91",,,,,,""
"2021-08-11","'3133AG3Y3'","MBS","UMBS MORTPASS 2% 03/51","30yr",,,,,"4431213.71",,,,,,""
"2021-08-11","'3140K4TC4'","MBS","UMBS MORTPASS 3.5% 02/50","30yr",,,,,"4426721.81",,,,,,""
"2021-08-11","'3138MLU85'","MBS","UMBS MORTPASS 2.5% 11/27","15yr",,,,,"4425847.27",,,,,,""
"2021-08-11","'3133AKUD0'","MBS","UMBS MORTPASS 2% 04/51","30yr",,,,,"4424236.23",,,,,,""
"2021-08-11","'3132A7KG5'","MBS","UMBS MORTPASS 2.5% 11/27","15yr",,,,,"4418942.8",,,,,,""
"2021-08-11","'3140L5HJ8'","MBS","UMBS MORTPASS 1.5% 04/36","15yr",,,,,"4418675.24",,,,,,""
"2021-08-11","'3133A1YJ5'","MBS","UMBS MORTPASS 3% 02/50","30yr",,,,,"4417958.8",,,,,,""
"2021-08-11","'3140JVVH2'","MBS","UMBS MORTPASS 3% 07/49","30yr",,,,,"4415966.52",,,,,,""
"2021-08-11","'3133AK5Q9'","MBS","UMBS MORTPASS 2.5% 05/51","30yr",,,,,"4414466.35",,,,,,""
"2021-08-11","'3140KNW46'","MBS","UMBS MORTPASS 2% 09/35","15yr",,,,,"4413127.17",,,,,,""
"2021-08-11","'31329PYR8'","MBS","UMBS MORTPASS 4.5% 12/48","30yr",,,,,"4412852.7",,,,,,""
"2021-08-11","'3133GCTZ5'","MBS","UMBS MORTPASS 2% 04/36","15yr",,,,,"4412509.75",,,,,,""
"2021-08-11","'31418CTD6'","MBS","UMBS MORTPASS 3% 01/33","15yr",,,,,"4411297.35",,,,,,""
"2021-08-11","'3140KFRN7'","MBS","UMBS MORTPASS 3% 06/50","30yr",,,,,"4405743.74",,,,,,""
"2021-08-11","'3140JG5L5'","MBS","UMBS MORTPASS 4% 10/48","30yr",,,,,"4405047.2",,,,,,""
"2021-08-11","'31418DRV6'","MBS","UMBS MORTPASS 2.5% 08/35","15yr",,,,,"4404472.11",,,,,,""
"2021-08-11","'3133G9JZ3'","MBS","UMBS MORTPASS 2% 08/35","15yr",,,,,"4402840.11",,,,,,""
"2021-08-11","'3132A9UB1'","MBS","UMBS MORTPASS 2.5% 12/32","15yr",,,,,"4402267.13",,,,,,""
"2021-08-11","'3140X8D61'","MBS","UMBS MORTPASS 2% 10/35","15yr",,,,,"4397091.51",,,,,,""
"2021-08-11","'3140X9XL4'","MBS","UMBS MORTPASS 2.5% 02/51","30yr",,,,,"4396623.26",,,,,,""
"2021-08-11","'3140F2PD6'","MBS","UMBS MORTPASS 2.5% 05/31","15yr",,,,,"4396054.26",,,,,,""
"2021-08-11","'3140KVKQ2'","MBS","UMBS MORTPASS 1.5% 12/35","15yr",,,,,"4395786.67",,,,,,""
"2021-08-11","'3140FGGZ6'","MBS","UMBS MORTPASS 3% 12/46","30yr",,,,,"4394436.02",,,,,,""
"2021-08-11","'3140K9H36'","MBS","UMBS MORTPASS 3% 03/50","30yr",,,,,"4393257.16",,,,,,""
"2021-08-11","'31335CJK1'","MBS","FHLMCGLD 6% 12/39","30yr",,,,,"4392868.04",,,,,,"Y"
"2021-08-11","'3140H7FY8'","MBS","UMBS MORTPASS 2% 04/35","15yr",,,,,"4391218.14",,,,,,""
"2021-08-11","'3133A6V99'","MBS","UMBS MORTPASS 3% 06/50","30yr",,,,,"4390739.99",,,,,,""
"2021-08-11","'3140KFSR7'","MBS","UMBS MORTPASS 2.5% 09/50","30yr",,,,,"4390248.59",,,,,,""
"2021-08-11","'3133HMCG2'","MBS","UMBS MORTPASS 3% 03/30","Other",,,,,"4389505.6",,,,,,""
"2021-08-11","'3133AFWC1'","MBS","UMBS MORTPASS 2% 02/51","30yr",,,,,"4387512.81",,,,,,""
"2021-08-11","'3140KCR61'","MBS","UMBS MORTPASS 3% 05/50","30yr",,,,,"4386008.9",,,,,,""
"2021-08-11","'31307GTV1'","MBS","FHLMCGLD 3.5% 03/29","15yr",,,,,"4385949.22",,,,,,""
"2021-08-11","'3140X4FB7'","MBS","UMBS MORTPASS 4% 03/49","30yr",,,,,"4385700.16",,,,,,""
"2021-08-11","'3133G6GH2'","MBS","UMBS MORTPASS 2.5% 07/34","15yr",,,,,"4384365.76",,,,,,""
"2021-08-11","'3140K75G4'","MBS","UMBS MORTPASS 2.5% 01/35","15yr",,,,,"4383748.12",,,,,,""
"2021-08-11","'3140F2HU7'","MBS","UMBS MORTPASS 2% 05/31","15yr",,,,,"4382145.49",,,,,,""
"2021-08-11","'3132A9MW4'","MBS","UMBS MORTPASS 2% 11/27","15yr",,,,,"4381947.06",,,,,,""
"2021-08-11","'3140KKLN2'","MBS","UMBS MORTPASS 2% 07/50","30yr",,,,,"4381498.5",,,,,,""
"2021-08-11","'3133GC7G1'","MBS","UMBS MORTPASS 2% 05/36","15yr",,,,,"4380904.24",,,,,,""
"2021-08-11","'3140FHVQ7'","MBS","UMBS MORTPASS 3% 10/46","30yr",,,,,"4380471.07",,,,,,""
"2021-08-11","'3140H1BA7'","MBS","UMBS MORTPASS 4% 12/47","30yr",,,,,"4380326.5",,,,,,""
"2021-08-11","'3140X4X27'","MBS","UMBS MORTPASS 3.5% 05/49","30yr",,,,,"4378876.38",,,,,,""
"2021-08-11","'3133AKH60'","MBS","UMBS MORTPASS 2% 04/51","30yr",,,,,"4377501.42",,,,,,""
"2021-08-11","'3140L0VQ7'","MBS","UMBS MORTPASS 2% 01/51","30yr",,,,,"4372737.84",,,,,,""
"2021-08-11","'3140KRXT1'","MBS","UMBS MORTPASS 2.5% 10/50","30yr",,,,,"4372401.37",,,,,,""
"2021-08-11","'3133ACNF1'","MBS","UMBS MORTPASS 2.5% 11/50","30yr",,,,,"4372322.64",,,,,,""
"2021-08-11","'3140FH6Z5'","MBS","UMBS MORTPASS 2.5% 07/50","30yr",,,,,"4371986.23",,,,,,""
"2021-08-11","'3140JUNL4'","MBS","UMBS MORTPASS 4.5% 06/49","30yr",,,,,"4362183.15",,,,,,""
"2021-08-11","'3140QART9'","MBS","UMBS MORTPASS 3.5% 03/49","30yr",,,,,"4360624.48",,,,,,""
"2021-08-11","'3138WZSG8'","MBS","UMBS MORTPASS 2.5% 08/28","15yr",,,,,"4357526.47",,,,,,""
"2021-08-11","'3138WJJ82'","MBS","UMBS MORTPASS 2.5% 11/31","15yr",,,,,"4356592.19",,,,,,""
"2021-08-11","'3131X8AE6'","MBS","UMBS MORTPASS 2.5% 10/27","15yr",,,,,"4352498.52",,,,,,""
"2021-08-11","'3132A9MU8'","MBS","UMBS MORTPASS 2.5% 09/27","15yr",,,,,"4351065.84",,,,,,""
"2021-08-11","'3140HD5T7'","MBS","UMBS MORTPASS 3% 06/33","15yr",,,,,"4349321.32",,,,,,""
"2021-08-11","'3138WAZM2'","MBS","UMBS MORTPASS 3% 02/29","15yr",,,,,"4348323.92",,,,,,""
"2021-08-11","'3140K54J3'","MBS","UMBS MORTPASS 3% 12/49","30yr",,,,,"4346808.8",,,,,,""
"2021-08-11","'3133AMPZ3'","MBS","UMBS MORTPASS 2% 05/51","30yr",,,,,"4346524.4",,,,,,""
"2021-08-11","'3138YVD55'","MBS","UMBS MORTPASS 3% 07/45","30yr",,,,,"4344297.11",,,,,,""
"2021-08-11","'31334XK73'","MBS","UMBS MORTPASS 3.5% 07/49","30yr",,,,,"4342649.36",,,,,,""
"2021-08-11","'3140HLS72'","MBS","UMBS MORTPASS 4% 06/48","30yr",,,,,"4340181.91",,,,,,""
"2021-08-11","'36179MC32'","MBS","GNMA II 4.5% 05/42","30yr",,,,,"4339058.93",,,,,,""
"2021-08-11","'3140JQQ63'","MBS","UMBS MORTPASS 4% 08/49","30yr",,,,,"4337878.69",,,,,,""
"2021-08-11","'3140JQQS5'","MBS","UMBS MORTPASS 4% 07/49","30yr",,,,,"4335713.15",,,,,,""
"2021-08-11","'31329KW59'","MBS","UMBS MORTPASS 3% 08/37","Other",,,,,"4333755.03",,,,,,""
"2021-08-11","'3140L6V76'","MBS","UMBS MORTPASS 1.5% 04/36","15yr",,,,,"4333058.71",,,,,,""
"2021-08-11","'3138XGTS2'","MBS","UMBS MORTPASS 3% 02/29","15yr",,,,,"4327558.07",,,,,,""
"2021-08-11","'3140KBJJ4'","MBS","UMBS MORTPASS 2.5% 03/50","30yr",,,,,"4327359.92",,,,,,""
"2021-08-11","'3133GDZB9'","MBS","UMBS MORTPASS 1.5% 07/36","15yr",,,,,"4327072",,,,,,""
"2021-08-11","'31329LDM1'","MBS","UMBS MORTPASS 2.5% 02/28","15yr",,,,,"4324224.02",,,,,,""
"2021-08-11","'3140XAH96'","MBS","UMBS MORTPASS 2% 04/51","30yr",,,,,"4321580.32",,,,,,""
"2021-08-11","'31416AFC9'","MBS","UMBS MORTPASS 3.5% 05/39","30yr",,,,,"4320241.02",,,,,,""
"2021-08-11","'3140L3MZ1'","MBS","UMBS MORTPASS 2.5% 03/51","30yr",,,,,"4320162.72",,,,,,""
"2021-08-11","'3140K9Y60'","MBS","UMBS MORTPASS 2.5% 04/50","30yr",,,,,"4320126.99",,,,,,""
"2021-08-11","'3140JLQC1'","MBS","UMBS MORTPASS 4% 01/49","30yr",,,,,"4318162.34",,,,,,""
"2021-08-11","'31418DBC5'","MBS","UMBS MORTPASS 3.5% 04/39","Other",,,,,"4314974.55",,,,,,""
"2021-08-11","'3132A9U47'","MBS","UMBS MORTPASS 2.5% 07/33","15yr",,,,,"4313975.42",,,,,,""
"2021-08-11","'3140X72G3'","MBS","UMBS MORTPASS 2% 09/50","30yr",,,,,"4312802.76",,,,,,""
"2021-08-11","'31339SW76'","MBS","UMBS MORTPASS 3% 10/49","30yr",,,,,"4310526.08",,,,,,""
"2021-08-11","'3133AGLH0'","MBS","UMBS MORTPASS 2% 03/51","30yr",,,,,"4308707.79",,,,,,""
"2021-08-11","'3140LN5N3'","MBS","UMBS MORTPASS 2.5% 05/51","30yr",,,,,"4308421.71",,,,,,""
"2021-08-11","'3133AMSL1'","MBS","UMBS MORTPASS 2% 06/51","30yr",,,,,"4308122.01",,,,,,""
"2021-08-11","'31292LVN2'","MBS","FHLMCGLD 3% 08/42","30yr",,,,,"4305857.44",,,,,,""
"2021-08-11","'3140QCGZ3'","MBS","UMBS MORTPASS 3% 11/34","15yr",,,,,"4301642.32",,,,,,""
"2021-08-11","'3140J9NK3'","MBS","UMBS MORTPASS 4% 11/48","30yr",,,,,"4301279.34",,,,,,""
"2021-08-11","'3140X55C3'","MBS","UMBS MORTPASS 2.5% 05/28","Other",,,,,"4300464.14",,,,,,""
"2021-08-11","'3140H6NH8'","MBS","UMBS MORTPASS 3% 03/33","15yr",,,,,"4298589.02",,,,,,""
"2021-08-11","'3140K7ZG1'","MBS","UMBS MORTPASS 3% 01/50","30yr",,,,,"4297470.88",,,,,,""
"2021-08-11","'3140KE6V5'","MBS","UMBS MORTPASS 3% 06/50","30yr",,,,,"4297037.51",,,,,,""
"2021-08-11","'3131YABW9'","MBS","UMBS MORTPASS 3% 02/34","15yr",,,,,"4296798.03",,,,,,""
"2021-08-11","'3133GCYU0'","MBS","UMBS MORTPASS 2% 04/36","15yr",,,,,"4296740.69",,,,,,""
"2021-08-11","'3140K8AB7'","MBS","UMBS MORTPASS 3% 01/50","30yr",,,,,"4296531.36",,,,,,""
"2021-08-11","'3140Q8D77'","MBS","UMBS MORTPASS 4.5% 01/48","30yr",,,,,"4295353.51",,,,,,""
"2021-08-11","'3140QFFJ3'","MBS","UMBS MORTPASS 2.5% 10/50","30yr",,,,,"4294454.99",,,,,,""
"2021-08-11","'3133AFP21'","MBS","UMBS MORTPASS 2% 02/51","30yr",,,,,"4293965.25",,,,,,""
"2021-08-11","'3140Q9W74'","MBS","UMBS MORTPASS 4% 10/48","30yr",,,,,"4290771.29",,,,,,""
"2021-08-11","'31418DNE8'","MBS","UMBS MORTPASS 3% 04/40","Other",,,,,"4288789.95",,,,,,""
"2021-08-11","'31418CFK5'","MBS","UMBS MORTPASS 2.5% 01/27","Other",,,,,"4288473.61",,,,,,""
"2021-08-11","'3133KHBM7'","MBS","UMBS MORTPASS 3.5% 11/49","30yr",,,,,"4285471.33",,,,,,""
"2021-08-11","'3133ALZB7'","MBS","UMBS MORTPASS 2% 06/51","30yr",,,,,"4283415.4",,,,,,""
"2021-08-11","'3133AKHN3'","MBS","UMBS MORTPASS 1.5% 04/51","30yr",,,,,"4280198.54",,,,,,""
"2021-08-11","'31418DLX8'","MBS","UMBS MORTPASS 2% 02/35","15yr",,,,,"4278532.4",,,,,,""
"2021-08-11","'3140L7MM1'","MBS","UMBS MORTPASS 2.5% 04/51","30yr",,,,,"4275687.64",,,,,,""
"2021-08-11","'3133AKT26'","MBS","UMBS MORTPASS 2.5% 04/51","30yr",,,,,"4275131.1",,,,,,""
"2021-08-11","'3140KAMD5'","MBS","UMBS MORTPASS 2.5% 03/50","30yr",,,,,"4274862.16",,,,,,""
"2021-08-11","'3140X7BF5'","MBS","UMBS MORTPASS 2% 07/35","15yr",,,,,"4273507.99",,,,,,""
"2021-08-11","'31334XJR1'","MBS","UMBS MORTPASS 3.5% 07/49","30yr",,,,,"4272136.2",,,,,,""
"2021-08-11","'31418BJ23'","MBS","UMBS MORTPASS 2.5% 11/24","Other",,,,,"4270807.12",,,,,,""
"2021-08-11","'3140Q8WZ4'","MBS","UMBS MORTPASS 4.5% 04/48","30yr",,,,,"4270263.56",,,,,,""
"2021-08-11","'3140Q9N33'","MBS","UMBS MORTPASS 4.5% 08/48","30yr",,,,,"4269931.25",,,,,,""
"2021-08-11","'3131X83H7'","MBS","UMBS MORTPASS 2.5% 04/28","15yr",,,,,"4267219.93",,,,,,""
"2021-08-11","'3140HKAJ7'","MBS","UMBS MORTPASS 4% 08/48","30yr",,,,,"4263373.76",,,,,,""
"2021-08-11","'3140L3RE3'","MBS","UMBS MORTPASS 2% 02/51","30yr",,,,,"4261055.77",,,,,,""
"2021-08-11","'3140F3MY1'","MBS","UMBS MORTPASS 2.5% 05/31","15yr",,,,,"4260474.54",,,,,,""
"2021-08-11","'3128MMYR8'","MBS","FHLMCGLD 3% 01/34","15yr",,,,,"4256171.1",,,,,,""
"2021-08-11","'3138E9YL8'","MBS","UMBS MORTPASS 3% 04/27","15yr",,,,,"4255497.28",,,,,,""
"2021-08-11","'3140JYLQ7'","MBS","UMBS MORTPASS 3% 09/49","30yr",,,,,"4255223.16",,,,,,""
"2021-08-11","'31307TR37'","MBS","FHLMCGLD 2.5% 04/32","15yr",,,,,"4252727.48",,,,,,""
"2021-08-11","'31418CRC0'","MBS","UMBS MORTPASS 3.5% 11/47","30yr",,,,,"4248103.58",,,,,,""
"2021-08-11","'3138MPCT0'","MBS","UMBS MORTPASS 2% 12/27","15yr",,,,,"4246448.75",,,,,,""
"2021-08-11","'3140K3NT5'","MBS","UMBS MORTPASS 3% 02/50","30yr",,,,,"4246129.47",,,,,,""
"2021-08-11","'3131Y0Z70'","MBS","UMBS MORTPASS 4% 04/48","30yr",,,,,"4246015.66",,,,,,""
"2021-08-11","'3140JSUX5'","MBS","UMBS MORTPASS 4% 04/49","30yr",,,,,"4245835.76",,,,,,""
"2021-08-11","'3132J9YL6'","MBS","FHLMCGLD 3% 05/43","30yr",,,,,"4241952.1",,,,,,""
"2021-08-11","'3140JYSY3'","MBS","UMBS MORTPASS 3.5% 08/49","30yr",,,,,"4238827.73",,,,,,""
"2021-08-11","'3138WVQC8'","MBS","UMBS MORTPASS 3% 06/28","15yr",,,,,"4232618.87",,,,,,""
"2021-08-11","'3140X5HN6'","MBS","UMBS MORTPASS 3% 06/38","Other",,,,,"4225579.84",,,,,,""
"2021-08-11","'3140FG5J4'","MBS","UMBS MORTPASS 3% 11/31","15yr",,,,,"4215705.5",,,,,,""
"2021-08-11","'3140L8HS2'","MBS","UMBS MORTPASS 1.5% 05/36","15yr",,,,,"4215675.06",,,,,,""
"2021-08-11","'3140QFA33'","MBS","UMBS MORTPASS 2% 10/50","30yr",,,,,"4212952.48",,,,,,""
"2021-08-11","'31307W6K5'","MBS","FHLMCGLD 3.5% 11/33","15yr",,,,,"4210196.7",,,,,,""
"2021-08-11","'3133A8F77'","MBS","UMBS MORTPASS 2.5% 08/50","30yr",,,,,"4209985.18",,,,,,""
"2021-08-11","'3140KRZ51'","MBS","UMBS MORTPASS 2% 11/50","30yr",,,,,"4207661.35",,,,,,""
"2021-08-11","'3140X4NR3'","MBS","UMBS MORTPASS 3% 07/49","30yr",,,,,"4207647.93",,,,,,""
"2021-08-11","'3140K0WQ7'","MBS","UMBS MORTPASS 3.5% 10/49","30yr",,,,,"4207393.63",,,,,,""
"2021-08-11","'3131Y2LM8'","MBS","UMBS MORTPASS 4% 08/48","30yr",,,,,"4206734.32",,,,,,""
"2021-08-11","'3133A2NG1'","MBS","UMBS MORTPASS 2.5% 03/50","30yr",,,,,"4204148.49",,,,,,""
"2021-08-11","'3140X6C41'","MBS","UMBS MORTPASS 3% 01/35","15yr",,,,,"4199682.31",,,,,,""
"2021-08-11","'31329PTE3'","MBS","UMBS MORTPASS 4.5% 11/48","30yr",,,,,"4193999.03",,,,,,""
"2021-08-11","'3140KRNF2'","MBS","UMBS MORTPASS 2% 11/35","15yr",,,,,"4192637.29",,,,,,""
"2021-08-11","'3140L1HG3'","MBS","UMBS MORTPASS 1.5% 04/51","30yr",,,,,"4189467.82",,,,,,""
"2021-08-11","'31334WT43'","MBS","UMBS MORTPASS 3.5% 06/49","30yr",,,,,"4188474.3",,,,,,""
"2021-08-11","'31418DPF3'","MBS","UMBS MORTPASS 3.5% 05/50","30yr",,,,,"4187447.92",,,,,,""
"2021-08-11","'3133G8KV2'","MBS","UMBS MORTPASS 2% 04/35","15yr",,,,,"4185077.36",,,,,,""
"2021-08-11","'3131X8ZZ2'","MBS","UMBS MORTPASS 2.5% 04/28","15yr",,,,,"4183436.93",,,,,,""
"2021-08-11","'36179TG66'","MBS","GNMA II 4.5% 09/47","30yr",,,,,"4182981.87",,,,,,""
"2021-08-11","'3140L4YC7'","MBS","UMBS MORTPASS 2% 02/51","30yr",,,,,"4182265.55",,,,,,""
"2021-08-11","'3132ACNP1'","MBS","UMBS MORTPASS 4.5% 11/47","30yr",,,,,"4180445.77",,,,,,""
"2021-08-11","'3140X4XP6'","MBS","UMBS MORTPASS 3% 09/49","30yr",,,,,"4179146",,,,,,""
"2021-08-11","'3140KUKX9'","MBS","UMBS MORTPASS 2.5% 12/50","30yr",,,,,"4178486.54",,,,,,""
"2021-08-11","'3133ACXF0'","MBS","UMBS MORTPASS 2.5% 12/50","30yr",,,,,"4178075.94",,,,,,""
"2021-08-11","'3140L43N7'","MBS","UMBS MORTPASS 1.5% 03/36","15yr",,,,,"4177974.31",,,,,,""
"2021-08-11","'3138MKQQ2'","MBS","UMBS MORTPASS 2.5% 04/28","15yr",,,,,"4174083.55",,,,,,""
"2021-08-11","'36202FDW3'","MBS","GNMA II 4.5% 01/40","30yr",,,,,"4173434.77",,,,,,""
"2021-08-11","'3140H6EF2'","MBS","UMBS MORTPASS 3.5% 03/48","30yr",,,,,"4168742.1",,,,,,""
"2021-08-11","'3140K83S8'","MBS","UMBS MORTPASS 2.5% 06/50","30yr",,,,,"4168694.27",,,,,,""
"2021-08-11","'31418DA93'","MBS","UMBS MORTPASS 3% 04/34","15yr",,,,,"4166555.29",,,,,,""
"2021-08-11","'3140LPEW8'","MBS","UMBS MORTPASS 2% 07/51","30yr",,,,,"4165358",,,,,,""
"2021-08-11","'3140Q7M38'","MBS","UMBS MORTPASS 3% 09/47","30yr",,,,,"4160192.49",,,,,,""
"2021-08-11","'31339S4P7'","MBS","UMBS MORTPASS 3.5% 10/49","30yr",,,,,"4157624.44",,,,,,""
"2021-08-11","'3133A2E55'","MBS","UMBS MORTPASS 3% 02/50","30yr",,,,,"4157622.99",,,,,,""
"2021-08-11","'3140JXD47'","MBS","UMBS MORTPASS 3% 10/49","30yr",,,,,"4155802.02",,,,,,""
"2021-08-11","'3140QBGZ5'","MBS","UMBS MORTPASS 3.5% 07/44","30yr",,,,,"4153966.31",,,,,,""
"2021-08-11","'31418DNX6'","MBS","UMBS MORTPASS 2% 04/30","Other",,,,,"4153191.07",,,,,,""
"2021-08-11","'3140QCKC9'","MBS","UMBS MORTPASS 3% 12/44","30yr",,,,,"4151900.69",,,,,,""
"2021-08-11","'3133G9JT7'","MBS","UMBS MORTPASS 2% 08/35","15yr",,,,,"4151345.69",,,,,,""
"2021-08-11","'31329PW25'","MBS","UMBS MORTPASS 3.5% 07/48","30yr",,,,,"4151155.78",,,,,,""
"2021-08-11","'3140L3L90'","MBS","UMBS MORTPASS 2.5% 02/51","30yr",,,,,"4149964.31",,,,,,""
"2021-08-11","'3131XDE43'","MBS","UMBS MORTPASS 2.5% 01/33","15yr",,,,,"4148488.05",,,,,,""
"2021-08-11","'3140KU6N7'","MBS","UMBS MORTPASS 2% 12/35","15yr",,,,,"4140779.32",,,,,,""
"2021-08-11","'3133AGZ44'","MBS","UMBS MORTPASS 1.5% 03/51","30yr",,,,,"4140659.05",,,,,,""
"2021-08-11","'3140HEKV3'","MBS","UMBS MORTPASS 3.5% 02/48","30yr",,,,,"4140512.17",,,,,,""
"2021-08-11","'3140QDJC9'","MBS","UMBS MORTPASS 2.5% 05/50","30yr",,,,,"4135182.8",,,,,,""
"2021-08-11","'3131Y9Q89'","MBS","UMBS MORTPASS 4.5% 02/49","30yr",,,,,"4134859.19",,,,,,""
"2021-08-11","'3133G9AE9'","MBS","UMBS MORTPASS 2% 07/35","15yr",,,,,"4134235.85",,,,,,""
"2021-08-11","'31307F4Q1'","MBS","FHLMCGLD 3% 01/29","15yr",,,,,"4129698.97",,,,,,""
"2021-08-11","'31418A6Z6'","MBS","UMBS MORTPASS 2.5% 02/24","Other",,,,,"4126150.65",,,,,,""
"2021-08-11","'3140HNNW8'","MBS","UMBS MORTPASS 1.5% 01/51","30yr",,,,,"4124259.3",,,,,,""
"2021-08-11","'3620A9PM7'","MBS","GNMA I MORTPASS 5% 10/39","30yr",,,,,"4121795.98",,,,,,""
"2021-08-11","'3140HHSX4'","MBS","UMBS MORTPASS 4.5% 10/48","30yr",,,,,"4121670",,,,,,""
"2021-08-11","'3140L3CG4'","MBS","UMBS MORTPASS 2% 02/51","30yr",,,,,"4120071.46",,,,,,""
"2021-08-11","'36179NDP0'","MBS","GNMA II 2.5% 05/43","30yr",,,,,"4119343.99",,,,,,""
"2021-08-11","'3133ABXN5'","MBS","UMBS MORTPASS 2.5% 10/50","30yr",,,,,"4118844.95",,,,,,""
"2021-08-11","'3133AGL23'","MBS","UMBS MORTPASS 2% 03/51","30yr",,,,,"4118342.64",,,,,,""
"2021-08-11","'3140QCSK3'","MBS","UMBS MORTPASS 3.5% 01/50","30yr",,,,,"4117776.23",,,,,,""
"2021-08-11","'3140L1FJ9'","MBS","UMBS MORTPASS 2% 01/51","30yr",,,,,"4117384.41",,,,,,""
"2021-08-11","'3140HFVJ5'","MBS","UMBS MORTPASS 2.5% 04/50","30yr",,,,,"4116457.81",,,,,,""
"2021-08-11","'31329PS95'","MBS","UMBS MORTPASS 4% 11/48","30yr",,,,,"4110893.5",,,,,,""
"2021-08-11","'3133GDKH2'","MBS","UMBS MORTPASS 2% 06/36","15yr",,,,,"4110779.93",,,,,,""
"2021-08-11","'3140KVAU4'","MBS","UMBS MORTPASS 2% 11/50","30yr",,,,,"4110468.97",,,,,,""
"2021-08-11","'3138X15N2'","MBS","UMBS MORTPASS 3% 09/28","15yr",,,,,"4109694.13",,,,,,""
"2021-08-11","'3140JRRC7'","MBS","UMBS MORTPASS 3.5% 08/49","30yr",,,,,"4107623.69",,,,,,""
"2021-08-11","'3138MBLV6'","MBS","UMBS MORTPASS 3% 09/27","15yr",,,,,"4107284.31",,,,,,""
"2021-08-11","'3140KCNU2'","MBS","UMBS MORTPASS 2.5% 07/50","30yr",,,,,"4106350.3",,,,,,""
"2021-08-11","'3133ALK64'","MBS","UMBS MORTPASS 2.5% 05/51","30yr",,,,,"4104309.42",,,,,,""
"2021-08-11","'3140KHS36'","MBS","UMBS MORTPASS 2.5% 07/50","30yr",,,,,"4104171.98",,,,,,""
"2021-08-11","'3138MJWJ4'","MBS","UMBS MORTPASS 2.5% 11/27","15yr",,,,,"4101368.42",,,,,,""
"2021-08-11","'3133D3BG9'","MBS","UMBS MORTPASS 2.5% 09/39","Other",,,,,"4100672.49",,,,,,""
"2021-08-11","'3140HKFJ2'","MBS","UMBS MORTPASS 2% 09/50","30yr",,,,,"4098516.3",,,,,,""
"2021-08-11","'3133ACQZ4'","MBS","UMBS MORTPASS 2.5% 11/50","30yr",,,,,"4097932.12",,,,,,""
"2021-08-11","'3133KGZX9'","MBS","UMBS MORTPASS 3.5% 02/48","30yr",,,,,"4097506.76",,,,,,""
"2021-08-11","'3140QBPX0'","MBS","UMBS MORTPASS 4.5% 05/49","30yr",,,,,"4093979.66",,,,,,""
"2021-08-11","'3140L8WD8'","MBS","UMBS MORTPASS 2.5% 05/46","30yr",,,,,"4093377.34",,,,,,""
"2021-08-11","'3140K9G94'","MBS","UMBS MORTPASS 3% 02/50","30yr",,,,,"4092097.27",,,,,,""
"2021-08-11","'36176EME8'","MBS","GNMA I 3.5% 07/43","30yr",,,,,"4089759.42",,,,,,""
"2021-08-11","'3140L3C74'","MBS","UMBS MORTPASS 1.5% 04/36","15yr",,,,,"4089464.1",,,,,,""
"2021-08-11","'3133A3UX4'","MBS","UMBS MORTPASS 3% 04/50","30yr",,,,,"4085882.83",,,,,,""
"2021-08-11","'3131YC4M5'","MBS","UMBS MORTPASS 4% 05/49","30yr",,,,,"4085279.5",,,,,,""
"2021-08-11","'3133A7LJ6'","MBS","UMBS MORTPASS 2.5% 07/50","30yr",,,,,"4084331.19",,,,,,""
"2021-08-11","'3133G74Z3'","MBS","UMBS MORTPASS 2.5% 03/35","15yr",,,,,"4083342.62",,,,,,""
"2021-08-11","'3132ADWH7'","MBS","UMBS MORTPASS 3% 11/48","30yr",,,,,"4082512.44",,,,,,""
"2021-08-11","'3138EHRB0'","MBS","UMBS MORTPASS 3% 02/27","15yr",,,,,"4081078.19",,,,,,""
"2021-08-11","'3140HNNY4'","MBS","UMBS MORTPASS 2% 12/50","30yr",,,,,"4080426.16",,,,,,""
"2021-08-11","'3132AC3C2'","MBS","UMBS MORTPASS 3% 08/28","Other",,,,,"4079067.47",,,,,,""
"2021-08-11","'3140Q8F42'","MBS","UMBS MORTPASS 2.5% 02/33","15yr",,,,,"4077185.64",,,,,,""
"2021-08-11","'3140KNWS3'","MBS","UMBS MORTPASS 2% 08/35","15yr",,,,,"4074631.05",,,,,,""
"2021-08-11","'3133AANX6'","MBS","UMBS MORTPASS 2% 10/50","30yr",,,,,"4074142.63",,,,,,""
"2021-08-11","'31417DY72'","MBS","UMBS MORTPASS 2.5% 11/27","15yr",,,,,"4074015.87",,,,,,""
"2021-08-11","'3140KCSJ2'","MBS","UMBS MORTPASS 2.5% 05/45","30yr",,,,,"4073734.38",,,,,,""
"2021-08-11","'3138XTR64'","MBS","UMBS MORTPASS 3.5% 04/29","15yr",,,,,"4071400.99",,,,,,""
"2021-08-11","'3140KAK96'","MBS","UMBS MORTPASS 3% 03/50","30yr",,,,,"4071248.11",,,,,,""
"2021-08-11","'31418DAX0'","MBS","UMBS MORTPASS 3.5% 03/39","Other",,,,,"4069217.21",,,,,,""
"2021-08-11","'3140QHHF5'","MBS","UMBS MORTPASS 2.5% 02/51","30yr",,,,,"4068978.47",,,,,,""
"2021-08-11","'3140XBCG3'","MBS","UMBS MORTPASS 2.5% 05/51","30yr",,,,,"4068342.19",,,,,,""
"2021-08-11","'3138MFRF6'","MBS","UMBS MORTPASS 2% 10/27","15yr",,,,,"4067230.83",,,,,,""
"2021-08-11","'3133ALFV5'","MBS","UMBS MORTPASS 1.5% 05/51","30yr",,,,,"4066418.4",,,,,,""
"2021-08-11","'3140QBWV6'","MBS","UMBS MORTPASS 2.5% 09/34","15yr",,,,,"4060977.59",,,,,,""
"2021-08-11","'3128MDJ61'","MBS","FHLMCGLD 4% 10/26","15yr",,,,,"4060225.56",,,,,,""
"2021-08-11","'31329N2C1'","MBS","UMBS MORTPASS 3.5% 03/48","30yr",,,,,"4060126.04",,,,,,""
"2021-08-11","'3133G7A45'","MBS","UMBS MORTPASS 2% 11/34","15yr",,,,,"4058587.82",,,,,,""
"2021-08-11","'3138WWN54'","MBS","UMBS MORTPASS 2.5% 08/28","15yr",,,,,"4058173.64",,,,,,""
"2021-08-11","'3140K84M0'","MBS","UMBS MORTPASS 2% 10/50","30yr",,,,,"4057303.01",,,,,,""
"2021-08-11","'3140JXDD7'","MBS","UMBS MORTPASS 2.5% 08/49","30yr",,,,,"4056877.21",,,,,,""
"2021-08-11","'3140KVSC5'","MBS","UMBS MORTPASS 1.5% 12/50","30yr",,,,,"4056530.29",,,,,,""
"2021-08-11","'36202FUF1'","MBS","GNMA II 4.5% 06/41","30yr",,,,,"4055126.2",,,,,,""
"2021-08-11","'3133A4CW4'","MBS","UMBS MORTPASS 3% 04/45","30yr",,,,,"4054998.78",,,,,,""
"2021-08-11","'3140HHJM8'","MBS","UMBS MORTPASS 3.5% 04/48","30yr",,,,,"4053575.77",,,,,,""
"2021-08-11","'3133AFRF0'","MBS","UMBS MORTPASS 2% 01/51","30yr",,,,,"4050037.59",,,,,,""
"2021-08-11","'3140K2CW2'","MBS","UMBS MORTPASS 3% 01/50","30yr",,,,,"4049603.16",,,,,,""
"2021-08-11","'3140L4GN3'","MBS","UMBS MORTPASS 2.5% 03/51","30yr",,,,,"4047701.57",,,,,,""
"2021-08-11","'36297GMA5'","MBS","GNMA I 4.5% 09/39","30yr",,,,,"4047689.56",,,,,,""
"2021-08-11","'3140JNW48'","MBS","UMBS MORTPASS 4.5% 05/49","30yr",,,,,"4047314.72",,,,,,""
"2021-08-11","'3140KCXF4'","MBS","UMBS MORTPASS 3% 04/50","30yr",,,,,"4044691.08",,,,,,""
"2021-08-11","'3140JX4S4'","MBS","UMBS MORTPASS 3% 12/49","30yr",,,,,"4041156.33",,,,,,""
"2021-08-11","'36179UB92'","MBS","GNMA II MORTPASS 3% 09/48","30yr",,,,,"4040880.4",,,,,,""
"2021-08-11","'3140QBY69'","MBS","UMBS MORTPASS 2% 10/49","30yr",,,,,"4037433.04",,,,,,""
"2021-08-11","'3133ANFF6'","MBS","UMBS MORTPASS 2% 07/51","30yr",,,,,"4036016.94",,,,,,""
"2021-08-11","'3140F2PG9'","MBS","UMBS MORTPASS 2.5% 05/31","15yr",,,,,"4032971.44",,,,,,""
"2021-08-11","'3133A4FC5'","MBS","UMBS MORTPASS 3% 04/50","30yr",,,,,"4032351.99",,,,,,""
"2021-08-11","'3140EXA45'","MBS","UMBS MORTPASS 2.5% 05/31","15yr",,,,,"4027722.31",,,,,,""
"2021-08-11","'3140HNKR2'","MBS","UMBS MORTPASS 1.5% 12/50","30yr",,,,,"4027029.48",,,,,,""
"2021-08-11","'3140KRNE5'","MBS","UMBS MORTPASS 2% 11/35","15yr",,,,,"4026367.57",,,,,,""
"2021-08-11","'3140QDTL8'","MBS","UMBS MORTPASS 3% 11/49","30yr",,,,,"4023358.58",,,,,,""
"2021-08-11","'3140QDW67'","MBS","UMBS MORTPASS 2% 06/50","30yr",,,,,"4023221.9",,,,,,""
"2021-08-11","'36202E4F3'","MBS","GNMA II MORTPASS 4% 04/39","30yr",,,,,"4018607.22",,,,,,""
"2021-08-11","'3140HEAR3'","MBS","UMBS MORTPASS 4% 07/48","30yr",,,,,"4018168.1",,,,,,""
"2021-08-11","'3140GREK6'","MBS","UMBS MORTPASS 3.5% 11/47","30yr",,,,,"4015721.64",,,,,,""
"2021-08-11","'3140KBGC2'","MBS","UMBS MORTPASS 3% 03/40","Other",,,,,"4013545.9",,,,,,""
"2021-08-11","'3140JLWP5'","MBS","UMBS MORTPASS 3.5% 03/34","15yr",,,,,"4011841.15",,,,,,""
"2021-08-11","'3133A15G3'","MBS","UMBS MORTPASS 4% 02/50","30yr",,,,,"4010435.03",,,,,,""
"2021-08-11","'31329QCZ2'","MBS","UMBS MORTPASS 4.5% 02/49","30yr",,,,,"4010035.63",,,,,,""
"2021-08-11","'3132A7MF5'","MBS","UMBS MORTPASS 2% 03/28","15yr",,,,,"4007934.86",,,,,,""
"2021-08-11","'3131X7FQ6'","MBS","UMBS MORTPASS 3% 12/26","15yr",,,,,"4007431.13",,,,,,""
"2021-08-11","'31334WF71'","MBS","UMBS MORTPASS 3% 06/49","30yr",,,,,"4007328.36",,,,,,""
"2021-08-11","'31417EBS9'","MBS","UMBS MORTPASS 2.5% 12/27","15yr",,,,,"4006534.48",,,,,,""
"2021-08-11","'3140X3AA6'","MBS","UMBS MORTPASS 2.5% 12/24","Other",,,,,"4004970.35",,,,,,""
"2021-08-11","'3140JPJA4'","MBS","UMBS MORTPASS 4% 02/49","30yr",,,,,"4004791.39",,,,,,""
"2021-08-11","'3133AJCN1'","MBS","UMBS MORTPASS 2% 02/51","30yr",,,,,"4004366.46",,,,,,""
"2021-08-11","'3128MMYJ6'","MBS","FHLMCGLD 3% 11/33","15yr",,,,,"4002829.9",,,,,,""
"2021-08-11","'3140L25E9'","MBS","UMBS MORTPASS 2% 03/51","30yr",,,,,"3997192.15",,,,,,""
"2021-08-11","'3133AKRG7'","MBS","UMBS MORTPASS 1.5% 04/51","30yr",,,,,"3994926",,,,,,""
"2021-08-11","'3132CWSA3'","MBS","UMBS MORTPASS 1.5% 04/36","15yr",,,,,"3994465.05",,,,,,""
"2021-08-11","'3140KS2J5'","MBS","UMBS MORTPASS 2.5% 10/50","30yr",,,,,"3988482.08",,,,,,""
"2021-08-11","'36178D7H8'","MBS","GNMA I MORTPASS 3% 04/43","30yr",,,,,"3988150.73",,,,,,""
"2021-08-11","'3140QHEJ0'","MBS","UMBS MORTPASS 1.5% 02/36","15yr",,,,,"3987021.95",,,,,,""
"2021-08-11","'3133AESR6'","MBS","UMBS MORTPASS 1.5% 01/51","30yr",,,,,"3986024.96",,,,,,""
"2021-08-11","'3140KYET7'","MBS","UMBS MORTPASS 1.5% 05/51","30yr",,,,,"3983483.32",,,,,,""
"2021-08-11","'3133ALGX0'","MBS","UMBS MORTPASS 2% 04/51","30yr",,,,,"3976520.79",,,,,,""
"2021-08-11","'3140LNDD6'","MBS","UMBS MORTPASS 1.5% 05/36","15yr",,,,,"3976020.33",,,,,,""
"2021-08-11","'3133G9BB4'","MBS","UMBS MORTPASS 2% 07/35","15yr",,,,,"3975877.3",,,,,,""
"2021-08-11","'3622A2CF7'","MBS","GNMA II MORTPASS 3% 09/42","30yr",,,,,"3973427.13",,,,,,""
"2021-08-11","'36180KJL6'","MBS","GNMA I MORTPASS 3% 04/43","30yr",,,,,"3970928.84",,,,,,""
"2021-08-11","'31418AJN9'","MBS","UMBS MORTPASS 2.5% 09/22","Other",,,,,"3970735.17",,,,,,""
"2021-08-11","'3140KEZH4'","MBS","UMBS MORTPASS 2% 08/50","30yr",,,,,"3970283.52",,,,,,""
"2021-08-11","'3133AARC8'","MBS","UMBS MORTPASS 2% 09/50","30yr",,,,,"3965366.63",,,,,,""
"2021-08-11","'3133GBX82'","MBS","UMBS MORTPASS 2% 02/36","15yr",,,,,"3964452.46",,,,,,""
"2021-08-11","'3131X8HY5'","MBS","UMBS MORTPASS 2.5% 11/27","15yr",,,,,"3964400.61",,,,,,""
"2021-08-11","'3132A9NA1'","MBS","UMBS MORTPASS 2% 04/28","15yr",,,,,"3963877.13",,,,,,""
"2021-08-11","'3133KYSD2'","MBS","UMBS MORTPASS 2.5% 09/39","Other",,,,,"3963781.14",,,,,,""
"2021-08-11","'3133A2M80'","MBS","UMBS MORTPASS 3% 03/50","30yr",,,,,"3963121.04",,,,,,""
"2021-08-11","'3133ANR71'","MBS","UMBS MORTPASS 2.5% 07/51","30yr",,,,,"3957672",,,,,,""
"2021-08-11","'3138X6M36'","MBS","UMBS MORTPASS 2.5% 09/28","15yr",,,,,"3957361.73",,,,,,""
"2021-08-11","'31329PJW4'","MBS","UMBS MORTPASS 4% 09/48","30yr",,,,,"3954780.07",,,,,,""
"2021-08-11","'3140JWRE2'","MBS","UMBS MORTPASS 3% 07/49","30yr",,,,,"3953595.09",,,,,,""
"2021-08-11","'3140H7FU6'","MBS","UMBS MORTPASS 2.5% 03/35","15yr",,,,,"3952378.17",,,,,,""
"2021-08-11","'31307WMW1'","MBS","FHLMCGLD 3.5% 08/33","15yr",,,,,"3950851.24",,,,,,""
"2021-08-11","'3138ERTG5'","MBS","UMBS MORTPASS 2.5% 07/25","Other",,,,,"3945653.49",,,,,,""
"2021-08-11","'3133G6ZL2'","MBS","UMBS MORTPASS 2.5% 10/34","15yr",,,,,"3942594.33",,,,,,""
"2021-08-11","'3132QLVN0'","MBS","FHLMCGLD 3.5% 01/45","30yr",,,,,"3939933.8",,,,,,""
"2021-08-11","'3131YBUA4'","MBS","UMBS MORTPASS 3.5% 04/49","30yr",,,,,"3938966.72",,,,,,""
"2021-08-11","'3140JJGQ6'","MBS","UMBS MORTPASS 4% 01/49","30yr",,,,,"3935985.08",,,,,,""
"2021-08-11","'3140KHH46'","MBS","UMBS MORTPASS 2.5% 07/50","30yr",,,,,"3929782.13",,,,,,""
"2021-08-11","'36179VTX8'","MBS","GNMA II MORTPASS 3% 09/50","30yr",,,,,"3928815.09",,,,,,""
"2021-08-11","'3140X4TN6'","MBS","UMBS MORTPASS 2.5% 09/28","15yr",,,,,"3928287.49",,,,,,""
"2021-08-11","'3138EMZY0'","MBS","UMBS MORTPASS 3.5% 04/29","15yr",,,,,"3927985.17",,,,,,""
"2021-08-11","'3140F9AW5'","MBS","UMBS MORTPASS 2.5% 08/31","15yr",,,,,"3927490.75",,,,,,""
"2021-08-11","'3140HJJQ5'","MBS","UMBS MORTPASS 4.5% 08/48","30yr",,,,,"3927113.89",,,,,,""
"2021-08-11","'3133A3ZN1'","MBS","UMBS MORTPASS 3% 04/45","30yr",,,,,"3927048",,,,,,""
"2021-08-11","'3140L4QU6'","MBS","UMBS MORTPASS 2.5% 02/51","30yr",,,,,"3925896.05",,,,,,""
"2021-08-11","'31339SBM6'","MBS","UMBS MORTPASS 3% 09/49","30yr",,,,,"3925681.84",,,,,,""
"2021-08-11","'3140XAMW9'","MBS","UMBS MORTPASS 2.5% 03/51","30yr",,,,,"3925391.95",,,,,,""
"2021-08-11","'3140QB2A5'","MBS","UMBS MORTPASS 4% 07/49","30yr",,,,,"3924362.46",,,,,,""
"2021-08-11","'3132A8XM6'","MBS","UMBS MORTPASS 2.5% 10/27","Other",,,,,"3922296.58",,,,,,""
"2021-08-11","'3132KE3C7'","MBS","FHLMCGLD 2.5% 05/30","15yr",,,,,"3917928.16",,,,,,""
"2021-08-11","'31417CWP6'","MBS","UMBS MORTPASS 2.5% 09/27","15yr",,,,,"3916346.91",,,,,,""
"2021-08-11","'3140QBSK5'","MBS","UMBS MORTPASS 3% 09/49","30yr",,,,,"3915847.63",,,,,,""
"2021-08-11","'3132A9M79'","MBS","UMBS MORTPASS 2% 03/28","15yr",,,,,"3914223.57",,,,,,""
"2021-08-11","'3140JPS30'","MBS","UMBS MORTPASS 2% 01/36","15yr",,,,,"3911053.12",,,,,,""
"2021-08-11","'3133GCAD4'","MBS","UMBS MORTPASS 1.5% 02/36","15yr",,,,,"3910824.61",,,,,,""
"2021-08-11","'3140HKJT6'","MBS","UMBS MORTPASS 2.5% 10/50","30yr",,,,,"3910399.82",,,,,,""
"2021-08-11","'3138WHGY2'","MBS","UMBS MORTPASS 4.5% 06/46","30yr",,,,,"3909400.74",,,,,,""
"2021-08-11","'3140K7ZF3'","MBS","UMBS MORTPASS 3% 01/50","30yr",,,,,"3908753.53",,,,,,""
"2021-08-11","'3140JYRM0'","MBS","UMBS MORTPASS 2.5% 12/34","15yr",,,,,"3907794.4",,,,,,""
"2021-08-11","'3133ANEJ9'","MBS","UMBS MORTPASS 2% 07/51","30yr",,,,,"3906116.13",,,,,,""
"2021-08-11","'31418DJH6'","MBS","UMBS MORTPASS 2% 12/34","15yr",,,,,"3904620.58",,,,,,""
"2021-08-11","'3140HHEZ4'","MBS","UMBS MORTPASS 3% 05/33","15yr",,,,,"3903884.01",,,,,,""
"2021-08-11","'3132WKGK8'","MBS","FHLMCGLD 3% 01/47","30yr",,,,,"3903787.31",,,,,,""
"2021-08-11","'3140L5HG4'","MBS","UMBS MORTPASS 1.5% 03/36","15yr",,,,,"3902888.95",,,,,,""
"2021-08-11","'3140L5DA1'","MBS","UMBS MORTPASS 2.5% 04/51","30yr",,,,,"3901489.16",,,,,,""
"2021-08-11","'3132A5JR7'","MBS","UMBS MORTPASS 4% 06/48","30yr",,,,,"3899128.21",,,,,,""
"2021-08-11","'3140L1QG3'","MBS","UMBS MORTPASS 2% 01/36","15yr",,,,,"3898727.6",,,,,,""
"2021-08-11","'3140L4ER6'","MBS","UMBS MORTPASS 2% 03/51","30yr",,,,,"3898621.36",,,,,,""
"2021-08-11","'3140KGRL9'","MBS","UMBS MORTPASS 2% 06/35","15yr",,,,,"3897994.97",,,,,,""
"2021-08-11","'3133G8W31'","MBS","UMBS MORTPASS 2.5% 06/35","15yr",,,,,"3896716.37",,,,,,""
"2021-08-11","'31339SK87'","MBS","UMBS MORTPASS 3.5% 09/49","30yr",,,,,"3896129.84",,,,,,""
"2021-08-11","'3133A0WF7'","MBS","UMBS MORTPASS 3.5% 01/50","30yr",,,,,"3895031.71",,,,,,""
"2021-08-11","'3140XBDG2'","MBS","UMBS MORTPASS 2% 05/46","30yr",,,,,"3894888.27",,,,,,""
"2021-08-11","'3133A3EJ3'","MBS","UMBS MORTPASS 2.5% 03/50","30yr",,,,,"3893901.31",,,,,,""
"2021-08-11","'31307NPJ7'","MBS","FHLMCGLD 2.5% 07/30","15yr",,,,,"3892053.72",,,,,,""
"2021-08-11","'3140EW3Y9'","MBS","UMBS MORTPASS 3% 10/46","30yr",,,,,"3891872.89",,,,,,""
"2021-08-11","'3140X6EY3'","MBS","UMBS MORTPASS 4% 01/50","30yr",,,,,"3891195.65",,,,,,""
"2021-08-11","'3140X4RS7'","MBS","UMBS MORTPASS 3% 07/30","15yr",,,,,"3889031.81",,,,,,""
"2021-08-11","'31418DAD4'","MBS","UMBS MORTPASS 3% 02/49","30yr",,,,,"3888118.5",,,,,,""
"2021-08-11","'3140X5AG8'","MBS","UMBS MORTPASS 2.5% 07/25","Other",,,,,"3885169.19",,,,,,""
"2021-08-11","'3128M5KV1'","MBS","FHLMCGLD 6% 08/37","30yr",,,,,"3884497.5",,,,,,""
"2021-08-11","'3138MD2J0'","MBS","UMBS MORTPASS 2.5% 10/27","15yr",,,,,"3882768.86",,,,,,""
"2021-08-11","'3133ACGD4'","MBS","UMBS MORTPASS 2.5% 11/50","30yr",,,,,"3882693.72",,,,,,""
"2021-08-11","'3140QCRK4'","MBS","UMBS MORTPASS 4% 06/49","30yr",,,,,"3882499.67",,,,,,""
"2021-08-11","'3140J87M9'","MBS","UMBS MORTPASS 4% 09/48","30yr",,,,,"3874480.18",,,,,,""
"2021-08-11","'3140EW4T9'","MBS","UMBS MORTPASS 2.5% 11/31","15yr",,,,,"3874011.58",,,,,,""
"2021-08-11","'3138WNVZ9'","MBS","UMBS MORTPASS 2.5% 05/28","15yr",,,,,"3873268.65",,,,,,""
"2021-08-11","'3132KEZK4'","MBS","FHLMCGLD 2.5% 03/30","15yr",,,,,"3872103.87",,,,,,""
"2021-08-11","'3133A6UZ2'","MBS","UMBS MORTPASS 2.5% 06/50","30yr",,,,,"3870302.02",,,,,,""
"2021-08-11","'3140K84V0'","MBS","UMBS MORTPASS 2% 01/51","30yr",,,,,"3867923.15",,,,,,""
"2021-08-11","'3133GCGF3'","MBS","UMBS MORTPASS 1.5% 03/36","15yr",,,,,"3866254.19",,,,,,""
"2021-08-11","'3133A1HX3'","MBS","UMBS MORTPASS 3% 02/50","30yr",,,,,"3865504.4",,,,,,""
"2021-08-11","'3133AKQY9'","MBS","UMBS MORTPASS 2.5% 05/46","30yr",,,,,"3865288.51",,,,,,""
"2021-08-11","'3128MJXK1'","MBS","FHLMCGLD 3.5% 12/45","30yr",,,,,"3864459.87",,,,,,""
"2021-08-11","'36202FVL7'","MBS","GNMA II 3.5% 07/41","30yr",,,,,"3862739.11",,,,,,""
"2021-08-11","'3133ADPH3'","MBS","UMBS MORTPASS 2% 12/50","30yr",,,,,"3861750.93",,,,,,""
"2021-08-11","'3140HDW75'","MBS","UMBS MORTPASS 3.5% 02/50","30yr",,,,,"3860426.47",,,,,,""
"2021-08-11","'3140JL4K7'","MBS","UMBS MORTPASS 4.5% 01/49","30yr",,,,,"3859606.87",,,,,,""
"2021-08-11","'3138WJU63'","MBS","UMBS MORTPASS 2% 02/32","15yr",,,,,"3856663.88",,,,,,""
"2021-08-11","'3140KUX64'","MBS","UMBS MORTPASS 1.5% 11/35","15yr",,,,,"3856128.47",,,,,,""
"2021-08-11","'3140HJ3N9'","MBS","UMBS MORTPASS 4% 06/48","30yr",,,,,"3855200.54",,,,,,""
"2021-08-11","'3140JGLQ6'","MBS","UMBS MORTPASS 4% 12/48","30yr",,,,,"3853031.19",,,,,,""
"2021-08-11","'3140JJLS6'","MBS","UMBS MORTPASS 4% 11/48","30yr",,,,,"3845732.35",,,,,,""
"2021-08-11","'31418BN85'","MBS","UMBS MORTPASS 3% 03/25","Other",,,,,"3844326.22",,,,,,""
"2021-08-11","'3133A0DE1'","MBS","UMBS MORTPASS 4.5% 12/49","30yr",,,,,"3842632.09",,,,,,""
"2021-08-11","'3140H7YM3'","MBS","UMBS MORTPASS 4% 01/48","30yr",,,,,"3842232",,,,,,""
"2021-08-11","'3140KQFP1'","MBS","UMBS MORTPASS 1.5% 11/35","15yr",,,,,"3840690.07",,,,,,""
"2021-08-11","'3132J77A4'","MBS","FHLMCGLD 3.5% 03/43","30yr",,,,,"3839609.56",,,,,,""
"2021-08-11","'3140HA2L3'","MBS","UMBS MORTPASS 3.5% 03/48","30yr",,,,,"3838301.84",,,,,,""
"2021-08-11","'31418B4D5'","MBS","UMBS MORTPASS 2% 05/31","15yr",,,,,"3835451.85",,,,,,""
"2021-08-11","'3132L6GK1'","MBS","FHLMCGLD 4% 04/44","30yr",,,,,"3835059.8",,,,,,""
"2021-08-11","'3140X6UV1'","MBS","UMBS MORTPASS 2% 12/32","15yr",,,,,"3834602.54",,,,,,""
"2021-08-11","'3140KFUA1'","MBS","UMBS MORTPASS 2.5% 01/51","30yr",,,,,"3834398.42",,,,,,""
"2021-08-11","'36230TZX3'","MBS","GNMA I MORTPASS 3% 02/43","30yr",,,,,"3824119.27",,,,,,""
"2021-08-11","'3132J9TQ1'","MBS","FHLMCGLD 3% 05/43","30yr",,,,,"3824054.85",,,,,,""
"2021-08-11","'3140JLSS4'","MBS","UMBS MORTPASS 1.5% 04/36","15yr",,,,,"3823419.53",,,,,,""
"2021-08-11","'36296WA63'","MBS","GNMA I MORTPASS 4% 06/39","30yr",,,,,"3823155.79",,,,,,""
"2021-08-11","'3140JVEN8'","MBS","UMBS MORTPASS 3% 09/49","30yr",,,,,"3823044.83",,,,,,""
"2021-08-11","'3140KBP40'","MBS","UMBS MORTPASS 2.5% 04/50","30yr",,,,,"3819497.89",,,,,,""
"2021-08-11","'3140KJB30'","MBS","UMBS MORTPASS 2.5% 07/50","30yr",,,,,"3816481.15",,,,,,""
"2021-08-11","'3140J9VA6'","MBS","UMBS MORTPASS 3% 02/33","15yr",,,,,"3813691.05",,,,,,""
"2021-08-11","'3140K1HJ8'","MBS","UMBS MORTPASS 3% 09/49","30yr",,,,,"3811730.97",,,,,,""
"2021-08-11","'31418C5J9'","MBS","UMBS MORTPASS 3.5% 12/48","30yr",,,,,"3811578.5",,,,,,""
"2021-08-11","'3140JACW6'","MBS","UMBS MORTPASS 4% 03/49","30yr",,,,,"3810511.9",,,,,,""
"2021-08-11","'31307VHN9'","MBS","FHLMCGLD 3% 01/33","15yr",,,,,"3809894.12",,,,,,""
"2021-08-11","'3140GN2S1'","MBS","UMBS MORTPASS 4% 04/47","30yr",,,,,"3807370.53",,,,,,""
"2021-08-11","'3140LNLC9'","MBS","UMBS MORTPASS 2% 05/51","30yr",,,,,"3806880.12",,,,,,""
"2021-08-11","'3138WS5L8'","MBS","UMBS MORTPASS 3% 05/43","30yr",,,,,"3806578.31",,,,,,""
"2021-08-11","'3138WEE88'","MBS","UMBS MORTPASS 2.5% 03/30","15yr",,,,,"3804492.06",,,,,,""
"2021-08-11","'3620A8GE7'","MBS","GNMA I 4.5% 12/39","30yr",,,,,"3803636.27",,,,,,""
"2021-08-11","'3133AKHM5'","MBS","UMBS MORTPASS 2% 03/51","30yr",,,,,"3803479.35",,,,,,""
"2021-08-11","'31418DFG2'","MBS","UMBS MORTPASS 3% 09/29","Other",,,,,"3802119.39",,,,,,""
"2021-08-11","'3140L1KU8'","MBS","UMBS MORTPASS 2.5% 03/51","30yr",,,,,"3799971.97",,,,,,""
"2021-08-11","'3620AASL3'","MBS","GNMA I 4.5% 08/39","30yr",,,,,"3799445.4",,,,,,""
"2021-08-11","'3132A9RN9'","MBS","UMBS MORTPASS 2.5% 01/31","15yr",,,,,"3797900.36",,,,,,""
"2021-08-11","'3138E4X63'","MBS","UMBS MORTPASS 3% 02/27","15yr",,,,,"3797342.85",,,,,,""
"2021-08-11","'31418BZS8'","MBS","UMBS MORTPASS 2.5% 03/26","Other",,,,,"3795812.32",,,,,,""
"2021-08-11","'3133AMK70'","MBS","UMBS MORTPASS 2% 05/51","30yr",,,,,"3794564.36",,,,,,""
"2021-08-11","'3138WH2W1'","MBS","UMBS MORTPASS 2.5% 04/31","15yr",,,,,"3793989.82",,,,,,""
"2021-08-11","'3140HL4J2'","MBS","UMBS MORTPASS 3.5% 07/33","15yr",,,,,"3793619.81",,,,,,""
"2021-08-11","'3140QKKY3'","MBS","UMBS MORTPASS 1.5% 04/36","15yr",,,,,"3793502.17",,,,,,""
"2021-08-11","'3140F7BU2'","MBS","UMBS MORTPASS 2.5% 05/31","15yr",,,,,"3792939.4",,,,,,""
"2021-08-11","'3132A9M46'","MBS","UMBS MORTPASS 2% 01/28","15yr",,,,,"3792438.41",,,,,,""
"2021-08-11","'3131XAJ28'","MBS","UMBS MORTPASS 3% 04/29","15yr",,,,,"3791540.39",,,,,,""
"2021-08-11","'3140Q9SP9'","MBS","UMBS MORTPASS 3.5% 09/48","30yr",,,,,"3791236.66",,,,,,""
"2021-08-11","'3138LRMY5'","MBS","UMBS MORTPASS 3% 05/43","30yr",,,,,"3790183.18",,,,,,""
"2021-08-11","'3133A84E4'","MBS","UMBS MORTPASS 2% 08/50","30yr",,,,,"3789885.31",,,,,,""
"2021-08-11","'3140F1SM5'","MBS","UMBS MORTPASS 2.5% 05/31","15yr",,,,,"3788327.05",,,,,,""
"2021-08-11","'3128MJWU0'","MBS","FHLMCGLD 3% 08/45","30yr",,,,,"3784869.47",,,,,,""
"2021-08-11","'36297GMU1'","MBS","GNMA I MORTPASS 5% 11/39","30yr",,,,,"3783552.72",,,,,,""
"2021-08-11","'3140F86D4'","MBS","UMBS MORTPASS 2.5% 07/31","15yr",,,,,"3780649.03",,,,,,""
"2021-08-11","'3140JXJC3'","MBS","UMBS MORTPASS 4% 09/49","30yr",,,,,"3780297.39",,,,,,""
"2021-08-11","'3133A3HK7'","MBS","UMBS MORTPASS 3% 03/50","30yr",,,,,"3777644.92",,,,,,""
"2021-08-11","'31307UP44'","MBS","FHLMCGLD 2.5% 09/32","15yr",,,,,"3776469.81",,,,,,""
"2021-08-11","'3133L8CZ6'","MBS","UMBS MORTPASS 2% 03/36","15yr",,,,,"3774712.26",,,,,,""
"2021-08-11","'31329QWR8'","MBS","UMBS MORTPASS 3% 01/48","30yr",,,,,"3774395.19",,,,,,""
"2021-08-11","'3133A2TG5'","MBS","UMBS MORTPASS 3% 03/50","30yr",,,,,"3773772.28",,,,,,""
"2021-08-11","'31417CU45'","MBS","UMBS MORTPASS 2.5% 08/42","30yr",,,,,"3772545.66",,,,,,""
"2021-08-11","'3140LPCQ3'","MBS","UMBS MORTPASS 2% 05/51","30yr",,,,,"3772436.41",,,,,,""
"2021-08-11","'3133KHJQ0'","MBS","UMBS MORTPASS 3.5% 11/48","30yr",,,,,"3771740.68",,,,,,""
"2021-08-11","'3140K8ZF1'","MBS","UMBS MORTPASS 3% 02/50","30yr",,,,,"3771340.32",,,,,,""
"2021-08-11","'3133A0GC2'","MBS","UMBS MORTPASS 3% 12/49","30yr",,,,,"3771057.69",,,,,,""
"2021-08-11","'3138LVE66'","MBS","UMBS MORTPASS 2.5% 10/27","15yr",,,,,"3770323.34",,,,,,""
"2021-08-11","'3133GCZ47'","MBS","UMBS MORTPASS 1.5% 05/36","15yr",,,,,"3768696.48",,,,,,""
"2021-08-11","'31334WYJ4'","MBS","UMBS MORTPASS 3% 06/49","30yr",,,,,"3765761.32",,,,,,""
"2021-08-11","'3133L72V8'","MBS","UMBS MORTPASS 2% 01/36","15yr",,,,,"3765331.58",,,,,,""
"2021-08-11","'3133A2ZF0'","MBS","UMBS MORTPASS 3% 03/50","30yr",,,,,"3760848.71",,,,,,""
"2021-08-11","'3140JYPG5'","MBS","UMBS MORTPASS 2.5% 09/34","15yr",,,,,"3760550.62",,,,,,""
"2021-08-11","'31307LY51'","MBS","FHLMCGLD 2.5% 02/30","15yr",,,,,"3756255.89",,,,,,""
"2021-08-11","'3140K2ZB3'","MBS","UMBS MORTPASS 3% 11/49","30yr",,,,,"3753774.23",,,,,,""
"2021-08-11","'3133ALXQ6'","MBS","UMBS MORTPASS 2.5% 05/46","30yr",,,,,"3753697.67",,,,,,""
"2021-08-11","'3140KKCP7'","MBS","UMBS MORTPASS 2.5% 07/50","30yr",,,,,"3753364.27",,,,,,""
"2021-08-11","'31334WXT3'","MBS","UMBS MORTPASS 4% 07/49","30yr",,,,,"3752808.49",,,,,,""
"2021-08-11","'31329LE57'","MBS","UMBS MORTPASS 2.5% 10/27","15yr",,,,,"3752425.82",,,,,,""
"2021-08-11","'3140QHJG1'","MBS","UMBS MORTPASS 1.5% 02/51","30yr",,,,,"3751360.23",,,,,,""
"2021-08-11","'3138WQCF7'","MBS","UMBS MORTPASS 2% 05/28","15yr",,,,,"3751125.78",,,,,,""
"2021-08-11","'3140JHTH6'","MBS","UMBS MORTPASS 4% 10/48","30yr",,,,,"3750621.21",,,,,,""
"2021-08-11","'31418CC36'","MBS","UMBS MORTPASS 2.5% 10/36","Other",,,,,"3750583.18",,,,,,""
"2021-08-11","'3140H2GK8'","MBS","UMBS MORTPASS 3.5% 10/47","30yr",,,,,"3750080.42",,,,,,""
"2021-08-11","'3140Q85E1'","MBS","UMBS MORTPASS 4% 05/48","30yr",,,,,"3749350.8",,,,,,""
"2021-08-11","'3140X5ZA4'","MBS","UMBS MORTPASS 2% 08/30","15yr",,,,,"3747598.22",,,,,,""
"2021-08-11","'3128MMW25'","MBS","FHLMCGLD 3.5% 10/32","15yr",,,,,"3747287.11",,,,,,""
"2021-08-11","'3140QD4E1'","MBS","UMBS MORTPASS 2% 12/34","15yr",,,,,"3746824.08",,,,,,""
"2021-08-11","'3140L2X73'","MBS","UMBS MORTPASS 2% 02/51","30yr",,,,,"3745123.66",,,,,,""
"2021-08-11","'3133GCGG1'","MBS","UMBS MORTPASS 2% 03/36","15yr",,,,,"3743295.11",,,,,,""
"2021-08-11","'3140K9YW3'","MBS","UMBS MORTPASS 2.5% 04/50","30yr",,,,,"3742473.26",,,,,,""
"2021-08-11","'3140L6D92'","MBS","UMBS MORTPASS 2% 04/51","30yr",,,,,"3739074.25",,,,,,""
"2021-08-11","'3140HHSW6'","MBS","UMBS MORTPASS 4.5% 09/48","30yr",,,,,"3733734.88",,,,,,""
"2021-08-11","'3140HGAE7'","MBS","UMBS MORTPASS 2.5% 06/50","30yr",,,,,"3732325.37",,,,,,""
"2021-08-11","'3133GBNS9'","MBS","UMBS MORTPASS 2% 12/35","15yr",,,,,"3732307.01",,,,,,""
"2021-08-11","'3138YXQA6'","MBS","UMBS MORTPASS 3% 07/45","30yr",,,,,"3728085.22",,,,,,""
"2021-08-11","'3138LX4V8'","MBS","UMBS MORTPASS 3% 07/32","Other",,,,,"3728077.57",,,,,,""
"2021-08-11","'3133AJCT8'","MBS","UMBS MORTPASS 2% 03/51","30yr",,,,,"3727427.23",,,,,,""
"2021-08-11","'3132A5J97'","MBS","UMBS MORTPASS 3% 09/48","30yr",,,,,"3725279.71",,,,,,""
"2021-08-11","'31418DA69'","MBS","UMBS MORTPASS 2.5% 03/34","15yr",,,,,"3723861.56",,,,,,""
"2021-08-11","'3132QP5E0'","MBS","FHLMCGLD 3% 05/45","30yr",,,,,"3721187.62",,,,,,""
"2021-08-11","'3133AMZU3'","MBS","UMBS MORTPASS 2% 06/51","30yr",,,,,"3720994.75",,,,,,""
"2021-08-11","'3140X8C21'","MBS","UMBS MORTPASS 2% 10/50","30yr",,,,,"3719512.64",,,,,,""
"2021-08-11","'3133AMVM5'","MBS","UMBS MORTPASS 2.5% 06/51","30yr",,,,,"3718845.84",,,,,,""
"2021-08-11","'3140K8RB9'","MBS","UMBS MORTPASS 2.5% 03/50","30yr",,,,,"3716510.09",,,,,,""
"2021-08-11","'31368HMY6'","MBS","UMBS MORTPASS 5.5% 11/36","30yr",,,,,"3716347.21",,,,,,""
"2021-08-11","'3132JNAE7'","MBS","FHLMCGLD 3.5% 08/43","30yr",,,,,"3714830.43",,,,,,""
"2021-08-11","'3133GCG30'","MBS","UMBS MORTPASS 1.5% 03/36","15yr",,,,,"3714079",,,,,,""
"2021-08-11","'31417FZ43'","MBS","UMBS MORTPASS 2.5% 04/28","15yr",,,,,"3712575.26",,,,,,""
"2021-08-11","'3140KNNP9'","MBS","UMBS MORTPASS 2.5% 10/50","30yr",,,,,"3711696.84",,,,,,""
"2021-08-11","'3140FG6M6'","MBS","UMBS MORTPASS 3% 11/31","15yr",,,,,"3710432.69",,,,,,""
"2021-08-11","'3133GDAU4'","MBS","UMBS MORTPASS 1.5% 05/36","15yr",,,,,"3709448.41",,,,,,""
"2021-08-11","'3132HPKL7'","MBS","FHLMCGLD 3% 11/42","30yr",,,,,"3706769.84",,,,,,""
"2021-08-11","'31417BFP7'","MBS","UMBS MORTPASS 3% 03/27","15yr",,,,,"3703449.76",,,,,,""
"2021-08-11","'3132JAB95'","MBS","FHLMCGLD 3.5% 05/43","30yr",,,,,"3703364.94",,,,,,""
"2021-08-11","'31418BED4'","MBS","UMBS MORTPASS 2.5% 06/24","Other",,,,,"3702677.75",,,,,,""
"2021-08-11","'3131X65A4'","MBS","UMBS MORTPASS 3% 09/26","15yr",,,,,"3699756.85",,,,,,""
"2021-08-11","'3140KVRM4'","MBS","UMBS MORTPASS 2.5% 11/50","30yr",,,,,"3697090.6",,,,,,""
"2021-08-11","'3138X4EU0'","MBS","UMBS MORTPASS 4% 08/43","30yr",,,,,"3696995.07",,,,,,""
"2021-08-11","'3140Q8YY5'","MBS","UMBS MORTPASS 3% 04/33","15yr",,,,,"3692382.43",,,,,,""
"2021-08-11","'3133A0PZ1'","MBS","UMBS MORTPASS 3% 01/50","30yr",,,,,"3691537.66",,,,,,""
"2021-08-11","'3140L4XD6'","MBS","UMBS MORTPASS 2% 02/51","30yr",,,,,"3685926.02",,,,,,""
"2021-08-11","'36179UMJ8'","MBS","GNMA II MORTPASS 3% 02/49","30yr",,,,,"3685728.37",,,,,,""
"2021-08-11","'3133A2YR5'","MBS","UMBS MORTPASS 3% 03/50","30yr",,,,,"3684711.78",,,,,,""
"2021-08-11","'3133L77M3'","MBS","UMBS MORTPASS 1.5% 12/35","15yr",,,,,"3682125.88",,,,,,""
"2021-08-11","'3132L5RK1'","MBS","FHLMCGLD 4% 10/43","30yr",,,,,"3681071.35",,,,,,""
"2021-08-11","'3138W9CC2'","MBS","UMBS MORTPASS 2.5% 08/23","Other",,,,,"3680159.63",,,,,,""
"2021-08-11","'3133A1QQ8'","MBS","UMBS MORTPASS 3% 02/50","30yr",,,,,"3679287.88",,,,,,""
"2021-08-11","'3140HEKX9'","MBS","UMBS MORTPASS 3% 02/33","15yr",,,,,"3677415.46",,,,,,""
"2021-08-11","'3140HGL21'","MBS","UMBS MORTPASS 2.5% 09/50","30yr",,,,,"3676464.7",,,,,,""
"2021-08-11","'3132A9NL7'","MBS","UMBS MORTPASS 2.5% 08/28","15yr",,,,,"3676198.23",,,,,,""
"2021-08-11","'3133KKQX0'","MBS","UMBS MORTPASS 2.5% 11/50","30yr",,,,,"3673920.88",,,,,,""
"2021-08-11","'36180KB67'","MBS","GNMA I MORTPASS 3% 03/43","30yr",,,,,"3668213.49",,,,,,""
"2021-08-11","'31334WTQ4'","MBS","UMBS MORTPASS 3.5% 06/49","30yr",,,,,"3666800.02",,,,,,""
"2021-08-11","'3140K1BL9'","MBS","UMBS MORTPASS 2.5% 11/49","30yr",,,,,"3666190.79",,,,,,""
"2021-08-11","'3132A8NP0'","MBS","UMBS MORTPASS 3% 10/30","15yr",,,,,"3665085.58",,,,,,""
"2021-08-11","'3133A4JZ0'","MBS","UMBS MORTPASS 3% 05/50","30yr",,,,,"3664129.52",,,,,,""
"2021-08-11","'3140JP3N3'","MBS","UMBS MORTPASS 3% 01/50","30yr",,,,,"3663417.16",,,,,,""
"2021-08-11","'3140JNYY0'","MBS","UMBS MORTPASS 4.5% 02/49","30yr",,,,,"3661900.36",,,,,,""
"2021-08-11","'3133G6EJ0'","MBS","UMBS MORTPASS 3% 07/34","15yr",,,,,"3661653.33",,,,,,""
"2021-08-11","'3140JX4R6'","MBS","UMBS MORTPASS 3% 12/49","30yr",,,,,"3658902.15",,,,,,""
"2021-08-11","'31334WZH7'","MBS","UMBS MORTPASS 3.5% 01/49","30yr",,,,,"3656629.2",,,,,,""
"2021-08-11","'31329QLW9'","MBS","UMBS MORTPASS 3.5% 04/49","30yr",,,,,"3655570.38",,,,,,""
"2021-08-11","'3140X6SL6'","MBS","UMBS MORTPASS 2.5% 04/46","30yr",,,,,"3652491.01",,,,,,""
"2021-08-11","'3133G6L60'","MBS","UMBS MORTPASS 3% 08/34","15yr",,,,,"3650897.71",,,,,,""
"2021-08-11","'3138ETC61'","MBS","UMBS MORTPASS 2.5% 03/29","15yr",,,,,"3649940.6",,,,,,""
"2021-08-11","'3140KA5B8'","MBS","UMBS MORTPASS 2.5% 06/51","30yr",,,,,"3647029.44",,,,,,""
"2021-08-11","'3140QDBE3'","MBS","UMBS MORTPASS 3% 03/50","30yr",,,,,"3644811.76",,,,,,""
"2021-08-11","'3140JGV85'","MBS","UMBS MORTPASS 4.5% 09/48","30yr",,,,,"3643921.45",,,,,,""
"2021-08-11","'3131Y03P5'","MBS","UMBS MORTPASS 4% 04/48","30yr",,,,,"3639296.12",,,,,,""
"2021-08-11","'312934HS4'","MBS","FHLMCGLD 4% 07/39","30yr",,,,,"3638202.26",,,,,,""
"2021-08-11","'3140KEKN7'","MBS","UMBS MORTPASS 1.5% 08/35","15yr",,,,,"3637952.43",,,,,,""
"2021-08-11","'3140QKRG5'","MBS","UMBS MORTPASS 1.5% 05/51","30yr",,,,,"3635224.7",,,,,,""
"2021-08-11","'31334YR74'","MBS","UMBS MORTPASS 3% 09/44","30yr",,,,,"3634559.94",,,,,,""
"2021-08-11","'3138WFBN5'","MBS","UMBS MORTPASS 3% 07/45","30yr",,,,,"3634475.07",,,,,,""
"2021-08-11","'3140XBRW2'","MBS","UMBS MORTPASS 2.5% 03/51","30yr",,,,,"3632885.97",,,,,,""
"2021-08-11","'3133AJBJ1'","MBS","UMBS MORTPASS 2% 03/51","30yr",,,,,"3632827.85",,,,,,""
"2021-08-11","'3140X6F30'","MBS","UMBS MORTPASS 3% 12/48","30yr",,,,,"3632667.4",,,,,,""
"2021-08-11","'3132HRKZ2'","MBS","FHLMCGLD 3% 01/43","30yr",,,,,"3628734.92",,,,,,""
"2021-08-11","'3133ABDJ6'","MBS","UMBS MORTPASS 2% 10/50","30yr",,,,,"3628473.16",,,,,,""
"2021-08-11","'3133AGRB7'","MBS","UMBS MORTPASS 2% 03/51","30yr",,,,,"3627920.31",,,,,,""
"2021-08-11","'3140JHH63'","MBS","UMBS MORTPASS 4.5% 11/48","30yr",,,,,"3627168.01",,,,,,""
"2021-08-11","'3133KYUQ0'","MBS","UMBS MORTPASS 2.5% 12/40","Other",,,,,"3626401.31",,,,,,""
"2021-08-11","'3140H7HN0'","MBS","UMBS MORTPASS 3.5% 02/48","30yr",,,,,"3624510.43",,,,,,""
"2021-08-11","'31416AEN6'","MBS","UMBS MORTPASS 3.5% 03/39","30yr",,,,,"3622343.6",,,,,,""
"2021-08-11","'31418CAQ7'","MBS","UMBS MORTPASS 2% 08/31","15yr",,,,,"3620993.39",,,,,,""
"2021-08-11","'3131X8NT9'","MBS","UMBS MORTPASS 2.5% 01/28","15yr",,,,,"3620176.14",,,,,,""
"2021-08-11","'3140FLPK8'","MBS","UMBS MORTPASS 2% 09/31","15yr",,,,,"3618478.58",,,,,,""
"2021-08-11","'3138ELFW8'","MBS","UMBS MORTPASS 3% 06/28","15yr",,,,,"3615715",,,,,,""
"2021-08-11","'3140QC4V5'","MBS","UMBS MORTPASS 3% 01/47","30yr",,,,,"3613650.07",,,,,,""
"2021-08-11","'3132L7FN4'","MBS","FHLMCGLD 3.5% 10/45","30yr",,,,,"3613093.52",,,,,,""
"2021-08-11","'3132XUZ24'","MBS","FHLMCGLD 3% 12/47","30yr",,,,,"3611208.8",,,,,,""
"2021-08-11","'3138XC4N9'","MBS","UMBS MORTPASS 3% 11/28","15yr",,,,,"3610013.06",,,,,,""
"2021-08-11","'3132XSVX5'","MBS","FHLMCGLD 3% 09/47","30yr",,,,,"3603772.3",,,,,,""
"2021-08-11","'3140JV7M8'","MBS","UMBS MORTPASS 3% 07/49","30yr",,,,,"3598617.44",,,,,,""
"2021-08-11","'3140KHVA6'","MBS","UMBS MORTPASS 2% 08/35","15yr",,,,,"3598201.76",,,,,,""
"2021-08-11","'3140HFQ93'","MBS","UMBS MORTPASS 3% 03/45","30yr",,,,,"3594136.55",,,,,,""
"2021-08-11","'3140KLJF0'","MBS","UMBS MORTPASS 2.5% 08/50","30yr",,,,,"3592914.23",,,,,,""
"2021-08-11","'3140HJR52'","MBS","UMBS MORTPASS 4% 06/48","30yr",,,,,"3591880.08",,,,,,""
"2021-08-11","'3133GDA91'","MBS","UMBS MORTPASS 1.5% 05/36","15yr",,,,,"3590180.03",,,,,,""
"2021-08-11","'36179UH47'","MBS","GNMA II MORTPASS 4% 12/48","30yr",,,,,"3587537.94",,,,,,""
"2021-08-11","'3128MDVQ3'","MBS","FHLMCGLD 3% 10/23","15yr",,,,,"3586485.94",,,,,,""
"2021-08-11","'3132KEUH6'","MBS","FHLMCGLD 2.5% 08/29","15yr",,,,,"3585476.09",,,,,,""
"2021-08-11","'3140K0ZM3'","MBS","UMBS MORTPASS 3% 09/49","30yr",,,,,"3585050.99",,,,,,""
"2021-08-11","'3131X8SD9'","MBS","UMBS MORTPASS 2% 02/28","15yr",,,,,"3584482.03",,,,,,""
"2021-08-11","'3140JXDZ8'","MBS","UMBS MORTPASS 4% 08/49","30yr",,,,,"3582556.72",,,,,,""
"2021-08-11","'3140KC6M9'","MBS","UMBS MORTPASS 2.5% 06/50","30yr",,,,,"3579095.87",,,,,,""
"2021-08-11","'3140H6CN7'","MBS","UMBS MORTPASS 3% 01/33","15yr",,,,,"3578661.95",,,,,,""
"2021-08-11","'3140K14E3'","MBS","UMBS MORTPASS 3% 12/49","30yr",,,,,"3576900.73",,,,,,""
"2021-08-11","'3140KUM74'","MBS","UMBS MORTPASS 2.5% 12/50","30yr",,,,,"3576326.98",,,,,,""
"2021-08-11","'31334XHH5'","MBS","UMBS MORTPASS 3.5% 07/49","30yr",,,,,"3575508.58",,,,,,""
"2021-08-11","'3140EU4Q9'","MBS","UMBS MORTPASS 3% 04/46","30yr",,,,,"3575110.65",,,,,,""
"2021-08-11","'3140JXU30'","MBS","UMBS MORTPASS 2.5% 09/34","15yr",,,,,"3571468.22",,,,,,""
"2021-08-11","'31418CVZ4'","MBS","UMBS MORTPASS 3% 04/48","30yr",,,,,"3569192.16",,,,,,""
"2021-08-11","'3131X82S4'","MBS","UMBS MORTPASS 2.5% 04/28","15yr",,,,,"3568933.78",,,,,,""
"2021-08-11","'3140KCCL4'","MBS","UMBS MORTPASS 3% 03/50","30yr",,,,,"3568605.28",,,,,,""
"2021-08-11","'3133AKH37'","MBS","UMBS MORTPASS 1.5% 04/51","30yr",,,,,"3567230.53",,,,,,""
"2021-08-11","'31418BFK7'","MBS","UMBS MORTPASS 2.5% 07/24","Other",,,,,"3565515.94",,,,,,""
"2021-08-11","'3132A9MS3'","MBS","UMBS MORTPASS 2.5% 08/27","15yr",,,,,"3565274.38",,,,,,""
"2021-08-11","'36202FKN5'","MBS","GNMA II 4.5% 09/40","30yr",,,,,"3565165.28",,,,,,""
"2021-08-11","'3140HA2V1'","MBS","UMBS MORTPASS 3.5% 03/48","30yr",,,,,"3564585.93",,,,,,""
"2021-08-11","'3140QGRZ2'","MBS","UMBS MORTPASS 2.5% 01/51","30yr",,,,,"3564155.38",,,,,,""
"2021-08-11","'3133KGKJ6'","MBS","UMBS MORTPASS 4% 08/49","30yr",,,,,"3563760.62",,,,,,""
"2021-08-11","'3133L7PJ0'","MBS","UMBS MORTPASS 2% 04/35","15yr",,,,,"3563458.74",,,,,,""
"2021-08-11","'3132ADSM1'","MBS","UMBS MORTPASS 3% 11/28","Other",,,,,"3563262.9",,,,,,""
"2021-08-11","'3140KBKG8'","MBS","UMBS MORTPASS 2.5% 03/50","30yr",,,,,"3562003.83",,,,,,""
"2021-08-11","'3133AFD40'","MBS","UMBS MORTPASS 1.5% 01/51","30yr",,,,,"3561913.06",,,,,,""
"2021-08-11","'3140JRNH0'","MBS","UMBS MORTPASS 3.5% 01/49","30yr",,,,,"3559814.91",,,,,,""
"2021-08-11","'3140QKK31'","MBS","UMBS MORTPASS 1.5% 04/36","15yr",,,,,"3557758.38",,,,,,""
"2021-08-11","'3133ABGD6'","MBS","UMBS MORTPASS 2% 09/50","30yr",,,,,"3556293.37",,,,,,""
"2021-08-11","'3133GBRU0'","MBS","UMBS MORTPASS 1.5% 01/36","15yr",,,,,"3555629.38",,,,,,""
"2021-08-11","'31417EG39'","MBS","UMBS MORTPASS 2.5% 12/27","15yr",,,,,"3555371.21",,,,,,""
"2021-08-11","'31418A6C7'","MBS","UMBS MORTPASS 2.5% 01/24","Other",,,,,"3552988.64",,,,,,""
"2021-08-11","'3140JJS75'","MBS","UMBS MORTPASS 4.5% 11/48","30yr",,,,,"3551994.19",,,,,,""
"2021-08-11","'3128MJ6N5'","MBS","FHLMCGLD 3.5% 05/49","30yr",,,,,"3551980.37",,,,,,""
"2021-08-11","'3138MLRS5'","MBS","UMBS MORTPASS 2.5% 12/27","15yr",,,,,"3551689.39",,,,,,""
"2021-08-11","'3132HPGN8'","MBS","FHLMCGLD 3% 11/42","30yr",,,,,"3551351.36",,,,,,""
"2021-08-11","'36179JR41'","MBS","GNMA I MORTPASS 3% 12/42","30yr",,,,,"3548289.17",,,,,,""
"2021-08-11","'3140QDDJ0'","MBS","UMBS MORTPASS 2.5% 04/50","30yr",,,,,"3547755.74",,,,,,""
"2021-08-11","'3132WPUJ4'","MBS","FHLMCGLD 3% 07/47","30yr",,,,,"3546770.06",,,,,,""
"2021-08-11","'3133A3K80'","MBS","UMBS MORTPASS 2.5% 04/50","30yr",,,,,"3542432.59",,,,,,""
"2021-08-11","'3140JQND1'","MBS","UMBS MORTPASS 3% 06/49","30yr",,,,,"3542284.3",,,,,,""
"2021-08-11","'31329PMJ9'","MBS","UMBS MORTPASS 4% 11/48","30yr",,,,,"3541968.58",,,,,,""
"2021-08-11","'3133A2HL7'","MBS","UMBS MORTPASS 3% 03/50","30yr",,,,,"3541662.57",,,,,,""
"2021-08-11","'3133A43P9'","MBS","UMBS MORTPASS 3% 05/50","30yr",,,,,"3540478.02",,,,,,""
"2021-08-11","'3131Y2SU3'","MBS","UMBS MORTPASS 4% 08/48","30yr",,,,,"3539703.08",,,,,,""
"2021-08-11","'3133G9R92'","MBS","UMBS MORTPASS 1.5% 08/35","15yr",,,,,"3537664.62",,,,,,""
"2021-08-11","'3133AEYA6'","MBS","UMBS MORTPASS 1.5% 01/51","30yr",,,,,"3537083.35",,,,,,""
"2021-08-11","'31418CMJ0'","MBS","UMBS MORTPASS 3% 07/32","15yr",,,,,"3536397.28",,,,,,""
"2021-08-11","'31417EBL4'","MBS","UMBS MORTPASS 2% 12/27","15yr",,,,,"3535380.41",,,,,,""
"2021-08-11","'36296WAB2'","MBS","GNMA I 4.5% 04/39","30yr",,,,,"3534171.26",,,,,,""
"2021-08-11","'3140X9EK7'","MBS","UMBS MORTPASS 2% 01/36","15yr",,,,,"3533959.1",,,,,,""
"2021-08-11","'3140L33F6'","MBS","UMBS MORTPASS 2% 03/51","30yr",,,,,"3531446.2",,,,,,""
"2021-08-11","'3138WJDS4'","MBS","UMBS MORTPASS 2.5% 10/31","15yr",,,,,"3530811.71",,,,,,""
"2021-08-11","'3140HKEC8'","MBS","UMBS MORTPASS 2.5% 09/50","30yr",,,,,"3529523.12",,,,,,""
"2021-08-11","'3140H7Y92'","MBS","UMBS MORTPASS 3% 01/48","30yr",,,,,"3526453.73",,,,,,""
"2021-08-11","'3140KGJ46'","MBS","UMBS MORTPASS 2.5% 07/50","30yr",,,,,"3521099.69",,,,,,""
"2021-08-11","'3140QHJC0'","MBS","UMBS MORTPASS 1.5% 02/51","30yr",,,,,"3519393.23",,,,,,""
"2021-08-11","'3133A1WG3'","MBS","UMBS MORTPASS 3% 02/50","30yr",,,,,"3516075.32",,,,,,""
"2021-08-11","'3132DV6V2'","MBS","UMBS MORTPASS 3% 08/50","30yr",,,,,"3514410.96",,,,,,""
"2021-08-11","'3140QARA0'","MBS","UMBS MORTPASS 4% 08/48","30yr",,,,,"3512342.39",,,,,,""
"2021-08-11","'3133AALZ3'","MBS","UMBS MORTPASS 2.5% 09/50","30yr",,,,,"3511250.99",,,,,,""
"2021-08-11","'3140LSW51'","MBS","UMBS MORTPASS 2% 07/51","30yr",,,,,"3510075",,,,,,""
"2021-08-11","'3131Y9AD5'","MBS","UMBS MORTPASS 4% 01/49","30yr",,,,,"3509921.87",,,,,,""
"2021-08-11","'3140K85W7'","MBS","UMBS MORTPASS 2% 04/51","30yr",,,,,"3508888.61",,,,,,""
"2021-08-11","'3131Y9XE8'","MBS","UMBS MORTPASS 4% 02/49","30yr",,,,,"3508477.55",,,,,,""
"2021-08-11","'3138EKAS4'","MBS","UMBS MORTPASS 2% 12/27","15yr",,,,,"3506872.3",,,,,,""
"2021-08-11","'3138W4NZ0'","MBS","UMBS MORTPASS 2% 02/28","15yr",,,,,"3503857.83",,,,,,""
"2021-08-11","'3140QCB54'","MBS","UMBS MORTPASS 3.5% 11/44","30yr",,,,,"3503821.21",,,,,,""
"2021-08-11","'31418AT99'","MBS","UMBS MORTPASS 2% 06/23","Other",,,,,"3502369.68",,,,,,""
"2021-08-11","'3138MRZR5'","MBS","UMBS MORTPASS 2.5% 02/28","15yr",,,,,"3501759.66",,,,,,""
"2021-08-11","'31418C5V2'","MBS","UMBS MORTPASS 3.5% 01/34","15yr",,,,,"3500269.5",,,,,,""
"2021-08-11","'31307VB96'","MBS","FHLMCGLD 2.5% 12/32","15yr",,,,,"3497382.58",,,,,,""
"2021-08-11","'3140KYMQ4'","MBS","UMBS MORTPASS 2% 12/35","15yr",,,,,"3496700.67",,,,,,""
"2021-08-11","'3133AEAS3'","MBS","UMBS MORTPASS 2% 11/50","30yr",,,,,"3493237.36",,,,,,""
"2021-08-11","'31307SSL8'","MBS","FHLMCGLD 3% 12/31","15yr",,,,,"3493180.62",,,,,,""
"2021-08-11","'3140QAKF6'","MBS","UMBS MORTPASS 4% 06/48","30yr",,,,,"3492565.82",,,,,,""
"2021-08-11","'3140Q92A0'","MBS","UMBS MORTPASS 3% 10/28","Other",,,,,"3491362.23",,,,,,""
"2021-08-11","'3140Q9CC5'","MBS","UMBS MORTPASS 3% 04/48","30yr",,,,,"3489480.34",,,,,,""
"2021-08-11","'3132A9NE3'","MBS","UMBS MORTPASS 2% 06/28","15yr",,,,,"3488877",,,,,,""
"2021-08-11","'3140QCLD6'","MBS","UMBS MORTPASS 4% 12/49","30yr",,,,,"3487956.68",,,,,,""
"2021-08-11","'3140JN4E7'","MBS","UMBS MORTPASS 4.5% 03/49","30yr",,,,,"3484234.86",,,,,,""
"2021-08-11","'3140L7CB6'","MBS","UMBS MORTPASS 2% 04/36","15yr",,,,,"3484217.81",,,,,,""
"2021-08-11","'3138WJE79'","MBS","UMBS MORTPASS 2% 11/26","Other",,,,,"3483385.53",,,,,,""
"2021-08-11","'31339UYL8'","MBS","UMBS MORTPASS 2.5% 11/49","30yr",,,,,"3483117.39",,,,,,""
"2021-08-11","'3131Y3Q74'","MBS","UMBS MORTPASS 4% 10/48","30yr",,,,,"3482434.34",,,,,,""
"2021-08-11","'31417B5S2'","MBS","UMBS MORTPASS 2.5% 06/27","15yr",,,,,"3481138.25",,,,,,""
"2021-08-11","'3140KGRD7'","MBS","UMBS MORTPASS 2.5% 05/50","30yr",,,,,"3476313.65",,,,,,""
"2021-08-11","'3140F9BV6'","MBS","UMBS MORTPASS 2.5% 08/31","15yr",,,,,"3476272.28",,,,,,""
"2021-08-11","'31417GF76'","MBS","UMBS MORTPASS 2.5% 04/28","15yr",,,,,"3470371.39",,,,,,""
"2021-08-11","'3140KC3U4'","MBS","UMBS MORTPASS 2.5% 04/35","15yr",,,,,"3466133.55",,,,,,""
"2021-08-11","'31307Q3X3'","MBS","FHLMCGLD 2.5% 05/31","15yr",,,,,"3463681.18",,,,,,""
"2021-08-11","'3140JYA63'","MBS","UMBS MORTPASS 2.5% 10/49","30yr",,,,,"3462400.31",,,,,,""
"2021-08-11","'3140FBCN8'","MBS","UMBS MORTPASS 2.5% 08/31","15yr",,,,,"3462019.46",,,,,,""
"2021-08-11","'31307TLC3'","MBS","FHLMCGLD 3.5% 03/32","15yr",,,,,"3461455.78",,,,,,""
"2021-08-11","'3140L3GF2'","MBS","UMBS MORTPASS 2.5% 03/51","30yr",,,,,"3458405.55",,,,,,""
"2021-08-11","'3140H5YZ8'","MBS","UMBS MORTPASS 3% 01/33","15yr",,,,,"3456620.55",,,,,,""
"2021-08-11","'3140QLAZ9'","MBS","UMBS MORTPASS 1.5% 06/36","15yr",,,,,"3456123.29",,,,,,""
"2021-08-11","'3140L33S8'","MBS","UMBS MORTPASS 1.5% 04/36","15yr",,,,,"3453382.98",,,,,,""
"2021-08-11","'3140X4K96'","MBS","UMBS MORTPASS 4% 07/49","30yr",,,,,"3449931.11",,,,,,""
"2021-08-11","'3140KNHB7'","MBS","UMBS MORTPASS 1.5% 10/50","30yr",,,,,"3449868.2",,,,,,""
"2021-08-11","'3140X5KH5'","MBS","UMBS MORTPASS 3% 01/50","30yr",,,,,"3449787.46",,,,,,""
"2021-08-11","'3133G8LR0'","MBS","UMBS MORTPASS 2% 05/35","15yr",,,,,"3447640.09",,,,,,""
"2021-08-11","'3140KABV7'","MBS","UMBS MORTPASS 2% 05/35","15yr",,,,,"3446927.48",,,,,,""
"2021-08-11","'3140K9G78'","MBS","UMBS MORTPASS 3% 02/50","30yr",,,,,"3446330.16",,,,,,""
"2021-08-11","'3140KEW38'","MBS","UMBS MORTPASS 3% 05/50","30yr",,,,,"3445875.66",,,,,,""
"2021-08-11","'3140KVF54'","MBS","UMBS MORTPASS 2% 01/51","30yr",,,,,"3444551.77",,,,,,""
"2021-08-11","'3133A2M23'","MBS","UMBS MORTPASS 3% 03/50","30yr",,,,,"3444336.48",,,,,,""
"2021-08-11","'3132QLU50'","MBS","FHLMCGLD 3.5% 01/45","30yr",,,,,"3441674.06",,,,,,""
"2021-08-11","'3138X77G2'","MBS","UMBS MORTPASS 3% 09/28","15yr",,,,,"3441367.41",,,,,,""
"2021-08-11","'3140JULS1'","MBS","UMBS MORTPASS 4% 05/49","30yr",,,,,"3440778.96",,,,,,""
"2021-08-11","'3133AMPS9'","MBS","UMBS MORTPASS 2% 06/51","30yr",,,,,"3440753.85",,,,,,""
"2021-08-11","'3140EU5N5'","MBS","UMBS MORTPASS 2.5% 04/31","15yr",,,,,"3436818.42",,,,,,""
"2021-08-11","'31418DLK6'","MBS","UMBS MORTPASS 3% 02/30","Other",,,,,"3436700.54",,,,,,""
"2021-08-11","'3133GDDX5'","MBS","UMBS MORTPASS 1.5% 05/36","15yr",,,,,"3436564.95",,,,,,""
"2021-08-11","'3140JAKU1'","MBS","UMBS MORTPASS 2% 06/30","15yr",,,,,"3435712.43",,,,,,""
"2021-08-11","'3140KXCB0'","MBS","UMBS MORTPASS 1.5% 01/36","15yr",,,,,"3435044.92",,,,,,""
"2021-08-11","'3140JHMH3'","MBS","UMBS MORTPASS 4% 10/48","30yr",,,,,"3434286.46",,,,,,""
"2021-08-11","'31418CQD9'","MBS","UMBS MORTPASS 3% 10/37","Other",,,,,"3433746.5",,,,,,""
"2021-08-11","'3133A8H59'","MBS","UMBS MORTPASS 2.5% 08/50","30yr",,,,,"3433522.35",,,,,,""
"2021-08-11","'3132JM7J2'","MBS","FHLMCGLD 3.5% 08/43","30yr",,,,,"3432990.46",,,,,,""
"2021-08-11","'3132A7SA0'","MBS","UMBS MORTPASS 2.5% 10/23","Other",,,,,"3432475.57",,,,,,""
"2021-08-11","'36295R4Q8'","MBS","GNMA I MORTPASS 4% 05/39","30yr",,,,,"3432384.78",,,,,,""
"2021-08-11","'3140QBPQ5'","MBS","UMBS MORTPASS 4% 08/49","30yr",,,,,"3427911.51",,,,,,""
"2021-08-11","'3140X5XH1'","MBS","UMBS MORTPASS 2.5% 07/33","15yr",,,,,"3425044.24",,,,,,""
"2021-08-11","'3140QF7C7'","MBS","UMBS MORTPASS 1.5% 12/50","30yr",,,,,"3425043.12",,,,,,""
"2021-08-11","'3140QDQ98'","MBS","UMBS MORTPASS 2.5% 12/49","30yr",,,,,"3424978.72",,,,,,""
"2021-08-11","'3140HFRR2'","MBS","UMBS MORTPASS 3% 04/50","30yr",,,,,"3423997.69",,,,,,""
"2021-08-11","'31307WEQ3'","MBS","FHLMCGLD 3.5% 06/33","15yr",,,,,"3423186.21",,,,,,""
"2021-08-11","'3140LN6B8'","MBS","UMBS MORTPASS 2.5% 05/51","30yr",,,,,"3422591.98",,,,,,""
"2021-08-11","'3140JVRK0'","MBS","UMBS MORTPASS 3.5% 07/49","30yr",,,,,"3422002.57",,,,,,""
"2021-08-11","'3138MB6H4'","MBS","UMBS MORTPASS 3.5% 09/42","30yr",,,,,"3421378",,,,,,""
"2021-08-11","'3131Y0ZP0'","MBS","UMBS MORTPASS 4% 04/48","30yr",,,,,"3420975.99",,,,,,""
"2021-08-11","'3133A2M98'","MBS","UMBS MORTPASS 3% 03/50","30yr",,,,,"3420883.6",,,,,,""
"2021-08-11","'3133GDLE8'","MBS","UMBS MORTPASS 1.5% 06/36","15yr",,,,,"3420690.06",,,,,,""
"2021-08-11","'3133ALNJ3'","MBS","UMBS MORTPASS 2% 05/51","30yr",,,,,"3420155.95",,,,,,""
"2021-08-11","'3132L55H2'","MBS","FHLMCGLD 4% 11/43","30yr",,,,,"3416804.66",,,,,,""
"2021-08-11","'3133GDTC4'","MBS","UMBS MORTPASS 1.5% 07/36","15yr",,,,,"3413037.29",,,,,,""
"2021-08-11","'3138XR6H7'","MBS","UMBS MORTPASS 3.5% 10/44","30yr",,,,,"3412099.34",,,,,,""
"2021-08-11","'3138XHFQ9'","MBS","UMBS MORTPASS 4.5% 01/44","30yr",,,,,"3411638.83",,,,,,""
"2021-08-11","'3133A2WT3'","MBS","UMBS MORTPASS 3% 03/50","30yr",,,,,"3410482.07",,,,,,""
"2021-08-11","'36296UGZ7'","MBS","GNMA I 4.5% 04/39","30yr",,,,,"3409011.87",,,,,,""
"2021-08-11","'3133G7GY3'","MBS","UMBS MORTPASS 3% 12/34","15yr",,,,,"3406793.59",,,,,,""
"2021-08-11","'3133GDWJ5'","MBS","UMBS MORTPASS 1.5% 07/36","15yr",,,,,"3406689",,,,,,""
"2021-08-11","'3140X5H63'","MBS","UMBS MORTPASS 2.5% 05/28","Other",,,,,"3406581.4",,,,,,""
"2021-08-11","'3138M7KF1'","MBS","UMBS MORTPASS 2.5% 10/42","30yr",,,,,"3406400.44",,,,,,""
"2021-08-11","'3131XY4R7'","MBS","UMBS MORTPASS 3% 01/48","30yr",,,,,"3405364.12",,,,,,""
"2021-08-11","'36179MX62'","MBS","GNMA II 4.5% 01/43","30yr",,,,,"3403518.45",,,,,,""
"2021-08-11","'3138WDVD0'","MBS","UMBS MORTPASS 3% 01/25","Other",,,,,"3403303.62",,,,,,""
"2021-08-11","'3133LPSB4'","MBS","UMBS MORTPASS 2.5% 12/29","Other",,,,,"3400941.63",,,,,,""
"2021-08-11","'31417DBE2'","MBS","UMBS MORTPASS 2.5% 10/27","15yr",,,,,"3396977.61",,,,,,""
"2021-08-11","'3140KVUP3'","MBS","UMBS MORTPASS 2% 11/50","30yr",,,,,"3392836.36",,,,,,""
"2021-08-11","'3140GV2D6'","MBS","UMBS MORTPASS 4.5% 12/47","30yr",,,,,"3391406.25",,,,,,""
"2021-08-11","'3133A4AZ9'","MBS","UMBS MORTPASS 3% 04/50","30yr",,,,,"3390338.06",,,,,,""
"2021-08-11","'3140KUZL9'","MBS","UMBS MORTPASS 2% 12/35","15yr",,,,,"3387358.16",,,,,,""
"2021-08-11","'3132CJAH6'","MBS","UMBS MORTPASS 2.5% 09/29","Other",,,,,"3387008.52",,,,,,""
"2021-08-11","'3138W0LW7'","MBS","UMBS MORTPASS 2% 01/28","15yr",,,,,"3386991.67",,,,,,""
"2021-08-11","'3138WSTK4'","MBS","UMBS MORTPASS 3.5% 05/43","30yr",,,,,"3385921.25",,,,,,""
"2021-08-11","'3140JYQQ2'","MBS","UMBS MORTPASS 3.5% 12/49","30yr",,,,,"3385170.2",,,,,,""
"2021-08-11","'3132JNHT7'","MBS","FHLMCGLD 3.5% 08/43","30yr",,,,,"3385115.93",,,,,,""
"2021-08-11","'3140KUAV4'","MBS","UMBS MORTPASS 1.5% 04/36","15yr",,,,,"3384392.66",,,,,,""
"2021-08-11","'31419A3T2'","MBS","UMBS MORTPASS 5.5% 09/34","30yr",,,,,"3382807.07",,,,,,"Y"
"2021-08-11","'3132DV4Y8'","MBS","UMBS MORTPASS 4% 01/50","30yr",,,,,"3381241.07",,,,,,""
"2021-08-11","'3140HF4B2'","MBS","UMBS MORTPASS 2% 06/45","30yr",,,,,"3379298.42",,,,,,""
"2021-08-11","'3140K3LS9'","MBS","UMBS MORTPASS 2.5% 11/34","15yr",,,,,"3378910.99",,,,,,""
"2021-08-11","'3133AFJ85'","MBS","UMBS MORTPASS 2.5% 01/51","30yr",,,,,"3378906.04",,,,,,""
"2021-08-11","'3133AGUT4'","MBS","UMBS MORTPASS 2% 02/51","30yr",,,,,"3378870.77",,,,,,""
"2021-08-11","'3133ADFM3'","MBS","UMBS MORTPASS 2% 12/50","30yr",,,,,"3375452.8",,,,,,""
"2021-08-11","'3140X4UX2'","MBS","UMBS MORTPASS 4% 09/49","30yr",,,,,"3373331.27",,,,,,""
"2021-08-11","'3140KPNA7'","MBS","UMBS MORTPASS 2.5% 10/50","30yr",,,,,"3371146.66",,,,,,""
"2021-08-11","'3132JBDE0'","MBS","FHLMCGLD 3% 07/43","30yr",,,,,"3370799.11",,,,,,""
"2021-08-11","'31418BN28'","MBS","UMBS MORTPASS 2.5% 03/25","Other",,,,,"3370632.02",,,,,,""
"2021-08-11","'3133AKB41'","MBS","UMBS MORTPASS 2.5% 04/51","30yr",,,,,"3369270.93",,,,,,""
"2021-08-11","'3140JML75'","MBS","UMBS MORTPASS 3.5% 03/49","30yr",,,,,"3368982.14",,,,,,""
"2021-08-11","'3140LPAS1'","MBS","UMBS MORTPASS 2% 06/51","30yr",,,,,"3368062.43",,,,,,""
"2021-08-11","'31329Q5A5'","MBS","UMBS MORTPASS 3% 06/49","30yr",,,,,"3366320.21",,,,,,""
"2021-08-11","'3138WXWR4'","MBS","UMBS MORTPASS 4% 07/43","30yr",,,,,"3365207.77",,,,,,""
"2021-08-11","'3140KAM60'","MBS","UMBS MORTPASS 2.5% 03/50","30yr",,,,,"3363500.44",,,,,,""
"2021-08-11","'3140KY6B5'","MBS","UMBS MORTPASS 1.5% 02/36","15yr",,,,,"3363153.61",,,,,,""
"2021-08-11","'3132HNTX7'","MBS","FHLMCGLD 3% 11/42","30yr",,,,,"3361194.88",,,,,,""
"2021-08-11","'3140JNWE6'","MBS","UMBS MORTPASS 4% 04/49","30yr",,,,,"3357493.14",,,,,,""
"2021-08-11","'31418CLH5'","MBS","UMBS MORTPASS 4% 06/47","30yr",,,,,"3356791.06",,,,,,""
"2021-08-11","'3133D3EN1'","MBS","UMBS MORTPASS 2.5% 12/39","Other",,,,,"3352777.8",,,,,,""
"2021-08-11","'3128ME5A5'","MBS","FHLMCGLD 3.5% 11/31","15yr",,,,,"3351157",,,,,,""
"2021-08-11","'31418BF35'","MBS","UMBS MORTPASS 2.5% 08/24","Other",,,,,"3349392.63",,,,,,""
"2021-08-11","'3138MFYJ0'","MBS","UMBS MORTPASS 2.5% 12/27","15yr",,,,,"3345546.11",,,,,,""
"2021-08-11","'3133HMAR0'","MBS","UMBS MORTPASS 2.5% 08/29","Other",,,,,"3344863.59",,,,,,""
"2021-08-11","'31417CCY9'","MBS","UMBS MORTPASS 3% 07/27","15yr",,,,,"3342399.46",,,,,,""
"2021-08-11","'3140KV2S8'","MBS","UMBS MORTPASS 2% 12/50","30yr",,,,,"3342347.96",,,,,,""
"2021-08-11","'3140K3HD7'","MBS","UMBS MORTPASS 3% 11/49","30yr",,,,,"3340660.96",,,,,,""
"2021-08-11","'3132HRJU5'","MBS","FHLMCGLD 3% 01/43","30yr",,,,,"3338082.66",,,,,,""
"2021-08-11","'3133L7RW9'","MBS","UMBS MORTPASS 2.5% 10/31","15yr",,,,,"3336826.01",,,,,,""
"2021-08-11","'3131Y2PP7'","MBS","UMBS MORTPASS 4% 08/48","30yr",,,,,"3335903.88",,,,,,""
"2021-08-11","'3140KQQG9'","MBS","UMBS MORTPASS 2.5% 10/50","30yr",,,,,"3333272.86",,,,,,""
"2021-08-11","'31307UDH8'","MBS","FHLMCGLD 3.5% 07/32","15yr",,,,,"3331775.72",,,,,,""
"2021-08-11","'3138E44F5'","MBS","UMBS MORTPASS 4% 01/42","30yr",,,,,"3329397.04",,,,,,""
"2021-08-11","'3140L33Q2'","MBS","UMBS MORTPASS 1.5% 04/36","15yr",,,,,"3326740.52",,,,,,""
"2021-08-11","'3133KKGE3'","MBS","UMBS MORTPASS 1.5% 10/50","30yr",,,,,"3326378.26",,,,,,""
"2021-08-11","'3140HAXD7'","MBS","UMBS MORTPASS 3% 09/49","30yr",,,,,"3324039.44",,,,,,""
"2021-08-11","'31418AN38'","MBS","UMBS MORTPASS 2.5% 01/23","Other",,,,,"3323764.12",,,,,,""
"2021-08-11","'36296V7B8'","MBS","GNMA I 4.5% 03/39","30yr",,,,,"3322212.1",,,,,,""
"2021-08-11","'3140JVTN2'","MBS","UMBS MORTPASS 4% 09/49","30yr",,,,,"3322088.55",,,,,,""
"2021-08-11","'3140X6A84'","MBS","UMBS MORTPASS 2.5% 03/50","30yr",,,,,"3320777.61",,,,,,""
"2021-08-11","'3138Y3BQ3'","MBS","UMBS MORTPASS 3% 10/29","15yr",,,,,"3318661.06",,,,,,""
"2021-08-11","'3138MDSJ2'","MBS","UMBS MORTPASS 2.5% 10/27","15yr",,,,,"3316624.02",,,,,,""
"2021-08-11","'3133A84P9'","MBS","UMBS MORTPASS 2% 08/50","30yr",,,,,"3314797.69",,,,,,""
"2021-08-11","'3133AGBE8'","MBS","UMBS MORTPASS 1.5% 02/51","30yr",,,,,"3314240.81",,,,,,""
"2021-08-11","'3140KG5C3'","MBS","UMBS MORTPASS 2% 07/50","30yr",,,,,"3314094.94",,,,,,""
"2021-08-11","'36297FY22'","MBS","GNMA I MORTPASS 5% 10/39","30yr",,,,,"3313663.01",,,,,,""
"2021-08-11","'3140K8MZ1'","MBS","UMBS MORTPASS 3% 02/50","30yr",,,,,"3310117.58",,,,,,""
"2021-08-11","'3140K5Q59'","MBS","UMBS MORTPASS 3% 12/49","30yr",,,,,"3310056.05",,,,,,""
"2021-08-11","'3133G7SB0'","MBS","UMBS MORTPASS 3% 01/35","15yr",,,,,"3309756.27",,,,,,""
"2021-08-11","'3131Y9SU8'","MBS","UMBS MORTPASS 3.5% 02/49","30yr",,,,,"3307593.05",,,,,,""
"2021-08-11","'3133KJ6P2'","MBS","UMBS MORTPASS 2% 09/50","30yr",,,,,"3306162.59",,,,,,""
"2021-08-11","'3140L1C45'","MBS","UMBS MORTPASS 2.5% 01/51","30yr",,,,,"3305571.33",,,,,,""
"2021-08-11","'3622A2MZ2'","MBS","GNMA II 3.5% 04/43","30yr",,,,,"3302704.78",,,,,,""
"2021-08-11","'3133A8A49'","MBS","UMBS MORTPASS 2.5% 07/50","30yr",,,,,"3302092.58",,,,,,""
"2021-08-11","'3132A8L98'","MBS","UMBS MORTPASS 2.5% 04/29","15yr",,,,,"3300723.31",,,,,,""
"2021-08-11","'31334X3W7'","MBS","UMBS MORTPASS 3% 08/49","30yr",,,,,"3298220.72",,,,,,""
"2021-08-11","'3133GCGX4'","MBS","UMBS MORTPASS 2% 03/36","15yr",,,,,"3297798.84",,,,,,""
"2021-08-11","'3138ENNW5'","MBS","UMBS MORTPASS 2.5% 03/29","15yr",,,,,"3293349.22",,,,,,""
"2021-08-11","'3138MFUC9'","MBS","UMBS MORTPASS 2.5% 11/27","15yr",,,,,"3291832.79",,,,,,""
"2021-08-11","'3133AENJ9'","MBS","UMBS MORTPASS 2% 01/51","30yr",,,,,"3289980.27",,,,,,""
"2021-08-11","'3140F9A62'","MBS","UMBS MORTPASS 2.5% 08/31","15yr",,,,,"3289205.72",,,,,,""
"2021-08-11","'31307M5E2'","MBS","FHLMCGLD 2.5% 05/30","15yr",,,,,"3288508.8",,,,,,""
"2021-08-11","'3140X4TM8'","MBS","UMBS MORTPASS 2.5% 07/30","15yr",,,,,"3287935.2",,,,,,""
"2021-08-11","'31334WPC9'","MBS","UMBS MORTPASS 4% 06/49","30yr",,,,,"3286874.91",,,,,,""
"2021-08-11","'3133LPTC1'","MBS","UMBS MORTPASS 2% 01/31","Other",,,,,"3285604.73",,,,,,""
"2021-08-11","'31346YBF9'","MBS","UMBS MORTPASS 3% 11/49","30yr",,,,,"3285208.36",,,,,,""
"2021-08-11","'3140HDYQ1'","MBS","UMBS MORTPASS 3% 01/50","30yr",,,,,"3284989.75",,,,,,""
"2021-08-11","'3131Y9XC2'","MBS","UMBS MORTPASS 4% 02/49","30yr",,,,,"3284158.49",,,,,,""
"2021-08-11","'3140JART7'","MBS","UMBS MORTPASS 3.5% 05/48","30yr",,,,,"3281898.01",,,,,,""
"2021-08-11","'3140X8EL7'","MBS","UMBS MORTPASS 2.5% 10/50","30yr",,,,,"3281155.22",,,,,,""
"2021-08-11","'3132WMPX6'","MBS","FHLMCGLD 3% 04/47","30yr",,,,,"3279381.96",,,,,,""
"2021-08-11","'3132A8D63'","MBS","UMBS MORTPASS 2.5% 07/29","15yr",,,,,"3277127.75",,,,,,""
"2021-08-11","'3140K9LT4'","MBS","UMBS MORTPASS 4% 02/50","30yr",,,,,"3275909.81",,,,,,""
"2021-08-11","'3133GAK62'","MBS","UMBS MORTPASS 2% 10/35","15yr",,,,,"3275385.17",,,,,,""
"2021-08-11","'3140JW2W9'","MBS","UMBS MORTPASS 3.5% 08/49","30yr",,,,,"3270753.05",,,,,,""
"2021-08-11","'3132L9GH2'","MBS","FHLMCGLD 3% 12/47","30yr",,,,,"3270659.44",,,,,,""
"2021-08-11","'36296XSK1'","MBS","GNMA I 4.5% 03/39","30yr",,,,,"3266026.29",,,,,,""
"2021-08-11","'3620ALHH0'","MBS","GNMA I 4.5% 01/40","30yr",,,,,"3265387.29",,,,,,""
"2021-08-11","'3133A1X64'","MBS","UMBS MORTPASS 3.5% 02/50","30yr",,,,,"3265264.69",,,,,,""
"2021-08-11","'3133AMP26'","MBS","UMBS MORTPASS 2.5% 05/51","30yr",,,,,"3262485.21",,,,,,""
"2021-08-11","'3138M8H22'","MBS","UMBS MORTPASS 3% 08/27","15yr",,,,,"3261436.89",,,,,,""
"2021-08-11","'3140HEFT4'","MBS","UMBS MORTPASS 3.5% 06/33","15yr",,,,,"3260780.68",,,,,,""
"2021-08-11","'31307AE24'","MBS","FHLMCGLD 2.5% 01/28","15yr",,,,,"3260326.42",,,,,,""
"2021-08-11","'3140LU2Q3'","MBS","UMBS MORTPASS 2% 07/51","30yr",,,,,"3260033",,,,,,""
"2021-08-11","'3133A8BU0'","MBS","UMBS MORTPASS 3% 03/50","30yr",,,,,"3256032.34",,,,,,""
"2021-08-11","'3140F5A37'","MBS","UMBS MORTPASS 3% 11/46","30yr",,,,,"3255514.88",,,,,,""
"2021-08-11","'36296QVE6'","MBS","GNMA I 4.5% 06/39","30yr",,,,,"3255150.67",,,,,,""
"2021-08-11","'3138MDVA7'","MBS","UMBS MORTPASS 2.5% 10/42","30yr",,,,,"3251348.91",,,,,,""
"2021-08-11","'3138WQTB8'","MBS","UMBS MORTPASS 2.5% 06/28","15yr",,,,,"3250065.84",,,,,,""
"2021-08-11","'3140X4KX3'","MBS","UMBS MORTPASS 4% 06/49","30yr",,,,,"3247894.58",,,,,,""
"2021-08-11","'3132A7XV8'","MBS","UMBS MORTPASS 2% 01/29","15yr",,,,,"3247709.4",,,,,,""
"2021-08-11","'3140JHFH1'","MBS","UMBS MORTPASS 4.5% 11/48","30yr",,,,,"3243645.08",,,,,,""
"2021-08-11","'31329PTF0'","MBS","UMBS MORTPASS 4.5% 11/48","30yr",,,,,"3243180.33",,,,,,""
"2021-08-11","'3138W5ME5'","MBS","UMBS MORTPASS 3% 03/43","30yr",,,,,"3242931.55",,,,,,""
"2021-08-11","'3140L53H7'","MBS","UMBS MORTPASS 1.5% 04/36","15yr",,,,,"3240400.03",,,,,,""
"2021-08-11","'3133KJC34'","MBS","UMBS MORTPASS 2.5% 06/50","30yr",,,,,"3239106.19",,,,,,""
"2021-08-11","'3140J85K5'","MBS","UMBS MORTPASS 3.5% 08/33","15yr",,,,,"3236927.96",,,,,,""
"2021-08-11","'3138YGYF3'","MBS","UMBS MORTPASS 2.5% 04/30","15yr",,,,,"3236535.45",,,,,,""
"2021-08-11","'3133AMRG3'","MBS","UMBS MORTPASS 2.5% 06/51","30yr",,,,,"3234604.54",,,,,,""
"2021-08-11","'31417G3W4'","MBS","UMBS MORTPASS 2.5% 07/28","15yr",,,,,"3234118.29",,,,,,""
"2021-08-11","'3140KU3M2'","MBS","UMBS MORTPASS 2% 11/35","15yr",,,,,"3233445.81",,,,,,""
"2021-08-11","'3132CWJH8'","MBS","UMBS MORTPASS 2.5% 02/35","15yr",,,,,"3231612.08",,,,,,""
"2021-08-11","'3138ETA55'","MBS","UMBS MORTPASS 2% 01/31","15yr",,,,,"3230786.54",,,,,,""
"2021-08-11","'3140JRAG6'","MBS","UMBS MORTPASS 3.5% 03/49","30yr",,,,,"3228951.89",,,,,,""
"2021-08-11","'3133KKPR4'","MBS","UMBS MORTPASS 1.5% 11/50","30yr",,,,,"3228249.61",,,,,,""
"2021-08-11","'3140L4UB3'","MBS","UMBS MORTPASS 2% 02/51","30yr",,,,,"3224844.45",,,,,,""
"2021-08-11","'31418AK23'","MBS","UMBS MORTPASS 2.5% 10/22","Other",,,,,"3223815.67",,,,,,""
"2021-08-11","'3140JW7G9'","MBS","UMBS MORTPASS 3% 07/49","30yr",,,,,"3223207.66",,,,,,""
"2021-08-11","'3132JNYK7'","MBS","FHLMCGLD 3.5% 09/43","30yr",,,,,"3221292.22",,,,,,""
"2021-08-11","'3140L46N4'","MBS","UMBS MORTPASS 1.5% 03/36","15yr",,,,,"3219848.91",,,,,,""
"2021-08-11","'3132L5SN4'","MBS","FHLMCGLD 4% 10/43","30yr",,,,,"3219043.2",,,,,,""
"2021-08-11","'36296XXE9'","MBS","GNMA I 4.5% 06/39","30yr",,,,,"3217486.07",,,,,,""
"2021-08-11","'3133AHBN6'","MBS","UMBS MORTPASS 1.5% 03/51","30yr",,,,,"3217442.55",,,,,,""
"2021-08-11","'31418CNZ3'","MBS","UMBS MORTPASS 2.5% 08/27","Other",,,,,"3216762.64",,,,,,""
"2021-08-11","'3138EN4M8'","MBS","UMBS MORTPASS 2.5% 12/29","15yr",,,,,"3215007.28",,,,,,""
"2021-08-11","'3133A2MJ6'","MBS","UMBS MORTPASS 3% 02/45","30yr",,,,,"3214826.18",,,,,,""
"2021-08-11","'3133ALCQ9'","MBS","UMBS MORTPASS 2.5% 05/51","30yr",,,,,"3214126.68",,,,,,""
"2021-08-11","'3140JSDE6'","MBS","UMBS MORTPASS 2% 02/51","30yr",,,,,"3213776.43",,,,,,""
"2021-08-11","'3140KFR64'","MBS","UMBS MORTPASS 2% 08/35","15yr",,,,,"3210201.36",,,,,,""
"2021-08-11","'3140JYXT8'","MBS","UMBS MORTPASS 3% 10/49","30yr",,,,,"3208549.99",,,,,,""
"2021-08-11","'3133GBG24'","MBS","UMBS MORTPASS 1.5% 12/35","15yr",,,,,"3206631.15",,,,,,""
"2021-08-11","'3133A0AF1'","MBS","UMBS MORTPASS 3% 11/49","30yr",,,,,"3206600.62",,,,,,""
"2021-08-11","'3133G7DN0'","MBS","UMBS MORTPASS 3% 11/34","15yr",,,,,"3205773.58",,,,,,""
"2021-08-11","'3133APAG4'","MBS","UMBS MORTPASS 2% 07/51","30yr",,,,,"3204575",,,,,,""
"2021-08-11","'3140K7GT4'","MBS","UMBS MORTPASS 3% 02/50","30yr",,,,,"3203294.57",,,,,,""
"2021-08-11","'3620A6AG2'","MBS","GNMA I 4.5% 06/39","30yr",,,,,"3202878.35",,,,,,""
"2021-08-11","'3132DMJN6'","MBS","UMBS MORTPASS 6% 04/40","30yr",,,,,"3201688.07",,,,,,"Y"
"2021-08-11","'3132WKW53'","MBS","FHLMCGLD 3% 01/47","30yr",,,,,"3201569.96",,,,,,""
"2021-08-11","'3133ANRC0'","MBS","UMBS MORTPASS 2.5% 06/51","30yr",,,,,"3199878",,,,,,""
"2021-08-11","'3140FHXP7'","MBS","UMBS MORTPASS 3% 12/46","30yr",,,,,"3199699.99",,,,,,""
"2021-08-11","'3140QEYT3'","MBS","UMBS MORTPASS 2% 09/50","30yr",,,,,"3197253.01",,,,,,""
"2021-08-11","'3140HDNY6'","MBS","UMBS MORTPASS 3.5% 12/49","30yr",,,,,"3195462.35",,,,,,""
"2021-08-11","'3133GDVM9'","MBS","UMBS MORTPASS 1.5% 07/36","15yr",,,,,"3195167",,,,,,""
"2021-08-11","'3140L1KF1'","MBS","UMBS MORTPASS 2% 02/51","30yr",,,,,"3192604.56",,,,,,""
"2021-08-11","'31418A4F2'","MBS","UMBS MORTPASS 2.5% 12/23","Other",,,,,"3192463.06",,,,,,""
"2021-08-11","'3133GB5A8'","MBS","UMBS MORTPASS 1.5% 01/36","15yr",,,,,"3192309.44",,,,,,""
"2021-08-11","'3140EXFH1'","MBS","UMBS MORTPASS 2.5% 09/31","15yr",,,,,"3192206.24",,,,,,""
"2021-08-11","'3140KAN36'","MBS","UMBS MORTPASS 2.5% 03/50","30yr",,,,,"3190620.01",,,,,,""
"2021-08-11","'3140JNXB1'","MBS","UMBS MORTPASS 4.5% 05/49","30yr",,,,,"3188992.27",,,,,,""
"2021-08-11","'3133AGLQ0'","MBS","UMBS MORTPASS 1.5% 03/51","30yr",,,,,"3188489.74",,,,,,""
"2021-08-11","'3140GNZ48'","MBS","UMBS MORTPASS 2.5% 10/49","30yr",,,,,"3187536.61",,,,,,""
"2021-08-11","'3140L8PH7'","MBS","UMBS MORTPASS 2% 04/51","30yr",,,,,"3186980.58",,,,,,""
"2021-08-11","'3133KJ2L5'","MBS","UMBS MORTPASS 2% 09/50","30yr",,,,,"3186960.94",,,,,,""
"2021-08-11","'3138Y9CL0'","MBS","UMBS MORTPASS 3.5% 12/29","15yr",,,,,"3186925.65",,,,,,""
"2021-08-11","'3132JBLX9'","MBS","FHLMCGLD 3% 06/43","30yr",,,,,"3184335.47",,,,,,""
"2021-08-11","'3133AKZX1'","MBS","UMBS MORTPASS 2% 05/51","30yr",,,,,"3183003.1",,,,,,""
"2021-08-11","'3131Y7PC5'","MBS","UMBS MORTPASS 4.5% 11/48","30yr",,,,,"3179695.3",,,,,,""
"2021-08-11","'3140HN4V1'","MBS","UMBS MORTPASS 4% 09/48","30yr",,,,,"3177285.62",,,,,,""
"2021-08-11","'3140LNLJ4'","MBS","UMBS MORTPASS 2% 05/51","30yr",,,,,"3176586.44",,,,,,""
"2021-08-11","'31418CQL1'","MBS","UMBS MORTPASS 2.5% 10/27","Other",,,,,"3176236.9",,,,,,""
"2021-08-11","'3131X7DH8'","MBS","UMBS MORTPASS 3% 11/26","15yr",,,,,"3174171.69",,,,,,""
"2021-08-11","'3133AKQD5'","MBS","UMBS MORTPASS 2% 04/51","30yr",,,,,"3174087.73",,,,,,""
"2021-08-11","'3140HJJS1'","MBS","UMBS MORTPASS 4% 08/48","30yr",,,,,"3171247.17",,,,,,""
"2021-08-11","'36181D6T8'","MBS","GNMA I MORTPASS 3% 05/43","30yr",,,,,"3170886.48",,,,,,""
"2021-08-11","'3140L3TC5'","MBS","UMBS MORTPASS 1.5% 02/36","15yr",,,,,"3170653.57",,,,,,""
"2021-08-11","'3140L7EE8'","MBS","UMBS MORTPASS 2.5% 06/51","30yr",,,,,"3169895.71",,,,,,""
"2021-08-11","'3132A9QT7'","MBS","UMBS MORTPASS 2.5% 05/30","15yr",,,,,"3169638.48",,,,,,""
"2021-08-11","'3140JUC36'","MBS","UMBS MORTPASS 2.5% 11/49","30yr",,,,,"3169098.14",,,,,,""
"2021-08-11","'3132CWAY0'","MBS","UMBS MORTPASS 3% 10/33","15yr",,,,,"3168415",,,,,,""
"2021-08-11","'3138YLYP0'","MBS","UMBS MORTPASS 3% 04/45","30yr",,,,,"3166628.98",,,,,,""
"2021-08-11","'3132J9RS9'","MBS","FHLMCGLD 3% 05/43","30yr",,,,,"3166124.55",,,,,,""
"2021-08-11","'3140JPUH6'","MBS","UMBS MORTPASS 2.5% 01/51","30yr",,,,,"3165677.25",,,,,,""
"2021-08-11","'3131X72G2'","MBS","UMBS MORTPASS 3% 08/27","15yr",,,,,"3164939.89",,,,,,""
"2021-08-11","'3131Y9DK6'","MBS","UMBS MORTPASS 4.5% 01/49","30yr",,,,,"3164853.6",,,,,,""
"2021-08-11","'3133A6WP2'","MBS","UMBS MORTPASS 3% 06/50","30yr",,,,,"3162701.16",,,,,,""
"2021-08-11","'3138EAAN7'","MBS","UMBS MORTPASS 3% 03/27","15yr",,,,,"3162405.11",,,,,,""
"2021-08-11","'3140K84A6'","MBS","UMBS MORTPASS 2% 08/50","30yr",,,,,"3160361.93",,,,,,""
"2021-08-11","'31418CDJ0'","MBS","UMBS MORTPASS 3% 11/36","Other",,,,,"3159549.28",,,,,,""
"2021-08-11","'3138EKAT2'","MBS","UMBS MORTPASS 3% 11/27","15yr",,,,,"3158095.7",,,,,,""
"2021-08-11","'3132XTL55'","MBS","FHLMCGLD 3% 10/47","30yr",,,,,"3157711.38",,,,,,""
"2021-08-11","'3140Q8KB0'","MBS","UMBS MORTPASS 3.5% 02/48","30yr",,,,,"3154577.52",,,,,,""
"2021-08-11","'3128MMW58'","MBS","FHLMCGLD 3.5% 11/32","15yr",,,,,"3154497.92",,,,,,""
"2021-08-11","'36178NLL1'","MBS","GNMA I MORTPASS 3% 10/42","30yr",,,,,"3153697.48",,,,,,""
"2021-08-11","'3133A4LK0'","MBS","UMBS MORTPASS 2.5% 04/50","30yr",,,,,"3149070.93",,,,,,""
"2021-08-11","'3140QBE46'","MBS","UMBS MORTPASS 3% 06/34","15yr",,,,,"3148791.81",,,,,,""
"2021-08-11","'31329P5V1'","MBS","UMBS MORTPASS 4% 01/49","30yr",,,,,"3148295.96",,,,,,""
"2021-08-11","'31339U6Q8'","MBS","UMBS MORTPASS 3.5% 11/49","30yr",,,,,"3147357.85",,,,,,""
"2021-08-11","'3140KLEZ1'","MBS","UMBS MORTPASS 2.5% 07/50","30yr",,,,,"3146978.54",,,,,,""
"2021-08-11","'3133A5BM4'","MBS","UMBS MORTPASS 2% 06/50","30yr",,,,,"3146360.46",,,,,,""
"2021-08-11","'31418CDH4'","MBS","UMBS MORTPASS 2.5% 11/31","15yr",,,,,"3145805.88",,,,,,""
"2021-08-11","'31329KW34'","MBS","UMBS MORTPASS 3% 07/37","Other",,,,,"3143081.09",,,,,,""
"2021-08-11","'3140JHFF5'","MBS","UMBS MORTPASS 3.5% 11/33","15yr",,,,,"3142610.26",,,,,,""
"2021-08-11","'3138W9AB6'","MBS","UMBS MORTPASS 2% 07/28","15yr",,,,,"3141116.97",,,,,,""
"2021-08-11","'3133GARY4'","MBS","UMBS MORTPASS 2% 11/35","15yr",,,,,"3140137.88",,,,,,""
"2021-08-11","'3131YDAM6'","MBS","UMBS MORTPASS 4.5% 05/49","30yr",,,,,"3139822.73",,,,,,""
"2021-08-11","'3140H2CF3'","MBS","UMBS MORTPASS 2.5% 11/32","15yr",,,,,"3139506.91",,,,,,""
"2021-08-11","'31418CYJ7'","MBS","UMBS MORTPASS 3.5% 07/38","Other",,,,,"3138806.83",,,,,,""
"2021-08-11","'31418DHJ4'","MBS","UMBS MORTPASS 3.5% 11/39","Other",,,,,"3138720.92",,,,,,""
"2021-08-11","'3140JMDY5'","MBS","UMBS MORTPASS 3% 09/49","30yr",,,,,"3138588.35",,,,,,""
"2021-08-11","'3133LPS81'","MBS","UMBS MORTPASS 2% 12/30","Other",,,,,"3138129.01",,,,,,""
"2021-08-11","'36180KB83'","MBS","GNMA I MORTPASS 3% 03/43","30yr",,,,,"3136885.71",,,,,,""
"2021-08-11","'3133AMKP0'","MBS","UMBS MORTPASS 2.5% 06/51","30yr",,,,,"3136694.86",,,,,,""
"2021-08-11","'3140HD4G6'","MBS","UMBS MORTPASS 3% 02/33","15yr",,,,,"3135101.58",,,,,,""
"2021-08-11","'3140L2DG5'","MBS","UMBS MORTPASS 1.5% 02/51","30yr",,,,,"3133075.92",,,,,,""
"2021-08-11","'3133L8BW4'","MBS","UMBS MORTPASS 1.5% 03/36","15yr",,,,,"3132462.89",,,,,,""
"2021-08-11","'3140GXDJ7'","MBS","UMBS MORTPASS 3% 10/32","15yr",,,,,"3132271.27",,,,,,""
"2021-08-11","'3131X7ZK7'","MBS","UMBS MORTPASS 3% 08/27","15yr",,,,,"3131499.74",,,,,,""
"2021-08-11","'36180EQP3'","MBS","GNMA I MORTPASS 3% 06/43","30yr",,,,,"3124577.44",,,,,,""
"2021-08-11","'3140GN2B8'","MBS","UMBS MORTPASS 3% 12/49","30yr",,,,,"3123917.03",,,,,,""
"2021-08-11","'3140K7FW8'","MBS","UMBS MORTPASS 3% 01/50","30yr",,,,,"3123234.34",,,,,,""
"2021-08-11","'3140L7CS9'","MBS","UMBS MORTPASS 2% 05/51","30yr",,,,,"3123010.62",,,,,,""
"2021-08-11","'3140JV7E6'","MBS","UMBS MORTPASS 3% 07/49","30yr",,,,,"3122540.49",,,,,,""
"2021-08-11","'31418CYX6'","MBS","UMBS MORTPASS 3% 06/48","30yr",,,,,"3121943.69",,,,,,""
"2021-08-11","'3140KSBA4'","MBS","UMBS MORTPASS 2% 11/50","30yr",,,,,"3121859.33",,,,,,""
"2021-08-11","'31417BZK6'","MBS","UMBS MORTPASS 2.5% 05/42","30yr",,,,,"3121010.78",,,,,,""
"2021-08-11","'3138WFTT3'","MBS","UMBS MORTPASS 2.5% 10/30","15yr",,,,,"3120830.69",,,,,,""
"2021-08-11","'3140JMBL5'","MBS","UMBS MORTPASS 4.5% 02/49","30yr",,,,,"3120206.05",,,,,,""
"2021-08-11","'3133ACRC4'","MBS","UMBS MORTPASS 2% 10/50","30yr",,,,,"3118328.78",,,,,,""
"2021-08-11","'3140HHGV1'","MBS","UMBS MORTPASS 3.5% 05/48","30yr",,,,,"3118078.15",,,,,,""
"2021-08-11","'31307BXF2'","MBS","FHLMCGLD 2% 04/28","15yr",,,,,"3117551.47",,,,,,""
"2021-08-11","'3138W3VH3'","MBS","UMBS MORTPASS 2.5% 02/28","15yr",,,,,"3116612.84",,,,,,""
"2021-08-11","'3131Y9TA1'","MBS","UMBS MORTPASS 4.5% 02/49","30yr",,,,,"3116502.12",,,,,,""
"2021-08-11","'3133A0KD5'","MBS","UMBS MORTPASS 3% 01/50","30yr",,,,,"3114350.97",,,,,,""
"2021-08-11","'3138WRTL4'","MBS","UMBS MORTPASS 3.5% 05/43","30yr",,,,,"3114198.4",,,,,,""
"2021-08-11","'3140HNNX6'","MBS","UMBS MORTPASS 2.5% 12/50","30yr",,,,,"3112968.56",,,,,,""
"2021-08-11","'3138MRP47'","MBS","UMBS MORTPASS 2% 12/27","15yr",,,,,"3112953.27",,,,,,""
"2021-08-11","'3133D3KK0'","MBS","UMBS MORTPASS 2.5% 06/40","Other",,,,,"3106839.94",,,,,,""
"2021-08-11","'3133ADYL4'","MBS","UMBS MORTPASS 1.5% 12/50","30yr",,,,,"3106727.87",,,,,,""
"2021-08-11","'3140K76S7'","MBS","UMBS MORTPASS 3% 12/49","30yr",,,,,"3104130.05",,,,,,""
"2021-08-11","'31418DAZ5'","MBS","UMBS MORTPASS 3.5% 03/29","Other",,,,,"3103514.46",,,,,,""
"2021-08-11","'3140QBBW7'","MBS","UMBS MORTPASS 3% 06/49","30yr",,,,,"3101930.91",,,,,,""
"2021-08-11","'3132A82E8'","MBS","UMBS MORTPASS 2.5% 07/30","15yr",,,,,"3101104.17",,,,,,""
"2021-08-11","'3140KPD34'","MBS","UMBS MORTPASS 2% 09/50","30yr",,,,,"3100488.38",,,,,,""
"2021-08-11","'3132A5GK5'","MBS","UMBS MORTPASS 2.5% 01/47","30yr",,,,,"3099504.66",,,,,,""
"2021-08-11","'3132A72G5'","MBS","UMBS MORTPASS 3% 12/24","Other",,,,,"3097986.96",,,,,,""
"2021-08-11","'3128E5WC9'","MBS","FHLMCGLD 4% 08/31","Other",,,,,"3097851.29",,,,,,""
"2021-08-11","'3132CJAM5'","MBS","UMBS MORTPASS 3.5% 07/29","Other",,,,,"3095885.53",,,,,,""
"2021-08-11","'3131Y0Z54'","MBS","UMBS MORTPASS 4% 04/48","30yr",,,,,"3094977.73",,,,,,""
"2021-08-11","'3620AVAU6'","MBS","GNMA I MORTPASS 3% 11/42","30yr",,,,,"3094851.39",,,,,,""
"2021-08-11","'3133A35V6'","MBS","UMBS MORTPASS 3% 04/50","30yr",,,,,"3094519.66",,,,,,""
"2021-08-11","'3140H5N98'","MBS","UMBS MORTPASS 3.5% 02/48","30yr",,,,,"3094011.62",,,,,,""
"2021-08-11","'3138MLEZ3'","MBS","UMBS MORTPASS 3.5% 11/42","30yr",,,,,"3090053.19",,,,,,""
"2021-08-11","'3140JGTQ8'","MBS","UMBS MORTPASS 4% 10/48","30yr",,,,,"3088942.19",,,,,,""
"2021-08-11","'3140LSNX0'","MBS","UMBS MORTPASS 2% 06/36","15yr",,,,,"3087333.29",,,,,,""
"2021-08-11","'31329LDQ2'","MBS","UMBS MORTPASS 2.5% 01/28","15yr",,,,,"3085691.58",,,,,,""
"2021-08-11","'3132M6S27'","MBS","FHLMCGLD 3.5% 05/44","30yr",,,,,"3084613.21",,,,,,""
"2021-08-11","'31418CR71'","MBS","UMBS MORTPASS 3% 12/47","30yr",,,,,"3083311.1",,,,,,""
"2021-08-11","'3140JR5W7'","MBS","UMBS MORTPASS 3.5% 04/49","30yr",,,,,"3083303.92",,,,,,""
"2021-08-11","'31307QN45'","MBS","FHLMCGLD 3% 04/31","15yr",,,,,"3082753.46",,,,,,""
"2021-08-11","'3140EWPH2'","MBS","UMBS MORTPASS 2.5% 05/31","15yr",,,,,"3081846.82",,,,,,""
"2021-08-11","'3140F2P87'","MBS","UMBS MORTPASS 2.5% 05/31","15yr",,,,,"3077238.96",,,,,,""
"2021-08-11","'3140K2UN2'","MBS","UMBS MORTPASS 3.5% 10/49","30yr",,,,,"3076953.3",,,,,,""
"2021-08-11","'3140LQAM2'","MBS","UMBS MORTPASS 1.5% 06/36","15yr",,,,,"3076886.2",,,,,,""
"2021-08-11","'3140L15Z4'","MBS","UMBS MORTPASS 2.5% 12/50","30yr",,,,,"3076681.42",,,,,,""
"2021-08-11","'31418BX50'","MBS","UMBS MORTPASS 2.5% 01/26","Other",,,,,"3075997.17",,,,,,""
"2021-08-11","'3140L2BW2'","MBS","UMBS MORTPASS 2.5% 01/51","30yr",,,,,"3072968.5",,,,,,""
"2021-08-11","'3138AXVW8'","MBS","UMBS MORTPASS 3% 11/26","15yr",,,,,"3071778.19",,,,,,""
"2021-08-11","'31417D2N2'","MBS","UMBS MORTPASS 2.5% 11/27","15yr",,,,,"3070193.67",,,,,,""
"2021-08-11","'36180KJK8'","MBS","GNMA I MORTPASS 3% 04/43","30yr",,,,,"3069599.41",,,,,,""
"2021-08-11","'31334WY47'","MBS","UMBS MORTPASS 3.5% 07/49","30yr",,,,,"3069029.06",,,,,,""
"2021-08-11","'31417EX22'","MBS","UMBS MORTPASS 2% 02/28","15yr",,,,,"3068510.49",,,,,,""
"2021-08-11","'3140K8BB6'","MBS","UMBS MORTPASS 2.5% 03/50","30yr",,,,,"3067299.13",,,,,,""
"2021-08-11","'3138YFAZ7'","MBS","UMBS MORTPASS 3% 01/45","30yr",,,,,"3066448.54",,,,,,""
"2021-08-11","'31307NZ72'","MBS","FHLMCGLD 2.5% 08/30","15yr",,,,,"3066003.61",,,,,,""
"2021-08-11","'31418CPS7'","MBS","UMBS MORTPASS 3.5% 09/27","Other",,,,,"3062655.38",,,,,,""
"2021-08-11","'3140X6HS3'","MBS","UMBS MORTPASS 2.5% 01/28","15yr",,,,,"3061726.21",,,,,,""
"2021-08-11","'3133AANR9'","MBS","UMBS MORTPASS 2% 09/50","30yr",,,,,"3061134.04",,,,,,""
"2021-08-11","'31307JTN3'","MBS","FHLMCGLD 3% 10/29","15yr",,,,,"3060633.53",,,,,,""
"2021-08-11","'3140JSCY3'","MBS","UMBS MORTPASS 1.5% 03/36","15yr",,,,,"3058877.45",,,,,,""
"2021-08-11","'3132CWJU9'","MBS","UMBS MORTPASS 2.5% 06/33","15yr",,,,,"3058545.96",,,,,,""
"2021-08-11","'36178B3Z6'","MBS","GNMA I MORTPASS 3% 09/42","30yr",,,,,"3058286.22",,,,,,""
"2021-08-11","'3138EJ3T3'","MBS","UMBS MORTPASS 2.5% 11/27","15yr",,,,,"3056508.36",,,,,,""
"2021-08-11","'3140K7ZJ5'","MBS","UMBS MORTPASS 3% 12/49","30yr",,,,,"3056426.36",,,,,,""
"2021-08-11","'31418AS41'","MBS","UMBS MORTPASS 2.5% 05/28","15yr",,,,,"3054579.33",,,,,,""
"2021-08-11","'31418DDG4'","MBS","UMBS MORTPASS 3% 06/39","Other",,,,,"3054475.91",,,,,,""
"2021-08-11","'3133ALMF2'","MBS","UMBS MORTPASS 1.5% 05/51","30yr",,,,,"3051828.39",,,,,,""
"2021-08-11","'3140X42H8'","MBS","UMBS MORTPASS 3% 10/49","30yr",,,,,"3051269.3",,,,,,""
"2021-08-11","'3140JMDN9'","MBS","UMBS MORTPASS 3.5% 09/49","30yr",,,,,"3050792.42",,,,,,""
"2021-08-11","'3133AK5U0'","MBS","UMBS MORTPASS 2.5% 05/51","30yr",,,,,"3048521.57",,,,,,""
"2021-08-11","'3133A2CJ7'","MBS","UMBS MORTPASS 2.5% 01/50","30yr",,,,,"3048383.24",,,,,,""
"2021-08-11","'3128MDLC5'","MBS","FHLMCGLD 4% 08/26","15yr",,,,,"3047820.83",,,,,,""
"2021-08-11","'3132A7HS3'","MBS","UMBS MORTPASS 3% 07/27","15yr",,,,,"3046117.79",,,,,,""
"2021-08-11","'3133AJ7A5'","MBS","UMBS MORTPASS 2% 04/51","30yr",,,,,"3043476.1",,,,,,""
"2021-08-11","'3138MC3B8'","MBS","UMBS MORTPASS 3% 10/42","30yr",,,,,"3042811.24",,,,,,""
"2021-08-11","'3140H7E29'","MBS","UMBS MORTPASS 2.5% 09/34","15yr",,,,,"3040452.51",,,,,,""
"2021-08-11","'3133GDQ37'","MBS","UMBS MORTPASS 1.5% 06/36","15yr",,,,,"3039426.96",,,,,,""
"2021-08-11","'3140LPKH4'","MBS","UMBS MORTPASS 2% 06/51","30yr",,,,,"3039257.86",,,,,,""
"2021-08-11","'3138WD6D8'","MBS","UMBS MORTPASS 3% 02/30","15yr",,,,,"3038735.06",,,,,,""
"2021-08-11","'3140QDQH0'","MBS","UMBS MORTPASS 4% 05/49","30yr",,,,,"3038118.42",,,,,,""
"2021-08-11","'3140L7FT4'","MBS","UMBS MORTPASS 2.5% 04/51","30yr",,,,,"3037617.34",,,,,,""
"2021-08-11","'3133GCFR8'","MBS","UMBS MORTPASS 2% 03/36","15yr",,,,,"3037326.5",,,,,,""
"2021-08-11","'3138ERL99'","MBS","UMBS MORTPASS 3% 10/31","15yr",,,,,"3037310.29",,,,,,""
"2021-08-11","'3140KER91'","MBS","UMBS MORTPASS 2% 05/35","15yr",,,,,"3035454.49",,,,,,""
"2021-08-11","'3140KQJF9'","MBS","UMBS MORTPASS 2.5% 10/50","30yr",,,,,"3033250.75",,,,,,""
"2021-08-11","'31417DFW8'","MBS","UMBS MORTPASS 2.5% 10/27","15yr",,,,,"3032777.59",,,,,,""
"2021-08-11","'3133KHJH0'","MBS","UMBS MORTPASS 4.5% 01/50","30yr",,,,,"3032163.81",,,,,,""
"2021-08-11","'31417ENR8'","MBS","UMBS MORTPASS 3% 01/43","30yr",,,,,"3027944.42",,,,,,""
"2021-08-11","'3128MJT83'","MBS","FHLMCGLD 4.5% 02/44","30yr",,,,,"3027560.8",,,,,,""
"2021-08-11","'31418AYY8'","MBS","UMBS MORTPASS 2% 10/23","Other",,,,,"3027212.02",,,,,,""
"2021-08-11","'3140LPFA5'","MBS","UMBS MORTPASS 2% 05/51","30yr",,,,,"3027049.9",,,,,,""
"2021-08-11","'3133ALY28'","MBS","UMBS MORTPASS 2% 06/51","30yr",,,,,"3026760.18",,,,,,""
"2021-08-11","'3140H5NH0'","MBS","UMBS MORTPASS 3% 02/33","15yr",,,,,"3026557.52",,,,,,""
"2021-08-11","'3128MMWC3'","MBS","FHLMCGLD 3.5% 04/32","15yr",,,,,"3025588.14",,,,,,""
"2021-08-11","'3140HKEM6'","MBS","UMBS MORTPASS 2% 09/50","30yr",,,,,"3025050.59",,,,,,""
"2021-08-11","'36295R4M7'","MBS","GNMA I MORTPASS 4% 04/39","30yr",,,,,"3024807.7",,,,,,""
"2021-08-11","'3132DMS48'","MBS","UMBS MORTPASS 1.5% 02/51","30yr",,,,,"3024175.58",,,,,,""
"2021-08-11","'3138EGHC1'","MBS","UMBS MORTPASS 6.5% 01/39","30yr",,,,,"3023963.51",,,,,,"Y"
"2021-08-11","'3140FPBK4'","MBS","UMBS MORTPASS 3% 05/32","15yr",,,,,"3020814.62",,,,,,""
"2021-08-11","'36297GLV0'","MBS","GNMA I 4.5% 07/39","30yr",,,,,"3018011.22",,,,,,""
"2021-08-11","'3140KC3R1'","MBS","UMBS MORTPASS 2% 04/35","15yr",,,,,"3017651.23",,,,,,""
"2021-08-11","'31417FUE6'","MBS","UMBS MORTPASS 2% 03/28","15yr",,,,,"3017521.78",,,,,,""
"2021-08-11","'31418BBA3'","MBS","UMBS MORTPASS 2.5% 03/24","Other",,,,,"3015610.58",,,,,,""
"2021-08-11","'3133ABN97'","MBS","UMBS MORTPASS 2% 11/50","30yr",,,,,"3015562.87",,,,,,""
"2021-08-11","'3133GASG2'","MBS","UMBS MORTPASS 1.5% 11/35","15yr",,,,,"3014672.79",,,,,,""
"2021-08-11","'31307GJD2'","MBS","FHLMCGLD 3% 02/29","15yr",,,,,"3012177.99",,,,,,""
"2021-08-11","'3132J9UW6'","MBS","FHLMCGLD 3% 05/43","30yr",,,,,"3009681.44",,,,,,""
"2021-08-11","'3140K1MD5'","MBS","UMBS MORTPASS 3% 11/49","30yr",,,,,"3009441.94",,,,,,""
"2021-08-11","'3140KUUF7'","MBS","UMBS MORTPASS 2% 11/50","30yr",,,,,"3006401.8",,,,,,""
"2021-08-11","'3132AEDH6'","MBS","UMBS MORTPASS 4% 03/49","30yr",,,,,"3005999.64",,,,,,""
"2021-08-11","'3131Y2F78'","MBS","UMBS MORTPASS 4% 06/48","30yr",,,,,"3003874.02",,,,,,""
"2021-08-11","'3140L7CA8'","MBS","UMBS MORTPASS 1.5% 04/36","15yr",,,,,"3001097.48",,,,,,""
"2021-08-11","'3140JYTZ9'","MBS","UMBS MORTPASS 3.5% 08/49","30yr",,,,,"3001026.78",,,,,,""
"2021-08-11","'36176H6C3'","MBS","GNMA I MORTPASS 3% 07/43","30yr",,,,,"3000170.33",,,,,,""
"2021-08-11","'36296V7H5'","MBS","GNMA I MORTPASS 4% 04/39","30yr",,,,,"2998195.89",,,,,,""
"2021-08-11","'3132A9MP9'","MBS","UMBS MORTPASS 2.5% 06/27","15yr",,,,,"2998148.81",,,,,,""
"2021-08-11","'31335APZ5'","MBS","FHLMCGLD 3.5% 03/46","30yr",,,,,"2997696.3",,,,,,""
"2021-08-11","'31307TEG2'","MBS","FHLMCGLD 3.5% 02/32","15yr",,,,,"2997576.5",,,,,,""
"2021-08-11","'31418BUS3'","MBS","UMBS MORTPASS 3% 09/25","Other",,,,,"2996327.32",,,,,,""
"2021-08-11","'3140QC5Z5'","MBS","UMBS MORTPASS 4% 08/49","30yr",,,,,"2995793.06",,,,,,""
"2021-08-11","'3140QCZP4'","MBS","UMBS MORTPASS 4% 09/49","30yr",,,,,"2994171.96",,,,,,""
"2021-08-11","'3133A7YK9'","MBS","UMBS MORTPASS 3% 07/50","30yr",,,,,"2993972.37",,,,,,""
"2021-08-11","'3140KSA98'","MBS","UMBS MORTPASS 2% 11/50","30yr",,,,,"2993219.65",,,,,,""
"2021-08-11","'3138WMCQ2'","MBS","UMBS MORTPASS 3% 04/43","30yr",,,,,"2993154.25",,,,,,""
"2021-08-11","'3140KAKT2'","MBS","UMBS MORTPASS 2.5% 05/50","30yr",,,,,"2989969.51",,,,,,""
"2021-08-11","'3133HMD55'","MBS","UMBS MORTPASS 1.5% 11/30","Other",,,,,"2989874.21",,,,,,""
"2021-08-11","'3140X8P43'","MBS","UMBS MORTPASS 2% 11/50","30yr",,,,,"2985885.78",,,,,,""
"2021-08-11","'3131YATB6'","MBS","UMBS MORTPASS 3.5% 03/49","30yr",,,,,"2984570.87",,,,,,""
"2021-08-11","'3133AKVK3'","MBS","UMBS MORTPASS 2% 05/51","30yr",,,,,"2983602.72",,,,,,""
"2021-08-11","'3128MMYV9'","MBS","FHLMCGLD 3.5% 02/34","15yr",,,,,"2983051.5",,,,,,""
"2021-08-11","'31417C6E0'","MBS","UMBS MORTPASS 3% 09/32","Other",,,,,"2982599.39",,,,,,""
"2021-08-11","'3133A84D6'","MBS","UMBS MORTPASS 2% 08/50","30yr",,,,,"2980842.08",,,,,,""
"2021-08-11","'3140QEXQ0'","MBS","UMBS MORTPASS 2% 09/50","30yr",,,,,"2979971.52",,,,,,""
"2021-08-11","'3140GVRJ6'","MBS","UMBS MORTPASS 3% 09/32","15yr",,,,,"2979505.7",,,,,,""
"2021-08-11","'3140JSAN9'","MBS","UMBS MORTPASS 1.5% 02/51","30yr",,,,,"2978395.87",,,,,,""
"2021-08-11","'3138MJWK1'","MBS","UMBS MORTPASS 2.5% 11/27","15yr",,,,,"2977855.89",,,,,,""
"2021-08-11","'3140LPLJ9'","MBS","UMBS MORTPASS 1.5% 07/36","15yr",,,,,"2977199",,,,,,""
"2021-08-11","'36297AH89'","MBS","GNMA I MORTPASS 3% 10/42","30yr",,,,,"2977075.98",,,,,,""
"2021-08-11","'3140J9GJ4'","MBS","UMBS MORTPASS 2.5% 06/28","Other",,,,,"2976325.71",,,,,,""
"2021-08-11","'3140JUB94'","MBS","UMBS MORTPASS 3% 10/49","30yr",,,,,"2975220.59",,,,,,""
"2021-08-11","'31339SKK0'","MBS","UMBS MORTPASS 4% 09/49","30yr",,,,,"2974287.97",,,,,,""
"2021-08-11","'3138X0B31'","MBS","UMBS MORTPASS 3% 08/28","15yr",,,,,"2973137.46",,,,,,""
"2021-08-11","'3138WK4R3'","MBS","UMBS MORTPASS 4% 06/47","30yr",,,,,"2973011.23",,,,,,""
"2021-08-11","'31307R2K0'","MBS","FHLMCGLD 3% 09/31","15yr",,,,,"2972664.05",,,,,,""
"2021-08-11","'31307VH25'","MBS","FHLMCGLD 2.5% 01/33","15yr",,,,,"2970171.39",,,,,,""
"2021-08-11","'3128MFGJ1'","MBS","FHLMCGLD 3.5% 04/32","15yr",,,,,"2969762.67",,,,,,""
"2021-08-11","'3138EMN56'","MBS","UMBS MORTPASS 3% 10/27","15yr",,,,,"2969374.11",,,,,,""
"2021-08-11","'3140LP2D3'","MBS","UMBS MORTPASS 2.5% 05/51","30yr",,,,,"2969349.49",,,,,,""
"2021-08-11","'3133AMKN5'","MBS","UMBS MORTPASS 2% 06/51","30yr",,,,,"2969145.68",,,,,,""
"2021-08-11","'36230T3B6'","MBS","GNMA I MORTPASS 3% 05/43","30yr",,,,,"2968476.02",,,,,,""
"2021-08-11","'3140X4TL0'","MBS","UMBS MORTPASS 2.5% 09/28","15yr",,,,,"2967805.75",,,,,,""
"2021-08-11","'3138EJH43'","MBS","UMBS MORTPASS 3.5% 10/26","15yr",,,,,"2966427.28",,,,,,""
"2021-08-11","'3140L2DS9'","MBS","UMBS MORTPASS 2% 02/51","30yr",,,,,"2966408.61",,,,,,""
"2021-08-11","'3138ERQ78'","MBS","UMBS MORTPASS 2% 08/26","Other",,,,,"2964546.04",,,,,,""
"2021-08-11","'3140HHGG4'","MBS","UMBS MORTPASS 3.5% 04/48","30yr",,,,,"2964219.08",,,,,,""
"2021-08-11","'3133KHCP9'","MBS","UMBS MORTPASS 3.5% 12/49","30yr",,,,,"2962798.47",,,,,,""
"2021-08-11","'3140GWQT3'","MBS","UMBS MORTPASS 3.5% 10/47","30yr",,,,,"2962524.81",,,,,,""
"2021-08-11","'3140KWDC9'","MBS","UMBS MORTPASS 2.5% 12/50","30yr",,,,,"2961963.17",,,,,,""
"2021-08-11","'3133A7NE5'","MBS","UMBS MORTPASS 2% 07/50","30yr",,,,,"2961730.44",,,,,,""
"2021-08-11","'31307UPQ5'","MBS","FHLMCGLD 2.5% 09/32","15yr",,,,,"2961270.88",,,,,,""
"2021-08-11","'3138MJHS1'","MBS","UMBS MORTPASS 2.5% 01/28","15yr",,,,,"2960729.45",,,,,,""
"2021-08-11","'3140X83S4'","MBS","UMBS MORTPASS 2% 12/50","30yr",,,,,"2959778.23",,,,,,""
"2021-08-11","'3140L6JV7'","MBS","UMBS MORTPASS 1.5% 05/36","15yr",,,,,"2959268.88",,,,,,""
"2021-08-11","'3133AFZV6'","MBS","UMBS MORTPASS 2% 01/51","30yr",,,,,"2958153.64",,,,,,""
"2021-08-11","'3140X8LB1'","MBS","UMBS MORTPASS 1.5% 11/50","30yr",,,,,"2957249.08",,,,,,""
"2021-08-11","'3133AN5P5'","MBS","UMBS MORTPASS 2% 07/51","30yr",,,,,"2957027",,,,,,""
"2021-08-11","'3138W7VG6'","MBS","UMBS MORTPASS 3.5% 03/43","30yr",,,,,"2956845.3",,,,,,""
"2021-08-11","'3138WTJT4'","MBS","UMBS MORTPASS 3% 06/43","30yr",,,,,"2955311.28",,,,,,""
"2021-08-11","'3138X5AR8'","MBS","UMBS MORTPASS 3.5% 08/43","30yr",,,,,"2953985.34",,,,,,""
"2021-08-11","'3138XKSU9'","MBS","UMBS MORTPASS 3% 01/29","15yr",,,,,"2952040.56",,,,,,""
"2021-08-11","'3140HJW49'","MBS","UMBS MORTPASS 3.5% 06/48","30yr",,,,,"2951957.74",,,,,,""
"2021-08-11","'3133LPSH1'","MBS","UMBS MORTPASS 2.5% 02/30","Other",,,,,"2951821.91",,,,,,""
"2021-08-11","'3140KBRQ9'","MBS","UMBS MORTPASS 2.5% 06/50","30yr",,,,,"2950328.55",,,,,,""
"2021-08-11","'3128ME6Z9'","MBS","FHLMCGLD 2.5% 02/32","15yr",,,,,"2950071.89",,,,,,""
"2021-08-11","'3140HNUX8'","MBS","UMBS MORTPASS 4% 07/48","30yr",,,,,"2949991.4",,,,,,""
"2021-08-11","'3133AA6B3'","MBS","UMBS MORTPASS 1.5% 10/50","30yr",,,,,"2949843.25",,,,,,""
"2021-08-11","'3140LN5L7'","MBS","UMBS MORTPASS 2% 05/51","30yr",,,,,"2949252.65",,,,,,""
"2021-08-11","'3140JL2Z6'","MBS","UMBS MORTPASS 3% 03/49","30yr",,,,,"2949198.76",,,,,,""
"2021-08-11","'3138WVYA3'","MBS","UMBS MORTPASS 4% 07/43","30yr",,,,,"2948398.68",,,,,,""
"2021-08-11","'3140JWBA7'","MBS","UMBS MORTPASS 2.5% 07/34","15yr",,,,,"2947224.64",,,,,,""
"2021-08-11","'3140JG3Y9'","MBS","UMBS MORTPASS 3% 03/50","30yr",,,,,"2945319.94",,,,,,""
"2021-08-11","'3133A7CC1'","MBS","UMBS MORTPASS 2.5% 07/50","30yr",,,,,"2943400.98",,,,,,""
"2021-08-11","'3620A8C76'","MBS","GNMA I MORTPASS 3% 01/43","30yr",,,,,"2943374.52",,,,,,""
"2021-08-11","'3140FHZV2'","MBS","UMBS MORTPASS 2.5% 11/31","15yr",,,,,"2943089.58",,,,,,""
"2021-08-11","'31346YXW8'","MBS","UMBS MORTPASS 3% 12/49","30yr",,,,,"2940469.71",,,,,,""
"2021-08-11","'31418CTC8'","MBS","UMBS MORTPASS 2.5% 01/33","15yr",,,,,"2940272.56",,,,,,""
"2021-08-11","'3133AAPZ9'","MBS","UMBS MORTPASS 2% 10/50","30yr",,,,,"2939510.95",,,,,,""
"2021-08-11","'31418CD76'","MBS","UMBS MORTPASS 4.5% 11/46","30yr",,,,,"2939316.02",,,,,,""
"2021-08-11","'3133AMF35'","MBS","UMBS MORTPASS 2.5% 06/51","30yr",,,,,"2939245.27",,,,,,""
"2021-08-11","'3140KBKF0'","MBS","UMBS MORTPASS 2.5% 03/50","30yr",,,,,"2938423.43",,,,,,""
"2021-08-11","'3133KLPD3'","MBS","UMBS MORTPASS 2.5% 03/51","30yr",,,,,"2938177.84",,,,,,""
"2021-08-11","'36296V7A0'","MBS","GNMA I MORTPASS 4% 03/39","30yr",,,,,"2936967.99",,,,,,""
"2021-08-11","'3140JLZR8'","MBS","UMBS MORTPASS 3.5% 02/49","30yr",,,,,"2936602.05",,,,,,""
"2021-08-11","'3131X8BZ8'","MBS","UMBS MORTPASS 2.5% 10/27","15yr",,,,,"2933593.73",,,,,,""
"2021-08-11","'3133A9R49'","MBS","UMBS MORTPASS 2% 09/50","30yr",,,,,"2933096.37",,,,,,""
"2021-08-11","'3131X6Z29'","MBS","UMBS MORTPASS 3% 08/26","15yr",,,,,"2930726.21",,,,,,""
"2021-08-11","'3140K3BZ4'","MBS","UMBS MORTPASS 2% 01/35","15yr",,,,,"2929624.37",,,,,,""
"2021-08-11","'31346YKY8'","MBS","UMBS MORTPASS 3% 11/49","30yr",,,,,"2929487.25",,,,,,""
"2021-08-11","'3133AKB25'","MBS","UMBS MORTPASS 2% 04/51","30yr",,,,,"2928980.68",,,,,,""
"2021-08-11","'3133GC6V9'","MBS","UMBS MORTPASS 1.5% 04/36","15yr",,,,,"2928937.64",,,,,,""
"2021-08-11","'31417GXB7'","MBS","UMBS MORTPASS 3.5% 06/43","30yr",,,,,"2925790.34",,,,,,""
"2021-08-11","'3133A2GY0'","MBS","UMBS 3.5%","30yr",,,,,"2925646.72",,,,,,""
"2021-08-11","'3140KKTR5'","MBS","UMBS MORTPASS 2.5% 10/50","30yr",,,,,"2921356.83",,,,,,""
"2021-08-11","'3131YDNB6'","MBS","UMBS MORTPASS 2.5% 06/49","30yr",,,,,"2920759.12",,,,,,""
"2021-08-11","'3140JRAF8'","MBS","UMBS MORTPASS 4% 03/49","30yr",,,,,"2919781.8",,,,,,""
"2021-08-11","'3140Q9WH2'","MBS","UMBS MORTPASS 3% 03/48","30yr",,,,,"2919418.01",,,,,,""
"2021-08-11","'3140K3V82'","MBS","UMBS MORTPASS 2.5% 04/50","30yr",,,,,"2918240.5",,,,,,""
"2021-08-11","'3133AMNJ1'","MBS","UMBS MORTPASS 2% 06/51","30yr",,,,,"2916030.71",,,,,,""
"2021-08-11","'3133AGJB6'","MBS","UMBS MORTPASS 1.5% 02/51","30yr",,,,,"2915892.66",,,,,,""
"2021-08-11","'3133A2TF7'","MBS","UMBS MORTPASS 2.5% 03/50","30yr",,,,,"2915818.81",,,,,,""
"2021-08-11","'3140L8J84'","MBS","UMBS MORTPASS 2% 04/51","30yr",,,,,"2914320.51",,,,,,""
"2021-08-11","'3131YBJV1'","MBS","UMBS MORTPASS 4% 04/49","30yr",,,,,"2913590.47",,,,,,""
"2021-08-11","'3140LUK91'","MBS","UMBS MORTPASS 2.5% 06/51","30yr",,,,,"2913346",,,,,,""
"2021-08-11","'3138MP4N2'","MBS","UMBS MORTPASS 3% 01/43","30yr",,,,,"2912376.06",,,,,,""
"2021-08-11","'3140JPUW3'","MBS","UMBS MORTPASS 2% 01/51","30yr",,,,,"2911306.68",,,,,,""
"2021-08-11","'3140KAC38'","MBS","UMBS MORTPASS 3% 04/50","30yr",,,,,"2910755.28",,,,,,""
"2021-08-11","'3140F2PQ7'","MBS","UMBS MORTPASS 2.5% 05/31","15yr",,,,,"2905893.8",,,,,,""
"2021-08-11","'3133G7WS8'","MBS","UMBS MORTPASS 2% 02/35","15yr",,,,,"2904846.81",,,,,,""
"2021-08-11","'3133KLAZ0'","MBS","UMBS MORTPASS 1.5% 02/51","30yr",,,,,"2904828.05",,,,,,""
"2021-08-11","'3140F24B3'","MBS","UMBS MORTPASS 2.5% 06/31","15yr",,,,,"2904736.02",,,,,,""
"2021-08-11","'3133AEZQ0'","MBS","UMBS MORTPASS 2.5% 01/51","30yr",,,,,"2901018.75",,,,,,""
"2021-08-11","'3140X8ZU4'","MBS","UMBS MORTPASS 2% 12/50","30yr",,,,,"2900983.64",,,,,,""
"2021-08-11","'3140K1HF6'","MBS","UMBS MORTPASS 3.5% 09/49","30yr",,,,,"2900041.01",,,,,,""
"2021-08-11","'3133GB4V3'","MBS","UMBS MORTPASS 2% 01/36","15yr",,,,,"2900020.13",,,,,,""
"2021-08-11","'31307WGT5'","MBS","FHLMCGLD 3.5% 07/33","15yr",,,,,"2899300.38",,,,,,""
"2021-08-11","'31334XKG3'","MBS","UMBS MORTPASS 3% 07/49","30yr",,,,,"2899061.66",,,,,,""
"2021-08-11","'3140L44D8'","MBS","UMBS MORTPASS 1.5% 03/51","30yr",,,,,"2898921.94",,,,,,""
"2021-08-11","'3138MAK64'","MBS","UMBS MORTPASS 3.5% 08/42","30yr",,,,,"2896752.63",,,,,,""
"2021-08-11","'3140HFEA3'","MBS","UMBS MORTPASS 3% 02/33","15yr",,,,,"2895998.22",,,,,,""
"2021-08-11","'3140JVV74'","MBS","UMBS MORTPASS 3.5% 07/49","30yr",,,,,"2894861.26",,,,,,""
"2021-08-11","'3140HJX89'","MBS","UMBS MORTPASS 4% 08/48","30yr",,,,,"2891043.03",,,,,,""
"2021-08-11","'3140GVQZ1'","MBS","UMBS MORTPASS 3% 09/32","15yr",,,,,"2890452.62",,,,,,""
"2021-08-11","'3140HNXH0'","MBS","UMBS MORTPASS 3.5% 07/33","15yr",,,,,"2886674.31",,,,,,""
"2021-08-11","'3140JUZD9'","MBS","UMBS MORTPASS 3.5% 06/49","30yr",,,,,"2884305.16",,,,,,""
"2021-08-11","'3133A0ER1'","MBS","UMBS MORTPASS 2.5% 12/49","30yr",,,,,"2883865.84",,,,,,""
"2021-08-11","'3133AFQC8'","MBS","UMBS MORTPASS 1.5% 02/51","30yr",,,,,"2883736.65",,,,,,""
"2021-08-11","'3132A7ZH7'","MBS","UMBS MORTPASS 2.5% 10/24","Other",,,,,"2883708.02",,,,,,""
"2021-08-11","'3140HPC39'","MBS","UMBS MORTPASS 4.5% 01/49","30yr",,,,,"2882031.04",,,,,,""
"2021-08-11","'3138ERFS4'","MBS","UMBS MORTPASS 2.5% 09/31","15yr",,,,,"2881895.83",,,,,,""
"2021-08-11","'3138MQH55'","MBS","UMBS MORTPASS 2.5% 01/28","15yr",,,,,"2881535.17",,,,,,""
"2021-08-11","'3140X9XT7'","MBS","UMBS MORTPASS 2% 02/36","15yr",,,,,"2881305.66",,,,,,""
"2021-08-11","'31329KXP4'","MBS","UMBS MORTPASS 3% 12/37","Other",,,,,"2880957.67",,,,,,""
"2021-08-11","'3140JYGZ3'","MBS","UMBS MORTPASS 3% 08/49","30yr",,,,,"2880887.49",,,,,,""
"2021-08-11","'3140L7DK5'","MBS","UMBS MORTPASS 2% 05/36","15yr",,,,,"2879301.45",,,,,,""
"2021-08-11","'3138WDU66'","MBS","UMBS MORTPASS 2.5% 01/30","15yr",,,,,"2879182.62",,,,,,""
"2021-08-11","'3128MDM34'","MBS","FHLMCGLD 4% 12/26","15yr",,,,,"2878356.44",,,,,,""
"2021-08-11","'3140K4PN4'","MBS","UMBS MORTPASS 3.5% 01/50","30yr",,,,,"2877807.75",,,,,,""
"2021-08-11","'3140JPE35'","MBS","UMBS MORTPASS 3.5% 06/49","30yr",,,,,"2877458.06",,,,,,""
"2021-08-11","'3140K2C69'","MBS","UMBS MORTPASS 3% 12/49","30yr",,,,,"2876035.72",,,,,,""
"2021-08-11","'3140KCKS0'","MBS","UMBS MORTPASS 3% 04/50","30yr",,,,,"2875771.64",,,,,,""
"2021-08-11","'3140HDRP1'","MBS","UMBS MORTPASS 3% 11/49","30yr",,,,,"2875740",,,,,,""
"2021-08-11","'31418DNB4'","MBS","UMBS MORTPASS 3% 04/35","15yr",,,,,"2875410.16",,,,,,""
"2021-08-11","'31418DM74'","MBS","UMBS MORTPASS 2.5% 04/30","Other",,,,,"2874984.98",,,,,,""
"2021-08-11","'3128M8RH9'","MBS","FHLMCGLD 6.5% 04/39","30yr",,,,,"2869327.61",,,,,,"Y"
"2021-08-11","'3140X6ZB0'","MBS","UMBS MORTPASS 3% 02/49","30yr",,,,,"2868413.81",,,,,,""
"2021-08-11","'3140L1L45'","MBS","UMBS MORTPASS 2% 03/36","15yr",,,,,"2867757.47",,,,,,""
"2021-08-11","'3133A0AK0'","MBS","UMBS MORTPASS 3% 12/49","30yr",,,,,"2867196.26",,,,,,""
"2021-08-11","'36181D6U5'","MBS","GNMA I MORTPASS 3% 05/43","30yr",,,,,"2866159.32",,,,,,""
"2021-08-11","'3132A9NC7'","MBS","UMBS MORTPASS 2% 05/28","15yr",,,,,"2864768.07",,,,,,""
"2021-08-11","'31418DEH1'","MBS","UMBS MORTPASS 3% 08/29","Other",,,,,"2861776.67",,,,,,""
"2021-08-11","'3132DMEL5'","MBS","UMBS MORTPASS 3.5% 11/49","30yr",,,,,"2861369.07",,,,,,""
"2021-08-11","'31418CEY6'","MBS","UMBS MORTPASS 3% 12/26","Other",,,,,"2861309.05",,,,,,""
"2021-08-11","'3140JNBX7'","MBS","UMBS MORTPASS 4% 01/49","30yr",,,,,"2859704.62",,,,,,""
"2021-08-11","'3132KFSQ6'","MBS","FHLMCGLD 2.5% 12/31","15yr",,,,,"2858419.22",,,,,,""
"2021-08-11","'3133A2AE0'","MBS","UMBS 3.5%","30yr",,,,,"2857978.1",,,,,,""
"2021-08-11","'31307WR97'","MBS","FHLMCGLD 3.5% 09/33","15yr",,,,,"2855653.95",,,,,,""
"2021-08-11","'3140KJA72'","MBS","UMBS MORTPASS 2.5% 07/50","30yr",,,,,"2853213.22",,,,,,""
"2021-08-11","'3140F7EZ8'","MBS","UMBS MORTPASS 2.5% 05/31","15yr",,,,,"2852028.8",,,,,,""
"2021-08-11","'3133GBWU4'","MBS","UMBS MORTPASS 1.5% 02/36","15yr",,,,,"2851000.57",,,,,,""
"2021-08-11","'31418ATB4'","MBS","UMBS MORTPASS 2% 05/28","15yr",,,,,"2850420.28",,,,,,""
"2021-08-11","'3140KFLC7'","MBS","UMBS MORTPASS 2% 11/50","30yr",,,,,"2848237.16",,,,,,""
"2021-08-11","'3133A9B95'","MBS","UMBS MORTPASS 2% 08/50","30yr",,,,,"2847017.69",,,,,,""
"2021-08-11","'3133A24V9'","MBS","UMBS MORTPASS 3% 03/50","30yr",,,,,"2846846.41",,,,,,""
"2021-08-11","'3140JL2W3'","MBS","UMBS MORTPASS 3.5% 03/49","30yr",,,,,"2846166.55",,,,,,""
"2021-08-11","'3133G9N21'","MBS","UMBS MORTPASS 2% 08/35","15yr",,,,,"2844878.49",,,,,,""
"2021-08-11","'3140L8LR9'","MBS","UMBS MORTPASS 2.5% 05/51","30yr",,,,,"2843671.05",,,,,,""
"2021-08-11","'3133AGFM6'","MBS","UMBS MORTPASS 2% 11/50","30yr",,,,,"2843441.99",,,,,,""
"2021-08-11","'36202FFT8'","MBS","GNMA II 4.5% 04/40","30yr",,,,,"2841874.08",,,,,,""
"2021-08-11","'3128MJZK9'","MBS","FHLMCGLD 4.5% 01/47","30yr",,,,,"2841688.48",,,,,,""
"2021-08-11","'3133AG3X5'","MBS","UMBS MORTPASS 2% 03/51","30yr",,,,,"2841113.23",,,,,,""
"2021-08-11","'3133KKHY8'","MBS","UMBS MORTPASS 2.5% 10/50","30yr",,,,,"2840331.66",,,,,,""
"2021-08-11","'31346YM83'","MBS","UMBS MORTPASS 3% 12/49","30yr",,,,,"2840216.28",,,,,,""
"2021-08-11","'3140X8AZ0'","MBS","UMBS MORTPASS 2% 10/50","30yr",,,,,"2837436.44",,,,,,""
"2021-08-11","'3131Y1P46'","MBS","UMBS MORTPASS 4.5% 06/48","30yr",,,,,"2835989",,,,,,""
"2021-08-11","'3132A9QQ3'","MBS","UMBS MORTPASS 3% 04/30","15yr",,,,,"2835796.15",,,,,,""
"2021-08-11","'31307TY39'","MBS","FHLMCGLD 3.5% 05/32","15yr",,,,,"2834099.76",,,,,,""
"2021-08-11","'3140K0G93'","MBS","UMBS MORTPASS 3% 11/34","15yr",,,,,"2833477.49",,,,,,""
"2021-08-11","'3133KKAF6'","MBS","UMBS MORTPASS 2% 10/50","30yr",,,,,"2832046.2",,,,,,""
"2021-08-11","'3140KUEB4'","MBS","UMBS MORTPASS 2% 11/50","30yr",,,,,"2831720.12",,,,,,""
"2021-08-11","'31307FGE5'","MBS","FHLMCGLD 3% 11/28","15yr",,,,,"2831242.67",,,,,,""
"2021-08-11","'31417ARG6'","MBS","UMBS MORTPASS 3% 12/26","15yr",,,,,"2828622.61",,,,,,""
"2021-08-11","'3140Q9WY5'","MBS","UMBS MORTPASS 4% 10/43","30yr",,,,,"2828226.44",,,,,,""
"2021-08-11","'3140HPBG1'","MBS","UMBS MORTPASS 3.5% 10/33","15yr",,,,,"2827861.04",,,,,,""
"2021-08-11","'3140QDSM7'","MBS","UMBS MORTPASS 3% 05/35","15yr",,,,,"2825755.87",,,,,,""
"2021-08-11","'3140Q9LP6'","MBS","UMBS MORTPASS 3% 07/33","15yr",,,,,"2822713.64",,,,,,""
"2021-08-11","'3133GDJZ4'","MBS","UMBS MORTPASS 1.5% 06/36","15yr",,,,,"2821807.71",,,,,,""
"2021-08-11","'3133A2FP0'","MBS","UMBS MORTPASS 3% 02/50","30yr",,,,,"2821417.96",,,,,,""
"2021-08-11","'31417GG42'","MBS","UMBS MORTPASS 2.5% 05/28","15yr",,,,,"2820432.94",,,,,,""
"2021-08-11","'3138EGWP5'","MBS","UMBS MORTPASS 5.5% 05/39","30yr",,,,,"2819602.3",,,,,,"Y"
"2021-08-11","'31334YDL8'","MBS","UMBS MORTPASS 3.5% 08/49","30yr",,,,,"2819534.47",,,,,,""
"2021-08-11","'3140KUF98'","MBS","UMBS MORTPASS 2% 11/35","15yr",,,,,"2817583.9",,,,,,""
"2021-08-11","'31307WJ21'","MBS","FHLMCGLD 3% 07/33","15yr",,,,,"2816807.78",,,,,,""
"2021-08-11","'3140L3C82'","MBS","UMBS MORTPASS 1.5% 04/36","15yr",,,,,"2815839.8",,,,,,""
"2021-08-11","'3133GDSS0'","MBS","UMBS MORTPASS 1.5% 07/36","15yr",,,,,"2815655.06",,,,,,""
"2021-08-11","'3140QGD46'","MBS","UMBS MORTPASS 1.5% 12/50","30yr",,,,,"2815208.59",,,,,,""
"2021-08-11","'3138YJE77'","MBS","UMBS MORTPASS 3.5% 08/46","30yr",,,,,"2812726.06",,,,,,""
"2021-08-11","'31307NXC3'","MBS","FHLMCGLD 2.5% 08/30","15yr",,,,,"2812087.84",,,,,,""
"2021-08-11","'3133GDAE0'","MBS","UMBS MORTPASS 1.5% 05/36","15yr",,,,,"2811744.01",,,,,,""
"2021-08-11","'3140HPAR8'","MBS","UMBS MORTPASS 3% 09/33","15yr",,,,,"2811207.36",,,,,,""
"2021-08-11","'36202FQ74'","MBS","GNMA II 4.5% 03/41","30yr",,,,,"2807850.17",,,,,,""
"2021-08-11","'3133L7R66'","MBS","UMBS MORTPASS 3% 01/33","15yr",,,,,"2806414.94",,,,,,""
"2021-08-11","'3140HFLE7'","MBS","UMBS MORTPASS 3% 01/50","30yr",,,,,"2805701.92",,,,,,""
"2021-08-11","'3140LRYZ5'","MBS","UMBS MORTPASS 2.5% 06/51","30yr",,,,,"2805264.44",,,,,,""
"2021-08-11","'36296WA71'","MBS","GNMA I 4.5% 06/39","30yr",,,,,"2805055.08",,,,,,""
"2021-08-11","'3132CWAW4'","MBS","UMBS MORTPASS 2.5% 06/34","15yr",,,,,"2804421.12",,,,,,""
"2021-08-11","'31418AHR2'","MBS","UMBS MORTPASS 2.5% 08/22","Other",,,,,"2804205.27",,,,,,""
"2021-08-11","'3138MBVY9'","MBS","UMBS MORTPASS 2.5% 09/27","15yr",,,,,"2802701.9",,,,,,""
"2021-08-11","'3133KGX60'","MBS","UMBS MORTPASS 3.5% 08/49","30yr",,,,,"2802663.22",,,,,,""
"2021-08-11","'3133ABFK1'","MBS","UMBS MORTPASS 2% 09/50","30yr",,,,,"2800089.43",,,,,,""
"2021-08-11","'3132JAHF5'","MBS","FHLMCGLD 3.5% 06/43","30yr",,,,,"2797356.77",,,,,,""
"2021-08-11","'3133AFZB0'","MBS","UMBS MORTPASS 1.5% 01/51","30yr",,,,,"2797003.82",,,,,,""
"2021-08-11","'3138WFTU0'","MBS","UMBS MORTPASS 2.5% 10/30","15yr",,,,,"2796662.47",,,,,,""
"2021-08-11","'3133G8YC9'","MBS","UMBS MORTPASS 2% 06/35","15yr",,,,,"2796257.19",,,,,,""
"2021-08-11","'3140JVR87'","MBS","UMBS MORTPASS 3.5% 09/49","30yr",,,,,"2795872.28",,,,,,""
"2021-08-11","'3133AN4L5'","MBS","UMBS MORTPASS 2% 07/51","30yr",,,,,"2795357",,,,,,""
"2021-08-11","'3132WLU53'","MBS","FHLMCGLD 4.5% 03/47","30yr",,,,,"2795325.65",,,,,,""
"2021-08-11","'3620A8CM3'","MBS","GNMA I MORTPASS 3% 02/43","30yr",,,,,"2792772.5",,,,,,""
"2021-08-11","'31307T6Z9'","MBS","FHLMCGLD 2.5% 06/32","15yr",,,,,"2791111.79",,,,,,""
"2021-08-11","'3140K7JE4'","MBS","UMBS MORTPASS 2.5% 12/34","15yr",,,,,"2790803.21",,,,,,""
"2021-08-11","'3138W6QM1'","MBS","UMBS MORTPASS 3% 04/27","15yr",,,,,"2789932.45",,,,,,""
"2021-08-11","'31307RSN6'","MBS","FHLMCGLD 2.5% 08/31","15yr",,,,,"2789144.49",,,,,,""
"2021-08-11","'3140HJ2Q3'","MBS","UMBS MORTPASS 4% 06/48","30yr",,,,,"2788780.41",,,,,,""
"2021-08-11","'3133ANLD4'","MBS","UMBS MORTPASS 2.5% 07/51","30yr",,,,,"2788501",,,,,,""
"2021-08-11","'36297GMM9'","MBS","GNMA I MORTPASS 5% 10/39","30yr",,,,,"2788096.21",,,,,,""
"2021-08-11","'3138WJSG4'","MBS","UMBS MORTPASS 2.5% 01/27","Other",,,,,"2787991.69",,,,,,""
"2021-08-11","'3140HK3A4'","MBS","UMBS MORTPASS 4% 11/48","30yr",,,,,"2786231.52",,,,,,""
"2021-08-11","'31339UVV9'","MBS","UMBS MORTPASS 3% 10/49","30yr",,,,,"2785670.16",,,,,,""
"2021-08-11","'3138M4LA8'","MBS","UMBS MORTPASS 2.5% 09/27","15yr",,,,,"2784647.7",,,,,,""
"2021-08-11","'3138W1H91'","MBS","UMBS MORTPASS 3% 02/43","30yr",,,,,"2782354.74",,,,,,""
"2021-08-11","'31334WMM0'","MBS","UMBS MORTPASS 4% 06/49","30yr",,,,,"2781702.24",,,,,,""
"2021-08-11","'3133AGBJ7'","MBS","UMBS MORTPASS 2.5% 02/51","30yr",,,,,"2781072.23",,,,,,""
"2021-08-11","'3140K7PN7'","MBS","UMBS MORTPASS 3.5% 03/50","30yr",,,,,"2780572.02",,,,,,""
"2021-08-11","'3140KUYV8'","MBS","UMBS MORTPASS 2% 11/35","15yr",,,,,"2780536.58",,,,,,""
"2021-08-11","'3140JQYE7'","MBS","UMBS MORTPASS 4.5% 06/49","30yr",,,,,"2778728.55",,,,,,""
"2021-08-11","'3133AK5T3'","MBS","UMBS MORTPASS 2.5% 05/51","30yr",,,,,"2777904.66",,,,,,""
"2021-08-11","'31307SPS6'","MBS","FHLMCGLD 2.5% 12/31","15yr",,,,,"2777523.76",,,,,,""
"2021-08-11","'3140KMDF4'","MBS","UMBS MORTPASS 2% 09/50","30yr",,,,,"2777321.41",,,,,,""
"2021-08-11","'31418B5D4'","MBS","UMBS MORTPASS 3% 06/36","Other",,,,,"2776864.62",,,,,,""
"2021-08-11","'31410K5K6'","MBS","UMBS MORTPASS 6.5% 11/38","30yr",,,,,"2776305.21",,,,,,""
"2021-08-11","'3138EKLX1'","MBS","UMBS MORTPASS 2% 02/28","15yr",,,,,"2773960.78",,,,,,""
"2021-08-11","'3138M0NP1'","MBS","UMBS MORTPASS 2.5% 06/27","15yr",,,,,"2772172.43",,,,,,""
"2021-08-11","'3140K35S7'","MBS","UMBS MORTPASS 1.5% 04/36","15yr",,,,,"2770853.64",,,,,,""
"2021-08-11","'3133HMED7'","MBS","UMBS MORTPASS 2% 12/30","Other",,,,,"2770685.91",,,,,,""
"2021-08-11","'3133KKGG8'","MBS","UMBS MORTPASS 2.5% 10/50","30yr",,,,,"2770569.87",,,,,,""
"2021-08-11","'31417BPM3'","MBS","UMBS MORTPASS 3% 04/27","15yr",,,,,"2770297.39",,,,,,""
"2021-08-11","'36176H2R4'","MBS","GNMA I MORTPASS 3% 10/42","30yr",,,,,"2769848.01",,,,,,""
"2021-08-11","'3140FNYA6'","MBS","UMBS MORTPASS 3% 01/32","15yr",,,,,"2769135.4",,,,,,""
"2021-08-11","'3132J8HK9'","MBS","FHLMCGLD 3% 04/43","30yr",,,,,"2768954.8",,,,,,""
"2021-08-11","'3133AK5S5'","MBS","UMBS MORTPASS 2% 05/51","30yr",,,,,"2766750.99",,,,,,""
"2021-08-11","'3133ACRV2'","MBS","UMBS MORTPASS 2% 12/50","30yr",,,,,"2766312.67",,,,,,""
"2021-08-11","'3140KGRJ4'","MBS","UMBS MORTPASS 3% 06/50","30yr",,,,,"2766061.77",,,,,,""
"2021-08-11","'3132AC2M1'","MBS","UMBS MORTPASS 2.5% 01/30","15yr",,,,,"2765810.57",,,,,,""
"2021-08-11","'31307EHY3'","MBS","FHLMCGLD 3% 09/28","15yr",,,,,"2764047.98",,,,,,""
"2021-08-11","'3140L3Q61'","MBS","UMBS MORTPASS 2% 02/51","30yr",,,,,"2763898.18",,,,,,""
"2021-08-11","'3140K4L99'","MBS","UMBS MORTPASS 2% 04/35","15yr",,,,,"2763809.78",,,,,,""
"2021-08-11","'3138LSLX6'","MBS","UMBS MORTPASS 3.5% 05/42","30yr",,,,,"2762763.7",,,,,,""
"2021-08-11","'3138E9W71'","MBS","UMBS MORTPASS 3% 04/27","15yr",,,,,"2762716.79",,,,,,""
"2021-08-11","'3140JRHL8'","MBS","UMBS MORTPASS 4.5% 09/49","30yr",,,,,"2761519.49",,,,,,""
"2021-08-11","'3132WLBW5'","MBS","FHLMCGLD 3.5% 02/47","30yr",,,,,"2760927.48",,,,,,""
"2021-08-11","'3138W9CB4'","MBS","UMBS MORTPASS 2% 08/23","Other",,,,,"2759817.38",,,,,,""
"2021-08-11","'31334XU80'","MBS","UMBS MORTPASS 4% 07/49","30yr",,,,,"2759342.19",,,,,,""
"2021-08-11","'3133G6VW2'","MBS","UMBS MORTPASS 3% 09/34","15yr",,,,,"2756993.97",,,,,,""
"2021-08-11","'3138X0ZC5'","MBS","UMBS MORTPASS 3% 07/28","15yr",,,,,"2756502.2",,,,,,""
"2021-08-11","'3138ATNG1'","MBS","UMBS MORTPASS 4% 10/41","30yr",,,,,"2755423.89",,,,,,""
"2021-08-11","'3133GCSV5'","MBS","UMBS MORTPASS 1.5% 04/36","15yr",,,,,"2754069.91",,,,,,""
"2021-08-11","'3140J8FS7'","MBS","UMBS MORTPASS 2.5% 04/28","Other",,,,,"2753899.01",,,,,,""
"2021-08-11","'3133KGX94'","MBS","UMBS MORTPASS 3.5% 10/49","30yr",,,,,"2753857.72",,,,,,""
"2021-08-11","'3138MJK24'","MBS","UMBS MORTPASS 2.5% 03/43","30yr",,,,,"2753165.53",,,,,,""
"2021-08-11","'3138Y8UU2'","MBS","UMBS MORTPASS 2.5% 11/29","15yr",,,,,"2752422.03",,,,,,""
"2021-08-11","'3138AXGX3'","MBS","UMBS MORTPASS 3% 02/27","15yr",,,,,"2751766.38",,,,,,""
"2021-08-11","'3140F9AK1'","MBS","UMBS MORTPASS 2.5% 07/31","15yr",,,,,"2751429.37",,,,,,""
"2021-08-11","'3132JAV28'","MBS","FHLMCGLD 3% 06/43","30yr",,,,,"2749425.84",,,,,,""
"2021-08-11","'3138MK3Q7'","MBS","UMBS MORTPASS 3.5% 10/42","30yr",,,,,"2749136.98",,,,,,""
"2021-08-11","'3140HKCC0'","MBS","UMBS MORTPASS 3% 05/33","15yr",,,,,"2748376.61",,,,,,""
"2021-08-11","'3140JWVA5'","MBS","UMBS MORTPASS 2.5% 08/34","15yr",,,,,"2747414.21",,,,,,""
"2021-08-11","'3131X7PJ1'","MBS","UMBS MORTPASS 3% 04/27","15yr",,,,,"2746843.75",,,,,,""
"2021-08-11","'3133A1LW0'","MBS","UMBS MORTPASS 2.5% 01/45","30yr",,,,,"2746000.88",,,,,,""
"2021-08-11","'3133G7KT9'","MBS","UMBS MORTPASS 3% 12/34","15yr",,,,,"2745898.12",,,,,,""
"2021-08-11","'3132JA4Q5'","MBS","FHLMCGLD 3.5% 06/43","30yr",,,,,"2744922.41",,,,,,""
"2021-08-11","'3140KEEC8'","MBS","UMBS MORTPASS 2% 06/35","15yr",,,,,"2744466.42",,,,,,""
"2021-08-11","'31307SLU5'","MBS","FHLMCGLD 2% 11/31","15yr",,,,,"2744116.17",,,,,,""
"2021-08-11","'3132A76N6'","MBS","UMBS MORTPASS 2.5% 10/28","15yr",,,,,"2742032.1",,,,,,""
"2021-08-11","'3131XYVT3'","MBS","UMBS MORTPASS 4.5% 12/47","30yr",,,,,"2740429.01",,,,,,""
"2021-08-11","'3133A3AN8'","MBS","UMBS MORTPASS 3% 03/50","30yr",,,,,"2739956.5",,,,,,""
"2021-08-11","'3140X5FA6'","MBS","UMBS MORTPASS 4% 05/49","30yr",,,,,"2736392.29",,,,,,""
"2021-08-11","'36179NF52'","MBS","GNMA II 2.5% 06/43","30yr",,,,,"2733294.15",,,,,,""
"2021-08-11","'3138XB5U4'","MBS","UMBS MORTPASS 4% 10/43","30yr",,,,,"2733106.36",,,,,,""
"2021-08-11","'3138E8YW6'","MBS","UMBS MORTPASS 3% 05/42","30yr",,,,,"2732561.05",,,,,,""
"2021-08-11","'3138MRMU2'","MBS","UMBS MORTPASS 2% 01/28","15yr",,,,,"2732047.99",,,,,,""
"2021-08-11","'3131Y1F54'","MBS","UMBS MORTPASS 4.5% 05/48","30yr",,,,,"2731955",,,,,,""
"2021-08-11","'3140QF3E7'","MBS","UMBS MORTPASS 2% 12/50","30yr",,,,,"2731583.42",,,,,,""
"2021-08-11","'3140H2CM8'","MBS","UMBS MORTPASS 2.5% 11/32","15yr",,,,,"2730716.41",,,,,,""
"2021-08-11","'3140HJZA2'","MBS","UMBS MORTPASS 4% 05/48","30yr",,,,,"2730519.56",,,,,,""
"2021-08-11","'3138WT2A3'","MBS","UMBS MORTPASS 3% 10/28","15yr",,,,,"2728882.96",,,,,,""
"2021-08-11","'3138WPVE1'","MBS","UMBS MORTPASS 3% 05/43","30yr",,,,,"2727557.17",,,,,,""
"2021-08-11","'3140HKKD9'","MBS","UMBS MORTPASS 2.5% 10/50","30yr",,,,,"2726173.21",,,,,,""
"2021-08-11","'3138X2NF7'","MBS","UMBS MORTPASS 3.5% 07/43","30yr",,,,,"2724258.09",,,,,,""
"2021-08-11","'3133ANAK0'","MBS","UMBS MORTPASS 2% 07/51","30yr",,,,,"2724245",,,,,,""
"2021-08-11","'31307QR82'","MBS","FHLMCGLD 2.5% 04/31","15yr",,,,,"2724027.33",,,,,,""
"2021-08-11","'3131XCFW2'","MBS","UMBS MORTPASS 2% 09/31","15yr",,,,,"2722909.28",,,,,,""
"2021-08-11","'31418DGY2'","MBS","UMBS MORTPASS 3.5% 10/39","Other",,,,,"2721582.91",,,,,,""
"2021-08-11","'3132J7EP3'","MBS","FHLMCGLD 3.5% 03/43","30yr",,,,,"2720383.95",,,,,,""
"2021-08-11","'31339UFX3'","MBS","UMBS MORTPASS 2.5% 10/49","30yr",,,,,"2718846.32",,,,,,""
"2021-08-11","'3138EQLQ3'","MBS","UMBS MORTPASS 2.5% 02/29","15yr",,,,,"2718174",,,,,,""
"2021-08-11","'3140HGWY9'","MBS","UMBS MORTPASS 3% 03/33","15yr",,,,,"2714731.95",,,,,,""
"2021-08-11","'3138WTJU1'","MBS","UMBS MORTPASS 3.5% 06/43","30yr",,,,,"2714468.32",,,,,,""
"2021-08-11","'3140Q7XH5'","MBS","UMBS MORTPASS 3% 11/47","30yr",,,,,"2714333.22",,,,,,""
"2021-08-11","'3138W4T43'","MBS","UMBS MORTPASS 2% 02/28","15yr",,,,,"2714122.4",,,,,,""
"2021-08-11","'36295CFX4'","MBS","GNMA I MORTPASS 3% 11/42","30yr",,,,,"2712676.19",,,,,,""
"2021-08-11","'3128P7RE5'","MBS","FHLMCGLD 4% 08/31","Other",,,,,"2710371.83",,,,,,""
"2021-08-11","'3140KY5L4'","MBS","UMBS MORTPASS 1.5% 04/36","15yr",,,,,"2709393.3",,,,,,""
"2021-08-11","'31417ER52'","MBS","UMBS MORTPASS 2% 01/28","15yr",,,,,"2706766.58",,,,,,""
"2021-08-11","'3140XAW81'","MBS","UMBS MORTPASS 1.5% 04/36","15yr",,,,,"2705778.52",,,,,,""
"2021-08-11","'3131X75M6'","MBS","UMBS MORTPASS 2.5% 09/27","15yr",,,,,"2704135.2",,,,,,""
"2021-08-11","'3133AAKG6'","MBS","UMBS MORTPASS 2% 10/50","30yr",,,,,"2702978.14",,,,,,""
"2021-08-11","'3138XSGT8'","MBS","UMBS MORTPASS 3% 05/29","15yr",,,,,"2702858.69",,,,,,""
"2021-08-11","'3140K3H62'","MBS","UMBS MORTPASS 4% 11/49","30yr",,,,,"2702030.89",,,,,,""
"2021-08-11","'3132A9RX7'","MBS","UMBS MORTPASS 3% 03/31","15yr",,,,,"2702002.95",,,,,,""
"2021-08-11","'31307QTG2'","MBS","FHLMCGLD 3% 04/31","15yr",,,,,"2701964.21",,,,,,""
"2021-08-11","'3140L42B4'","MBS","UMBS MORTPASS 1.5% 03/36","15yr",,,,,"2701734.02",,,,,,""
"2021-08-11","'3132A5J22'","MBS","UMBS MORTPASS 4.5% 07/48","30yr",,,,,"2701533.54",,,,,,""
"2021-08-11","'3140KABK1'","MBS","UMBS MORTPASS 2.5% 05/35","15yr",,,,,"2701517.07",,,,,,""
"2021-08-11","'3133G63R4'","MBS","UMBS MORTPASS 3% 10/34","15yr",,,,,"2701205.47",,,,,,""
"2021-08-11","'3133AMDL7'","MBS","UMBS MORTPASS 2% 05/51","30yr",,,,,"2700397.44",,,,,,""
"2021-08-11","'3132A7XW6'","MBS","UMBS MORTPASS 2.5% 07/29","15yr",,,,,"2700175.73",,,,,,""
"2021-08-11","'3133GCK27'","MBS","UMBS MORTPASS 1.5% 03/36","15yr",,,,,"2699131.23",,,,,,""
"2021-08-11","'3140H6U64'","MBS","UMBS MORTPASS 3% 12/32","15yr",,,,,"2697578.56",,,,,,""
"2021-08-11","'3140KHGV7'","MBS","UMBS MORTPASS 2% 09/35","15yr",,,,,"2697225.96",,,,,,""
"2021-08-11","'3140QANR7'","MBS","UMBS MORTPASS 4.5% 11/48","30yr",,,,,"2696582.85",,,,,,""
"2021-08-11","'3140QBCP1'","MBS","UMBS MORTPASS 4% 03/49","30yr",,,,,"2695540.65",,,,,,""
"2021-08-11","'3133ADS56'","MBS","UMBS MORTPASS 2% 12/50","30yr",,,,,"2693680.94",,,,,,""
"2021-08-11","'3620A8CN1'","MBS","GNMA I MORTPASS 3% 02/43","30yr",,,,,"2693658.25",,,,,,""
"2021-08-11","'3140JYSX5'","MBS","UMBS MORTPASS 3% 08/49","30yr",,,,,"2692969.54",,,,,,""
"2021-08-11","'3140KPGY3'","MBS","UMBS MORTPASS 1.5% 11/35","15yr",,,,,"2692477.78",,,,,,""
"2021-08-11","'3138EHCN0'","MBS","UMBS MORTPASS 5.5% 02/38","30yr",,,,,"2692092.39",,,,,,"Y"
"2021-08-11","'3138XRLG2'","MBS","UMBS MORTPASS 4% 03/44","30yr",,,,,"2691800.28",,,,,,""
"2021-08-11","'31418AM39'","MBS","UMBS MORTPASS 2.5% 12/27","15yr",,,,,"2688565.33",,,,,,""
"2021-08-11","'3133ADJH0'","MBS","UMBS MORTPASS 2% 08/50","30yr",,,,,"2688447.61",,,,,,""
"2021-08-11","'3133KHBF2'","MBS","UMBS MORTPASS 3.5% 08/49","30yr",,,,,"2688442.76",,,,,,""
"2021-08-11","'3132A9QJ9'","MBS","UMBS MORTPASS 2.5% 03/30","15yr",,,,,"2688156.74",,,,,,""
"2021-08-11","'3131X8CA2'","MBS","UMBS MORTPASS 2.5% 10/27","15yr",,,,,"2688121.2",,,,,,""
"2021-08-11","'3131YC2L9'","MBS","UMBS MORTPASS 4% 05/49","30yr",,,,,"2686627.23",,,,,,""
"2021-08-11","'3140L4UW7'","MBS","UMBS MORTPASS 2% 03/51","30yr",,,,,"2685994.53",,,,,,""
"2021-08-11","'31307RMZ5'","MBS","FHLMCGLD 2.5% 07/31","15yr",,,,,"2685957.46",,,,,,""
"2021-08-11","'3140KRVL0'","MBS","UMBS MORTPASS 2.5% 12/50","30yr",,,,,"2685166.58",,,,,,""
"2021-08-11","'31418CF66'","MBS","UMBS MORTPASS 2.5% 01/47","30yr",,,,,"2681743.99",,,,,,""
"2021-08-11","'31418CNG5'","MBS","UMBS MORTPASS 3% 08/32","15yr",,,,,"2681417.58",,,,,,""
"2021-08-11","'3133AGJU4'","MBS","UMBS MORTPASS 2% 03/51","30yr",,,,,"2679268.08",,,,,,""
"2021-08-11","'3140Q8EZ4'","MBS","UMBS MORTPASS 3.5% 01/48","30yr",,,,,"2678871.28",,,,,,""
"2021-08-11","'3133A44Y9'","MBS","UMBS MORTPASS 3% 05/50","30yr",,,,,"2678432.1",,,,,,""
"2021-08-11","'3140LPY55'","MBS","UMBS MORTPASS 2.5% 06/51","30yr",,,,,"2673319.08",,,,,,""
"2021-08-11","'3132J7CG5'","MBS","FHLMCGLD 3.5% 02/43","30yr",,,,,"2672808.52",,,,,,""
"2021-08-11","'3132J7PD8'","MBS","FHLMCGLD 3.5% 03/43","30yr",,,,,"2671981.16",,,,,,""
"2021-08-11","'3138WJR83'","MBS","UMBS MORTPASS 3% 01/32","15yr",,,,,"2671925.25",,,,,,""
"2021-08-11","'31416W6K3'","MBS","UMBS MORTPASS 3% 11/25","15yr",,,,,"2670305.57",,,,,,""
"2021-08-11","'3138AYLN7'","MBS","UMBS MORTPASS 3% 11/26","15yr",,,,,"2670080.1",,,,,,""
"2021-08-11","'3140L6P24'","MBS","UMBS MORTPASS 2% 03/51","30yr",,,,,"2669347.35",,,,,,""
"2021-08-11","'3140JWVB3'","MBS","UMBS MORTPASS 3% 08/34","15yr",,,,,"2669313.4",,,,,,""
"2021-08-11","'3138W4WQ0'","MBS","UMBS MORTPASS 3% 02/43","30yr",,,,,"2668976.13",,,,,,""
"2021-08-11","'3133G6XH3'","MBS","UMBS MORTPASS 2.5% 10/34","15yr",,,,,"2668208.93",,,,,,""
"2021-08-11","'3140K1JP2'","MBS","UMBS MORTPASS 2.5% 09/34","15yr",,,,,"2668065.03",,,,,,""
"2021-08-11","'3140L2PZ0'","MBS","UMBS MORTPASS 2% 02/51","30yr",,,,,"2667783.23",,,,,,""
"2021-08-11","'3131X8HB5'","MBS","UMBS MORTPASS 2.5% 11/27","15yr",,,,,"2666060.92",,,,,,""
"2021-08-11","'3138M94G3'","MBS","UMBS MORTPASS 2.5% 09/27","15yr",,,,,"2662457.94",,,,,,""
"2021-08-11","'31334YXG7'","MBS","UMBS MORTPASS 3% 09/49","30yr",,,,,"2661269.27",,,,,,""
"2021-08-11","'3131X8N36'","MBS","UMBS MORTPASS 2.5% 01/28","15yr",,,,,"2660231.01",,,,,,""
"2021-08-11","'31417AJC4'","MBS","UMBS MORTPASS 3% 11/26","15yr",,,,,"2659203.22",,,,,,""
"2021-08-11","'31346YWG4'","MBS","UMBS MORTPASS 4.5% 12/49","30yr",,,,,"2658902.03",,,,,,""
"2021-08-11","'3131Y17L8'","MBS","UMBS MORTPASS 4% 07/48","30yr",,,,,"2658467.02",,,,,,""
"2021-08-11","'3140KS2K2'","MBS","UMBS MORTPASS 2% 10/35","15yr",,,,,"2657619.89",,,,,,""
"2021-08-11","'3140QASS0'","MBS","UMBS MORTPASS 4.5% 03/49","30yr",,,,,"2656578.44",,,,,,""
"2021-08-11","'3138MC5N0'","MBS","UMBS MORTPASS 2.5% 09/27","15yr",,,,,"2655733.14",,,,,,""
"2021-08-11","'3140JMNB4'","MBS","UMBS MORTPASS 3.5% 04/49","30yr",,,,,"2653599.52",,,,,,""
"2021-08-11","'3140FEHQ0'","MBS","UMBS MORTPASS 3% 10/46","30yr",,,,,"2652689.19",,,,,,""
"2021-08-11","'3140H7E60'","MBS","UMBS MORTPASS 2.5% 10/34","15yr",,,,,"2651078.78",,,,,,""
"2021-08-11","'3132J7R46'","MBS","FHLMCGLD 3% 03/43","30yr",,,,,"2650191.34",,,,,,""
"2021-08-11","'3140X6JJ1'","MBS","UMBS MORTPASS 2% 04/31","15yr",,,,,"2650107.28",,,,,,""
"2021-08-11","'3133A24A5'","MBS","UMBS MORTPASS 3% 03/50","30yr",,,,,"2648497.92",,,,,,""
"2021-08-11","'3132A9SS7'","MBS","UMBS MORTPASS 2.5% 11/31","15yr",,,,,"2648228.28",,,,,,""
"2021-08-11","'36202FTL0'","MBS","GNMA II 4.5% 05/41","30yr",,,,,"2647416.35",,,,,,""
"2021-08-11","'3140KQ2M2'","MBS","UMBS MORTPASS 2% 10/35","15yr",,,,,"2647170.82",,,,,,""
"2021-08-11","'3140L6X66'","MBS","UMBS MORTPASS 1.5% 03/36","15yr",,,,,"2646071.16",,,,,,""
"2021-08-11","'3140L2EY5'","MBS","UMBS MORTPASS 2% 02/51","30yr",,,,,"2643067.59",,,,,,""
"2021-08-11","'3140JJQK8'","MBS","UMBS MORTPASS 4% 02/49","30yr",,,,,"2642791.04",,,,,,""
"2021-08-11","'3140XADE9'","MBS","UMBS MORTPASS 2% 03/51","30yr",,,,,"2642546.63",,,,,,""
"2021-08-11","'3132J66S8'","MBS","FHLMCGLD 3% 02/43","30yr",,,,,"2641785.62",,,,,,""
"2021-08-11","'36296USV3'","MBS","GNMA I 4.5% 03/39","30yr",,,,,"2640719.2",,,,,,""
"2021-08-11","'31417AND7'","MBS","UMBS MORTPASS 4% 12/41","30yr",,,,,"2640132.42",,,,,,""
"2021-08-11","'3131YAEF3'","MBS","UMBS MORTPASS 3% 03/34","15yr",,,,,"2640085.73",,,,,,""
"2021-08-11","'3132DMTU9'","MBS","UMBS MORTPASS 2.5% 03/51","30yr",,,,,"2639500.35",,,,,,""
"2021-08-11","'3140LSU20'","MBS","UMBS MORTPASS 2% 07/51","30yr",,,,,"2639173",,,,,,""
"2021-08-11","'3140L6LU6'","MBS","UMBS MORTPASS 1.5% 02/36","15yr",,,,,"2639105.14",,,,,,""
"2021-08-11","'3132A8KS7'","MBS","UMBS MORTPASS 3% 08/29","15yr",,,,,"2638637.27",,,,,,""
"2021-08-11","'31307UKJ6'","MBS","FHLMCGLD 2.5% 08/32","15yr",,,,,"2637111.68",,,,,,""
"2021-08-11","'3140F54N0'","MBS","UMBS MORTPASS 3% 09/46","30yr",,,,,"2636998.89",,,,,,""
"2021-08-11","'31417BQQ3'","MBS","UMBS MORTPASS 4% 04/42","30yr",,,,,"2634692.12",,,,,,""
"2021-08-11","'3140HPA98'","MBS","UMBS MORTPASS 3% 10/33","15yr",,,,,"2634663.55",,,,,,""
"2021-08-11","'31307VGK6'","MBS","FHLMCGLD 2.5% 01/33","15yr",,,,,"2633003.15",,,,,,""
"2021-08-11","'3133A7EJ4'","MBS","UMBS MORTPASS 2% 07/50","30yr",,,,,"2632097.96",,,,,,""
"2021-08-11","'3140KKLK8'","MBS","UMBS MORTPASS 2.5% 07/50","30yr",,,,,"2631707.3",,,,,,""
"2021-08-11","'31416TY37'","MBS","UMBS MORTPASS 4% 07/39","30yr",,,,,"2630382.07",,,,,,""
"2021-08-11","'3138YBS79'","MBS","UMBS MORTPASS 2.5% 02/30","15yr",,,,,"2627280.38",,,,,,""
"2021-08-11","'3133LPSJ7'","MBS","UMBS MORTPASS 3% 02/30","Other",,,,,"2625916.76",,,,,,""
"2021-08-11","'31418DBQ4'","MBS","UMBS MORTPASS 3% 04/39","Other",,,,,"2625556",,,,,,""
"2021-08-11","'3138W1GD3'","MBS","UMBS MORTPASS 3% 02/43","30yr",,,,,"2625548.23",,,,,,""
"2021-08-11","'3140FPFH7'","MBS","UMBS MORTPASS 3.5% 07/47","30yr",,,,,"2624794.96",,,,,,""
"2021-08-11","'3133AJF24'","MBS","UMBS MORTPASS 2% 03/51","30yr",,,,,"2624543.63",,,,,,""
"2021-08-11","'3140EWUN3'","MBS","UMBS MORTPASS 3.5% 02/46","30yr",,,,,"2623527.77",,,,,,""
"2021-08-11","'31410LNS7'","MBS","UMBS MORTPASS 2.5% 10/24","Other",,,,,"2623218.12",,,,,,""
"2021-08-11","'3133ACEW4'","MBS","UMBS MORTPASS 1.5% 11/50","30yr",,,,,"2621974.01",,,,,,""
"2021-08-11","'3140X5DF7'","MBS","UMBS MORTPASS 2.5% 11/34","15yr",,,,,"2619529.97",,,,,,""
"2021-08-11","'3133GBL28'","MBS","UMBS MORTPASS 2% 01/36","15yr",,,,,"2618538.28",,,,,,""
"2021-08-11","'3138ECPM9'","MBS","UMBS MORTPASS 3.5% 03/42","30yr",,,,,"2617752.45",,,,,,""
"2021-08-11","'31307VED4'","MBS","FHLMCGLD 2.5% 12/32","15yr",,,,,"2617165.32",,,,,,""
"2021-08-11","'31307WF74'","MBS","FHLMCGLD 3.5% 07/33","15yr",,,,,"2616524.48",,,,,,""
"2021-08-11","'3140JW2T6'","MBS","UMBS MORTPASS 3.5% 08/49","30yr",,,,,"2616308.9",,,,,,""
"2021-08-11","'3140JVLH3'","MBS","UMBS MORTPASS 3.5% 06/49","30yr",,,,,"2615967.71",,,,,,""
"2021-08-11","'3140KCKT8'","MBS","UMBS MORTPASS 2.5% 04/50","30yr",,,,,"2610232.32",,,,,,""
"2021-08-11","'3140L4XC8'","MBS","UMBS MORTPASS 2% 02/51","30yr",,,,,"2610022.55",,,,,,""
"2021-08-11","'31418DRM6'","MBS","UMBS MORTPASS 2% 08/30","Other",,,,,"2608625.39",,,,,,""
"2021-08-11","'3132J6G81'","MBS","FHLMCGLD 3% 02/43","30yr",,,,,"2607945.96",,,,,,""
"2021-08-11","'3138ETFN1'","MBS","UMBS MORTPASS 3.5% 03/31","15yr",,,,,"2607845.86",,,,,,""
"2021-08-11","'3133AF3H2'","MBS","UMBS MORTPASS 1.5% 02/51","30yr",,,,,"2606683.34",,,,,,""
"2021-08-11","'3133GDAV2'","MBS","UMBS MORTPASS 1.5% 05/36","15yr",,,,,"2606068.4",,,,,,""
"2021-08-11","'3128MFGA0'","MBS","FHLMCGLD 3.5% 03/32","15yr",,,,,"2604285.11",,,,,,""
"2021-08-11","'3138MRYQ8'","MBS","UMBS MORTPASS 3.5% 01/43","30yr",,,,,"2602966.46",,,,,,""
"2021-08-11","'3140L3VV0'","MBS","UMBS MORTPASS 2% 01/36","15yr",,,,,"2599794.3",,,,,,""
"2021-08-11","'36179JAT4'","MBS","GNMA I MORTPASS 3% 01/43","30yr",,,,,"2599311.17",,,,,,""
"2021-08-11","'3138M1FM5'","MBS","UMBS MORTPASS 3% 07/27","15yr",,,,,"2597366.98",,,,,,""
"2021-08-11","'3140Q8NT8'","MBS","UMBS MORTPASS 3.5% 02/33","15yr",,,,,"2597282.88",,,,,,""
"2021-08-11","'3128M8QE7'","MBS","FHLMCGLD 6% 05/39","30yr",,,,,"2596671.71",,,,,,"Y"
"2021-08-11","'3138ERW30'","MBS","UMBS MORTPASS 3% 12/26","Other",,,,,"2596594.51",,,,,,""
"2021-08-11","'31418BVL7'","MBS","UMBS MORTPASS 2.5% 10/25","Other",,,,,"2596100.52",,,,,,""
"2021-08-11","'31418ABX5'","MBS","UMBS MORTPASS 3% 01/27","15yr",,,,,"2595538.35",,,,,,""
"2021-08-11","'3140LNRX7'","MBS","UMBS MORTPASS 2.5% 05/51","30yr",,,,,"2595228.33",,,,,,""
"2021-08-11","'3140L1HQ1'","MBS","UMBS MORTPASS 2% 03/36","15yr",,,,,"2594838.39",,,,,,""
"2021-08-11","'3138X15R3'","MBS","UMBS MORTPASS 3% 09/28","15yr",,,,,"2591707.63",,,,,,""
"2021-08-11","'3140K1VT0'","MBS","UMBS MORTPASS 3.5% 01/50","30yr",,,,,"2591329.1",,,,,,""
"2021-08-11","'3138ECPQ0'","MBS","UMBS MORTPASS 3.5% 03/42","30yr",,,,,"2588808.97",,,,,,""
"2021-08-11","'3138WWTH2'","MBS","UMBS MORTPASS 3% 07/43","30yr",,,,,"2586944.55",,,,,,""
"2021-08-11","'31339UQC7'","MBS","UMBS MORTPASS 3.5% 10/49","30yr",,,,,"2586665.03",,,,,,""
"2021-08-11","'36297F4F6'","MBS","GNMA I MORTPASS 5% 12/39","30yr",,,,,"2584276.14",,,,,,""
"2021-08-11","'3140KTGH2'","MBS","UMBS MORTPASS 1.5% 04/51","30yr",,,,,"2582104.31",,,,,,""
"2021-08-11","'3133AJUT8'","MBS","UMBS MORTPASS 2% 04/51","30yr",,,,,"2581235.16",,,,,,""
"2021-08-11","'3138ECF57'","MBS","UMBS MORTPASS 3% 03/27","15yr",,,,,"2580717.6",,,,,,""
"2021-08-11","'3140HCBD7'","MBS","UMBS MORTPASS 3.5% 04/48","30yr",,,,,"2580527.85",,,,,,""
"2021-08-11","'31418BBB1'","MBS","UMBS MORTPASS 3% 03/24","Other",,,,,"2579742.71",,,,,,""
"2021-08-11","'3140QEYR7'","MBS","UMBS MORTPASS 2% 09/50","30yr",,,,,"2579330.28",,,,,,""
"2021-08-11","'3140L5FC5'","MBS","UMBS MORTPASS 2% 03/51","30yr",,,,,"2578668.53",,,,,,""
"2021-08-11","'3140FLK72'","MBS","UMBS MORTPASS 3% 11/46","30yr",,,,,"2578447.33",,,,,,""
"2021-08-11","'31307TYA3'","MBS","FHLMCGLD 3.5% 05/32","15yr",,,,,"2577634.25",,,,,,""
"2021-08-11","'3140HNDD1'","MBS","UMBS MORTPASS 2% 11/45","30yr",,,,,"2577000.93",,,,,,""
"2021-08-11","'31417C5C5'","MBS","UMBS MORTPASS 3.5% 09/42","30yr",,,,,"2576562.76",,,,,,""
"2021-08-11","'3138W0W62'","MBS","UMBS MORTPASS 2.5% 02/28","15yr",,,,,"2576464.54",,,,,,""
"2021-08-11","'3140HPYC5'","MBS","UMBS MORTPASS 4% 08/48","30yr",,,,,"2574031.65",,,,,,""
"2021-08-11","'3133AJBE2'","MBS","UMBS MORTPASS 2% 03/51","30yr",,,,,"2573502.55",,,,,,""
"2021-08-11","'3133AGGS2'","MBS","UMBS MORTPASS 1.5% 02/51","30yr",,,,,"2571126.06",,,,,,""
"2021-08-11","'3140JUEC4'","MBS","UMBS MORTPASS 2.5% 07/34","15yr",,,,,"2569110.86",,,,,,""
"2021-08-11","'3140L8N89'","MBS","UMBS MORTPASS 2% 04/51","30yr",,,,,"2569052.06",,,,,,""
"2021-08-11","'3140K04L9'","MBS","UMBS MORTPASS 3% 11/49","30yr",,,,,"2568847.2",,,,,,""
"2021-08-11","'3133ABJ35'","MBS","UMBS MORTPASS 2% 10/50","30yr",,,,,"2566572.59",,,,,,""
"2021-08-11","'3138NYK20'","MBS","UMBS MORTPASS 2.5% 01/28","15yr",,,,,"2565514.09",,,,,,""
"2021-08-11","'31329PS87'","MBS","UMBS MORTPASS 4% 11/48","30yr",,,,,"2562637.26",,,,,,""
"2021-08-11","'3128MMYC1'","MBS","FHLMCGLD 3% 09/33","15yr",,,,,"2561805.56",,,,,,""
"2021-08-11","'3140JUBC7'","MBS","UMBS MORTPASS 3% 09/49","30yr",,,,,"2559287.11",,,,,,""
"2021-08-11","'36202F4P8'","MBS","GNMA II MORTPASS 3% 03/42","30yr",,,,,"2558464.96",,,,,,""
"2021-08-11","'3133ALAS7'","MBS","UMBS MORTPASS 2% 05/51","30yr",,,,,"2558420.16",,,,,,""
"2021-08-11","'3138WHN57'","MBS","UMBS MORTPASS 2.5% 07/46","30yr",,,,,"2558115.3",,,,,,""
"2021-08-11","'3140QGJX6'","MBS","UMBS MORTPASS 1.5% 12/35","15yr",,,,,"2557328.64",,,,,,""
"2021-08-11","'3138LUCZ6'","MBS","UMBS MORTPASS 3% 06/27","15yr",,,,,"2555238.07",,,,,,""
"2021-08-11","'3140LPZ47'","MBS","UMBS MORTPASS 2% 05/51","30yr",,,,,"2555220.57",,,,,,""
"2021-08-11","'3133G6MK8'","MBS","UMBS MORTPASS 3% 08/34","15yr",,,,,"2555130.07",,,,,,""
"2021-08-11","'3140X4TF3'","MBS","UMBS MORTPASS 3.5% 09/49","30yr",,,,,"2555128.42",,,,,,""
"2021-08-11","'3620A3T61'","MBS","GNMA I MORTPASS 5% 10/39","30yr",,,,,"2552780.14",,,,,,""
"2021-08-11","'3133A0E34'","MBS","UMBS 3.0%","30yr",,,,,"2551221",,,,,,""
"2021-08-11","'3132A7UX7'","MBS","UMBS MORTPASS 2.5% 01/23","Other",,,,,"2551163.92",,,,,,""
"2021-08-11","'3140LP3T7'","MBS","UMBS MORTPASS 2.5% 05/51","30yr",,,,,"2550355.15",,,,,,""
"2021-08-11","'3140KBPV0'","MBS","UMBS MORTPASS 3% 02/50","30yr",,,,,"2550044.56",,,,,,""
"2021-08-11","'3133AEPK4'","MBS","UMBS MORTPASS 2.5% 01/51","30yr",,,,,"2549898.84",,,,,,""
"2021-08-11","'3132A7RT0'","MBS","UMBS MORTPASS 2.5% 03/23","Other",,,,,"2548094.66",,,,,,""
"2021-08-11","'3133AEM50'","MBS","UMBS MORTPASS 2% 12/50","30yr",,,,,"2547211.13",,,,,,""
"2021-08-11","'3140HG2T3'","MBS","UMBS MORTPASS 3.5% 03/33","15yr",,,,,"2545630.15",,,,,,""
"2021-08-11","'31418C7A6'","MBS","UMBS MORTPASS 3.5% 02/34","15yr",,,,,"2545325.11",,,,,,""
"2021-08-11","'3140KRG60'","MBS","UMBS MORTPASS 2.5% 09/50","30yr",,,,,"2544263.21",,,,,,""
"2021-08-11","'3132DV4D4'","MBS","UMBS MORTPASS 2.5% 08/49","30yr",,,,,"2541270.31",,,,,,""
"2021-08-11","'31418DJ86'","MBS","UMBS MORTPASS 3.5% 12/29","Other",,,,,"2540497.14",,,,,,""
"2021-08-11","'3140H6C64'","MBS","UMBS MORTPASS 4% 02/48","30yr",,,,,"2538542.49",,,,,,""
"2021-08-11","'3140JMB35'","MBS","UMBS MORTPASS 4.5% 01/49","30yr",,,,,"2538518.43",,,,,,""
"2021-08-11","'3140JQQN6'","MBS","UMBS MORTPASS 3% 07/49","30yr",,,,,"2538177.17",,,,,,""
"2021-08-11","'3133KGUW6'","MBS","UMBS MORTPASS 3% 10/49","30yr",,,,,"2537529.54",,,,,,""
"2021-08-11","'3140HCAJ5'","MBS","UMBS MORTPASS 3.5% 03/48","30yr",,,,,"2536819.08",,,,,,""
"2021-08-11","'3133L7R58'","MBS","UMBS MORTPASS 2.5% 01/33","15yr",,,,,"2533999.63",,,,,,""
"2021-08-11","'3133AG4A4'","MBS","UMBS MORTPASS 2% 03/51","30yr",,,,,"2533530.75",,,,,,""
"2021-08-11","'3138AYXB0'","MBS","UMBS MORTPASS 3% 11/26","15yr",,,,,"2532895.52",,,,,,""
"2021-08-11","'3140X5B44'","MBS","UMBS MORTPASS 2.5% 11/34","15yr",,,,,"2532711.31",,,,,,""
"2021-08-11","'3138WXMY0'","MBS","UMBS MORTPASS 3.5% 07/43","30yr",,,,,"2531749.13",,,,,,""
"2021-08-11","'3131X7MH8'","MBS","UMBS MORTPASS 3% 03/27","15yr",,,,,"2531684.01",,,,,,""
"2021-08-11","'3140JWTG5'","MBS","UMBS MORTPASS 2.5% 11/49","30yr",,,,,"2531142.91",,,,,,""
"2021-08-11","'31418C6X7'","MBS","UMBS MORTPASS 3.5% 02/29","Other",,,,,"2530206.72",,,,,,""
"2021-08-11","'3133ALLG1'","MBS","UMBS MORTPASS 2% 05/51","30yr",,,,,"2529774.52",,,,,,""
"2021-08-11","'3133G9KF5'","MBS","UMBS MORTPASS 2% 08/35","15yr",,,,,"2527290.28",,,,,,""
"2021-08-11","'3133KHEK8'","MBS","UMBS MORTPASS 4.5% 09/49","30yr",,,,,"2526855.33",,,,,,""
"2021-08-11","'3140L76C1'","MBS","UMBS MORTPASS 1.5% 07/36","15yr",,,,,"2525532",,,,,,""
"2021-08-11","'3140KC3J9'","MBS","UMBS MORTPASS 3% 04/50","30yr",,,,,"2523390.87",,,,,,""
"2021-08-11","'3138EAAH0'","MBS","UMBS MORTPASS 3% 03/27","15yr",,,,,"2522783.82",,,,,,""
"2021-08-11","'3140K3LH3'","MBS","UMBS MORTPASS 3% 01/50","30yr",,,,,"2522623.93",,,,,,""
"2021-08-11","'3140QDZM9'","MBS","UMBS MORTPASS 1.5% 06/35","15yr",,,,,"2520922.91",,,,,,""
"2021-08-11","'3140L3SE2'","MBS","UMBS MORTPASS 2.5% 02/51","30yr",,,,,"2518465.6",,,,,,""
"2021-08-11","'3133GCGZ9'","MBS","UMBS MORTPASS 2% 03/36","15yr",,,,,"2518423.44",,,,,,""
"2021-08-11","'3140GQDS2'","MBS","UMBS MORTPASS 4.5% 12/47","30yr",,,,,"2518037.26",,,,,,""
"2021-08-11","'31329PZD8'","MBS","UMBS MORTPASS 4.5% 12/48","30yr",,,,,"2517315.1",,,,,,""
"2021-08-11","'3138Y7C67'","MBS","UMBS MORTPASS 2.5% 12/30","15yr",,,,,"2517174.73",,,,,,""
"2021-08-11","'3140HKHR2'","MBS","UMBS MORTPASS 2.5% 09/50","30yr",,,,,"2516857.07",,,,,,""
"2021-08-11","'3138MFX51'","MBS","UMBS MORTPASS 2.5% 11/27","15yr",,,,,"2516685.47",,,,,,""
"2021-08-11","'31418DLU4'","MBS","UMBS MORTPASS 4% 02/50","30yr",,,,,"2516399.53",,,,,,""
"2021-08-11","'3140KLRM6'","MBS","UMBS MORTPASS 2.5% 08/50","30yr",,,,,"2514489.11",,,,,,""
"2021-08-11","'36179M2R0'","MBS","GNMA II MORTPASS 4% 02/43","30yr",,,,,"2514408.05",,,,,,""
"2021-08-11","'31329LDG4'","MBS","UMBS MORTPASS 2.5% 01/28","15yr",,,,,"2512502.26",,,,,,""
"2021-08-11","'31418CBJ2'","MBS","UMBS MORTPASS 2.5% 09/26","Other",,,,,"2511958.9",,,,,,""
"2021-08-11","'3138M6B30'","MBS","UMBS MORTPASS 3% 11/27","15yr",,,,,"2511914.2",,,,,,""
"2021-08-11","'3133ADP91'","MBS","UMBS MORTPASS 2.5% 12/50","30yr",,,,,"2511581.73",,,,,,""
"2021-08-11","'3140L7JG8'","MBS","UMBS MORTPASS 2% 03/51","30yr",,,,,"2510664.61",,,,,,""
"2021-08-11","'3133AFLH2'","MBS","UMBS MORTPASS 1.5% 01/51","30yr",,,,,"2509325.72",,,,,,""
"2021-08-11","'3140JVB35'","MBS","UMBS MORTPASS 4% 06/49","30yr",,,,,"2508988.73",,,,,,""
"2021-08-11","'3140JGVY8'","MBS","UMBS MORTPASS 4% 09/48","30yr",,,,,"2507623.49",,,,,,""
"2021-08-11","'3133KYR92'","MBS","UMBS MORTPASS 3.5% 10/39","Other",,,,,"2506370.08",,,,,,""
"2021-08-11","'31334YXM4'","MBS","UMBS MORTPASS 3% 09/49","30yr",,,,,"2506335.32",,,,,,""
"2021-08-11","'3140X57A5'","MBS","UMBS MORTPASS 2.5% 07/29","15yr",,,,,"2505471.56",,,,,,""
"2021-08-11","'3140HN4W9'","MBS","UMBS MORTPASS 4% 09/48","30yr",,,,,"2504935.93",,,,,,""
"2021-08-11","'3133AKXF2'","MBS","UMBS MORTPASS 2% 04/51","30yr",,,,,"2502752.92",,,,,,""
"2021-08-11","'3133GCBE1'","MBS","UMBS MORTPASS 1.5% 03/36","15yr",,,,,"2501404.64",,,,,,""
"2021-08-11","'3132A75T4'","MBS","UMBS MORTPASS 2.5% 09/29","15yr",,,,,"2501294.7",,,,,,""
"2021-08-11","'3138WHKH4'","MBS","UMBS MORTPASS 2.5% 07/31","15yr",,,,,"2501088.27",,,,,,""
"2021-08-11","'3133AF3V1'","MBS","UMBS MORTPASS 1.5% 01/51","30yr",,,,,"2499313.23",,,,,,""
"2021-08-11","'3132L6SG7'","MBS","FHLMCGLD 3.5% 12/44","30yr",,,,,"2498414.3",,,,,,""
"2021-08-11","'36296WF92'","MBS","GNMA I MORTPASS 3% 11/42","30yr",,,,,"2498097.16",,,,,,""
"2021-08-11","'3132A9M95'","MBS","UMBS MORTPASS 2.5% 04/28","15yr",,,,,"2496938.8",,,,,,""
"2021-08-11","'31417G5G7'","MBS","UMBS MORTPASS 2.5% 07/28","15yr",,,,,"2496146.89",,,,,,""
"2021-08-11","'31339UZJ2'","MBS","UMBS MORTPASS 3% 11/49","30yr",,,,,"2496060.2",,,,,,""
"2021-08-11","'3131X8VW3'","MBS","UMBS MORTPASS 2% 03/23","Other",,,,,"2494906.06",,,,,,""
"2021-08-11","'3132A9TV9'","MBS","UMBS MORTPASS 2.5% 08/32","15yr",,,,,"2492903.72",,,,,,""
"2021-08-11","'3140HFKY4'","MBS","UMBS MORTPASS 3% 02/45","30yr",,,,,"2491870.19",,,,,,""
"2021-08-11","'3132JAUP8'","MBS","FHLMCGLD 3% 06/43","30yr",,,,,"2490439.62",,,,,,""
"2021-08-11","'3133GCP71'","MBS","UMBS MORTPASS 2% 03/36","15yr",,,,,"2489445.78",,,,,,""
"2021-08-11","'3132JAZX6'","MBS","FHLMCGLD 4% 06/43","30yr",,,,,"2488316.76",,,,,,""
"2021-08-11","'3138MHMX8'","MBS","UMBS MORTPASS 3% 11/42","30yr",,,,,"2485009.85",,,,,,""
"2021-08-11","'31417GGG5'","MBS","UMBS MORTPASS 2.5% 05/28","15yr",,,,,"2484589.51",,,,,,""
"2021-08-11","'3133A0A79'","MBS","UMBS MORTPASS 3% 12/49","30yr",,,,,"2484197.01",,,,,,""
"2021-08-11","'3133KHA22'","MBS","UMBS MORTPASS 4% 08/49","30yr",,,,,"2482920.96",,,,,,""
"2021-08-11","'3140GNZR7'","MBS","UMBS MORTPASS 3% 07/49","30yr",,,,,"2481621.41",,,,,,""
"2021-08-11","'31418CJT2'","MBS","UMBS MORTPASS 3% 04/27","Other",,,,,"2480445.58",,,,,,""
"2021-08-11","'3138XZJJ1'","MBS","UMBS MORTPASS 4% 07/44","30yr",,,,,"2480276.33",,,,,,""
"2021-08-11","'3132DV5Z4'","MBS","UMBS MORTPASS 4% 05/50","30yr",,,,,"2479958.96",,,,,,""
"2021-08-11","'3138ENGM5'","MBS","UMBS MORTPASS 3% 11/27","15yr",,,,,"2479827.69",,,,,,""
"2021-08-11","'3140JKY42'","MBS","UMBS MORTPASS 4% 01/49","30yr",,,,,"2478035.7",,,,,,""
"2021-08-11","'3140KTVX0'","MBS","UMBS MORTPASS 2% 11/35","15yr",,,,,"2477343.41",,,,,,""
"2021-08-11","'3131Y1D80'","MBS","UMBS MORTPASS 4% 05/48","30yr",,,,,"2477241.94",,,,,,""
"2021-08-11","'31346YBT9'","MBS","UMBS MORTPASS 2.5% 11/49","30yr",,,,,"2476540.42",,,,,,""
"2021-08-11","'3132D9BB9'","MBS","UMBS MORTPASS 5% 02/30","Other",,,,,"2476246.69",,,,,,"Y"
"2021-08-11","'3138WJK56'","MBS","UMBS MORTPASS 3% 11/46","30yr",,,,,"2475598.57",,,,,,""
"2021-08-11","'3133HMD97'","MBS","UMBS MORTPASS 2% 11/30","Other",,,,,"2471905.37",,,,,,""
"2021-08-11","'3140JQZ30'","MBS","UMBS MORTPASS 4% 03/49","30yr",,,,,"2471703.26",,,,,,""
"2021-08-11","'3138X2F58'","MBS","UMBS MORTPASS 3% 08/28","15yr",,,,,"2471588.81",,,,,,""
"2021-08-11","'3140L5ZY5'","MBS","UMBS MORTPASS 2% 03/51","30yr",,,,,"2470709.66",,,,,,""
"2021-08-11","'3138WUNB5'","MBS","UMBS MORTPASS 2.5% 05/28","15yr",,,,,"2469256.62",,,,,,""
"2021-08-11","'3132ADP51'","MBS","UMBS MORTPASS 3% 11/33","15yr",,,,,"2469066.95",,,,,,""
"2021-08-11","'3140KUD58'","MBS","UMBS MORTPASS 2% 11/50","30yr",,,,,"2466250.51",,,,,,""
"2021-08-11","'31307GKL2'","MBS","FHLMCGLD 3% 03/29","15yr",,,,,"2465931.3",,,,,,""
"2021-08-11","'3133ALGT9'","MBS","UMBS MORTPASS 2.5% 05/51","30yr",,,,,"2464513.92",,,,,,""
"2021-08-11","'3140HN5P3'","MBS","UMBS MORTPASS 3.5% 09/33","15yr",,,,,"2463589.22",,,,,,""
"2021-08-11","'3140K4K90'","MBS","UMBS MORTPASS 3.5% 03/50","30yr",,,,,"2462646.35",,,,,,""
"2021-08-11","'3133A13F7'","MBS","UMBS MORTPASS 4.5% 02/50","30yr",,,,,"2462524.68",,,,,,""
"2021-08-11","'3138MHQR7'","MBS","UMBS MORTPASS 3% 10/27","15yr",,,,,"2462429.82",,,,,,""
"2021-08-11","'3132M5T85'","MBS","FHLMCGLD 4% 03/44","30yr",,,,,"2460057.69",,,,,,""
"2021-08-11","'3140L4Q36'","MBS","UMBS MORTPASS 1.5% 02/51","30yr",,,,,"2459964.39",,,,,,""
"2021-08-11","'3133AEWV2'","MBS","UMBS MORTPASS 2.5% 01/51","30yr",,,,,"2457511.99",,,,,,""
"2021-08-11","'3133D3BV6'","MBS","UMBS MORTPASS 2.5% 09/39","Other",,,,,"2456806.11",,,,,,""
"2021-08-11","'31416YBV9'","MBS","UMBS MORTPASS 3.5% 04/26","15yr",,,,,"2455852.35",,,,,,""
"2021-08-11","'3140LRY93'","MBS","UMBS MORTPASS 1.5% 06/36","15yr",,,,,"2455670.94",,,,,,""
"2021-08-11","'36181D6R2'","MBS","GNMA I MORTPASS 3% 05/43","30yr",,,,,"2455350.23",,,,,,""
"2021-08-11","'3140HNKC5'","MBS","UMBS MORTPASS 2% 01/51","30yr",,,,,"2455198.27",,,,,,""
"2021-08-11","'31307CFA1'","MBS","FHLMCGLD 2.5% 05/28","15yr",,,,,"2455083.28",,,,,,""
"2021-08-11","'3140L3CX7'","MBS","UMBS MORTPASS 1.5% 03/36","15yr",,,,,"2454815.06",,,,,,""
"2021-08-11","'3133AFGL9'","MBS","UMBS MORTPASS 1.5% 02/51","30yr",,,,,"2454003.06",,,,,,""
"2021-08-11","'3140FNJ70'","MBS","UMBS MORTPASS 3.5% 02/32","15yr",,,,,"2453697.55",,,,,,""
"2021-08-11","'3140L5J72'","MBS","UMBS MORTPASS 2% 03/51","30yr",,,,,"2451984.14",,,,,,""
"2021-08-11","'3140LPCX8'","MBS","UMBS MORTPASS 1.5% 06/36","15yr",,,,,"2451516.91",,,,,,""
"2021-08-11","'3132DMAX3'","MBS","UMBS MORTPASS 4.5% 02/49","30yr",,,,,"2451343.87",,,,,,""
"2021-08-11","'3133GDD23'","MBS","UMBS MORTPASS 2% 05/36","15yr",,,,,"2451299.57",,,,,,""
"2021-08-11","'3140K83M1'","MBS","UMBS MORTPASS 2.5% 05/50","30yr",,,,,"2450964.61",,,,,,""
"2021-08-11","'3140HEA44'","MBS","UMBS MORTPASS 3.5% 07/33","15yr",,,,,"2450777.99",,,,,,""
"2021-08-11","'3140GYKF5'","MBS","UMBS MORTPASS 3.5% 02/33","15yr",,,,,"2450558.62",,,,,,""
"2021-08-11","'3140KXGK6'","MBS","UMBS MORTPASS 2.5% 01/51","30yr",,,,,"2450260.74",,,,,,""
"2021-08-11","'3132A5JS5'","MBS","UMBS MORTPASS 4.5% 06/48","30yr",,,,,"2450249.46",,,,,,""
"2021-08-11","'3140KRS83'","MBS","UMBS MORTPASS 2% 10/50","30yr",,,,,"2448451.3",,,,,,""
"2021-08-11","'3140L6L69'","MBS","UMBS MORTPASS 2% 02/36","15yr",,,,,"2445987.16",,,,,,""
"2021-08-11","'31307SSK0'","MBS","FHLMCGLD 2.5% 12/31","15yr",,,,,"2445814.09",,,,,,""
"2021-08-11","'3140KRGZ6'","MBS","UMBS MORTPASS 2% 09/50","30yr",,,,,"2445559.53",,,,,,""
"2021-08-11","'3140JVMU3'","MBS","UMBS MORTPASS 3.5% 07/49","30yr",,,,,"2444450.37",,,,,,""
"2021-08-11","'3140K8LP4'","MBS","UMBS MORTPASS 3.5% 01/50","30yr",,,,,"2443872.59",,,,,,""
"2021-08-11","'3133A0GV0'","MBS","UMBS MORTPASS 3.5% 12/49","30yr",,,,,"2439957.69",,,,,,""
"2021-08-11","'3138ERQE3'","MBS","UMBS MORTPASS 3.5% 10/24","Other",,,,,"2439700.24",,,,,,"Y"
"2021-08-11","'3138EAMM6'","MBS","UMBS MORTPASS 2.5% 04/27","15yr",,,,,"2439637.16",,,,,,""
"2021-08-11","'31307Q5G8'","MBS","FHLMCGLD 3.5% 05/31","15yr",,,,,"2438793.07",,,,,,""
"2021-08-11","'3620A8DD2'","MBS","GNMA I MORTPASS 3% 06/43","30yr",,,,,"2436652.45",,,,,,""
"2021-08-11","'3140KCCA8'","MBS","UMBS MORTPASS 3% 04/50","30yr",,,,,"2434939.92",,,,,,""
"2021-08-11","'31307NYF5'","MBS","FHLMCGLD 2.5% 08/30","15yr",,,,,"2434506.88",,,,,,""
"2021-08-11","'3140K4NS5'","MBS","UMBS MORTPASS 2.5% 02/51","30yr",,,,,"2433924.56",,,,,,""
"2021-08-11","'3138ET4L7'","MBS","UMBS MORTPASS 2% 01/24","Other",,,,,"2433665.31",,,,,,""
"2021-08-11","'3140K4WR7'","MBS","UMBS MORTPASS 3% 03/50","30yr",,,,,"2433220.78",,,,,,""
"2021-08-11","'3138E5J82'","MBS","UMBS MORTPASS 3.5% 01/42","30yr",,,,,"2433066.67",,,,,,""
"2021-08-11","'3140K8VY4'","MBS","UMBS MORTPASS 3% 02/50","30yr",,,,,"2431591.61",,,,,,""
"2021-08-11","'3140JNXG0'","MBS","UMBS MORTPASS 4% 06/49","30yr",,,,,"2431109.12",,,,,,""
"2021-08-11","'3133KHN44'","MBS","UMBS MORTPASS 3% 07/48","30yr",,,,,"2430940.58",,,,,,""
"2021-08-11","'3140HPUX3'","MBS","UMBS MORTPASS 4% 08/48","30yr",,,,,"2430007.43",,,,,,""
"2021-08-11","'3140JWVY3'","MBS","UMBS MORTPASS 4% 07/49","30yr",,,,,"2429448.13",,,,,,""
"2021-08-11","'3140X4H90'","MBS","UMBS MORTPASS 2.5% 06/32","15yr",,,,,"2429103.48",,,,,,""
"2021-08-11","'3140L4UK3'","MBS","UMBS MORTPASS 2% 02/51","30yr",,,,,"2426604.63",,,,,,""
"2021-08-11","'3128MJZ78'","MBS","FHLMCGLD 3% 06/47","30yr",,,,,"2425180.75",,,,,,""
"2021-08-11","'3140LPQ39'","MBS","UMBS MORTPASS 2% 05/51","30yr",,,,,"2424552.69",,,,,,""
"2021-08-11","'3133ALPD4'","MBS","UMBS MORTPASS 2% 05/51","30yr",,,,,"2424149",,,,,,""
"2021-08-11","'3138WEM63'","MBS","UMBS MORTPASS 2.5% 05/25","Other",,,,,"2424138.56",,,,,,""
"2021-08-11","'3140L8QD5'","MBS","UMBS MORTPASS 2% 05/51","30yr",,,,,"2421738.15",,,,,,""
"2021-08-11","'3140KBVW1'","MBS","UMBS MORTPASS 2% 06/35","15yr",,,,,"2421448.78",,,,,,""
"2021-08-11","'3140L45G0'","MBS","UMBS MORTPASS 2% 03/51","30yr",,,,,"2420808.57",,,,,,""
"2021-08-11","'3140L74F6'","MBS","UMBS MORTPASS 2% 05/51","30yr",,,,,"2420721.98",,,,,,""
"2021-08-11","'3132JM4U0'","MBS","FHLMCGLD 3% 08/43","30yr",,,,,"2420300.24",,,,,,""
"2021-08-11","'3131X8A89'","MBS","UMBS MORTPASS 2.5% 10/27","15yr",,,,,"2420269.2",,,,,,""
"2021-08-11","'31346YXL2'","MBS","UMBS MORTPASS 2.5% 12/49","30yr",,,,,"2420066.54",,,,,,""
"2021-08-11","'3133L8GC3'","MBS","UMBS MORTPASS 1.5% 05/36","15yr",,,,,"2420003.84",,,,,,""
"2021-08-11","'3620ADSL7'","MBS","GNMA I MORTPASS 5% 11/39","30yr",,,,,"2419873.61",,,,,,""
"2021-08-11","'3133AJFA6'","MBS","UMBS MORTPASS 2% 03/51","30yr",,,,,"2419224.54",,,,,,""
"2021-08-11","'3140EWGP4'","MBS","UMBS MORTPASS 2.5% 05/31","15yr",,,,,"2418794.09",,,,,,""
"2021-08-11","'3133KHA71'","MBS","UMBS MORTPASS 4.5% 09/49","30yr",,,,,"2416618.69",,,,,,""
"2021-08-11","'3133A0ME1'","MBS","UMBS MORTPASS 3% 12/49","30yr",,,,,"2416586.69",,,,,,""
"2021-08-11","'3140HBM47'","MBS","UMBS MORTPASS 3% 01/48","30yr",,,,,"2415886.72",,,,,,""
"2021-08-11","'3133KHNU6'","MBS","UMBS MORTPASS 3.5% 11/49","30yr",,,,,"2415474.48",,,,,,""
"2021-08-11","'3140JNWH9'","MBS","UMBS MORTPASS 4% 05/49","30yr",,,,,"2413413.38",,,,,,""
"2021-08-11","'3140QCXN1'","MBS","UMBS MORTPASS 4.5% 12/49","30yr",,,,,"2412375.48",,,,,,""
"2021-08-11","'36241LZF6'","MBS","GNMA II MORTPASS 4% 09/41","30yr",,,,,"2409555.93",,,,,,""
"2021-08-11","'31418CM50'","MBS","UMBS MORTPASS 2.5% 07/27","Other",,,,,"2408745.43",,,,,,""
"2021-08-11","'3140HL2Q8'","MBS","UMBS MORTPASS 4% 06/48","30yr",,,,,"2406328.23",,,,,,""
"2021-08-11","'3140X6BL4'","MBS","UMBS MORTPASS 3% 08/29","Other",,,,,"2405465.31",,,,,,""
"2021-08-11","'3140L7DX7'","MBS","UMBS MORTPASS 2% 06/51","30yr",,,,,"2405035.76",,,,,,""
"2021-08-11","'3140HHTK1'","MBS","UMBS MORTPASS 3.5% 04/33","15yr",,,,,"2404850.58",,,,,,""
"2021-08-11","'3140LPBP6'","MBS","UMBS MORTPASS 2% 06/51","30yr",,,,,"2403673.81",,,,,,""
"2021-08-11","'31334WCL3'","MBS","UMBS MORTPASS 3.5% 06/49","30yr",,,,,"2401974.05",,,,,,""
"2021-08-11","'3140K37A4'","MBS","UMBS MORTPASS 3% 11/39","Other",,,,,"2401757",,,,,,""
"2021-08-11","'3128MJUX6'","MBS","FHLMCGLD 3.5% 07/44","30yr",,,,,"2401746.07",,,,,,""
"2021-08-11","'3140JNS92'","MBS","UMBS MORTPASS 3% 06/49","30yr",,,,,"2401502",,,,,,""
"2021-08-11","'3140J6C54'","MBS","UMBS MORTPASS 2.5% 07/28","15yr",,,,,"2400781.92",,,,,,""
"2021-08-11","'31307EKC7'","MBS","FHLMCGLD 3% 09/28","15yr",,,,,"2400135.85",,,,,,""
"2021-08-11","'3140JVNQ1'","MBS","UMBS MORTPASS 3% 07/34","15yr",,,,,"2399366.99",,,,,,""
"2021-08-11","'3138NXDV6'","MBS","UMBS MORTPASS 2.5% 02/28","15yr",,,,,"2398540.21",,,,,,""
"2021-08-11","'3140KAP75'","MBS","UMBS MORTPASS 2.5% 03/35","15yr",,,,,"2397658.06",,,,,,""
"2021-08-11","'3138WXGG6'","MBS","UMBS MORTPASS 3.5% 07/43","30yr",,,,,"2397571.65",,,,,,""
"2021-08-11","'36178B5A9'","MBS","GNMA I MORTPASS 3% 05/43","30yr",,,,,"2397494.72",,,,,,""
"2021-08-11","'3140JL2N3'","MBS","UMBS MORTPASS 3% 03/49","30yr",,,,,"2396334.33",,,,,,""
"2021-08-11","'3140L1GE9'","MBS","UMBS MORTPASS 1.5% 03/51","30yr",,,,,"2396126.61",,,,,,""
"2021-08-11","'3140KR4T3'","MBS","UMBS MORTPASS 2.5% 12/50","30yr",,,,,"2395441.12",,,,,,""
"2021-08-11","'3138MFXV4'","MBS","UMBS MORTPASS 2.5% 10/27","15yr",,,,,"2395281.84",,,,,,""
"2021-08-11","'3140KACQ7'","MBS","UMBS MORTPASS 3% 04/50","30yr",,,,,"2395220.78",,,,,,""
"2021-08-11","'31418B5C6'","MBS","UMBS MORTPASS 3.5% 06/46","30yr",,,,,"2394451.67",,,,,,""
"2021-08-11","'3132A7XG1'","MBS","UMBS MORTPASS 2.5% 05/29","15yr",,,,,"2393181.21",,,,,,""
"2021-08-11","'3140FKRX0'","MBS","UMBS MORTPASS 2.5% 10/31","15yr",,,,,"2393011.2",,,,,,""
"2021-08-11","'3133A1JA1'","MBS","UMBS MORTPASS 3% 02/50","30yr",,,,,"2392470.88",,,,,,""
"2021-08-11","'3140JYR99'","MBS","UMBS MORTPASS 3% 08/49","30yr",,,,,"2392065.9",,,,,,""
"2021-08-11","'3133ALS33'","MBS","UMBS MORTPASS 2% 04/51","30yr",,,,,"2391446.11",,,,,,""
"2021-08-11","'31329LC91'","MBS","UMBS MORTPASS 2.5% 11/27","15yr",,,,,"2389872.87",,,,,,""
"2021-08-11","'3140J5D55'","MBS","UMBS MORTPASS 2.5% 05/26","Other",,,,,"2387070.38",,,,,,""
"2021-08-11","'3133ABST8'","MBS","UMBS MORTPASS 1.5% 11/50","30yr",,,,,"2386451.48",,,,,,""
"2021-08-11","'3140KTZV0'","MBS","UMBS MORTPASS 1.5% 12/50","30yr",,,,,"2386116.11",,,,,,""
"2021-08-11","'3140F9DP7'","MBS","UMBS MORTPASS 2.5% 07/31","15yr",,,,,"2385848.41",,,,,,""
"2021-08-11","'31418AN79'","MBS","UMBS MORTPASS 2% 01/23","Other",,,,,"2385475.07",,,,,,""
"2021-08-11","'3133KKZ28'","MBS","UMBS MORTPASS 1.5% 01/51","30yr",,,,,"2384799.27",,,,,,""
"2021-08-11","'3138WVNX5'","MBS","UMBS MORTPASS 3.5% 06/43","30yr",,,,,"2383704.11",,,,,,""
"2021-08-11","'3132JNRE9'","MBS","FHLMCGLD 3.5% 09/43","30yr",,,,,"2381230.56",,,,,,""
"2021-08-11","'3140KNKS6'","MBS","UMBS MORTPASS 2% 10/50","30yr",,,,,"2379405.07",,,,,,""
"2021-08-11","'3131YDNF7'","MBS","UMBS MORTPASS 3.5% 06/49","30yr",,,,,"2378504.45",,,,,,""
"2021-08-11","'31410LUF7'","MBS","UMBS MORTPASS 2% 05/28","15yr",,,,,"2377609.17",,,,,,""
"2021-08-11","'3133A4JW7'","MBS","UMBS MORTPASS 2.5% 05/50","30yr",,,,,"2377099.68",,,,,,""
"2021-08-11","'3140HBJR0'","MBS","UMBS MORTPASS 4% 01/48","30yr",,,,,"2376676.66",,,,,,""
"2021-08-11","'3140Q8EY7'","MBS","UMBS MORTPASS 3% 01/48","30yr",,,,,"2375519.86",,,,,,""
"2021-08-11","'3140J9R60'","MBS","UMBS MORTPASS 2.5% 08/27","Other",,,,,"2374287.66",,,,,,""
"2021-08-11","'3140Q9FJ7'","MBS","UMBS MORTPASS 3.5% 06/33","15yr",,,,,"2373469.54",,,,,,""
"2021-08-11","'3140KC5F5'","MBS","UMBS MORTPASS 2.5% 05/35","15yr",,,,,"2372853.43",,,,,,""
"2021-08-11","'3133A4H90'","MBS","UMBS MORTPASS 2.5% 04/50","30yr",,,,,"2371106.75",,,,,,""
"2021-08-11","'3131Y9QF3'","MBS","UMBS MORTPASS 4% 02/49","30yr",,,,,"2370359.11",,,,,,""
"2021-08-11","'3132A9SV0'","MBS","UMBS MORTPASS 2.5% 12/31","15yr",,,,,"2370136.7",,,,,,""
"2021-08-11","'3133KH6M3'","MBS","UMBS MORTPASS 2% 06/50","30yr",,,,,"2368880.72",,,,,,""
"2021-08-11","'3128MEKE0'","MBS","FHLMCGLD 3.5% 05/27","15yr",,,,,"2368347.09",,,,,,""
"2021-08-11","'3138W6PG5'","MBS","UMBS MORTPASS 3.5% 05/43","30yr",,,,,"2367607.94",,,,,,""
"2021-08-11","'3131X8R40'","MBS","UMBS MORTPASS 2.5% 02/28","15yr",,,,,"2366982.11",,,,,,""
"2021-08-11","'3133ADJF4'","MBS","UMBS MORTPASS 2% 08/50","30yr",,,,,"2366811.58",,,,,,""
"2021-08-11","'3138LWTS0'","MBS","UMBS MORTPASS 3% 06/27","15yr",,,,,"2364580.69",,,,,,""
"2021-08-11","'3131Y8V69'","MBS","UMBS MORTPASS 4.5% 01/49","30yr",,,,,"2364147.26",,,,,,""
"2021-08-11","'36179DAJ9'","MBS","GNMA I MORTPASS 3% 03/43","30yr",,,,,"2363337.19",,,,,,""
"2021-08-11","'3140KV2Q2'","MBS","UMBS MORTPASS 2% 12/50","30yr",,,,,"2362107.83",,,,,,""
"2021-08-11","'3140L4F79'","MBS","UMBS MORTPASS 2% 03/51","30yr",,,,,"2361588.33",,,,,,""
"2021-08-11","'3140JQTA1'","MBS","UMBS MORTPASS 3.5% 09/49","30yr",,,,,"2360475.07",,,,,,""
"2021-08-11","'3132A9PX9'","MBS","UMBS MORTPASS 3% 09/29","15yr",,,,,"2358717.95",,,,,,""
"2021-08-11","'3138MC4L5'","MBS","UMBS MORTPASS 2.5% 11/27","15yr",,,,,"2357474.12",,,,,,""
"2021-08-11","'31417DT29'","MBS","UMBS MORTPASS 2.5% 11/27","15yr",,,,,"2356394.65",,,,,,""
"2021-08-11","'3140JUBQ6'","MBS","UMBS MORTPASS 3% 10/49","30yr",,,,,"2355404.99",,,,,,""
"2021-08-11","'3133APAN9'","MBS","UMBS MORTPASS 2% 06/51","30yr",,,,,"2353182",,,,,,""
"2021-08-11","'3132DV5N1'","MBS","UMBS MORTPASS 4.5% 03/50","30yr",,,,,"2352353.97",,,,,,""
"2021-08-11","'31418BPZ3'","MBS","UMBS MORTPASS 3% 04/25","Other",,,,,"2351085.67",,,,,,""
"2021-08-11","'3140L4FT1'","MBS","UMBS MORTPASS 2% 03/51","30yr",,,,,"2350040.56",,,,,,""
"2021-08-11","'31418CPQ1'","MBS","UMBS MORTPASS 2.5% 09/27","Other",,,,,"2349966.8",,,,,,""
"2021-08-11","'36176H5Y6'","MBS","GNMA I MORTPASS 3% 06/43","30yr",,,,,"2348584.76",,,,,,""
"2021-08-11","'3140HGAJ6'","MBS","UMBS MORTPASS 2.5% 06/35","15yr",,,,,"2347792.57",,,,,,""
"2021-08-11","'3140L15P6'","MBS","UMBS MORTPASS 2% 01/51","30yr",,,,,"2346787.04",,,,,,""
"2021-08-11","'3140L7SE3'","MBS","UMBS MORTPASS 2% 04/36","15yr",,,,,"2346073.27",,,,,,""
"2021-08-11","'3140HPM20'","MBS","UMBS MORTPASS 3.5% 10/33","15yr",,,,,"2345807.87",,,,,,""
"2021-08-11","'3138WQFL1'","MBS","UMBS MORTPASS 3.5% 06/43","30yr",,,,,"2345338.77",,,,,,""
"2021-08-11","'31416YPU6'","MBS","UMBS MORTPASS 3.5% 06/26","15yr",,,,,"2344666.3",,,,,,""
"2021-08-11","'31307NAC8'","MBS","FHLMCGLD 3% 06/30","15yr",,,,,"2344485.44",,,,,,""
"2021-08-11","'3138EKQ40'","MBS","UMBS MORTPASS 2.5% 02/28","15yr",,,,,"2344343.3",,,,,,""
"2021-08-11","'3140JMD33'","MBS","UMBS MORTPASS 3.5% 09/49","30yr",,,,,"2344296.52",,,,,,""
"2021-08-11","'3140L7DC3'","MBS","UMBS MORTPASS 2.5% 05/51","30yr",,,,,"2343801.94",,,,,,""
"2021-08-11","'3138ERCB4'","MBS","UMBS MORTPASS 3% 09/31","15yr",,,,,"2342151.67",,,,,,""
"2021-08-11","'3140JUR48'","MBS","UMBS MORTPASS 3.5% 05/49","30yr",,,,,"2341691.88",,,,,,""
"2021-08-11","'3133AACP5'","MBS","UMBS MORTPASS 2% 09/50","30yr",,,,,"2340563.17",,,,,,""
"2021-08-11","'3140H7R25'","MBS","UMBS MORTPASS 3% 03/33","15yr",,,,,"2338773.56",,,,,,""
"2021-08-11","'3140K7DM2'","MBS","UMBS MORTPASS 3% 12/49","30yr",,,,,"2338351.52",,,,,,""
"2021-08-11","'3133GC5G3'","MBS","UMBS MORTPASS 1.5% 05/36","15yr",,,,,"2337267.94",,,,,,""
"2021-08-11","'36181EC28'","MBS","GNMA I MORTPASS 3% 06/43","30yr",,,,,"2336957.77",,,,,,""
"2021-08-11","'3138WFZJ8'","MBS","UMBS MORTPASS 2.5% 11/30","15yr",,,,,"2336566.81",,,,,,""
"2021-08-11","'31307C3D8'","MBS","FHLMCGLD 3% 06/28","15yr",,,,,"2335554.58",,,,,,""
"2021-08-11","'3133HMCP2'","MBS","UMBS MORTPASS 2% 03/30","Other",,,,,"2333225.16",,,,,,""
"2021-08-11","'31307UTN8'","MBS","FHLMCGLD 3.5% 09/32","15yr",,,,,"2332770.77",,,,,,""
"2021-08-11","'3140L4E54'","MBS","UMBS MORTPASS 2% 03/36","15yr",,,,,"2332490.96",,,,,,""
"2021-08-11","'3140QDQA5'","MBS","UMBS MORTPASS 3.5% 10/48","30yr",,,,,"2332349.42",,,,,,""
"2021-08-11","'3132A8UZ0'","MBS","UMBS MORTPASS 2.5% 07/30","15yr",,,,,"2331969.4",,,,,,""
"2021-08-11","'3140L3UM1'","MBS","UMBS MORTPASS 2.5% 03/51","30yr",,,,,"2330475.81",,,,,,""
"2021-08-11","'3138X6FQ3'","MBS","UMBS MORTPASS 4.5% 02/44","30yr",,,,,"2329561.04",,,,,,""
"2021-08-11","'36180KJM4'","MBS","GNMA I MORTPASS 3% 04/43","30yr",,,,,"2326134.26",,,,,,""
"2021-08-11","'31339UFS4'","MBS","UMBS MORTPASS 3% 10/49","30yr",,,,,"2325130.62",,,,,,""
"2021-08-11","'3133A6M73'","MBS","UMBS MORTPASS 2.5% 05/50","30yr",,,,,"2324977.92",,,,,,""
"2021-08-11","'3133ALBT4'","MBS","UMBS MORTPASS 2.5% 04/51","30yr",,,,,"2324917.2",,,,,,""
"2021-08-11","'3133AD5Z5'","MBS","UMBS MORTPASS 2% 01/51","30yr",,,,,"2323744.35",,,,,,""
"2021-08-11","'3128MDPG2'","MBS","FHLMCGLD 2% 04/28","15yr",,,,,"2323694.89",,,,,,""
"2021-08-11","'3140JVTB8'","MBS","UMBS MORTPASS 3% 10/49","30yr",,,,,"2321140.96",,,,,,""
"2021-08-11","'3133ANGY4'","MBS","UMBS MORTPASS 2% 06/51","30yr",,,,,"2319371",,,,,,""
"2021-08-11","'3132A9NU7'","MBS","UMBS MORTPASS 2.5% 10/28","15yr",,,,,"2319171.55",,,,,,""
"2021-08-11","'36176EMG3'","MBS","GNMA I 3.5% 07/43","30yr",,,,,"2317602.13",,,,,,""
"2021-08-11","'31334WTP6'","MBS","UMBS MORTPASS 3.5% 06/49","30yr",,,,,"2317251.37",,,,,,""
"2021-08-11","'31374CPQ3'","MBS","UMBS MORTPASS 3% 04/28","15yr",,,,,"2315792.09",,,,,,""
"2021-08-11","'3138ADEX9'","MBS","UMBS MORTPASS 4% 04/41","30yr",,,,,"2315179.96",,,,,,""
"2021-08-11","'31418C2N3'","MBS","UMBS MORTPASS 3% 08/28","Other",,,,,"2314566.66",,,,,,""
"2021-08-11","'31339U6T2'","MBS","UMBS MORTPASS 3% 11/49","30yr",,,,,"2313723.84",,,,,,""
"2021-08-11","'3138ER5U0'","MBS","UMBS MORTPASS 3% 03/30","15yr",,,,,"2313441.85",,,,,,""
"2021-08-11","'3133LPSK4'","MBS","UMBS MORTPASS 2.5% 04/30","Other",,,,,"2313210.85",,,,,,""
"2021-08-11","'3140KTYJ8'","MBS","UMBS MORTPASS 2% 11/50","30yr",,,,,"2312004.82",,,,,,""
"2021-08-11","'3140LPAL6'","MBS","UMBS MORTPASS 2% 05/51","30yr",,,,,"2311876.54",,,,,,""
"2021-08-11","'3138X5VK0'","MBS","UMBS MORTPASS 2.5% 09/28","15yr",,,,,"2311716.94",,,,,,""
"2021-08-11","'3140KMET3'","MBS","UMBS MORTPASS 2% 08/35","15yr",,,,,"2310753.82",,,,,,""
"2021-08-11","'3138EAAM9'","MBS","UMBS MORTPASS 3% 03/27","15yr",,,,,"2308931.4",,,,,,""
"2021-08-11","'3140HBJG4'","MBS","UMBS MORTPASS 4.5% 06/48","30yr",,,,,"2308819.45",,,,,,""
"2021-08-11","'3140X5DL4'","MBS","UMBS MORTPASS 2.5% 12/29","Other",,,,,"2308447.5",,,,,,""
"2021-08-11","'3140HNWZ1'","MBS","UMBS MORTPASS 3.5% 08/49","30yr",,,,,"2308346.77",,,,,,""
"2021-08-11","'3140JKB96'","MBS","UMBS MORTPASS 4.5% 11/48","30yr",,,,,"2306432.8",,,,,,""
"2021-08-11","'36176EMQ1'","MBS","GNMA I 3.5% 08/43","30yr",,,,,"2305763.49",,,,,,""
"2021-08-11","'312939BB6'","MBS","FHLMCGLD 4.5% 02/40","30yr",,,,,"2305657.79",,,,,,""
"2021-08-11","'31418CDG6'","MBS","UMBS MORTPASS 2% 11/31","15yr",,,,,"2305295.26",,,,,,""
"2021-08-11","'3140KRT66'","MBS","UMBS MORTPASS 2% 11/50","30yr",,,,,"2305054.64",,,,,,""
"2021-08-11","'3140J82U6'","MBS","UMBS MORTPASS 2.5% 08/30","15yr",,,,,"2304843.06",,,,,,""
"2021-08-11","'31307TY62'","MBS","FHLMCGLD 3.5% 05/32","15yr",,,,,"2304596.44",,,,,,""
"2021-08-11","'3140EWWY7'","MBS","UMBS MORTPASS 3% 02/31","15yr",,,,,"2304098.15",,,,,,""
"2021-08-11","'3133A3EG9'","MBS","UMBS MORTPASS 3% 02/50","30yr",,,,,"2303935.42",,,,,,""
"2021-08-11","'3140K34G4'","MBS","UMBS MORTPASS 2.5% 11/50","30yr",,,,,"2303414.05",,,,,,""
"2021-08-11","'3131X75T1'","MBS","UMBS MORTPASS 3% 09/27","15yr",,,,,"2303304.98",,,,,,""
"2021-08-11","'31412UV49'","MBS","UMBS MORTPASS 5% 01/40","30yr",,,,,"2302486.39",,,,,,""
"2021-08-11","'31329MKN9'","MBS","UMBS MORTPASS 2.5% 01/32","15yr",,,,,"2302160.24",,,,,,""
"2021-08-11","'3133AFMP3'","MBS","UMBS MORTPASS 2% 02/51","30yr",,,,,"2301799.24",,,,,,""
"2021-08-11","'31329QN31'","MBS","UMBS MORTPASS 3.5% 04/49","30yr",,,,,"2301549.94",,,,,,""
"2021-08-11","'3140JP3U7'","MBS","UMBS MORTPASS 3% 02/50","30yr",,,,,"2301196.12",,,,,,""
"2021-08-11","'3138W36E8'","MBS","UMBS MORTPASS 3% 03/43","30yr",,,,,"2300808.19",,,,,,""
"2021-08-11","'3140J5MF3'","MBS","UMBS MORTPASS 2.5% 04/37","Other",,,,,"2300547.71",,,,,,""
"2021-08-11","'3140HNF64'","MBS","UMBS MORTPASS 1.5% 11/35","15yr",,,,,"2300008.77",,,,,,""
"2021-08-11","'3133A2W55'","MBS","UMBS MORTPASS 2.5% 03/50","30yr",,,,,"2298504.96",,,,,,""
"2021-08-11","'3140KVHC7'","MBS","UMBS MORTPASS 2% 01/51","30yr",,,,,"2297067.1",,,,,,""
"2021-08-11","'3140JR5V9'","MBS","UMBS MORTPASS 3.5% 04/49","30yr",,,,,"2296613.46",,,,,,""
"2021-08-11","'3140Q9M83'","MBS","UMBS MORTPASS 3.5% 08/48","30yr",,,,,"2294323.74",,,,,,""
"2021-08-11","'3132J8JN1'","MBS","FHLMCGLD 3.5% 04/43","30yr",,,,,"2293157.48",,,,,,""
"2021-08-11","'3133ANM92'","MBS","UMBS MORTPASS 2.5% 07/51","30yr",,,,,"2291467",,,,,,""
"2021-08-11","'31307WET7'","MBS","FHLMCGLD 3.5% 06/33","15yr",,,,,"2290891.53",,,,,,""
"2021-08-11","'3132KFNL2'","MBS","FHLMCGLD 2.5% 08/31","15yr",,,,,"2289246.93",,,,,,""
"2021-08-11","'3131YDKT0'","MBS","UMBS MORTPASS 3% 06/49","30yr",,,,,"2288914.11",,,,,,""
"2021-08-11","'3138X0ZW1'","MBS","UMBS MORTPASS 2.5% 07/28","15yr",,,,,"2288640.78",,,,,,""
"2021-08-11","'3132DMGT6'","MBS","UMBS MORTPASS 3% 12/49","30yr",,,,,"2288065.02",,,,,,""
"2021-08-11","'3131X9DJ0'","MBS","UMBS MORTPASS 2% 05/28","15yr",,,,,"2287607.78",,,,,,""
"2021-08-11","'3140L4Q93'","MBS","UMBS MORTPASS 1.5% 03/51","30yr",,,,,"2287468.35",,,,,,""
"2021-08-11","'3138AXWM9'","MBS","UMBS MORTPASS 3% 12/26","15yr",,,,,"2286983.55",,,,,,""
"2021-08-11","'3133AE6V1'","MBS","UMBS MORTPASS 1.5% 01/51","30yr",,,,,"2286845.32",,,,,,""
"2021-08-11","'3133GBVS0'","MBS","UMBS MORTPASS 2% 12/35","15yr",,,,,"2286494.75",,,,,,""
"2021-08-11","'3133ADKQ8'","MBS","UMBS MORTPASS 2% 12/50","30yr",,,,,"2285680.16",,,,,,""
"2021-08-11","'31329N2A5'","MBS","UMBS MORTPASS 3% 02/48","30yr",,,,,"2285245.97",,,,,,""
"2021-08-11","'3138YKYP2'","MBS","UMBS MORTPASS 2.5% 06/30","15yr",,,,,"2284882.24",,,,,,""
"2021-08-11","'3140KWB23'","MBS","UMBS MORTPASS 1.5% 02/36","15yr",,,,,"2284310.19",,,,,,""
"2021-08-11","'3140KEN95'","MBS","UMBS MORTPASS 2% 09/50","30yr",,,,,"2283193.75",,,,,,""
"2021-08-11","'3620AARH3'","MBS","GNMA I MORTPASS 5% 08/39","30yr",,,,,"2282716.37",,,,,,""
"2021-08-11","'3140QBTQ1'","MBS","UMBS MORTPASS 3.5% 09/44","30yr",,,,,"2282295.87",,,,,,""
"2021-08-11","'3133ALY51'","MBS","UMBS MORTPASS 2% 06/51","30yr",,,,,"2281354.37",,,,,,""
"2021-08-11","'3140X9CU7'","MBS","UMBS MORTPASS 1.5% 01/51","30yr",,,,,"2280453.22",,,,,,""
"2021-08-11","'31339UZL7'","MBS","UMBS MORTPASS 2.5% 11/49","30yr",,,,,"2279174.56",,,,,,""
"2021-08-11","'3138EHBG6'","MBS","UMBS MORTPASS 5.5% 04/39","30yr",,,,,"2279064.63",,,,,,"Y"
"2021-08-11","'3140KEBJ6'","MBS","UMBS MORTPASS 2.5% 05/35","15yr",,,,,"2278900.58",,,,,,""
"2021-08-11","'3140L3LN9'","MBS","UMBS MORTPASS 2% 02/51","30yr",,,,,"2277727.83",,,,,,""
"2021-08-11","'3140X7HE2'","MBS","UMBS MORTPASS 1.5% 08/50","30yr",,,,,"2276537.3",,,,,,""
"2021-08-11","'3138M7KE4'","MBS","UMBS MORTPASS 2.5% 10/42","30yr",,,,,"2276329.51",,,,,,""
"2021-08-11","'3133A0WB6'","MBS","UMBS MORTPASS 3.5% 01/50","30yr",,,,,"2276310.94",,,,,,""
"2021-08-11","'31418AQC5'","MBS","UMBS MORTPASS 2% 02/23","Other",,,,,"2276075.2",,,,,,""
"2021-08-11","'3132QLXG3'","MBS","FHLMCGLD 3.5% 01/45","30yr",,,,,"2274249.07",,,,,,""
"2021-08-11","'3140KFSN6'","MBS","UMBS MORTPASS 2% 08/50","30yr",,,,,"2272992.73",,,,,,""
"2021-08-11","'3140H7TQ0'","MBS","UMBS MORTPASS 3% 02/33","15yr",,,,,"2272948.95",,,,,,""
"2021-08-11","'3140F2TG5'","MBS","UMBS MORTPASS 2.5% 05/31","15yr",,,,,"2272759.94",,,,,,""
"2021-08-11","'3140L42E8'","MBS","UMBS MORTPASS 1.5% 02/51","30yr",,,,,"2271380.45",,,,,,""
"2021-08-11","'3133ADSP2'","MBS","UMBS MORTPASS 2.5% 12/50","30yr",,,,,"2271280.78",,,,,,""
"2021-08-11","'3132A9SZ1'","MBS","UMBS MORTPASS 2.5% 01/32","15yr",,,,,"2270827.71",,,,,,""
"2021-08-11","'3133ADCX2'","MBS","UMBS MORTPASS 1.5% 12/50","30yr",,,,,"2270499.66",,,,,,""
"2021-08-11","'3140L1SQ9'","MBS","UMBS MORTPASS 2% 01/36","15yr",,,,,"2268772.67",,,,,,""
"2021-08-11","'3133A3VN5'","MBS","UMBS MORTPASS 2.5% 04/50","30yr",,,,,"2268121.74",,,,,,""
"2021-08-11","'3140H7J73'","MBS","UMBS MORTPASS 3.5% 02/48","30yr",,,,,"2266581.46",,,,,,""
"2021-08-11","'3131YDFY5'","MBS","UMBS MORTPASS 3% 06/49","30yr",,,,,"2263048.93",,,,,,""
"2021-08-11","'36297GPW4'","MBS","GNMA I MORTPASS 4% 10/40","30yr",,,,,"2262080.67",,,,,,""
"2021-08-11","'3140JJWB1'","MBS","UMBS MORTPASS 4% 11/48","30yr",,,,,"2260765.75",,,,,,""
"2021-08-11","'3138E0SC4'","MBS","UMBS MORTPASS 3% 12/26","15yr",,,,,"2259912.75",,,,,,""
"2021-08-11","'3133KJSE3'","MBS","UMBS MORTPASS 1.5% 08/50","30yr",,,,,"2259276.2",,,,,,""
"2021-08-11","'3140L3UP4'","MBS","UMBS MORTPASS 2% 03/36","15yr",,,,,"2258713.64",,,,,,""
"2021-08-11","'31307F4N8'","MBS","FHLMCGLD 3% 01/29","15yr",,,,,"2257881.37",,,,,,""
"2021-08-11","'3140JGWE1'","MBS","UMBS MORTPASS 4.5% 09/48","30yr",,,,,"2252831.35",,,,,,""
"2021-08-11","'3140KCCN0'","MBS","UMBS MORTPASS 3% 03/50","30yr",,,,,"2252717.49",,,,,,""
"2021-08-11","'3131X8KH8'","MBS","UMBS MORTPASS 2.5% 12/27","15yr",,,,,"2252542.42",,,,,,""
"2021-08-11","'3140X7V22'","MBS","UMBS MORTPASS 2% 09/35","15yr",,,,,"2252293.58",,,,,,""
"2021-08-11","'3132A7YK1'","MBS","UMBS MORTPASS 2.5% 08/24","Other",,,,,"2252292.7",,,,,,""
"2021-08-11","'31334W3T6'","MBS","UMBS MORTPASS 3.5% 07/49","30yr",,,,,"2251747.2",,,,,,""
"2021-08-11","'3140K2A61'","MBS","UMBS MORTPASS 2.5% 10/34","15yr",,,,,"2250994.91",,,,,,""
"2021-08-11","'3133GDJC5'","MBS","UMBS MORTPASS 1.5% 06/36","15yr",,,,,"2250312.52",,,,,,""
"2021-08-11","'3132J9LC0'","MBS","FHLMCGLD 3% 05/43","30yr",,,,,"2248644.26",,,,,,""
"2021-08-11","'3140JYBU9'","MBS","UMBS MORTPASS 2.5% 11/49","30yr",,,,,"2248354.25",,,,,,""
"2021-08-11","'3132A9VE4'","MBS","UMBS MORTPASS 2.5% 06/33","15yr",,,,,"2248298.95",,,,,,""
"2021-08-11","'3140KPH71'","MBS","UMBS MORTPASS 2% 09/35","15yr",,,,,"2245937.22",,,,,,""
"2021-08-11","'3140L5JU1'","MBS","UMBS MORTPASS 2% 03/51","30yr",,,,,"2245655.86",,,,,,""
"2021-08-11","'3140LPCY6'","MBS","UMBS MORTPASS 1.5% 06/36","15yr",,,,,"2244950.69",,,,,,""
"2021-08-11","'3132M92P8'","MBS","FHLMCGLD 3.5% 10/44","30yr",,,,,"2243920.41",,,,,,""
"2021-08-11","'3140X8M61'","MBS","UMBS MORTPASS 2.5% 11/50","30yr",,,,,"2243258.45",,,,,,""
"2021-08-11","'31307TX30'","MBS","FHLMCGLD 2.5% 05/32","15yr",,,,,"2242567.5",,,,,,""
"2021-08-11","'3140HASD3'","MBS","UMBS MORTPASS 3.5% 05/48","30yr",,,,,"2241304.23",,,,,,""
"2021-08-11","'3140JK5G7'","MBS","UMBS MORTPASS 4.5% 11/48","30yr",,,,,"2241191.03",,,,,,""
"2021-08-11","'3133A7VR7'","MBS","UMBS MORTPASS 2% 07/50","30yr",,,,,"2239730.45",,,,,,""
"2021-08-11","'3140KGC35'","MBS","UMBS MORTPASS 2% 09/50","30yr",,,,,"2238508.13",,,,,,""
"2021-08-11","'3138WDUN9'","MBS","UMBS MORTPASS 2.5% 01/30","15yr",,,,,"2236735.31",,,,,,""
"2021-08-11","'3128M8VB7'","MBS","FHLMCGLD 3.5% 01/41","30yr",,,,,"2235073.67",,,,,,""
"2021-08-11","'3140K3MY5'","MBS","UMBS MORTPASS 3% 01/50","30yr",,,,,"2233098.7",,,,,,""
"2021-08-11","'3133AGUU1'","MBS","UMBS MORTPASS 2% 03/51","30yr",,,,,"2232939.73",,,,,,""
"2021-08-11","'3138WFBP0'","MBS","UMBS MORTPASS 3% 07/45","30yr",,,,,"2232234.5",,,,,,""
"2021-08-11","'3140X4DE3'","MBS","UMBS MORTPASS 3% 04/47","30yr",,,,,"2231992.75",,,,,,""
"2021-08-11","'3140K8A43'","MBS","UMBS MORTPASS 3.5% 01/50","30yr",,,,,"2231858.33",,,,,,""
"2021-08-11","'3140KXSE7'","MBS","UMBS MORTPASS 2% 12/50","30yr",,,,,"2228655.23",,,,,,""
"2021-08-11","'31418BXD3'","MBS","UMBS MORTPASS 2.5% 12/25","Other",,,,,"2227115.36",,,,,,""
"2021-08-11","'3133AGZT9'","MBS","UMBS MORTPASS 2% 03/51","30yr",,,,,"2227048.64",,,,,,""
"2021-08-11","'3133A4NK8'","MBS","UMBS MORTPASS 3% 05/50","30yr",,,,,"2226993.57",,,,,,""
"2021-08-11","'3138YN2G1'","MBS","UMBS MORTPASS 3% 04/45","30yr",,,,,"2226964.73",,,,,,""
"2021-08-11","'3140K5MX2'","MBS","UMBS MORTPASS 2% 08/50","30yr",,,,,"2226478.68",,,,,,""
"2021-08-11","'31418CF25'","MBS","UMBS MORTPASS 2% 01/27","Other",,,,,"2225308.87",,,,,,""
"2021-08-11","'3140H72X4'","MBS","UMBS MORTPASS 4% 02/48","30yr",,,,,"2225248.37",,,,,,""
"2021-08-11","'3140KKS47'","MBS","UMBS MORTPASS 2.5% 09/50","30yr",,,,,"2224799.04",,,,,,""
"2021-08-11","'3620AJCK3'","MBS","GNMA I MORTPASS 5% 01/40","30yr",,,,,"2223279.25",,,,,,""
"2021-08-11","'3140JWCC2'","MBS","UMBS MORTPASS 3.5% 07/49","30yr",,,,,"2221933.47",,,,,,""
"2021-08-11","'3128PXDP8'","MBS","FHLMCGLD 3% 11/26","15yr",,,,,"2220937.57",,,,,,""
"2021-08-11","'3131Y9ER0'","MBS","UMBS MORTPASS 4% 01/49","30yr",,,,,"2220762.62",,,,,,""
"2021-08-11","'3133A6PL9'","MBS","UMBS MORTPASS 3% 06/50","30yr",,,,,"2219829.03",,,,,,""
"2021-08-11","'3140KXSH0'","MBS","UMBS MORTPASS 2% 12/50","30yr",,,,,"2219686.33",,,,,,""
"2021-08-11","'3132J82S8'","MBS","FHLMCGLD 3% 03/43","30yr",,,,,"2219469.41",,,,,,""
"2021-08-11","'3133KGQP6'","MBS","UMBS MORTPASS 4% 09/49","30yr",,,,,"2217713.65",,,,,,""
"2021-08-11","'3138MBW93'","MBS","UMBS MORTPASS 3% 09/27","15yr",,,,,"2217533.72",,,,,,""
"2021-08-11","'3133AGYC7'","MBS","UMBS MORTPASS 1.5% 02/51","30yr",,,,,"2217379.64",,,,,,""
"2021-08-11","'3132QRFN5'","MBS","FHLMCGLD 3.5% 07/45","30yr",,,,,"2215937.48",,,,,,""
"2021-08-11","'3140LSXU5'","MBS","UMBS MORTPASS 2% 07/36","15yr",,,,,"2215102",,,,,,""
"2021-08-11","'3133A6XJ5'","MBS","UMBS MORTPASS 3% 06/50","30yr",,,,,"2214317.63",,,,,,""
"2021-08-11","'3140H5BM2'","MBS","UMBS MORTPASS 3% 01/33","15yr",,,,,"2213582.59",,,,,,""
"2021-08-11","'3133KGK98'","MBS","UMBS MORTPASS 3.5% 08/49","30yr",,,,,"2212009",,,,,,""
"2021-08-11","'3140K2NH3'","MBS","UMBS MORTPASS 2% 04/51","30yr",,,,,"2211785.22",,,,,,""
"2021-08-11","'3140HHEF8'","MBS","UMBS MORTPASS 3.5% 04/48","30yr",,,,,"2210589.41",,,,,,""
"2021-08-11","'3133AJSR5'","MBS","UMBS MORTPASS 2.5% 04/51","30yr",,,,,"2210152.64",,,,,,""
"2021-08-11","'3140JVQE5'","MBS","UMBS MORTPASS 4% 08/49","30yr",,,,,"2209905.39",,,,,,""
"2021-08-11","'3128MMYN7'","MBS","FHLMCGLD 3.5% 12/33","15yr",,,,,"2209861.1",,,,,,""
"2021-08-11","'3140L44C0'","MBS","UMBS MORTPASS 1.5% 03/51","30yr",,,,,"2209252.54",,,,,,""
"2021-08-11","'3140HAVT4'","MBS","UMBS MORTPASS 3.5% 07/48","30yr",,,,,"2208914.11",,,,,,""
"2021-08-11","'3133AJC43'","MBS","UMBS MORTPASS 1.5% 03/51","30yr",,,,,"2204363.28",,,,,,""
"2021-08-11","'3132A9SG3'","MBS","UMBS MORTPASS 2% 08/31","15yr",,,,,"2203262.63",,,,,,""
"2021-08-11","'3138M7RP2'","MBS","UMBS MORTPASS 3.5% 09/42","30yr",,,,,"2203067.1",,,,,,""
"2021-08-11","'3128MMYF4'","MBS","FHLMCGLD 3% 10/33","15yr",,,,,"2203005.75",,,,,,""
"2021-08-11","'3140QGYP6'","MBS","UMBS MORTPASS 2% 02/51","30yr",,,,,"2202546.93",,,,,,""
"2021-08-11","'3140JNX62'","MBS","UMBS MORTPASS 4.5% 05/49","30yr",,,,,"2202141.07",,,,,,""
"2021-08-11","'3140FLNR5'","MBS","UMBS MORTPASS 3.5% 12/46","30yr",,,,,"2201746.48",,,,,,""
"2021-08-11","'3138EGFY5'","MBS","UMBS MORTPASS 6.5% 11/38","30yr",,,,,"2201718.09",,,,,,"Y"
"2021-08-11","'3140QCWH5'","MBS","UMBS MORTPASS 3% 07/48","30yr",,,,,"2201640.69",,,,,,""
"2021-08-11","'3132HN3S6'","MBS","FHLMCGLD 3% 11/42","30yr",,,,,"2201588.7",,,,,,""
"2021-08-11","'3131YC6F8'","MBS","UMBS MORTPASS 4.5% 05/49","30yr",,,,,"2201089.32",,,,,,""
"2021-08-11","'31416XMW7'","MBS","UMBS MORTPASS 4% 02/41","30yr",,,,,"2199668.16",,,,,,""
"2021-08-11","'3140JKPS9'","MBS","UMBS MORTPASS 4.5% 04/49","30yr",,,,,"2197548.92",,,,,,""
"2021-08-11","'31417AKQ1'","MBS","UMBS MORTPASS 3% 11/26","15yr",,,,,"2196716.79",,,,,,""
"2021-08-11","'3140JG3Q6'","MBS","UMBS MORTPASS 3% 01/50","30yr",,,,,"2195614.82",,,,,,""
"2021-08-11","'3140QC6L5'","MBS","UMBS MORTPASS 4% 12/49","30yr",,,,,"2195436.57",,,,,,""
"2021-08-11","'31307Q4Y0'","MBS","FHLMCGLD 2.5% 05/31","15yr",,,,,"2194317.46",,,,,,""
"2021-08-11","'3138XYCC6'","MBS","UMBS MORTPASS 3% 02/27","15yr",,,,,"2190722.51",,,,,,""
"2021-08-11","'31417EFN6'","MBS","UMBS MORTPASS 2% 12/27","15yr",,,,,"2189715.65",,,,,,""
"2021-08-11","'3140QDZ80'","MBS","UMBS MORTPASS 2% 06/50","30yr",,,,,"2188645.62",,,,,,""
"2021-08-11","'3138NYCY9'","MBS","UMBS MORTPASS 3% 01/43","30yr",,,,,"2188247.9",,,,,,""
"2021-08-11","'3140L6UV4'","MBS","UMBS MORTPASS 2.5% 04/51","30yr",,,,,"2187592.45",,,,,,""
"2021-08-11","'3128MEJG7'","MBS","FHLMCGLD 3% 07/30","15yr",,,,,"2186955.97",,,,,,""
"2021-08-11","'3140KHHM6'","MBS","UMBS MORTPASS 2.5% 07/50","30yr",,,,,"2186718.89",,,,,,""
"2021-08-11","'3140KPRR6'","MBS","UMBS MORTPASS 2% 09/50","30yr",,,,,"2185123.46",,,,,,""
"2021-08-11","'36179QDX6'","MBS","GNMA II MORTPASS 3% 05/44","30yr",,,,,"2184369.28",,,,,,""
"2021-08-11","'3140KDCU2'","MBS","UMBS MORTPASS 2.5% 06/50","30yr",,,,,"2184245.63",,,,,,""
"2021-08-11","'31346YSG9'","MBS","UMBS MORTPASS 3.5% 12/49","30yr",,,,,"2182338.08",,,,,,""
"2021-08-11","'3133ALG77'","MBS","UMBS MORTPASS 2% 05/51","30yr",,,,,"2180691.67",,,,,,""
"2021-08-11","'3140JUA79'","MBS","UMBS MORTPASS 3% 09/49","30yr",,,,,"2180059.97",,,,,,""
"2021-08-11","'3133GCYN6'","MBS","UMBS MORTPASS 1.5% 04/36","15yr",,,,,"2180012.12",,,,,,""
"2021-08-11","'31307WS21'","MBS","FHLMCGLD 3% 09/33","15yr",,,,,"2178094.57",,,,,,""
"2021-08-11","'3138MKAX4'","MBS","UMBS MORTPASS 2.5% 11/27","15yr",,,,,"2177958.84",,,,,,""
"2021-08-11","'31339SRF4'","MBS","UMBS MORTPASS 3% 09/49","30yr",,,,,"2177901.82",,,,,,""
"2021-08-11","'3132QLJD6'","MBS","FHLMCGLD 3.5% 12/44","30yr",,,,,"2177433.55",,,,,,""
"2021-08-11","'31329MG46'","MBS","UMBS MORTPASS 3% 06/30","15yr",,,,,"2177397.7",,,,,,""
"2021-08-11","'3140X4Y83'","MBS","UMBS MORTPASS 3.5% 06/49","30yr",,,,,"2177266.42",,,,,,""
"2021-08-11","'3133AKYL8'","MBS","UMBS MORTPASS 2% 04/51","30yr",,,,,"2176705.56",,,,,,""
"2021-08-11","'3140JVMA7'","MBS","UMBS MORTPASS 3% 06/49","30yr",,,,,"2176497.3",,,,,,""
"2021-08-11","'3131YALV0'","MBS","UMBS MORTPASS 3.5% 03/49","30yr",,,,,"2174120.39",,,,,,""
"2021-08-11","'3138Y1DW2'","MBS","UMBS MORTPASS 4% 09/44","30yr",,,,,"2172665.11",,,,,,""
"2021-08-11","'3133ABMX5'","MBS","UMBS MORTPASS 2.5% 10/50","30yr",,,,,"2171223",,,,,,""
"2021-08-11","'3140QDP32'","MBS","UMBS MORTPASS 3% 05/48","30yr",,,,,"2170961.89",,,,,,""
"2021-08-11","'31307NXD1'","MBS","FHLMCGLD 2.5% 08/30","15yr",,,,,"2168965.27",,,,,,""
"2021-08-11","'3132A9Q34'","MBS","UMBS MORTPASS 3% 07/30","15yr",,,,,"2168923.59",,,,,,""
"2021-08-11","'31418BRF5'","MBS","UMBS MORTPASS 2% 05/30","15yr",,,,,"2168659.17",,,,,,""
"2021-08-11","'31418AR83'","MBS","UMBS MORTPASS 2% 04/28","15yr",,,,,"2167076.39",,,,,,""
"2021-08-11","'3140JPMS1'","MBS","UMBS MORTPASS 3% 06/49","30yr",,,,,"2166238.85",,,,,,""
"2021-08-11","'3132A9MQ7'","MBS","UMBS MORTPASS 2.5% 07/27","15yr",,,,,"2165832.62",,,,,,""
"2021-08-11","'3140JHSU8'","MBS","UMBS MORTPASS 4% 09/48","30yr",,,,,"2165739.15",,,,,,""
"2021-08-11","'3620AHE66'","MBS","GNMA I 4.5% 12/39","30yr",,,,,"2165700.42",,,,,,""
"2021-08-11","'3133GBFN9'","MBS","UMBS MORTPASS 1.5% 12/35","15yr",,,,,"2165301.57",,,,,,""
"2021-08-11","'31417FP51'","MBS","UMBS MORTPASS 2.5% 03/28","15yr",,,,,"2164622.3",,,,,,""
"2021-08-11","'3140JVD25'","MBS","UMBS MORTPASS 4% 07/49","30yr",,,,,"2163368.07",,,,,,""
"2021-08-11","'3140QDMT8'","MBS","UMBS MORTPASS 4.5% 02/50","30yr",,,,,"2162026",,,,,,""
"2021-08-11","'3138W0YS2'","MBS","UMBS MORTPASS 3% 01/43","30yr",,,,,"2161880.61",,,,,,""
"2021-08-11","'3133A8GN1'","MBS","UMBS MORTPASS 2% 08/50","30yr",,,,,"2161465.43",,,,,,""
"2021-08-11","'3140K4SH4'","MBS","UMBS MORTPASS 3% 12/49","30yr",,,,,"2160469.14",,,,,,""
"2021-08-11","'3131YAHG8'","MBS","UMBS MORTPASS 4.5% 03/49","30yr",,,,,"2159779.36",,,,,,""
"2021-08-11","'31307RLC7'","MBS","FHLMCGLD 2.5% 07/31","15yr",,,,,"2159358.64",,,,,,""
"2021-08-11","'3132XWHL8'","MBS","FHLMCGLD 3.5% 01/48","30yr",,,,,"2158895.65",,,,,,""
"2021-08-11","'3133AD5S1'","MBS","UMBS MORTPASS 1.5% 01/51","30yr",,,,,"2158085.81",,,,,,""
"2021-08-11","'31418CRJ5'","MBS","UMBS MORTPASS 3% 11/32","15yr",,,,,"2157865.4",,,,,,""
"2021-08-11","'31418CWF7'","MBS","UMBS MORTPASS 3.5% 04/28","Other",,,,,"2156692.41",,,,,,""
"2021-08-11","'3133KGU22'","MBS","UMBS MORTPASS 3% 10/49","30yr",,,,,"2154923.05",,,,,,""
"2021-08-11","'3132A9R74'","MBS","UMBS MORTPASS 2.5% 05/31","15yr",,,,,"2153898.03",,,,,,""
"2021-08-11","'3140KXMB9'","MBS","UMBS MORTPASS 2% 12/50","30yr",,,,,"2153569.41",,,,,,""
"2021-08-11","'31417F7K8'","MBS","UMBS MORTPASS 2.5% 04/28","15yr",,,,,"2151969.24",,,,,,""
"2021-08-11","'3138MJH44'","MBS","UMBS MORTPASS 2.5% 11/42","30yr",,,,,"2151312.76",,,,,,""
"2021-08-11","'31307DQ33'","MBS","FHLMCGLD 3% 08/28","15yr",,,,,"2149771.79",,,,,,""
"2021-08-11","'3140HGR90'","MBS","UMBS MORTPASS 4.5% 03/48","30yr",,,,,"2149494.74",,,,,,""
"2021-08-11","'31307DXN1'","MBS","FHLMCGLD 3% 08/28","15yr",,,,,"2148843.15",,,,,,""
"2021-08-11","'3138YD2C2'","MBS","UMBS MORTPASS 3% 03/45","30yr",,,,,"2148352.27",,,,,,""
"2021-08-11","'3140HH2Z7'","MBS","UMBS MORTPASS 3.5% 04/33","15yr",,,,,"2146197.9",,,,,,""
"2021-08-11","'3138WC3H4'","MBS","UMBS MORTPASS 2.5% 10/29","15yr",,,,,"2145962.25",,,,,,""
"2021-08-11","'3140H1H52'","MBS","UMBS MORTPASS 4.5% 09/47","30yr",,,,,"2145798.74",,,,,,""
"2021-08-11","'3140LSVQ6'","MBS","UMBS MORTPASS 2% 07/51","30yr",,,,,"2145076",,,,,,""
"2021-08-11","'3138WFZH2'","MBS","UMBS MORTPASS 2.5% 11/30","15yr",,,,,"2141661.73",,,,,,""
"2021-08-11","'36180JA95'","MBS","GNMA I MORTPASS 3% 05/43","30yr",,,,,"2140979.76",,,,,,""
"2021-08-11","'3138MK5Y8'","MBS","UMBS MORTPASS 2.5% 12/27","15yr",,,,,"2140645.55",,,,,,""
"2021-08-11","'3140J96T3'","MBS","UMBS MORTPASS 3% 06/28","15yr",,,,,"2139051.52",,,,,,""
"2021-08-11","'3133ALLH9'","MBS","UMBS MORTPASS 2% 05/51","30yr",,,,,"2138631.83",,,,,,""
"2021-08-11","'31417AVC0'","MBS","UMBS MORTPASS 3% 01/27","15yr",,,,,"2138434.06",,,,,,""
"2021-08-11","'3140KP7H0'","MBS","UMBS MORTPASS 2% 02/51","30yr",,,,,"2137641.91",,,,,,""
"2021-08-11","'36176H5X8'","MBS","GNMA I MORTPASS 3% 06/43","30yr",,,,,"2137433.92",,,,,,""
"2021-08-11","'31417BLC9'","MBS","UMBS MORTPASS 3% 04/42","30yr",,,,,"2134778.3",,,,,,""
"2021-08-11","'31418B6Y7'","MBS","UMBS MORTPASS 3% 07/26","Other",,,,,"2134775.57",,,,,,""
"2021-08-11","'31417GFW1'","MBS","UMBS MORTPASS 2% 05/23","Other",,,,,"2134584.67",,,,,,""
"2021-08-11","'31417A6W4'","MBS","UMBS MORTPASS 3% 02/27","15yr",,,,,"2134500.41",,,,,,""
"2021-08-11","'3138WGCB8'","MBS","UMBS MORTPASS 2.5% 12/25","Other",,,,,"2134031.74",,,,,,""
"2021-08-11","'3140KMCD0'","MBS","UMBS MORTPASS 2% 09/50","30yr",,,,,"2133318.74",,,,,,""
"2021-08-11","'3140L4A41'","MBS","UMBS MORTPASS 2% 02/51","30yr",,,,,"2133169.19",,,,,,""
"2021-08-11","'3138WB6R1'","MBS","UMBS MORTPASS 3% 06/29","15yr",,,,,"2132555.66",,,,,,""
"2021-08-11","'3131Y2WH7'","MBS","UMBS MORTPASS 4% 08/48","30yr",,,,,"2132358.75",,,,,,""
"2021-08-11","'3140K8N80'","MBS","UMBS MORTPASS 3% 02/50","30yr",,,,,"2131730.8",,,,,,""
"2021-08-11","'3132A7P96'","MBS","UMBS MORTPASS 2% 07/23","Other",,,,,"2131388.48",,,,,,""
"2021-08-11","'3140L46T1'","MBS","UMBS MORTPASS 2% 03/36","15yr",,,,,"2130089.52",,,,,,""
"2021-08-11","'3132A7RB9'","MBS","UMBS MORTPASS 2.5% 06/23","Other",,,,,"2129692.92",,,,,,""
"2021-08-11","'3138MFM46'","MBS","UMBS MORTPASS 2.5% 10/27","15yr",,,,,"2128651.75",,,,,,""
"2021-08-11","'31417EZS3'","MBS","UMBS MORTPASS 3% 02/43","30yr",,,,,"2127903.06",,,,,,""
"2021-08-11","'36296WAS5'","MBS","GNMA I MORTPASS 4% 05/39","30yr",,,,,"2127208.24",,,,,,""
"2021-08-11","'36177MPF3'","MBS","GNMA I 3.5% 02/42","30yr",,,,,"2126525.65",,,,,,""
"2021-08-11","'3140HAQS2'","MBS","UMBS MORTPASS 3.5% 03/48","30yr",,,,,"2126495.25",,,,,,""
"2021-08-11","'3140JRTU5'","MBS","UMBS MORTPASS 3.5% 04/49","30yr",,,,,"2125689.32",,,,,,""
"2021-08-11","'3140EWRY3'","MBS","UMBS MORTPASS 3% 02/46","30yr",,,,,"2124203.26",,,,,,""
"2021-08-11","'3138WBZF5'","MBS","UMBS MORTPASS 3% 05/29","15yr",,,,,"2123798.83",,,,,,""
"2021-08-11","'3138W6QL3'","MBS","UMBS MORTPASS 3% 05/27","15yr",,,,,"2120537.87",,,,,,""
"2021-08-11","'36295RNS3'","MBS","GNMA I 4.5% 04/39","30yr",,,,,"2120128.66",,,,,,""
"2021-08-11","'3140QARJ1'","MBS","UMBS MORTPASS 2.5% 08/32","15yr",,,,,"2119976.81",,,,,,""
"2021-08-11","'3133AJ3M3'","MBS","UMBS MORTPASS 1.5% 04/51","30yr",,,,,"2119286.29",,,,,,""
"2021-08-11","'31339SL86'","MBS","UMBS MORTPASS 3% 09/49","30yr",,,,,"2119159.2",,,,,,""
"2021-08-11","'31329LFJ6'","MBS","UMBS MORTPASS 2.5% 04/28","15yr",,,,,"2118934.32",,,,,,""
"2021-08-11","'3140HMQN7'","MBS","UMBS MORTPASS 4.5% 10/48","30yr",,,,,"2118802.95",,,,,,""
"2021-08-11","'36180XDC4'","MBS","GNMA I 3.5% 06/43","30yr",,,,,"2118661.56",,,,,,""
"2021-08-11","'3140L7AG7'","MBS","UMBS MORTPASS 2% 04/51","30yr",,,,,"2118641.81",,,,,,""
"2021-08-11","'3140KVQG8'","MBS","UMBS MORTPASS 2% 03/51","30yr",,,,,"2117569.96",,,,,,""
"2021-08-11","'3132A9QP5'","MBS","UMBS MORTPASS 2.5% 04/30","15yr",,,,,"2116893.23",,,,,,""
"2021-08-11","'3140GVD36'","MBS","UMBS MORTPASS 3% 01/33","15yr",,,,,"2116667.74",,,,,,""
"2021-08-11","'31307JKA0'","MBS","FHLMCGLD 3% 09/29","15yr",,,,,"2116281.13",,,,,,""
"2021-08-11","'3140LRAG3'","MBS","UMBS MORTPASS 2.5% 06/51","30yr",,,,,"2116174.6",,,,,,""
"2021-08-11","'3620A7QC2'","MBS","GNMA I 4.5% 12/39","30yr",,,,,"2114742.64",,,,,,""
"2021-08-11","'3140KMGY0'","MBS","UMBS MORTPASS 1.5% 09/35","15yr",,,,,"2113043.41",,,,,,""
"2021-08-11","'3140FHYV3'","MBS","UMBS MORTPASS 2.5% 10/31","15yr",,,,,"2113030.14",,,,,,""
"2021-08-11","'3140KHVF5'","MBS","UMBS MORTPASS 2.5% 08/50","30yr",,,,,"2112901.14",,,,,,""
"2021-08-11","'3133GBW42'","MBS","UMBS MORTPASS 1.5% 02/36","15yr",,,,,"2110411.98",,,,,,""
"2021-08-11","'3138WND30'","MBS","UMBS MORTPASS 2.5% 05/28","15yr",,,,,"2110088.96",,,,,,""
"2021-08-11","'3131X8TH9'","MBS","UMBS MORTPASS 2.5% 02/28","15yr",,,,,"2109833.85",,,,,,""
"2021-08-11","'3133AJL92'","MBS","UMBS MORTPASS 2% 04/51","30yr",,,,,"2109444.81",,,,,,""
"2021-08-11","'36295CGC9'","MBS","GNMA I MORTPASS 3% 12/42","30yr",,,,,"2108845.39",,,,,,""
"2021-08-11","'3131YAXW5'","MBS","UMBS MORTPASS 4.5% 03/49","30yr",,,,,"2107190.88",,,,,,""
"2021-08-11","'3132DMEY7'","MBS","UMBS MORTPASS 4% 06/49","30yr",,,,,"2106826.91",,,,,,""
"2021-08-11","'3140E8GJ1'","MBS","UMBS MORTPASS 2.5% 04/31","15yr",,,,,"2106705.81",,,,,,""
"2021-08-11","'3138W9UD0'","MBS","UMBS MORTPASS 2.5% 09/23","Other",,,,,"2106263.11",,,,,,""
"2021-08-11","'3138XQL90'","MBS","UMBS MORTPASS 3% 05/29","15yr",,,,,"2106215.29",,,,,,""
"2021-08-11","'3140HJWZ0'","MBS","UMBS MORTPASS 3.5% 06/33","15yr",,,,,"2104735.46",,,,,,""
"2021-08-11","'3140XAWT5'","MBS","UMBS MORTPASS 2% 04/36","15yr",,,,,"2102833.44",,,,,,""
"2021-08-11","'3131X8U79'","MBS","UMBS MORTPASS 2% 03/28","15yr",,,,,"2101966.93",,,,,,""
"2021-08-11","'3132QMGQ8'","MBS","FHLMCGLD 3.5% 12/44","30yr",,,,,"2101894.7",,,,,,""
"2021-08-11","'3138MA6U7'","MBS","UMBS MORTPASS 3% 10/42","30yr",,,,,"2101334.75",,,,,,""
"2021-08-11","'3140X5VU4'","MBS","UMBS MORTPASS 3% 02/50","30yr",,,,,"2099693.94",,,,,,""
"2021-08-11","'3140GN2E2'","MBS","UMBS MORTPASS 3% 01/50","30yr",,,,,"2099266.12",,,,,,""
"2021-08-11","'3133GDD56'","MBS","UMBS MORTPASS 1.5% 05/36","15yr",,,,,"2098900.6",,,,,,""
"2021-08-11","'3138E2MC6'","MBS","UMBS MORTPASS 3% 01/27","15yr",,,,,"2098174.08",,,,,,""
"2021-08-11","'3131YA7J3'","MBS","UMBS MORTPASS 3.5% 03/49","30yr",,,,,"2097603.83",,,,,,""
"2021-08-11","'3138WSRW0'","MBS","UMBS MORTPASS 2.5% 05/28","15yr",,,,,"2097291.03",,,,,,""
"2021-08-11","'3138ERXC9'","MBS","UMBS MORTPASS 3% 04/26","Other",,,,,"2096875.69",,,,,,""
"2021-08-11","'36179RBY4'","MBS","GNMA II MORTPASS 4% 04/45","30yr",,,,,"2096549.35",,,,,,""
"2021-08-11","'3133AGLS6'","MBS","UMBS MORTPASS 1.5% 03/51","30yr",,,,,"2095843.08",,,,,,""
"2021-08-11","'3140KFQ65'","MBS","UMBS MORTPASS 2.5% 06/50","30yr",,,,,"2095382.77",,,,,,""
"2021-08-11","'31418AEV6'","MBS","UMBS MORTPASS 2.5% 04/27","15yr",,,,,"2094536.72",,,,,,""
"2021-08-11","'3140KAX76'","MBS","UMBS MORTPASS 2% 05/51","30yr",,,,,"2092438.14",,,,,,""
"2021-08-11","'31334WMN8'","MBS","UMBS MORTPASS 4.5% 06/49","30yr",,,,,"2091367.79",,,,,,""
"2021-08-11","'3138ELFP3'","MBS","UMBS MORTPASS 3% 06/28","15yr",,,,,"2090812.56",,,,,,""
"2021-08-11","'31339UCN8'","MBS","UMBS MORTPASS 2.5% 10/49","30yr",,,,,"2090252.24",,,,,,""
"2021-08-11","'3140LPRN4'","MBS","UMBS MORTPASS 2% 05/51","30yr",,,,,"2090036.68",,,,,,""
"2021-08-11","'3131X8T63'","MBS","UMBS MORTPASS 2.5% 03/28","15yr",,,,,"2089477.46",,,,,,""
"2021-08-11","'3140Q94P5'","MBS","UMBS MORTPASS 4% 11/43","30yr",,,,,"2088991.7",,,,,,""
"2021-08-11","'3140JVP71'","MBS","UMBS MORTPASS 3.5% 08/49","30yr",,,,,"2088505.93",,,,,,""
"2021-08-11","'3140Q87M1'","MBS","UMBS MORTPASS 3.5% 05/33","15yr",,,,,"2088234.46",,,,,,""
"2021-08-11","'3133G7P49'","MBS","UMBS MORTPASS 2% 01/35","15yr",,,,,"2085329.24",,,,,,""
"2021-08-11","'3140H7D38'","MBS","UMBS MORTPASS 3.5% 05/33","15yr",,,,,"2083426.84",,,,,,""
"2021-08-11","'3138XPC50'","MBS","UMBS MORTPASS 3.5% 05/29","15yr",,,,,"2082380.89",,,,,,""
"2021-08-11","'36177L2G8'","MBS","GNMA I 3.5% 12/41","30yr",,,,,"2082037.34",,,,,,""
"2021-08-11","'36181BKH2'","MBS","GNMA I 3.5% 06/43","30yr",,,,,"2081905.32",,,,,,""
"2021-08-11","'31418CU93'","MBS","UMBS MORTPASS 4.5% 03/48","30yr",,,,,"2081425.91",,,,,,""
"2021-08-11","'3140KEZB7'","MBS","UMBS MORTPASS 2.5% 08/50","30yr",,,,,"2081342.95",,,,,,""
"2021-08-11","'3132AD7G7'","MBS","UMBS MORTPASS 2.5% 07/30","15yr",,,,,"2078586.56",,,,,,""
"2021-08-11","'3132A9RT6'","MBS","UMBS MORTPASS 3% 02/31","15yr",,,,,"2077862.57",,,,,,""
"2021-08-11","'36180EPV1'","MBS","GNMA I MORTPASS 3% 04/43","30yr",,,,,"2077381.88",,,,,,""
"2021-08-11","'31416YBY3'","MBS","UMBS MORTPASS 3.5% 04/26","15yr",,,,,"2076724.13",,,,,,""
"2021-08-11","'3140JYTL0'","MBS","UMBS MORTPASS 4% 08/49","30yr",,,,,"2076669.08",,,,,,""
"2021-08-11","'36295R5K0'","MBS","GNMA I 4.5% 12/39","30yr",,,,,"2076358",,,,,,""
"2021-08-11","'31307VC79'","MBS","FHLMCGLD 2.5% 12/32","15yr",,,,,"2075953.19",,,,,,""
"2021-08-11","'3131XY6H7'","MBS","UMBS MORTPASS 3.5% 01/48","30yr",,,,,"2075184.31",,,,,,""
"2021-08-11","'3140X4V78'","MBS","UMBS MORTPASS 3% 10/27","Other",,,,,"2074903.55",,,,,,""
"2021-08-11","'3140KMBV1'","MBS","UMBS MORTPASS 2% 09/50","30yr",,,,,"2074418.36",,,,,,""
"2021-08-11","'3140QBTC2'","MBS","UMBS MORTPASS 3% 02/49","30yr",,,,,"2074395.82",,,,,,""
"2021-08-11","'3140JVS45'","MBS","UMBS MORTPASS 3% 10/49","30yr",,,,,"2074103.67",,,,,,""
"2021-08-11","'31418DFB3'","MBS","UMBS MORTPASS 2.5% 08/39","Other",,,,,"2073410.64",,,,,,""
"2021-08-11","'3128MJVN7'","MBS","FHLMCGLD 3.5% 12/44","30yr",,,,,"2072799.01",,,,,,""
"2021-08-11","'3140KF5H4'","MBS","UMBS MORTPASS 2.5% 07/50","30yr",,,,,"2072697.1",,,,,,""
"2021-08-11","'3140JXJK5'","MBS","UMBS MORTPASS 3% 09/49","30yr",,,,,"2072695.52",,,,,,""
"2021-08-11","'3140HEWB4'","MBS","UMBS MORTPASS 3.5% 07/33","15yr",,,,,"2072518.15",,,,,,""
"2021-08-11","'31417DT45'","MBS","UMBS MORTPASS 2.5% 11/27","15yr",,,,,"2071251.73",,,,,,""
"2021-08-11","'3140K7NN9'","MBS","UMBS MORTPASS 3% 03/50","30yr",,,,,"2070544.24",,,,,,""
"2021-08-11","'3140EAPH0'","MBS","UMBS MORTPASS 3% 11/30","15yr",,,,,"2070137.02",,,,,,""
"2021-08-11","'3138WJPX0'","MBS","UMBS MORTPASS 2% 12/26","Other",,,,,"2070042.03",,,,,,""
"2021-08-11","'3140HNKT8'","MBS","UMBS MORTPASS 2.5% 01/51","30yr",,,,,"2068911.63",,,,,,""
"2021-08-11","'36296WAT3'","MBS","GNMA I 4.5% 05/39","30yr",,,,,"2068681.58",,,,,,""
"2021-08-11","'3138AXWP2'","MBS","UMBS MORTPASS 3% 12/26","15yr",,,,,"2065758.94",,,,,,""
"2021-08-11","'3140JWVP2'","MBS","UMBS MORTPASS 2.5% 08/34","15yr",,,,,"2065753.81",,,,,,""
"2021-08-11","'3140JMKT8'","MBS","UMBS MORTPASS 3.5% 02/49","30yr",,,,,"2065219.43",,,,,,""
"2021-08-11","'3132MAUE9'","MBS","FHLMCGLD 3.5% 10/44","30yr",,,,,"2064951.26",,,,,,""
"2021-08-11","'3140KFST3'","MBS","UMBS MORTPASS 2.5% 08/50","30yr",,,,,"2064764.64",,,,,,""
"2021-08-11","'3138WC3G6'","MBS","UMBS MORTPASS 2.5% 10/29","15yr",,,,,"2063899.56",,,,,,""
"2021-08-11","'3620AJKV0'","MBS","GNMA I 4.5% 01/40","30yr",,,,,"2062705.36",,,,,,""
"2021-08-11","'3138AXJT9'","MBS","UMBS MORTPASS 3% 11/26","15yr",,,,,"2061771.6",,,,,,""
"2021-08-11","'31306YE64'","MBS","FHLMCGLD 2.5% 11/27","15yr",,,,,"2061634.78",,,,,,""
"2021-08-11","'3140LQ5P1'","MBS","UMBS MORTPASS 2% 03/51","30yr",,,,,"2059455.43",,,,,,""
"2021-08-11","'3140J7ZX6'","MBS","UMBS MORTPASS 2% 09/28","15yr",,,,,"2058865.51",,,,,,""
"2021-08-11","'3140JVJP8'","MBS","UMBS MORTPASS 3.5% 07/49","30yr",,,,,"2058852.31",,,,,,""
"2021-08-11","'36297FSY9'","MBS","GNMA I MORTPASS 5% 08/39","30yr",,,,,"2057155.63",,,,,,""
"2021-08-11","'3133A9YM1'","MBS","UMBS MORTPASS 2.5% 09/50","30yr",,,,,"2056880.35",,,,,,""
"2021-08-11","'36176H5W0'","MBS","GNMA I MORTPASS 3% 06/43","30yr",,,,,"2056678.51",,,,,,""
"2021-08-11","'3140KBV35'","MBS","UMBS MORTPASS 2% 05/35","15yr",,,,,"2056644.35",,,,,,""
"2021-08-11","'3132J7X72'","MBS","FHLMCGLD 3% 03/43","30yr",,,,,"2054980.65",,,,,,""
"2021-08-11","'3132A8EU9'","MBS","UMBS MORTPASS 2.5% 07/29","15yr",,,,,"2053065.06",,,,,,""
"2021-08-11","'3133AGXM6'","MBS","UMBS MORTPASS 2.5% 03/51","30yr",,,,,"2053056.81",,,,,,""
"2021-08-11","'3140K8RX1'","MBS","UMBS MORTPASS 3% 03/50","30yr",,,,,"2052542.42",,,,,,""
"2021-08-11","'3140JJNV7'","MBS","UMBS MORTPASS 4% 12/48","30yr",,,,,"2052510.39",,,,,,""
"2021-08-11","'31346YVM2'","MBS","UMBS MORTPASS 3.5% 11/49","30yr",,,,,"2052435.38",,,,,,""
"2021-08-11","'3138WDZY0'","MBS","UMBS MORTPASS 3% 01/25","Other",,,,,"2052421.49",,,,,,""
"2021-08-11","'3138NYBK0'","MBS","UMBS MORTPASS 2.5% 12/27","15yr",,,,,"2052274.52",,,,,,""
"2021-08-11","'3140KRSG5'","MBS","UMBS MORTPASS 2.5% 11/50","30yr",,,,,"2051817.8",,,,,,""
"2021-08-11","'3133A36K9'","MBS","UMBS MORTPASS 2.5% 04/45","30yr",,,,,"2051548.75",,,,,,""
"2021-08-11","'31307VGP5'","MBS","FHLMCGLD 3% 01/33","15yr",,,,,"2050366.28",,,,,,""
"2021-08-11","'3140L1RT4'","MBS","UMBS MORTPASS 1.5% 02/51","30yr",,,,,"2050177.27",,,,,,""
"2021-08-11","'3138EKGS8'","MBS","UMBS MORTPASS 3% 08/27","15yr",,,,,"2049960.2",,,,,,""
"2021-08-11","'3140K4A34'","MBS","UMBS MORTPASS 3% 11/49","30yr",,,,,"2049066.66",,,,,,""
"2021-08-11","'3138MP2T1'","MBS","UMBS MORTPASS 3% 12/42","30yr",,,,,"2048588.89",,,,,,""
"2021-08-11","'3128MMUT8'","MBS","FHLMCGLD 3.5% 03/31","15yr",,,,,"2048325.85",,,,,,""
"2021-08-11","'3138LRL91'","MBS","UMBS MORTPASS 3.5% 05/42","30yr",,,,,"2047121.76",,,,,,""
"2021-08-11","'3133KHJT4'","MBS","UMBS MORTPASS 4% 10/49","30yr",,,,,"2046538.29",,,,,,""
"2021-08-11","'3140K2BS2'","MBS","UMBS MORTPASS 3% 12/49","30yr",,,,,"2046510.24",,,,,,""
"2021-08-11","'3133ANU69'","MBS","UMBS MORTPASS 2% 07/51","30yr",,,,,"2045949",,,,,,""
"2021-08-11","'3140Q9HL0'","MBS","UMBS MORTPASS 4% 07/43","30yr",,,,,"2045529.4",,,,,,""
"2021-08-11","'3140X4ZT6'","MBS","UMBS MORTPASS 3.5% 09/49","30yr",,,,,"2045242.25",,,,,,""
"2021-08-11","'3133A1JP8'","MBS","UMBS MORTPASS 3% 02/50","30yr",,,,,"2045124.82",,,,,,""
"2021-08-11","'31417CKY0'","MBS","UMBS MORTPASS 2.5% 07/27","15yr",,,,,"2044305.61",,,,,,""
"2021-08-11","'3140JPVN2'","MBS","UMBS MORTPASS 2% 01/51","30yr",,,,,"2044063.02",,,,,,""
"2021-08-11","'3131X8G42'","MBS","UMBS MORTPASS 2.5% 12/27","15yr",,,,,"2043495.25",,,,,,""
"2021-08-11","'31417FZN1'","MBS","UMBS MORTPASS 2.5% 04/23","Other",,,,,"2042873.85",,,,,,""
"2021-08-11","'3138WFX35'","MBS","UMBS MORTPASS 2.5% 11/25","Other",,,,,"2042658.91",,,,,,""
"2021-08-11","'3140HDQU1'","MBS","UMBS MORTPASS 3% 12/44","30yr",,,,,"2042635.23",,,,,,""
"2021-08-11","'3140KMPB0'","MBS","UMBS MORTPASS 2% 10/35","15yr",,,,,"2042319.4",,,,,,""
"2021-08-11","'31418BZE9'","MBS","UMBS MORTPASS 2.5% 02/26","Other",,,,,"2042190.9",,,,,,""
"2021-08-11","'3133GDMA5'","MBS","UMBS MORTPASS 1.5% 06/36","15yr",,,,,"2039180.97",,,,,,""
"2021-08-11","'3133AHC88'","MBS","UMBS MORTPASS 2% 02/51","30yr",,,,,"2038172.26",,,,,,""
"2021-08-11","'3140JUCY8'","MBS","UMBS MORTPASS 3% 11/49","30yr",,,,,"2037642.38",,,,,,""
"2021-08-11","'3140JAKB3'","MBS","UMBS MORTPASS 2.5% 03/24","Other",,,,,"2037563.76",,,,,,""
"2021-08-11","'3138WJPY8'","MBS","UMBS MORTPASS 2.5% 12/26","Other",,,,,"2037128.99",,,,,,""
"2021-08-11","'36230LKK4'","MBS","GNMA I MORTPASS 3% 12/42","30yr",,,,,"2036419.85",,,,,,""
"2021-08-11","'3132J6AQ7'","MBS","FHLMCGLD 3% 01/43","30yr",,,,,"2035298.89",,,,,,""
"2021-08-11","'3131X75P9'","MBS","UMBS MORTPASS 2.5% 09/27","15yr",,,,,"2034876.7",,,,,,""
"2021-08-11","'31417C3A1'","MBS","UMBS MORTPASS 2.5% 09/27","15yr",,,,,"2034677.09",,,,,,""
"2021-08-11","'3140LUHC8'","MBS","UMBS MORTPASS 1.5% 07/36","15yr",,,,,"2033675",,,,,,""
"2021-08-11","'3132CWK60'","MBS","UMBS MORTPASS 3% 07/33","15yr",,,,,"2033261.04",,,,,,""
"2021-08-11","'31418CSC9'","MBS","UMBS MORTPASS 3% 12/37","Other",,,,,"2032951.63",,,,,,""
"2021-08-11","'3140JVRA2'","MBS","UMBS MORTPASS 2.5% 06/34","15yr",,,,,"2032841.29",,,,,,""
"2021-08-11","'3138YXUL7'","MBS","UMBS MORTPASS 3% 07/45","30yr",,,,,"2032670.7",,,,,,""
"2021-08-11","'3128MMXM0'","MBS","FHLMCGLD 2.5% 04/33","15yr",,,,,"2031882.27",,,,,,""
"2021-08-11","'3138M05J5'","MBS","UMBS MORTPASS 3.5% 07/42","30yr",,,,,"2031582.61",,,,,,""
"2021-08-11","'3140KYW67'","MBS","UMBS MORTPASS 2% 01/51","30yr",,,,,"2030464.18",,,,,,""
"2021-08-11","'3140JRZZ7'","MBS","UMBS MORTPASS 3% 05/49","30yr",,,,,"2029859.13",,,,,,""
"2021-08-11","'3133ALWR5'","MBS","UMBS MORTPASS 2% 05/51","30yr",,,,,"2026779.64",,,,,,""
"2021-08-11","'3133A4LL8'","MBS","UMBS MORTPASS 3% 04/50","30yr",,,,,"2026429.1",,,,,,""
"2021-08-11","'3140K33W0'","MBS","UMBS MORTPASS 2.5% 03/50","30yr",,,,,"2026028.97",,,,,,""
"2021-08-11","'3140LPLL4'","MBS","UMBS MORTPASS 1.5% 07/36","15yr",,,,,"2023934",,,,,,""
"2021-08-11","'3138YD4D8'","MBS","UMBS MORTPASS 3% 04/45","30yr",,,,,"2021663.45",,,,,,""
"2021-08-11","'3140L3MA6'","MBS","UMBS MORTPASS 2% 02/36","15yr",,,,,"2019907.05",,,,,,""
"2021-08-11","'3131XBNN5'","MBS","UMBS MORTPASS 2.5% 11/28","15yr",,,,,"2019362.82",,,,,,""
"2021-08-11","'3140GNZ97'","MBS","UMBS MORTPASS 3% 11/49","30yr",,,,,"2019294.19",,,,,,""
"2021-08-11","'31307SMN0'","MBS","FHLMCGLD 3% 11/31","15yr",,,,,"2016349.32",,,,,,""
"2021-08-11","'3140LPE81'","MBS","UMBS MORTPASS 2% 05/51","30yr",,,,,"2015739.84",,,,,,""
"2021-08-11","'3138MD2L5'","MBS","UMBS MORTPASS 2.5% 10/27","15yr",,,,,"2015524.77",,,,,,""
"2021-08-11","'3133ALPA0'","MBS","UMBS MORTPASS 2% 05/46","30yr",,,,,"2015160.28",,,,,,""
"2021-08-11","'3140LPT51'","MBS","UMBS MORTPASS 2% 05/51","30yr",,,,,"2014826.75",,,,,,""
"2021-08-11","'3133A1HV7'","MBS","UMBS MORTPASS 3% 02/50","30yr",,,,,"2014459.02",,,,,,""
"2021-08-11","'3132J8WQ9'","MBS","FHLMCGLD 3.5% 04/43","30yr",,,,,"2012906.24",,,,,,""
"2021-08-11","'3138YMK32'","MBS","UMBS MORTPASS 2.5% 04/30","15yr",,,,,"2009501.42",,,,,,""
"2021-08-11","'3140JL2P8'","MBS","UMBS MORTPASS 3.5% 03/49","30yr",,,,,"2008667.84",,,,,,""
"2021-08-11","'3140HATZ3'","MBS","UMBS MORTPASS 4.5% 02/48","30yr",,,,,"2006399.46",,,,,,""
"2021-08-11","'3133AMZN9'","MBS","UMBS MORTPASS 2% 06/51","30yr",,,,,"2006071.2",,,,,,""
"2021-08-11","'3132A74Z1'","MBS","UMBS MORTPASS 2% 01/29","15yr",,,,,"2005711.91",,,,,,""
"2021-08-11","'31329KXD1'","MBS","UMBS MORTPASS 3% 10/37","Other",,,,,"2005391.18",,,,,,""
"2021-08-11","'3140L1F91'","MBS","UMBS MORTPASS 2% 11/35","15yr",,,,,"2004864.31",,,,,,""
"2021-08-11","'31417CC45'","MBS","UMBS MORTPASS 3% 07/27","15yr",,,,,"2004540.84",,,,,,""
"2021-08-11","'3138X2NL4'","MBS","UMBS MORTPASS 3.5% 07/43","30yr",,,,,"2004238.75",,,,,,""
"2021-08-11","'3140QFA25'","MBS","UMBS MORTPASS 2% 10/50","30yr",,,,,"2002266.54",,,,,,""
"2021-08-11","'3133GBYQ1'","MBS","UMBS MORTPASS 1.5% 02/36","15yr",,,,,"2000580.93",,,,,,""
"2021-08-11","'3131Y3Q58'","MBS","UMBS MORTPASS 4% 10/48","30yr",,,,,"2000231.65",,,,,,""
"2021-08-11","'36176H6D1'","MBS","GNMA I MORTPASS 3% 07/43","30yr",,,,,"2000090.21",,,,,,""
"2021-08-11","'3138YKMV2'","MBS","UMBS MORTPASS 3% 04/30","15yr",,,,,"1999963.64",,,,,,""
"2021-08-11","'3140JXQ84'","MBS","UMBS MORTPASS 4% 10/49","30yr",,,,,"1999939.63",,,,,,""
"2021-08-11","'3140X8UR6'","MBS","UMBS MORTPASS 1.5% 12/50","30yr",,,,,"1998908.92",,,,,,""
"2021-08-11","'3140FEGH1'","MBS","UMBS MORTPASS 2.5% 09/31","15yr",,,,,"1998647.93",,,,,,""
"2021-08-11","'3138EN4L0'","MBS","UMBS MORTPASS 2.5% 01/30","15yr",,,,,"1998610.73",,,,,,""
"2021-08-11","'3140L6JB1'","MBS","UMBS MORTPASS 1.5% 04/51","30yr",,,,,"1996833.73",,,,,,""
"2021-08-11","'31417A4E6'","MBS","UMBS MORTPASS 3% 02/27","15yr",,,,,"1996825.73",,,,,,""
"2021-08-11","'3133ACPX0'","MBS","UMBS MORTPASS 2.5% 11/50","30yr",,,,,"1995545.44",,,,,,""
"2021-08-11","'3132KGAD2'","MBS","FHLMCGLD 3.5% 10/32","15yr",,,,,"1995538.5",,,,,,""
"2021-08-11","'31339UED8'","MBS","UMBS MORTPASS 3% 10/49","30yr",,,,,"1995395.3",,,,,,""
"2021-08-11","'3140E2UU3'","MBS","UMBS MORTPASS 2.5% 12/30","15yr",,,,,"1995174.96",,,,,,""
"2021-08-11","'3138MK3P9'","MBS","UMBS MORTPASS 3% 11/42","30yr",,,,,"1995029.77",,,,,,""
"2021-08-11","'3138ER6F2'","MBS","UMBS MORTPASS 2.5% 10/31","15yr",,,,,"1994554.44",,,,,,""
"2021-08-11","'3132JBDX8'","MBS","FHLMCGLD 4% 06/43","30yr",,,,,"1992792.18",,,,,,""
"2021-08-11","'3140L4MR7'","MBS","UMBS MORTPASS 2% 05/51","30yr",,,,,"1992650.08",,,,,,""
"2021-08-11","'31307QSV0'","MBS","FHLMCGLD 3% 04/31","15yr",,,,,"1992332.88",,,,,,""
"2021-08-11","'3133A93W3'","MBS","UMBS MORTPASS 2% 09/50","30yr",,,,,"1992018.11",,,,,,""
"2021-08-11","'31417BTY3'","MBS","UMBS MORTPASS 3% 05/27","15yr",,,,,"1991724.88",,,,,,""
"2021-08-11","'3140HMHC1'","MBS","UMBS MORTPASS 3.5% 08/48","30yr",,,,,"1990608.45",,,,,,""
"2021-08-11","'3140L1F83'","MBS","UMBS MORTPASS 2% 11/35","15yr",,,,,"1988975.14",,,,,,""
"2021-08-11","'3140LRY36'","MBS","UMBS MORTPASS 1.5% 06/36","15yr",,,,,"1986920.5",,,,,,""
"2021-08-11","'31417GRE8'","MBS","UMBS MORTPASS 2.5% 05/28","15yr",,,,,"1986453",,,,,,""
"2021-08-11","'31418CKK9'","MBS","UMBS MORTPASS 3% 05/32","15yr",,,,,"1986393.29",,,,,,""
"2021-08-11","'36296XSF2'","MBS","GNMA I 4.5% 03/39","30yr",,,,,"1985247.96",,,,,,""
"2021-08-11","'31417ELT6'","MBS","UMBS MORTPASS 2.5% 01/28","15yr",,,,,"1985143.86",,,,,,""
"2021-08-11","'3133AKER7'","MBS","UMBS MORTPASS 2.5% 04/51","30yr",,,,,"1985009.14",,,,,,""
"2021-08-11","'3140QCLP9'","MBS","UMBS MORTPASS 4.5% 12/49","30yr",,,,,"1984906.54",,,,,,""
"2021-08-11","'3140L4B40'","MBS","UMBS MORTPASS 2% 03/51","30yr",,,,,"1983950.92",,,,,,""
"2021-08-11","'36176H5C4'","MBS","GNMA I MORTPASS 3% 04/43","30yr",,,,,"1983539.1",,,,,,""
"2021-08-11","'3131XBH77'","MBS","UMBS MORTPASS 3% 11/28","15yr",,,,,"1983369.85",,,,,,""
"2021-08-11","'3138E4VS7'","MBS","UMBS MORTPASS 3% 01/27","15yr",,,,,"1981540.74",,,,,,""
"2021-08-11","'3132A9P76'","MBS","UMBS MORTPASS 2.5% 12/29","15yr",,,,,"1980599.31",,,,,,""
"2021-08-11","'3140K9H44'","MBS","UMBS MORTPASS 3% 03/50","30yr",,,,,"1979567.33",,,,,,""
"2021-08-11","'3140L6TC8'","MBS","UMBS MORTPASS 2% 02/51","30yr",,,,,"1978852.05",,,,,,""
"2021-08-11","'3138WMWL1'","MBS","UMBS MORTPASS 3.5% 04/43","30yr",,,,,"1978633.14",,,,,,""
"2021-08-11","'3140JXUL0'","MBS","UMBS MORTPASS 2.5% 08/34","15yr",,,,,"1978287.41",,,,,,""
"2021-08-11","'3140L2RA3'","MBS","UMBS MORTPASS 2% 03/51","30yr",,,,,"1978076.11",,,,,,""
"2021-08-11","'3131XABB6'","MBS","UMBS MORTPASS 3% 01/29","15yr",,,,,"1977695.56",,,,,,""
"2021-08-11","'3140KUED0'","MBS","UMBS MORTPASS 2.5% 11/50","30yr",,,,,"1977248.85",,,,,,""
"2021-08-11","'3138WTHU3'","MBS","UMBS MORTPASS 2.5% 06/28","15yr",,,,,"1977123.88",,,,,,""
"2021-08-11","'3140JYP26'","MBS","UMBS MORTPASS 3.5% 10/49","30yr",,,,,"1976551.79",,,,,,""
"2021-08-11","'31418CGM0'","MBS","UMBS MORTPASS 3% 02/32","15yr",,,,,"1973808.37",,,,,,""
"2021-08-11","'3140L1KK0'","MBS","UMBS MORTPASS 1.5% 02/51","30yr",,,,,"1973657.97",,,,,,""
"2021-08-11","'3140H7LB1'","MBS","UMBS MORTPASS 3.5% 05/48","30yr",,,,,"1973613.9",,,,,,""
"2021-08-11","'3140H6M89'","MBS","UMBS MORTPASS 3.5% 03/48","30yr",,,,,"1972845.91",,,,,,""
"2021-08-11","'3140QGD38'","MBS","UMBS MORTPASS 2% 12/50","30yr",,,,,"1972809.09",,,,,,""
"2021-08-11","'3620AHFB4'","MBS","GNMA I MORTPASS 5% 12/39","30yr",,,,,"1971542.68",,,,,,""
"2021-08-11","'3140K7CG6'","MBS","UMBS MORTPASS 3% 01/35","15yr",,,,,"1971086.09",,,,,,""
"2021-08-11","'3133KHEV4'","MBS","UMBS MORTPASS 3% 01/50","30yr",,,,,"1970465.08",,,,,,""
"2021-08-11","'3140JUDJ0'","MBS","UMBS MORTPASS 3% 05/49","30yr",,,,,"1970264.91",,,,,,""
"2021-08-11","'3140KQ6B2'","MBS","UMBS MORTPASS 2.5% 09/50","30yr",,,,,"1969509.42",,,,,,""
"2021-08-11","'3132J7XV9'","MBS","FHLMCGLD 3% 03/43","30yr",,,,,"1969352.63",,,,,,""
"2021-08-11","'3133AHB63'","MBS","UMBS MORTPASS 2% 03/51","30yr",,,,,"1969110.23",,,,,,""
"2021-08-11","'31418CRL0'","MBS","UMBS MORTPASS 3% 11/27","Other",,,,,"1968753.77",,,,,,""
"2021-08-11","'3132DMEH4'","MBS","UMBS MORTPASS 3% 10/49","30yr",,,,,"1968101.54",,,,,,""
"2021-08-11","'3140JY2S4'","MBS","UMBS MORTPASS 3.5% 09/49","30yr",,,,,"1967564.56",,,,,,""
"2021-08-11","'3140JYS49'","MBS","UMBS MORTPASS 3% 09/49","30yr",,,,,"1967285.61",,,,,,""
"2021-08-11","'3132QLHM8'","MBS","FHLMCGLD 3.5% 12/44","30yr",,,,,"1964844.77",,,,,,""
"2021-08-11","'31418A3X4'","MBS","UMBS MORTPASS 2% 11/23","Other",,,,,"1963534.69",,,,,,""
"2021-08-11","'3138E0KE8'","MBS","UMBS MORTPASS 3% 12/26","15yr",,,,,"1962987.63",,,,,,""
"2021-08-11","'3131Y94P5'","MBS","UMBS MORTPASS 4% 02/49","30yr",,,,,"1962897.38",,,,,,""
"2021-08-11","'3133ADTV8'","MBS","UMBS MORTPASS 2% 11/50","30yr",,,,,"1961413.74",,,,,,""
"2021-08-11","'3140KAXR2'","MBS","UMBS MORTPASS 2% 05/36","15yr",,,,,"1960332.03",,,,,,""
"2021-08-11","'31307S7K3'","MBS","FHLMCGLD 2.5% 02/32","15yr",,,,,"1960188.49",,,,,,""
"2021-08-11","'3140HBKT4'","MBS","UMBS MORTPASS 3.5% 02/48","30yr",,,,,"1959451.08",,,,,,""
"2021-08-11","'3133A9MM4'","MBS","UMBS MORTPASS 2.5% 05/50","30yr",,,,,"1959204.3",,,,,,""
"2021-08-11","'3140QCMJ2'","MBS","UMBS MORTPASS 3% 12/49","30yr",,,,,"1959158.44",,,,,,""
"2021-08-11","'3131Y25E4'","MBS","UMBS MORTPASS 4% 09/48","30yr",,,,,"1959126.22",,,,,,""
"2021-08-11","'3138AXGW5'","MBS","UMBS MORTPASS 3% 02/27","15yr",,,,,"1959125.84",,,,,,""
"2021-08-11","'36202EZ85'","MBS","GNMA II MORTPASS 4% 02/39","30yr",,,,,"1958468.03",,,,,,""
"2021-08-11","'3133A2VT4'","MBS","UMBS MORTPASS 2.5% 03/50","30yr",,,,,"1957845.75",,,,,,""
"2021-08-11","'3140F9AJ4'","MBS","UMBS MORTPASS 2.5% 07/31","15yr",,,,,"1955871.66",,,,,,""
"2021-08-11","'3138Y3LM1'","MBS","UMBS MORTPASS 3% 10/44","30yr",,,,,"1954716.16",,,,,,""
"2021-08-11","'3132WGB63'","MBS","FHLMCGLD 3% 08/46","30yr",,,,,"1954078.73",,,,,,""
"2021-08-11","'3140HDRD8'","MBS","UMBS MORTPASS 3% 11/49","30yr",,,,,"1952196.66",,,,,,""
"2021-08-11","'3138X5YM3'","MBS","UMBS MORTPASS 3% 09/28","15yr",,,,,"1951951.76",,,,,,""
"2021-08-11","'3133G9KM0'","MBS","UMBS MORTPASS 1.5% 08/35","15yr",,,,,"1951786.66",,,,,,""
"2021-08-11","'3140H9KL6'","MBS","UMBS MORTPASS 3.5% 12/43","30yr",,,,,"1949286.15",,,,,,""
"2021-08-11","'3140JUST2'","MBS","UMBS MORTPASS 4.5% 06/49","30yr",,,,,"1947595.91",,,,,,""
"2021-08-11","'3132A9MZ7'","MBS","UMBS MORTPASS 2% 12/27","15yr",,,,,"1945987.11",,,,,,""
"2021-08-11","'3132A7YY1'","MBS","UMBS MORTPASS 3% 09/29","15yr",,,,,"1945445.35",,,,,,""
"2021-08-11","'3140KRKZ1'","MBS","UMBS MORTPASS 2% 11/35","15yr",,,,,"1944574.13",,,,,,""
"2021-08-11","'36176H6F6'","MBS","GNMA I 3.5% 06/43","30yr",,,,,"1942111.18",,,,,,""
"2021-08-11","'31307V4E3'","MBS","FHLMCGLD 3.5% 05/33","15yr",,,,,"1941153.33",,,,,,""
"2021-08-11","'3128MDEX7'","MBS","FHLMCGLD 3.5% 10/26","15yr",,,,,"1940741.31",,,,,,""
"2021-08-11","'3138MJBJ7'","MBS","UMBS MORTPASS 2% 10/27","15yr",,,,,"1940725.86",,,,,,""
"2021-08-11","'31339SMW2'","MBS","UMBS MORTPASS 3% 09/49","30yr",,,,,"1936904.64",,,,,,""
"2021-08-11","'3140Q9H97'","MBS","UMBS MORTPASS 4.5% 07/48","30yr",,,,,"1936690.62",,,,,,""
"2021-08-11","'3620AC4G6'","MBS","GNMA I MORTPASS 5% 09/39","30yr",,,,,"1936395.15",,,,,,""
"2021-08-11","'3138WZJ29'","MBS","UMBS MORTPASS 2.5% 07/28","15yr",,,,,"1934132.58",,,,,,""
"2021-08-11","'3140X6Y96'","MBS","UMBS MORTPASS 2.5% 06/40","Other",,,,,"1933863.38",,,,,,""
"2021-08-11","'36230SLN2'","MBS","GNMA I 3.5% 07/42","30yr",,,,,"1933565.62",,,,,,""
"2021-08-11","'31418CQ98'","MBS","UMBS MORTPASS 3% 11/47","30yr",,,,,"1933544.4",,,,,,""
"2021-08-11","'3131YBMQ8'","MBS","UMBS MORTPASS 4% 04/49","30yr",,,,,"1931149.63",,,,,,""
"2021-08-11","'36176H6E9'","MBS","GNMA I MORTPASS 3% 07/43","30yr",,,,,"1930530.02",,,,,,""
"2021-08-11","'3133ABMT4'","MBS","UMBS MORTPASS 2% 10/50","30yr",,,,,"1930324.75",,,,,,""
"2021-08-11","'31418CWU4'","MBS","UMBS MORTPASS 4.5% 05/48","30yr",,,,,"1929555.54",,,,,,""
"2021-08-11","'3138MGR98'","MBS","UMBS MORTPASS 3% 12/42","30yr",,,,,"1928895.75",,,,,,""
"2021-08-11","'31346YHB2'","MBS","UMBS MORTPASS 3.5% 11/49","30yr",,,,,"1928511.52",,,,,,""
"2021-08-11","'31417A4H9'","MBS","UMBS MORTPASS 3% 02/27","15yr",,,,,"1927807.45",,,,,,""
"2021-08-11","'3138X4H45'","MBS","UMBS MORTPASS 3.5% 09/43","30yr",,,,,"1925636.63",,,,,,""
"2021-08-11","'31418B5F9'","MBS","UMBS MORTPASS 2.5% 06/26","Other",,,,,"1925398.81",,,,,,""
"2021-08-11","'3138WNBP3'","MBS","UMBS MORTPASS 3% 04/43","30yr",,,,,"1925082.61",,,,,,""
"2021-08-11","'3140H7MU8'","MBS","UMBS MORTPASS 3.5% 02/48","30yr",,,,,"1924800.51",,,,,,""
"2021-08-11","'3140GV2J3'","MBS","UMBS MORTPASS 2.5% 12/32","15yr",,,,,"1924441.81",,,,,,""
"2021-08-11","'3138M0SA9'","MBS","UMBS MORTPASS 3% 07/27","15yr",,,,,"1924427.15",,,,,,""
"2021-08-11","'3140QGRX7'","MBS","UMBS MORTPASS 2.5% 01/51","30yr",,,,,"1923990.31",,,,,,""
"2021-08-11","'31418BSZ0'","MBS","UMBS MORTPASS 3% 07/25","Other",,,,,"1923299.1",,,,,,""
"2021-08-11","'3140X4K21'","MBS","UMBS MORTPASS 4% 07/49","30yr",,,,,"1922397.1",,,,,,""
"2021-08-11","'3131YBJX7'","MBS","UMBS MORTPASS 4.5% 04/49","30yr",,,,,"1921320.45",,,,,,""
"2021-08-11","'3138WF6G6'","MBS","UMBS MORTPASS 2.5% 12/30","15yr",,,,,"1921070.66",,,,,,""
"2021-08-11","'3140JSDN6'","MBS","UMBS MORTPASS 2% 03/51","30yr",,,,,"1920752.92",,,,,,""
"2021-08-11","'3140QCKD7'","MBS","UMBS MORTPASS 3% 05/49","30yr",,,,,"1920720.5",,,,,,""
"2021-08-11","'3132J7ZG0'","MBS","FHLMCGLD 3.5% 03/43","30yr",,,,,"1920573.91",,,,,,""
"2021-08-11","'3140QAVZ0'","MBS","UMBS MORTPASS 4% 04/44","30yr",,,,,"1920474.95",,,,,,""
"2021-08-11","'3140GNZ89'","MBS","UMBS MORTPASS 2.5% 11/49","30yr",,,,,"1919781.6",,,,,,""
"2021-08-11","'3140KERS9'","MBS","UMBS MORTPASS 2.5% 05/50","30yr",,,,,"1919520.79",,,,,,""
"2021-08-11","'3133AEYZ1'","MBS","UMBS MORTPASS 2.5% 01/51","30yr",,,,,"1919259.53",,,,,,""
"2021-08-11","'3132WKKV9'","MBS","FHLMCGLD 3% 01/47","30yr",,,,,"1917522.36",,,,,,""
"2021-08-11","'31307PEF2'","MBS","FHLMCGLD 2.5% 09/30","15yr",,,,,"1916931",,,,,,""
"2021-08-11","'3140K4L24'","MBS","UMBS MORTPASS 2% 04/35","15yr",,,,,"1913116.31",,,,,,""
"2021-08-11","'3140HGBF3'","MBS","UMBS MORTPASS 2% 07/45","30yr",,,,,"1912360.71",,,,,,""
"2021-08-11","'3133A1K50'","MBS","UMBS MORTPASS 3.5% 01/50","30yr",,,,,"1912272.02",,,,,,""
"2021-08-11","'3140QCWK8'","MBS","UMBS MORTPASS 3% 07/49","30yr",,,,,"1912163.31",,,,,,""
"2021-08-11","'3133AAHG0'","MBS","UMBS MORTPASS 2% 09/50","30yr",,,,,"1911824.5",,,,,,""
"2021-08-11","'3138MCR97'","MBS","UMBS MORTPASS 2.5% 11/27","15yr",,,,,"1909897.53",,,,,,""
"2021-08-11","'3140H1XB1'","MBS","UMBS MORTPASS 3% 03/33","15yr",,,,,"1909827.03",,,,,,""
"2021-08-11","'3140H2XH6'","MBS","UMBS MORTPASS 3.5% 02/48","30yr",,,,,"1909706.27",,,,,,""
"2021-08-11","'3133A3XC7'","MBS","UMBS MORTPASS 3% 03/50","30yr",,,,,"1909201.49",,,,,,""
"2021-08-11","'3131X7MT2'","MBS","UMBS MORTPASS 3% 03/27","15yr",,,,,"1908990.1",,,,,,""
"2021-08-11","'3138M7QA6'","MBS","UMBS MORTPASS 2.5% 08/27","15yr",,,,,"1908081.3",,,,,,""
"2021-08-11","'3140QA2K5'","MBS","UMBS MORTPASS 3.5% 05/49","30yr",,,,,"1907285.28",,,,,,""
"2021-08-11","'31418BNB8'","MBS","UMBS MORTPASS 3% 02/25","Other",,,,,"1907083.08",,,,,,""
"2021-08-11","'31307GGZ6'","MBS","FHLMCGLD 3% 02/29","15yr",,,,,"1907017.06",,,,,,""
"2021-08-11","'3132A9T80'","MBS","UMBS MORTPASS 2.5% 11/32","15yr",,,,,"1906773.46",,,,,,""
"2021-08-11","'31418DMC3'","MBS","UMBS MORTPASS 3% 03/30","Other",,,,,"1906053.23",,,,,,""
"2021-08-11","'3138XZAC5'","MBS","UMBS MORTPASS 3.5% 08/29","15yr",,,,,"1905436.69",,,,,,""
"2021-08-11","'31329KYQ1'","MBS","UMBS MORTPASS 3.5% 08/38","Other",,,,,"1905261.71",,,,,,""
"2021-08-11","'3138XZSF9'","MBS","UMBS MORTPASS 3% 02/45","30yr",,,,,"1905204.43",,,,,,""
"2021-08-11","'3140KQA68'","MBS","UMBS MORTPASS 1.5% 02/36","15yr",,,,,"1904801.27",,,,,,""
"2021-08-11","'3140X4ZF6'","MBS","UMBS MORTPASS 2.5% 01/29","15yr",,,,,"1903361.95",,,,,,""
"2021-08-11","'3140J5XZ7'","MBS","UMBS MORTPASS 2.5% 03/31","15yr",,,,,"1902841.62",,,,,,""
"2021-08-11","'31307GSX8'","MBS","FHLMCGLD 3% 03/29","15yr",,,,,"1902286.46",,,,,,""
"2021-08-11","'3138EEQV4'","MBS","UMBS MORTPASS 3% 03/27","15yr",,,,,"1901487.77",,,,,,""
"2021-08-11","'31418BC61'","MBS","UMBS MORTPASS 3% 05/24","Other",,,,,"1899145.18",,,,,,""
"2021-08-11","'3132J8ZB9'","MBS","FHLMCGLD 3% 04/43","30yr",,,,,"1898757.38",,,,,,""
"2021-08-11","'3132CWBR4'","MBS","UMBS MORTPASS 3% 08/34","15yr",,,,,"1898582.27",,,,,,""
"2021-08-11","'31417CLJ2'","MBS","UMBS MORTPASS 2.5% 07/42","30yr",,,,,"1896597.18",,,,,,""
"2021-08-11","'3138X7N66'","MBS","UMBS MORTPASS 3% 09/28","15yr",,,,,"1895996.01",,,,,,""
"2021-08-11","'31307SGD9'","MBS","FHLMCGLD 2% 11/31","15yr",,,,,"1895489.12",,,,,,""
"2021-08-11","'31307S3K7'","MBS","FHLMCGLD 3.5% 02/32","15yr",,,,,"1894675.57",,,,,,""
"2021-08-11","'3140LN6A0'","MBS","UMBS MORTPASS 2% 04/51","30yr",,,,,"1894254.98",,,,,,""
"2021-08-11","'3132QPYA6'","MBS","FHLMCGLD 3.5% 05/45","30yr",,,,,"1892897.98",,,,,,""
"2021-08-11","'3140QCQ66'","MBS","UMBS MORTPASS 3% 01/50","30yr",,,,,"1891996.39",,,,,,""
"2021-08-11","'3131X8TJ5'","MBS","UMBS MORTPASS 2.5% 02/28","15yr",,,,,"1891111.12",,,,,,""
"2021-08-11","'31418C3S1'","MBS","UMBS MORTPASS 3% 09/48","30yr",,,,,"1890717.59",,,,,,""
"2021-08-11","'3140KADG8'","MBS","UMBS MORTPASS 3% 04/50","30yr",,,,,"1890656.29",,,,,,""
"2021-08-11","'3133ALS25'","MBS","UMBS MORTPASS 2% 04/51","30yr",,,,,"1889936.82",,,,,,""
"2021-08-11","'3140JHAV5'","MBS","UMBS MORTPASS 4.5% 12/48","30yr",,,,,"1888977.41",,,,,,""
"2021-08-11","'3133AASJ2'","MBS","UMBS MORTPASS 2% 10/50","30yr",,,,,"1888611.47",,,,,,""
"2021-08-11","'3133ACSC3'","MBS","UMBS MORTPASS 2% 12/50","30yr",,,,,"1888340.83",,,,,,""
"2021-08-11","'3133AD6A9'","MBS","UMBS MORTPASS 1.5% 01/51","30yr",,,,,"1887767.26",,,,,,""
"2021-08-11","'3138WXGF8'","MBS","UMBS MORTPASS 3% 07/43","30yr",,,,,"1887707.65",,,,,,""
"2021-08-11","'31339UY95'","MBS","UMBS MORTPASS 3% 11/49","30yr",,,,,"1887601.57",,,,,,""
"2021-08-11","'3132J83P3'","MBS","FHLMCGLD 3.5% 04/43","30yr",,,,,"1885990.22",,,,,,""
"2021-08-11","'3140KEX60'","MBS","UMBS MORTPASS 2% 07/50","30yr",,,,,"1884641",,,,,,""
"2021-08-11","'3132A7PV7'","MBS","UMBS MORTPASS 2.5% 07/23","Other",,,,,"1883362.66",,,,,,""
"2021-08-11","'3140L2PV9'","MBS","UMBS MORTPASS 2% 02/51","30yr",,,,,"1881846.88",,,,,,""
"2021-08-11","'3140LPU91'","MBS","UMBS MORTPASS 2% 06/51","30yr",,,,,"1881767.61",,,,,,""
"2021-08-11","'31339SZP3'","MBS","UMBS MORTPASS 3% 10/49","30yr",,,,,"1881254.05",,,,,,""
"2021-08-11","'3133AKRF9'","MBS","UMBS MORTPASS 1.5% 04/51","30yr",,,,,"1881217.91",,,,,,""
"2021-08-11","'3140H1DJ6'","MBS","UMBS MORTPASS 3.5% 10/47","30yr",,,,,"1880916.46",,,,,,""
"2021-08-11","'3138W3TX1'","MBS","UMBS MORTPASS 3% 02/43","30yr",,,,,"1878902.82",,,,,,""
"2021-08-11","'3140HEKM3'","MBS","UMBS MORTPASS 4% 02/48","30yr",,,,,"1878340.07",,,,,,""
"2021-08-11","'3140HDLQ5'","MBS","UMBS MORTPASS 3% 11/49","30yr",,,,,"1877613.36",,,,,,""
"2021-08-11","'31307GSL4'","MBS","FHLMCGLD 3% 03/29","15yr",,,,,"1875156.72",,,,,,""
"2021-08-11","'3140L3DL2'","MBS","UMBS MORTPASS 2% 02/36","15yr",,,,,"1875064.95",,,,,,""
"2021-08-11","'31417CT47'","MBS","UMBS MORTPASS 3% 08/27","15yr",,,,,"1874995.45",,,,,,""
"2021-08-11","'36297JPM0'","MBS","GNMA I MORTPASS 5% 05/39","30yr",,,,,"1874967.35",,,,,,""
"2021-08-11","'3140XALY6'","MBS","UMBS MORTPASS 2.5% 03/51","30yr",,,,,"1874384.18",,,,,,""
"2021-08-11","'3140HFLC1'","MBS","UMBS MORTPASS 2.5% 01/50","30yr",,,,,"1873726.62",,,,,,""
"2021-08-11","'3133AF2A8'","MBS","UMBS MORTPASS 2% 01/51","30yr",,,,,"1872914.97",,,,,,""
"2021-08-11","'3132CWPH1'","MBS","UMBS MORTPASS 2% 10/35","15yr",,,,,"1872154.66",,,,,,""
"2021-08-11","'3140L3QS3'","MBS","UMBS MORTPASS 2% 02/51","30yr",,,,,"1871459.15",,,,,,""
"2021-08-11","'3133GDGB0'","MBS","UMBS MORTPASS 1.5% 05/36","15yr",,,,,"1870739.07",,,,,,""
"2021-08-11","'31329KYK4'","MBS","UMBS MORTPASS 3.5% 07/38","Other",,,,,"1870733.44",,,,,,""
"2021-08-11","'31307NPK4'","MBS","FHLMCGLD 2.5% 07/30","15yr",,,,,"1870639.57",,,,,,""
"2021-08-11","'3140L76D9'","MBS","UMBS MORTPASS 1.5% 07/36","15yr",,,,,"1869612",,,,,,""
"2021-08-11","'3131X8T22'","MBS","UMBS MORTPASS 2% 03/28","15yr",,,,,"1869137.51",,,,,,""
"2021-08-11","'3138MLT53'","MBS","UMBS MORTPASS 2.5% 01/28","15yr",,,,,"1868402.73",,,,,,""
"2021-08-11","'3133ACXS2'","MBS","UMBS MORTPASS 2% 11/50","30yr",,,,,"1867635.91",,,,,,""
"2021-08-11","'3138MCWY6'","MBS","UMBS MORTPASS 2.5% 10/27","15yr",,,,,"1866946.1",,,,,,""
"2021-08-11","'31307U6L7'","MBS","FHLMCGLD 2.5% 11/32","15yr",,,,,"1866739.58",,,,,,""
"2021-08-11","'3131YDGG3'","MBS","UMBS MORTPASS 3.5% 06/49","30yr",,,,,"1866726.27",,,,,,""
"2021-08-11","'3132A9S65'","MBS","UMBS MORTPASS 2.5% 02/32","15yr",,,,,"1866663.78",,,,,,""
"2021-08-11","'3138MF7E1'","MBS","UMBS MORTPASS 3% 10/42","30yr",,,,,"1865325.48",,,,,,""
"2021-08-11","'3140EYWU1'","MBS","UMBS MORTPASS 2.5% 05/31","15yr",,,,,"1865192.93",,,,,,""
"2021-08-11","'3140KHD24'","MBS","UMBS MORTPASS 2.5% 07/50","30yr",,,,,"1864606.93",,,,,,""
"2021-08-11","'3132XS4V9'","MBS","FHLMCGLD 3% 09/47","30yr",,,,,"1864267.17",,,,,,""
"2021-08-11","'3140HFWB1'","MBS","UMBS MORTPASS 2.5% 05/50","30yr",,,,,"1864089.86",,,,,,""
"2021-08-11","'3140K8P39'","MBS","UMBS MORTPASS 3% 02/50","30yr",,,,,"1863831.8",,,,,,""
"2021-08-11","'3140L3FY2'","MBS","UMBS MORTPASS 1.5% 04/36","15yr",,,,,"1863070.25",,,,,,""
"2021-08-11","'36179HZQ7'","MBS","GNMA I MORTPASS 3% 01/43","30yr",,,,,"1862852",,,,,,""
"2021-08-11","'3138AXV24'","MBS","UMBS MORTPASS 3% 11/26","15yr",,,,,"1861468.54",,,,,,""
"2021-08-11","'3132M6CS7'","MBS","FHLMCGLD 4% 04/44","30yr",,,,,"1860166.13",,,,,,""
"2021-08-11","'3132DMDG7'","MBS","UMBS MORTPASS 3.5% 12/48","30yr",,,,,"1859908.4",,,,,,""
"2021-08-11","'3140H7KS5'","MBS","UMBS MORTPASS 3% 03/33","15yr",,,,,"1859697.49",,,,,,""
"2021-08-11","'3138WZVA7'","MBS","UMBS MORTPASS 3.5% 08/43","30yr",,,,,"1857447.02",,,,,,""
"2021-08-11","'3138ERJE1'","MBS","UMBS MORTPASS 3.5% 06/31","15yr",,,,,"1856893.63",,,,,,""
"2021-08-11","'3140FFJE2'","MBS","UMBS MORTPASS 2.5% 10/31","15yr",,,,,"1856269.63",,,,,,""
"2021-08-11","'36178QLF7'","MBS","GNMA I MORTPASS 3% 03/43","30yr",,,,,"1855865.38",,,,,,""
"2021-08-11","'3140X77H6'","MBS","UMBS MORTPASS 2% 10/50","30yr",,,,,"1855678.59",,,,,,""
"2021-08-11","'31418BMP8'","MBS","UMBS MORTPASS 2.5% 02/25","Other",,,,,"1855591.54",,,,,,""
"2021-08-11","'3131YCQP4'","MBS","UMBS MORTPASS 3.5% 05/49","30yr",,,,,"1854837.28",,,,,,""
"2021-08-11","'3140KRJM2'","MBS","UMBS MORTPASS 2% 11/35","15yr",,,,,"1854322.78",,,,,,""
"2021-08-11","'3133G7JT1'","MBS","UMBS MORTPASS 2.5% 12/34","15yr",,,,,"1854060.33",,,,,,""
"2021-08-11","'3131XY7A1'","MBS","UMBS MORTPASS 3.5% 01/48","30yr",,,,,"1853574.26",,,,,,""
"2021-08-11","'31410LUL4'","MBS","UMBS MORTPASS 2.5% 10/31","15yr",,,,,"1852342.15",,,,,,""
"2021-08-11","'31329MGE4'","MBS","UMBS MORTPASS 2.5% 05/25","Other",,,,,"1851846.08",,,,,,""
"2021-08-11","'31417DXT5'","MBS","UMBS MORTPASS 3.5% 11/42","30yr",,,,,"1851279.06",,,,,,""
"2021-08-11","'36296XXL3'","MBS","GNMA I MORTPASS 4% 06/39","30yr",,,,,"1851113.48",,,,,,""
"2021-08-11","'3133A8TB3'","MBS","UMBS MORTPASS 2% 08/50","30yr",,,,,"1851073.32",,,,,,""
"2021-08-11","'31307FFU0'","MBS","FHLMCGLD 3% 11/23","15yr",,,,,"1849131.23",,,,,,""
"2021-08-11","'3140EXAR4'","MBS","UMBS MORTPASS 3% 04/31","15yr",,,,,"1848254.78",,,,,,""
"2021-08-11","'3140HEE73'","MBS","UMBS MORTPASS 3.5% 04/33","15yr",,,,,"1848124.37",,,,,,""
"2021-08-11","'36297KLS8'","MBS","GNMA I 4.5% 06/39","30yr",,,,,"1846072.08",,,,,,""
"2021-08-11","'3140K2CT9'","MBS","UMBS MORTPASS 3% 02/50","30yr",,,,,"1845512.9",,,,,,""
"2021-08-11","'3132A8T33'","MBS","UMBS MORTPASS 2.5% 04/27","Other",,,,,"1844600.87",,,,,,""
"2021-08-11","'3138MLJV7'","MBS","UMBS MORTPASS 2.5% 12/27","15yr",,,,,"1844170.96",,,,,,""
"2021-08-11","'3138M3QE7'","MBS","UMBS MORTPASS 3% 07/27","15yr",,,,,"1844041.19",,,,,,""
"2021-08-11","'3140KCCM2'","MBS","UMBS MORTPASS 3% 03/50","30yr",,,,,"1843872.75",,,,,,""
"2021-08-11","'3138YHFM7'","MBS","UMBS MORTPASS 3% 03/45","30yr",,,,,"1842448.89",,,,,,""
"2021-08-11","'36297FS45'","MBS","GNMA I MORTPASS 5% 08/39","30yr",,,,,"1842411.24",,,,,,""
"2021-08-11","'3131Y1BZ2'","MBS","UMBS MORTPASS 3.5% 05/48","30yr",,,,,"1842365.36",,,,,,""
"2021-08-11","'3138WPKS2'","MBS","UMBS MORTPASS 3.5% 04/43","30yr",,,,,"1841515.52",,,,,,""
"2021-08-11","'3140KC6L1'","MBS","UMBS MORTPASS 2% 06/50","30yr",,,,,"1840307.05",,,,,,""
"2021-08-11","'3133ACLQ9'","MBS","UMBS MORTPASS 2.5% 11/50","30yr",,,,,"1839968.47",,,,,,""
"2021-08-11","'3140XACK6'","MBS","UMBS MORTPASS 2% 07/25","Other",,,,,"1839489.74",,,,,,""
"2021-08-11","'3131XXLZ2'","MBS","UMBS MORTPASS 3.5% 08/47","30yr",,,,,"1838953.14",,,,,,""
"2021-08-11","'3140JSSS9'","MBS","UMBS MORTPASS 3% 06/49","30yr",,,,,"1838595.82",,,,,,""
"2021-08-11","'31416XEE6'","MBS","UMBS MORTPASS 3% 12/25","15yr",,,,,"1838314.6",,,,,,""
"2021-08-11","'3132ADQY7'","MBS","UMBS MORTPASS 3% 12/47","30yr",,,,,"1836758.43",,,,,,""
"2021-08-11","'3140K4MC1'","MBS","UMBS MORTPASS 3% 05/50","30yr",,,,,"1836322.96",,,,,,""
"2021-08-11","'3131X7PY8'","MBS","UMBS MORTPASS 3% 03/27","15yr",,,,,"1836211.85",,,,,,""
"2021-08-11","'3140XAW65'","MBS","UMBS MORTPASS 1.5% 04/36","15yr",,,,,"1836095.81",,,,,,""
"2021-08-11","'3140JW6F2'","MBS","UMBS MORTPASS 3.5% 07/49","30yr",,,,,"1835489.51",,,,,,""
"2021-08-11","'31412QN88'","MBS","UMBS MORTPASS 5.5% 09/39","30yr",,,,,"1835168.68",,,,,,""
"2021-08-11","'3138EMGB1'","MBS","UMBS MORTPASS 3% 08/28","15yr",,,,,"1834972.51",,,,,,""
"2021-08-11","'3140JXWS3'","MBS","UMBS MORTPASS 3% 08/49","30yr",,,,,"1834207.14",,,,,,""
"2021-08-11","'3138A1HR5'","MBS","UMBS MORTPASS 4% 12/40","30yr",,,,,"1834152.29",,,,,,""
"2021-08-11","'3132A9ME4'","MBS","UMBS MORTPASS 2.5% 02/27","15yr",,,,,"1833254.4",,,,,,""
"2021-08-11","'3133AGW54'","MBS","UMBS MORTPASS 2% 03/51","30yr",,,,,"1833167.44",,,,,,""
"2021-08-11","'3132A5HR9'","MBS","UMBS MORTPASS 4% 10/47","30yr",,,,,"1832722.37",,,,,,""
"2021-08-11","'3138WBB61'","MBS","UMBS MORTPASS 3% 03/29","15yr",,,,,"1832277.66",,,,,,""
"2021-08-11","'3140JUPF5'","MBS","UMBS MORTPASS 4.5% 06/49","30yr",,,,,"1832216.25",,,,,,""
"2021-08-11","'3138XW3B2'","MBS","UMBS MORTPASS 3.5% 07/29","15yr",,,,,"1832165.49",,,,,,""
"2021-08-11","'31307NFX7'","MBS","FHLMCGLD 2.5% 06/30","15yr",,,,,"1831772.24",,,,,,""
"2021-08-11","'3140QCNB8'","MBS","UMBS MORTPASS 3% 12/34","15yr",,,,,"1827938.22",,,,,,""
"2021-08-11","'31307SX65'","MBS","FHLMCGLD 3% 01/32","15yr",,,,,"1827358.84",,,,,,""
"2021-08-11","'36177WUA6'","MBS","GNMA I 3.5% 06/42","30yr",,,,,"1826769.52",,,,,,""
"2021-08-11","'3138MHQS5'","MBS","UMBS MORTPASS 3% 11/27","15yr",,,,,"1826480.49",,,,,,""
"2021-08-11","'31339SQH1'","MBS","UMBS MORTPASS 3.5% 09/49","30yr",,,,,"1826263.44",,,,,,""
"2021-08-11","'31346YAP8'","MBS","UMBS MORTPASS 3.5% 10/49","30yr",,,,,"1825002.06",,,,,,""
"2021-08-11","'3140LSQB5'","MBS","UMBS MORTPASS 2.5% 06/51","30yr",,,,,"1824634.99",,,,,,""
"2021-08-11","'3140L1SB2'","MBS","UMBS MORTPASS 2% 12/50","30yr",,,,,"1822526.2",,,,,,""
"2021-08-11","'3138WVW31'","MBS","UMBS MORTPASS 3% 06/28","15yr",,,,,"1822484.49",,,,,,""
"2021-08-11","'3133KH3D6'","MBS","UMBS MORTPASS 2.5% 05/50","30yr",,,,,"1822165.39",,,,,,""
"2021-08-11","'3138EKA47'","MBS","UMBS MORTPASS 2.5% 12/27","15yr",,,,,"1821905.34",,,,,,""
"2021-08-11","'3140H5ML2'","MBS","UMBS MORTPASS 3% 01/33","15yr",,,,,"1820591.72",,,,,,""
"2021-08-11","'3138WZYB2'","MBS","UMBS MORTPASS 3% 08/28","15yr",,,,,"1820485.25",,,,,,""
"2021-08-11","'3140HL4K9'","MBS","UMBS MORTPASS 4% 07/48","30yr",,,,,"1819442.28",,,,,,""
"2021-08-11","'31307GJ26'","MBS","FHLMCGLD 3% 02/29","15yr",,,,,"1818830.69",,,,,,""
"2021-08-11","'3140H7J81'","MBS","UMBS MORTPASS 3.5% 02/33","15yr",,,,,"1817330.73",,,,,,""
"2021-08-11","'3138E0SD2'","MBS","UMBS MORTPASS 3% 12/26","15yr",,,,,"1817295",,,,,,""
"2021-08-11","'3140K33P5'","MBS","UMBS MORTPASS 2.5% 01/50","30yr",,,,,"1816047.71",,,,,,""
"2021-08-11","'3133ANLB8'","MBS","UMBS MORTPASS 2% 06/51","30yr",,,,,"1815614.92",,,,,,""
"2021-08-11","'3138W02V0'","MBS","UMBS MORTPASS 2.5% 01/43","30yr",,,,,"1815469.64",,,,,,""
"2021-08-11","'3140HFPJ2'","MBS","UMBS MORTPASS 2% 03/35","15yr",,,,,"1815152",,,,,,""
"2021-08-11","'3140L54F0'","MBS","UMBS MORTPASS 2.5% 03/51","30yr",,,,,"1813743.95",,,,,,""
"2021-08-11","'3140LP2P6'","MBS","UMBS MORTPASS 2.5% 06/51","30yr",,,,,"1813551.96",,,,,,""
"2021-08-11","'3140H7A72'","MBS","UMBS MORTPASS 3.5% 03/33","15yr",,,,,"1812655.49",,,,,,""
"2021-08-11","'3133A2GV6'","MBS","UMBS MORTPASS 3% 03/50","30yr",,,,,"1812176.9",,,,,,""
"2021-08-11","'3140HHTD7'","MBS","UMBS MORTPASS 3.5% 04/33","15yr",,,,,"1811710.07",,,,,,""
"2021-08-11","'31334YFT9'","MBS","UMBS MORTPASS 4.5% 08/49","30yr",,,,,"1811050.2",,,,,,""
"2021-08-11","'31417GYZ3'","MBS","UMBS MORTPASS 2.5% 06/28","15yr",,,,,"1809117.66",,,,,,""
"2021-08-11","'31307EHF4'","MBS","FHLMCGLD 3% 09/28","15yr",,,,,"1808948.33",,,,,,""
"2021-08-11","'3132A9Q75'","MBS","UMBS MORTPASS 3% 08/30","15yr",,,,,"1808839.25",,,,,,""
"2021-08-11","'31307PUH0'","MBS","FHLMCGLD 2.5% 11/30","15yr",,,,,"1808436.78",,,,,,""
"2021-08-11","'31334WGQ8'","MBS","UMBS MORTPASS 4.5% 06/49","30yr",,,,,"1807150.24",,,,,,""
"2021-08-11","'31334YXR3'","MBS","UMBS MORTPASS 3% 08/49","30yr",,,,,"1807127.61",,,,,,""
"2021-08-11","'3132A7DQ1'","MBS","UMBS MORTPASS 3% 01/27","15yr",,,,,"1806547.17",,,,,,""
"2021-08-11","'3140FQBW6'","MBS","UMBS MORTPASS 2.5% 01/32","15yr",,,,,"1805853.98",,,,,,""
"2021-08-11","'3140X7VU0'","MBS","UMBS MORTPASS 2.5% 09/50","30yr",,,,,"1805831.08",,,,,,""
"2021-08-11","'31416SYH8'","MBS","UMBS MORTPASS 4% 06/39","30yr",,,,,"1805388.67",,,,,,""
"2021-08-11","'3140LPRL8'","MBS","UMBS MORTPASS 2% 05/51","30yr",,,,,"1804219.96",,,,,,""
"2021-08-11","'3133A9BV6'","MBS","UMBS MORTPASS 2.5% 08/50","30yr",,,,,"1803740.82",,,,,,""
"2021-08-11","'3140QAT75'","MBS","UMBS MORTPASS 2.5% 03/33","15yr",,,,,"1803239.5",,,,,,""
"2021-08-11","'36180JA87'","MBS","GNMA I MORTPASS 3% 05/43","30yr",,,,,"1802838.79",,,,,,""
"2021-08-11","'3133GCGR7'","MBS","UMBS MORTPASS 1.5% 02/36","15yr",,,,,"1802794.14",,,,,,""
"2021-08-11","'3140JNA75'","MBS","UMBS MORTPASS 4% 01/49","30yr",,,,,"1802405.88",,,,,,""
"2021-08-11","'3131YBMC9'","MBS","UMBS MORTPASS 4% 04/49","30yr",,,,,"1802382.87",,,,,,""
"2021-08-11","'3131X75L8'","MBS","UMBS MORTPASS 2.5% 09/27","15yr",,,,,"1801552.06",,,,,,""
"2021-08-11","'3140LRPN2'","MBS","UMBS MORTPASS 1.5% 07/36","15yr",,,,,"1801432",,,,,,""
"2021-08-11","'3138MP3Q6'","MBS","UMBS MORTPASS 3% 01/43","30yr",,,,,"1800070.72",,,,,,""
"2021-08-11","'36297HZD3'","MBS","GNMA I 4.5% 05/39","30yr",,,,,"1799780.03",,,,,,""
"2021-08-11","'3133AGNX3'","MBS","UMBS MORTPASS 2% 03/51","30yr",,,,,"1799417.5",,,,,,""
"2021-08-11","'3138W9RJ1'","MBS","UMBS MORTPASS 2.5% 09/28","15yr",,,,,"1799281.08",,,,,,""
"2021-08-11","'3140JNWJ5'","MBS","UMBS MORTPASS 4.5% 05/49","30yr",,,,,"1799222.96",,,,,,""
"2021-08-11","'3140X9HW8'","MBS","UMBS MORTPASS 2% 02/51","30yr",,,,,"1797186.81",,,,,,""
"2021-08-11","'3140QAHJ2'","MBS","UMBS MORTPASS 3.5% 12/48","30yr",,,,,"1796760.63",,,,,,""
"2021-08-11","'31339UE22'","MBS","UMBS MORTPASS 3% 10/49","30yr",,,,,"1795867",,,,,,""
"2021-08-11","'31307V4R4'","MBS","FHLMCGLD 3.5% 05/33","15yr",,,,,"1795578.74",,,,,,""
"2021-08-11","'36230SLM4'","MBS","GNMA I 3.5% 07/42","30yr",,,,,"1795383.25",,,,,,""
"2021-08-11","'3133AMLE4'","MBS","UMBS MORTPASS 2% 06/51","30yr",,,,,"1795321.69",,,,,,""
"2021-08-11","'3133L8GD1'","MBS","UMBS MORTPASS 1.5% 05/36","15yr",,,,,"1795037",,,,,,""
"2021-08-11","'3138W14A2'","MBS","UMBS MORTPASS 2.5% 02/28","15yr",,,,,"1793586.56",,,,,,""
"2021-08-11","'3133ALQS0'","MBS","UMBS MORTPASS 2% 05/51","30yr",,,,,"1793323.93",,,,,,""
"2021-08-11","'3133A6W64'","MBS","UMBS MORTPASS 2% 06/50","30yr",,,,,"1793211.37",,,,,,""
"2021-08-11","'3138YD2A6'","MBS","UMBS MORTPASS 3% 03/45","30yr",,,,,"1793099.85",,,,,,""
"2021-08-11","'3132KE5M3'","MBS","FHLMCGLD 2.5% 04/30","15yr",,,,,"1792631.91",,,,,,""
"2021-08-11","'31307VB88'","MBS","FHLMCGLD 3.5% 12/32","15yr",,,,,"1792006.69",,,,,,""
"2021-08-11","'3132M7U97'","MBS","FHLMCGLD 4% 08/44","30yr",,,,,"1791784.31",,,,,,""
"2021-08-11","'3132HNCV9'","MBS","FHLMCGLD 3% 10/42","30yr",,,,,"1790455.61",,,,,,""
"2021-08-11","'36176H5B6'","MBS","GNMA I MORTPASS 3% 04/43","30yr",,,,,"1790168.7",,,,,,""
"2021-08-11","'3140HFTM1'","MBS","UMBS MORTPASS 2.5% 04/35","15yr",,,,,"1789967.79",,,,,,""
"2021-08-11","'3140JXRL4'","MBS","UMBS MORTPASS 2.5% 10/49","30yr",,,,,"1789557.18",,,,,,""
"2021-08-11","'3140H7T56'","MBS","UMBS MORTPASS 3.5% 04/33","15yr",,,,,"1789503.47",,,,,,""
"2021-08-11","'3140K5BL0'","MBS","UMBS MORTPASS 3.5% 02/50","30yr",,,,,"1788924.37",,,,,,""
"2021-08-11","'36295RNR5'","MBS","GNMA I MORTPASS 4% 04/39","30yr",,,,,"1788596.67",,,,,,""
"2021-08-11","'3132JMF20'","MBS","FHLMCGLD 3% 07/43","30yr",,,,,"1787973.22",,,,,,""
"2021-08-11","'3140F15F5'","MBS","UMBS MORTPASS 2.5% 06/31","15yr",,,,,"1787050.99",,,,,,""
"2021-08-11","'3133ABUZ1'","MBS","UMBS MORTPASS 2.5% 11/50","30yr",,,,,"1786298.59",,,,,,""
"2021-08-11","'3138XKT46'","MBS","UMBS MORTPASS 4% 01/44","30yr",,,,,"1785276.44",,,,,,""
"2021-08-11","'31307GJ42'","MBS","FHLMCGLD 3% 02/29","15yr",,,,,"1784737.99",,,,,,""
"2021-08-11","'3131YBTH1'","MBS","UMBS MORTPASS 4.5% 04/49","30yr",,,,,"1783607.86",,,,,,""
"2021-08-11","'3140F7R76'","MBS","UMBS MORTPASS 4% 07/46","30yr",,,,,"1783181",,,,,,""
"2021-08-11","'3132HQ5R9'","MBS","FHLMCGLD 3% 01/43","30yr",,,,,"1782573.42",,,,,,""
"2021-08-11","'3138X4KN9'","MBS","UMBS MORTPASS 3% 09/28","15yr",,,,,"1782364.55",,,,,,""
"2021-08-11","'3133AKSN1'","MBS","UMBS MORTPASS 1.5% 04/51","30yr",,,,,"1781828.87",,,,,,""
"2021-08-11","'36180C3Y3'","MBS","GNMA I MORTPASS 3% 02/43","30yr",,,,,"1779553.73",,,,,,""
"2021-08-11","'3138M0R36'","MBS","UMBS MORTPASS 3% 07/27","15yr",,,,,"1779547.8",,,,,,""
"2021-08-11","'3132WLCJ3'","MBS","FHLMCGLD 3% 02/47","30yr",,,,,"1779265.65",,,,,,""
"2021-08-11","'3133AEXK5'","MBS","UMBS MORTPASS 2.5% 01/51","30yr",,,,,"1778856.32",,,,,,""
"2021-08-11","'3133A4HH2'","MBS","UMBS MORTPASS 2.5% 04/45","30yr",,,,,"1778843.07",,,,,,""
"2021-08-11","'3133D3EJ0'","MBS","UMBS MORTPASS 2.5% 12/39","Other",,,,,"1778744.85",,,,,,""
"2021-08-11","'3132A9NT0'","MBS","UMBS MORTPASS 3% 10/28","15yr",,,,,"1777768.03",,,,,,""
"2021-08-11","'36179JB89'","MBS","GNMA I MORTPASS 3% 01/43","30yr",,,,,"1776778.32",,,,,,""
"2021-08-11","'36178QKK7'","MBS","GNMA I MORTPASS 3% 02/43","30yr",,,,,"1775690.26",,,,,,""
"2021-08-11","'3138EE3D9'","MBS","UMBS MORTPASS 3.5% 04/42","30yr",,,,,"1774299.51",,,,,,""
"2021-08-11","'3140X8KD8'","MBS","UMBS MORTPASS 2% 11/50","30yr",,,,,"1773258.74",,,,,,""
"2021-08-11","'31416YD47'","MBS","UMBS MORTPASS 2.5% 03/26","15yr",,,,,"1771459.45",,,,,,""
"2021-08-11","'3132A7VL2'","MBS","UMBS MORTPASS 2.5% 03/24","Other",,,,,"1770558.42",,,,,,""
"2021-08-11","'3140K83D1'","MBS","UMBS MORTPASS 3% 02/50","30yr",,,,,"1769725.51",,,,,,""
"2021-08-11","'31418CV84'","MBS","UMBS MORTPASS 2.5% 04/33","15yr",,,,,"1769513.24",,,,,,""
"2021-08-11","'3133KHGT7'","MBS","UMBS MORTPASS 3.5% 01/50","30yr",,,,,"1769028.16",,,,,,""
"2021-08-11","'31307F7L9'","MBS","FHLMCGLD 3% 01/29","15yr",,,,,"1768631.69",,,,,,""
"2021-08-11","'3131X8DH6'","MBS","UMBS MORTPASS 2.5% 11/27","15yr",,,,,"1767458.97",,,,,,""
"2021-08-11","'36179AZM1'","MBS","GNMA I MORTPASS 3% 02/43","30yr",,,,,"1767211.26",,,,,,""
"2021-08-11","'3133AAKV3'","MBS","UMBS MORTPASS 2% 09/50","30yr",,,,,"1765793.18",,,,,,""
"2021-08-11","'36202FUL8'","MBS","GNMA II 3.5% 06/41","30yr",,,,,"1765565.98",,,,,,""
"2021-08-11","'3138MBLA2'","MBS","UMBS MORTPASS 3% 09/27","15yr",,,,,"1765406.79",,,,,,""
"2021-08-11","'3140HPVJ3'","MBS","UMBS MORTPASS 3.5% 10/48","30yr",,,,,"1765383.96",,,,,,""
"2021-08-11","'3140JW4V9'","MBS","UMBS MORTPASS 3% 10/49","30yr",,,,,"1765090.57",,,,,,""
"2021-08-11","'3140K1RG3'","MBS","UMBS MORTPASS 3% 11/49","30yr",,,,,"1764630.9",,,,,,""
"2021-08-11","'3138M8HU0'","MBS","UMBS MORTPASS 2.5% 08/27","15yr",,,,,"1764462.69",,,,,,""
"2021-08-11","'3133G9HB8'","MBS","UMBS MORTPASS 2% 08/35","15yr",,,,,"1764388.25",,,,,,""
"2021-08-11","'31418AFV5'","MBS","UMBS MORTPASS 2.5% 06/22","Other",,,,,"1763870.17",,,,,,""
"2021-08-11","'3140KYQ49'","MBS","UMBS MORTPASS 1.5% 02/36","15yr",,,,,"1762517.86",,,,,,""
"2021-08-11","'3132JMKC2'","MBS","FHLMCGLD 3.5% 07/43","30yr",,,,,"1762143.72",,,,,,""
"2021-08-11","'3131X9BS2'","MBS","UMBS MORTPASS 2.5% 05/28","15yr",,,,,"1761935.46",,,,,,""
"2021-08-11","'3138W2LL7'","MBS","UMBS MORTPASS 2.5% 01/28","15yr",,,,,"1761435.62",,,,,,""
"2021-08-11","'36202EVP1'","MBS","GNMA II MORTPASS 6% 08/38","30yr",,,,,"1761172.13",,,,,,""
"2021-08-11","'3140Q93M3'","MBS","UMBS MORTPASS 3% 10/48","30yr",,,,,"1760830.63",,,,,,""
"2021-08-11","'3140H5KB6'","MBS","UMBS MORTPASS 3% 12/47","30yr",,,,,"1760286.41",,,,,,""
"2021-08-11","'3138WEF79'","MBS","UMBS MORTPASS 2.5% 03/30","15yr",,,,,"1760280.75",,,,,,""
"2021-08-11","'3138ET4J2'","MBS","UMBS MORTPASS 3% 12/30","15yr",,,,,"1759505.13",,,,,,""
"2021-08-11","'3133AMAG1'","MBS","UMBS MORTPASS 2% 05/51","30yr",,,,,"1757098.99",,,,,,""
"2021-08-11","'3620AVA69'","MBS","GNMA I MORTPASS 3% 06/43","30yr",,,,,"1756857.6",,,,,,""
"2021-08-11","'3132A7GF2'","MBS","UMBS MORTPASS 2.5% 05/27","15yr",,,,,"1755372.67",,,,,,""
"2021-08-11","'3140L6YJ7'","MBS","UMBS MORTPASS 1.5% 04/51","30yr",,,,,"1754595.9",,,,,,""
"2021-08-11","'3133KGYF9'","MBS","UMBS MORTPASS 3% 09/49","30yr",,,,,"1754580.59",,,,,,""
"2021-08-11","'3140HDXU3'","MBS","UMBS MORTPASS 3.5% 01/50","30yr",,,,,"1754574.47",,,,,,""
"2021-08-11","'3133GC5V0'","MBS","UMBS MORTPASS 1.5% 05/36","15yr",,,,,"1753467.68",,,,,,""
"2021-08-11","'3131X84G8'","MBS","UMBS MORTPASS 2% 04/28","15yr",,,,,"1752672.12",,,,,,""
"2021-08-11","'3140JGR80'","MBS","UMBS MORTPASS 4% 10/48","30yr",,,,,"1750717.71",,,,,,""
"2021-08-11","'3131X8B96'","MBS","UMBS MORTPASS 2.5% 10/27","15yr",,,,,"1750712.59",,,,,,""
"2021-08-11","'3140JR4B4'","MBS","UMBS MORTPASS 4.5% 06/49","30yr",,,,,"1750549.05",,,,,,""
"2021-08-11","'3133A6ZD6'","MBS","UMBS MORTPASS 3% 06/50","30yr",,,,,"1750533.59",,,,,,""
"2021-08-11","'3138XRM48'","MBS","UMBS MORTPASS 4% 03/44","30yr",,,,,"1750030.6",,,,,,""
"2021-08-11","'3133KHQT6'","MBS","UMBS MORTPASS 3% 01/50","30yr",,,,,"1749151.01",,,,,,""
"2021-08-11","'3620A0AK6'","MBS","GNMA I 4.5% 06/39","30yr",,,,,"1748235.97",,,,,,""
"2021-08-11","'31417HCD4'","MBS","UMBS MORTPASS 4% 07/43","30yr",,,,,"1747764.43",,,,,,""
"2021-08-11","'36179UGA4'","MBS","GNMA II MORTPASS 3% 11/48","30yr",,,,,"1747064",,,,,,""
"2021-08-11","'3131X8Y34'","MBS","UMBS MORTPASS 2.5% 04/28","15yr",,,,,"1746134.16",,,,,,""
"2021-08-11","'3140LTDU5'","MBS","UMBS MORTPASS 2.5% 07/51","30yr",,,,,"1745808",,,,,,""
"2021-08-11","'31307VV78'","MBS","FHLMCGLD 3.5% 03/33","15yr",,,,,"1745648.5",,,,,,""
"2021-08-11","'3140QD5A8'","MBS","UMBS MORTPASS 1.5% 07/35","15yr",,,,,"1745501.53",,,,,,""
"2021-08-11","'31307HBU0'","MBS","FHLMCGLD 3% 05/29","15yr",,,,,"1745014.47",,,,,,""
"2021-08-11","'3140JKZ82'","MBS","UMBS MORTPASS 4% 02/49","30yr",,,,,"1743654.58",,,,,,""
"2021-08-11","'3140FMKK1'","MBS","UMBS MORTPASS 3.5% 12/46","30yr",,,,,"1743052.02",,,,,,""
"2021-08-11","'3140HFER6'","MBS","UMBS MORTPASS 3% 04/33","15yr",,,,,"1742589.59",,,,,,""
"2021-08-11","'3140X5KX0'","MBS","UMBS MORTPASS 3.5% 12/49","30yr",,,,,"1742032.9",,,,,,""
"2021-08-11","'3131X8L87'","MBS","UMBS MORTPASS 2.5% 01/28","15yr",,,,,"1742000.23",,,,,,""
"2021-08-11","'3138XFH99'","MBS","UMBS MORTPASS 4% 11/43","30yr",,,,,"1741905.02",,,,,,""
"2021-08-11","'36294UWR9'","MBS","GNMA I MORTPASS 3% 09/42","30yr",,,,,"1740991.42",,,,,,""
"2021-08-11","'36294UWZ1'","MBS","GNMA I MORTPASS 3% 10/42","30yr",,,,,"1740813.55",,,,,,""
"2021-08-11","'3140QCCU8'","MBS","UMBS MORTPASS 4.5% 08/49","30yr",,,,,"1738848.78",,,,,,""
"2021-08-11","'36230SLH5'","MBS","GNMA I 3.5% 06/42","30yr",,,,,"1738814.67",,,,,,""
"2021-08-11","'3140JGWC5'","MBS","UMBS MORTPASS 4% 09/48","30yr",,,,,"1736629.81",,,,,,""
"2021-08-11","'3133AD2F2'","MBS","UMBS MORTPASS 2.5% 12/50","30yr",,,,,"1736066.95",,,,,,""
"2021-08-11","'3133D3A54'","MBS","UMBS MORTPASS 3% 07/39","Other",,,,,"1735423.07",,,,,,""
"2021-08-11","'3140HKCR7'","MBS","UMBS MORTPASS 3.5% 07/33","15yr",,,,,"1734358.45",,,,,,""
"2021-08-11","'3140JG6P5'","MBS","UMBS MORTPASS 4.5% 11/48","30yr",,,,,"1732938.49",,,,,,""
"2021-08-11","'3132A9SR9'","MBS","UMBS MORTPASS 2% 11/31","15yr",,,,,"1731690.63",,,,,,""
"2021-08-11","'3138EHJN3'","MBS","UMBS MORTPASS 3.5% 01/26","15yr",,,,,"1731607.57",,,,,,""
"2021-08-11","'36202FHX7'","MBS","GNMA II 4.5% 07/40","30yr",,,,,"1731527.64",,,,,,""
"2021-08-11","'3140L3T43'","MBS","UMBS MORTPASS 2.5% 03/51","30yr",,,,,"1728622.78",,,,,,""
"2021-08-11","'3138XWN79'","MBS","UMBS MORTPASS 3% 07/29","15yr",,,,,"1728457.47",,,,,,""
"2021-08-11","'31329LE32'","MBS","UMBS MORTPASS 3% 09/27","15yr",,,,,"1727358.35",,,,,,""
"2021-08-11","'36177UWP5'","MBS","GNMA I 3.5% 07/42","30yr",,,,,"1726969.9",,,,,,""
"2021-08-11","'3133ABGJ3'","MBS","UMBS MORTPASS 2.5% 09/50","30yr",,,,,"1726944.19",,,,,,""
"2021-08-11","'3140LPK50'","MBS","UMBS MORTPASS 1.5% 07/36","15yr",,,,,"1726938.1",,,,,,""
"2021-08-11","'3140LSTG1'","MBS","UMBS MORTPASS 2% 06/51","30yr",,,,,"1726208.22",,,,,,""
"2021-08-11","'3138EJW38'","MBS","UMBS MORTPASS 3% 10/27","15yr",,,,,"1726150.51",,,,,,""
"2021-08-11","'3133A9AJ4'","MBS","UMBS MORTPASS 2.5% 08/50","30yr",,,,,"1724438.93",,,,,,""
"2021-08-11","'3138EB7D1'","MBS","UMBS MORTPASS 3% 04/27","15yr",,,,,"1724234.9",,,,,,""
"2021-08-11","'3131Y8BS3'","MBS","UMBS MORTPASS 4.5% 12/48","30yr",,,,,"1724140.74",,,,,,""
"2021-08-11","'3140HFTY5'","MBS","UMBS MORTPASS 3% 04/45","30yr",,,,,"1723532.19",,,,,,""
"2021-08-11","'3140JARF7'","MBS","UMBS MORTPASS 2% 08/26","Other",,,,,"1723162.49",,,,,,""
"2021-08-11","'31307VW77'","MBS","FHLMCGLD 3% 03/33","15yr",,,,,"1721930.17",,,,,,""
"2021-08-11","'3140H9QU0'","MBS","UMBS MORTPASS 4.5% 02/49","30yr",,,,,"1721158.62",,,,,,""
"2021-08-11","'3133GC4H2'","MBS","UMBS MORTPASS 2% 05/36","15yr",,,,,"1720742.38",,,,,,""
"2021-08-11","'3132M8GK6'","MBS","FHLMCGLD 4% 08/44","30yr",,,,,"1720440.58",,,,,,""
"2021-08-11","'3133KHQS8'","MBS","UMBS MORTPASS 3% 11/49","30yr",,,,,"1720180.87",,,,,,""
"2021-08-11","'3138ABU31'","MBS","UMBS MORTPASS 3% 01/27","15yr",,,,,"1719859.4",,,,,,""
"2021-08-11","'3138XJKT3'","MBS","UMBS MORTPASS 4% 04/44","30yr",,,,,"1719115.38",,,,,,""
"2021-08-11","'3140L7BM3'","MBS","UMBS MORTPASS 1.5% 03/36","15yr",,,,,"1717025.49",,,,,,""
"2021-08-11","'3138ESCN6'","MBS","UMBS MORTPASS 2.5% 09/30","15yr",,,,,"1716290.99",,,,,,""
"2021-08-11","'31307MFE1'","MBS","FHLMCGLD 3% 03/30","15yr",,,,,"1716037.66",,,,,,""
"2021-08-11","'3140LPRM6'","MBS","UMBS MORTPASS 2% 05/51","30yr",,,,,"1714941.13",,,,,,""
"2021-08-11","'3132HRJE1'","MBS","FHLMCGLD 3% 01/43","30yr",,,,,"1714694.13",,,,,,""
"2021-08-11","'3140Q7N60'","MBS","UMBS MORTPASS 2% 09/27","Other",,,,,"1713341.15",,,,,,""
"2021-08-11","'3133AF3U3'","MBS","UMBS MORTPASS 2% 01/51","30yr",,,,,"1712915.79",,,,,,""
"2021-08-11","'31307ALA8'","MBS","FHLMCGLD 3% 02/28","15yr",,,,,"1711763.74",,,,,,""
"2021-08-11","'31418BZR0'","MBS","UMBS MORTPASS 2.5% 03/31","15yr",,,,,"1711685.33",,,,,,""
"2021-08-11","'3138WFA22'","MBS","UMBS MORTPASS 3% 06/30","15yr",,,,,"1710646.38",,,,,,""
"2021-08-11","'3131Y7CT2'","MBS","UMBS MORTPASS 3% 10/48","30yr",,,,,"1709979.24",,,,,,""
"2021-08-11","'36295CFW6'","MBS","GNMA I MORTPASS 3% 11/42","30yr",,,,,"1709778.54",,,,,,""
"2021-08-11","'3132CWCG7'","MBS","UMBS MORTPASS 2.5% 05/30","15yr",,,,,"1709295.06",,,,,,""
"2021-08-11","'3138WDM65'","MBS","UMBS MORTPASS 2.5% 12/29","15yr",,,,,"1709222.49",,,,,,""
"2021-08-11","'3133AAKP6'","MBS","UMBS MORTPASS 2% 09/50","30yr",,,,,"1708989.78",,,,,,""
"2021-08-11","'3140K4U24'","MBS","UMBS MORTPASS 3% 03/50","30yr",,,,,"1708754.85",,,,,,""
"2021-08-11","'31417NRU7'","MBS","UMBS MORTPASS 4% 08/39","30yr",,,,,"1708169.21",,,,,,""
"2021-08-11","'3132AD4B1'","MBS","UMBS MORTPASS 2% 07/30","15yr",,,,,"1707211.65",,,,,,""
"2021-08-11","'31418BEH5'","MBS","UMBS MORTPASS 3% 06/24","Other",,,,,"1706916.29",,,,,,""
"2021-08-11","'3133A22Y5'","MBS","UMBS MORTPASS 3% 03/50","30yr",,,,,"1706566.02",,,,,,""
"2021-08-11","'3138WDFA4'","MBS","UMBS MORTPASS 3% 11/44","30yr",,,,,"1705007.21",,,,,,""
"2021-08-11","'3140QHH73'","MBS","UMBS MORTPASS 1.5% 02/51","30yr",,,,,"1704690.81",,,,,,""
"2021-08-11","'3131YAK58'","MBS","UMBS MORTPASS 4% 03/49","30yr",,,,,"1704541.09",,,,,,""
"2021-08-11","'3133AFZ95'","MBS","UMBS MORTPASS 1.5% 01/51","30yr",,,,,"1704174.6",,,,,,""
"2021-08-11","'3620A9YU9'","MBS","GNMA I 4.5% 12/39","30yr",,,,,"1704127.46",,,,,,""
"2021-08-11","'3132KE4T9'","MBS","FHLMCGLD 2.5% 06/30","15yr",,,,,"1703810.35",,,,,,""
"2021-08-11","'3133A0MQ4'","MBS","UMBS MORTPASS 3% 01/50","30yr",,,,,"1703768.54",,,,,,""
"2021-08-11","'3140LSU53'","MBS","UMBS MORTPASS 2% 07/51","30yr",,,,,"1703686.11",,,,,,""
"2021-08-11","'3138ER6N5'","MBS","UMBS MORTPASS 2.5% 11/30","15yr",,,,,"1703544.6",,,,,,""
"2021-08-11","'3133ALFE3'","MBS","UMBS MORTPASS 1.5% 05/51","30yr",,,,,"1701047.08",,,,,,""
"2021-08-11","'3133ABG20'","MBS","UMBS MORTPASS 2.5% 10/50","30yr",,,,,"1700579.96",,,,,,""
"2021-08-11","'31417DMB6'","MBS","UMBS MORTPASS 2.5% 10/27","15yr",,,,,"1700403.88",,,,,,""
"2021-08-11","'3132A76X4'","MBS","UMBS MORTPASS 3% 03/30","15yr",,,,,"1699944.75",,,,,,""
"2021-08-11","'3128MMV83'","MBS","FHLMCGLD 3.5% 03/32","15yr",,,,,"1699345.8",,,,,,""
"2021-08-11","'3140KTGC3'","MBS","UMBS MORTPASS 1.5% 02/51","30yr",,,,,"1698906.48",,,,,,""
"2021-08-11","'3132CWHR8'","MBS","UMBS MORTPASS 2.5% 01/35","15yr",,,,,"1697712.29",,,,,,""
"2021-08-11","'3131X8R65'","MBS","UMBS MORTPASS 2.5% 02/28","15yr",,,,,"1697541.46",,,,,,""
"2021-08-11","'3140HMKE3'","MBS","UMBS MORTPASS 4.5% 06/48","30yr",,,,,"1697408.03",,,,,,""
"2021-08-11","'31334WVN8'","MBS","UMBS MORTPASS 3.5% 06/44","30yr",,,,,"1697105.17",,,,,,""
"2021-08-11","'3140HCCG9'","MBS","UMBS MORTPASS 4% 05/48","30yr",,,,,"1696750.4",,,,,,""
"2021-08-11","'36179VME7'","MBS","GNMA II 3.5% 05/50","30yr",,,,,"1695895.6",,,,,,""
"2021-08-11","'3140LSXT8'","MBS","UMBS MORTPASS 2% 07/36","15yr",,,,,"1694987",,,,,,""
"2021-08-11","'31307VFH4'","MBS","FHLMCGLD 3% 01/33","15yr",,,,,"1694524.07",,,,,,""
"2021-08-11","'31339SPU3'","MBS","UMBS MORTPASS 4% 09/49","30yr",,,,,"1693567.22",,,,,,""
"2021-08-11","'3133G74T7'","MBS","UMBS MORTPASS 2% 03/35","15yr",,,,,"1692168.82",,,,,,""
"2021-08-11","'3140KGWG4'","MBS","UMBS MORTPASS 2.5% 07/50","30yr",,,,,"1691911.89",,,,,,""
"2021-08-11","'3140HJSY8'","MBS","UMBS MORTPASS 3.5% 06/48","30yr",,,,,"1691568.35",,,,,,""
"2021-08-11","'3138M1FT0'","MBS","UMBS MORTPASS 3% 07/27","15yr",,,,,"1690870.67",,,,,,""
"2021-08-11","'3133AMN85'","MBS","UMBS MORTPASS 2.5% 06/51","30yr",,,,,"1690847.54",,,,,,""
"2021-08-11","'3133KHRM0'","MBS","UMBS MORTPASS 4.5% 12/49","30yr",,,,,"1690508.65",,,,,,""
"2021-08-11","'3140LPYT3'","MBS","UMBS MORTPASS 1.5% 05/51","30yr",,,,,"1690320.74",,,,,,""
"2021-08-11","'3620AS3F4'","MBS","GNMA I 3.5% 10/41","30yr",,,,,"1690304.09",,,,,,""
"2021-08-11","'3133GDVB3'","MBS","UMBS MORTPASS 1.5% 07/36","15yr",,,,,"1690024",,,,,,""
"2021-08-11","'3140JVBV3'","MBS","UMBS MORTPASS 4% 06/49","30yr",,,,,"1689626.46",,,,,,""
"2021-08-11","'3133GCRA2'","MBS","UMBS MORTPASS 2% 04/36","15yr",,,,,"1689538.5",,,,,,""
"2021-08-11","'31307U6B9'","MBS","FHLMCGLD 3.5% 12/32","15yr",,,,,"1688415.83",,,,,,""
"2021-08-11","'3140HKLY2'","MBS","UMBS MORTPASS 4% 05/48","30yr",,,,,"1688308.29",,,,,,""
"2021-08-11","'3132J9XD5'","MBS","FHLMCGLD 3% 04/43","30yr",,,,,"1688117.09",,,,,,""
"2021-08-11","'3140E5LB8'","MBS","UMBS MORTPASS 2.5% 05/31","15yr",,,,,"1687756.13",,,,,,""
"2021-08-11","'31307RTQ8'","MBS","FHLMCGLD 2.5% 08/31","15yr",,,,,"1687691.36",,,,,,""
"2021-08-11","'3140X5FV0'","MBS","UMBS MORTPASS 2% 11/23","Other",,,,,"1686735.31",,,,,,""
"2021-08-11","'3138M9C66'","MBS","UMBS MORTPASS 2.5% 09/27","15yr",,,,,"1686118.35",,,,,,""
"2021-08-11","'3140LTUH5'","MBS","UMBS MORTPASS 1.5% 07/36","15yr",,,,,"1685788.44",,,,,,""
"2021-08-11","'3140LP2S0'","MBS","UMBS MORTPASS 2% 05/51","30yr",,,,,"1683408.71",,,,,,""
"2021-08-11","'3133ADGW0'","MBS","UMBS MORTPASS 2.5% 12/50","30yr",,,,,"1683363.97",,,,,,""
"2021-08-11","'31334WRM5'","MBS","UMBS MORTPASS 4.5% 06/49","30yr",,,,,"1683309.73",,,,,,""
"2021-08-11","'3133ALLR7'","MBS","UMBS MORTPASS 2% 05/51","30yr",,,,,"1682896.03",,,,,,""
"2021-08-11","'3133A1L83'","MBS","UMBS MORTPASS 3% 02/50","30yr",,,,,"1682725.17",,,,,,""
"2021-08-11","'36180HTJ7'","MBS","GNMA I MORTPASS 3% 03/43","30yr",,,,,"1681753.8",,,,,,""
"2021-08-11","'3620C4L57'","MBS","GNMA I 3.5% 01/42","30yr",,,,,"1681176.95",,,,,,""
"2021-08-11","'3140KAXX9'","MBS","UMBS MORTPASS 2.5% 04/51","30yr",,,,,"1679904.37",,,,,,""
"2021-08-11","'3138XSMM6'","MBS","UMBS MORTPASS 3% 04/29","15yr",,,,,"1679353.66",,,,,,""
"2021-08-11","'3133GD3B4'","MBS","UMBS MORTPASS 2% 08/36","15yr",,,,,"1679200",,,,,,""
"2021-08-11","'3132A8ML0'","MBS","UMBS MORTPASS 3% 12/31","15yr",,,,,"1679112.26",,,,,,""
"2021-08-11","'3133A9PL3'","MBS","UMBS MORTPASS 2.5% 08/50","30yr",,,,,"1677642.91",,,,,,""
"2021-08-11","'3133ADYM2'","MBS","UMBS MORTPASS 2% 12/50","30yr",,,,,"1676801.6",,,,,,""
"2021-08-11","'3131X9JK1'","MBS","UMBS MORTPASS 2.5% 06/28","15yr",,,,,"1676142.16",,,,,,""
"2021-08-11","'3140X7FU8'","MBS","UMBS MORTPASS 2.5% 08/50","30yr",,,,,"1675574.38",,,,,,""
"2021-08-11","'3140QKXL7'","MBS","UMBS MORTPASS 1.5% 03/36","15yr",,,,,"1675497.58",,,,,,""
"2021-08-11","'31307QKU0'","MBS","FHLMCGLD 3% 02/31","15yr",,,,,"1675333.32",,,,,,""
"2021-08-11","'3140JUQB3'","MBS","UMBS MORTPASS 4.5% 07/49","30yr",,,,,"1675042.38",,,,,,""
"2021-08-11","'31334YCG0'","MBS","UMBS MORTPASS 4% 07/49","30yr",,,,,"1674820.94",,,,,,""
"2021-08-11","'3133A85X1'","MBS","UMBS MORTPASS 2.5% 08/50","30yr",,,,,"1674680.27",,,,,,""
"2021-08-11","'3140HEDP4'","MBS","UMBS MORTPASS 3.5% 02/48","30yr",,,,,"1672963.9",,,,,,""
"2021-08-11","'3131X8G34'","MBS","UMBS MORTPASS 2.5% 12/27","15yr",,,,,"1672258.63",,,,,,""
"2021-08-11","'31417KMC8'","MBS","UMBS MORTPASS 4% 08/39","30yr",,,,,"1670203.06",,,,,,""
"2021-08-11","'3138WHXR8'","MBS","UMBS MORTPASS 3% 09/41","30yr",,,,,"1669422.26",,,,,,""
"2021-08-11","'3140KVQV5'","MBS","UMBS MORTPASS 2% 03/36","15yr",,,,,"1669421.78",,,,,,""
"2021-08-11","'3133ADSW7'","MBS","UMBS MORTPASS 2.5% 12/50","30yr",,,,,"1669146.52",,,,,,""
"2021-08-11","'3140KC4A7'","MBS","UMBS MORTPASS 2.5% 03/35","15yr",,,,,"1669071.04",,,,,,""
"2021-08-11","'3138XBBY9'","MBS","UMBS MORTPASS 4.5% 11/43","30yr",,,,,"1668678.35",,,,,,""
"2021-08-11","'3133AJ2D4'","MBS","UMBS MORTPASS 2.5% 03/51","30yr",,,,,"1668403.6",,,,,,""
"2021-08-11","'3138X6G25'","MBS","UMBS MORTPASS 3% 08/28","15yr",,,,,"1667249.4",,,,,,""
"2021-08-11","'3131X9TS3'","MBS","UMBS MORTPASS 3% 09/28","15yr",,,,,"1667162.27",,,,,,""
"2021-08-11","'31418BDS2'","MBS","UMBS MORTPASS 3% 04/44","30yr",,,,,"1666734.77",,,,,,""
"2021-08-11","'3138YAJA4'","MBS","UMBS MORTPASS 3% 04/45","30yr",,,,,"1666022.1",,,,,,""
"2021-08-11","'3138Y7M33'","MBS","UMBS MORTPASS 3% 10/29","15yr",,,,,"1665734.55",,,,,,""
"2021-08-11","'31307WEB6'","MBS","FHLMCGLD 3% 06/33","15yr",,,,,"1665558.5",,,,,,""
"2021-08-11","'3132M5DQ2'","MBS","FHLMCGLD 4.5% 02/44","30yr",,,,,"1663479.47",,,,,,""
"2021-08-11","'3138E7TW4'","MBS","UMBS MORTPASS 3% 02/27","15yr",,,,,"1662213.88",,,,,,""
"2021-08-11","'3133GD3W8'","MBS","UMBS MORTPASS 1.5% 07/36","15yr",,,,,"1661310",,,,,,""
"2021-08-11","'3138WQXV9'","MBS","UMBS MORTPASS 3.5% 08/43","30yr",,,,,"1660994.48",,,,,,""
"2021-08-11","'3140JVKT8'","MBS","UMBS MORTPASS 3% 06/49","30yr",,,,,"1660408.73",,,,,,""
"2021-08-11","'3138X4KP4'","MBS","UMBS MORTPASS 3% 09/28","15yr",,,,,"1659793.74",,,,,,""
"2021-08-11","'3133AEJ88'","MBS","UMBS MORTPASS 2.5% 01/51","30yr",,,,,"1659328.24",,,,,,""
"2021-08-11","'3132A8BZ1'","MBS","UMBS MORTPASS 2.5% 10/25","Other",,,,,"1658246.95",,,,,,""
"2021-08-11","'3140QDQG2'","MBS","UMBS MORTPASS 4% 10/49","30yr",,,,,"1658237.92",,,,,,""
"2021-08-11","'3133G6HZ1'","MBS","UMBS MORTPASS 3% 07/34","15yr",,,,,"1658176.72",,,,,,""
"2021-08-11","'3138W4X22'","MBS","UMBS MORTPASS 3% 12/42","30yr",,,,,"1657735.02",,,,,,""
"2021-08-11","'3140K4A75'","MBS","UMBS MORTPASS 3% 11/49","30yr",,,,,"1657415.51",,,,,,""
"2021-08-11","'3140L0T49'","MBS","UMBS MORTPASS 1.5% 01/51","30yr",,,,,"1657094.17",,,,,,""
"2021-08-11","'3131X8BA3'","MBS","UMBS MORTPASS 2.5% 10/27","15yr",,,,,"1657041.3",,,,,,""
"2021-08-11","'31418CFN9'","MBS","UMBS MORTPASS 4.5% 01/47","30yr",,,,,"1656935.69",,,,,,""
"2021-08-11","'3140HNJK9'","MBS","UMBS MORTPASS 2% 12/35","15yr",,,,,"1656856.74",,,,,,""
"2021-08-11","'3140JYAH9'","MBS","UMBS MORTPASS 2.5% 08/34","15yr",,,,,"1656555.6",,,,,,""
"2021-08-11","'3133AJR21'","MBS","UMBS MORTPASS 1.5% 04/51","30yr",,,,,"1656192.31",,,,,,""
"2021-08-11","'3132GJVL0'","MBS","FHLMCGLD 4% 10/41","30yr",,,,,"1655943.85",,,,,,""
"2021-08-11","'3140EVA49'","MBS","UMBS MORTPASS 2.5% 05/31","15yr",,,,,"1655085.38",,,,,,""
"2021-08-11","'31307GE88'","MBS","FHLMCGLD 3% 02/29","15yr",,,,,"1655015.03",,,,,,""
"2021-08-11","'3140L7KL5'","MBS","UMBS MORTPASS 2.5% 04/51","30yr",,,,,"1654876.28",,,,,,""
"2021-08-11","'31418BTX4'","MBS","UMBS MORTPASS 3% 08/25","Other",,,,,"1654343.24",,,,,,""
"2021-08-11","'31307NYG3'","MBS","FHLMCGLD 2.5% 08/30","15yr",,,,,"1653792.77",,,,,,""
"2021-08-11","'3138WFWW2'","MBS","UMBS MORTPASS 3% 10/30","15yr",,,,,"1653547.93",,,,,,""
"2021-08-11","'31307CYB8'","MBS","FHLMCGLD 2.5% 06/28","15yr",,,,,"1652100.53",,,,,,""
"2021-08-11","'31334YK63'","MBS","UMBS MORTPASS 3.5% 08/49","30yr",,,,,"1651699.07",,,,,,""
"2021-08-11","'31307Q6W2'","MBS","FHLMCGLD 3% 06/31","15yr",,,,,"1651389.6",,,,,,""
"2021-08-11","'3133ANEU4'","MBS","UMBS MORTPASS 2% 05/51","30yr",,,,,"1651137.34",,,,,,""
"2021-08-11","'3140K3N65'","MBS","UMBS MORTPASS 3% 02/50","30yr",,,,,"1649259.49",,,,,,""
"2021-08-11","'3140KRVT3'","MBS","UMBS MORTPASS 2% 12/35","15yr",,,,,"1648778.99",,,,,,""
"2021-08-11","'3140KQQT1'","MBS","UMBS MORTPASS 2% 10/35","15yr",,,,,"1648325.69",,,,,,""
"2021-08-11","'3140H5JR3'","MBS","UMBS MORTPASS 2.5% 12/32","15yr",,,,,"1648158.55",,,,,,""
"2021-08-11","'3133ACLH9'","MBS","UMBS MORTPASS 2% 10/50","30yr",,,,,"1646443.01",,,,,,""
"2021-08-11","'3140JQKA0'","MBS","UMBS MORTPASS 1.5% 01/51","30yr",,,,,"1646142.14",,,,,,""
"2021-08-11","'36202FBG0'","MBS","GNMA II MORTPASS 4% 09/39","30yr",,,,,"1644983.87",,,,,,""
"2021-08-11","'3133AGZC6'","MBS","UMBS MORTPASS 2.5% 02/51","30yr",,,,,"1644859.13",,,,,,""
"2021-08-11","'3140K7GE7'","MBS","UMBS MORTPASS 3% 02/50","30yr",,,,,"1644425.39",,,,,,""
"2021-08-11","'3138MJKH1'","MBS","UMBS MORTPASS 2.5% 02/43","30yr",,,,,"1643872.35",,,,,,""
"2021-08-11","'3133ADYP5'","MBS","UMBS MORTPASS 1.5% 12/50","30yr",,,,,"1643424.89",,,,,,""
"2021-08-11","'3133G8R78'","MBS","UMBS MORTPASS 2% 05/35","15yr",,,,,"1643423.93",,,,,,""
"2021-08-11","'3140H3DC7'","MBS","UMBS MORTPASS 3% 11/47","30yr",,,,,"1643187.05",,,,,,""
"2021-08-11","'3133AKYU8'","MBS","UMBS MORTPASS 2% 05/51","30yr",,,,,"1643128.36",,,,,,""
"2021-08-11","'3133G7HG1'","MBS","UMBS MORTPASS 2.5% 12/34","15yr",,,,,"1642426.34",,,,,,""
"2021-08-11","'3133ADMQ6'","MBS","UMBS MORTPASS 2.5% 11/50","30yr",,,,,"1642175.73",,,,,,""
"2021-08-11","'3133ACTE8'","MBS","UMBS MORTPASS 2% 11/50","30yr",,,,,"1642032.62",,,,,,""
"2021-08-11","'3140L4T74'","MBS","UMBS MORTPASS 2% 02/51","30yr",,,,,"1642006.3",,,,,,""
"2021-08-11","'3140L1SS5'","MBS","UMBS MORTPASS 2% 02/36","15yr",,,,,"1641934.88",,,,,,""
"2021-08-11","'3131X64Z0'","MBS","UMBS MORTPASS 3% 09/26","15yr",,,,,"1641721.82",,,,,,""
"2021-08-11","'3133A2VA5'","MBS","UMBS MORTPASS 3% 03/50","30yr",,,,,"1641626.16",,,,,,""
"2021-08-11","'3140KVSM3'","MBS","UMBS MORTPASS 1.5% 11/50","30yr",,,,,"1641533.34",,,,,,""
"2021-08-11","'3140K7HK2'","MBS","UMBS MORTPASS 3% 03/50","30yr",,,,,"1641513.18",,,,,,""
"2021-08-11","'3140HADH0'","MBS","UMBS MORTPASS 3% 01/33","15yr",,,,,"1641411.93",,,,,,""
"2021-08-11","'3140KUFM9'","MBS","UMBS MORTPASS 2% 12/35","15yr",,,,,"1641268.38",,,,,,""
"2021-08-11","'3138EL6A6'","MBS","UMBS MORTPASS 2.5% 06/28","15yr",,,,,"1641101.98",,,,,,""
"2021-08-11","'31307Q3W5'","MBS","FHLMCGLD 2.5% 05/31","15yr",,,,,"1639605.9",,,,,,""
"2021-08-11","'3133A2M64'","MBS","UMBS MORTPASS 3.5% 12/49","30yr",,,,,"1638690.99",,,,,,""
"2021-08-11","'31417GNJ1'","MBS","UMBS MORTPASS 2.5% 05/23","Other",,,,,"1638110.41",,,,,,""
"2021-08-11","'3132HMRF0'","MBS","FHLMCGLD 3% 09/42","30yr",,,,,"1637958.71",,,,,,""
"2021-08-11","'3138W6TT3'","MBS","UMBS MORTPASS 3% 03/28","15yr",,,,,"1637602.37",,,,,,""
"2021-08-11","'3140JRZ95'","MBS","UMBS MORTPASS 3% 05/49","30yr",,,,,"1636863.3",,,,,,""
"2021-08-11","'3131X9J39'","MBS","UMBS MORTPASS 2.5% 06/28","15yr",,,,,"1636400.42",,,,,,""
"2021-08-11","'3140GYUV9'","MBS","UMBS MORTPASS 3.5% 09/47","30yr",,,,,"1636097.34",,,,,,""
"2021-08-11","'3138M1FE3'","MBS","UMBS MORTPASS 3% 07/27","15yr",,,,,"1636014.19",,,,,,""
"2021-08-11","'3140X8QM2'","MBS","UMBS MORTPASS 2% 12/50","30yr",,,,,"1635947.98",,,,,,""
"2021-08-11","'3132JPS94'","MBS","FHLMCGLD 4% 10/43","30yr",,,,,"1635729.02",,,,,,""
"2021-08-11","'3133GDSR2'","MBS","UMBS MORTPASS 1.5% 07/36","15yr",,,,,"1635395.74",,,,,,""
"2021-08-11","'3138WABT3'","MBS","UMBS MORTPASS 3% 11/28","15yr",,,,,"1634159.25",,,,,,""
"2021-08-11","'3140J85J8'","MBS","UMBS MORTPASS 3.5% 08/33","15yr",,,,,"1634011.08",,,,,,""
"2021-08-11","'3133A42N5'","MBS","UMBS MORTPASS 3% 05/50","30yr",,,,,"1633642.5",,,,,,""
"2021-08-11","'3138X4ES5'","MBS","UMBS MORTPASS 3% 08/43","30yr",,,,,"1633565.83",,,,,,""
"2021-08-11","'3140JNWX4'","MBS","UMBS MORTPASS 4.5% 05/49","30yr",,,,,"1633327.8",,,,,,""
"2021-08-11","'3140JHMQ3'","MBS","UMBS MORTPASS 4.5% 01/49","30yr",,,,,"1632645.79",,,,,,""
"2021-08-11","'3140GNG56'","MBS","UMBS MORTPASS 3% 04/37","Other",,,,,"1631261.92",,,,,,""
"2021-08-11","'3133AMDS2'","MBS","UMBS MORTPASS 2% 05/51","30yr",,,,,"1630799.44",,,,,,""
"2021-08-11","'3140KDEN6'","MBS","UMBS MORTPASS 3% 06/50","30yr",,,,,"1629763.85",,,,,,""
"2021-08-11","'3140J9RT0'","MBS","UMBS MORTPASS 3% 08/38","Other",,,,,"1629357.09",,,,,,""
"2021-08-11","'3138LX7G8'","MBS","UMBS MORTPASS 3% 09/27","15yr",,,,,"1627068.08",,,,,,""
"2021-08-11","'3140QCMY9'","MBS","UMBS MORTPASS 2.5% 06/28","Other",,,,,"1626799.38",,,,,,""
"2021-08-11","'3133A4AY2'","MBS","UMBS MORTPASS 2.5% 03/50","30yr",,,,,"1625899.69",,,,,,""
"2021-08-11","'3133A9MV4'","MBS","UMBS MORTPASS 2.5% 09/50","30yr",,,,,"1625861.02",,,,,,""
"2021-08-11","'3133A14X7'","MBS","UMBS MORTPASS 3% 01/50","30yr",,,,,"1625638.6",,,,,,""
"2021-08-11","'3133ADKR6'","MBS","UMBS MORTPASS 1.5% 12/50","30yr",,,,,"1625615.87",,,,,,""
"2021-08-11","'3140X5FC2'","MBS","UMBS MORTPASS 3.5% 11/49","30yr",,,,,"1625380.37",,,,,,""
"2021-08-11","'3140K8P21'","MBS","UMBS MORTPASS 2.5% 02/50","30yr",,,,,"1624674.46",,,,,,""
"2021-08-11","'3133GA2C9'","MBS","UMBS MORTPASS 1.5% 12/35","15yr",,,,,"1624553.99",,,,,,""
"2021-08-11","'3133ABJ68'","MBS","UMBS MORTPASS 2.5% 10/50","30yr",,,,,"1624226.96",,,,,,""
"2021-08-11","'3140K4TK6'","MBS","UMBS MORTPASS 3% 02/50","30yr",,,,,"1624183.8",,,,,,""
"2021-08-11","'3138A9NK6'","MBS","UMBS MORTPASS 4% 03/41","30yr",,,,,"1623965.85",,,,,,""
"2021-08-11","'3140HLK96'","MBS","UMBS MORTPASS 3.5% 06/48","30yr",,,,,"1623702.49",,,,,,""
"2021-08-11","'36295CFK2'","MBS","GNMA I MORTPASS 3% 10/42","30yr",,,,,"1623528.89",,,,,,""
"2021-08-11","'3133GBBS2'","MBS","UMBS MORTPASS 2% 11/35","15yr",,,,,"1623528.65",,,,,,""
"2021-08-11","'3140LTML5'","MBS","UMBS MORTPASS 2% 07/51","30yr",,,,,"1623460",,,,,,""
"2021-08-11","'31339UMD9'","MBS","UMBS MORTPASS 3% 09/49","30yr",,,,,"1622987.6",,,,,,""
"2021-08-11","'3140H7RM1'","MBS","UMBS MORTPASS 3.5% 05/33","15yr",,,,,"1622979.29",,,,,,""
"2021-08-11","'3140K0ZL5'","MBS","UMBS MORTPASS 3% 09/49","30yr",,,,,"1622266.19",,,,,,""
"2021-08-11","'3140HNKQ4'","MBS","UMBS MORTPASS 1.5% 12/35","15yr",,,,,"1622057.53",,,,,,""
"2021-08-11","'3140K24F8'","MBS","UMBS MORTPASS 3% 11/34","15yr",,,,,"1621062.59",,,,,,""
"2021-08-11","'3140J6FV4'","MBS","UMBS MORTPASS 3% 09/30","15yr",,,,,"1621027.06",,,,,,""
"2021-08-11","'3133AF3T6'","MBS","UMBS MORTPASS 2% 02/51","30yr",,,,,"1621020.41",,,,,,""
"2021-08-11","'3132J9VC9'","MBS","FHLMCGLD 4% 05/43","30yr",,,,,"1621007.63",,,,,,""
"2021-08-11","'3140Q9N66'","MBS","UMBS MORTPASS 4.5% 08/48","30yr",,,,,"1620522.95",,,,,,""
"2021-08-11","'3140Q8N50'","MBS","UMBS MORTPASS 3.5% 10/27","Other",,,,,"1620495.68",,,,,,""
"2021-08-11","'3133AAKR2'","MBS","UMBS MORTPASS 2% 09/50","30yr",,,,,"1620217.61",,,,,,""
"2021-08-11","'36297F6G2'","MBS","GNMA I MORTPASS 5% 01/40","30yr",,,,,"1619952.77",,,,,,""
"2021-08-11","'3133L7R33'","MBS","UMBS MORTPASS 2.5% 11/33","15yr",,,,,"1619596.34",,,,,,""
"2021-08-11","'31418BX43'","MBS","UMBS MORTPASS 3% 01/31","15yr",,,,,"1619197.25",,,,,,""
"2021-08-11","'3140KMM49'","MBS","UMBS MORTPASS 2.5% 10/50","30yr",,,,,"1618887.4",,,,,,""
"2021-08-11","'3140LPR87'","MBS","UMBS MORTPASS 2% 06/51","30yr",,,,,"1618239.03",,,,,,""
"2021-08-11","'3140K2XY5'","MBS","UMBS MORTPASS 3% 11/49","30yr",,,,,"1618041.71",,,,,,""
"2021-08-11","'3133GBSF2'","MBS","UMBS MORTPASS 2% 01/36","15yr",,,,,"1617635.27",,,,,,""
"2021-08-11","'3138XLDR0'","MBS","UMBS MORTPASS 3.5% 02/29","15yr",,,,,"1617276.17",,,,,,""
"2021-08-11","'3133KYUP2'","MBS","UMBS MORTPASS 2% 12/40","Other",,,,,"1617021.57",,,,,,""
"2021-08-11","'3138LYT98'","MBS","UMBS MORTPASS 2.5% 06/27","15yr",,,,,"1616966.33",,,,,,""
"2021-08-11","'3132GJG29'","MBS","FHLMCGLD 4% 09/41","30yr",,,,,"1616906.71",,,,,,""
"2021-08-11","'3133AKXL9'","MBS","UMBS MORTPASS 2.5% 05/46","30yr",,,,,"1616734.59",,,,,,""
"2021-08-11","'31416XYF1'","MBS","UMBS MORTPASS 3% 03/26","15yr",,,,,"1616720.72",,,,,,""
"2021-08-11","'3140L24Q3'","MBS","UMBS MORTPASS 1.5% 03/36","15yr",,,,,"1616357.1",,,,,,""
"2021-08-11","'3131XYUL1'","MBS","UMBS MORTPASS 3% 12/47","30yr",,,,,"1616275.9",,,,,,""
"2021-08-11","'3138WAY92'","MBS","UMBS MORTPASS 3% 02/24","Other",,,,,"1616116.3",,,,,,""
"2021-08-11","'36296JMS1'","MBS","GNMA I MORTPASS 5% 05/39","30yr",,,,,"1615720.99",,,,,,""
"2021-08-11","'36297GM31'","MBS","GNMA I 4.5% 12/39","30yr",,,,,"1615714.52",,,,,,""
"2021-08-11","'3140JVRW4'","MBS","UMBS MORTPASS 4.5% 09/49","30yr",,,,,"1615367.95",,,,,,""
"2021-08-11","'3140LRHP6'","MBS","UMBS MORTPASS 2.5% 06/51","30yr",,,,,"1614991.68",,,,,,""
"2021-08-11","'3133ALLT3'","MBS","UMBS MORTPASS 2.5% 04/51","30yr",,,,,"1614078.34",,,,,,""
"2021-08-11","'3138LYHH3'","MBS","UMBS MORTPASS 2.5% 08/27","15yr",,,,,"1613999.97",,,,,,""
"2021-08-11","'3140KB6J8'","MBS","UMBS MORTPASS 2.5% 04/35","15yr",,,,,"1613478.04",,,,,,""
"2021-08-11","'31307RS71'","MBS","FHLMCGLD 2.5% 08/31","15yr",,,,,"1613476.29",,,,,,""
"2021-08-11","'36181D4J2'","MBS","GNMA I MORTPASS 3% 06/43","30yr",,,,,"1613431.89",,,,,,""
"2021-08-11","'3138WWBY4'","MBS","UMBS MORTPASS 3% 06/43","30yr",,,,,"1613224.76",,,,,,""
"2021-08-11","'36177PEV3'","MBS","GNMA I MORTPASS 3% 07/42","30yr",,,,,"1612997.07",,,,,,""
"2021-08-11","'3133LPR82'","MBS","UMBS MORTPASS 2% 10/29","Other",,,,,"1612737.04",,,,,,""
"2021-08-11","'3138W9DM9'","MBS","UMBS MORTPASS 3% 08/28","15yr",,,,,"1612574.86",,,,,,""
"2021-08-11","'3140K8Q79'","MBS","UMBS MORTPASS 3% 03/50","30yr",,,,,"1612219.76",,,,,,""
"2021-08-11","'3132ACRZ5'","MBS","UMBS MORTPASS 3% 04/47","30yr",,,,,"1611617.82",,,,,,""
"2021-08-11","'3138AXVY4'","MBS","UMBS MORTPASS 3% 11/26","15yr",,,,,"1611322.1",,,,,,""
"2021-08-11","'3140K76N8'","MBS","UMBS MORTPASS 3% 01/50","30yr",,,,,"1610689.76",,,,,,""
"2021-08-11","'3133A2RL6'","MBS","UMBS MORTPASS 2.5% 01/50","30yr",,,,,"1610640.76",,,,,,""
"2021-08-11","'36177WGM6'","MBS","GNMA I MORTPASS 4% 05/42","30yr",,,,,"1609602.89",,,,,,""
"2021-08-11","'3131X83P9'","MBS","UMBS MORTPASS 2.5% 04/28","15yr",,,,,"1609435.11",,,,,,""
"2021-08-11","'36294UT51'","MBS","GNMA I 3.5% 12/41","30yr",,,,,"1609097.61",,,,,,""
"2021-08-11","'36241KZP6'","MBS","GNMA II MORTPASS 5% 02/39","30yr",,,,,"1609093.85",,,,,,""
"2021-08-11","'3140LSWQ5'","MBS","UMBS MORTPASS 1.5% 06/36","15yr",,,,,"1608895.17",,,,,,""
"2021-08-11","'36295YFR9'","MBS","GNMA I MORTPASS 5% 10/39","30yr",,,,,"1608073.18",,,,,,""
"2021-08-11","'3133KGGQ5'","MBS","UMBS MORTPASS 3.5% 07/49","30yr",,,,,"1607478.51",,,,,,""
"2021-08-11","'3140L2LZ4'","MBS","UMBS MORTPASS 2% 02/51","30yr",,,,,"1607367.58",,,,,,""
"2021-08-11","'3140E9J72'","MBS","UMBS MORTPASS 2.5% 02/31","15yr",,,,,"1606636.04",,,,,,""
"2021-08-11","'3138ATGA2'","MBS","UMBS MORTPASS 3% 10/26","15yr",,,,,"1606316.67",,,,,,""
"2021-08-11","'3140JVDT6'","MBS","UMBS MORTPASS 3.5% 08/49","30yr",,,,,"1605431.85",,,,,,""
"2021-08-11","'3138ABUW7'","MBS","UMBS MORTPASS 3% 12/26","15yr",,,,,"1605316.77",,,,,,""
"2021-08-11","'3140JNSP6'","MBS","UMBS MORTPASS 3% 04/34","15yr",,,,,"1604806.84",,,,,,""
"2021-08-11","'3140QA5X4'","MBS","UMBS MORTPASS 3% 06/28","Other",,,,,"1603349.39",,,,,,""
"2021-08-11","'3131X8C53'","MBS","UMBS MORTPASS 2.5% 10/27","15yr",,,,,"1601805.16",,,,,,""
"2021-08-11","'3133A85D5'","MBS","UMBS MORTPASS 2.5% 09/50","30yr",,,,,"1601009.65",,,,,,""
"2021-08-11","'3140H76P7'","MBS","UMBS MORTPASS 2.5% 10/34","15yr",,,,,"1600896.67",,,,,,""
"2021-08-11","'31307LAR9'","MBS","FHLMCGLD 3% 12/29","15yr",,,,,"1600709.77",,,,,,""
"2021-08-11","'3138X8XS5'","MBS","UMBS MORTPASS 3% 10/28","15yr",,,,,"1600470.31",,,,,,""
"2021-08-11","'3133GC3Z3'","MBS","UMBS MORTPASS 1.5% 05/36","15yr",,,,,"1599966.95",,,,,,""
"2021-08-11","'3140QCCH7'","MBS","UMBS MORTPASS 4% 11/49","30yr",,,,,"1599813.45",,,,,,""
"2021-08-11","'31417DMC4'","MBS","UMBS MORTPASS 2.5% 10/27","15yr",,,,,"1599609.86",,,,,,""
"2021-08-11","'3140HETT9'","MBS","UMBS MORTPASS 3.5% 04/48","30yr",,,,,"1599434.33",,,,,,""
"2021-08-11","'3140QESZ6'","MBS","UMBS MORTPASS 3% 06/50","30yr",,,,,"1599432.19",,,,,,""
"2021-08-11","'3133GD4D9'","MBS","UMBS MORTPASS 2% 07/36","15yr",,,,,"1598808",,,,,,""
"2021-08-11","'31410GJ79'","MBS","UMBS MORTPASS 6.5% 09/37","30yr",,,,,"1598727.61",,,,,,""
"2021-08-11","'3132M6RG7'","MBS","FHLMCGLD 4% 05/44","30yr",,,,,"1598294.76",,,,,,""
"2021-08-11","'31418C2T0'","MBS","UMBS MORTPASS 3% 09/28","Other",,,,,"1598134.32",,,,,,""
"2021-08-11","'3140KAX68'","MBS","UMBS MORTPASS 2.5% 05/51","30yr",,,,,"1598032.7",,,,,,""
"2021-08-11","'31307URH3'","MBS","FHLMCGLD 2.5% 10/32","15yr",,,,,"1596931.57",,,,,,""
"2021-08-11","'3132QQJX1'","MBS","FHLMCGLD 3.5% 06/45","30yr",,,,,"1596748.96",,,,,,""
"2021-08-11","'3140KRKV0'","MBS","UMBS MORTPASS 2% 11/35","15yr",,,,,"1595896.41",,,,,,""
"2021-08-11","'3140H5YY1'","MBS","UMBS MORTPASS 2.5% 01/33","15yr",,,,,"1595878.12",,,,,,""
"2021-08-11","'3138MDVR0'","MBS","UMBS MORTPASS 2% 10/27","15yr",,,,,"1594852.52",,,,,,""
"2021-08-11","'3138W1S73'","MBS","UMBS MORTPASS 3% 02/43","30yr",,,,,"1594181.46",,,,,,""
"2021-08-11","'3133A2RR3'","MBS","UMBS MORTPASS 3% 02/50","30yr",,,,,"1594068.86",,,,,,""
"2021-08-11","'3140KCRL8'","MBS","UMBS MORTPASS 2.5% 04/45","30yr",,,,,"1592776.19",,,,,,""
"2021-08-11","'31416CAB2'","MBS","UMBS MORTPASS 6.5% 04/39","30yr",,,,,"1591607.65",,,,,,""
"2021-08-11","'31418BYK6'","MBS","UMBS MORTPASS 3% 01/26","Other",,,,,"1589098.84",,,,,,""
"2021-08-11","'31418DNK4'","MBS","UMBS MORTPASS 4% 04/50","30yr",,,,,"1588315.01",,,,,,""
"2021-08-11","'3140KBRD8'","MBS","UMBS MORTPASS 2% 05/35","15yr",,,,,"1587954.61",,,,,,""
"2021-08-11","'3140HEQH8'","MBS","UMBS MORTPASS 4% 03/48","30yr",,,,,"1587936.67",,,,,,""
"2021-08-11","'3132A9TG2'","MBS","UMBS MORTPASS 3% 04/32","15yr",,,,,"1587914.29",,,,,,""
"2021-08-11","'3133GBK29'","MBS","UMBS MORTPASS 1.5% 10/35","15yr",,,,,"1586545.12",,,,,,""
"2021-08-11","'3140X4VR4'","MBS","UMBS MORTPASS 2.5% 08/29","Other",,,,,"1586325.4",,,,,,""
"2021-08-11","'3131Y9F24'","MBS","UMBS MORTPASS 4.5% 01/49","30yr",,,,,"1585817.87",,,,,,""
"2021-08-11","'3133GCDJ8'","MBS","UMBS MORTPASS 2% 03/36","15yr",,,,,"1585226.91",,,,,,""
"2021-08-11","'3133KJ3J9'","MBS","UMBS MORTPASS 2% 09/50","30yr",,,,,"1585095.33",,,,,,""
"2021-08-11","'3140H4J54'","MBS","UMBS MORTPASS 3% 02/48","30yr",,,,,"1584670.99",,,,,,""
"2021-08-11","'3140HJAL5'","MBS","UMBS MORTPASS 3.5% 04/33","15yr",,,,,"1583959.72",,,,,,""
"2021-08-11","'3138MAA81'","MBS","UMBS MORTPASS 4% 09/42","30yr",,,,,"1583797.94",,,,,,""
"2021-08-11","'3132A9MM6'","MBS","UMBS MORTPASS 2.5% 05/27","15yr",,,,,"1583313.87",,,,,,""
"2021-08-11","'3133HMCQ0'","MBS","UMBS MORTPASS 3% 02/30","Other",,,,,"1582951.95",,,,,,""
"2021-08-11","'3140JSSD2'","MBS","UMBS MORTPASS 3% 05/34","15yr",,,,,"1582206.39",,,,,,""
"2021-08-11","'3140KYZN7'","MBS","UMBS MORTPASS 1.5% 02/51","30yr",,,,,"1581122.82",,,,,,""
"2021-08-11","'3132A9SL2'","MBS","UMBS MORTPASS 2% 10/31","15yr",,,,,"1580553.91",,,,,,""
"2021-08-11","'31307LSV1'","MBS","FHLMCGLD 2.5% 01/30","15yr",,,,,"1580456.1",,,,,,""
"2021-08-11","'3140KCRA2'","MBS","UMBS MORTPASS 2.5% 04/35","15yr",,,,,"1580247.06",,,,,,""
"2021-08-11","'3138WPWR1'","MBS","UMBS MORTPASS 3% 05/28","15yr",,,,,"1579321.98",,,,,,""
"2021-08-11","'3138E2GA7'","MBS","UMBS MORTPASS 3% 01/27","15yr",,,,,"1579034.54",,,,,,""
"2021-08-11","'3140GYNE5'","MBS","UMBS MORTPASS 3% 10/32","15yr",,,,,"1578708",,,,,,""
"2021-08-11","'3133ALL22'","MBS","UMBS MORTPASS 2.5% 05/51","30yr",,,,,"1578597.12",,,,,,""
"2021-08-11","'3138Y6ZD9'","MBS","UMBS MORTPASS 3.5% 11/29","15yr",,,,,"1578500.8",,,,,,""
"2021-08-11","'3140HHF83'","MBS","UMBS MORTPASS 3.5% 12/33","15yr",,,,,"1578316.38",,,,,,""
"2021-08-11","'3133KKAL3'","MBS","UMBS MORTPASS 2.5% 09/50","30yr",,,,,"1578224.68",,,,,,""
"2021-08-11","'3132A5FM2'","MBS","UMBS MORTPASS 3.5% 08/46","30yr",,,,,"1578021.42",,,,,,""
"2021-08-11","'3140JVES7'","MBS","UMBS MORTPASS 4.5% 09/49","30yr",,,,,"1577910.63",,,,,,""
"2021-08-11","'3138ER5Y2'","MBS","UMBS MORTPASS 3% 05/30","15yr",,,,,"1577496.2",,,,,,""
"2021-08-11","'3133A0TE4'","MBS","UMBS MORTPASS 4.5% 12/49","30yr",,,,,"1576789.12",,,,,,""
"2021-08-11","'3133G72H5'","MBS","UMBS MORTPASS 2.5% 02/35","15yr",,,,,"1575062.33",,,,,,""
"2021-08-11","'31307ULB2'","MBS","FHLMCGLD 3% 09/32","15yr",,,,,"1574992.43",,,,,,""
"2021-08-11","'3140L8QR4'","MBS","UMBS MORTPASS 2% 05/51","30yr",,,,,"1574602.41",,,,,,""
"2021-08-11","'3138YXS71'","MBS","UMBS MORTPASS 3% 10/45","30yr",,,,,"1574508.01",,,,,,""
"2021-08-11","'3140KRJT7'","MBS","UMBS MORTPASS 2% 11/35","15yr",,,,,"1574241.77",,,,,,""
"2021-08-11","'3140JYZQ2'","MBS","UMBS MORTPASS 3% 09/49","30yr",,,,,"1574122.43",,,,,,""
"2021-08-11","'36179JAW7'","MBS","GNMA I MORTPASS 3% 01/43","30yr",,,,,"1573872.26",,,,,,""
"2021-08-11","'3138M0NW6'","MBS","UMBS MORTPASS 3% 06/27","15yr",,,,,"1572264.38",,,,,,""
"2021-08-11","'3138X9G86'","MBS","UMBS MORTPASS 3% 09/28","15yr",,,,,"1571958.75",,,,,,""
"2021-08-11","'3133ALBM9'","MBS","UMBS MORTPASS 2% 05/51","30yr",,,,,"1571896.16",,,,,,""
"2021-08-11","'3138WAVT1'","MBS","UMBS MORTPASS 3% 01/29","15yr",,,,,"1571894.72",,,,,,""
"2021-08-11","'3138MGNK7'","MBS","UMBS MORTPASS 2.5% 02/28","15yr",,,,,"1571668.41",,,,,,""
"2021-08-11","'31307QMJ3'","MBS","FHLMCGLD 2.5% 03/31","15yr",,,,,"1571470.02",,,,,,""
"2021-08-11","'3140HJQY0'","MBS","UMBS MORTPASS 3.5% 05/48","30yr",,,,,"1570171.94",,,,,,""
"2021-08-11","'36296WBC9'","MBS","GNMA I MORTPASS 4% 07/39","30yr",,,,,"1569722.65",,,,,,""
"2021-08-11","'312931W20'","MBS","FHLMCGLD 5% 03/39","30yr",,,,,"1568478.86",,,,,,""
"2021-08-11","'31417EFR7'","MBS","UMBS MORTPASS 2.5% 12/27","15yr",,,,,"1568072.17",,,,,,""
"2021-08-11","'3133A63A7'","MBS","UMBS MORTPASS 3% 06/50","30yr",,,,,"1567954.67",,,,,,""
"2021-08-11","'3138WMCB5'","MBS","UMBS MORTPASS 3% 03/43","30yr",,,,,"1567903.99",,,,,,""
"2021-08-11","'3140HHSU0'","MBS","UMBS MORTPASS 4.5% 07/48","30yr",,,,,"1567283.49",,,,,,""
"2021-08-11","'3138XJ2M8'","MBS","UMBS MORTPASS 2.5% 08/30","15yr",,,,,"1566127.57",,,,,,""
"2021-08-11","'3140L7EX6'","MBS","UMBS MORTPASS 2.5% 03/51","30yr",,,,,"1565277.3",,,,,,""
"2021-08-11","'31329QYX3'","MBS","UMBS MORTPASS 4% 05/49","30yr",,,,,"1564680.49",,,,,,""
"2021-08-11","'3131X6CB4'","MBS","UMBS MORTPASS 3.5% 12/25","15yr",,,,,"1564678.85",,,,,,""
"2021-08-11","'3138ERWN6'","MBS","UMBS MORTPASS 3% 01/32","15yr",,,,,"1564498.33",,,,,,""
"2021-08-11","'3133KHKH8'","MBS","UMBS MORTPASS 3% 02/50","30yr",,,,,"1564271.33",,,,,,""
"2021-08-11","'36181UW95'","MBS","GNMA I MORTPASS 4% 10/43","30yr",,,,,"1564157.23",,,,,,""
"2021-08-11","'3133AL6L7'","MBS","UMBS MORTPASS 2% 06/51","30yr",,,,,"1563218.2",,,,,,""
"2021-08-11","'3138YDFH7'","MBS","UMBS MORTPASS 3.5% 01/45","30yr",,,,,"1563030.97",,,,,,""
"2021-08-11","'3131YAXH8'","MBS","UMBS MORTPASS 3% 03/49","30yr",,,,,"1562318.83",,,,,,""
"2021-08-11","'3140JPVT9'","MBS","UMBS MORTPASS 2% 02/51","30yr",,,,,"1561602.25",,,,,,""
"2021-08-11","'3140K7CU5'","MBS","UMBS MORTPASS 2.5% 12/34","15yr",,,,,"1561430.52",,,,,,""
"2021-08-11","'3138MBSA5'","MBS","UMBS MORTPASS 2.5% 10/42","30yr",,,,,"1561344.18",,,,,,""
"2021-08-11","'31294NVQ9'","MBS","FHLMCGLD 2.5% 01/28","15yr",,,,,"1560905.76",,,,,,""
"2021-08-11","'3138LYUN5'","MBS","UMBS MORTPASS 3% 08/27","15yr",,,,,"1560770.49",,,,,,""
"2021-08-11","'3133ALWD6'","MBS","UMBS MORTPASS 2% 06/51","30yr",,,,,"1560721.24",,,,,,""
"2021-08-11","'3140KUXR8'","MBS","UMBS MORTPASS 1.5% 11/50","30yr",,,,,"1560072.77",,,,,,""
"2021-08-11","'3133GBX58'","MBS","UMBS MORTPASS 1.5% 02/36","15yr",,,,,"1560059.71",,,,,,""
"2021-08-11","'3133G7S79'","MBS","UMBS MORTPASS 2.5% 01/35","15yr",,,,,"1558839.54",,,,,,""
"2021-08-11","'31307VJ23'","MBS","FHLMCGLD 3% 01/33","15yr",,,,,"1558143.96",,,,,,""
"2021-08-11","'36297JT46'","MBS","GNMA I 4.5% 06/39","30yr",,,,,"1556637.78",,,,,,""
"2021-08-11","'36297GM49'","MBS","GNMA I MORTPASS 5% 12/39","30yr",,,,,"1556514.24",,,,,,""
"2021-08-11","'31307VRC2'","MBS","FHLMCGLD 3.5% 02/33","15yr",,,,,"1556512.3",,,,,,""
"2021-08-11","'3138W3E74'","MBS","UMBS MORTPASS 3% 02/43","30yr",,,,,"1556256.16",,,,,,""
"2021-08-11","'3140L3LV1'","MBS","UMBS MORTPASS 1.5% 02/51","30yr",,,,,"1556239.87",,,,,,""
"2021-08-11","'3132J6PY4'","MBS","FHLMCGLD 3% 02/43","30yr",,,,,"1556148.08",,,,,,""
"2021-08-11","'3132M4T39'","MBS","FHLMCGLD 3.5% 01/44","30yr",,,,,"1555992.84",,,,,,""
"2021-08-11","'3138WX4X2'","MBS","UMBS MORTPASS 3.5% 06/43","30yr",,,,,"1555784.36",,,,,,""
"2021-08-11","'3140KHDX6'","MBS","UMBS MORTPASS 2.5% 06/40","Other",,,,,"1553779.3",,,,,,""
"2021-08-11","'3140JYPN0'","MBS","UMBS MORTPASS 3% 11/49","30yr",,,,,"1553129.48",,,,,,""
"2021-08-11","'31418WDZ0'","MBS","UMBS MORTPASS 4% 10/25","15yr",,,,,"1552612.95",,,,,,""
"2021-08-11","'3140H5LG4'","MBS","UMBS MORTPASS 3.5% 12/47","30yr",,,,,"1552576.32",,,,,,""
"2021-08-11","'31329QCQ2'","MBS","UMBS MORTPASS 4% 03/49","30yr",,,,,"1552021.67",,,,,,""
"2021-08-11","'3140L2QJ5'","MBS","UMBS MORTPASS 2% 02/51","30yr",,,,,"1551982.01",,,,,,""
"2021-08-11","'3131Y86A8'","MBS","UMBS MORTPASS 4% 01/49","30yr",,,,,"1551804.85",,,,,,""
"2021-08-11","'3620AASB5'","MBS","GNMA I 4.5% 08/39","30yr",,,,,"1550561.48",,,,,,""
"2021-08-11","'31417C2B0'","MBS","UMBS MORTPASS 2.5% 09/27","15yr",,,,,"1550460.63",,,,,,""
"2021-08-11","'3140Q8TG0'","MBS","UMBS MORTPASS 3.5% 03/33","15yr",,,,,"1550288.25",,,,,,""
"2021-08-11","'3140QF5E5'","MBS","UMBS MORTPASS 2.5% 12/50","30yr",,,,,"1549358.97",,,,,,""
"2021-08-11","'3140K53U9'","MBS","UMBS MORTPASS 4% 12/49","30yr",,,,,"1549178.56",,,,,,""
"2021-08-11","'3140H7D61'","MBS","UMBS MORTPASS 3.5% 04/33","15yr",,,,,"1549143.69",,,,,,""
"2021-08-11","'31417EYA3'","MBS","UMBS MORTPASS 2.5% 02/28","15yr",,,,,"1548515.95",,,,,,""
"2021-08-11","'31307UDF2'","MBS","FHLMCGLD 3.5% 07/32","15yr",,,,,"1547935.91",,,,,,""
"2021-08-11","'3131X8EE2'","MBS","UMBS MORTPASS 2.5% 11/27","15yr",,,,,"1547841.13",,,,,,""
"2021-08-11","'3140X7HN2'","MBS","UMBS MORTPASS 1.5% 09/35","15yr",,,,,"1547125.15",,,,,,""
"2021-08-11","'3138YKTF0'","MBS","UMBS MORTPASS 3% 05/45","30yr",,,,,"1547051.75",,,,,,""
"2021-08-11","'3140K4K25'","MBS","UMBS MORTPASS 3.5% 02/50","30yr",,,,,"1545862.73",,,,,,""
"2021-08-11","'3132J9P36'","MBS","FHLMCGLD 3% 05/43","30yr",,,,,"1545658.49",,,,,,""
"2021-08-11","'3138XXGD2'","MBS","UMBS MORTPASS 3% 02/27","15yr",,,,,"1544241.02",,,,,,""
"2021-08-11","'31418ATZ1'","MBS","UMBS MORTPASS 2% 06/28","15yr",,,,,"1543993.91",,,,,,""
"2021-08-11","'3140X5SX2'","MBS","UMBS MORTPASS 3.5% 02/50","30yr",,,,,"1543954.25",,,,,,""
"2021-08-11","'3140L2MA8'","MBS","UMBS MORTPASS 2% 02/51","30yr",,,,,"1543457.16",,,,,,""
"2021-08-11","'3140KABJ4'","MBS","UMBS MORTPASS 2.5% 05/50","30yr",,,,,"1543199.17",,,,,,""
"2021-08-11","'3131YBSZ2'","MBS","UMBS MORTPASS 4.5% 04/49","30yr",,,,,"1543025.91",,,,,,""
"2021-08-11","'3140QACT5'","MBS","UMBS MORTPASS 3% 09/48","30yr",,,,,"1542999.61",,,,,,""
"2021-08-11","'31307TFJ5'","MBS","FHLMCGLD 2.5% 03/32","15yr",,,,,"1542840.4",,,,,,""
"2021-08-11","'31346YZT3'","MBS","UMBS MORTPASS 2.5% 12/49","30yr",,,,,"1542317.54",,,,,,""
"2021-08-11","'3140K9KY4'","MBS","UMBS MORTPASS 2.5% 01/50","30yr",,,,,"1541832.59",,,,,,""
"2021-08-11","'3133G7J79'","MBS","UMBS MORTPASS 3% 12/34","15yr",,,,,"1541537.05",,,,,,""
"2021-08-11","'3140L3D57'","MBS","UMBS MORTPASS 1.5% 03/51","30yr",,,,,"1541286.39",,,,,,""
"2021-08-11","'3138NYDU6'","MBS","UMBS MORTPASS 3% 01/43","30yr",,,,,"1540839.73",,,,,,""
"2021-08-11","'3138X4HZ6'","MBS","UMBS MORTPASS 4% 09/43","30yr",,,,,"1540706.16",,,,,,""
"2021-08-11","'3140L3KG5'","MBS","UMBS MORTPASS 2% 02/51","30yr",,,,,"1539995.3",,,,,,""
"2021-08-11","'3128MMY49'","MBS","FHLMCGLD 3.5% 04/34","15yr",,,,,"1539693.72",,,,,,""
"2021-08-11","'3140JMEJ7'","MBS","UMBS MORTPASS 3% 10/49","30yr",,,,,"1537464.16",,,,,,""
"2021-08-11","'3133ACV62'","MBS","UMBS MORTPASS 2.5% 11/50","30yr",,,,,"1537165.93",,,,,,""
"2021-08-11","'3140H2XD5'","MBS","UMBS MORTPASS 3.5% 02/48","30yr",,,,,"1536894.69",,,,,,""
"2021-08-11","'3131XDG82'","MBS","UMBS MORTPASS 3% 01/33","15yr",,,,,"1535910.11",,,,,,""
"2021-08-11","'3140KC3W0'","MBS","UMBS MORTPASS 2% 04/35","15yr",,,,,"1535733.03",,,,,,""
"2021-08-11","'3138XGTU7'","MBS","UMBS MORTPASS 3% 02/29","15yr",,,,,"1534852.71",,,,,,""
"2021-08-11","'31339S5R2'","MBS","UMBS MORTPASS 3.5% 10/49","30yr",,,,,"1534593.17",,,,,,""
"2021-08-11","'3133G72Y8'","MBS","UMBS MORTPASS 3% 10/34","15yr",,,,,"1534520.11",,,,,,""
"2021-08-11","'3133KK3X5'","MBS","UMBS MORTPASS 2.5% 01/51","30yr",,,,,"1534189.36",,,,,,""
"2021-08-11","'3132JACA1'","MBS","FHLMCGLD 3% 05/43","30yr",,,,,"1534097.6",,,,,,""
"2021-08-11","'3140JKJJ6'","MBS","UMBS MORTPASS 4.5% 10/48","30yr",,,,,"1533980.37",,,,,,""
"2021-08-11","'3131XAWL1'","MBS","UMBS MORTPASS 3% 10/24","Other",,,,,"1533566.52",,,,,,""
"2021-08-11","'3140K3NN8'","MBS","UMBS MORTPASS 3% 02/50","30yr",,,,,"1532763.8",,,,,,""
"2021-08-11","'31418BEP7'","MBS","UMBS MORTPASS 3.5% 06/24","Other",,,,,"1532749.75",,,,,,""
"2021-08-11","'31418BZF6'","MBS","UMBS MORTPASS 2.5% 02/31","15yr",,,,,"1532136.38",,,,,,""
"2021-08-11","'3138EJXF0'","MBS","UMBS MORTPASS 2% 09/27","15yr",,,,,"1532135.61",,,,,,""
"2021-08-11","'3133AKJ68'","MBS","UMBS MORTPASS 2% 04/51","30yr",,,,,"1531152.68",,,,,,""
"2021-08-11","'3140QCVU7'","MBS","UMBS MORTPASS 3% 02/50","30yr",,,,,"1530516.9",,,,,,""
"2021-08-11","'3140F1WH1'","MBS","UMBS MORTPASS 2.5% 06/31","15yr",,,,,"1530410.01",,,,,,""
"2021-08-11","'3131X8M45'","MBS","UMBS MORTPASS 2.5% 01/28","15yr",,,,,"1530301.82",,,,,,""
"2021-08-11","'3140HE6Z0'","MBS","UMBS MORTPASS 3% 02/33","15yr",,,,,"1529470.7",,,,,,""
"2021-08-11","'31329NF52'","MBS","UMBS MORTPASS 3% 06/41","30yr",,,,,"1528625.25",,,,,,""
"2021-08-11","'36178GS21'","MBS","GNMA I MORTPASS 3% 02/43","30yr",,,,,"1528189.07",,,,,,""
"2021-08-11","'3140H7TM9'","MBS","UMBS MORTPASS 3.5% 04/48","30yr",,,,,"1527861.23",,,,,,""
"2021-08-11","'36177UWD2'","MBS","GNMA I 3.5% 07/42","30yr",,,,,"1527399.07",,,,,,""
"2021-08-11","'3140LSWS1'","MBS","UMBS MORTPASS 1.5% 06/36","15yr",,,,,"1526879.95",,,,,,""
"2021-08-11","'31334XQY8'","MBS","UMBS MORTPASS 4.5% 07/49","30yr",,,,,"1525890.17",,,,,,""
"2021-08-11","'3133A2DN7'","MBS","UMBS MORTPASS 2.5% 01/50","30yr",,,,,"1525198.48",,,,,,""
"2021-08-11","'31416XT83'","MBS","UMBS MORTPASS 4% 03/41","30yr",,,,,"1525137.79",,,,,,""
"2021-08-11","'3140L5KU9'","MBS","UMBS MORTPASS 2% 03/51","30yr",,,,,"1524890.35",,,,,,""
"2021-08-11","'3133KHJS6'","MBS","UMBS MORTPASS 4% 11/48","30yr",,,,,"1524794.18",,,,,,""
"2021-08-11","'3138W9AJ9'","MBS","UMBS MORTPASS 3% 07/28","15yr",,,,,"1522913.35",,,,,,""
"2021-08-11","'3131Y8ZX6'","MBS","UMBS MORTPASS 4.5% 12/48","30yr",,,,,"1522850.01",,,,,,""
"2021-08-11","'3132A8SY6'","MBS","UMBS MORTPASS 2% 01/32","15yr",,,,,"1521695.98",,,,,,""
"2021-08-11","'31329KV27'","MBS","UMBS MORTPASS 2.5% 10/36","Other",,,,,"1521654.5",,,,,,""
"2021-08-11","'3140JMEH1'","MBS","UMBS MORTPASS 3% 11/49","30yr",,,,,"1521137.79",,,,,,""
"2021-08-11","'3140E24A6'","MBS","UMBS MORTPASS 4% 09/45","30yr",,,,,"1520779.39",,,,,,""
"2021-08-11","'3140L3L82'","MBS","UMBS MORTPASS 2% 02/51","30yr",,,,,"1520611.11",,,,,,""
"2021-08-11","'31418AGN2'","MBS","UMBS MORTPASS 2.5% 07/22","Other",,,,,"1519958.23",,,,,,""
"2021-08-11","'3133AFDL2'","MBS","UMBS MORTPASS 1.5% 01/51","30yr",,,,,"1519724.75",,,,,,""
"2021-08-11","'3132HQ6S6'","MBS","FHLMCGLD 3% 12/42","30yr",,,,,"1519598.02",,,,,,""
"2021-08-11","'3133AC4F2'","MBS","UMBS MORTPASS 2.5% 11/50","30yr",,,,,"1519072.59",,,,,,""
"2021-08-11","'31307GQT9'","MBS","FHLMCGLD 3% 03/29","15yr",,,,,"1518380.69",,,,,,""
"2021-08-11","'3133GDQ45'","MBS","UMBS MORTPASS 2% 06/36","15yr",,,,,"1517884.34",,,,,,""
"2021-08-11","'31307WEZ3'","MBS","FHLMCGLD 3.5% 06/33","15yr",,,,,"1516976.7",,,,,,""
"2021-08-11","'31307LMY1'","MBS","FHLMCGLD 3% 01/30","15yr",,,,,"1516512.98",,,,,,""
"2021-08-11","'3140L72M3'","MBS","UMBS MORTPASS 2% 04/51","30yr",,,,,"1516239.21",,,,,,""
"2021-08-11","'31307SJW4'","MBS","FHLMCGLD 3% 11/31","15yr",,,,,"1515714.01",,,,,,""
"2021-08-11","'36176P3G9'","MBS","GNMA I 3.5% 04/42","30yr",,,,,"1515544.66",,,,,,""
"2021-08-11","'3138YTM68'","MBS","UMBS MORTPASS 3% 07/30","15yr",,,,,"1515289.03",,,,,,""
"2021-08-11","'3133GARW8'","MBS","UMBS MORTPASS 1.5% 10/35","15yr",,,,,"1514547.57",,,,,,""
"2021-08-11","'3140KDCN8'","MBS","UMBS MORTPASS 2.5% 06/50","30yr",,,,,"1514248.27",,,,,,""
"2021-08-11","'31339STY1'","MBS","UMBS MORTPASS 3% 09/49","30yr",,,,,"1513750.99",,,,,,""
"2021-08-11","'3140L53Z7'","MBS","UMBS MORTPASS 2% 04/51","30yr",,,,,"1513502.74",,,,,,""
"2021-08-11","'3133AK2C3'","MBS","UMBS MORTPASS 2% 05/51","30yr",,,,,"1512899.92",,,,,,""
"2021-08-11","'31307SLM3'","MBS","FHLMCGLD 2.5% 11/31","15yr",,,,,"1511936.23",,,,,,""
"2021-08-11","'36230SLE2'","MBS","GNMA I 3.5% 06/42","30yr",,,,,"1511904.81",,,,,,""
"2021-08-11","'36202FB21'","MBS","GNMA II MORTPASS 4% 10/39","30yr",,,,,"1511859.13",,,,,,""
"2021-08-11","'3138MBLQ7'","MBS","UMBS MORTPASS 2.5% 09/27","15yr",,,,,"1510884.72",,,,,,""
"2021-08-11","'36176H5S9'","MBS","GNMA I MORTPASS 3% 06/43","30yr",,,,,"1510831.17",,,,,,""
"2021-08-11","'36297BE56'","MBS","GNMA I 4.5% 08/39","30yr",,,,,"1510408.81",,,,,,""
"2021-08-11","'3133AMQD1'","MBS","UMBS MORTPASS 2% 06/51","30yr",,,,,"1510282.14",,,,,,""
"2021-08-11","'36241L7B6'","MBS","GNMA II 4.5% 06/41","30yr",,,,,"1510091.28",,,,,,""
"2021-08-11","'3140K6CF0'","MBS","UMBS MORTPASS 2.5% 07/27","Other",,,,,"1509537.52",,,,,,""
"2021-08-11","'3133L7R25'","MBS","UMBS MORTPASS 3% 01/34","15yr",,,,,"1508348.32",,,,,,""
"2021-08-11","'3140HF5L9'","MBS","UMBS MORTPASS 2.5% 06/45","30yr",,,,,"1508243.53",,,,,,""
"2021-08-11","'3132A8YQ6'","MBS","UMBS MORTPASS 2.5% 10/31","15yr",,,,,"1507638.22",,,,,,""
"2021-08-11","'3140L2AJ2'","MBS","UMBS MORTPASS 1.5% 01/36","15yr",,,,,"1506754.49",,,,,,""
"2021-08-11","'3133D3MU6'","MBS","UMBS MORTPASS 2.5% 07/40","Other",,,,,"1506383.37",,,,,,""
"2021-08-11","'3138WJKT4'","MBS","UMBS MORTPASS 2% 11/31","15yr",,,,,"1506312.34",,,,,,""
"2021-08-11","'3133A0R30'","MBS","UMBS MORTPASS 3% 12/49","30yr",,,,,"1505988.04",,,,,,""
"2021-08-11","'3140JHLJ0'","MBS","UMBS MORTPASS 4.5% 02/49","30yr",,,,,"1505889.87",,,,,,""
"2021-08-11","'31307UPD4'","MBS","FHLMCGLD 3.5% 09/32","15yr",,,,,"1505430.15",,,,,,""
"2021-08-11","'3133G8NG2'","MBS","UMBS MORTPASS 2% 05/35","15yr",,,,,"1504961.89",,,,,,""
"2021-08-11","'31418AQA9'","MBS","UMBS MORTPASS 2.5% 02/33","Other",,,,,"1504873.25",,,,,,""
"2021-08-11","'3128MEXH9'","MBS","FHLMCGLD 3% 08/26","15yr",,,,,"1504865.52",,,,,,""
"2021-08-11","'3140L34H1'","MBS","UMBS MORTPASS 1.5% 05/36","15yr",,,,,"1504745.19",,,,,,""
"2021-08-11","'3140X4MT0'","MBS","UMBS MORTPASS 4% 06/49","30yr",,,,,"1504415.72",,,,,,""
"2021-08-11","'31418ACZ9'","MBS","UMBS MORTPASS 3% 02/32","Other",,,,,"1503094.12",,,,,,""
"2021-08-11","'3132M4P25'","MBS","FHLMCGLD 3.5% 01/44","30yr",,,,,"1501790.22",,,,,,""
"2021-08-11","'3133ALG28'","MBS","UMBS MORTPASS 1.5% 04/51","30yr",,,,,"1501788.3",,,,,,""
"2021-08-11","'3138XSKT3'","MBS","UMBS MORTPASS 3% 10/29","15yr",,,,,"1501764.22",,,,,,""
"2021-08-11","'3131Y9BU6'","MBS","UMBS MORTPASS 4.5% 01/49","30yr",,,,,"1501340.34",,,,,,""
"2021-08-11","'3138XPQ89'","MBS","UMBS MORTPASS 4% 02/44","30yr",,,,,"1501213.59",,,,,,""
"2021-08-11","'3132A7BG5'","MBS","UMBS MORTPASS 3% 11/26","15yr",,,,,"1501126.84",,,,,,""
"2021-08-11","'3133GDFG0'","MBS","UMBS MORTPASS 2% 06/36","15yr",,,,,"1500325.77",,,,,,""
"2021-08-11","'312940SW0'","MBS","FHLMCGLD 4.5% 05/40","30yr",,,,,"1499652.07",,,,,,""
"2021-08-11","'3133ALBL1'","MBS","UMBS MORTPASS 2% 05/51","30yr",,,,,"1498916.78",,,,,,""
"2021-08-11","'3131Y82D6'","MBS","UMBS MORTPASS 3.5% 01/49","30yr",,,,,"1497866.71",,,,,,""
"2021-08-11","'31346YYS6'","MBS","UMBS MORTPASS 3.5% 12/49","30yr",,,,,"1497458.3",,,,,,""
"2021-08-11","'36179CFF4'","MBS","GNMA I 3.5% 10/42","30yr",,,,,"1496687.96",,,,,,""
"2021-08-11","'3128MMV75'","MBS","FHLMCGLD 3.5% 02/32","15yr",,,,,"1496523.38",,,,,,""
"2021-08-11","'31339UM49'","MBS","UMBS MORTPASS 3% 10/49","30yr",,,,,"1496412.38",,,,,,""
"2021-08-11","'36176H4T8'","MBS","GNMA I MORTPASS 3% 03/43","30yr",,,,,"1495776.12",,,,,,""
"2021-08-11","'31329LDH2'","MBS","UMBS MORTPASS 2.5% 12/27","15yr",,,,,"1495621.24",,,,,,""
"2021-08-11","'3140F2UM0'","MBS","UMBS MORTPASS 3% 06/46","30yr",,,,,"1495369.78",,,,,,""
"2021-08-11","'3140KYKG8'","MBS","UMBS MORTPASS 2% 03/36","15yr",,,,,"1494672.1",,,,,,""
"2021-08-11","'3138X6TX3'","MBS","UMBS MORTPASS 3% 09/28","15yr",,,,,"1494018.03",,,,,,""
"2021-08-11","'3133ABXF2'","MBS","UMBS MORTPASS 2% 11/50","30yr",,,,,"1493663.13",,,,,,""
"2021-08-11","'3131X7BM9'","MBS","UMBS MORTPASS 3% 10/26","15yr",,,,,"1493253.46",,,,,,""
"2021-08-11","'3131YAAJ9'","MBS","UMBS MORTPASS 3% 02/34","15yr",,,,,"1493092.09",,,,,,""
"2021-08-11","'3138YBXQ1'","MBS","UMBS MORTPASS 3% 07/45","30yr",,,,,"1492621.83",,,,,,""
"2021-08-11","'3133ALV70'","MBS","UMBS MORTPASS 2% 02/51","30yr",,,,,"1492274.32",,,,,,""
"2021-08-11","'3140KFTQ8'","MBS","UMBS MORTPASS 2% 11/50","30yr",,,,,"1492135.97",,,,,,""
"2021-08-11","'3140HARR3'","MBS","UMBS MORTPASS 3.5% 04/33","15yr",,,,,"1491242.06",,,,,,""
"2021-08-11","'3140KA7A8'","MBS","UMBS MORTPASS 2.5% 03/50","30yr",,,,,"1490646.26",,,,,,""
"2021-08-11","'3140LP3Y6'","MBS","UMBS MORTPASS 2% 06/51","30yr",,,,,"1490631.94",,,,,,""
"2021-08-11","'3133GATF3'","MBS","UMBS MORTPASS 1.5% 11/35","15yr",,,,,"1490324.94",,,,,,""
"2021-08-11","'3140K2NG5'","MBS","UMBS MORTPASS 1.5% 04/51","30yr",,,,,"1489867.52",,,,,,""
"2021-08-11","'31307PDM8'","MBS","FHLMCGLD 3% 10/30","15yr",,,,,"1489786.72",,,,,,""
"2021-08-11","'3133ADUM6'","MBS","UMBS MORTPASS 2.5% 12/50","30yr",,,,,"1489508.98",,,,,,""
"2021-08-11","'3140HNBB7'","MBS","UMBS MORTPASS 2% 10/45","30yr",,,,,"1489020.24",,,,,,""
"2021-08-11","'31339U3M0'","MBS","UMBS MORTPASS 3% 11/49","30yr",,,,,"1488891.68",,,,,,""
"2021-08-11","'3140JUAG9'","MBS","UMBS MORTPASS 3.5% 08/49","30yr",,,,,"1488553.02",,,,,,""
"2021-08-11","'3140KNLD8'","MBS","UMBS MORTPASS 2% 10/50","30yr",,,,,"1488323.91",,,,,,""
"2021-08-11","'3140QDNU4'","MBS","UMBS MORTPASS 3% 12/34","15yr",,,,,"1487901.22",,,,,,""
"2021-08-11","'3140HDRQ9'","MBS","UMBS MORTPASS 2.5% 12/34","15yr",,,,,"1487614.07",,,,,,""
"2021-08-11","'3140KCCT7'","MBS","UMBS MORTPASS 3% 03/50","30yr",,,,,"1487162.47",,,,,,""
"2021-08-11","'31334XHX0'","MBS","UMBS MORTPASS 4.5% 07/49","30yr",,,,,"1487036.64",,,,,,""
"2021-08-11","'3140QFMX4'","MBS","UMBS MORTPASS 2.5% 11/50","30yr",,,,,"1486330.2",,,,,,""
"2021-08-11","'3140K3NK4'","MBS","UMBS MORTPASS 3% 02/50","30yr",,,,,"1485901.98",,,,,,""
"2021-08-11","'3138Y7CY6'","MBS","UMBS MORTPASS 2.5% 10/30","15yr",,,,,"1485436.39",,,,,,""
"2021-08-11","'3138WHCJ9'","MBS","UMBS MORTPASS 2.5% 06/31","15yr",,,,,"1485104.4",,,,,,""
"2021-08-11","'3132A9N52'","MBS","UMBS MORTPASS 2.5% 01/29","15yr",,,,,"1484965.86",,,,,,""
"2021-08-11","'3138XACZ7'","MBS","UMBS MORTPASS 4% 10/43","30yr",,,,,"1484585.22",,,,,,""
"2021-08-11","'3140F86Q5'","MBS","UMBS MORTPASS 2.5% 07/31","15yr",,,,,"1484442.17",,,,,,""
"2021-08-11","'31307VMC7'","MBS","FHLMCGLD 2.5% 01/33","15yr",,,,,"1484000.46",,,,,,""
"2021-08-11","'3140K02V9'","MBS","UMBS MORTPASS 3% 09/49","30yr",,,,,"1483972.88",,,,,,""
"2021-08-11","'3140HPNE3'","MBS","UMBS MORTPASS 3.5% 08/33","15yr",,,,,"1483514",,,,,,""
"2021-08-11","'3138EAFH5'","MBS","UMBS MORTPASS 3% 04/27","15yr",,,,,"1483055.36",,,,,,""
"2021-08-11","'3128P7M75'","MBS","FHLMCGLD 4% 12/29","Other",,,,,"1482614.26",,,,,,""
"2021-08-11","'3138W6T48'","MBS","UMBS MORTPASS 3% 03/28","15yr",,,,,"1482497.99",,,,,,""
"2021-08-11","'3138X9G94'","MBS","UMBS MORTPASS 3% 09/28","15yr",,,,,"1481221.95",,,,,,""
"2021-08-11","'3140GS6U1'","MBS","UMBS MORTPASS 3.5% 01/48","30yr",,,,,"1480758.6",,,,,,""
"2021-08-11","'3138EJ3S5'","MBS","UMBS MORTPASS 2.5% 11/27","15yr",,,,,"1480635.75",,,,,,""
"2021-08-11","'3133G7H97'","MBS","UMBS MORTPASS 3% 12/34","15yr",,,,,"1480584.74",,,,,,""
"2021-08-11","'3138X0CC0'","MBS","UMBS MORTPASS 3% 08/28","15yr",,,,,"1479528.75",,,,,,""
"2021-08-11","'3140E43S4'","MBS","UMBS MORTPASS 2.5% 09/30","15yr",,,,,"1479497.4",,,,,,""
"2021-08-11","'3140JPQB4'","MBS","UMBS MORTPASS 3% 06/34","15yr",,,,,"1479465.32",,,,,,""
"2021-08-11","'3138AMZ99'","MBS","UMBS MORTPASS 4% 09/41","30yr",,,,,"1479033.81",,,,,,""
"2021-08-11","'3140L7AF9'","MBS","UMBS MORTPASS 2% 04/51","30yr",,,,,"1478788.04",,,,,,""
"2021-08-11","'3140LSTD8'","MBS","UMBS MORTPASS 2.5% 06/51","30yr",,,,,"1478603.29",,,,,,""
"2021-08-11","'3138WJN53'","MBS","UMBS MORTPASS 2.5% 12/31","15yr",,,,,"1478570.01",,,,,,""
"2021-08-11","'3132M6X70'","MBS","FHLMCGLD 3.5% 05/44","30yr",,,,,"1478283.12",,,,,,""
"2021-08-11","'3140QDNG5'","MBS","UMBS MORTPASS 2.5% 07/33","15yr",,,,,"1478029.69",,,,,,""
"2021-08-11","'3138W4XU0'","MBS","UMBS MORTPASS 2.5% 02/28","15yr",,,,,"1475549.62",,,,,,""
"2021-08-11","'3140LSWG7'","MBS","UMBS MORTPASS 2.5% 06/51","30yr",,,,,"1475287.97",,,,,,""
"2021-08-11","'31307HNZ6'","MBS","FHLMCGLD 3% 06/29","15yr",,,,,"1474608.28",,,,,,""
"2021-08-11","'3140K1ED4'","MBS","UMBS MORTPASS 2.5% 10/49","30yr",,,,,"1474013.34",,,,,,""
"2021-08-11","'3138NYDX0'","MBS","UMBS MORTPASS 2.5% 01/28","15yr",,,,,"1473881.85",,,,,,""
"2021-08-11","'3138WAE86'","MBS","UMBS MORTPASS 2% 11/28","15yr",,,,,"1473595.28",,,,,,""
"2021-08-11","'3140E0KS3'","MBS","UMBS MORTPASS 3% 10/30","15yr",,,,,"1473415.78",,,,,,""
"2021-08-11","'3133AMYR1'","MBS","UMBS MORTPASS 2% 06/51","30yr",,,,,"1473357.56",,,,,,""
"2021-08-11","'31334YKE6'","MBS","UMBS MORTPASS 3% 08/49","30yr",,,,,"1472883.68",,,,,,""
"2021-08-11","'31418CV43'","MBS","UMBS MORTPASS 4.5% 04/48","30yr",,,,,"1472735.5",,,,,,""
"2021-08-11","'3140JL6M1'","MBS","UMBS MORTPASS 4.5% 01/49","30yr",,,,,"1472301.05",,,,,,""
"2021-08-11","'3140F4F68'","MBS","UMBS MORTPASS 2.5% 05/31","15yr",,,,,"1471959.98",,,,,,""
"2021-08-11","'31418CA46'","MBS","UMBS MORTPASS 3% 08/26","Other",,,,,"1471905.83",,,,,,""
"2021-08-11","'3140FAQH8'","MBS","UMBS MORTPASS 2.5% 09/31","15yr",,,,,"1471755.01",,,,,,""
"2021-08-11","'3133KKV63'","MBS","UMBS MORTPASS 2% 12/50","30yr",,,,,"1471291.57",,,,,,""
"2021-08-11","'31329LCV2'","MBS","UMBS MORTPASS 2.5% 11/27","15yr",,,,,"1470427.37",,,,,,""
"2021-08-11","'31307NXB5'","MBS","FHLMCGLD 2.5% 08/30","15yr",,,,,"1470173.67",,,,,,""
"2021-08-11","'3140X5QW6'","MBS","UMBS MORTPASS 2.5% 01/35","15yr",,,,,"1469933.21",,,,,,""
"2021-08-11","'3140L1SZ9'","MBS","UMBS MORTPASS 2% 02/51","30yr",,,,,"1469898.64",,,,,,""
"2021-08-11","'3138M9EB3'","MBS","UMBS MORTPASS 2.5% 09/27","15yr",,,,,"1469767.53",,,,,,""
"2021-08-11","'3138Y4KY4'","MBS","UMBS MORTPASS 3.5% 08/44","30yr",,,,,"1469711.82",,,,,,""
"2021-08-11","'3138WJR91'","MBS","UMBS MORTPASS 3% 01/32","15yr",,,,,"1469225.72",,,,,,""
"2021-08-11","'3131X7C55'","MBS","UMBS MORTPASS 3% 11/26","15yr",,,,,"1467763.22",,,,,,""
"2021-08-11","'3140K4EK2'","MBS","UMBS MORTPASS 3% 11/49","30yr",,,,,"1467549.03",,,,,,""
"2021-08-11","'31417F7F9'","MBS","UMBS MORTPASS 2.5% 04/28","15yr",,,,,"1467190.56",,,,,,""
"2021-08-11","'3138AVA47'","MBS","UMBS MORTPASS 3% 11/26","15yr",,,,,"1466856.44",,,,,,""
"2021-08-11","'31329P6C2'","MBS","UMBS MORTPASS 4.5% 01/49","30yr",,,,,"1466704.5",,,,,,""
"2021-08-11","'3140Q9XX6'","MBS","UMBS MORTPASS 4.5% 10/48","30yr",,,,,"1466401.89",,,,,,""
"2021-08-11","'3133GCNE8'","MBS","UMBS MORTPASS 1.5% 03/36","15yr",,,,,"1466210.84",,,,,,""
"2021-08-11","'3140HDQE7'","MBS","UMBS MORTPASS 3% 12/49","30yr",,,,,"1465947.01",,,,,,""
"2021-08-11","'3133GDG95'","MBS","UMBS MORTPASS 1.5% 06/36","15yr",,,,,"1465573.17",,,,,,""
"2021-08-11","'3138WJLF3'","MBS","UMBS MORTPASS 2.5% 12/26","Other",,,,,"1465349.83",,,,,,""
"2021-08-11","'3133GDEZ9'","MBS","UMBS MORTPASS 2% 06/36","15yr",,,,,"1464180.83",,,,,,""
"2021-08-11","'3132A5FW0'","MBS","UMBS MORTPASS 2.5% 10/46","30yr",,,,,"1463938.41",,,,,,""
"2021-08-11","'31307SW66'","MBS","FHLMCGLD 3% 02/32","15yr",,,,,"1463222.85",,,,,,""
"2021-08-11","'3133GCTK8'","MBS","UMBS MORTPASS 1.5% 03/36","15yr",,,,,"1463151.72",,,,,,""
"2021-08-11","'3140JKYH3'","MBS","UMBS MORTPASS 4% 01/49","30yr",,,,,"1462503.93",,,,,,""
"2021-08-11","'3140HPH42'","MBS","UMBS MORTPASS 3.5% 08/48","30yr",,,,,"1460339.59",,,,,,""
"2021-08-11","'36297AHV8'","MBS","GNMA I MORTPASS 3% 05/42","30yr",,,,,"1459860.92",,,,,,""
"2021-08-11","'3138XVEJ5'","MBS","UMBS MORTPASS 4% 05/44","30yr",,,,,"1459836.54",,,,,,""
"2021-08-11","'31334YZP5'","MBS","UMBS MORTPASS 3.5% 09/49","30yr",,,,,"1459495.81",,,,,,""
"2021-08-11","'3140LN6C6'","MBS","UMBS MORTPASS 2% 05/51","30yr",,,,,"1459225.25",,,,,,""
"2021-08-11","'3132ADKP2'","MBS","UMBS MORTPASS 2.5% 01/28","Other",,,,,"1458834.82",,,,,,""
"2021-08-11","'3140EVEV5'","MBS","UMBS MORTPASS 2.5% 04/31","15yr",,,,,"1456647.64",,,,,,""
"2021-08-11","'3131X85L6'","MBS","UMBS MORTPASS 2.5% 04/28","15yr",,,,,"1456640.84",,,,,,""
"2021-08-11","'3133KJGC0'","MBS","UMBS MORTPASS 2.5% 06/50","30yr",,,,,"1456411.17",,,,,,""
"2021-08-11","'3133A86W2'","MBS","UMBS MORTPASS 2% 08/50","30yr",,,,,"1456317.76",,,,,,""
"2021-08-11","'3138XZA84'","MBS","UMBS MORTPASS 3.5% 08/29","15yr",,,,,"1455591.64",,,,,,""
"2021-08-11","'31307F6L0'","MBS","FHLMCGLD 3% 01/29","15yr",,,,,"1455482.38",,,,,,""
"2021-08-11","'31334WQU8'","MBS","UMBS MORTPASS 4% 06/49","30yr",,,,,"1455244.26",,,,,,""
"2021-08-11","'3138M1Z43'","MBS","UMBS MORTPASS 3.5% 08/42","30yr",,,,,"1455233.5",,,,,,""
"2021-08-11","'31307HDT1'","MBS","FHLMCGLD 3% 05/29","15yr",,,,,"1455030.27",,,,,,""
"2021-08-11","'3140JNZH6'","MBS","UMBS MORTPASS 4% 02/49","30yr",,,,,"1454866.92",,,,,,""
"2021-08-11","'3140JHAF0'","MBS","UMBS MORTPASS 4% 11/48","30yr",,,,,"1454785.06",,,,,,""
"2021-08-11","'3133ABJZ4'","MBS","UMBS MORTPASS 2% 10/50","30yr",,,,,"1454581.45",,,,,,""
"2021-08-11","'3138YX5F8'","MBS","UMBS MORTPASS 3.5% 09/45","30yr",,,,,"1454417.37",,,,,,""
"2021-08-11","'3140L22G7'","MBS","UMBS MORTPASS 1.5% 02/36","15yr",,,,,"1453666.49",,,,,,""
"2021-08-11","'3132M5UM2'","MBS","FHLMCGLD 3.5% 03/44","30yr",,,,,"1453624.66",,,,,,""
"2021-08-11","'3140JNTZ3'","MBS","UMBS MORTPASS 2.5% 07/34","15yr",,,,,"1453023.38",,,,,,""
"2021-08-11","'31334WAB7'","MBS","UMBS MORTPASS 3% 05/49","30yr",,,,,"1452977.54",,,,,,""
"2021-08-11","'3140H5NQ0'","MBS","UMBS MORTPASS 3.5% 02/48","30yr",,,,,"1452912.39",,,,,,""
"2021-08-11","'3133AKZ94'","MBS","UMBS MORTPASS 2% 05/51","30yr",,,,,"1452704.12",,,,,,""
"2021-08-11","'36179HYP0'","MBS","GNMA I MORTPASS 3% 01/43","30yr",,,,,"1452284",,,,,,""
"2021-08-11","'3138ETSL1'","MBS","UMBS MORTPASS 2.5% 05/36","Other",,,,,"1451218.82",,,,,,""
"2021-08-11","'3140FQCB1'","MBS","UMBS MORTPASS 2.5% 02/32","15yr",,,,,"1451030.08",,,,,,""
"2021-08-11","'31307TSJ1'","MBS","FHLMCGLD 3.5% 04/32","15yr",,,,,"1449885.42",,,,,,""
"2021-08-11","'3140J74Z5'","MBS","UMBS MORTPASS 3% 10/30","15yr",,,,,"1449516.74",,,,,,""
"2021-08-11","'3140K34B5'","MBS","UMBS MORTPASS 2.5% 10/50","30yr",,,,,"1449063.32",,,,,,""
"2021-08-11","'3133GDUD0'","MBS","UMBS MORTPASS 1.5% 07/36","15yr",,,,,"1448877",,,,,,""
"2021-08-11","'3133A4HA7'","MBS","UMBS MORTPASS 3% 05/50","30yr",,,,,"1448359.11",,,,,,""
"2021-08-11","'3133ABJX9'","MBS","UMBS MORTPASS 2% 10/50","30yr",,,,,"1448078.18",,,,,,""
"2021-08-11","'3140L6XX7'","MBS","UMBS MORTPASS 2% 04/51","30yr",,,,,"1448073.11",,,,,,""
"2021-08-11","'3140KMC24'","MBS","UMBS MORTPASS 2% 09/35","15yr",,,,,"1447901.31",,,,,,""
"2021-08-11","'3140LTDV3'","MBS","UMBS MORTPASS 2.5% 07/51","30yr",,,,,"1447700",,,,,,""
"2021-08-11","'3132ADQF8'","MBS","UMBS MORTPASS 2.5% 12/46","30yr",,,,,"1447679.47",,,,,,""
"2021-08-11","'3128MC4T9'","MBS","FHLMCGLD 4.5% 12/23","15yr",,,,,"1447591.56",,,,,,"Y"
"2021-08-11","'36179F6Z3'","MBS","GNMA I MORTPASS 3% 02/43","30yr",,,,,"1446949.61",,,,,,""
"2021-08-11","'3133A33R7'","MBS","UMBS 4.0%","30yr",,,,,"1446286.29",,,,,,""
"2021-08-11","'3133AKXN5'","MBS","UMBS MORTPASS 2% 04/51","30yr",,,,,"1445932.34",,,,,,""
"2021-08-11","'3131X7HM3'","MBS","UMBS MORTPASS 3% 02/27","15yr",,,,,"1445929.38",,,,,,""
"2021-08-11","'31307QXC6'","MBS","FHLMCGLD 2.5% 04/31","15yr",,,,,"1445875.8",,,,,,""
"2021-08-11","'3133AMRJ7'","MBS","UMBS MORTPASS 2.5% 06/51","30yr",,,,,"1445430.91",,,,,,""
"2021-08-11","'3131X7MD7'","MBS","UMBS MORTPASS 3% 03/27","15yr",,,,,"1444541.65",,,,,,""
"2021-08-11","'3133A9AE5'","MBS","UMBS MORTPASS 2% 08/50","30yr",,,,,"1444078.79",,,,,,""
"2021-08-11","'31329P7A5'","MBS","UMBS MORTPASS 4% 02/39","Other",,,,,"1444041.22",,,,,,""
"2021-08-11","'3140X8UK1'","MBS","UMBS MORTPASS 2% 12/50","30yr",,,,,"1441785.35",,,,,,""
"2021-08-11","'3140FBK25'","MBS","UMBS MORTPASS 2.5% 08/31","15yr",,,,,"1441486.61",,,,,,""
"2021-08-11","'31418CXF6'","MBS","UMBS MORTPASS 3% 05/48","30yr",,,,,"1441180.38",,,,,,""
"2021-08-11","'3140HKKH0'","MBS","UMBS MORTPASS 2% 09/50","30yr",,,,,"1440935.85",,,,,,""
"2021-08-11","'36180KAQ4'","MBS","GNMA I MORTPASS 3% 04/43","30yr",,,,,"1439576.8",,,,,,""
"2021-08-11","'31418DP55'","MBS","UMBS MORTPASS 3% 06/35","15yr",,,,,"1439406.29",,,,,,""
"2021-08-11","'31416AE97'","MBS","UMBS MORTPASS 3.5% 04/39","30yr",,,,,"1438738.74",,,,,,""
"2021-08-11","'31419EKV0'","MBS","UMBS MORTPASS 4% 11/40","30yr",,,,,"1438607.19",,,,,,""
"2021-08-11","'31418C2U7'","MBS","UMBS MORTPASS 3.5% 10/28","Other",,,,,"1438481.05",,,,,,""
"2021-08-11","'3133GCRC8'","MBS","UMBS MORTPASS 2% 04/36","15yr",,,,,"1437901.19",,,,,,""
"2021-08-11","'3140KU7J5'","MBS","UMBS MORTPASS 2.5% 12/50","30yr",,,,,"1437787.75",,,,,,""
"2021-08-11","'3140L86D7'","MBS","UMBS MORTPASS 2% 06/51","30yr",,,,,"1436498.43",,,,,,""
"2021-08-11","'3138WFTY2'","MBS","UMBS MORTPASS 3% 10/30","15yr",,,,,"1436107.45",,,,,,""
"2021-08-11","'3131Y1UL2'","MBS","UMBS MORTPASS 3% 05/48","30yr",,,,,"1435540.83",,,,,,""
"2021-08-11","'3138M5U80'","MBS","UMBS MORTPASS 4% 08/42","30yr",,,,,"1434913.76",,,,,,""
"2021-08-11","'3140QCZN9'","MBS","UMBS MORTPASS 4% 07/49","30yr",,,,,"1434541.29",,,,,,""
"2021-08-11","'3140EVQH3'","MBS","UMBS MORTPASS 3.5% 02/46","30yr",,,,,"1434538.45",,,,,,""
"2021-08-11","'3138W9DN7'","MBS","UMBS MORTPASS 3% 08/28","15yr",,,,,"1434360",,,,,,""
"2021-08-11","'3133GA2H8'","MBS","UMBS MORTPASS 2% 12/35","15yr",,,,,"1433349.65",,,,,,""
"2021-08-11","'3133AFEQ0'","MBS","UMBS MORTPASS 1.5% 02/51","30yr",,,,,"1433120.58",,,,,,""
"2021-08-11","'3133AJLJ0'","MBS","UMBS MORTPASS 2% 04/51","30yr",,,,,"1432532.87",,,,,,""
"2021-08-11","'3131X9HQ0'","MBS","UMBS MORTPASS 2.5% 06/23","Other",,,,,"1432135.47",,,,,,""
"2021-08-11","'31329QN64'","MBS","UMBS MORTPASS 3.5% 04/49","30yr",,,,,"1431044.94",,,,,,""
"2021-08-11","'3140K7D34'","MBS","UMBS MORTPASS 2.5% 12/34","15yr",,,,,"1430889.79",,,,,,""
"2021-08-11","'3138WCTT0'","MBS","UMBS MORTPASS 2.5% 09/29","15yr",,,,,"1430596.91",,,,,,""
"2021-08-11","'3133KJ2Q4'","MBS","UMBS MORTPASS 2% 09/50","30yr",,,,,"1430500.21",,,,,,""
"2021-08-11","'31418SRM3'","MBS","UMBS MORTPASS 5% 07/40","30yr",,,,,"1430381.94",,,,,,""
"2021-08-11","'3138ETRB4'","MBS","UMBS MORTPASS 2.5% 06/29","15yr",,,,,"1430272.17",,,,,,""
"2021-08-11","'3138ED5K3'","MBS","UMBS MORTPASS 3% 05/27","15yr",,,,,"1429451.92",,,,,,""
"2021-08-11","'3140K0TD0'","MBS","UMBS MORTPASS 3% 09/49","30yr",,,,,"1427957.86",,,,,,""
"2021-08-11","'3140JYRN8'","MBS","UMBS MORTPASS 2.5% 10/34","15yr",,,,,"1426751.89",,,,,,""
"2021-08-11","'3140LSWF9'","MBS","UMBS MORTPASS 2% 06/51","30yr",,,,,"1426684.41",,,,,,""
"2021-08-11","'31417AJD2'","MBS","UMBS MORTPASS 3% 11/26","15yr",,,,,"1426518.28",,,,,,""
"2021-08-11","'3140HPVR5'","MBS","UMBS MORTPASS 4% 10/48","30yr",,,,,"1425847.96",,,,,,""
"2021-08-11","'31329K5S9'","MBS","UMBS MORTPASS 3% 09/26","15yr",,,,,"1424951.27",,,,,,""
"2021-08-11","'3131X83R5'","MBS","UMBS MORTPASS 2.5% 04/28","15yr",,,,,"1424691.68",,,,,,""
"2021-08-11","'3140LRG85'","MBS","UMBS MORTPASS 2% 06/51","30yr",,,,,"1424676.32",,,,,,""
"2021-08-11","'3132J6YB4'","MBS","FHLMCGLD 3% 02/43","30yr",,,,,"1424266.72",,,,,,""
"2021-08-11","'3132JASE6'","MBS","FHLMCGLD 3% 06/43","30yr",,,,,"1423425.01",,,,,,""
"2021-08-11","'3132CJAB9'","MBS","UMBS MORTPASS 3% 02/26","Other",,,,,"1423148.88",,,,,,""
"2021-08-11","'3138MDR79'","MBS","UMBS MORTPASS 2.5% 09/27","15yr",,,,,"1422288.51",,,,,,""
"2021-08-11","'3133AKXR6'","MBS","UMBS MORTPASS 2% 04/51","30yr",,,,,"1422188.41",,,,,,""
"2021-08-11","'3140JUKP8'","MBS","UMBS MORTPASS 4% 05/49","30yr",,,,,"1421856.97",,,,,,""
"2021-08-11","'3138MRAP6'","MBS","UMBS MORTPASS 3% 12/42","30yr",,,,,"1421755.87",,,,,,""
"2021-08-11","'3138LT2E7'","MBS","UMBS MORTPASS 3% 06/27","15yr",,,,,"1421665.72",,,,,,""
"2021-08-11","'3140LPRH7'","MBS","UMBS MORTPASS 2% 05/51","30yr",,,,,"1421607.34",,,,,,""
"2021-08-11","'3140KEAN8'","MBS","UMBS MORTPASS 3% 06/50","30yr",,,,,"1421351.55",,,,,,""
"2021-08-11","'3620A0AR1'","MBS","GNMA I MORTPASS 5% 06/39","30yr",,,,,"1420661.16",,,,,,""
"2021-08-11","'3140JSZQ5'","MBS","UMBS MORTPASS 3.5% 04/49","30yr",,,,,"1420269.32",,,,,,""
"2021-08-11","'3138W3UC5'","MBS","UMBS MORTPASS 3.5% 02/43","30yr",,,,,"1419499.84",,,,,,""
"2021-08-11","'3128P7RJ4'","MBS","FHLMCGLD 4% 08/31","Other",,,,,"1419023.21",,,,,,""
"2021-08-11","'3133GDBC3'","MBS","UMBS MORTPASS 1.5% 05/36","15yr",,,,,"1418678.79",,,,,,""
"2021-08-11","'3140KDPC8'","MBS","UMBS MORTPASS 3% 05/50","30yr",,,,,"1418153.94",,,,,,""
"2021-08-11","'31416AGJ3'","MBS","UMBS MORTPASS 3.5% 07/39","30yr",,,,,"1418033.01",,,,,,""
"2021-08-11","'3140KGRA3'","MBS","UMBS MORTPASS 2% 06/50","30yr",,,,,"1417050.93",,,,,,""
"2021-08-11","'3138X2GC2'","MBS","UMBS MORTPASS 3% 08/28","15yr",,,,,"1416935.41",,,,,,""
"2021-08-11","'31417CZA6'","MBS","UMBS MORTPASS 2.5% 09/27","15yr",,,,,"1416469.97",,,,,,""
"2021-08-11","'3138MPDB8'","MBS","UMBS MORTPASS 2.5% 12/27","15yr",,,,,"1416268.63",,,,,,""
"2021-08-11","'3138AXCL3'","MBS","UMBS MORTPASS 3% 10/26","15yr",,,,,"1416252.5",,,,,,""
"2021-08-11","'3140H5EU1'","MBS","UMBS MORTPASS 2.5% 12/32","15yr",,,,,"1416171.94",,,,,,""
"2021-08-11","'3140J9PC9'","MBS","UMBS MORTPASS 4% 11/48","30yr",,,,,"1415886.89",,,,,,""
"2021-08-11","'3140KFK61'","MBS","UMBS MORTPASS 2% 11/50","30yr",,,,,"1415552.3",,,,,,""
"2021-08-11","'3140L76F4'","MBS","UMBS MORTPASS 1.5% 07/36","15yr",,,,,"1414764",,,,,,""
"2021-08-11","'3133AGNU9'","MBS","UMBS MORTPASS 2% 03/51","30yr",,,,,"1414669.12",,,,,,""
"2021-08-11","'3140HPVC8'","MBS","UMBS MORTPASS 3.5% 09/48","30yr",,,,,"1414584.55",,,,,,""
"2021-08-11","'31334X4P1'","MBS","UMBS MORTPASS 3.5% 08/49","30yr",,,,,"1414351.78",,,,,,""
"2021-08-11","'3140HD4C5'","MBS","UMBS MORTPASS 4% 05/48","30yr",,,,,"1413971.45",,,,,,""
"2021-08-11","'3140JY7G5'","MBS","UMBS MORTPASS 2.5% 08/34","15yr",,,,,"1413526.19",,,,,,""
"2021-08-11","'3131YDHZ0'","MBS","UMBS MORTPASS 3.5% 03/44","30yr",,,,,"1413511.97",,,,,,""
"2021-08-11","'3140H7K55'","MBS","UMBS MORTPASS 3% 04/33","15yr",,,,,"1413192.66",,,,,,""
"2021-08-11","'3138ERYD6'","MBS","UMBS MORTPASS 3% 05/29","15yr",,,,,"1413020.32",,,,,,""
"2021-08-11","'3131YDF41'","MBS","UMBS MORTPASS 4.5% 06/49","30yr",,,,,"1412933.75",,,,,,""
"2021-08-11","'3138MMAQ5'","MBS","UMBS MORTPASS 3% 01/43","30yr",,,,,"1412715.46",,,,,,""
"2021-08-11","'3140JMC91'","MBS","UMBS MORTPASS 3.5% 08/49","30yr",,,,,"1411984.68",,,,,,""
"2021-08-11","'3140KAPG5'","MBS","UMBS MORTPASS 2.5% 03/35","15yr",,,,,"1411560.62",,,,,,""
"2021-08-11","'31417BUV7'","MBS","UMBS MORTPASS 3% 05/27","15yr",,,,,"1411170.37",,,,,,""
"2021-08-11","'3140HA2J8'","MBS","UMBS MORTPASS 3.5% 02/48","30yr",,,,,"1410573.64",,,,,,""
"2021-08-11","'3138WEQP7'","MBS","UMBS MORTPASS 3% 05/30","15yr",,,,,"1410519.91",,,,,,""
"2021-08-11","'3140QHJF3'","MBS","UMBS MORTPASS 1.5% 02/51","30yr",,,,,"1409867.73",,,,,,""
"2021-08-11","'31418CCL6'","MBS","UMBS MORTPASS 2% 10/31","15yr",,,,,"1409733.27",,,,,,""
"2021-08-11","'31418CJK1'","MBS","UMBS MORTPASS 2.5% 04/27","Other",,,,,"1409370.29",,,,,,""
"2021-08-11","'3133ADYQ3'","MBS","UMBS MORTPASS 2% 12/50","30yr",,,,,"1409052.86",,,,,,""
"2021-08-11","'3140FVBU9'","MBS","UMBS MORTPASS 3% 04/32","15yr",,,,,"1408691.26",,,,,,""
"2021-08-11","'3133D3DQ5'","MBS","UMBS MORTPASS 2.5% 11/39","Other",,,,,"1408641.01",,,,,,""
"2021-08-11","'3138WABW6'","MBS","UMBS MORTPASS 3% 11/28","15yr",,,,,"1408637.12",,,,,,""
"2021-08-11","'3140JVQY1'","MBS","UMBS MORTPASS 4% 06/49","30yr",,,,,"1408631.77",,,,,,""
"2021-08-11","'3132A9UR6'","MBS","UMBS MORTPASS 2.5% 04/33","15yr",,,,,"1408507.71",,,,,,""
"2021-08-11","'3140LSP67'","MBS","UMBS MORTPASS 2% 06/51","30yr",,,,,"1408389.47",,,,,,""
"2021-08-11","'3140K2Q49'","MBS","UMBS MORTPASS 2% 05/36","15yr",,,,,"1407716.71",,,,,,""
"2021-08-11","'31307HDR5'","MBS","FHLMCGLD 3% 05/29","15yr",,,,,"1407453.37",,,,,,""
"2021-08-11","'3140LNNZ6'","MBS","UMBS MORTPASS 1.5% 05/36","15yr",,,,,"1407186.3",,,,,,""
"2021-08-11","'3140K83K5'","MBS","UMBS MORTPASS 2.5% 04/50","30yr",,,,,"1406709.53",,,,,,""
"2021-08-11","'3140KUYC0'","MBS","UMBS MORTPASS 2% 11/50","30yr",,,,,"1406246.43",,,,,,""
"2021-08-11","'3138YTL77'","MBS","UMBS MORTPASS 3.5% 07/45","30yr",,,,,"1406190.37",,,,,,""
"2021-08-11","'3128M46C2'","MBS","FHLMCGLD 6% 09/37","30yr",,,,,"1405260.19",,,,,,""
"2021-08-11","'3132JPTA0'","MBS","FHLMCGLD 3.5% 10/43","30yr",,,,,"1404538.51",,,,,,""
"2021-08-11","'3140JHE58'","MBS","UMBS MORTPASS 3% 10/33","15yr",,,,,"1403936.02",,,,,,""
"2021-08-11","'3131YBTP3'","MBS","UMBS MORTPASS 2.5% 04/49","30yr",,,,,"1403558.99",,,,,,""
"2021-08-11","'3138W1V46'","MBS","UMBS MORTPASS 3% 02/43","30yr",,,,,"1403447.85",,,,,,""
"2021-08-11","'3138AWBD4'","MBS","UMBS MORTPASS 3% 11/26","15yr",,,,,"1403418.46",,,,,,""
"2021-08-11","'31307MZK5'","MBS","FHLMCGLD 2.5% 05/30","15yr",,,,,"1403079.67",,,,,,""
"2021-08-11","'3133A2AZ3'","MBS","UMBS MORTPASS 3% 01/50","30yr",,,,,"1402937.95",,,,,,""
"2021-08-11","'3140X6RY9'","MBS","UMBS MORTPASS 3.5% 10/49","30yr",,,,,"1401893.99",,,,,,""
"2021-08-11","'3133GCEB4'","MBS","UMBS MORTPASS 1.5% 02/36","15yr",,,,,"1400455.03",,,,,,""
"2021-08-11","'3140K2Q72'","MBS","UMBS MORTPASS 2.5% 05/51","30yr",,,,,"1400122.62",,,,,,""
"2021-08-11","'3133GCGQ9'","MBS","UMBS MORTPASS 1.5% 03/36","15yr",,,,,"1399812.94",,,,,,""
"2021-08-11","'3133A1M66'","MBS","UMBS MORTPASS 3% 02/50","30yr",,,,,"1398505.21",,,,,,""
"2021-08-11","'3140Q9FN8'","MBS","UMBS MORTPASS 3.5% 06/33","15yr",,,,,"1398386.24",,,,,,""
"2021-08-11","'3140HMPP3'","MBS","UMBS MORTPASS 3% 09/33","15yr",,,,,"1397891.84",,,,,,""
"2021-08-11","'3140L7BA9'","MBS","UMBS MORTPASS 2% 04/51","30yr",,,,,"1397823.28",,,,,,""
"2021-08-11","'3138MP5E1'","MBS","UMBS MORTPASS 3% 02/43","30yr",,,,,"1397513.56",,,,,,""
"2021-08-11","'3131X85K8'","MBS","UMBS MORTPASS 2.5% 04/28","15yr",,,,,"1397476.02",,,,,,""
"2021-08-11","'3138ECGS6'","MBS","UMBS MORTPASS 3% 03/27","15yr",,,,,"1397268.24",,,,,,""
"2021-08-11","'3140H5NT4'","MBS","UMBS MORTPASS 3.5% 02/48","30yr",,,,,"1396697.64",,,,,,""
"2021-08-11","'31418CGZ1'","MBS","UMBS MORTPASS 3% 02/27","Other",,,,,"1396399.87",,,,,,""
"2021-08-11","'3138X0QL5'","MBS","UMBS MORTPASS 3% 07/28","15yr",,,,,"1396078.06",,,,,,""
"2021-08-11","'31307NJU9'","MBS","FHLMCGLD 3% 07/30","15yr",,,,,"1396039.76",,,,,,""
"2021-08-11","'36295CHW4'","MBS","GNMA I MORTPASS 3% 04/43","30yr",,,,,"1395762.01",,,,,,""
"2021-08-11","'3133AFFY2'","MBS","UMBS MORTPASS 2% 01/51","30yr",,,,,"1395756.62",,,,,,""
"2021-08-11","'3132J6S88'","MBS","FHLMCGLD 3% 03/43","30yr",,,,,"1395255.52",,,,,,""
"2021-08-11","'31417DJ87'","MBS","UMBS MORTPASS 2.5% 10/42","30yr",,,,,"1394700.29",,,,,,""
"2021-08-11","'3131X76Q6'","MBS","UMBS MORTPASS 2.5% 10/27","15yr",,,,,"1394096.98",,,,,,""
"2021-08-11","'3140KQ2C4'","MBS","UMBS MORTPASS 1.5% 10/50","30yr",,,,,"1394081.95",,,,,,""
"2021-08-11","'36177T4L8'","MBS","GNMA I 3.5% 04/42","30yr",,,,,"1393987.76",,,,,,""
"2021-08-11","'3132A9S57'","MBS","UMBS MORTPASS 2% 02/32","15yr",,,,,"1393820.07",,,,,,""
"2021-08-11","'3133AMNK8'","MBS","UMBS MORTPASS 2.5% 05/51","30yr",,,,,"1393235.79",,,,,,""
"2021-08-11","'3132QTPD2'","MBS","FHLMCGLD 3.5% 10/45","30yr",,,,,"1393233.75",,,,,,""
"2021-08-11","'3133AKYR5'","MBS","UMBS MORTPASS 2% 05/51","30yr",,,,,"1393105.65",,,,,,""
"2021-08-11","'3140JAJT6'","MBS","UMBS MORTPASS 3.5% 11/48","30yr",,,,,"1393093.59",,,,,,""
"2021-08-11","'31307LPE2'","MBS","FHLMCGLD 2.5% 01/30","15yr",,,,,"1392914.32",,,,,,""
"2021-08-11","'3138YBL92'","MBS","UMBS MORTPASS 3.5% 01/45","30yr",,,,,"1390880.63",,,,,,""
"2021-08-11","'3140HHE76'","MBS","UMBS MORTPASS 3% 05/33","15yr",,,,,"1390664.5",,,,,,""
"2021-08-11","'3131YDLJ1'","MBS","UMBS MORTPASS 2.5% 06/49","30yr",,,,,"1389743.34",,,,,,""
"2021-08-11","'3140JW7E4'","MBS","UMBS MORTPASS 3.5% 07/49","30yr",,,,,"1389605.97",,,,,,""
"2021-08-11","'3620ACUR3'","MBS","GNMA I 4.5% 11/39","30yr",,,,,"1389444.08",,,,,,""
"2021-08-11","'3131Y9RZ8'","MBS","UMBS MORTPASS 4% 02/49","30yr",,,,,"1388906.35",,,,,,""
"2021-08-11","'3132JPRM6'","MBS","FHLMCGLD 3.5% 09/43","30yr",,,,,"1388470.99",,,,,,""
"2021-08-11","'3140HEKF8'","MBS","UMBS MORTPASS 3.5% 02/48","30yr",,,,,"1388463.25",,,,,,""
"2021-08-11","'36179CFJ6'","MBS","GNMA I 3.5% 10/42","30yr",,,,,"1388021.16",,,,,,""
"2021-08-11","'3138EJKE7'","MBS","UMBS MORTPASS 3% 07/27","15yr",,,,,"1387514.64",,,,,,""
"2021-08-11","'36178GSL9'","MBS","GNMA I MORTPASS 3% 01/43","30yr",,,,,"1387020.6",,,,,,""
"2021-08-11","'3132A9MG9'","MBS","UMBS MORTPASS 2.5% 03/27","15yr",,,,,"1386737.22",,,,,,""
"2021-08-11","'31339SW68'","MBS","UMBS MORTPASS 3% 10/49","30yr",,,,,"1386215.28",,,,,,""
"2021-08-11","'3132J8AP5'","MBS","FHLMCGLD 3% 04/43","30yr",,,,,"1386155.94",,,,,,""
"2021-08-11","'3131YAE22'","MBS","UMBS MORTPASS 2.5% 04/34","15yr",,,,,"1385364.07",,,,,,""
"2021-08-11","'31418DU67'","MBS","UMBS MORTPASS 2% 12/40","Other",,,,,"1385238.13",,,,,,""
"2021-08-11","'3140Q9SM6'","MBS","UMBS MORTPASS 3.5% 09/43","30yr",,,,,"1385092.76",,,,,,""
"2021-08-11","'3133KGZS0'","MBS","UMBS MORTPASS 3% 10/49","30yr",,,,,"1384875.71",,,,,,""
"2021-08-11","'3133AF6L0'","MBS","UMBS MORTPASS 2% 03/51","30yr",,,,,"1384684.62",,,,,,""
"2021-08-11","'3140K3Y30'","MBS","UMBS MORTPASS 3% 02/50","30yr",,,,,"1384186.7",,,,,,""
"2021-08-11","'3140F86N2'","MBS","UMBS MORTPASS 2.5% 07/31","15yr",,,,,"1382919.1",,,,,,""
"2021-08-11","'3131X8KK1'","MBS","UMBS MORTPASS 2.5% 12/27","15yr",,,,,"1381860.19",,,,,,""
"2021-08-11","'3133GBB78'","MBS","UMBS MORTPASS 1.5% 12/35","15yr",,,,,"1381576.35",,,,,,""
"2021-08-11","'3132A9N29'","MBS","UMBS MORTPASS 3% 01/29","15yr",,,,,"1381285.47",,,,,,""
"2021-08-11","'31307PB57'","MBS","FHLMCGLD 2.5% 09/30","15yr",,,,,"1380484.65",,,,,,""
"2021-08-11","'3140L7BB7'","MBS","UMBS MORTPASS 2% 04/51","30yr",,,,,"1380344.28",,,,,,""
"2021-08-11","'36297JEW0'","MBS","GNMA I 4.5% 03/39","30yr",,,,,"1380264.9",,,,,,""
"2021-08-11","'3138E72S2'","MBS","UMBS MORTPASS 3% 02/27","15yr",,,,,"1379899.95",,,,,,""
"2021-08-11","'31339S3W3'","MBS","UMBS MORTPASS 3% 10/49","30yr",,,,,"1379120.81",,,,,,""
"2021-08-11","'31307WF66'","MBS","FHLMCGLD 3.5% 06/33","15yr",,,,,"1378810.72",,,,,,""
"2021-08-11","'36230RZD1'","MBS","GNMA I MORTPASS 4% 12/40","30yr",,,,,"1378709.03",,,,,,""
"2021-08-11","'3138EMDB4'","MBS","UMBS MORTPASS 4% 01/44","30yr",,,,,"1378319.54",,,,,,""
"2021-08-11","'3140HBVA3'","MBS","UMBS MORTPASS 3.5% 09/49","30yr",,,,,"1377871.69",,,,,,""
"2021-08-11","'3140KYWB6'","MBS","UMBS MORTPASS 2% 01/51","30yr",,,,,"1377752.76",,,,,,""
"2021-08-11","'31307MYB6'","MBS","FHLMCGLD 3% 04/30","15yr",,,,,"1377030.8",,,,,,""
"2021-08-11","'3131XAJ69'","MBS","UMBS MORTPASS 2.5% 04/24","Other",,,,,"1376501.09",,,,,,""
"2021-08-11","'3140Q9TY9'","MBS","UMBS MORTPASS 3.5% 09/48","30yr",,,,,"1376297.87",,,,,,""
"2021-08-11","'3131YCRU2'","MBS","UMBS MORTPASS 3.5% 05/49","30yr",,,,,"1376258.83",,,,,,""
"2021-08-11","'3140L34E8'","MBS","UMBS MORTPASS 1.5% 04/36","15yr",,,,,"1375928.23",,,,,,""
"2021-08-11","'31339SBB0'","MBS","UMBS MORTPASS 3% 09/49","30yr",,,,,"1375680.22",,,,,,""
"2021-08-11","'3133GDSQ4'","MBS","UMBS MORTPASS 1.5% 07/36","15yr",,,,,"1375633.59",,,,,,""
"2021-08-11","'3138YNHA8'","MBS","UMBS MORTPASS 2.5% 05/30","15yr",,,,,"1375112.93",,,,,,""
"2021-08-11","'31307T2K6'","MBS","FHLMCGLD 2.5% 06/32","15yr",,,,,"1373323.74",,,,,,""
"2021-08-11","'3138EBQ40'","MBS","UMBS MORTPASS 3% 03/27","15yr",,,,,"1373306.52",,,,,,""
"2021-08-11","'3140K4SK7'","MBS","UMBS MORTPASS 3.5% 12/49","30yr",,,,,"1372178.54",,,,,,""
"2021-08-11","'3133AGM71'","MBS","UMBS MORTPASS 2.5% 03/51","30yr",,,,,"1371927.2",,,,,,""
"2021-08-11","'3138M06M7'","MBS","UMBS MORTPASS 4% 07/42","30yr",,,,,"1371869.23",,,,,,""
"2021-08-11","'3140Q75U7'","MBS","UMBS MORTPASS 3.5% 12/47","30yr",,,,,"1371526.12",,,,,,""
"2021-08-11","'3138E5YG7'","MBS","UMBS MORTPASS 3% 01/27","15yr",,,,,"1371009.88",,,,,,""
"2021-08-11","'31334WW64'","MBS","UMBS MORTPASS 3.5% 07/49","30yr",,,,,"1370769.81",,,,,,""
"2021-08-11","'3133AKZQ6'","MBS","UMBS MORTPASS 2.5% 05/51","30yr",,,,,"1370011.36",,,,,,""
"2021-08-11","'31417G2M7'","MBS","UMBS MORTPASS 2.5% 07/28","15yr",,,,,"1368499.29",,,,,,""
"2021-08-11","'3138YHVT4'","MBS","UMBS MORTPASS 2.5% 05/30","15yr",,,,,"1368238.8",,,,,,""
"2021-08-11","'3140LSPV2'","MBS","UMBS MORTPASS 2% 06/51","30yr",,,,,"1368221.17",,,,,,""
"2021-08-11","'3138MCVX9'","MBS","UMBS MORTPASS 2.5% 10/42","30yr",,,,,"1367751.97",,,,,,""
"2021-08-11","'3133AJRZ8'","MBS","UMBS MORTPASS 1.5% 04/51","30yr",,,,,"1367386.6",,,,,,""
"2021-08-11","'3140KKCH5'","MBS","UMBS MORTPASS 2.5% 07/35","15yr",,,,,"1367342.55",,,,,,""
"2021-08-11","'31307RML6'","MBS","FHLMCGLD 3.5% 07/31","15yr",,,,,"1367022.06",,,,,,""
"2021-08-11","'3132DMG74'","MBS","UMBS MORTPASS 3% 02/50","30yr",,,,,"1366928.56",,,,,,""
"2021-08-11","'3138XZJH5'","MBS","UMBS MORTPASS 3% 08/29","15yr",,,,,"1366291.02",,,,,,""
"2021-08-11","'31307V3J3'","MBS","FHLMCGLD 3.5% 04/33","15yr",,,,,"1366169.82",,,,,,""
"2021-08-11","'3140JM2N1'","MBS","UMBS MORTPASS 3% 02/49","30yr",,,,,"1366163.25",,,,,,""
"2021-08-11","'3131XCRC3'","MBS","UMBS MORTPASS 3% 02/32","15yr",,,,,"1366091.33",,,,,,""
"2021-08-11","'3140HDYM0'","MBS","UMBS MORTPASS 3% 01/50","30yr",,,,,"1365159.97",,,,,,""
"2021-08-11","'3140X5FT5'","MBS","UMBS MORTPASS 4.5% 01/49","30yr",,,,,"1364764.77",,,,,,""
"2021-08-11","'3140L05E3'","MBS","UMBS MORTPASS 2% 02/51","30yr",,,,,"1364487.43",,,,,,""
"2021-08-11","'3133AMG67'","MBS","UMBS MORTPASS 2% 06/51","30yr",,,,,"1363993.33",,,,,,""
"2021-08-11","'31307QPF8'","MBS","FHLMCGLD 3% 03/31","15yr",,,,,"1363325.32",,,,,,""
"2021-08-11","'31410LPF3'","MBS","UMBS MORTPASS 2% 07/29","15yr",,,,,"1363043.48",,,,,,""
"2021-08-11","'3131X74N5'","MBS","UMBS MORTPASS 3% 09/27","15yr",,,,,"1361730.11",,,,,,""
"2021-08-11","'3140KGPZ0'","MBS","UMBS MORTPASS 1.5% 11/35","15yr",,,,,"1361310.02",,,,,,""
"2021-08-11","'3133ACE20'","MBS","UMBS MORTPASS 2.5% 11/50","30yr",,,,,"1361095.8",,,,,,""
"2021-08-11","'3140JNWB2'","MBS","UMBS MORTPASS 4.5% 04/49","30yr",,,,,"1360071.43",,,,,,""
"2021-08-11","'3140L0CL9'","MBS","UMBS MORTPASS 2% 12/50","30yr",,,,,"1359713.54",,,,,,""
"2021-08-11","'3132A8JU4'","MBS","UMBS MORTPASS 2.5% 08/26","Other",,,,,"1359593.93",,,,,,""
"2021-08-11","'3140KBKD5'","MBS","UMBS MORTPASS 2.5% 03/50","30yr",,,,,"1359589.53",,,,,,""
"2021-08-11","'3131YACN8'","MBS","UMBS MORTPASS 3% 02/34","15yr",,,,,"1359572.17",,,,,,""
"2021-08-11","'3133G9NZ8'","MBS","UMBS MORTPASS 2% 08/35","15yr",,,,,"1359352.22",,,,,,""
"2021-08-11","'3138XXHJ8'","MBS","UMBS MORTPASS 3% 01/27","15yr",,,,,"1358965.74",,,,,,""
"2021-08-11","'3132M9JX3'","MBS","FHLMCGLD 3.5% 09/44","30yr",,,,,"1358540.76",,,,,,""
"2021-08-11","'3140K8BV2'","MBS","UMBS MORTPASS 2.5% 04/50","30yr",,,,,"1358381.97",,,,,,""
"2021-08-11","'31410LNZ1'","MBS","UMBS MORTPASS 2.5% 09/28","15yr",,,,,"1357516.69",,,,,,""
"2021-08-11","'3140JRN49'","MBS","UMBS MORTPASS 3.5% 05/49","30yr",,,,,"1357383.72",,,,,,""
"2021-08-11","'3132JM3N7'","MBS","FHLMCGLD 3% 08/43","30yr",,,,,"1357218.4",,,,,,""
"2021-08-11","'3138WQGC0'","MBS","UMBS MORTPASS 2.5% 05/28","15yr",,,,,"1357045.72",,,,,,""
"2021-08-11","'31417DT37'","MBS","UMBS MORTPASS 2.5% 11/27","15yr",,,,,"1356936.86",,,,,,""
"2021-08-11","'36179RGA1'","MBS","GNMA II MORTPASS 4% 06/45","30yr",,,,,"1356145.49",,,,,,""
"2021-08-11","'31307Q3V7'","MBS","FHLMCGLD 2.5% 05/31","15yr",,,,,"1355722.46",,,,,,""
"2021-08-11","'3138W5QZ4'","MBS","UMBS MORTPASS 2.5% 02/28","15yr",,,,,"1355652.35",,,,,,""
"2021-08-11","'3133A4TP1'","MBS","UMBS MORTPASS 2.5% 05/50","30yr",,,,,"1355583.84",,,,,,""
"2021-08-11","'36179QL41'","MBS","GNMA II MORTPASS 3% 08/44","30yr",,,,,"1355214.5",,,,,,""
"2021-08-11","'3138WGZN7'","MBS","UMBS MORTPASS 2.5% 04/31","15yr",,,,,"1355208.83",,,,,,""
"2021-08-11","'3138WGED2'","MBS","UMBS MORTPASS 2.5% 01/31","15yr",,,,,"1355017.02",,,,,,""
"2021-08-11","'36230SKJ2'","MBS","GNMA I 3.5% 02/42","30yr",,,,,"1354702.98",,,,,,""
"2021-08-11","'3138YKKB8'","MBS","UMBS MORTPASS 3% 03/30","15yr",,,,,"1354680.46",,,,,,""
"2021-08-11","'3138ENHP7'","MBS","UMBS MORTPASS 2.5% 04/29","15yr",,,,,"1353926.49",,,,,,""
"2021-08-11","'3138LQ2Y9'","MBS","UMBS MORTPASS 3% 04/27","15yr",,,,,"1353661.87",,,,,,""
"2021-08-11","'3133A4RH1'","MBS","UMBS MORTPASS 3% 05/50","30yr",,,,,"1353302.44",,,,,,""
"2021-08-11","'3132KE6U4'","MBS","FHLMCGLD 3% 06/30","15yr",,,,,"1353269.18",,,,,,""
"2021-08-11","'3138XMHG8'","MBS","UMBS MORTPASS 3% 03/29","15yr",,,,,"1353204.86",,,,,,""
"2021-08-11","'3138LU3K9'","MBS","UMBS MORTPASS 2.5% 07/27","15yr",,,,,"1353103.53",,,,,,""
"2021-08-11","'3131Y8CK9'","MBS","UMBS MORTPASS 4% 12/48","30yr",,,,,"1352793.53",,,,,,""
"2021-08-11","'3140X6UW9'","MBS","UMBS MORTPASS 2.5% 05/35","15yr",,,,,"1351929.48",,,,,,""
"2021-08-11","'3140K2NN0'","MBS","UMBS MORTPASS 1.5% 04/51","30yr",,,,,"1351844.74",,,,,,""
"2021-08-11","'3140H83G8'","MBS","UMBS MORTPASS 3.5% 08/43","30yr",,,,,"1351718.1",,,,,,""
"2021-08-11","'3140KQG54'","MBS","UMBS MORTPASS 2% 11/50","30yr",,,,,"1351642.26",,,,,,""
"2021-08-11","'3133KKJP5'","MBS","UMBS MORTPASS 2.5% 10/50","30yr",,,,,"1351597.1",,,,,,""
"2021-08-11","'3140L75R9'","MBS","UMBS MORTPASS 2% 05/51","30yr",,,,,"1351559.05",,,,,,""
"2021-08-11","'3138AP3N6'","MBS","UMBS MORTPASS 3.5% 08/26","15yr",,,,,"1349739.9",,,,,,""
"2021-08-11","'3132A9MD6'","MBS","UMBS MORTPASS 3% 03/27","15yr",,,,,"1348154.27",,,,,,""
"2021-08-11","'3133ADUK0'","MBS","UMBS MORTPASS 1.5% 12/50","30yr",,,,,"1347904.53",,,,,,""
"2021-08-11","'3133A6JA0'","MBS","UMBS MORTPASS 3% 06/50","30yr",,,,,"1347893.17",,,,,,""
"2021-08-11","'3131X9E83'","MBS","UMBS MORTPASS 2% 06/23","Other",,,,,"1347749.9",,,,,,""
"2021-08-11","'3138MJFX2'","MBS","UMBS MORTPASS 3% 12/27","15yr",,,,,"1347587.01",,,,,,""
"2021-08-11","'36294UT69'","MBS","GNMA I 3.5% 12/41","30yr",,,,,"1346367.85",,,,,,""
"2021-08-11","'3140L6XT6'","MBS","UMBS MORTPASS 2% 03/51","30yr",,,,,"1346300.36",,,,,,""
"2021-08-11","'3140KJA98'","MBS","UMBS MORTPASS 2.5% 07/50","30yr",,,,,"1346276.73",,,,,,""
"2021-08-11","'3138X8YE5'","MBS","UMBS MORTPASS 3% 11/28","15yr",,,,,"1345348.08",,,,,,""
"2021-08-11","'3140JRR78'","MBS","UMBS MORTPASS 4.5% 04/49","30yr",,,,,"1345123.14",,,,,,""
"2021-08-11","'3138WHWR9'","MBS","UMBS MORTPASS 2% 09/31","15yr",,,,,"1344398.94",,,,,,""
"2021-08-11","'3140FQF28'","MBS","UMBS MORTPASS 3% 11/46","30yr",,,,,"1343756.43",,,,,,""
"2021-08-11","'3132A9ST5'","MBS","UMBS MORTPASS 3% 11/31","15yr",,,,,"1343711.46",,,,,,""
"2021-08-11","'3138EP3E2'","MBS","UMBS MORTPASS 2.5% 04/28","15yr",,,,,"1343519.93",,,,,,""
"2021-08-11","'3138M6HK6'","MBS","UMBS MORTPASS 2.5% 09/27","15yr",,,,,"1343153.99",,,,,,""
"2021-08-11","'3140HNVQ2'","MBS","UMBS MORTPASS 4.5% 09/48","30yr",,,,,"1342777.9",,,,,,""
"2021-08-11","'3140L54R4'","MBS","UMBS MORTPASS 1.5% 04/36","15yr",,,,,"1342526.65",,,,,,""
"2021-08-11","'3132A9SM0'","MBS","UMBS MORTPASS 2.5% 10/31","15yr",,,,,"1341755.49",,,,,,""
"2021-08-11","'3140JVEJ7'","MBS","UMBS MORTPASS 4.5% 08/49","30yr",,,,,"1341706.12",,,,,,""
"2021-08-11","'3140KKGW8'","MBS","UMBS MORTPASS 2.5% 08/50","30yr",,,,,"1341611.21",,,,,,""
"2021-08-11","'3131XBNF2'","MBS","UMBS MORTPASS 3% 01/29","15yr",,,,,"1338766.57",,,,,,""
"2021-08-11","'3140H9SW4'","MBS","UMBS MORTPASS 3.5% 04/49","30yr",,,,,"1338580.03",,,,,,""
"2021-08-11","'3138XQYQ8'","MBS","UMBS MORTPASS 3.5% 04/29","15yr",,,,,"1338328.04",,,,,,""
"2021-08-11","'31418CPK4'","MBS","UMBS MORTPASS 3% 09/32","15yr",,,,,"1338312.26",,,,,,""
"2021-08-11","'3132M7EA2'","MBS","FHLMCGLD 4% 05/44","30yr",,,,,"1337809.62",,,,,,""
"2021-08-11","'3140JSVS5'","MBS","UMBS MORTPASS 3.5% 04/49","30yr",,,,,"1336355.41",,,,,,""
"2021-08-11","'3140KGHJ5'","MBS","UMBS MORTPASS 3% 06/50","30yr",,,,,"1335932.18",,,,,,""
"2021-08-11","'3140GTX88'","MBS","UMBS MORTPASS 3.5% 07/47","30yr",,,,,"1335912.29",,,,,,""
"2021-08-11","'31329MLP3'","MBS","UMBS MORTPASS 3% 11/32","15yr",,,,,"1335600.85",,,,,,""
"2021-08-11","'36179JUV7'","MBS","GNMA I MORTPASS 3% 03/43","30yr",,,,,"1335158.61",,,,,,""
"2021-08-11","'3131X8FD3'","MBS","UMBS MORTPASS 2.5% 11/27","15yr",,,,,"1335041.72",,,,,,""
"2021-08-11","'3140L6FA7'","MBS","UMBS MORTPASS 1.5% 05/36","15yr",,,,,"1334842.56",,,,,,""
"2021-08-11","'3131Y7LW5'","MBS","UMBS MORTPASS 4% 11/48","30yr",,,,,"1334331.66",,,,,,""
"2021-08-11","'31307GTA7'","MBS","FHLMCGLD 3% 03/29","15yr",,,,,"1334311.73",,,,,,""
"2021-08-11","'36296QVK2'","MBS","GNMA I MORTPASS 5% 06/39","30yr",,,,,"1334088.77",,,,,,""
"2021-08-11","'3133G9KQ1'","MBS","UMBS MORTPASS 2% 08/35","15yr",,,,,"1333880.03",,,,,,""
"2021-08-11","'36180KAN1'","MBS","GNMA I 3.5% 05/43","30yr",,,,,"1333669.57",,,,,,""
"2021-08-11","'3140K83B5'","MBS","UMBS MORTPASS 2.5% 02/50","30yr",,,,,"1333538.72",,,,,,""
"2021-08-11","'3131X8N93'","MBS","UMBS MORTPASS 2.5% 01/28","15yr",,,,,"1333470.15",,,,,,""
"2021-08-11","'3138WZXK3'","MBS","UMBS MORTPASS 3% 08/28","15yr",,,,,"1333325.17",,,,,,""
"2021-08-11","'3140X6M65'","MBS","UMBS MORTPASS 4% 02/49","30yr",,,,,"1333316.05",,,,,,""
"2021-08-11","'3133A9U60'","MBS","UMBS MORTPASS 2% 09/50","30yr",,,,,"1332761.14",,,,,,""
"2021-08-11","'3140LSTB2'","MBS","UMBS MORTPASS 2.5% 06/51","30yr",,,,,"1332491.08",,,,,,""
"2021-08-11","'3138EMZU8'","MBS","UMBS MORTPASS 3% 11/27","15yr",,,,,"1332013.28",,,,,,""
"2021-08-11","'31339UUD0'","MBS","UMBS MORTPASS 3% 11/49","30yr",,,,,"1331881.19",,,,,,""
"2021-08-11","'3140KLCP5'","MBS","UMBS MORTPASS 2% 07/36","15yr",,,,,"1331683",,,,,,""
"2021-08-11","'36210BYP4'","MBS","GNMA I MORTPASS 5% 03/39","30yr",,,,,"1331342.54",,,,,,""
"2021-08-11","'3133AFWU1'","MBS","UMBS MORTPASS 2.5% 02/51","30yr",,,,,"1331200.26",,,,,,""
"2021-08-11","'31418CWC4'","MBS","UMBS MORTPASS 3% 04/28","Other",,,,,"1331115.24",,,,,,""
"2021-08-11","'3140L6ER1'","MBS","UMBS MORTPASS 2% 05/51","30yr",,,,,"1331026.47",,,,,,""
"2021-08-11","'3131Y2EE4'","MBS","UMBS MORTPASS 3.5% 07/48","30yr",,,,,"1330166.59",,,,,,""
"2021-08-11","'3133AFEP2'","MBS","UMBS MORTPASS 1.5% 01/51","30yr",,,,,"1329457.34",,,,,,""
"2021-08-11","'3131X8F43'","MBS","UMBS MORTPASS 2.5% 11/27","15yr",,,,,"1328953.89",,,,,,""
"2021-08-11","'31417BHB6'","MBS","UMBS MORTPASS 3% 03/27","15yr",,,,,"1328946.67",,,,,,""
"2021-08-11","'3133A0P99'","MBS","UMBS MORTPASS 3% 01/50","30yr",,,,,"1328896.19",,,,,,""
"2021-08-11","'3140JXH35'","MBS","UMBS MORTPASS 3.5% 08/49","30yr",,,,,"1328819.47",,,,,,""
"2021-08-11","'3132HP3Z5'","MBS","FHLMCGLD 2.5% 12/42","30yr",,,,,"1327808.96",,,,,,""
"2021-08-11","'3140E8GV4'","MBS","UMBS MORTPASS 2.5% 06/31","15yr",,,,,"1327766.19",,,,,,""
"2021-08-11","'3140K5Q42'","MBS","UMBS MORTPASS 3% 12/49","30yr",,,,,"1327622.45",,,,,,""
"2021-08-11","'3133AJR47'","MBS","UMBS MORTPASS 1.5% 03/51","30yr",,,,,"1327200.49",,,,,,""
"2021-08-11","'3138W2EA9'","MBS","UMBS MORTPASS 2.5% 02/28","15yr",,,,,"1325935.54",,,,,,""
"2021-08-11","'3140FVD29'","MBS","UMBS MORTPASS 4% 03/47","30yr",,,,,"1325856.08",,,,,,""
"2021-08-11","'3132QL7A5'","MBS","FHLMCGLD 3.5% 01/45","30yr",,,,,"1325675.88",,,,,,""
"2021-08-11","'3138M1YE2'","MBS","UMBS MORTPASS 3.5% 07/42","30yr",,,,,"1325488.23",,,,,,""
"2021-08-11","'3133ALEE4'","MBS","UMBS MORTPASS 2% 05/46","30yr",,,,,"1325124.28",,,,,,""
"2021-08-11","'31417DFQ1'","MBS","UMBS MORTPASS 2% 10/27","15yr",,,,,"1325029.71",,,,,,""
"2021-08-11","'3140HARA0'","MBS","UMBS MORTPASS 3.5% 04/48","30yr",,,,,"1324763.17",,,,,,""
"2021-08-11","'31346YNJ8'","MBS","UMBS MORTPASS 3% 10/49","30yr",,,,,"1324687.59",,,,,,""
"2021-08-11","'3132M7GS1'","MBS","FHLMCGLD 3.5% 06/44","30yr",,,,,"1324494.53",,,,,,""
"2021-08-11","'3140GSVT6'","MBS","UMBS MORTPASS 3.5% 03/48","30yr",,,,,"1323964.8",,,,,,""
"2021-08-11","'31307PHG7'","MBS","FHLMCGLD 2.5% 10/30","15yr",,,,,"1323672.43",,,,,,""
"2021-08-11","'3622AAHC1'","MBS","GNMA II 2.5% 09/49","30yr",,,,,"1323330.01",,,,,,""
"2021-08-11","'3133AEZ80'","MBS","UMBS MORTPASS 2.5% 12/50","30yr",,,,,"1323108.81",,,,,,""
"2021-08-11","'31418AFX1'","MBS","UMBS MORTPASS 2.5% 06/27","15yr",,,,,"1323005.26",,,,,,""
"2021-08-11","'3140LPSV5'","MBS","UMBS MORTPASS 2% 05/51","30yr",,,,,"1322791.07",,,,,,""
"2021-08-11","'31418CRA4'","MBS","UMBS MORTPASS 3.5% 11/32","15yr",,,,,"1322224.31",,,,,,""
"2021-08-11","'3138WCFE8'","MBS","UMBS MORTPASS 2.5% 07/29","15yr",,,,,"1321710.65",,,,,,""
"2021-08-11","'3133A3KK3'","MBS","UMBS MORTPASS 2.5% 03/50","30yr",,,,,"1321495.49",,,,,,""
"2021-08-11","'3138MQX65'","MBS","UMBS MORTPASS 3.5% 12/42","30yr",,,,,"1320799.15",,,,,,""
"2021-08-11","'3138WEWC9'","MBS","UMBS MORTPASS 2.5% 06/30","15yr",,,,,"1320774.36",,,,,,""
"2021-08-11","'3140KUVQ2'","MBS","UMBS MORTPASS 2% 11/50","30yr",,,,,"1320495.83",,,,,,""
"2021-08-11","'31418DRT1'","MBS","UMBS MORTPASS 3% 08/50","30yr",,,,,"1319692.43",,,,,,""
"2021-08-11","'3140K83L3'","MBS","UMBS MORTPASS 3% 04/50","30yr",,,,,"1319166.52",,,,,,""
"2021-08-11","'3140E2GM7'","MBS","UMBS MORTPASS 3% 10/45","30yr",,,,,"1318875.96",,,,,,""
"2021-08-11","'3140L7BC5'","MBS","UMBS MORTPASS 2% 04/51","30yr",,,,,"1318688.94",,,,,,""
"2021-08-11","'3133GDBA7'","MBS","UMBS MORTPASS 1.5% 05/36","15yr",,,,,"1318511.75",,,,,,""
"2021-08-11","'3140KHJK8'","MBS","UMBS MORTPASS 2.5% 07/50","30yr",,,,,"1318290.43",,,,,,""
"2021-08-11","'3140JRQ79'","MBS","UMBS MORTPASS 3% 07/49","30yr",,,,,"1318255.13",,,,,,""
"2021-08-11","'3140KPTZ6'","MBS","UMBS MORTPASS 1.5% 10/35","15yr",,,,,"1318123.94",,,,,,""
"2021-08-11","'3140Q76X0'","MBS","UMBS MORTPASS 3% 12/37","Other",,,,,"1317172.28",,,,,,""
"2021-08-11","'3140JVPG1'","MBS","UMBS MORTPASS 3% 08/49","30yr",,,,,"1316805.51",,,,,,""
"2021-08-11","'31371NMK8'","MBS","UMBS MORTPASS 6% 11/27","Other",,,,,"1316771.17",,,,,,""
"2021-08-11","'3138WN2F5'","MBS","UMBS MORTPASS 2.5% 04/28","15yr",,,,,"1316679.13",,,,,,""
"2021-08-11","'3138WQKK7'","MBS","UMBS MORTPASS 3% 04/43","30yr",,,,,"1316375.33",,,,,,""
"2021-08-11","'3140JSDM8'","MBS","UMBS MORTPASS 1.5% 02/51","30yr",,,,,"1316358.04",,,,,,""
"2021-08-11","'3138WDER8'","MBS","UMBS MORTPASS 2.5% 11/29","15yr",,,,,"1316244.93",,,,,,""
"2021-08-11","'3132A9UV7'","MBS","UMBS MORTPASS 2.5% 05/33","15yr",,,,,"1316224.65",,,,,,""
"2021-08-11","'3133G8NC1'","MBS","UMBS MORTPASS 2% 05/35","15yr",,,,,"1315174.78",,,,,,""
"2021-08-11","'3133LPSL2'","MBS","UMBS MORTPASS 2% 04/30","Other",,,,,"1315160.35",,,,,,""
"2021-08-11","'31418DAC6'","MBS","UMBS MORTPASS 3.5% 02/39","Other",,,,,"1315115.08",,,,,,""
"2021-08-11","'3140JLR30'","MBS","UMBS MORTPASS 2.5% 12/50","30yr",,,,,"1315106.89",,,,,,""
"2021-08-11","'3140FRG90'","MBS","UMBS MORTPASS 2% 01/32","15yr",,,,,"1314352.8",,,,,,""
"2021-08-11","'3138WFZE9'","MBS","UMBS MORTPASS 2% 11/30","15yr",,,,,"1313732",,,,,,""
"2021-08-11","'31418ALT3'","MBS","UMBS MORTPASS 3% 11/32","Other",,,,,"1313478.73",,,,,,""
"2021-08-11","'31307PWJ4'","MBS","FHLMCGLD 3% 12/30","15yr",,,,,"1312320.5",,,,,,""
"2021-08-11","'3140HGAG2'","MBS","UMBS MORTPASS 3% 05/50","30yr",,,,,"1311918.14",,,,,,""
"2021-08-11","'31307GTP4'","MBS","FHLMCGLD 3% 03/29","15yr",,,,,"1311669.51",,,,,,""
"2021-08-11","'31334XEX3'","MBS","UMBS MORTPASS 4.5% 07/49","30yr",,,,,"1311526.64",,,,,,""
"2021-08-11","'3133AGV22'","MBS","UMBS MORTPASS 1.5% 01/51","30yr",,,,,"1311480.78",,,,,,""
"2021-08-11","'3131X6FX3'","MBS","UMBS MORTPASS 3% 01/26","15yr",,,,,"1311395.18",,,,,,""
"2021-08-11","'3133GBMQ4'","MBS","UMBS MORTPASS 2% 01/36","15yr",,,,,"1311371.5",,,,,,""
"2021-08-11","'3140QFSY6'","MBS","UMBS MORTPASS 2.5% 11/50","30yr",,,,,"1311244.22",,,,,,""
"2021-08-11","'3140QBZH4'","MBS","UMBS MORTPASS 3% 03/49","30yr",,,,,"1309988.16",,,,,,""
"2021-08-11","'3140JGW76'","MBS","UMBS MORTPASS 4.5% 09/48","30yr",,,,,"1309747.94",,,,,,""
"2021-08-11","'3140X4H58'","MBS","UMBS MORTPASS 2.5% 07/30","15yr",,,,,"1309733.74",,,,,,""
"2021-08-11","'3140K2NT7'","MBS","UMBS MORTPASS 2.5% 04/51","30yr",,,,,"1309593.48",,,,,,""
"2021-08-11","'3140X7Y78'","MBS","UMBS MORTPASS 2.5% 02/27","Other",,,,,"1309359.5",,,,,,""
"2021-08-11","'31329LE40'","MBS","UMBS MORTPASS 2.5% 09/27","15yr",,,,,"1309242.18",,,,,,""
"2021-08-11","'36180ULZ0'","MBS","GNMA I 3.5% 05/43","30yr",,,,,"1308844.43",,,,,,""
"2021-08-11","'3140HNS45'","MBS","UMBS MORTPASS 1.5% 11/50","30yr",,,,,"1308461.82",,,,,,""
"2021-08-11","'31418DNL2'","MBS","UMBS MORTPASS 2% 02/30","Other",,,,,"1308372.91",,,,,,""
"2021-08-11","'3140QC5G7'","MBS","UMBS MORTPASS 3.5% 07/48","30yr",,,,,"1308015.76",,,,,,""
"2021-08-11","'3133A46D3'","MBS","UMBS MORTPASS 3% 05/50","30yr",,,,,"1307931.99",,,,,,""
"2021-08-11","'3133GAWD4'","MBS","UMBS MORTPASS 1.5% 10/35","15yr",,,,,"1307760.86",,,,,,""
"2021-08-11","'3138YKV75'","MBS","UMBS MORTPASS 3% 05/45","30yr",,,,,"1307752.6",,,,,,""
"2021-08-11","'3133ANGZ1'","MBS","UMBS MORTPASS 2.5% 06/51","30yr",,,,,"1307706",,,,,,""
"2021-08-11","'31417GCV6'","MBS","UMBS MORTPASS 2.5% 04/23","Other",,,,,"1307140.33",,,,,,""
"2021-08-11","'31418BCE4'","MBS","UMBS MORTPASS 2.5% 04/24","Other",,,,,"1306854.42",,,,,,""
"2021-08-11","'3140KTY82'","MBS","UMBS MORTPASS 2.5% 11/50","30yr",,,,,"1305735.91",,,,,,""
"2021-08-11","'31329MFV7'","MBS","UMBS MORTPASS 2.5% 03/30","15yr",,,,,"1305568.94",,,,,,""
"2021-08-11","'3132JBH97'","MBS","FHLMCGLD 3.5% 07/43","30yr",,,,,"1305520.33",,,,,,""
"2021-08-11","'312944M32'","MBS","FHLMCGLD 3.5% 12/40","30yr",,,,,"1305418.07",,,,,,""
"2021-08-11","'3140HNXY3'","MBS","UMBS MORTPASS 4% 08/48","30yr",,,,,"1305138.92",,,,,,""
"2021-08-11","'3138WHMS8'","MBS","UMBS MORTPASS 4.5% 07/46","30yr",,,,,"1304935.21",,,,,,""
"2021-08-11","'3140KRFF1'","MBS","UMBS MORTPASS 2% 10/50","30yr",,,,,"1304622.77",,,,,,""
"2021-08-11","'3140L5X76'","MBS","UMBS MORTPASS 2% 04/51","30yr",,,,,"1304321.48",,,,,,""
"2021-08-11","'3138E2HN8'","MBS","UMBS MORTPASS 3% 02/27","15yr",,,,,"1304274.79",,,,,,""
"2021-08-11","'3138M8HE6'","MBS","UMBS MORTPASS 3% 08/27","15yr",,,,,"1304101.66",,,,,,""
"2021-08-11","'3131Y3DG8'","MBS","UMBS MORTPASS 4.5% 09/48","30yr",,,,,"1303878.84",,,,,,""
"2021-08-11","'3140L6EH3'","MBS","UMBS MORTPASS 2% 04/51","30yr",,,,,"1303589.28",,,,,,""
"2021-08-11","'31307WCY8'","MBS","FHLMCGLD 3% 06/33","15yr",,,,,"1302984.96",,,,,,""
"2021-08-11","'3140HGGN1'","MBS","UMBS MORTPASS 2.5% 08/45","30yr",,,,,"1302789.66",,,,,,""
"2021-08-11","'3138YR6T0'","MBS","UMBS MORTPASS 2.5% 07/30","15yr",,,,,"1302618.9",,,,,,""
"2021-08-11","'3132HRHM5'","MBS","FHLMCGLD 3% 01/43","30yr",,,,,"1302431.18",,,,,,""
"2021-08-11","'3138XHUA7'","MBS","UMBS MORTPASS 4% 12/43","30yr",,,,,"1302218.43",,,,,,""
"2021-08-11","'3140QAVA5'","MBS","UMBS MORTPASS 3.5% 04/49","30yr",,,,,"1302074.51",,,,,,""
"2021-08-11","'3140JUK45'","MBS","UMBS MORTPASS 4% 05/49","30yr",,,,,"1301712.97",,,,,,""
"2021-08-11","'31412RLR6'","MBS","UMBS MORTPASS 3% 12/25","15yr",,,,,"1301332.72",,,,,,""
"2021-08-11","'3138MNXU9'","MBS","UMBS MORTPASS 2.5% 11/27","15yr",,,,,"1300981.02",,,,,,""
"2021-08-11","'31334W3B5'","MBS","UMBS MORTPASS 3% 07/49","30yr",,,,,"1300178.01",,,,,,""
"2021-08-11","'3140L8QK9'","MBS","UMBS MORTPASS 2% 05/51","30yr",,,,,"1300168.28",,,,,,""
"2021-08-11","'3133A36A1'","MBS","UMBS MORTPASS 3% 04/50","30yr",,,,,"1300160.11",,,,,,""
"2021-08-11","'3140FEGF5'","MBS","UMBS MORTPASS 2.5% 09/31","15yr",,,,,"1299714.21",,,,,,""
"2021-08-11","'31307UWX2'","MBS","FHLMCGLD 2.5% 10/32","15yr",,,,,"1299682.82",,,,,,""
"2021-08-11","'3140JY2R6'","MBS","UMBS MORTPASS 3% 10/49","30yr",,,,,"1299669.56",,,,,,""
"2021-08-11","'3140H9UX9'","MBS","UMBS MORTPASS 3.5% 05/49","30yr",,,,,"1299154.55",,,,,,""
"2021-08-11","'3138WJRT7'","MBS","UMBS MORTPASS 2.5% 01/32","15yr",,,,,"1298930.74",,,,,,""
"2021-08-11","'3140KAZN9'","MBS","UMBS MORTPASS 2.5% 05/46","30yr",,,,,"1298869.91",,,,,,""
"2021-08-11","'3138WCPJ6'","MBS","UMBS MORTPASS 3% 08/29","15yr",,,,,"1298421.9",,,,,,""
"2021-08-11","'31417EGZ8'","MBS","UMBS MORTPASS 2.5% 12/27","15yr",,,,,"1297990.9",,,,,,""
"2021-08-11","'31418CTF1'","MBS","UMBS MORTPASS 2.5% 01/28","Other",,,,,"1296769.95",,,,,,""
"2021-08-11","'3140JKX68'","MBS","UMBS MORTPASS 4% 12/48","30yr",,,,,"1296009.24",,,,,,""
"2021-08-11","'31417GWJ1'","MBS","UMBS MORTPASS 2.5% 06/28","15yr",,,,,"1295598.8",,,,,,""
"2021-08-11","'3140K2NF7'","MBS","UMBS MORTPASS 2.5% 04/51","30yr",,,,,"1295432.09",,,,,,""
"2021-08-11","'3140GW6G3'","MBS","UMBS MORTPASS 3% 08/32","15yr",,,,,"1295311.36",,,,,,""
"2021-08-11","'3133GB2U7'","MBS","UMBS MORTPASS 2% 01/36","15yr",,,,,"1295294.01",,,,,,""
"2021-08-11","'3140KYWD2'","MBS","UMBS MORTPASS 2% 01/51","30yr",,,,,"1295193.7",,,,,,""
"2021-08-11","'3140JUAM6'","MBS","UMBS MORTPASS 3% 08/49","30yr",,,,,"1295028.46",,,,,,""
"2021-08-11","'3132A9RA7'","MBS","UMBS MORTPASS 2.5% 09/30","15yr",,,,,"1294896.81",,,,,,""
"2021-08-11","'3140L5UW4'","MBS","UMBS MORTPASS 2% 04/51","30yr",,,,,"1294746.93",,,,,,""
"2021-08-11","'3138MQP49'","MBS","UMBS MORTPASS 2.5% 12/42","30yr",,,,,"1294662.27",,,,,,""
"2021-08-11","'3133AMYS9'","MBS","UMBS MORTPASS 2.5% 06/51","30yr",,,,,"1294409.93",,,,,,""
"2021-08-11","'3128M8QP2'","MBS","FHLMCGLD 6.5% 12/38","30yr",,,,,"1294388.72",,,,,,"Y"
"2021-08-11","'3138W7TX2'","MBS","UMBS MORTPASS 2.5% 03/28","15yr",,,,,"1294030.18",,,,,,""
"2021-08-11","'31418C5C4'","MBS","UMBS MORTPASS 3.5% 12/28","Other",,,,,"1293572.3",,,,,,""
"2021-08-11","'3138M7B38'","MBS","UMBS MORTPASS 2.5% 10/27","15yr",,,,,"1293514.87",,,,,,""
"2021-08-11","'3133AKH29'","MBS","UMBS MORTPASS 2.5% 04/51","30yr",,,,,"1293239.91",,,,,,""
"2021-08-11","'3140KDCL2'","MBS","UMBS MORTPASS 2.5% 06/50","30yr",,,,,"1293028.31",,,,,,""
"2021-08-11","'31413RLC8'","MBS","UMBS MORTPASS 3.5% 06/39","30yr",,,,,"1292955.19",,,,,,""
"2021-08-11","'3140K9RP6'","MBS","UMBS MORTPASS 3% 02/50","30yr",,,,,"1292745.95",,,,,,""
"2021-08-11","'3140H8KK0'","MBS","UMBS MORTPASS 3% 01/48","30yr",,,,,"1292711.35",,,,,,""
"2021-08-11","'31307RXD2'","MBS","FHLMCGLD 2.5% 09/31","15yr",,,,,"1292234.73",,,,,,""
"2021-08-11","'3140Q8M93'","MBS","UMBS MORTPASS 3.5% 02/33","15yr",,,,,"1291975.91",,,,,,""
"2021-08-11","'3140K7GR8'","MBS","UMBS MORTPASS 2.5% 01/50","30yr",,,,,"1291644.76",,,,,,""
"2021-08-11","'3140LTUK8'","MBS","UMBS MORTPASS 1.5% 06/36","15yr",,,,,"1291194.19",,,,,,""
"2021-08-11","'3133AGLP2'","MBS","UMBS MORTPASS 1.5% 02/51","30yr",,,,,"1291069.06",,,,,,""
"2021-08-11","'3133AKPW4'","MBS","UMBS MORTPASS 2.5% 04/51","30yr",,,,,"1290943.89",,,,,,""
"2021-08-11","'3140LSTH9'","MBS","UMBS MORTPASS 2.5% 05/51","30yr",,,,,"1290721.46",,,,,,""
"2021-08-11","'3133A1FV9'","MBS","UMBS MORTPASS 3% 01/50","30yr",,,,,"1290552.12",,,,,,""
"2021-08-11","'3140L8AV2'","MBS","UMBS MORTPASS 2% 05/51","30yr",,,,,"1290214.4",,,,,,""
"2021-08-11","'31418AWC8'","MBS","UMBS MORTPASS 2% 08/28","15yr",,,,,"1289444.86",,,,,,""
"2021-08-11","'3138WFAJ5'","MBS","UMBS MORTPASS 2.5% 07/30","15yr",,,,,"1289319.12",,,,,,""
"2021-08-11","'31417AMT3'","MBS","UMBS MORTPASS 3% 12/26","15yr",,,,,"1289085.49",,,,,,""
"2021-08-11","'3132A8NX3'","MBS","UMBS MORTPASS 3% 12/26","Other",,,,,"1288642.07",,,,,,""
"2021-08-11","'3131X7DX3'","MBS","UMBS MORTPASS 3% 12/26","15yr",,,,,"1288449.67",,,,,,""
"2021-08-11","'3133GCFS6'","MBS","UMBS MORTPASS 2% 02/36","15yr",,,,,"1288449.55",,,,,,""
"2021-08-11","'3133AB3F5'","MBS","UMBS MORTPASS 2% 11/50","30yr",,,,,"1287766.64",,,,,,""
"2021-08-11","'31307U4Y1'","MBS","FHLMCGLD 3% 12/32","15yr",,,,,"1287569.47",,,,,,""
"2021-08-11","'3140LVCE7'","MBS","UMBS MORTPASS 1.5% 07/36","15yr",,,,,"1287131",,,,,,""
"2021-08-11","'3133ALBE7'","MBS","UMBS MORTPASS 2% 05/46","30yr",,,,,"1287059.54",,,,,,""
"2021-08-11","'3133A1DG4'","MBS","UMBS MORTPASS 4.5% 12/49","30yr",,,,,"1286853",,,,,,""
"2021-08-11","'3140L22E2'","MBS","UMBS MORTPASS 1.5% 02/36","15yr",,,,,"1286705.76",,,,,,""
"2021-08-11","'36295VME6'","MBS","GNMA I 4.5% 09/39","30yr",,,,,"1286587.6",,,,,,""
"2021-08-11","'3133KHLW4'","MBS","UMBS MORTPASS 4% 02/50","30yr",,,,,"1286559.75",,,,,,""
"2021-08-11","'3140HFTH2'","MBS","UMBS MORTPASS 3% 04/50","30yr",,,,,"1286344.91",,,,,,""
"2021-08-11","'3140J92W0'","MBS","UMBS MORTPASS 3.5% 01/34","15yr",,,,,"1285820.76",,,,,,""
"2021-08-11","'31307UQR2'","MBS","FHLMCGLD 3.5% 09/32","15yr",,,,,"1285807.75",,,,,,""
"2021-08-11","'3140JGV69'","MBS","UMBS MORTPASS 4% 09/48","30yr",,,,,"1285796.47",,,,,,""
"2021-08-11","'3140HDAA2'","MBS","UMBS MORTPASS 2.5% 02/33","15yr",,,,,"1285766.29",,,,,,""
"2021-08-11","'36296JPT6'","MBS","GNMA I MORTPASS 5% 06/39","30yr",,,,,"1285232.65",,,,,,""
"2021-08-11","'3133A1JG8'","MBS","UMBS 3.0%","30yr",,,,,"1285124.35",,,,,,""
"2021-08-11","'3133AKHV5'","MBS","UMBS MORTPASS 2% 04/51","30yr",,,,,"1284626.84",,,,,,""
"2021-08-11","'3133AMAF3'","MBS","UMBS MORTPASS 2.5% 05/51","30yr",,,,,"1284351.28",,,,,,""
"2021-08-11","'3133AEAT1'","MBS","UMBS MORTPASS 2% 11/50","30yr",,,,,"1284256.99",,,,,,""
"2021-08-11","'3140FHX85'","MBS","UMBS MORTPASS 3% 12/46","30yr",,,,,"1284079.74",,,,,,""
"2021-08-11","'3133AE2C7'","MBS","UMBS MORTPASS 2% 12/50","30yr",,,,,"1283752.54",,,,,,""
"2021-08-11","'3138YNGF8'","MBS","UMBS MORTPASS 2.5% 04/30","15yr",,,,,"1282480.57",,,,,,""
"2021-08-11","'3140L7A44'","MBS","UMBS MORTPASS 2% 04/51","30yr",,,,,"1282323.87",,,,,,""
"2021-08-11","'31307VWF9'","MBS","FHLMCGLD 3.5% 03/33","15yr",,,,,"1282251.81",,,,,,""
"2021-08-11","'3138ETEP7'","MBS","UMBS MORTPASS 3% 11/29","15yr",,,,,"1282011.92",,,,,,""
"2021-08-11","'31417FZM3'","MBS","UMBS MORTPASS 2% 04/23","Other",,,,,"1281705.12",,,,,,""
"2021-08-11","'3138E5J90'","MBS","UMBS MORTPASS 4% 01/42","30yr",,,,,"1281070.76",,,,,,""
"2021-08-11","'3133A3QD3'","MBS","UMBS MORTPASS 3% 04/50","30yr",,,,,"1280792.89",,,,,,""
"2021-08-11","'3133KJ3W0'","MBS","UMBS MORTPASS 2.5% 09/50","30yr",,,,,"1280692.09",,,,,,""
"2021-08-11","'3140LPRG9'","MBS","UMBS MORTPASS 2% 05/51","30yr",,,,,"1280404.86",,,,,,""
"2021-08-11","'3138YVHE2'","MBS","UMBS MORTPASS 3% 06/45","30yr",,,,,"1280003",,,,,,""
"2021-08-11","'3140KHHT1'","MBS","UMBS MORTPASS 2.5% 07/50","30yr",,,,,"1278432.2",,,,,,""
"2021-08-11","'3140K9PX1'","MBS","UMBS MORTPASS 2.5% 03/50","30yr",,,,,"1278410.15",,,,,,""
"2021-08-11","'3140L83Z1'","MBS","UMBS MORTPASS 2% 04/51","30yr",,,,,"1278404.46",,,,,,""
"2021-08-11","'3133AFLC3'","MBS","UMBS MORTPASS 2% 01/51","30yr",,,,,"1277955.97",,,,,,""
"2021-08-11","'3133GBBT0'","MBS","UMBS MORTPASS 1.5% 11/35","15yr",,,,,"1277852.93",,,,,,""
"2021-08-11","'36295R4J4'","MBS","GNMA I 4.5% 03/39","30yr",,,,,"1277672.42",,,,,,""
"2021-08-11","'3140F87J0'","MBS","UMBS MORTPASS 2.5% 07/31","15yr",,,,,"1277066.38",,,,,,""
"2021-08-11","'3140L54E3'","MBS","UMBS MORTPASS 2.5% 04/51","30yr",,,,,"1276638.22",,,,,,""
"2021-08-11","'3138YV3D9'","MBS","UMBS MORTPASS 3% 07/30","15yr",,,,,"1276280.97",,,,,,""
"2021-08-11","'3133GBTS3'","MBS","UMBS MORTPASS 1.5% 01/36","15yr",,,,,"1276169.19",,,,,,""
"2021-08-11","'3140L3G88'","MBS","UMBS MORTPASS 2% 03/51","30yr",,,,,"1275462.42",,,,,,""
"2021-08-11","'3140LPJA1'","MBS","UMBS MORTPASS 1.5% 06/36","15yr",,,,,"1275119.54",,,,,,""
"2021-08-11","'31329QH53'","MBS","UMBS MORTPASS 4.5% 04/49","30yr",,,,,"1274430.83",,,,,,""
"2021-08-11","'3133A4HX7'","MBS","UMBS MORTPASS 3% 05/50","30yr",,,,,"1274279.13",,,,,,""
"2021-08-11","'3140K5Z59'","MBS","UMBS MORTPASS 3% 02/50","30yr",,,,,"1273746.7",,,,,,""
"2021-08-11","'3138EGDM3'","MBS","UMBS MORTPASS 5.5% 01/34","30yr",,,,,"1273716.47",,,,,,"Y"
"2021-08-11","'3138ELGL1'","MBS","UMBS MORTPASS 3% 02/28","15yr",,,,,"1273574.29",,,,,,""
"2021-08-11","'31307GHB8'","MBS","FHLMCGLD 3% 02/29","15yr",,,,,"1273394.62",,,,,,""
"2021-08-11","'3620A2Y59'","MBS","GNMA I 4.5% 06/39","30yr",,,,,"1273179.42",,,,,,""
"2021-08-11","'31416Y3T3'","MBS","UMBS MORTPASS 4% 09/41","30yr",,,,,"1272942.85",,,,,,""
"2021-08-11","'3138MLVK7'","MBS","UMBS MORTPASS 2.5% 11/27","15yr",,,,,"1272599.01",,,,,,""
"2021-08-11","'3138AXFW6'","MBS","UMBS MORTPASS 3% 01/27","15yr",,,,,"1272471.34",,,,,,""
"2021-08-11","'3140GTEP1'","MBS","UMBS MORTPASS 4.5% 06/47","30yr",,,,,"1272056.94",,,,,,""
"2021-08-11","'3140LNNM5'","MBS","UMBS MORTPASS 2% 05/51","30yr",,,,,"1271710.13",,,,,,""
"2021-08-11","'31418BMZ6'","MBS","UMBS MORTPASS 2% 02/25","Other",,,,,"1271628.21",,,,,,""
"2021-08-11","'3620AEVN7'","MBS","GNMA I 3.5% 11/40","30yr",,,,,"1271486.21",,,,,,""
"2021-08-11","'3140HPH34'","MBS","UMBS MORTPASS 3.5% 08/48","30yr",,,,,"1271018.55",,,,,,""
"2021-08-11","'3140K3XT4'","MBS","UMBS MORTPASS 3% 11/49","30yr",,,,,"1270837.99",,,,,,""
"2021-08-11","'3140X7NF2'","MBS","UMBS MORTPASS 2.5% 08/50","30yr",,,,,"1270796.67",,,,,,""
"2021-08-11","'3128MMY64'","MBS","FHLMCGLD 3% 05/34","15yr",,,,,"1270698.26",,,,,,""
"2021-08-11","'3140JRNK3'","MBS","UMBS MORTPASS 3.5% 04/49","30yr",,,,,"1270443.84",,,,,,""
"2021-08-11","'3140KYJY1'","MBS","UMBS MORTPASS 2% 01/36","15yr",,,,,"1269796.66",,,,,,""
"2021-08-11","'3140HJTG6'","MBS","UMBS MORTPASS 3.5% 05/48","30yr",,,,,"1269634.33",,,,,,""
"2021-08-11","'3140L1SG1'","MBS","UMBS MORTPASS 2.5% 01/51","30yr",,,,,"1269305.98",,,,,,""
"2021-08-11","'3138EDQA2'","MBS","UMBS MORTPASS 3% 04/27","15yr",,,,,"1269287.43",,,,,,""
"2021-08-11","'3140HKCK2'","MBS","UMBS MORTPASS 3.5% 06/33","15yr",,,,,"1269000.75",,,,,,""
"2021-08-11","'31418CHA5'","MBS","UMBS MORTPASS 2.5% 03/27","Other",,,,,"1268780.17",,,,,,""
"2021-08-11","'3138MBRD0'","MBS","UMBS MORTPASS 2.5% 09/42","30yr",,,,,"1268231.74",,,,,,""
"2021-08-11","'3132J9GQ5'","MBS","FHLMCGLD 3% 05/43","30yr",,,,,"1268095.77",,,,,,""
"2021-08-11","'3140KKLM4'","MBS","UMBS MORTPASS 2% 07/50","30yr",,,,,"1268072.5",,,,,,""
"2021-08-11","'31346YNK5'","MBS","UMBS MORTPASS 2.5% 10/49","30yr",,,,,"1267823.24",,,,,,""
"2021-08-11","'31307SBF9'","MBS","FHLMCGLD 2.5% 10/31","15yr",,,,,"1267675.12",,,,,,""
"2021-08-11","'3132M4LW3'","MBS","FHLMCGLD 3.5% 01/44","30yr",,,,,"1267496.04",,,,,,""
"2021-08-11","'3140GY7L7'","MBS","UMBS MORTPASS 3% 06/32","15yr",,,,,"1267242.5",,,,,,""
"2021-08-11","'3140K2VN1'","MBS","UMBS MORTPASS 3% 10/34","15yr",,,,,"1266681.82",,,,,,""
"2021-08-11","'3140KYVF8'","MBS","UMBS MORTPASS 1.5% 01/51","30yr",,,,,"1265920.88",,,,,,""
"2021-08-11","'3131YBTL2'","MBS","UMBS MORTPASS 3% 04/49","30yr",,,,,"1265537.98",,,,,,""
"2021-08-11","'31307VAJ5'","MBS","FHLMCGLD 3% 12/32","15yr",,,,,"1265151.99",,,,,,""
"2021-08-11","'3138ELKQ5'","MBS","UMBS MORTPASS 3% 08/23","Other",,,,,"1265111",,,,,,""
"2021-08-11","'3140L8F88'","MBS","UMBS MORTPASS 1.5% 04/51","30yr",,,,,"1264876.34",,,,,,""
"2021-08-11","'3140E1RR6'","MBS","UMBS MORTPASS 2.5% 08/30","15yr",,,,,"1264430.71",,,,,,""
"2021-08-11","'3131X8NJ1'","MBS","UMBS MORTPASS 2% 01/28","15yr",,,,,"1264109.63",,,,,,""
"2021-08-11","'3131Y9ES8'","MBS","UMBS MORTPASS 3.5% 01/49","30yr",,,,,"1263763.73",,,,,,""
"2021-08-11","'31417GNL6'","MBS","UMBS MORTPASS 2.5% 05/23","Other",,,,,"1263570.25",,,,,,""
"2021-08-11","'3138EP3R3'","MBS","UMBS MORTPASS 2.5% 11/24","Other",,,,,"1263534.03",,,,,,""
"2021-08-11","'3140K6CG8'","MBS","UMBS MORTPASS 2% 01/32","15yr",,,,,"1263521.6",,,,,,""
"2021-08-11","'3140JWEH9'","MBS","UMBS MORTPASS 3% 09/34","15yr",,,,,"1263320.52",,,,,,""
"2021-08-11","'3133KG3M8'","MBS","UMBS MORTPASS 2.5% 10/49","30yr",,,,,"1263285.63",,,,,,""
"2021-08-11","'3140L76Y3'","MBS","UMBS MORTPASS 2.5% 03/51","30yr",,,,,"1263241.34",,,,,,""
"2021-08-11","'3140JGAN5'","MBS","UMBS MORTPASS 4.5% 08/48","30yr",,,,,"1263029.07",,,,,,""
"2021-08-11","'3138LR4M1'","MBS","UMBS MORTPASS 3% 05/27","15yr",,,,,"1262947.71",,,,,,""
"2021-08-11","'36177L2J2'","MBS","GNMA I 3.5% 12/41","30yr",,,,,"1262400.61",,,,,,""
"2021-08-11","'3138LYVG9'","MBS","UMBS MORTPASS 3% 06/27","15yr",,,,,"1262308.74",,,,,,""
"2021-08-11","'31307WB94'","MBS","FHLMCGLD 3.5% 05/33","15yr",,,,,"1261719.95",,,,,,""
"2021-08-11","'3140L0VT1'","MBS","UMBS MORTPASS 1.5% 01/51","30yr",,,,,"1261567.69",,,,,,""
"2021-08-11","'3132A7UJ8'","MBS","UMBS MORTPASS 2.5% 01/24","Other",,,,,"1261499.99",,,,,,""
"2021-08-11","'3133GCED0'","MBS","UMBS MORTPASS 1.5% 03/36","15yr",,,,,"1261278.3",,,,,,""
"2021-08-11","'3140KC3P5'","MBS","UMBS MORTPASS 3% 04/50","30yr",,,,,"1261272.63",,,,,,""
"2021-08-11","'3131X7BK3'","MBS","UMBS MORTPASS 3% 11/26","15yr",,,,,"1260961.52",,,,,,""
"2021-08-11","'3132AAMK7'","MBS","UMBS MORTPASS 4% 08/38","Other",,,,,"1260953.95",,,,,,""
"2021-08-11","'31329QHT1'","MBS","UMBS MORTPASS 4.5% 03/49","30yr",,,,,"1260855.79",,,,,,""
"2021-08-11","'3133A1SR4'","MBS","UMBS MORTPASS 3% 02/50","30yr",,,,,"1260188.42",,,,,,""
"2021-08-11","'3138LSX96'","MBS","UMBS MORTPASS 3% 05/27","15yr",,,,,"1259963.87",,,,,,""
"2021-08-11","'3132A8JV2'","MBS","UMBS MORTPASS 3% 08/26","Other",,,,,"1259731.84",,,,,,""
"2021-08-11","'3133GA5M4'","MBS","UMBS MORTPASS 2% 12/35","15yr",,,,,"1259028.09",,,,,,""
"2021-08-11","'3140LSPM2'","MBS","UMBS MORTPASS 2.5% 06/51","30yr",,,,,"1258599.84",,,,,,""
"2021-08-11","'3140K8M24'","MBS","UMBS MORTPASS 3% 01/50","30yr",,,,,"1258485.54",,,,,,""
"2021-08-11","'36178D7F2'","MBS","GNMA I MORTPASS 3% 04/43","30yr",,,,,"1258282.36",,,,,,""
"2021-08-11","'3131X7XE3'","MBS","UMBS MORTPASS 3% 07/27","15yr",,,,,"1258269.5",,,,,,""
"2021-08-11","'3133AGLR8'","MBS","UMBS MORTPASS 1.5% 03/51","30yr",,,,,"1257782.21",,,,,,""
"2021-08-11","'36297HZK7'","MBS","GNMA I MORTPASS 5% 05/39","30yr",,,,,"1257582.73",,,,,,""
"2021-08-11","'3138WD6X4'","MBS","UMBS MORTPASS 2.5% 02/30","15yr",,,,,"1257520.89",,,,,,""
"2021-08-11","'31339SLE3'","MBS","UMBS MORTPASS 2.5% 09/49","30yr",,,,,"1255305.78",,,,,,""
"2021-08-11","'31329KYJ7'","MBS","UMBS MORTPASS 3% 06/38","Other",,,,,"1255232.16",,,,,,""
"2021-08-11","'31346YCS0'","MBS","UMBS MORTPASS 2.5% 11/49","30yr",,,,,"1255189.37",,,,,,""
"2021-08-11","'3138E1PY7'","MBS","UMBS MORTPASS 3% 01/27","15yr",,,,,"1255026.83",,,,,,""
"2021-08-11","'31329QDF5'","MBS","UMBS MORTPASS 3.5% 03/39","Other",,,,,"1254647.92",,,,,,""
"2021-08-11","'31307M2G0'","MBS","FHLMCGLD 3% 05/30","15yr",,,,,"1254261.2",,,,,,""
"2021-08-11","'3140KCV82'","MBS","UMBS MORTPASS 2% 01/51","30yr",,,,,"1254101.86",,,,,,""
"2021-08-11","'3138YJJP2'","MBS","UMBS MORTPASS 3% 02/30","15yr",,,,,"1253730.55",,,,,,""
"2021-08-11","'31418AGL6'","MBS","UMBS MORTPASS 3% 07/27","15yr",,,,,"1253662.77",,,,,,""
"2021-08-11","'3140E6HR6'","MBS","UMBS MORTPASS 3.5% 03/46","30yr",,,,,"1253639.58",,,,,,""
"2021-08-11","'3140LSPN0'","MBS","UMBS MORTPASS 2% 06/51","30yr",,,,,"1253248.05",,,,,,""
"2021-08-11","'36294UWQ1'","MBS","GNMA I MORTPASS 3% 09/42","30yr",,,,,"1253212.7",,,,,,""
"2021-08-11","'3140H5NX5'","MBS","UMBS MORTPASS 3.5% 02/48","30yr",,,,,"1253184.76",,,,,,""
"2021-08-11","'3140H8TK1'","MBS","UMBS MORTPASS 3% 05/33","15yr",,,,,"1252472.42",,,,,,""
"2021-08-11","'3140X5FF5'","MBS","UMBS MORTPASS 2% 02/32","15yr",,,,,"1251927.46",,,,,,""
"2021-08-11","'3131YDLM4'","MBS","UMBS MORTPASS 4% 06/49","30yr",,,,,"1251725.4",,,,,,""
"2021-08-11","'31307U4G0'","MBS","FHLMCGLD 3.5% 11/32","15yr",,,,,"1251688.46",,,,,,""
"2021-08-11","'36297JXW9'","MBS","GNMA I MORTPASS 4% 07/39","30yr",,,,,"1251374.6",,,,,,""
"2021-08-11","'3140HFUS6'","MBS","UMBS MORTPASS 2.5% 05/50","30yr",,,,,"1251299.63",,,,,,""
"2021-08-11","'3133AJDN0'","MBS","UMBS MORTPASS 1.5% 03/51","30yr",,,,,"1250990.63",,,,,,""
"2021-08-11","'36180KGH8'","MBS","GNMA I MORTPASS 3% 04/43","30yr",,,,,"1250649.84",,,,,,""
"2021-08-11","'3140KCV66'","MBS","UMBS MORTPASS 2.5% 09/50","30yr",,,,,"1250547.5",,,,,,""
"2021-08-11","'3140HEYX4'","MBS","UMBS MORTPASS 3.5% 02/48","30yr",,,,,"1250159.26",,,,,,""
"2021-08-11","'3131YBJ74'","MBS","UMBS MORTPASS 3.5% 04/49","30yr",,,,,"1250124.23",,,,,,""
"2021-08-11","'3140H8W68'","MBS","UMBS MORTPASS 4% 06/48","30yr",,,,,"1249798.1",,,,,,""
"2021-08-11","'3140H76A0'","MBS","UMBS MORTPASS 4% 07/49","30yr",,,,,"1249356.57",,,,,,""
"2021-08-11","'3133KLB30'","MBS","UMBS MORTPASS 2% 02/51","30yr",,,,,"1249044.49",,,,,,""
"2021-08-11","'31307PMU0'","MBS","FHLMCGLD 2.5% 10/30","15yr",,,,,"1249027.46",,,,,,""
"2021-08-11","'3132A9RH2'","MBS","UMBS MORTPASS 3% 11/30","15yr",,,,,"1248969.63",,,,,,""
"2021-08-11","'31418DE81'","MBS","UMBS MORTPASS 2.5% 08/49","30yr",,,,,"1248851.7",,,,,,""
"2021-08-11","'3140JGVQ5'","MBS","UMBS MORTPASS 4.5% 01/49","30yr",,,,,"1248427.53",,,,,,""
"2021-08-11","'3140JSDC0'","MBS","UMBS MORTPASS 1.5% 03/36","15yr",,,,,"1248026.36",,,,,,""
"2021-08-11","'3131YCWN2'","MBS","UMBS MORTPASS 4% 05/49","30yr",,,,,"1247547.56",,,,,,""
"2021-08-11","'3133A4ZC3'","MBS","UMBS MORTPASS 2.5% 05/50","30yr",,,,,"1247540.19",,,,,,""
"2021-08-11","'3138XBJ47'","MBS","UMBS MORTPASS 3% 11/28","15yr",,,,,"1247438.93",,,,,,""
"2021-08-11","'3133HMBQ1'","MBS","UMBS MORTPASS 2.5% 12/29","Other",,,,,"1247326.13",,,,,,""
"2021-08-11","'3140KACR5'","MBS","UMBS MORTPASS 2.5% 05/30","Other",,,,,"1246825.36",,,,,,""
"2021-08-11","'3138ENHN2'","MBS","UMBS MORTPASS 2.5% 03/29","15yr",,,,,"1246698.1",,,,,,""
"2021-08-11","'31346YTU7'","MBS","UMBS MORTPASS 2.5% 10/49","30yr",,,,,"1246670.87",,,,,,""
"2021-08-11","'3133AKXM7'","MBS","UMBS MORTPASS 1.5% 04/51","30yr",,,,,"1246584.81",,,,,,""
"2021-08-11","'3138WJC71'","MBS","UMBS MORTPASS 2.5% 10/31","15yr",,,,,"1246085.01",,,,,,""
"2021-08-11","'3131X8ZU3'","MBS","UMBS MORTPASS 2.5% 04/28","15yr",,,,,"1245897.69",,,,,,""
"2021-08-11","'31417GG83'","MBS","UMBS MORTPASS 3% 05/28","15yr",,,,,"1245769.25",,,,,,""
"2021-08-11","'36179KXF6'","MBS","GNMA I 3.5% 07/43","30yr",,,,,"1245722.36",,,,,,""
"2021-08-11","'3132MAQG9'","MBS","FHLMCGLD 3.5% 11/44","30yr",,,,,"1245218.72",,,,,,""
"2021-08-11","'3140K3PD8'","MBS","UMBS MORTPASS 3% 02/50","30yr",,,,,"1244771.21",,,,,,""
"2021-08-11","'3140X44X1'","MBS","UMBS MORTPASS 3% 10/49","30yr",,,,,"1244079.51",,,,,,""
"2021-08-11","'3138XEHA9'","MBS","UMBS MORTPASS 3% 12/28","15yr",,,,,"1244067.16",,,,,,""
"2021-08-11","'3140LNK89'","MBS","UMBS MORTPASS 2% 04/51","30yr",,,,,"1243949.21",,,,,,""
"2021-08-11","'3140JYNQ5'","MBS","UMBS MORTPASS 3.5% 08/49","30yr",,,,,"1243920.42",,,,,,""
"2021-08-11","'3140L6TD6'","MBS","UMBS MORTPASS 2% 02/51","30yr",,,,,"1243770.71",,,,,,""
"2021-08-11","'3140E2XG1'","MBS","UMBS MORTPASS 3% 10/30","15yr",,,,,"1243225.87",,,,,,""
"2021-08-11","'31307SBE2'","MBS","FHLMCGLD 2.5% 10/31","15yr",,,,,"1242384.29",,,,,,""
"2021-08-11","'3140KRJS9'","MBS","UMBS MORTPASS 2% 11/35","15yr",,,,,"1241775.49",,,,,,""
"2021-08-11","'3131X74P0'","MBS","UMBS MORTPASS 3% 09/27","15yr",,,,,"1241104.15",,,,,,""
"2021-08-11","'3133D3DR3'","MBS","UMBS MORTPASS 3% 11/39","Other",,,,,"1240850.14",,,,,,""
"2021-08-11","'3138MGKU8'","MBS","UMBS MORTPASS 2.5% 11/27","15yr",,,,,"1240380.2",,,,,,""
"2021-08-11","'3133KHC53'","MBS","UMBS MORTPASS 3% 12/49","30yr",,,,,"1240296.28",,,,,,""
"2021-08-11","'3133A4G75'","MBS","UMBS MORTPASS 3% 04/50","30yr",,,,,"1239616.73",,,,,,""
"2021-08-11","'3140KX5J1'","MBS","UMBS MORTPASS 2% 02/51","30yr",,,,,"1239302.1",,,,,,""
"2021-08-11","'3138E2MA0'","MBS","UMBS MORTPASS 3% 01/27","15yr",,,,,"1239292.4",,,,,,""
"2021-08-11","'3132A7HQ7'","MBS","UMBS MORTPASS 2.5% 07/27","15yr",,,,,"1238954.43",,,,,,""
"2021-08-11","'36177TM20'","MBS","GNMA I MORTPASS 3% 10/42","30yr",,,,,"1238929.53",,,,,,""
"2021-08-11","'3133GCUP5'","MBS","UMBS MORTPASS 1.5% 04/36","15yr",,,,,"1238822.25",,,,,,""
"2021-08-11","'3140KGWY5'","MBS","UMBS MORTPASS 2.5% 07/50","30yr",,,,,"1238368.78",,,,,,""
"2021-08-11","'3138WHSA1'","MBS","UMBS MORTPASS 3% 08/31","15yr",,,,,"1238095.88",,,,,,""
"2021-08-11","'3140KUFP2'","MBS","UMBS MORTPASS 1.5% 11/50","30yr",,,,,"1238031.46",,,,,,""
"2021-08-11","'31417BSL2'","MBS","UMBS MORTPASS 2.5% 03/42","30yr",,,,,"1238014.64",,,,,,""
"2021-08-11","'3132A9QS9'","MBS","UMBS MORTPASS 3% 05/30","15yr",,,,,"1238013.23",,,,,,""
"2021-08-11","'31307WDJ0'","MBS","FHLMCGLD 3.5% 06/33","15yr",,,,,"1237296.09",,,,,,""
"2021-08-11","'3138YF2R4'","MBS","UMBS MORTPASS 3% 02/45","30yr",,,,,"1237216.4",,,,,,""
"2021-08-11","'3140JXKP2'","MBS","UMBS MORTPASS 3.5% 09/49","30yr",,,,,"1237138.48",,,,,,""
"2021-08-11","'3138W9GF1'","MBS","UMBS MORTPASS 3% 08/28","15yr",,,,,"1237131.46",,,,,,""
"2021-08-11","'3131Y1QU7'","MBS","UMBS MORTPASS 4.5% 06/48","30yr",,,,,"1236887.29",,,,,,""
"2021-08-11","'3132L5L76'","MBS","FHLMCGLD 4% 08/43","30yr",,,,,"1236746.94",,,,,,""
"2021-08-11","'31418AT57'","MBS","UMBS MORTPASS 2.5% 06/33","Other",,,,,"1235347.04",,,,,,""
"2021-08-11","'3138ERAX8'","MBS","UMBS MORTPASS 2% 08/30","15yr",,,,,"1235334.34",,,,,,""
"2021-08-11","'3138WHJX1'","MBS","UMBS MORTPASS 2% 07/31","15yr",,,,,"1235090.64",,,,,,""
"2021-08-11","'3138M6YL5'","MBS","UMBS MORTPASS 2.5% 08/27","15yr",,,,,"1234847.72",,,,,,""
"2021-08-11","'3140KCDE9'","MBS","UMBS MORTPASS 2.5% 04/50","30yr",,,,,"1234004.26",,,,,,""
"2021-08-11","'31329PZR7'","MBS","UMBS MORTPASS 4% 01/39","Other",,,,,"1233928.69",,,,,,""
"2021-08-11","'31307MZB5'","MBS","FHLMCGLD 2.5% 05/30","15yr",,,,,"1233911.11",,,,,,""
"2021-08-11","'36297KV73'","MBS","GNMA I 4.5% 07/39","30yr",,,,,"1233737.16",,,,,,""
"2021-08-11","'3131YCQS8'","MBS","UMBS MORTPASS 4% 05/49","30yr",,,,,"1233502.96",,,,,,""
"2021-08-11","'3128PW5E4'","MBS","FHLMCGLD 3% 11/26","15yr",,,,,"1233358.94",,,,,,""
"2021-08-11","'31418CMK7'","MBS","UMBS MORTPASS 3% 07/27","Other",,,,,"1232373.97",,,,,,""
"2021-08-11","'3133AJDP5'","MBS","UMBS MORTPASS 2% 02/51","30yr",,,,,"1232090.28",,,,,,""
"2021-08-11","'3140JPVR3'","MBS","UMBS MORTPASS 1.5% 01/51","30yr",,,,,"1231681.74",,,,,,""
"2021-08-11","'3138LY2J5'","MBS","UMBS MORTPASS 3% 06/27","15yr",,,,,"1231571.08",,,,,,""
"2021-08-11","'3140KCV74'","MBS","UMBS MORTPASS 2% 11/50","30yr",,,,,"1231280.51",,,,,,""
"2021-08-11","'3140QBGN2'","MBS","UMBS MORTPASS 2.5% 07/49","30yr",,,,,"1230913.86",,,,,,""
"2021-08-11","'3132HPLE2'","MBS","FHLMCGLD 3% 11/42","30yr",,,,,"1230258.18",,,,,,""
"2021-08-11","'3133AGZ36'","MBS","UMBS MORTPASS 2% 02/51","30yr",,,,,"1230025.97",,,,,,""
"2021-08-11","'31346YNN9'","MBS","UMBS MORTPASS 3% 12/49","30yr",,,,,"1230015.71",,,,,,""
"2021-08-11","'3140F3U71'","MBS","UMBS MORTPASS 3% 04/46","30yr",,,,,"1229963.17",,,,,,""
"2021-08-11","'3140HKUZ9'","MBS","UMBS MORTPASS 3.5% 06/33","15yr",,,,,"1229608.41",,,,,,""
"2021-08-11","'31417G3G9'","MBS","UMBS MORTPASS 2% 07/23","Other",,,,,"1229396.46",,,,,,""
"2021-08-11","'3131X8ZT6'","MBS","UMBS MORTPASS 2.5% 04/28","15yr",,,,,"1229388.49",,,,,,""
"2021-08-11","'3133GAKG0'","MBS","UMBS MORTPASS 2% 10/35","15yr",,,,,"1229186.2",,,,,,""
"2021-08-11","'3132KE2C8'","MBS","FHLMCGLD 3% 02/30","15yr",,,,,"1227979.64",,,,,,""
"2021-08-11","'31329KXW9'","MBS","UMBS MORTPASS 3% 02/38","Other",,,,,"1227335.38",,,,,,""
"2021-08-11","'31334YN86'","MBS","UMBS MORTPASS 3.5% 08/49","30yr",,,,,"1227283.92",,,,,,""
"2021-08-11","'3140JG2U8'","MBS","UMBS MORTPASS 3.5% 08/49","30yr",,,,,"1227271.2",,,,,,""
"2021-08-11","'3140K76J7'","MBS","UMBS MORTPASS 3% 01/45","30yr",,,,,"1227183.39",,,,,,""
"2021-08-11","'3138W0WX3'","MBS","UMBS MORTPASS 2.5% 02/28","15yr",,,,,"1227066.89",,,,,,""
"2021-08-11","'3140JUSQ8'","MBS","UMBS MORTPASS 4% 06/49","30yr",,,,,"1227057.37",,,,,,""
"2021-08-11","'3138XK4H4'","MBS","UMBS MORTPASS 3% 02/29","15yr",,,,,"1226897.41",,,,,,""
"2021-08-11","'3132HP2X1'","MBS","FHLMCGLD 3% 12/42","30yr",,,,,"1226361.07",,,,,,""
"2021-08-11","'3138YTHF4'","MBS","UMBS MORTPASS 3% 05/30","15yr",,,,,"1226251.2",,,,,,""
"2021-08-11","'3140JYZ74'","MBS","UMBS MORTPASS 3% 10/49","30yr",,,,,"1225646.28",,,,,,""
"2021-08-11","'3140K8H87'","MBS","UMBS MORTPASS 2.5% 01/35","15yr",,,,,"1225546.58",,,,,,""
"2021-08-11","'3133A6NN7'","MBS","UMBS MORTPASS 2.5% 06/50","30yr",,,,,"1225168.92",,,,,,""
"2021-08-11","'3133KHEP7'","MBS","UMBS 3.0%","30yr",,,,,"1224990.95",,,,,,""
"2021-08-11","'3138X2U51'","MBS","UMBS MORTPASS 3% 08/28","15yr",,,,,"1224545.1",,,,,,""
"2021-08-11","'3132MAQX2'","MBS","FHLMCGLD 3.5% 11/44","30yr",,,,,"1224498.81",,,,,,""
"2021-08-11","'3140HB7A0'","MBS","UMBS MORTPASS 3% 11/44","30yr",,,,,"1224422.78",,,,,,""
"2021-08-11","'3140QHGH2'","MBS","UMBS MORTPASS 2.5% 02/51","30yr",,,,,"1224232.55",,,,,,""
"2021-08-11","'3133AFY21'","MBS","UMBS MORTPASS 2.5% 02/51","30yr",,,,,"1223805.37",,,,,,""
"2021-08-11","'3140GPTJ7'","MBS","UMBS MORTPASS 3% 04/32","15yr",,,,,"1223612.6",,,,,,""
"2021-08-11","'36230SLP7'","MBS","GNMA I 3.5% 07/42","30yr",,,,,"1222796.01",,,,,,""
"2021-08-11","'3140HMCR3'","MBS","UMBS MORTPASS 3% 12/33","15yr",,,,,"1222562.48",,,,,,""
"2021-08-11","'3140JPDZ5'","MBS","UMBS MORTPASS 3% 04/34","15yr",,,,,"1222176.61",,,,,,""
"2021-08-11","'31307SXW8'","MBS","FHLMCGLD 3% 01/32","15yr",,,,,"1221896.32",,,,,,""
"2021-08-11","'3138WNWM7'","MBS","UMBS MORTPASS 2.5% 05/28","15yr",,,,,"1221789.25",,,,,,""
"2021-08-11","'3140HPWG8'","MBS","UMBS MORTPASS 3.5% 11/48","30yr",,,,,"1221747.97",,,,,,""
"2021-08-11","'3140JMBK7'","MBS","UMBS MORTPASS 4% 02/49","30yr",,,,,"1221610.05",,,,,,""
"2021-08-11","'3140J7MK8'","MBS","UMBS MORTPASS 2% 03/32","15yr",,,,,"1221482.56",,,,,,""
"2021-08-11","'3132M9B29'","MBS","FHLMCGLD 3.5% 09/44","30yr",,,,,"1221423.91",,,,,,""
"2021-08-11","'3140JWAK6'","MBS","UMBS MORTPASS 3.5% 07/49","30yr",,,,,"1221083.48",,,,,,""
"2021-08-11","'31418AXG8'","MBS","UMBS MORTPASS 3% 09/23","Other",,,,,"1221008.99",,,,,,""
"2021-08-11","'3140JRNZ0'","MBS","UMBS MORTPASS 3.5% 04/49","30yr",,,,,"1221007.92",,,,,,""
"2021-08-11","'3131Y1Q29'","MBS","UMBS MORTPASS 4% 06/48","30yr",,,,,"1220898.12",,,,,,""
"2021-08-11","'31417GSY3'","MBS","UMBS MORTPASS 3% 06/28","15yr",,,,,"1220833.81",,,,,,""
"2021-08-11","'3131X8BY1'","MBS","UMBS MORTPASS 2.5% 10/27","15yr",,,,,"1220549.37",,,,,,""
"2021-08-11","'3138M0UC2'","MBS","UMBS MORTPASS 3% 07/27","15yr",,,,,"1220377.55",,,,,,""
"2021-08-11","'3138M9EF4'","MBS","UMBS MORTPASS 2.5% 09/27","15yr",,,,,"1220297.33",,,,,,""
"2021-08-11","'3140HMHK3'","MBS","UMBS MORTPASS 3.5% 08/48","30yr",,,,,"1219014.37",,,,,,""
"2021-08-11","'36177TKM8'","MBS","GNMA I MORTPASS 3% 05/42","30yr",,,,,"1218874.92",,,,,,""
"2021-08-11","'3140QATW0'","MBS","UMBS MORTPASS 4% 08/48","30yr",,,,,"1218757.1",,,,,,""
"2021-08-11","'3140HL4D5'","MBS","UMBS MORTPASS 4.5% 07/48","30yr",,,,,"1218372.83",,,,,,""
"2021-08-11","'31418CZV9'","MBS","UMBS MORTPASS 3% 08/48","30yr",,,,,"1217991.97",,,,,,""
"2021-08-11","'3138YLZJ3'","MBS","UMBS MORTPASS 3% 04/30","15yr",,,,,"1217186.11",,,,,,""
"2021-08-11","'3140HBZF8'","MBS","UMBS MORTPASS 4% 09/49","30yr",,,,,"1217125.57",,,,,,""
"2021-08-11","'3140JVQM7'","MBS","UMBS MORTPASS 2.5% 08/34","15yr",,,,,"1216531.49",,,,,,""
"2021-08-11","'3140JLY81'","MBS","UMBS MORTPASS 4.5% 02/49","30yr",,,,,"1215823.46",,,,,,""
"2021-08-11","'3138WJHU5'","MBS","UMBS MORTPASS 2.5% 11/26","Other",,,,,"1215224.07",,,,,,""
"2021-08-11","'3140KLMM1'","MBS","UMBS MORTPASS 2% 07/35","15yr",,,,,"1215178.02",,,,,,""
"2021-08-11","'3132A7QV6'","MBS","UMBS MORTPASS 2.5% 08/23","Other",,,,,"1214646.79",,,,,,""
"2021-08-11","'3140GWQ89'","MBS","UMBS MORTPASS 4.5% 11/47","30yr",,,,,"1214579.57",,,,,,""
"2021-08-11","'3140KC7C0'","MBS","UMBS MORTPASS 2% 06/50","30yr",,,,,"1214205.97",,,,,,""
"2021-08-11","'3132J8CC2'","MBS","FHLMCGLD 3% 04/43","30yr",,,,,"1213063.84",,,,,,""
"2021-08-11","'3140K4K66'","MBS","UMBS MORTPASS 2.5% 02/35","15yr",,,,,"1213000.64",,,,,,""
"2021-08-11","'3133AKJV3'","MBS","UMBS MORTPASS 2.5% 03/51","30yr",,,,,"1212799.8",,,,,,""
"2021-08-11","'3131X8R81'","MBS","UMBS MORTPASS 2.5% 02/28","15yr",,,,,"1212555.9",,,,,,""
"2021-08-11","'36297FHG0'","MBS","GNMA I MORTPASS 4% 06/39","30yr",,,,,"1212313.81",,,,,,""
"2021-08-11","'31307PTG4'","MBS","FHLMCGLD 2.5% 11/30","15yr",,,,,"1211711.44",,,,,,""
"2021-08-11","'3128KU3H8'","MBS","FHLMCGLD 6% 08/37","30yr",,,,,"1211684.46",,,,,,""
"2021-08-11","'3140K4K74'","MBS","UMBS MORTPASS 2.5% 02/35","15yr",,,,,"1210880.56",,,,,,""
"2021-08-11","'3138MJT82'","MBS","UMBS MORTPASS 3% 11/42","30yr",,,,,"1210753.3",,,,,,""
"2021-08-11","'3132MAQF1'","MBS","FHLMCGLD 3.5% 11/44","30yr",,,,,"1210394.49",,,,,,""
"2021-08-11","'3138WGZL1'","MBS","UMBS MORTPASS 2.5% 04/31","15yr",,,,,"1210337.34",,,,,,""
"2021-08-11","'3140LNXD4'","MBS","UMBS MORTPASS 2.5% 06/51","30yr",,,,,"1210191.8",,,,,,""
"2021-08-11","'36297BEK3'","MBS","GNMA I 4.5% 05/39","30yr",,,,,"1209911.66",,,,,,""
"2021-08-11","'3140L6F90'","MBS","UMBS MORTPASS 2.5% 06/51","30yr",,,,,"1209869.99",,,,,,""
"2021-08-11","'3140JQG56'","MBS","UMBS MORTPASS 2% 10/34","15yr",,,,,"1209495.35",,,,,,""
"2021-08-11","'3138EKBJ3'","MBS","UMBS MORTPASS 3% 07/27","15yr",,,,,"1209459.73",,,,,,""
"2021-08-11","'31334YXK8'","MBS","UMBS MORTPASS 3.5% 09/49","30yr",,,,,"1209170.42",,,,,,""
"2021-08-11","'31307GZS1'","MBS","FHLMCGLD 3% 04/29","15yr",,,,,"1209107.28",,,,,,""
"2021-08-11","'3140JXL97'","MBS","UMBS MORTPASS 3% 07/34","15yr",,,,,"1208462.61",,,,,,""
"2021-08-11","'3132A5DN2'","MBS","UMBS MORTPASS 3% 04/45","30yr",,,,,"1208221.49",,,,,,""
"2021-08-11","'3133GBL77'","MBS","UMBS MORTPASS 2% 01/36","15yr",,,,,"1208138.75",,,,,,""
"2021-08-11","'31418CCM4'","MBS","UMBS MORTPASS 2.5% 10/31","15yr",,,,,"1208041.76",,,,,,""
"2021-08-11","'3140HPXF9'","MBS","UMBS MORTPASS 4% 12/48","30yr",,,,,"1207947.41",,,,,,""
"2021-08-11","'3128MMTT0'","MBS","FHLMCGLD 3% 07/30","15yr",,,,,"1207945.55",,,,,,""
"2021-08-11","'3133KYR76'","MBS","UMBS MORTPASS 2.5% 07/39","Other",,,,,"1207738.06",,,,,,""
"2021-08-11","'3140JQUH4'","MBS","UMBS MORTPASS 3.5% 05/49","30yr",,,,,"1207704.88",,,,,,""
"2021-08-11","'3128ME4K4'","MBS","FHLMCGLD 4% 11/25","15yr",,,,,"1207577.48",,,,,,""
"2021-08-11","'3138Y7EK4'","MBS","UMBS MORTPASS 2.5% 08/31","15yr",,,,,"1207570.83",,,,,,""
"2021-08-11","'31417FZ27'","MBS","UMBS MORTPASS 2% 04/28","15yr",,,,,"1207320.14",,,,,,""
"2021-08-11","'31410LRY0'","MBS","UMBS MORTPASS 3% 08/28","15yr",,,,,"1206919.54",,,,,,""
"2021-08-11","'31307R5K7'","MBS","FHLMCGLD 2.5% 09/31","15yr",,,,,"1206450.13",,,,,,""
"2021-08-11","'3138WBCG8'","MBS","UMBS MORTPASS 3% 03/24","Other",,,,,"1206012.79",,,,,,""
"2021-08-11","'3138E7NX8'","MBS","UMBS MORTPASS 4% 02/42","30yr",,,,,"1205988.14",,,,,,""
"2021-08-11","'3140H5L41'","MBS","UMBS MORTPASS 3% 01/33","15yr",,,,,"1205965.4",,,,,,""
"2021-08-11","'3138XRLF4'","MBS","UMBS MORTPASS 3.5% 03/44","30yr",,,,,"1205547.63",,,,,,""
"2021-08-11","'3140QCJ31'","MBS","UMBS MORTPASS 2.5% 11/49","30yr",,,,,"1205265.31",,,,,,""
"2021-08-11","'3140KVJC5'","MBS","UMBS MORTPASS 2% 12/50","30yr",,,,,"1205264.11",,,,,,""
"2021-08-11","'3138MFBD8'","MBS","UMBS MORTPASS 3% 10/27","15yr",,,,,"1204516.77",,,,,,""
"2021-08-11","'3133A8WH6'","MBS","UMBS MORTPASS 2% 07/50","30yr",,,,,"1204091.09",,,,,,""
"2021-08-11","'3132L5L43'","MBS","FHLMCGLD 4% 08/43","30yr",,,,,"1203530.48",,,,,,""
"2021-08-11","'3140KCLX8'","MBS","UMBS MORTPASS 2% 05/50","30yr",,,,,"1203270.01",,,,,,""
"2021-08-11","'31329NNY0'","MBS","UMBS MORTPASS 4% 05/47","30yr",,,,,"1202597.94",,,,,,""
"2021-08-11","'3131X7M70'","MBS","UMBS MORTPASS 3% 03/27","15yr",,,,,"1202393.76",,,,,,""
"2021-08-11","'3140JVEF5'","MBS","UMBS MORTPASS 3.5% 08/49","30yr",,,,,"1202098.63",,,,,,""
"2021-08-11","'31418CDV3'","MBS","UMBS MORTPASS 3% 11/26","Other",,,,,"1201793.06",,,,,,""
"2021-08-11","'3138M8YC1'","MBS","UMBS MORTPASS 2.5% 09/27","15yr",,,,,"1201580.76",,,,,,""
"2021-08-11","'3138YTMF8'","MBS","UMBS MORTPASS 3% 07/45","30yr",,,,,"1201499.4",,,,,,""
"2021-08-11","'3131X72N7'","MBS","UMBS MORTPASS 2.5% 08/27","15yr",,,,,"1201309.54",,,,,,""
"2021-08-11","'3140JSRW1'","MBS","UMBS MORTPASS 4% 05/49","30yr",,,,,"1201239.14",,,,,,""
"2021-08-11","'3138MLCW2'","MBS","UMBS MORTPASS 2.5% 12/27","15yr",,,,,"1201018.88",,,,,,""
"2021-08-11","'3133AKEW6'","MBS","UMBS MORTPASS 2% 04/51","30yr",,,,,"1201002.99",,,,,,""
"2021-08-11","'3138WEMF3'","MBS","UMBS MORTPASS 2.5% 04/25","Other",,,,,"1200818.16",,,,,,""
"2021-08-11","'36202FLP9'","MBS","GNMA II 4.5% 10/40","30yr",,,,,"1200599.46",,,,,,""
"2021-08-11","'3132HMG70'","MBS","FHLMCGLD 3% 09/42","30yr",,,,,"1200242.28",,,,,,""
"2021-08-11","'3131YCPP5'","MBS","UMBS MORTPASS 4.5% 05/49","30yr",,,,,"1199443.97",,,,,,""
"2021-08-11","'3140FLPL6'","MBS","UMBS MORTPASS 2.5% 09/31","15yr",,,,,"1198996.37",,,,,,""
"2021-08-11","'3133ADU61'","MBS","UMBS MORTPASS 1.5% 10/50","30yr",,,,,"1198827.56",,,,,,""
"2021-08-11","'3138E5BK3'","MBS","UMBS MORTPASS 3% 01/27","15yr",,,,,"1198754.13",,,,,,""
"2021-08-11","'3140FFJA0'","MBS","UMBS MORTPASS 3.5% 10/46","30yr",,,,,"1198537.22",,,,,,""
"2021-08-11","'3133AAKA9'","MBS","UMBS MORTPASS 2.5% 09/50","30yr",,,,,"1198412.83",,,,,,""
"2021-08-11","'36297FK35'","MBS","GNMA I MORTPASS 4% 12/39","30yr",,,,,"1198091.21",,,,,,""
"2021-08-11","'3140H5LM1'","MBS","UMBS MORTPASS 3.5% 12/47","30yr",,,,,"1197851.82",,,,,,""
"2021-08-11","'3140L9AY4'","MBS","UMBS MORTPASS 1.5% 04/36","15yr",,,,,"1197780.88",,,,,,""
"2021-08-11","'3128MMSS3'","MBS","FHLMCGLD 3.5% 10/29","15yr",,,,,"1197508.14",,,,,,""
"2021-08-11","'3140QBZM3'","MBS","UMBS MORTPASS 3% 10/49","30yr",,,,,"1197489.88",,,,,,""
"2021-08-11","'36176NUR0'","MBS","GNMA I MORTPASS 3% 01/43","30yr",,,,,"1197422.22",,,,,,""
"2021-08-11","'3140HMF74'","MBS","UMBS MORTPASS 3.5% 07/33","15yr",,,,,"1197335.47",,,,,,""
"2021-08-11","'3140KUYU0'","MBS","UMBS MORTPASS 1.5% 11/35","15yr",,,,,"1196147.63",,,,,,""
"2021-08-11","'31418CM84'","MBS","UMBS MORTPASS 3% 07/47","30yr",,,,,"1195736.44",,,,,,""
"2021-08-11","'3138W7J54'","MBS","UMBS MORTPASS 3.5% 04/43","30yr",,,,,"1195272.2",,,,,,""
"2021-08-11","'3140QFVP1'","MBS","UMBS MORTPASS 2.5% 05/50","30yr",,,,,"1195210.14",,,,,,""
"2021-08-11","'3131X8NL6'","MBS","UMBS MORTPASS 2% 01/23","Other",,,,,"1195010.53",,,,,,""
"2021-08-11","'31307VNB8'","MBS","FHLMCGLD 3% 02/33","15yr",,,,,"1194925.72",,,,,,""
"2021-08-11","'3132DMCK9'","MBS","UMBS MORTPASS 3% 09/49","30yr",,,,,"1194814.12",,,,,,""
"2021-08-11","'3133AJRC9'","MBS","UMBS MORTPASS 2.5% 04/51","30yr",,,,,"1192945.28",,,,,,""
"2021-08-11","'36177UY73'","MBS","GNMA I 3.5% 10/42","30yr",,,,,"1192822.03",,,,,,""
"2021-08-11","'3140H5NM9'","MBS","UMBS MORTPASS 3.5% 02/48","30yr",,,,,"1192232.92",,,,,,""
"2021-08-11","'3132A7UW9'","MBS","UMBS MORTPASS 2.5% 05/23","Other",,,,,"1191535.48",,,,,,""
"2021-08-11","'3132J6ZV9'","MBS","FHLMCGLD 3% 01/43","30yr",,,,,"1191502.58",,,,,,""
"2021-08-11","'3140L2AQ6'","MBS","UMBS MORTPASS 2.5% 01/51","30yr",,,,,"1191095.75",,,,,,""
"2021-08-11","'3138WJJD1'","MBS","UMBS MORTPASS 3% 11/46","30yr",,,,,"1190963.59",,,,,,""
"2021-08-11","'36180HBX5'","MBS","GNMA I 3.5% 06/43","30yr",,,,,"1190833",,,,,,""
"2021-08-11","'3132KE2E4'","MBS","FHLMCGLD 2.5% 03/30","15yr",,,,,"1190352.1",,,,,,""
"2021-08-11","'3138XS5Z6'","MBS","UMBS MORTPASS 3.5% 05/29","15yr",,,,,"1190159.31",,,,,,""
"2021-08-11","'3138XTWE1'","MBS","UMBS MORTPASS 4% 07/44","30yr",,,,,"1190136.52",,,,,,""
"2021-08-11","'3138WR7K0'","MBS","UMBS MORTPASS 2.5% 05/28","15yr",,,,,"1189799.57",,,,,,""
"2021-08-11","'31416QFE0'","MBS","UMBS MORTPASS 3% 11/26","15yr",,,,,"1189105.73",,,,,,""
"2021-08-11","'3140FAQT2'","MBS","UMBS MORTPASS 2.5% 10/31","15yr",,,,,"1188837.41",,,,,,""
"2021-08-11","'3132A7C74'","MBS","UMBS MORTPASS 3% 12/26","15yr",,,,,"1187918.01",,,,,,""
"2021-08-11","'3138AXD24'","MBS","UMBS MORTPASS 3% 11/26","15yr",,,,,"1187667.23",,,,,,""
"2021-08-11","'3138AR2R4'","MBS","UMBS MORTPASS 4% 09/41","30yr",,,,,"1186723.7",,,,,,""
"2021-08-11","'3133A6EU1'","MBS","UMBS MORTPASS 3% 06/50","30yr",,,,,"1186645.28",,,,,,""
"2021-08-11","'3138X2UQ5'","MBS","UMBS MORTPASS 3% 08/28","15yr",,,,,"1186490.18",,,,,,""
"2021-08-11","'3140Q82H7'","MBS","UMBS MORTPASS 3% 04/48","30yr",,,,,"1186235.34",,,,,,""
"2021-08-11","'3138WFZU3'","MBS","UMBS MORTPASS 3% 11/30","15yr",,,,,"1185784.2",,,,,,""
"2021-08-11","'3140X53Y7'","MBS","UMBS MORTPASS 3% 03/50","30yr",,,,,"1185702.42",,,,,,""
"2021-08-11","'3133AGKB4'","MBS","UMBS MORTPASS 2% 03/51","30yr",,,,,"1185683.25",,,,,,""
"2021-08-11","'36297GT75'","MBS","GNMA I MORTPASS 3% 09/42","30yr",,,,,"1185114.81",,,,,,""
"2021-08-11","'31307GUP2'","MBS","FHLMCGLD 3% 03/29","15yr",,,,,"1184367.71",,,,,,""
"2021-08-11","'3128MMSG9'","MBS","FHLMCGLD 3% 07/29","15yr",,,,,"1184010.72",,,,,,""
"2021-08-11","'3138LYRN9'","MBS","UMBS MORTPASS 3.5% 07/42","30yr",,,,,"1183717.86",,,,,,""
"2021-08-11","'3140KBNM2'","MBS","UMBS MORTPASS 2% 06/35","15yr",,,,,"1183028.14",,,,,,""
"2021-08-11","'3140QAVJ6'","MBS","UMBS MORTPASS 3% 03/49","30yr",,,,,"1182627.89",,,,,,""
"2021-08-11","'3140L5YY6'","MBS","UMBS MORTPASS 2% 03/51","30yr",,,,,"1182538.66",,,,,,""
"2021-08-11","'3133AEVP6'","MBS","UMBS MORTPASS 2% 12/50","30yr",,,,,"1181958.61",,,,,,""
"2021-08-11","'31307GJ34'","MBS","FHLMCGLD 3% 02/29","15yr",,,,,"1181914.86",,,,,,""
"2021-08-11","'3138ELAW3'","MBS","UMBS MORTPASS 2.5% 05/23","Other",,,,,"1181748.95",,,,,,""
"2021-08-11","'3131YBYP7'","MBS","UMBS MORTPASS 3.5% 04/49","30yr",,,,,"1181688.85",,,,,,""
"2021-08-11","'3133GCSW3'","MBS","UMBS MORTPASS 2% 04/36","15yr",,,,,"1181680.09",,,,,,""
"2021-08-11","'3140H2Z43'","MBS","UMBS MORTPASS 3.5% 12/47","30yr",,,,,"1181620.55",,,,,,""
"2021-08-11","'3138AXDY4'","MBS","UMBS MORTPASS 3% 11/26","15yr",,,,,"1181040.82",,,,,,""
"2021-08-11","'3138X0ZX9'","MBS","UMBS MORTPASS 2.5% 07/28","15yr",,,,,"1180747.42",,,,,,""
"2021-08-11","'3140HGR25'","MBS","UMBS MORTPASS 3.5% 03/48","30yr",,,,,"1180378.75",,,,,,""
"2021-08-11","'3140X7HF9'","MBS","UMBS MORTPASS 3% 05/50","30yr",,,,,"1180298.5",,,,,,""
"2021-08-11","'3132KFCQ3'","MBS","FHLMCGLD 2.5% 09/30","15yr",,,,,"1180055.18",,,,,,""
"2021-08-11","'31334WZJ3'","MBS","UMBS MORTPASS 4% 01/49","30yr",,,,,"1180004.67",,,,,,""
"2021-08-11","'3140KBWT7'","MBS","UMBS MORTPASS 2% 04/50","30yr",,,,,"1179974.94",,,,,,""
"2021-08-11","'31307LPD4'","MBS","FHLMCGLD 2.5% 01/30","15yr",,,,,"1179660.08",,,,,,""
"2021-08-11","'31418CFG4'","MBS","UMBS MORTPASS 3% 01/37","Other",,,,,"1178529.4",,,,,,""
"2021-08-11","'3140L57D2'","MBS","UMBS MORTPASS 2% 04/51","30yr",,,,,"1177448.5",,,,,,""
"2021-08-11","'3133ALVQ8'","MBS","UMBS MORTPASS 2.5% 05/51","30yr",,,,,"1177425.79",,,,,,""
"2021-08-11","'3140KVH37'","MBS","UMBS MORTPASS 2% 11/50","30yr",,,,,"1177407.33",,,,,,""
"2021-08-11","'31339SPS8'","MBS","UMBS MORTPASS 3.5% 09/49","30yr",,,,,"1176542.24",,,,,,""
"2021-08-11","'3140H5ME8'","MBS","UMBS MORTPASS 3% 01/33","15yr",,,,,"1176096.84",,,,,,""
"2021-08-11","'31410LJR4'","MBS","UMBS MORTPASS 3% 07/27","15yr",,,,,"1176032.65",,,,,,""
"2021-08-11","'31418AMN5'","MBS","UMBS MORTPASS 2% 11/22","Other",,,,,"1175843.58",,,,,,""
"2021-08-11","'36297BEP2'","MBS","GNMA I MORTPASS 4% 06/39","30yr",,,,,"1175805.14",,,,,,""
"2021-08-11","'3140L1QJ7'","MBS","UMBS MORTPASS 1.5% 01/51","30yr",,,,,"1175787.22",,,,,,""
"2021-08-11","'3140JY4B9'","MBS","UMBS MORTPASS 2% 11/50","30yr",,,,,"1175581.78",,,,,,""
"2021-08-11","'3131X8W51'","MBS","UMBS MORTPASS 2% 03/28","15yr",,,,,"1175477.2",,,,,,""
"2021-08-11","'3131X9BM5'","MBS","UMBS MORTPASS 2.5% 05/28","15yr",,,,,"1175304.81",,,,,,""
"2021-08-11","'3133HMDH9'","MBS","UMBS MORTPASS 1.5% 09/30","Other",,,,,"1175129.94",,,,,,""
"2021-08-11","'3138WWXT1'","MBS","UMBS MORTPASS 3% 06/28","15yr",,,,,"1175124.99",,,,,,""
"2021-08-11","'3138LU3R4'","MBS","UMBS MORTPASS 3% 07/27","15yr",,,,,"1174615.26",,,,,,""
"2021-08-11","'3140JHJS3'","MBS","UMBS MORTPASS 4.5% 11/48","30yr",,,,,"1173922.95",,,,,,""
"2021-08-11","'3140LVCP2'","MBS","UMBS MORTPASS 2% 07/36","15yr",,,,,"1173500",,,,,,""
"2021-08-11","'31307SE66'","MBS","FHLMCGLD 2.5% 10/31","15yr",,,,,"1173420.57",,,,,,""
"2021-08-11","'3140FNLE2'","MBS","UMBS MORTPASS 3% 12/31","15yr",,,,,"1172566.96",,,,,,""
"2021-08-11","'3140F9AB1'","MBS","UMBS MORTPASS 2.5% 07/31","15yr",,,,,"1171899.33",,,,,,""
"2021-08-11","'31329Q5T4'","MBS","UMBS MORTPASS 4.5% 06/49","30yr",,,,,"1171692.24",,,,,,""
"2021-08-11","'3138XB7K4'","MBS","UMBS MORTPASS 3% 11/28","15yr",,,,,"1171430.63",,,,,,""
"2021-08-11","'31339UXX3'","MBS","UMBS MORTPASS 3% 10/49","30yr",,,,,"1171231.09",,,,,,""
"2021-08-11","'3140K3PK2'","MBS","UMBS MORTPASS 3% 03/50","30yr",,,,,"1171155.39",,,,,,""
"2021-08-11","'31418BB54'","MBS","UMBS MORTPASS 3% 04/24","Other",,,,,"1171024.57",,,,,,""
"2021-08-11","'3138AXWR8'","MBS","UMBS MORTPASS 3% 12/26","15yr",,,,,"1171005.11",,,,,,""
"2021-08-11","'3140JVV66'","MBS","UMBS MORTPASS 3% 07/49","30yr",,,,,"1170981.16",,,,,,""
"2021-08-11","'31307VCU8'","MBS","FHLMCGLD 2.5% 12/32","15yr",,,,,"1170930.38",,,,,,""
"2021-08-11","'3131YDGV0'","MBS","UMBS MORTPASS 3% 05/29","15yr",,,,,"1170868.44",,,,,,""
"2021-08-11","'3132A8MH9'","MBS","UMBS MORTPASS 2.5% 10/28","15yr",,,,,"1170776.75",,,,,,""
"2021-08-11","'3138LRM66'","MBS","UMBS MORTPASS 3.5% 07/43","30yr",,,,,"1170348.57",,,,,,""
"2021-08-11","'3140K3T51'","MBS","UMBS MORTPASS 2.5% 12/34","15yr",,,,,"1169881.02",,,,,,""
"2021-08-11","'3133AKHP8'","MBS","UMBS MORTPASS 2.5% 04/51","30yr",,,,,"1169868.89",,,,,,""
"2021-08-11","'3138WFNS1'","MBS","UMBS MORTPASS 3% 09/30","15yr",,,,,"1169801.9",,,,,,""
"2021-08-11","'3133ADT89'","MBS","UMBS MORTPASS 2.5% 12/50","30yr",,,,,"1169738.76",,,,,,""
"2021-08-11","'3140EWR23'","MBS","UMBS MORTPASS 3.5% 02/46","30yr",,,,,"1169212.46",,,,,,""
"2021-08-11","'3140JUL69'","MBS","UMBS MORTPASS 3% 05/49","30yr",,,,,"1169132.88",,,,,,""
"2021-08-11","'36297JT53'","MBS","GNMA I 4.5% 06/39","30yr",,,,,"1169027.91",,,,,,""
"2021-08-11","'3140K3BA9'","MBS","UMBS MORTPASS 2.5% 01/50","30yr",,,,,"1168797.08",,,,,,""
"2021-08-11","'3620AVAS1'","MBS","GNMA I MORTPASS 3% 10/42","30yr",,,,,"1168773.09",,,,,,""
"2021-08-11","'36178GQ49'","MBS","GNMA I MORTPASS 3% 09/42","30yr",,,,,"1168240.39",,,,,,""
"2021-08-11","'31307RUZ6'","MBS","FHLMCGLD 2.5% 09/31","15yr",,,,,"1167790.2",,,,,,""
"2021-08-11","'3140KRKB4'","MBS","UMBS MORTPASS 2% 10/35","15yr",,,,,"1166911.54",,,,,,""
"2021-08-11","'3131Y2RK6'","MBS","UMBS MORTPASS 3.5% 08/48","30yr",,,,,"1166825.15",,,,,,""
"2021-08-11","'3138E2NP6'","MBS","UMBS MORTPASS 3% 12/26","15yr",,,,,"1166757.86",,,,,,""
"2021-08-11","'3140K8HD6'","MBS","UMBS MORTPASS 3.5% 01/50","30yr",,,,,"1166530.18",,,,,,""
"2021-08-11","'36296EEA0'","MBS","GNMA I 5.5% 08/38","30yr",,,,,"1166463.86",,,,,,""
"2021-08-11","'3138ERS76'","MBS","UMBS MORTPASS 3.5% 12/26","Other",,,,,"1166062.68",,,,,,""
"2021-08-11","'3140L3T76'","MBS","UMBS MORTPASS 2.5% 03/51","30yr",,,,,"1165934.9",,,,,,""
"2021-08-11","'3138EGQE7'","MBS","UMBS MORTPASS 6.5% 03/39","30yr",,,,,"1165040.96",,,,,,"Y"
"2021-08-11","'3140FN6V1'","MBS","UMBS MORTPASS 3.5% 03/33","15yr",,,,,"1164941.34",,,,,,""
"2021-08-11","'31307MZA7'","MBS","FHLMCGLD 2.5% 05/30","15yr",,,,,"1164835.47",,,,,,""
"2021-08-11","'3140LSPT7'","MBS","UMBS MORTPASS 2.5% 06/51","30yr",,,,,"1164721.08",,,,,,""
"2021-08-11","'31307PUJ6'","MBS","FHLMCGLD 2.5% 11/30","15yr",,,,,"1163782.7",,,,,,""
"2021-08-11","'3138XBV27'","MBS","UMBS MORTPASS 3% 11/28","15yr",,,,,"1163211.25",,,,,,""
"2021-08-11","'31306YMM0'","MBS","FHLMCGLD 2.5% 11/27","15yr",,,,,"1162652.67",,,,,,""
"2021-08-11","'3140H5ZS3'","MBS","UMBS MORTPASS 3% 01/48","30yr",,,,,"1162418.62",,,,,,""
"2021-08-11","'3140LN7J0'","MBS","UMBS MORTPASS 2% 05/36","15yr",,,,,"1162120.34",,,,,,""
"2021-08-11","'31307SAQ6'","MBS","FHLMCGLD 2% 10/31","15yr",,,,,"1160920.64",,,,,,""
"2021-08-11","'3133GCFQ0'","MBS","UMBS MORTPASS 1.5% 02/36","15yr",,,,,"1160475.19",,,,,,""
"2021-08-11","'3133G8CT6'","MBS","UMBS MORTPASS 3% 03/35","15yr",,,,,"1160444.76",,,,,,""
"2021-08-11","'3133KGNS3'","MBS","UMBS MORTPASS 3.5% 08/49","30yr",,,,,"1159631.74",,,,,,""
"2021-08-11","'3140KKQ23'","MBS","UMBS MORTPASS 2% 07/50","30yr",,,,,"1159484.46",,,,,,""
"2021-08-11","'3620A96A4'","MBS","GNMA I 4.5% 12/39","30yr",,,,,"1159403.52",,,,,,""
"2021-08-11","'31307VMD5'","MBS","FHLMCGLD 3% 01/33","15yr",,,,,"1159162.97",,,,,,""
"2021-08-11","'3140H5PR6'","MBS","UMBS MORTPASS 3.5% 02/48","30yr",,,,,"1158159.75",,,,,,""
"2021-08-11","'3140X83V7'","MBS","UMBS MORTPASS 2.5% 12/50","30yr",,,,,"1157472.16",,,,,,""
"2021-08-11","'31307TK26'","MBS","FHLMCGLD 2.5% 03/32","15yr",,,,,"1155879.3",,,,,,""
"2021-08-11","'3140X5ZE6'","MBS","UMBS MORTPASS 2% 10/30","15yr",,,,,"1155160.07",,,,,,""
"2021-08-11","'3140HM5K6'","MBS","UMBS MORTPASS 4.5% 07/48","30yr",,,,,"1155002.83",,,,,,""
"2021-08-11","'3140JVCE0'","MBS","UMBS MORTPASS 4% 06/49","30yr",,,,,"1154926.13",,,,,,""
"2021-08-11","'31307TRY9'","MBS","FHLMCGLD 3.5% 04/32","15yr",,,,,"1154907.31",,,,,,""
"2021-08-11","'31418DPB2'","MBS","UMBS MORTPASS 3% 05/40","Other",,,,,"1154506.34",,,,,,""
"2021-08-11","'3140L3UL3'","MBS","UMBS MORTPASS 2% 03/51","30yr",,,,,"1154150.91",,,,,,""
"2021-08-11","'36296V7K8'","MBS","GNMA I MORTPASS 4% 04/39","30yr",,,,,"1153873.84",,,,,,""
"2021-08-11","'31418CAS3'","MBS","UMBS MORTPASS 2.5% 08/36","Other",,,,,"1152992.96",,,,,,""
"2021-08-11","'3133G6R49'","MBS","UMBS MORTPASS 2.5% 09/34","15yr",,,,,"1152765.71",,,,,,""
"2021-08-11","'3138MKR99'","MBS","UMBS MORTPASS 2.5% 09/28","15yr",,,,,"1152596.89",,,,,,""
"2021-08-11","'3133A2PJ3'","MBS","UMBS MORTPASS 3% 03/50","30yr",,,,,"1152397.08",,,,,,""
"2021-08-11","'3138X2U85'","MBS","UMBS MORTPASS 3% 09/28","15yr",,,,,"1151844.55",,,,,,""
"2021-08-11","'3138MHFW8'","MBS","UMBS MORTPASS 2.5% 11/27","15yr",,,,,"1151745.06",,,,,,""
"2021-08-11","'3132JPAB8'","MBS","FHLMCGLD 3.5% 09/43","30yr",,,,,"1151374.47",,,,,,""
"2021-08-11","'3140QFY45'","MBS","UMBS MORTPASS 2% 11/35","15yr",,,,,"1151271.88",,,,,,""
"2021-08-11","'3138M6YU5'","MBS","UMBS MORTPASS 3% 09/27","15yr",,,,,"1151132.1",,,,,,""
"2021-08-11","'3140Q8ZP3'","MBS","UMBS MORTPASS 3.5% 04/33","15yr",,,,,"1150795.73",,,,,,""
"2021-08-11","'3140JJ5U9'","MBS","UMBS MORTPASS 4.5% 11/48","30yr",,,,,"1150614.8",,,,,,""
"2021-08-11","'36178GSH8'","MBS","GNMA I MORTPASS 3% 01/43","30yr",,,,,"1150094.79",,,,,,""
"2021-08-11","'3131YBPE2'","MBS","UMBS MORTPASS 3.5% 04/49","30yr",,,,,"1149765.42",,,,,,""
"2021-08-11","'3138WEQK8'","MBS","UMBS MORTPASS 3% 05/30","15yr",,,,,"1149546.16",,,,,,""
"2021-08-11","'3132XXGE3'","MBS","FHLMCGLD 3% 03/48","30yr",,,,,"1149425.64",,,,,,""
"2021-08-11","'3133AEQZ0'","MBS","UMBS MORTPASS 2.5% 01/51","30yr",,,,,"1149394.88",,,,,,""
"2021-08-11","'3131X8HS8'","MBS","UMBS MORTPASS 2.5% 12/27","15yr",,,,,"1149103.21",,,,,,""
"2021-08-11","'3140HDYL2'","MBS","UMBS MORTPASS 2.5% 01/50","30yr",,,,,"1149099.81",,,,,,""
"2021-08-11","'3140LVBM0'","MBS","UMBS MORTPASS 1.5% 07/36","15yr",,,,,"1148800",,,,,,""
"2021-08-11","'36179EKC1'","MBS","GNMA I MORTPASS 3% 03/43","30yr",,,,,"1148734.61",,,,,,""
"2021-08-11","'3140LRDW5'","MBS","UMBS MORTPASS 1.5% 07/36","15yr",,,,,"1147335",,,,,,""
"2021-08-11","'3128MJU73'","MBS","FHLMCGLD 3.5% 09/44","30yr",,,,,"1147277.33",,,,,,""
"2021-08-11","'3138X1YA8'","MBS","UMBS MORTPASS 3% 07/28","15yr",,,,,"1146836.79",,,,,,""
"2021-08-11","'3133A0A87'","MBS","UMBS MORTPASS 3.5% 12/49","30yr",,,,,"1146341.67",,,,,,""
"2021-08-11","'31307UBP2'","MBS","FHLMCGLD 3.5% 07/32","15yr",,,,,"1145905.46",,,,,,""
"2021-08-11","'3131YDG99'","MBS","UMBS MORTPASS 4.5% 05/49","30yr",,,,,"1145375.62",,,,,,""
"2021-08-11","'3133L7TK3'","MBS","UMBS MORTPASS 2.5% 04/35","15yr",,,,,"1145369.71",,,,,,""
"2021-08-11","'3132J9ZT8'","MBS","FHLMCGLD 3% 05/43","30yr",,,,,"1145005.15",,,,,,""
"2021-08-11","'3138MNSV3'","MBS","UMBS MORTPASS 2.5% 12/27","15yr",,,,,"1144514.64",,,,,,""
"2021-08-11","'3138Y5DW3'","MBS","UMBS MORTPASS 3.5% 05/27","15yr",,,,,"1144252.14",,,,,,""
"2021-08-11","'3133AGZE2'","MBS","UMBS MORTPASS 2% 02/51","30yr",,,,,"1144075.64",,,,,,""
"2021-08-11","'3140L1GF6'","MBS","UMBS MORTPASS 1.5% 02/51","30yr",,,,,"1143772.36",,,,,,""
"2021-08-11","'3138XYT20'","MBS","UMBS MORTPASS 3.5% 07/44","30yr",,,,,"1143583.76",,,,,,""
"2021-08-11","'3132WKDR6'","MBS","FHLMCGLD 3% 01/47","30yr",,,,,"1143302.75",,,,,,""
"2021-08-11","'31329QJ36'","MBS","UMBS MORTPASS 4% 04/49","30yr",,,,,"1143257",,,,,,""
"2021-08-11","'3132A7WQ0'","MBS","UMBS MORTPASS 2.5% 09/28","15yr",,,,,"1142838.07",,,,,,""
"2021-08-11","'36230SLF9'","MBS","GNMA I 3.5% 06/42","30yr",,,,,"1142548.65",,,,,,""
"2021-08-11","'3138WF6M3'","MBS","UMBS MORTPASS 3% 12/30","15yr",,,,,"1142396.42",,,,,,""
"2021-08-11","'3133AKHW3'","MBS","UMBS MORTPASS 1.5% 04/51","30yr",,,,,"1142295.34",,,,,,""
"2021-08-11","'3133AENF7'","MBS","UMBS MORTPASS 2% 01/51","30yr",,,,,"1142190.53",,,,,,""
"2021-08-11","'3138MLU77'","MBS","UMBS MORTPASS 2% 11/27","15yr",,,,,"1141951.14",,,,,,""
"2021-08-11","'3132A9MX2'","MBS","UMBS MORTPASS 2.5% 11/27","15yr",,,,,"1141295.45",,,,,,""
"2021-08-11","'3140LN5X1'","MBS","UMBS MORTPASS 2.5% 05/51","30yr",,,,,"1141136.86",,,,,,""
"2021-08-11","'3140K3J29'","MBS","UMBS MORTPASS 3% 12/49","30yr",,,,,"1140823.81",,,,,,""
"2021-08-11","'3140K5MY0'","MBS","UMBS MORTPASS 2.5% 08/50","30yr",,,,,"1140556.88",,,,,,""
"2021-08-11","'3140KRJ59'","MBS","UMBS MORTPASS 2% 11/35","15yr",,,,,"1140539.53",,,,,,""
"2021-08-11","'31307WD35'","MBS","FHLMCGLD 3.5% 06/33","15yr",,,,,"1140413.25",,,,,,""
"2021-08-11","'3132A7WJ6'","MBS","UMBS MORTPASS 2.5% 01/28","15yr",,,,,"1140351.92",,,,,,""
"2021-08-11","'3140LVDQ9'","MBS","UMBS MORTPASS 1.5% 07/36","15yr",,,,,"1140324",,,,,,""
"2021-08-11","'3140K17D2'","MBS","UMBS MORTPASS 4.5% 01/50","30yr",,,,,"1140221.9",,,,,,""
"2021-08-11","'3133A3EF1'","MBS","UMBS MORTPASS 2.5% 02/50","30yr",,,,,"1139100.1",,,,,,""
"2021-08-11","'31307LRF7'","MBS","FHLMCGLD 2.5% 01/30","15yr",,,,,"1138881.77",,,,,,""
"2021-08-11","'3138YDCW7'","MBS","UMBS MORTPASS 2.5% 12/29","15yr",,,,,"1138824.18",,,,,,""
"2021-08-11","'3138MFVW4'","MBS","UMBS MORTPASS 2.5% 10/42","30yr",,,,,"1138187.5",,,,,,""
"2021-08-11","'3131X9JJ4'","MBS","UMBS MORTPASS 2% 06/23","Other",,,,,"1138006.34",,,,,,""
"2021-08-11","'3140K4MU1'","MBS","UMBS MORTPASS 2% 06/50","30yr",,,,,"1137166.6",,,,,,""
"2021-08-11","'3140KNRE0'","MBS","UMBS MORTPASS 2.5% 09/50","30yr",,,,,"1136828.41",,,,,,""
"2021-08-11","'36296Y2P6'","MBS","GNMA I 4.5% 01/40","30yr",,,,,"1136810.09",,,,,,""
"2021-08-11","'31417DXZ1'","MBS","UMBS MORTPASS 2.5% 11/22","Other",,,,,"1135481.69",,,,,,""
"2021-08-11","'31418DDX7'","MBS","UMBS MORTPASS 2.5% 05/29","Other",,,,,"1135475.06",,,,,,""
"2021-08-11","'3140JS4V8'","MBS","UMBS MORTPASS 4% 04/49","30yr",,,,,"1135273.68",,,,,,""
"2021-08-11","'36178GQ31'","MBS","GNMA I MORTPASS 3% 09/42","30yr",,,,,"1135240.17",,,,,,""
"2021-08-11","'3132A9P35'","MBS","UMBS MORTPASS 2.5% 10/29","15yr",,,,,"1135107.9",,,,,,""
"2021-08-11","'3131Y1SF8'","MBS","UMBS MORTPASS 4% 06/48","30yr",,,,,"1134185.09",,,,,,""
"2021-08-11","'31307WPF5'","MBS","FHLMCGLD 3.5% 08/33","15yr",,,,,"1133928.1",,,,,,""
"2021-08-11","'31307F4M0'","MBS","FHLMCGLD 3% 01/29","15yr",,,,,"1133421.63",,,,,,""
"2021-08-11","'3140Q9YW7'","MBS","UMBS MORTPASS 4% 10/48","30yr",,,,,"1132743.99",,,,,,""
"2021-08-11","'3140K4SM3'","MBS","UMBS MORTPASS 3% 01/35","15yr",,,,,"1132658.14",,,,,,""
"2021-08-11","'3140L4Q69'","MBS","UMBS MORTPASS 1.5% 02/51","30yr",,,,,"1132457.98",,,,,,""
"2021-08-11","'3131XWHC0'","MBS","UMBS MORTPASS 3.5% 04/47","30yr",,,,,"1132261.67",,,,,,""
"2021-08-11","'3140K1GC4'","MBS","UMBS MORTPASS 4% 09/49","30yr",,,,,"1132220.16",,,,,,""
"2021-08-11","'3138MQP56'","MBS","UMBS MORTPASS 2.5% 12/42","30yr",,,,,"1131603.5",,,,,,""
"2021-08-11","'31329P5W9'","MBS","UMBS MORTPASS 4% 01/49","30yr",,,,,"1131483.24",,,,,,""
"2021-08-11","'3132JPBZ4'","MBS","FHLMCGLD 4% 09/43","30yr",,,,,"1131033.2",,,,,,""
"2021-08-11","'31329LE24'","MBS","UMBS MORTPASS 3% 08/27","15yr",,,,,"1131028.36",,,,,,""
"2021-08-11","'3132M5RT1'","MBS","FHLMCGLD 3.5% 03/44","30yr",,,,,"1130597.03",,,,,,""
"2021-08-11","'3140F1LN0'","MBS","UMBS MORTPASS 3% 07/45","30yr",,,,,"1130541.71",,,,,,""
"2021-08-11","'3138WEFR5'","MBS","UMBS MORTPASS 3% 03/30","15yr",,,,,"1130374.11",,,,,,""
"2021-08-11","'3140KBLZ5'","MBS","UMBS MORTPASS 2.5% 03/40","Other",,,,,"1130267.01",,,,,,""
"2021-08-11","'31307N2C7'","MBS","FHLMCGLD 2.5% 08/30","15yr",,,,,"1130183.04",,,,,,""
"2021-08-11","'3140JLST2'","MBS","UMBS MORTPASS 2% 04/36","15yr",,,,,"1129678.12",,,,,,""
"2021-08-11","'3133AGZ28'","MBS","UMBS MORTPASS 2% 03/51","30yr",,,,,"1129294.94",,,,,,""
"2021-08-11","'3140H5N49'","MBS","UMBS MORTPASS 3% 02/33","15yr",,,,,"1128885.24",,,,,,""
"2021-08-11","'3131XAVJ7'","MBS","UMBS MORTPASS 3% 10/24","Other",,,,,"1128799.87",,,,,,""
"2021-08-11","'31307F6K2'","MBS","FHLMCGLD 3% 01/29","15yr",,,,,"1128747.38",,,,,,""
"2021-08-11","'3138WQPD8'","MBS","UMBS MORTPASS 2.5% 04/28","15yr",,,,,"1128610.86",,,,,,""
"2021-08-11","'3132A8JC4'","MBS","UMBS MORTPASS 2.5% 06/28","15yr",,,,,"1128582.55",,,,,,""
"2021-08-11","'31418BA48'","MBS","UMBS MORTPASS 3% 02/44","30yr",,,,,"1128516.41",,,,,,""
"2021-08-11","'3138WJEZ7'","MBS","UMBS MORTPASS 2% 11/31","15yr",,,,,"1128480.63",,,,,,""
"2021-08-11","'3140KCLY6'","MBS","UMBS MORTPASS 2.5% 06/50","30yr",,,,,"1128365.93",,,,,,""
"2021-08-11","'3620ALJP0'","MBS","GNMA I 4.5% 01/40","30yr",,,,,"1127764.14",,,,,,""
"2021-08-11","'3138EHTA0'","MBS","UMBS MORTPASS 3% 02/27","15yr",,,,,"1127346.27",,,,,,""
"2021-08-11","'3140L5J23'","MBS","UMBS MORTPASS 2% 03/51","30yr",,,,,"1126880.83",,,,,,""
"2021-08-11","'3138WTV45'","MBS","UMBS MORTPASS 2.5% 05/28","15yr",,,,,"1126803.15",,,,,,""
"2021-08-11","'31329LCW0'","MBS","UMBS MORTPASS 2.5% 11/27","15yr",,,,,"1126496.99",,,,,,""
"2021-08-11","'3140Q9WP4'","MBS","UMBS MORTPASS 3.5% 10/48","30yr",,,,,"1126215.4",,,,,,""
"2021-08-11","'3133GDRP7'","MBS","UMBS MORTPASS 1.5% 07/36","15yr",,,,,"1126009.05",,,,,,""
"2021-08-11","'3133AK6V7'","MBS","UMBS MORTPASS 1.5% 03/51","30yr",,,,,"1126002.75",,,,,,""
"2021-08-11","'31307GR68'","MBS","FHLMCGLD 3% 03/29","15yr",,,,,"1125700.7",,,,,,""
"2021-08-11","'3140KCJ52'","MBS","UMBS MORTPASS 2% 05/35","15yr",,,,,"1125582.79",,,,,,""
"2021-08-11","'3140HF7B9'","MBS","UMBS MORTPASS 2.5% 06/45","30yr",,,,,"1125437.77",,,,,,""
"2021-08-11","'3140KCK68'","MBS","UMBS MORTPASS 2.5% 05/50","30yr",,,,,"1125428.97",,,,,,""
"2021-08-11","'3140JVDG4'","MBS","UMBS MORTPASS 4.5% 07/49","30yr",,,,,"1124769.41",,,,,,""
"2021-08-11","'3140LRJC3'","MBS","UMBS MORTPASS 2% 06/51","30yr",,,,,"1124763.68",,,,,,""
"2021-08-11","'3138X2WM2'","MBS","UMBS MORTPASS 2.5% 08/28","15yr",,,,,"1124648.21",,,,,,""
"2021-08-11","'31418APL6'","MBS","UMBS MORTPASS 2% 01/28","15yr",,,,,"1124529.65",,,,,,""
"2021-08-11","'3140X5EU3'","MBS","UMBS MORTPASS 3.5% 01/34","15yr",,,,,"1124432.4",,,,,,""
"2021-08-11","'3140GQ4H6'","MBS","UMBS MORTPASS 4% 08/47","30yr",,,,,"1123984.05",,,,,,""
"2021-08-11","'3140EW5H4'","MBS","UMBS MORTPASS 2.5% 02/31","15yr",,,,,"1123982.61",,,,,,""
"2021-08-11","'36181FBZ3'","MBS","GNMA I 3.5% 07/43","30yr",,,,,"1123944.07",,,,,,""
"2021-08-11","'3140ECLT4'","MBS","UMBS MORTPASS 3% 07/31","15yr",,,,,"1123670.49",,,,,,""
"2021-08-11","'3140LP4M1'","MBS","UMBS MORTPASS 2.5% 04/51","30yr",,,,,"1123610.41",,,,,,""
"2021-08-11","'3138MDTV4'","MBS","UMBS MORTPASS 2.5% 10/27","15yr",,,,,"1123237.91",,,,,,""
"2021-08-11","'3133KKLF4'","MBS","UMBS MORTPASS 2.5% 10/50","30yr",,,,,"1122859.72",,,,,,""
"2021-08-11","'3138X77E7'","MBS","UMBS MORTPASS 3% 09/28","15yr",,,,,"1122821.65",,,,,,""
"2021-08-11","'3138XWMP0'","MBS","UMBS MORTPASS 3% 07/29","15yr",,,,,"1122216.52",,,,,,""
"2021-08-11","'3138LRMG4'","MBS","UMBS MORTPASS 3% 09/42","30yr",,,,,"1121659.28",,,,,,""
"2021-08-11","'3138XEEC8'","MBS","UMBS MORTPASS 3.5% 11/28","15yr",,,,,"1121611.24",,,,,,""
"2021-08-11","'3140K82W0'","MBS","UMBS MORTPASS 3% 01/50","30yr",,,,,"1121419.23",,,,,,""
"2021-08-11","'3133KKJM2'","MBS","UMBS MORTPASS 1.5% 10/50","30yr",,,,,"1120947.39",,,,,,""
"2021-08-11","'3132A8A58'","MBS","UMBS MORTPASS 2.5% 08/25","Other",,,,,"1120378.99",,,,,,""
"2021-08-11","'3131XWLS0'","MBS","UMBS MORTPASS 4% 04/47","30yr",,,,,"1120315.02",,,,,,""
"2021-08-11","'3133GDMB3'","MBS","UMBS MORTPASS 1.5% 06/36","15yr",,,,,"1120129.95",,,,,,""
"2021-08-11","'3131X8KJ4'","MBS","UMBS MORTPASS 2.5% 12/27","15yr",,,,,"1119970.05",,,,,,""
"2021-08-11","'3138W13G0'","MBS","UMBS MORTPASS 2.5% 01/28","15yr",,,,,"1119937.25",,,,,,""
"2021-08-11","'3140HKCT3'","MBS","UMBS MORTPASS 3.5% 08/33","15yr",,,,,"1119294.91",,,,,,""
"2021-08-11","'3140XB2X7'","MBS","UMBS MORTPASS 2.5% 07/51","30yr",,,,,"1118788",,,,,,""
"2021-08-11","'31346YAL7'","MBS","UMBS MORTPASS 4.5% 09/49","30yr",,,,,"1118639.34",,,,,,""
"2021-08-11","'31329QGG0'","MBS","UMBS MORTPASS 3.5% 03/49","30yr",,,,,"1118585.65",,,,,,""
"2021-08-11","'3140K0W87'","MBS","UMBS MORTPASS 3.5% 11/49","30yr",,,,,"1118564.19",,,,,,""
"2021-08-11","'3132CWCE2'","MBS","UMBS MORTPASS 3% 09/34","15yr",,,,,"1118009.24",,,,,,""
"2021-08-11","'3133GA3T1'","MBS","UMBS MORTPASS 2% 12/35","15yr",,,,,"1117960.02",,,,,,""
"2021-08-11","'31410LT85'","MBS","UMBS MORTPASS 2.5% 11/26","Other",,,,,"1117740.08",,,,,,""
"2021-08-11","'3138AXCN9'","MBS","UMBS MORTPASS 3% 11/26","15yr",,,,,"1117681.61",,,,,,""
"2021-08-11","'3138MPFB6'","MBS","UMBS MORTPASS 3% 02/43","30yr",,,,,"1117604.35",,,,,,""
"2021-08-11","'3140HPWR4'","MBS","UMBS MORTPASS 4% 11/48","30yr",,,,,"1117152.85",,,,,,""
"2021-08-11","'3138WZJ37'","MBS","UMBS MORTPASS 2.5% 07/28","15yr",,,,,"1117121.65",,,,,,""
"2021-08-11","'31334Y4K0'","MBS","UMBS MORTPASS 3% 09/49","30yr",,,,,"1116769.61",,,,,,""
"2021-08-11","'3138XQML2'","MBS","UMBS MORTPASS 3.5% 06/44","30yr",,,,,"1116015.38",,,,,,""
"2021-08-11","'3138YL2Q3'","MBS","UMBS MORTPASS 3% 04/45","30yr",,,,,"1115870.99",,,,,,""
"2021-08-11","'36297GCV0'","MBS","GNMA I MORTPASS 5% 02/40","30yr",,,,,"1115719.93",,,,,,""
"2021-08-11","'3138WFLJ3'","MBS","UMBS MORTPASS 3% 09/30","15yr",,,,,"1115717.83",,,,,,""
"2021-08-11","'31307UUN6'","MBS","FHLMCGLD 3.5% 11/32","15yr",,,,,"1115657.92",,,,,,""
"2021-08-11","'3138LYCA3'","MBS","UMBS MORTPASS 3% 07/27","15yr",,,,,"1115523.3",,,,,,""
"2021-08-11","'312940MW6'","MBS","FHLMCGLD 4.5% 05/40","30yr",,,,,"1115264.71",,,,,,""
"2021-08-11","'3128E5WT2'","MBS","FHLMCGLD 4% 08/31","Other",,,,,"1115150.76",,,,,,""
"2021-08-11","'3140L7YB2'","MBS","UMBS MORTPASS 2% 04/51","30yr",,,,,"1114948.36",,,,,,""
"2021-08-11","'3140L82D1'","MBS","UMBS MORTPASS 2.5% 04/51","30yr",,,,,"1114254.95",,,,,,""
"2021-08-11","'3140FEXV1'","MBS","UMBS MORTPASS 3% 10/46","30yr",,,,,"1113755.33",,,,,,""
"2021-08-11","'3140K8Q61'","MBS","UMBS MORTPASS 2.5% 03/50","30yr",,,,,"1113746.43",,,,,,""
"2021-08-11","'3140JLLE2'","MBS","UMBS MORTPASS 3.5% 01/49","30yr",,,,,"1113571.67",,,,,,""
"2021-08-11","'3140KCV90'","MBS","UMBS MORTPASS 2.5% 06/51","30yr",,,,,"1113515.55",,,,,,""
"2021-08-11","'3132A7FK2'","MBS","UMBS MORTPASS 2.5% 05/27","15yr",,,,,"1113458.01",,,,,,""
"2021-08-11","'31417G3M6'","MBS","UMBS MORTPASS 2.5% 07/23","Other",,,,,"1112863.73",,,,,,""
"2021-08-11","'3140L37A3'","MBS","UMBS MORTPASS 2% 03/51","30yr",,,,,"1112480.8",,,,,,""
"2021-08-11","'3140X62D2'","MBS","UMBS MORTPASS 2.5% 06/40","Other",,,,,"1112401.37",,,,,,""
"2021-08-11","'3140HKFQ6'","MBS","UMBS MORTPASS 2.5% 09/50","30yr",,,,,"1112064.89",,,,,,""
"2021-08-11","'3133GCRD6'","MBS","UMBS MORTPASS 2% 04/36","15yr",,,,,"1111843.86",,,,,,""
"2021-08-11","'3140E9NS1'","MBS","UMBS MORTPASS 2.5% 07/31","15yr",,,,,"1111678.49",,,,,,""
"2021-08-11","'3133GA3S3'","MBS","UMBS MORTPASS 2% 12/35","15yr",,,,,"1111676.08",,,,,,""
"2021-08-11","'3138LU2H7'","MBS","UMBS MORTPASS 2.5% 07/27","15yr",,,,,"1111672.44",,,,,,""
"2021-08-11","'3133AD6F8'","MBS","UMBS MORTPASS 2.5% 12/50","30yr",,,,,"1111626.15",,,,,,""
"2021-08-11","'3138MPCZ6'","MBS","UMBS MORTPASS 2.5% 12/27","15yr",,,,,"1111473.79",,,,,,""
"2021-08-11","'3138LQUU6'","MBS","UMBS MORTPASS 2.5% 10/27","15yr",,,,,"1111463.56",,,,,,""
"2021-08-11","'3140QHJE6'","MBS","UMBS MORTPASS 1.5% 02/51","30yr",,,,,"1111415.21",,,,,,""
"2021-08-11","'3133ADZX7'","MBS","UMBS MORTPASS 2.5% 12/50","30yr",,,,,"1111366.93",,,,,,""
"2021-08-11","'31417EYH8'","MBS","UMBS MORTPASS 2.5% 02/28","15yr",,,,,"1111359.66",,,,,,""
"2021-08-11","'31417FSL3'","MBS","UMBS MORTPASS 3% 02/43","30yr",,,,,"1111299.22",,,,,,""
"2021-08-11","'3138WRQT0'","MBS","UMBS MORTPASS 2.5% 04/28","15yr",,,,,"1111126.13",,,,,,""
"2021-08-11","'3132M6JN1'","MBS","FHLMCGLD 4% 05/44","30yr",,,,,"1111052.49",,,,,,""
"2021-08-11","'31307F5N7'","MBS","FHLMCGLD 3% 01/29","15yr",,,,,"1110964.06",,,,,,""
"2021-08-11","'3133AJ6H1'","MBS","UMBS MORTPASS 2% 04/51","30yr",,,,,"1110633.4",,,,,,""
"2021-08-11","'3140F2MR8'","MBS","UMBS MORTPASS 2.5% 04/31","15yr",,,,,"1110461.75",,,,,,""
"2021-08-11","'3140QHH65'","MBS","UMBS MORTPASS 1.5% 02/51","30yr",,,,,"1110438.71",,,,,,""
"2021-08-11","'3132M6YP9'","MBS","FHLMCGLD 4% 05/44","30yr",,,,,"1109961.24",,,,,,""
"2021-08-11","'3140HJSL6'","MBS","UMBS MORTPASS 3% 06/33","15yr",,,,,"1109342.97",,,,,,""
"2021-08-11","'31417GAG1'","MBS","UMBS MORTPASS 3% 04/28","15yr",,,,,"1109271.41",,,,,,""
"2021-08-11","'3140LTUJ1'","MBS","UMBS MORTPASS 1.5% 07/36","15yr",,,,,"1109137.91",,,,,,""
"2021-08-11","'3133A7NH8'","MBS","UMBS MORTPASS 2% 07/50","30yr",,,,,"1108899",,,,,,""
"2021-08-11","'3140QHHE8'","MBS","UMBS MORTPASS 2.5% 02/51","30yr",,,,,"1108873.77",,,,,,""
"2021-08-11","'3620C5NC7'","MBS","GNMA I MORTPASS 4% 07/41","30yr",,,,,"1108824.44",,,,,,""
"2021-08-11","'3138XJB71'","MBS","UMBS MORTPASS 3.5% 01/29","15yr",,,,,"1108627.67",,,,,,""
"2021-08-11","'3140K46U9'","MBS","UMBS MORTPASS 2.5% 01/50","30yr",,,,,"1108483.42",,,,,,""
"2021-08-11","'3140LRD21'","MBS","UMBS MORTPASS 1.5% 07/36","15yr",,,,,"1107521",,,,,,""
"2021-08-11","'3140K7GQ0'","MBS","UMBS MORTPASS 3% 01/50","30yr",,,,,"1107418.76",,,,,,""
"2021-08-11","'36295CFV8'","MBS","GNMA I MORTPASS 3% 11/42","30yr",,,,,"1107361.91",,,,,,""
"2021-08-11","'3132A9UZ8'","MBS","UMBS MORTPASS 3% 06/33","15yr",,,,,"1106981.78",,,,,,""
"2021-08-11","'3132GJXD6'","MBS","FHLMCGLD 4% 10/41","30yr",,,,,"1106815.87",,,,,,""
"2021-08-11","'3133AJLH4'","MBS","UMBS MORTPASS 2% 03/51","30yr",,,,,"1106673.85",,,,,,""
"2021-08-11","'3140L7MC3'","MBS","UMBS MORTPASS 2.5% 04/51","30yr",,,,,"1106393.05",,,,,,""
"2021-08-11","'3620C4MX5'","MBS","GNMA I 3.5% 02/42","30yr",,,,,"1106027.4",,,,,,""
"2021-08-11","'3140JUTF1'","MBS","UMBS MORTPASS 4.5% 06/49","30yr",,,,,"1105582.63",,,,,,""
"2021-08-11","'3133GBM43'","MBS","UMBS MORTPASS 1.5% 01/36","15yr",,,,,"1105339.65",,,,,,""
"2021-08-11","'3133AJMA8'","MBS","UMBS MORTPASS 2% 04/51","30yr",,,,,"1105287.33",,,,,,""
"2021-08-11","'3140F9AG0'","MBS","UMBS MORTPASS 2.5% 07/31","15yr",,,,,"1105013.6",,,,,,""
"2021-08-11","'36179HUK5'","MBS","GNMA I MORTPASS 3% 12/42","30yr",,,,,"1104692.3",,,,,,""
"2021-08-11","'3138EJWW4'","MBS","UMBS MORTPASS 2.5% 10/27","15yr",,,,,"1104390.31",,,,,,""
"2021-08-11","'3138WWCP2'","MBS","UMBS MORTPASS 3.5% 05/43","30yr",,,,,"1104179.28",,,,,,""
"2021-08-11","'3133KGS33'","MBS","UMBS MORTPASS 3% 09/49","30yr",,,,,"1104106.15",,,,,,""
"2021-08-11","'3138W2LH6'","MBS","UMBS MORTPASS 2.5% 01/28","15yr",,,,,"1103943.82",,,,,,""
"2021-08-11","'3140K84W8'","MBS","UMBS MORTPASS 2% 02/51","30yr",,,,,"1103099.46",,,,,,""
"2021-08-11","'36297JTL8'","MBS","GNMA I MORTPASS 4% 06/39","30yr",,,,,"1102894.91",,,,,,""
"2021-08-11","'3140JPA54'","MBS","UMBS MORTPASS 2.5% 07/34","15yr",,,,,"1102735.05",,,,,,""
"2021-08-11","'3140HN4K5'","MBS","UMBS MORTPASS 3.5% 08/33","15yr",,,,,"1102674.85",,,,,,""
"2021-08-11","'3140KXSD9'","MBS","UMBS MORTPASS 1.5% 12/50","30yr",,,,,"1102585.05",,,,,,""
"2021-08-11","'36176PR57'","MBS","GNMA I 3.5% 12/41","30yr",,,,,"1101533",,,,,,""
"2021-08-11","'3140FV2P0'","MBS","UMBS MORTPASS 3% 03/32","15yr",,,,,"1101401.58",,,,,,""
"2021-08-11","'3138LQG57'","MBS","UMBS MORTPASS 3% 05/27","15yr",,,,,"1101278.15",,,,,,""
"2021-08-11","'3140JPEB7'","MBS","UMBS MORTPASS 4% 02/49","30yr",,,,,"1101199.82",,,,,,""
"2021-08-11","'3140E2UT6'","MBS","UMBS MORTPASS 2.5% 12/30","15yr",,,,,"1100505.18",,,,,,""
"2021-08-11","'3133AFRN3'","MBS","UMBS MORTPASS 2% 02/51","30yr",,,,,"1100401.24",,,,,,""
"2021-08-11","'3138MJGW3'","MBS","UMBS MORTPASS 2.5% 01/28","15yr",,,,,"1099940.66",,,,,,""
"2021-08-11","'31417FPS1'","MBS","UMBS MORTPASS 2% 03/23","Other",,,,,"1099911.64",,,,,,""
"2021-08-11","'3140JRQS3'","MBS","UMBS MORTPASS 3.5% 04/49","30yr",,,,,"1099423.41",,,,,,""
"2021-08-11","'3132HRRC6'","MBS","FHLMCGLD 3% 01/43","30yr",,,,,"1099165.85",,,,,,""
"2021-08-11","'3132WKQD3'","MBS","FHLMCGLD 3% 01/47","30yr",,,,,"1099096.49",,,,,,""
"2021-08-11","'3132A7H53'","MBS","UMBS MORTPASS 3% 08/27","15yr",,,,,"1098609.58",,,,,,""
"2021-08-11","'3140JLSF2'","MBS","UMBS MORTPASS 2.5% 02/51","30yr",,,,,"1098528.17",,,,,,""
"2021-08-11","'3140K0P51'","MBS","UMBS MORTPASS 3% 09/49","30yr",,,,,"1097448.28",,,,,,""
"2021-08-11","'3140K2NE0'","MBS","UMBS MORTPASS 1.5% 04/36","15yr",,,,,"1097131.43",,,,,,""
"2021-08-11","'3133GDUB4'","MBS","UMBS MORTPASS 1.5% 07/36","15yr",,,,,"1096512",,,,,,""
"2021-08-11","'3140L3X71'","MBS","UMBS MORTPASS 1.5% 02/36","15yr",,,,,"1096228.35",,,,,,""
"2021-08-11","'3138YFBE3'","MBS","UMBS MORTPASS 3% 01/45","30yr",,,,,"1095781.4",,,,,,""
"2021-08-11","'3133KHY34'","MBS","UMBS MORTPASS 2.5% 05/50","30yr",,,,,"1095570.59",,,,,,""
"2021-08-11","'31307GUN7'","MBS","FHLMCGLD 3% 04/29","15yr",,,,,"1095449.44",,,,,,""
"2021-08-11","'3138M6YJ0'","MBS","UMBS MORTPASS 2.5% 08/27","15yr",,,,,"1095272.41",,,,,,""
"2021-08-11","'3138W5RY6'","MBS","UMBS MORTPASS 3% 03/43","30yr",,,,,"1094960.62",,,,,,""
"2021-08-11","'3140EWHE8'","MBS","UMBS MORTPASS 3% 08/46","30yr",,,,,"1094525.46",,,,,,""
"2021-08-11","'3140JNBN9'","MBS","UMBS MORTPASS 4.5% 01/49","30yr",,,,,"1094137.12",,,,,,""
"2021-08-11","'3140KNQ50'","MBS","UMBS MORTPASS 2% 09/50","30yr",,,,,"1093929.19",,,,,,""
"2021-08-11","'36179HZR5'","MBS","GNMA I MORTPASS 3% 01/43","30yr",,,,,"1093585.63",,,,,,""
"2021-08-11","'3132A5G74'","MBS","UMBS MORTPASS 3.5% 06/47","30yr",,,,,"1093276.9",,,,,,""
"2021-08-11","'36176H2D5'","MBS","GNMA I MORTPASS 3% 08/42","30yr",,,,,"1093020.84",,,,,,""
"2021-08-11","'3140LQY46'","MBS","UMBS MORTPASS 1.5% 07/36","15yr",,,,,"1092156",,,,,,""
"2021-08-11","'3140L7ET5'","MBS","UMBS MORTPASS 2% 03/51","30yr",,,,,"1091992.96",,,,,,""
"2021-08-11","'3133KG3L0'","MBS","UMBS MORTPASS 3% 11/49","30yr",,,,,"1091744.52",,,,,,""
"2021-08-11","'3131XDPJ8'","MBS","UMBS MORTPASS 3.5% 05/28","Other",,,,,"1091486.94",,,,,,""
"2021-08-11","'3140HPXD4'","MBS","UMBS MORTPASS 4% 11/48","30yr",,,,,"1091482.34",,,,,,""
"2021-08-11","'31329KYG3'","MBS","UMBS MORTPASS 4% 06/38","Other",,,,,"1091092.98",,,,,,""
"2021-08-11","'3140K3YZ9'","MBS","UMBS MORTPASS 2.5% 01/35","15yr",,,,,"1090941.12",,,,,,""
"2021-08-11","'31417YF51'","MBS","UMBS MORTPASS 6% 09/39","30yr",,,,,"1090255.44",,,,,,""
"2021-08-11","'36179NTC2'","MBS","GNMA II MORTPASS 3% 11/43","30yr",,,,,"1089390.2",,,,,,""
"2021-08-11","'3140KYKZ6'","MBS","UMBS MORTPASS 2% 04/36","15yr",,,,,"1089353.16",,,,,,""
"2021-08-11","'3140GUPM3'","MBS","UMBS MORTPASS 4% 02/48","30yr",,,,,"1088852.09",,,,,,""
"2021-08-11","'3138YKXY4'","MBS","UMBS MORTPASS 3.5% 06/45","30yr",,,,,"1088398.03",,,,,,""
"2021-08-11","'3140L13J2'","MBS","UMBS MORTPASS 2% 02/51","30yr",,,,,"1087853.93",,,,,,""
"2021-08-11","'3138WFX27'","MBS","UMBS MORTPASS 3% 10/30","15yr",,,,,"1087544.76",,,,,,""
"2021-08-11","'3133A0ZP2'","MBS","UMBS MORTPASS 4.5% 12/49","30yr",,,,,"1087494.26",,,,,,""
"2021-08-11","'3132A9RW9'","MBS","UMBS MORTPASS 2.5% 03/31","15yr",,,,,"1087488.47",,,,,,""
"2021-08-11","'3133AJBD4'","MBS","UMBS MORTPASS 2% 03/51","30yr",,,,,"1087431.71",,,,,,""
"2021-08-11","'3140L8QG8'","MBS","UMBS MORTPASS 2% 05/51","30yr",,,,,"1087078.93",,,,,,""
"2021-08-11","'36178QBQ4'","MBS","GNMA I MORTPASS 3% 09/42","30yr",,,,,"1086994.95",,,,,,""
"2021-08-11","'31307UQW1'","MBS","FHLMCGLD 2.5% 09/32","15yr",,,,,"1086659.97",,,,,,""
"2021-08-11","'3140Q9N25'","MBS","UMBS MORTPASS 4.5% 08/48","30yr",,,,,"1085114.75",,,,,,""
"2021-08-11","'3133AGP37'","MBS","UMBS MORTPASS 1.5% 02/51","30yr",,,,,"1084940.94",,,,,,""
"2021-08-11","'3138X3FV9'","MBS","UMBS MORTPASS 2.5% 08/28","15yr",,,,,"1084800.24",,,,,,""
"2021-08-11","'3138WZSM5'","MBS","UMBS MORTPASS 3% 07/28","15yr",,,,,"1084349.33",,,,,,""
"2021-08-11","'3132A9SK4'","MBS","UMBS MORTPASS 3% 09/31","15yr",,,,,"1084216.1",,,,,,""
"2021-08-11","'3133GDRN2'","MBS","UMBS MORTPASS 1.5% 07/36","15yr",,,,,"1084100.69",,,,,,""
"2021-08-11","'3133A1C75'","MBS","UMBS MORTPASS 3.5% 01/50","30yr",,,,,"1084099.4",,,,,,""
"2021-08-11","'3138AVRH0'","MBS","UMBS MORTPASS 3% 10/26","15yr",,,,,"1083947.58",,,,,,""
"2021-08-11","'3138WJW20'","MBS","UMBS MORTPASS 2.5% 02/32","15yr",,,,,"1083832.69",,,,,,""
"2021-08-11","'3133A0V43'","MBS","UMBS MORTPASS 3.5% 01/50","30yr",,,,,"1083224.58",,,,,,""
"2021-08-11","'3138WDH79'","MBS","UMBS MORTPASS 3% 11/44","30yr",,,,,"1082694.93",,,,,,""
"2021-08-11","'3131Y8L29'","MBS","UMBS MORTPASS 4.5% 12/48","30yr",,,,,"1082400.22",,,,,,""
"2021-08-11","'31307VF68'","MBS","FHLMCGLD 3% 01/33","15yr",,,,,"1082197.71",,,,,,""
"2021-08-11","'3133AGT74'","MBS","UMBS MORTPASS 2.5% 03/51","30yr",,,,,"1082190.03",,,,,,""
"2021-08-11","'3140K1TY2'","MBS","UMBS MORTPASS 3.5% 12/49","30yr",,,,,"1081361.46",,,,,,""
"2021-08-11","'31416XWJ5'","MBS","UMBS MORTPASS 3.5% 03/26","15yr",,,,,"1081086.64",,,,,,""
"2021-08-11","'3132A7NF4'","MBS","UMBS MORTPASS 2.5% 04/28","15yr",,,,,"1080965.41",,,,,,""
"2021-08-11","'3133A7EB1'","MBS","UMBS MORTPASS 2% 07/50","30yr",,,,,"1080513.16",,,,,,""
"2021-08-11","'3133G8CM1'","MBS","UMBS MORTPASS 2% 03/35","15yr",,,,,"1080389.26",,,,,,""
"2021-08-11","'3140XABM3'","MBS","UMBS MORTPASS 2% 03/51","30yr",,,,,"1080387.88",,,,,,""
"2021-08-11","'3140X9DQ5'","MBS","UMBS MORTPASS 2% 01/51","30yr",,,,,"1080288.4",,,,,,""
"2021-08-11","'3140J7T47'","MBS","UMBS MORTPASS 2.5% 04/30","15yr",,,,,"1080032.76",,,,,,""
"2021-08-11","'36181CYY8'","MBS","GNMA I 3.5% 10/43","30yr",,,,,"1080012.64",,,,,,""
"2021-08-11","'3138W13L9'","MBS","UMBS MORTPASS 2.5% 02/28","15yr",,,,,"1079805.71",,,,,,""
"2021-08-11","'3140L52X3'","MBS","UMBS MORTPASS 1.5% 03/51","30yr",,,,,"1079744.95",,,,,,""
"2021-08-11","'3128M8MK7'","MBS","FHLMCGLD 6.5% 01/39","30yr",,,,,"1079646.75",,,,,,"Y"
"2021-08-11","'3140LRHG6'","MBS","UMBS MORTPASS 2.5% 06/51","30yr",,,,,"1079485.1",,,,,,""
"2021-08-11","'3133GDVD9'","MBS","UMBS MORTPASS 1.5% 07/36","15yr",,,,,"1078649",,,,,,""
"2021-08-11","'3131X8X50'","MBS","UMBS MORTPASS 2.5% 03/28","15yr",,,,,"1077560.36",,,,,,""
"2021-08-11","'3140QLG59'","MBS","UMBS MORTPASS 2% 03/51","30yr",,,,,"1076288.62",,,,,,""
"2021-08-11","'3138MBWG7'","MBS","UMBS MORTPASS 2% 09/27","15yr",,,,,"1075491.75",,,,,,""
"2021-08-11","'3133GBBA1'","MBS","UMBS MORTPASS 1.5% 11/35","15yr",,,,,"1075335.27",,,,,,""
"2021-08-11","'3140LPUF7'","MBS","UMBS MORTPASS 2% 05/51","30yr",,,,,"1075087.28",,,,,,""
"2021-08-11","'3140L3EV9'","MBS","UMBS MORTPASS 1.5% 03/36","15yr",,,,,"1074776.93",,,,,,""
"2021-08-11","'31307TM32'","MBS","FHLMCGLD 3.5% 04/32","15yr",,,,,"1074393.64",,,,,,""
"2021-08-11","'3140JLSJ4'","MBS","UMBS MORTPASS 1.5% 03/36","15yr",,,,,"1073396.87",,,,,,""
"2021-08-11","'3133A92S3'","MBS","UMBS MORTPASS 2% 09/50","30yr",,,,,"1073069.53",,,,,,""
"2021-08-11","'31418CQ80'","MBS","UMBS MORTPASS 2% 10/27","Other",,,,,"1072912.45",,,,,,""
"2021-08-11","'3133ALX29'","MBS","UMBS MORTPASS 2% 06/51","30yr",,,,,"1072799.3",,,,,,""
"2021-08-11","'3140K83N9'","MBS","UMBS MORTPASS 3% 05/50","30yr",,,,,"1072446.36",,,,,,""
"2021-08-11","'3138W9M72'","MBS","UMBS MORTPASS 3% 09/28","15yr",,,,,"1072439.16",,,,,,""
"2021-08-11","'3138M86V0'","MBS","UMBS MORTPASS 3.5% 08/42","30yr",,,,,"1072430.28",,,,,,""
"2021-08-11","'31417EV32'","MBS","UMBS MORTPASS 3% 02/28","15yr",,,,,"1072188.17",,,,,,""
"2021-08-11","'31329MPG9'","MBS","UMBS MORTPASS 2% 02/27","Other",,,,,"1071982.85",,,,,,""
"2021-08-11","'31307GPT0'","MBS","FHLMCGLD 3% 03/29","15yr",,,,,"1071411.85",,,,,,""
"2021-08-11","'3140J7W27'","MBS","UMBS MORTPASS 2.5% 01/32","15yr",,,,,"1071349.85",,,,,,""
"2021-08-11","'3140HF5M7'","MBS","UMBS MORTPASS 2% 06/45","30yr",,,,,"1071103.94",,,,,,""
"2021-08-11","'3132MAVC2'","MBS","FHLMCGLD 3.5% 11/44","30yr",,,,,"1070478.21",,,,,,""
"2021-08-11","'3132M56Z0'","MBS","FHLMCGLD 4% 04/44","30yr",,,,,"1070438.04",,,,,,""
"2021-08-11","'3140KWBH0'","MBS","UMBS MORTPASS 1.5% 02/51","30yr",,,,,"1070272.48",,,,,,""
"2021-08-11","'3140K3BL5'","MBS","UMBS MORTPASS 3% 01/50","30yr",,,,,"1069881.41",,,,,,""
"2021-08-11","'3140GNZW6'","MBS","UMBS MORTPASS 3.5% 08/49","30yr",,,,,"1069728.4",,,,,,""
"2021-08-11","'3140HAW97'","MBS","UMBS MORTPASS 3.5% 08/44","30yr",,,,,"1069695.76",,,,,,""
"2021-08-11","'3138X2U69'","MBS","UMBS MORTPASS 3% 09/28","15yr",,,,,"1069422.44",,,,,,""
"2021-08-11","'3140QDAZ7'","MBS","UMBS MORTPASS 3% 03/50","30yr",,,,,"1069387.09",,,,,,""
"2021-08-11","'3138E97G9'","MBS","UMBS MORTPASS 3% 02/27","15yr",,,,,"1069159.69",,,,,,""
"2021-08-11","'3132DMHH1'","MBS","UMBS MORTPASS 3% 01/50","30yr",,,,,"1069156.72",,,,,,""
"2021-08-11","'3140KRGY9'","MBS","UMBS MORTPASS 2% 09/35","15yr",,,,,"1069094.35",,,,,,""
"2021-08-11","'3140EYQJ3'","MBS","UMBS MORTPASS 2.5% 04/31","15yr",,,,,"1069066.31",,,,,,""
"2021-08-11","'3138MGJ63'","MBS","UMBS MORTPASS 2.5% 10/42","30yr",,,,,"1068891.27",,,,,,""
"2021-08-11","'36178NNN5'","MBS","GNMA I MORTPASS 3% 12/42","30yr",,,,,"1068841.93",,,,,,""
"2021-08-11","'36180DWX1'","MBS","GNMA I 3.5% 06/43","30yr",,,,,"1068502.08",,,,,,""
"2021-08-11","'3133ALLL0'","MBS","UMBS MORTPASS 2% 05/51","30yr",,,,,"1068422.47",,,,,,""
"2021-08-11","'36202FEG7'","MBS","GNMA II MORTPASS 4% 02/40","30yr",,,,,"1067705.82",,,,,,""
"2021-08-11","'31307PHK8'","MBS","FHLMCGLD 2.5% 10/30","15yr",,,,,"1067553.95",,,,,,""
"2021-08-11","'3132A9SE8'","MBS","UMBS MORTPASS 2.5% 08/31","15yr",,,,,"1067253.41",,,,,,""
"2021-08-11","'3140JUS39'","MBS","UMBS MORTPASS 4.5% 05/49","30yr",,,,,"1067218.59",,,,,,""
"2021-08-11","'3132MANG2'","MBS","FHLMCGLD 3.5% 10/44","30yr",,,,,"1067191.99",,,,,,""
"2021-08-11","'36230SLG7'","MBS","GNMA I 3.5% 06/42","30yr",,,,,"1067129.09",,,,,,""
"2021-08-11","'31418AZ27'","MBS","UMBS MORTPASS 3% 11/23","Other",,,,,"1066758.52",,,,,,""
"2021-08-11","'31418BM29'","MBS","UMBS MORTPASS 3% 02/35","Other",,,,,"1066431.75",,,,,,""
"2021-08-11","'3132QMHV6'","MBS","FHLMCGLD 3.5% 02/45","30yr",,,,,"1066302.27",,,,,,""
"2021-08-11","'3138YMPC7'","MBS","UMBS MORTPASS 3% 04/45","30yr",,,,,"1066184.32",,,,,,""
"2021-08-11","'3140E3BT5'","MBS","UMBS MORTPASS 2.5% 10/30","15yr",,,,,"1065310.48",,,,,,""
"2021-08-11","'3140KC3Y6'","MBS","UMBS MORTPASS 2.5% 03/50","30yr",,,,,"1065276.87",,,,,,""
"2021-08-11","'3133AN7H1'","MBS","UMBS MORTPASS 2% 07/51","30yr",,,,,"1064978",,,,,,""
"2021-08-11","'3140JWQB9'","MBS","UMBS MORTPASS 3.5% 10/49","30yr",,,,,"1064718.99",,,,,,""
"2021-08-11","'3138WTBB1'","MBS","UMBS MORTPASS 3% 06/28","15yr",,,,,"1064586.01",,,,,,""
"2021-08-11","'3140KC3X8'","MBS","UMBS MORTPASS 2.5% 04/35","15yr",,,,,"1063755.41",,,,,,""
"2021-08-11","'31329KVT8'","MBS","UMBS MORTPASS 2.5% 07/36","Other",,,,,"1063504.75",,,,,,""
"2021-08-11","'31307GBP3'","MBS","FHLMCGLD 3.5% 02/29","15yr",,,,,"1062823.08",,,,,,""
"2021-08-11","'3140JRAT8'","MBS","UMBS MORTPASS 4% 03/49","30yr",,,,,"1062772.35",,,,,,""
"2021-08-11","'36177TMC8'","MBS","GNMA I MORTPASS 3% 09/42","30yr",,,,,"1062703.12",,,,,,""
"2021-08-11","'3140L1FP5'","MBS","UMBS MORTPASS 2% 09/35","15yr",,,,,"1062327.63",,,,,,""
"2021-08-11","'3133G6DK8'","MBS","UMBS MORTPASS 3% 06/34","15yr",,,,,"1062144.94",,,,,,""
"2021-08-11","'3133GAEW2'","MBS","UMBS MORTPASS 2% 10/35","15yr",,,,,"1062114.73",,,,,,""
"2021-08-11","'31418DSN3'","MBS","UMBS MORTPASS 2.5% 09/35","15yr",,,,,"1061992.85",,,,,,""
"2021-08-11","'3131X76P8'","MBS","UMBS MORTPASS 2.5% 09/27","15yr",,,,,"1061931.55",,,,,,""
"2021-08-11","'3138EHD58'","MBS","UMBS MORTPASS 3% 11/26","15yr",,,,,"1061842.74",,,,,,""
"2021-08-11","'3133LPTE7'","MBS","UMBS MORTPASS 1.5% 02/31","Other",,,,,"1061647.48",,,,,,""
"2021-08-11","'3140KC4C3'","MBS","UMBS MORTPASS 2.5% 05/35","15yr",,,,,"1061568.75",,,,,,""
"2021-08-11","'3140EVAP2'","MBS","UMBS MORTPASS 2.5% 05/31","15yr",,,,,"1061500.7",,,,,,""
"2021-08-11","'3133AGML0'","MBS","UMBS MORTPASS 2.5% 03/51","30yr",,,,,"1060928.24",,,,,,""
"2021-08-11","'3131Y7VH7'","MBS","UMBS MORTPASS 4% 11/48","30yr",,,,,"1060918.7",,,,,,""
"2021-08-11","'3133AKRH5'","MBS","UMBS MORTPASS 1.5% 04/51","30yr",,,,,"1060618.78",,,,,,""
"2021-08-11","'3138XCXG2'","MBS","UMBS MORTPASS 3% 11/28","15yr",,,,,"1060220.88",,,,,,""
"2021-08-11","'3138LUQ32'","MBS","UMBS MORTPASS 2.5% 05/27","15yr",,,,,"1060073.76",,,,,,""
"2021-08-11","'3132A7YD7'","MBS","UMBS MORTPASS 3% 08/24","Other",,,,,"1059535.8",,,,,,""
"2021-08-11","'3138NXWM5'","MBS","UMBS MORTPASS 2.5% 01/28","15yr",,,,,"1059078.06",,,,,,""
"2021-08-11","'36296QHR3'","MBS","GNMA I 4.5% 02/39","30yr",,,,,"1058765.03",,,,,,""
"2021-08-11","'3140E8GK8'","MBS","UMBS MORTPASS 2.5% 05/31","15yr",,,,,"1058690.58",,,,,,""
"2021-08-11","'3133GBVR2'","MBS","UMBS MORTPASS 2% 12/35","15yr",,,,,"1058523.13",,,,,,""
"2021-08-11","'3140HARJ1'","MBS","UMBS MORTPASS 3.5% 04/33","15yr",,,,,"1058441.21",,,,,,""
"2021-08-11","'3138WND48'","MBS","UMBS MORTPASS 3% 04/28","15yr",,,,,"1058427.97",,,,,,""
"2021-08-11","'3132D54T6'","MBS","UMBS MORTPASS 2% 01/35","15yr",,,,,"1058268.77",,,,,,""
"2021-08-11","'36295R4L9'","MBS","GNMA I MORTPASS 4% 03/39","30yr",,,,,"1058191.11",,,,,,""
"2021-08-11","'36181ECY8'","MBS","GNMA I MORTPASS 3% 06/43","30yr",,,,,"1058137.16",,,,,,""
"2021-08-11","'3140H8AR6'","MBS","UMBS MORTPASS 2.5% 01/50","30yr",,,,,"1058105.92",,,,,,""
"2021-08-11","'3140LQYV6'","MBS","UMBS MORTPASS 2% 04/51","30yr",,,,,"1058082.09",,,,,,""
"2021-08-11","'3140HMPS7'","MBS","UMBS MORTPASS 3% 09/33","15yr",,,,,"1057650.68",,,,,,""
"2021-08-11","'3140L5EA0'","MBS","UMBS MORTPASS 1.5% 06/36","15yr",,,,,"1056974.1",,,,,,""
"2021-08-11","'3140KEZG6'","MBS","UMBS MORTPASS 2% 08/35","15yr",,,,,"1056880.52",,,,,,""
"2021-08-11","'3138X7L43'","MBS","UMBS MORTPASS 3% 10/28","15yr",,,,,"1056852.84",,,,,,""
"2021-08-11","'3131X7QB7'","MBS","UMBS MORTPASS 3% 04/27","15yr",,,,,"1056809.34",,,,,,""
"2021-08-11","'3128MEPH8'","MBS","FHLMCGLD 3% 09/27","15yr",,,,,"1056623.87",,,,,,""
"2021-08-11","'3131X8R73'","MBS","UMBS MORTPASS 2.5% 02/28","15yr",,,,,"1056128.16",,,,,,""
"2021-08-11","'3133A34Y1'","MBS","UMBS MORTPASS 2.5% 04/50","30yr",,,,,"1055920.84",,,,,,""
"2021-08-11","'36180NP33'","MBS","GNMA I MORTPASS 3% 04/43","30yr",,,,,"1054647.36",,,,,,""
"2021-08-11","'36182AF89'","MBS","GNMA I MORTPASS 4% 09/43","30yr",,,,,"1054562.78",,,,,,""
"2021-08-11","'3140L6KQ6'","MBS","UMBS MORTPASS 2% 04/36","15yr",,,,,"1054527.52",,,,,,""
"2021-08-11","'3138WWXA2'","MBS","UMBS MORTPASS 3% 06/28","15yr",,,,,"1054406.54",,,,,,""
"2021-08-11","'3140H5NR8'","MBS","UMBS MORTPASS 3% 02/33","15yr",,,,,"1053785.88",,,,,,""
"2021-08-11","'3131X85T9'","MBS","UMBS MORTPASS 2.5% 04/28","15yr",,,,,"1053780.82",,,,,,""
"2021-08-11","'3138YUH79'","MBS","UMBS MORTPASS 3% 09/30","15yr",,,,,"1053172.73",,,,,,""
"2021-08-11","'3140FMEH5'","MBS","UMBS MORTPASS 3% 11/31","15yr",,,,,"1052807.92",,,,,,""
"2021-08-11","'31329LD58'","MBS","UMBS MORTPASS 2.5% 02/28","15yr",,,,,"1052681.6",,,,,,""
"2021-08-11","'3138X6E76'","MBS","UMBS MORTPASS 3.5% 01/29","15yr",,,,,"1052588.44",,,,,,""
"2021-08-11","'31418CV35'","MBS","UMBS MORTPASS 4% 04/48","30yr",,,,,"1052519.09",,,,,,""
"2021-08-11","'3132A7XA4'","MBS","UMBS MORTPASS 2.5% 07/29","15yr",,,,,"1052509.05",,,,,,""
"2021-08-11","'3140Q8J71'","MBS","UMBS MORTPASS 3.5% 02/43","30yr",,,,,"1052299.29",,,,,,""
"2021-08-11","'31292MEN9'","MBS","FHLMCGLD 3% 03/43","30yr",,,,,"1052032.91",,,,,,""
"2021-08-11","'3132A8XP9'","MBS","UMBS MORTPASS 2.5% 11/32","15yr",,,,,"1051344.1",,,,,,""
"2021-08-11","'3128MMWW9'","MBS","FHLMCGLD 3.5% 09/32","15yr",,,,,"1050973.58",,,,,,""
"2021-08-11","'3128MERR4'","MBS","FHLMCGLD 3% 12/30","15yr",,,,,"1050553.2",,,,,,""
"2021-08-11","'3140KQNW7'","MBS","UMBS MORTPASS 2.5% 09/50","30yr",,,,,"1050511.64",,,,,,""
"2021-08-11","'31418AEJ3'","MBS","UMBS MORTPASS 2.5% 04/22","Other",,,,,"1050454.48",,,,,,""
"2021-08-11","'3140JUUF9'","MBS","UMBS MORTPASS 4.5% 06/49","30yr",,,,,"1050161.03",,,,,,""
"2021-08-11","'3140K7GU1'","MBS","UMBS MORTPASS 3% 01/50","30yr",,,,,"1050114.99",,,,,,""
"2021-08-11","'3138YKTG8'","MBS","UMBS MORTPASS 3% 05/45","30yr",,,,,"1050026",,,,,,""
"2021-08-11","'3131Y7FX0'","MBS","UMBS MORTPASS 3% 11/33","15yr",,,,,"1049707.28",,,,,,""
"2021-08-11","'3131X7CG1'","MBS","UMBS MORTPASS 3% 10/26","15yr",,,,,"1049469.89",,,,,,""
"2021-08-11","'31417DJR5'","MBS","UMBS MORTPASS 2% 10/27","15yr",,,,,"1049338.72",,,,,,""
"2021-08-11","'3133KKAH2'","MBS","UMBS MORTPASS 2.5% 09/50","30yr",,,,,"1049316.92",,,,,,""
"2021-08-11","'3133AGE54'","MBS","UMBS MORTPASS 2% 02/51","30yr",,,,,"1048929.38",,,,,,""
"2021-08-11","'3140JNWN6'","MBS","UMBS MORTPASS 4% 05/49","30yr",,,,,"1048738.65",,,,,,""
"2021-08-11","'3138X6FU4'","MBS","UMBS MORTPASS 3.5% 02/29","15yr",,,,,"1048715.99",,,,,,""
"2021-08-11","'3138W9DL1'","MBS","UMBS MORTPASS 3% 08/28","15yr",,,,,"1048695.55",,,,,,""
"2021-08-11","'3133A3EK0'","MBS","UMBS MORTPASS 2.5% 03/45","30yr",,,,,"1048486.54",,,,,,""
"2021-08-11","'3133GDUV0'","MBS","UMBS MORTPASS 2% 07/36","15yr",,,,,"1048175",,,,,,""
"2021-08-11","'3133HMCR8'","MBS","UMBS MORTPASS 2.5% 03/30","Other",,,,,"1047804.98",,,,,,""
"2021-08-11","'3140KT2T1'","MBS","UMBS MORTPASS 1.5% 01/51","30yr",,,,,"1047766.21",,,,,,""
"2021-08-11","'31307FY21'","MBS","FHLMCGLD 3% 01/29","15yr",,,,,"1047699.82",,,,,,""
"2021-08-11","'3131XDH32'","MBS","UMBS MORTPASS 3% 02/33","15yr",,,,,"1047559.52",,,,,,""
"2021-08-11","'3138WHWP3'","MBS","UMBS MORTPASS 2.5% 09/31","15yr",,,,,"1047477.06",,,,,,""
"2021-08-11","'31307UFT0'","MBS","FHLMCGLD 3.5% 07/32","15yr",,,,,"1047094.78",,,,,,""
"2021-08-11","'31307PCR8'","MBS","FHLMCGLD 2.5% 09/30","15yr",,,,,"1047065.71",,,,,,""
"2021-08-11","'3140K2AY0'","MBS","UMBS MORTPASS 3% 09/49","30yr",,,,,"1046655.96",,,,,,""
"2021-08-11","'3133G9MT3'","MBS","UMBS MORTPASS 2% 07/35","15yr",,,,,"1046534.47",,,,,,""
"2021-08-11","'36297FH88'","MBS","GNMA I MORTPASS 4% 07/39","30yr",,,,,"1045846.73",,,,,,""
"2021-08-11","'3133GAUP9'","MBS","UMBS MORTPASS 2% 11/35","15yr",,,,,"1045539.64",,,,,,""
"2021-08-11","'31307D2B1'","MBS","FHLMCGLD 3% 08/28","15yr",,,,,"1045045.12",,,,,,""
"2021-08-11","'3140L1L52'","MBS","UMBS MORTPASS 1.5% 03/36","15yr",,,,,"1045007.11",,,,,,""
"2021-08-11","'3140EAPJ6'","MBS","UMBS MORTPASS 3% 11/30","15yr",,,,,"1044899.38",,,,,,""
"2021-08-11","'3131XVVQ5'","MBS","UMBS MORTPASS 3% 01/47","30yr",,,,,"1044533.39",,,,,,""
"2021-08-11","'3140X7M30'","MBS","UMBS MORTPASS 2% 08/50","30yr",,,,,"1044227.69",,,,,,""
"2021-08-11","'3140QDP81'","MBS","UMBS MORTPASS 3% 12/49","30yr",,,,,"1043848.31",,,,,,""
"2021-08-11","'3140L6EE0'","MBS","UMBS MORTPASS 2% 04/36","15yr",,,,,"1043835.85",,,,,,""
"2021-08-11","'3140L2MU4'","MBS","UMBS MORTPASS 2% 03/51","30yr",,,,,"1042628.31",,,,,,""
"2021-08-11","'3133AKJT8'","MBS","UMBS MORTPASS 2.5% 04/51","30yr",,,,,"1042389.79",,,,,,""
"2021-08-11","'36180ULX5'","MBS","GNMA I MORTPASS 3% 05/43","30yr",,,,,"1041766.61",,,,,,""
"2021-08-11","'36230SKF0'","MBS","GNMA I 3.5% 03/42","30yr",,,,,"1041133.84",,,,,,""
"2021-08-11","'3140JUDL5'","MBS","UMBS MORTPASS 4% 05/49","30yr",,,,,"1041099.85",,,,,,""
"2021-08-11","'3140KRHQ5'","MBS","UMBS MORTPASS 2% 09/35","15yr",,,,,"1041093.06",,,,,,""
"2021-08-11","'36241LUQ7'","MBS","GNMA II MORTPASS 4% 03/41","30yr",,,,,"1040976.01",,,,,,""
"2021-08-11","'3140HF2K4'","MBS","UMBS MORTPASS 4% 03/48","30yr",,,,,"1040344.99",,,,,,""
"2021-08-11","'36176H4X9'","MBS","GNMA I MORTPASS 3% 03/43","30yr",,,,,"1039932.85",,,,,,""
"2021-08-11","'3140KCTF9'","MBS","UMBS MORTPASS 3% 04/50","30yr",,,,,"1039754.91",,,,,,""
"2021-08-11","'3132A5G82'","MBS","UMBS MORTPASS 4% 06/47","30yr",,,,,"1039618.49",,,,,,""
"2021-08-11","'3140L4MX4'","MBS","UMBS MORTPASS 1.5% 04/51","30yr",,,,,"1039295.42",,,,,,""
"2021-08-11","'3131X6HA1'","MBS","UMBS MORTPASS 3% 01/26","15yr",,,,,"1038863.85",,,,,,""
"2021-08-11","'31418BYW0'","MBS","UMBS MORTPASS 3% 02/31","15yr",,,,,"1038465.26",,,,,,""
"2021-08-11","'3140L5L46'","MBS","UMBS MORTPASS 2.5% 02/51","30yr",,,,,"1038362.79",,,,,,""
"2021-08-11","'3131XB4E6'","MBS","UMBS MORTPASS 2.5% 05/31","15yr",,,,,"1037419.88",,,,,,""
"2021-08-11","'3132J6EC4'","MBS","FHLMCGLD 3% 02/43","30yr",,,,,"1037143.08",,,,,,""
"2021-08-11","'3140E6M74'","MBS","UMBS MORTPASS 2.5% 11/30","15yr",,,,,"1037096.51",,,,,,""
"2021-08-11","'3131Y9FC2'","MBS","UMBS MORTPASS 4.5% 01/49","30yr",,,,,"1036733.79",,,,,,""
"2021-08-11","'3140LVBN8'","MBS","UMBS MORTPASS 1.5% 07/36","15yr",,,,,"1036544",,,,,,""
"2021-08-11","'3138NYD28'","MBS","UMBS MORTPASS 2.5% 01/23","Other",,,,,"1036296.83",,,,,,""
"2021-08-11","'3140KRRC5'","MBS","UMBS MORTPASS 2.5% 11/50","30yr",,,,,"1035882.63",,,,,,""
"2021-08-11","'3140L6TL8'","MBS","UMBS MORTPASS 2% 03/36","15yr",,,,,"1034757.52",,,,,,""
"2021-08-11","'36178NLD9'","MBS","GNMA I MORTPASS 3% 10/42","30yr",,,,,"1034204.66",,,,,,""
"2021-08-11","'3620AQKF9'","MBS","GNMA I MORTPASS 5% 03/40","30yr",,,,,"1033901.92",,,,,,""
"2021-08-11","'3140F2P61'","MBS","UMBS MORTPASS 2.5% 05/31","15yr",,,,,"1033241.53",,,,,,""
"2021-08-11","'3138WJM96'","MBS","UMBS MORTPASS 3% 12/46","30yr",,,,,"1033048.68",,,,,,""
"2021-08-11","'3140KGFW8'","MBS","UMBS MORTPASS 3% 06/50","30yr",,,,,"1032760.54",,,,,,""
"2021-08-11","'3140JRWP2'","MBS","UMBS MORTPASS 4.5% 04/49","30yr",,,,,"1032725.05",,,,,,""
"2021-08-11","'3138M1PB8'","MBS","UMBS MORTPASS 3.5% 07/42","30yr",,,,,"1032648.96",,,,,,""
"2021-08-11","'3132AAGK4'","MBS","UMBS MORTPASS 2.5% 05/36","Other",,,,,"1032430.9",,,,,,""
"2021-08-11","'36296LNC0'","MBS","GNMA I MORTPASS 4% 04/39","30yr",,,,,"1032383.72",,,,,,""
"2021-08-11","'31416XAJ9'","MBS","UMBS MORTPASS 4% 11/40","30yr",,,,,"1032351.11",,,,,,""
"2021-08-11","'31417ESE2'","MBS","UMBS MORTPASS 2.5% 01/28","15yr",,,,,"1031919.84",,,,,,""
"2021-08-11","'3138X5N94'","MBS","UMBS MORTPASS 3% 08/28","15yr",,,,,"1031824.77",,,,,,""
"2021-08-11","'36230SKG8'","MBS","GNMA I 3.5% 03/42","30yr",,,,,"1031797.67",,,,,,""
"2021-08-11","'31418CNY6'","MBS","UMBS MORTPASS 3% 08/47","30yr",,,,,"1031666.59",,,,,,""
"2021-08-11","'3133KGFF0'","MBS","UMBS MORTPASS 3.5% 06/49","30yr",,,,,"1031659.84",,,,,,""
"2021-08-11","'3133KJWL2'","MBS","UMBS MORTPASS 2.5% 08/50","30yr",,,,,"1031307.3",,,,,,""
"2021-08-11","'3140LTLH5'","MBS","UMBS MORTPASS 2.5% 07/51","30yr",,,,,"1031130",,,,,,""
"2021-08-11","'3133AFAF8'","MBS","UMBS MORTPASS 2.5% 01/51","30yr",,,,,"1031038.44",,,,,,""
"2021-08-11","'3140K4EM8'","MBS","UMBS MORTPASS 2.5% 11/34","15yr",,,,,"1030906.7",,,,,,""
"2021-08-11","'3138WDM57'","MBS","UMBS MORTPASS 2.5% 05/29","15yr",,,,,"1030781.27",,,,,,""
"2021-08-11","'31418DJG8'","MBS","UMBS MORTPASS 3% 12/29","Other",,,,,"1030770.77",,,,,,""
"2021-08-11","'3138YXSW6'","MBS","UMBS MORTPASS 2.5% 09/30","15yr",,,,,"1030533.71",,,,,,""
"2021-08-11","'3133A2KR0'","MBS","UMBS MORTPASS 3% 02/50","30yr",,,,,"1030362.07",,,,,,""
"2021-08-11","'3620ACZ98'","MBS","GNMA I 4.5% 08/39","30yr",,,,,"1029855.01",,,,,,""
"2021-08-11","'3140KUD25'","MBS","UMBS MORTPASS 2% 11/35","15yr",,,,,"1029613.91",,,,,,""
"2021-08-11","'3140L6LZ5'","MBS","UMBS MORTPASS 1.5% 02/36","15yr",,,,,"1029289.1",,,,,,""
"2021-08-11","'3140LPQ21'","MBS","UMBS MORTPASS 2% 05/51","30yr",,,,,"1029236.43",,,,,,""
"2021-08-11","'3131X64S6'","MBS","UMBS MORTPASS 3% 09/26","15yr",,,,,"1028178.75",,,,,,""
"2021-08-11","'3138WD6C0'","MBS","UMBS MORTPASS 3% 02/30","15yr",,,,,"1027930.58",,,,,,""
"2021-08-11","'3140LPSG8'","MBS","UMBS MORTPASS 2% 06/51","30yr",,,,,"1027397.59",,,,,,""
"2021-08-11","'3133AGF53'","MBS","UMBS MORTPASS 2% 02/51","30yr",,,,,"1027095.59",,,,,,""
"2021-08-11","'36296FTQ6'","MBS","GNMA I 4.5% 07/39","30yr",,,,,"1027008.64",,,,,,""
"2021-08-11","'3131X8FG6'","MBS","UMBS MORTPASS 2.5% 10/27","15yr",,,,,"1026951.63",,,,,,""
"2021-08-11","'3131Y2PG7'","MBS","UMBS MORTPASS 3.5% 08/48","30yr",,,,,"1026794.35",,,,,,""
"2021-08-11","'3138X2WN0'","MBS","UMBS MORTPASS 3% 08/28","15yr",,,,,"1026631.4",,,,,,""
"2021-08-11","'3133ALBF4'","MBS","UMBS MORTPASS 2% 05/51","30yr",,,,,"1026303.95",,,,,,""
"2021-08-11","'3138X0ZY7'","MBS","UMBS MORTPASS 2.5% 07/28","15yr",,,,,"1026172.5",,,,,,""
"2021-08-11","'3132A9PT8'","MBS","UMBS MORTPASS 2.5% 08/29","15yr",,,,,"1025759.5",,,,,,""
"2021-08-11","'31307UVX3'","MBS","FHLMCGLD 3% 11/27","15yr",,,,,"1025594.78",,,,,,""
"2021-08-11","'3131Y0Z62'","MBS","UMBS MORTPASS 4% 04/48","30yr",,,,,"1025361.8",,,,,,""
"2021-08-11","'3138AS5N8'","MBS","UMBS MORTPASS 3.5% 09/26","15yr",,,,,"1025349.23",,,,,,""
"2021-08-11","'3138XXGR1'","MBS","UMBS MORTPASS 3% 01/27","15yr",,,,,"1025230.08",,,,,,""
"2021-08-11","'3140F9KM6'","MBS","UMBS MORTPASS 4.5% 01/47","30yr",,,,,"1025219.6",,,,,,""
"2021-08-11","'3140LNM87'","MBS","UMBS MORTPASS 2% 05/51","30yr",,,,,"1025018.58",,,,,,""
"2021-08-11","'36181A2H4'","MBS","GNMA I MORTPASS 3% 05/43","30yr",,,,,"1024950.68",,,,,,""
"2021-08-11","'36295WER4'","MBS","GNMA I 4.5% 11/39","30yr",,,,,"1024331.79",,,,,,""
"2021-08-11","'3140LSDS2'","MBS","UMBS MORTPASS 2% 06/36","15yr",,,,,"1024190.27",,,,,,""
"2021-08-11","'3138Y7MZ2'","MBS","UMBS MORTPASS 2.5% 10/29","15yr",,,,,"1024055.97",,,,,,""
"2021-08-11","'3140KAJD9'","MBS","UMBS MORTPASS 3% 04/50","30yr",,,,,"1023968.31",,,,,,""
"2021-08-11","'3140L8FL9'","MBS","UMBS MORTPASS 2% 04/51","30yr",,,,,"1023501.94",,,,,,""
"2021-08-11","'3140KYJG0'","MBS","UMBS MORTPASS 2% 12/50","30yr",,,,,"1023012.67",,,,,,""
"2021-08-11","'31307T5P2'","MBS","FHLMCGLD 3% 06/32","15yr",,,,,"1023010.16",,,,,,""
"2021-08-11","'3133AJX24'","MBS","UMBS MORTPASS 2% 04/51","30yr",,,,,"1022978.73",,,,,,""
"2021-08-11","'3140K4E55'","MBS","UMBS MORTPASS 3% 11/49","30yr",,,,,"1022977.92",,,,,,""
"2021-08-11","'3140QCSS6'","MBS","UMBS MORTPASS 2% 01/30","Other",,,,,"1022864.79",,,,,,""
"2021-08-11","'3129293H3'","MBS","FHLMCGLD 5% 12/38","30yr",,,,,"1022836.9",,,,,,""
"2021-08-11","'3140GY4N6'","MBS","UMBS MORTPASS 3% 10/32","15yr",,,,,"1022833.07",,,,,,""
"2021-08-11","'31417FL55'","MBS","UMBS MORTPASS 2.5% 02/28","15yr",,,,,"1022829.29",,,,,,""
"2021-08-11","'3140L5Y83'","MBS","UMBS MORTPASS 2% 03/51","30yr",,,,,"1022740.18",,,,,,""
"2021-08-11","'3140L1SN6'","MBS","UMBS MORTPASS 2% 01/51","30yr",,,,,"1022723.66",,,,,,""
"2021-08-11","'3132A77M7'","MBS","UMBS MORTPASS 2% 07/25","Other",,,,,"1022553.3",,,,,,""
"2021-08-11","'3140K8H38'","MBS","UMBS MORTPASS 3.5% 01/50","30yr",,,,,"1022402.88",,,,,,""
"2021-08-11","'31417EXX4'","MBS","UMBS MORTPASS 2% 02/28","15yr",,,,,"1021749.08",,,,,,""
"2021-08-11","'3138X9QP7'","MBS","UMBS MORTPASS 4.5% 02/44","30yr",,,,,"1021671.23",,,,,,""
"2021-08-11","'36180ULW7'","MBS","GNMA I MORTPASS 3% 05/43","30yr",,,,,"1021613.32",,,,,,""
"2021-08-11","'3133GAUB0'","MBS","UMBS MORTPASS 1.5% 11/35","15yr",,,,,"1021361.66",,,,,,""
"2021-08-11","'3133A8GR2'","MBS","UMBS MORTPASS 2% 08/50","30yr",,,,,"1021111.87",,,,,,""
"2021-08-11","'3140L5D94'","MBS","UMBS MORTPASS 1.5% 05/36","15yr",,,,,"1020734.66",,,,,,""
"2021-08-11","'36179EKL1'","MBS","GNMA I MORTPASS 3% 02/43","30yr",,,,,"1020576.86",,,,,,""
"2021-08-11","'3131XBND7'","MBS","UMBS MORTPASS 3% 02/29","15yr",,,,,"1020083.75",,,,,,""
"2021-08-11","'3140KBFP4'","MBS","UMBS MORTPASS 2% 02/36","15yr",,,,,"1020060.34",,,,,,""
"2021-08-11","'3140H6N70'","MBS","UMBS MORTPASS 3% 02/33","15yr",,,,,"1019950.28",,,,,,""
"2021-08-11","'31329LAW2'","MBS","UMBS MORTPASS 2.5% 03/27","15yr",,,,,"1019854.65",,,,,,""
"2021-08-11","'31329LE99'","MBS","UMBS MORTPASS 2.5% 01/28","15yr",,,,,"1019671.81",,,,,,""
"2021-08-11","'3133A4ET9'","MBS","UMBS MORTPASS 3% 04/45","30yr",,,,,"1019330.08",,,,,,""
"2021-08-11","'31329QZK0'","MBS","UMBS MORTPASS 4% 05/49","30yr",,,,,"1018904.23",,,,,,""
"2021-08-11","'3132J9YK8'","MBS","FHLMCGLD 3% 05/43","30yr",,,,,"1018102.93",,,,,,""
"2021-08-11","'31307LES3'","MBS","FHLMCGLD 3% 12/29","15yr",,,,,"1017948.56",,,,,,""
"2021-08-11","'3138MHNB5'","MBS","UMBS MORTPASS 3.5% 11/42","30yr",,,,,"1017933.7",,,,,,""
"2021-08-11","'36176H5J9'","MBS","GNMA I MORTPASS 3% 04/43","30yr",,,,,"1017872.68",,,,,,""
"2021-08-11","'3140HND58'","MBS","UMBS MORTPASS 2% 08/35","15yr",,,,,"1017314.12",,,,,,""
"2021-08-11","'3140LRDZ8'","MBS","UMBS MORTPASS 1.5% 07/36","15yr",,,,,"1017072",,,,,,""
"2021-08-11","'31307QNW3'","MBS","FHLMCGLD 2.5% 03/31","15yr",,,,,"1017014.3",,,,,,""
"2021-08-11","'3140J57D5'","MBS","UMBS MORTPASS 3% 06/32","15yr",,,,,"1016795.45",,,,,,""
"2021-08-11","'3140X6XW6'","MBS","UMBS MORTPASS 4.5% 02/50","30yr",,,,,"1016246.76",,,,,,""
"2021-08-11","'3138AXFT3'","MBS","UMBS MORTPASS 3% 01/27","15yr",,,,,"1016137.17",,,,,,""
"2021-08-11","'3140KRJ83'","MBS","UMBS MORTPASS 2% 11/35","15yr",,,,,"1015768.68",,,,,,""
"2021-08-11","'3133GC4T6'","MBS","UMBS MORTPASS 1.5% 04/36","15yr",,,,,"1015645.09",,,,,,""
"2021-08-11","'36180MXT9'","MBS","GNMA I 3.5% 03/43","30yr",,,,,"1015551",,,,,,""
"2021-08-11","'3140HN5H1'","MBS","UMBS MORTPASS 3.5% 09/48","30yr",,,,,"1015494.11",,,,,,""
"2021-08-11","'3140L6F58'","MBS","UMBS MORTPASS 2% 06/51","30yr",,,,,"1015459.21",,,,,,""
"2021-08-11","'3138EMEK3'","MBS","UMBS MORTPASS 2.5% 11/27","15yr",,,,,"1015077.99",,,,,,""
"2021-08-11","'3140L77B2'","MBS","UMBS MORTPASS 2% 04/51","30yr",,,,,"1014898.99",,,,,,""
"2021-08-11","'3133AETS3'","MBS","UMBS MORTPASS 2.5% 01/51","30yr",,,,,"1014649.37",,,,,,""
"2021-08-11","'3131XDHF5'","MBS","UMBS MORTPASS 3% 01/33","15yr",,,,,"1014565.84",,,,,,""
"2021-08-11","'3140LPQ88'","MBS","UMBS MORTPASS 2.5% 05/51","30yr",,,,,"1014488.21",,,,,,""
"2021-08-11","'3138EEZH5'","MBS","UMBS MORTPASS 3% 04/27","15yr",,,,,"1014414.39",,,,,,""
"2021-08-11","'3138YSSD9'","MBS","UMBS MORTPASS 3.5% 05/45","30yr",,,,,"1014315.15",,,,,,""
"2021-08-11","'3140K05T1'","MBS","UMBS MORTPASS 3% 12/49","30yr",,,,,"1014106.57",,,,,,""
"2021-08-11","'3140X45U6'","MBS","UMBS MORTPASS 3.5% 09/49","30yr",,,,,"1013886.91",,,,,,""
"2021-08-11","'31307RU60'","MBS","FHLMCGLD 2% 08/31","15yr",,,,,"1013454.64",,,,,,""
"2021-08-11","'3140KYLT9'","MBS","UMBS MORTPASS 2% 06/36","15yr",,,,,"1013437.67",,,,,,""
"2021-08-11","'3140JLMZ4'","MBS","UMBS MORTPASS 3% 01/34","15yr",,,,,"1013201.68",,,,,,""
"2021-08-11","'3140JXD21'","MBS","UMBS MORTPASS 3% 10/49","30yr",,,,,"1013036.92",,,,,,""
"2021-08-11","'3133AJ2K8'","MBS","UMBS MORTPASS 1.5% 02/51","30yr",,,,,"1012875.19",,,,,,""
"2021-08-11","'3138XK4J0'","MBS","UMBS MORTPASS 3% 02/29","15yr",,,,,"1012828.32",,,,,,""
"2021-08-11","'31418BJJ6'","MBS","UMBS MORTPASS 3% 10/24","Other",,,,,"1012598.78",,,,,,""
"2021-08-11","'3133AJDM2'","MBS","UMBS MORTPASS 1.5% 03/51","30yr",,,,,"1012271",,,,,,""
"2021-08-11","'3138X7NV1'","MBS","UMBS MORTPASS 3% 09/28","15yr",,,,,"1012196.93",,,,,,""
"2021-08-11","'3138E0L49'","MBS","UMBS MORTPASS 4% 12/41","30yr",,,,,"1011935.55",,,,,,""
"2021-08-11","'3140X8SP3'","MBS","UMBS MORTPASS 2% 12/50","30yr",,,,,"1011823.68",,,,,,""
"2021-08-11","'3140KBHW7'","MBS","UMBS MORTPASS 2.5% 03/50","30yr",,,,,"1011678.37",,,,,,""
"2021-08-11","'3138YKZU0'","MBS","UMBS MORTPASS 3% 03/30","15yr",,,,,"1011260.18",,,,,,""
"2021-08-11","'3140K3ZP0'","MBS","UMBS MORTPASS 3% 02/30","Other",,,,,"1011253.46",,,,,,""
"2021-08-11","'3132WGCV7'","MBS","FHLMCGLD 4% 09/46","30yr",,,,,"1010796",,,,,,""
"2021-08-11","'36297KWJ6'","MBS","GNMA I 4.5% 08/39","30yr",,,,,"1010540.49",,,,,,""
"2021-08-11","'3140QCST4'","MBS","UMBS MORTPASS 3% 05/28","Other",,,,,"1010315.68",,,,,,""
"2021-08-11","'3133G8PB1'","MBS","UMBS MORTPASS 2.5% 05/35","15yr",,,,,"1010030.2",,,,,,""
"2021-08-11","'3140JGTJ4'","MBS","UMBS MORTPASS 3% 10/33","15yr",,,,,"1009682.19",,,,,,""
"2021-08-11","'31307SQB2'","MBS","FHLMCGLD 2.5% 12/31","15yr",,,,,"1009537.5",,,,,,""
"2021-08-11","'31418CCT9'","MBS","UMBS MORTPASS 2.5% 10/46","30yr",,,,,"1009527.71",,,,,,""
"2021-08-11","'3140L86F2'","MBS","UMBS MORTPASS 2% 05/51","30yr",,,,,"1009145.65",,,,,,""
"2021-08-11","'3140X5VV2'","MBS","UMBS MORTPASS 2.5% 02/40","Other",,,,,"1009099.1",,,,,,""
"2021-08-11","'3140L3EH0'","MBS","UMBS MORTPASS 2.5% 03/51","30yr",,,,,"1009069.95",,,,,,""
"2021-08-11","'3140H7KU0'","MBS","UMBS MORTPASS 3.5% 03/33","15yr",,,,,"1009029.01",,,,,,""
"2021-08-11","'3140HASV3'","MBS","UMBS MORTPASS 3.5% 05/33","15yr",,,,,"1008694.46",,,,,,""
"2021-08-11","'31346YA78'","MBS","UMBS MORTPASS 3% 10/49","30yr",,,,,"1008669.9",,,,,,""
"2021-08-11","'31307PZ36'","MBS","FHLMCGLD 3% 01/31","15yr",,,,,"1008502.77",,,,,,""
"2021-08-11","'3131X74R6'","MBS","UMBS MORTPASS 2.5% 09/27","15yr",,,,,"1008377.32",,,,,,""
"2021-08-11","'3140QASP6'","MBS","UMBS MORTPASS 4.5% 03/49","30yr",,,,,"1008220.76",,,,,,""
"2021-08-11","'3140L6E59'","MBS","UMBS MORTPASS 1.5% 05/36","15yr",,,,,"1007475.21",,,,,,""
"2021-08-11","'3138XTU78'","MBS","UMBS MORTPASS 4% 04/44","30yr",,,,,"1007440.71",,,,,,""
"2021-08-11","'31417AQ93'","MBS","UMBS MORTPASS 2.5% 12/26","15yr",,,,,"1007237.81",,,,,,""
"2021-08-11","'3140KM4Y3'","MBS","UMBS MORTPASS 2% 09/35","15yr",,,,,"1006878.44",,,,,,""
"2021-08-11","'3138E54C9'","MBS","UMBS MORTPASS 3% 05/27","15yr",,,,,"1006255.97",,,,,,""
"2021-08-11","'3140H5TN1'","MBS","UMBS MORTPASS 3% 04/33","15yr",,,,,"1006204.5",,,,,,""
"2021-08-11","'3138WDAD3'","MBS","UMBS MORTPASS 3% 10/29","15yr",,,,,"1006069.67",,,,,,""
"2021-08-11","'31307TBG5'","MBS","FHLMCGLD 3% 02/32","15yr",,,,,"1005866.68",,,,,,""
"2021-08-11","'3133AAMW9'","MBS","UMBS MORTPASS 2.5% 10/50","30yr",,,,,"1005703.21",,,,,,""
"2021-08-11","'3133AF4Z1'","MBS","UMBS MORTPASS 2% 02/51","30yr",,,,,"1005167.36",,,,,,""
"2021-08-11","'31307WHE7'","MBS","FHLMCGLD 3% 07/33","15yr",,,,,"1005003.33",,,,,,""
"2021-08-11","'36179EHQ4'","MBS","GNMA I MORTPASS 3% 01/43","30yr",,,,,"1004338.23",,,,,,""
"2021-08-11","'3140H5GT2'","MBS","UMBS MORTPASS 3% 12/32","15yr",,,,,"1004236.71",,,,,,""
"2021-08-11","'3138WVBV2'","MBS","UMBS MORTPASS 2.5% 08/28","15yr",,,,,"1003604.64",,,,,,""
"2021-08-11","'3140L76E7'","MBS","UMBS MORTPASS 1.5% 07/36","15yr",,,,,"1003450",,,,,,""
"2021-08-11","'3140GN2D4'","MBS","UMBS MORTPASS 2.5% 01/50","30yr",,,,,"1003197.82",,,,,,""
"2021-08-11","'31418AGQ5'","MBS","UMBS MORTPASS 3% 07/32","Other",,,,,"1003145.74",,,,,,""
"2021-08-11","'3133A3NH7'","MBS","UMBS MORTPASS 2.5% 03/45","30yr",,,,,"1002854.67",,,,,,""
"2021-08-11","'3132A7LU3'","MBS","UMBS MORTPASS 2.5% 01/28","15yr",,,,,"1002540.21",,,,,,""
"2021-08-11","'3131Y9WJ8'","MBS","UMBS MORTPASS 4.5% 02/49","30yr",,,,,"1001823.19",,,,,,""
"2021-08-11","'3131XCJJ7'","MBS","UMBS MORTPASS 2.5% 11/31","15yr",,,,,"1001683.96",,,,,,""
"2021-08-11","'3140KXB88'","MBS","UMBS MORTPASS 2.5% 12/50","30yr",,,,,"1001457.09",,,,,,""
"2021-08-11","'3140KA4W3'","MBS","UMBS MORTPASS 2% 06/36","15yr",,,,,"1001056.2",,,,,,""
"2021-08-11","'3133AF2C4'","MBS","UMBS MORTPASS 2% 02/51","30yr",,,,,"1000728.35",,,,,,""
"2021-08-11","'3140Q9FB4'","MBS","UMBS MORTPASS 3% 06/33","15yr",,,,,"1000076.54",,,,,,""
"2021-08-11","'3140LTDT8'","MBS","UMBS MORTPASS 2% 07/51","30yr",,,,,"1000000",,,,,,""
"2021-08-11","'3140LTD84'","MBS","UMBS MORTPASS 2% 07/51","30yr",,,,,"1000000",,,,,,""
"2021-08-11","'3138YBMA8'","MBS","UMBS MORTPASS 3.5% 01/45","30yr",,,,,"999654.23",,,,,,""
"2021-08-11","'3133GDFD7'","MBS","UMBS MORTPASS 1.5% 05/36","15yr",,,,,"999425.23",,,,,,""
"2021-08-11","'3140JVKF8'","MBS","UMBS MORTPASS 4% 06/49","30yr",,,,,"999336.23",,,,,,""
"2021-08-11","'3140L85U0'","MBS","UMBS MORTPASS 1.5% 06/36","15yr",,,,,"999181.15",,,,,,""
"2021-08-11","'3131XWEX7'","MBS","UMBS MORTPASS 3% 03/47","30yr",,,,,"998650.04",,,,,,""
"2021-08-11","'31329QJJ1'","MBS","UMBS MORTPASS 3.5% 04/39","Other",,,,,"998620.25",,,,,,""
"2021-08-11","'3140L6DC5'","MBS","UMBS MORTPASS 2% 03/36","15yr",,,,,"998528.93",,,,,,""
"2021-08-11","'3138X5PK7'","MBS","UMBS MORTPASS 3% 09/28","15yr",,,,,"998502.92",,,,,,""
"2021-08-11","'3133KLRF6'","MBS","UMBS MORTPASS 2% 04/51","30yr",,,,,"998292.25",,,,,,""
"2021-08-11","'3138W9EH9'","MBS","UMBS MORTPASS 3.5% 07/43","30yr",,,,,"998244.78",,,,,,""
"2021-08-11","'3140H5MP3'","MBS","UMBS MORTPASS 3.5% 01/48","30yr",,,,,"998213.66",,,,,,""
"2021-08-11","'3132A7UN9'","MBS","UMBS MORTPASS 2.5% 02/24","Other",,,,,"998168.39",,,,,,""
"2021-08-11","'3132WMSG0'","MBS","FHLMCGLD 3% 04/47","30yr",,,,,"998025.68",,,,,,""
"2021-08-11","'3133HMCK3'","MBS","UMBS MORTPASS 2% 03/30","Other",,,,,"997989.9",,,,,,""
"2021-08-11","'3140HERN4'","MBS","UMBS MORTPASS 4% 08/48","30yr",,,,,"997619.23",,,,,,""
"2021-08-11","'31418CPJ7'","MBS","UMBS MORTPASS 2.5% 09/32","15yr",,,,,"997287.68",,,,,,""
"2021-08-11","'3138XKWX8'","MBS","UMBS MORTPASS 4% 01/44","30yr",,,,,"997211.59",,,,,,""
"2021-08-11","'3133AKXQ8'","MBS","UMBS MORTPASS 2.5% 04/51","30yr",,,,,"996969.6",,,,,,""
"2021-08-11","'31329MLV0'","MBS","UMBS MORTPASS 2% 01/33","15yr",,,,,"996330.73",,,,,,""
"2021-08-11","'3140E3CS6'","MBS","UMBS MORTPASS 3.5% 11/45","30yr",,,,,"996221.82",,,,,,""
"2021-08-11","'3133GBVQ4'","MBS","UMBS MORTPASS 1.5% 12/35","15yr",,,,,"996220.28",,,,,,""
"2021-08-11","'3140FSMV2'","MBS","UMBS MORTPASS 3.5% 01/47","30yr",,,,,"996115.2",,,,,,""
"2021-08-11","'31307WUJ1'","MBS","FHLMCGLD 3.5% 09/33","15yr",,,,,"995887.56",,,,,,""
"2021-08-11","'3138WVWS6'","MBS","UMBS MORTPASS 2.5% 06/28","15yr",,,,,"995307.6",,,,,,""
"2021-08-11","'31307MM86'","MBS","FHLMCGLD 2.5% 04/30","15yr",,,,,"995142.86",,,,,,""
"2021-08-11","'3133AJ3X9'","MBS","UMBS MORTPASS 1.5% 04/51","30yr",,,,,"994454.32",,,,,,""
"2021-08-11","'3131YDCD4'","MBS","UMBS MORTPASS 2.5% 06/34","15yr",,,,,"994120.53",,,,,,""
"2021-08-11","'3133KGPP7'","MBS","UMBS MORTPASS 3% 09/49","30yr",,,,,"993883.13",,,,,,""
"2021-08-11","'3140L3H95'","MBS","UMBS MORTPASS 2% 03/51","30yr",,,,,"993847.52",,,,,,""
"2021-08-11","'3138MLE26'","MBS","UMBS MORTPASS 4% 11/42","30yr",,,,,"993738.74",,,,,,""
"2021-08-11","'3140KNWX2'","MBS","UMBS MORTPASS 2% 09/50","30yr",,,,,"993620.47",,,,,,""
"2021-08-11","'3138WBLX1'","MBS","UMBS MORTPASS 3% 04/29","15yr",,,,,"993607.03",,,,,,""
"2021-08-11","'3140JUD35'","MBS","UMBS MORTPASS 2.5% 06/34","15yr",,,,,"993299.91",,,,,,""
"2021-08-11","'3140HB4S4'","MBS","UMBS MORTPASS 4.5% 08/49","30yr",,,,,"993068.04",,,,,,""
"2021-08-11","'31307WT95'","MBS","FHLMCGLD 3.5% 09/33","15yr",,,,,"992770.17",,,,,,""
"2021-08-11","'3133GCCS9'","MBS","UMBS MORTPASS 2% 02/36","15yr",,,,,"992513.75",,,,,,""
"2021-08-11","'36296HM30'","MBS","GNMA I MORTPASS 5% 11/39","30yr",,,,,"992022.83",,,,,,""
"2021-08-11","'36179TV44'","MBS","GNMA II MORTPASS 3% 04/48","30yr",,,,,"991768.88",,,,,,""
"2021-08-11","'3133KGG44'","MBS","UMBS MORTPASS 3.5% 07/49","30yr",,,,,"991309.75",,,,,,""
"2021-08-11","'31418CFZ2'","MBS","UMBS MORTPASS 3% 01/27","Other",,,,,"990553.81",,,,,,""
"2021-08-11","'3132J9F78'","MBS","FHLMCGLD 3% 04/43","30yr",,,,,"990455.52",,,,,,""
"2021-08-11","'3140QBCV8'","MBS","UMBS MORTPASS 4.5% 06/49","30yr",,,,,"990051.02",,,,,,""
"2021-08-11","'3140JSWT2'","MBS","UMBS MORTPASS 4% 04/49","30yr",,,,,"990033.13",,,,,,""
"2021-08-11","'36179EHN1'","MBS","GNMA I MORTPASS 3% 01/43","30yr",,,,,"989946.76",,,,,,""
"2021-08-11","'3140K33Z3'","MBS","UMBS MORTPASS 2.5% 03/50","30yr",,,,,"989707.31",,,,,,""
"2021-08-11","'3140XAFQ0'","MBS","UMBS MORTPASS 2% 04/46","30yr",,,,,"989701.88",,,,,,""
"2021-08-11","'3138YK2Z5'","MBS","UMBS MORTPASS 3% 04/45","30yr",,,,,"989645.11",,,,,,""
"2021-08-11","'3140HPX28'","MBS","UMBS MORTPASS 4.5% 12/48","30yr",,,,,"989530.6",,,,,,""
"2021-08-11","'31418BJ31'","MBS","UMBS MORTPASS 3% 11/24","Other",,,,,"989327.22",,,,,,""
"2021-08-11","'3138A4FR1'","MBS","UMBS MORTPASS 3.5% 02/26","15yr",,,,,"989148.83",,,,,,""
"2021-08-11","'3128M8QV9'","MBS","FHLMCGLD 6% 03/39","30yr",,,,,"988417.19",,,,,,"Y"
"2021-08-11","'3138X5FE2'","MBS","UMBS MORTPASS 4% 11/43","30yr",,,,,"988269.25",,,,,,""
"2021-08-11","'3132AAAG9'","MBS","UMBS MORTPASS 2.5% 02/33","Other",,,,,"988154.58",,,,,,""
"2021-08-11","'31417GE93'","MBS","UMBS MORTPASS 2.5% 04/28","15yr",,,,,"987929.31",,,,,,""
"2021-08-11","'3133KGPV4'","MBS","UMBS MORTPASS 3% 09/49","30yr",,,,,"987656.4",,,,,,""
"2021-08-11","'3140F3B80'","MBS","UMBS MORTPASS 3.5% 09/46","30yr",,,,,"987531.2",,,,,,""
"2021-08-11","'3140JKKG0'","MBS","UMBS MORTPASS 4.5% 11/48","30yr",,,,,"987347.41",,,,,,""
"2021-08-11","'3131X8C87'","MBS","UMBS MORTPASS 2.5% 11/27","15yr",,,,,"987279.05",,,,,,""
"2021-08-11","'3138W9PJ3'","MBS","UMBS MORTPASS 4% 09/43","30yr",,,,,"986177.24",,,,,,""
"2021-08-11","'31307FRC7'","MBS","FHLMCGLD 3% 12/28","15yr",,,,,"985500.15",,,,,,""
"2021-08-11","'3620A2ZZ2'","MBS","GNMA I 4.5% 07/39","30yr",,,,,"985281.59",,,,,,""
"2021-08-11","'36297JC93'","MBS","GNMA I 4.5% 05/39","30yr",,,,,"985093.29",,,,,,""
"2021-08-11","'3138EHBQ4'","MBS","UMBS MORTPASS 5.5% 05/39","30yr",,,,,"984577.27",,,,,,"Y"
"2021-08-11","'3133GBYJ7'","MBS","UMBS MORTPASS 1.5% 01/36","15yr",,,,,"984078.11",,,,,,""
"2021-08-11","'3140X4N36'","MBS","UMBS MORTPASS 2% 03/33","15yr",,,,,"983773.42",,,,,,""
"2021-08-11","'3140F13X8'","MBS","UMBS MORTPASS 2.5% 04/31","15yr",,,,,"983735.98",,,,,,""
"2021-08-11","'3133ACSY5'","MBS","UMBS MORTPASS 1.5% 12/50","30yr",,,,,"983359.66",,,,,,""
"2021-08-11","'3131Y03Y6'","MBS","UMBS MORTPASS 4% 04/48","30yr",,,,,"983254.91",,,,,,""
"2021-08-11","'3620C5MJ3'","MBS","GNMA I MORTPASS 4% 06/41","30yr",,,,,"982974.47",,,,,,""
"2021-08-11","'36177WLM0'","MBS","GNMA I 3.5% 05/42","30yr",,,,,"982631.76",,,,,,""
"2021-08-11","'3140QBHW1'","MBS","UMBS MORTPASS 4.5% 07/49","30yr",,,,,"982274.88",,,,,,""
"2021-08-11","'3133A95T8'","MBS","UMBS MORTPASS 2% 09/50","30yr",,,,,"981705.44",,,,,,""
"2021-08-11","'3132JAPV1'","MBS","FHLMCGLD 4% 06/43","30yr",,,,,"981567.14",,,,,,""
"2021-08-11","'3133A3ET1'","MBS","UMBS MORTPASS 2.5% 03/50","30yr",,,,,"981390.87",,,,,,""
"2021-08-11","'3138WJV62'","MBS","UMBS MORTPASS 2.5% 02/27","Other",,,,,"981174.19",,,,,,""
"2021-08-11","'3133G6VC6'","MBS","UMBS MORTPASS 3% 09/34","15yr",,,,,"980977.03",,,,,,""
"2021-08-11","'3129453W6'","MBS","FHLMCGLD 4% 02/41","30yr",,,,,"980753.21",,,,,,""
"2021-08-11","'3138MQDG5'","MBS","UMBS MORTPASS 2.5% 01/28","15yr",,,,,"980281.12",,,,,,""
"2021-08-11","'3140X7VW6'","MBS","UMBS MORTPASS 2.5% 08/50","30yr",,,,,"980152.31",,,,,,""
"2021-08-11","'31417GD60'","MBS","UMBS MORTPASS 2.5% 04/28","15yr",,,,,"979699.58",,,,,,""
"2021-08-11","'3140JVK76'","MBS","UMBS MORTPASS 4.5% 06/49","30yr",,,,,"979666.62",,,,,,""
"2021-08-11","'31307VDM5'","MBS","FHLMCGLD 3.5% 12/32","15yr",,,,,"979633.29",,,,,,""
"2021-08-11","'36180Y7L9'","MBS","GNMA I 3.5% 06/43","30yr",,,,,"979524.77",,,,,,""
"2021-08-11","'3138EKJH9'","MBS","UMBS MORTPASS 3% 11/27","15yr",,,,,"979221.34",,,,,,""
"2021-08-11","'3140KQMA6'","MBS","UMBS MORTPASS 2% 10/50","30yr",,,,,"979055.88",,,,,,""
"2021-08-11","'3140K02U1'","MBS","UMBS MORTPASS 2.5% 09/49","30yr",,,,,"979041.49",,,,,,""
"2021-08-11","'3133D3NW1'","MBS","UMBS MORTPASS 2.5% 09/40","Other",,,,,"979036.69",,,,,,""
"2021-08-11","'31307VG75'","MBS","FHLMCGLD 2.5% 01/33","15yr",,,,,"978881.43",,,,,,""
"2021-08-11","'3140JKQK5'","MBS","UMBS MORTPASS 4.5% 04/49","30yr",,,,,"978458.71",,,,,,""
"2021-08-11","'31417GPF7'","MBS","UMBS MORTPASS 2.5% 05/28","15yr",,,,,"978387.4",,,,,,""
"2021-08-11","'3140X5MZ3'","MBS","UMBS MORTPASS 3% 01/30","Other",,,,,"978131.63",,,,,,""
"2021-08-11","'3140Q8Y74'","MBS","UMBS MORTPASS 3.5% 04/33","15yr",,,,,"978078.85",,,,,,""
"2021-08-11","'3138WBPN9'","MBS","UMBS MORTPASS 3% 04/29","15yr",,,,,"978016.13",,,,,,""
"2021-08-11","'31307CZE1'","MBS","FHLMCGLD 3% 06/28","15yr",,,,,"977987.25",,,,,,""
"2021-08-11","'3140Q9UR2'","MBS","UMBS MORTPASS 3% 09/33","15yr",,,,,"977625.22",,,,,,""
"2021-08-11","'3140HGHP5'","MBS","UMBS MORTPASS 2% 08/35","15yr",,,,,"977592.91",,,,,,""
"2021-08-11","'31368HMQ3'","MBS","UMBS MORTPASS 5.5% 01/36","30yr",,,,,"977379.13",,,,,,""
"2021-08-11","'36179EJE9'","MBS","GNMA I MORTPASS 3% 02/43","30yr",,,,,"977067.2",,,,,,""
"2021-08-11","'3140L3TD3'","MBS","UMBS MORTPASS 2% 02/36","15yr",,,,,"977046.55",,,,,,""
"2021-08-11","'31339SNC5'","MBS","UMBS MORTPASS 3.5% 09/49","30yr",,,,,"976647.49",,,,,,""
"2021-08-11","'3140HEQJ4'","MBS","UMBS MORTPASS 3.5% 03/48","30yr",,,,,"976575.38",,,,,,""
"2021-08-11","'3140XBJY7'","MBS","UMBS MORTPASS 2% 06/36","15yr",,,,,"976179.17",,,,,,""
"2021-08-11","'3140HDRN6'","MBS","UMBS MORTPASS 2.5% 11/34","15yr",,,,,"975535.1",,,,,,""
"2021-08-11","'3138WHBZ4'","MBS","UMBS MORTPASS 2.5% 05/31","15yr",,,,,"975070.11",,,,,,""
"2021-08-11","'3140H5N23'","MBS","UMBS MORTPASS 3.5% 02/48","30yr",,,,,"973832.03",,,,,,""
"2021-08-11","'31417D7G2'","MBS","UMBS MORTPASS 3.5% 11/42","30yr",,,,,"973722",,,,,,""
"2021-08-11","'31307SBW2'","MBS","FHLMCGLD 2% 10/31","15yr",,,,,"973515.23",,,,,,""
"2021-08-11","'3140Q72C0'","MBS","UMBS MORTPASS 3.5% 11/47","30yr",,,,,"973136.25",,,,,,""
"2021-08-11","'3138Y0C96'","MBS","UMBS MORTPASS 3.5% 08/29","15yr",,,,,"972990.64",,,,,,""
"2021-08-11","'3131Y0VM1'","MBS","UMBS MORTPASS 3% 03/48","30yr",,,,,"972590.57",,,,,,""
"2021-08-11","'31307HC39'","MBS","FHLMCGLD 3% 05/29","15yr",,,,,"972453.21",,,,,,""
"2021-08-11","'3620AVAW2'","MBS","GNMA I MORTPASS 3% 01/43","30yr",,,,,"972089.26",,,,,,""
"2021-08-11","'31418AE79'","MBS","UMBS MORTPASS 2.5% 05/22","Other",,,,,"971123.15",,,,,,""
"2021-08-11","'3133A0S39'","MBS","UMBS MORTPASS 3% 01/50","30yr",,,,,"970770.56",,,,,,""
"2021-08-11","'31307PMQ9'","MBS","FHLMCGLD 2.5% 10/30","15yr",,,,,"970730.13",,,,,,""
"2021-08-11","'3140KG6D0'","MBS","UMBS MORTPASS 2.5% 08/40","Other",,,,,"970470.74",,,,,,""
"2021-08-11","'3140EVND5'","MBS","UMBS MORTPASS 3.5% 01/46","30yr",,,,,"970240.13",,,,,,""
"2021-08-11","'31307HED5'","MBS","FHLMCGLD 3% 05/24","15yr",,,,,"969952.78",,,,,,""
"2021-08-11","'3140H8W43'","MBS","UMBS MORTPASS 3.5% 06/33","15yr",,,,,"969898.36",,,,,,""
"2021-08-11","'31410LJL7'","MBS","UMBS MORTPASS 2.5% 08/27","15yr",,,,,"969696.74",,,,,,""
"2021-08-11","'3138W95C0'","MBS","UMBS MORTPASS 2.5% 10/23","Other",,,,,"969677.98",,,,,,""
"2021-08-11","'3140EYZG9'","MBS","UMBS MORTPASS 2.5% 03/31","15yr",,,,,"969439.22",,,,,,""
"2021-08-11","'31339SDF9'","MBS","UMBS MORTPASS 3% 09/49","30yr",,,,,"969159.88",,,,,,""
"2021-08-11","'3138EJ5S3'","MBS","UMBS MORTPASS 2.5% 10/27","15yr",,,,,"969029",,,,,,""
"2021-08-11","'3138WCBN2'","MBS","UMBS MORTPASS 3% 06/24","Other",,,,,"968836.17",,,,,,""
"2021-08-11","'3133AJJ95'","MBS","UMBS MORTPASS 2% 04/51","30yr",,,,,"968664.86",,,,,,""
"2021-08-11","'31417EK67'","MBS","UMBS MORTPASS 2.5% 01/23","Other",,,,,"967929.08",,,,,,""
"2021-08-11","'3129355F2'","MBS","FHLMCGLD 4% 09/39","30yr",,,,,"967452.69",,,,,,""
"2021-08-11","'31346Y3M3'","MBS","UMBS MORTPASS 2.5% 12/49","30yr",,,,,"967290.76",,,,,,""
"2021-08-11","'31339SC37'","MBS","UMBS MORTPASS 3.5% 09/49","30yr",,,,,"966652",,,,,,""
"2021-08-11","'31417AW96'","MBS","UMBS MORTPASS 2.5% 01/27","15yr",,,,,"966552.24",,,,,,""
"2021-08-11","'3129304X5'","MBS","FHLMCGLD 5% 02/39","30yr",,,,,"966148.04",,,,,,""
"2021-08-11","'3138APEP9'","MBS","UMBS MORTPASS 4% 11/42","30yr",,,,,"966143.94",,,,,,""
"2021-08-11","'36294UUM2'","MBS","GNMA I 3.5% 02/42","30yr",,,,,"966055.23",,,,,,""
"2021-08-11","'3140HPX85'","MBS","UMBS MORTPASS 4% 12/48","30yr",,,,,"965911.95",,,,,,""
"2021-08-11","'31418B3M6'","MBS","UMBS MORTPASS 2% 04/31","15yr",,,,,"965554.21",,,,,,""
"2021-08-11","'3128MMU43'","MBS","FHLMCGLD 3.5% 05/31","15yr",,,,,"965183.23",,,,,,""
"2021-08-11","'31307WPZ1'","MBS","FHLMCGLD 3.5% 08/33","15yr",,,,,"965034.07",,,,,,""
"2021-08-11","'31417FQU5'","MBS","UMBS MORTPASS 2.5% 03/23","Other",,,,,"964862.87",,,,,,""
"2021-08-11","'3133D3CZ6'","MBS","UMBS MORTPASS 3% 10/39","Other",,,,,"963809.02",,,,,,""
"2021-08-11","'3140JHBS1'","MBS","UMBS MORTPASS 4.5% 11/48","30yr",,,,,"963455.97",,,,,,""
"2021-08-11","'36202FFS0'","MBS","GNMA II MORTPASS 4% 04/40","30yr",,,,,"963221.5",,,,,,""
"2021-08-11","'3140JUJU9'","MBS","UMBS MORTPASS 3.5% 05/49","30yr",,,,,"963117.56",,,,,,""
"2021-08-11","'3140KTDP7'","MBS","UMBS MORTPASS 2.5% 11/50","30yr",,,,,"962889.37",,,,,,""
"2021-08-11","'3138Y4LN7'","MBS","UMBS MORTPASS 3% 10/29","15yr",,,,,"962878.19",,,,,,""
"2021-08-11","'31417DPQ0'","MBS","UMBS MORTPASS 2.5% 10/22","Other",,,,,"962825.34",,,,,,""
"2021-08-11","'3140X9ZR9'","MBS","UMBS MORTPASS 2% 02/36","15yr",,,,,"962719.02",,,,,,""
"2021-08-11","'3140F3QJ0'","MBS","UMBS MORTPASS 2.5% 04/31","15yr",,,,,"962608.07",,,,,,""
"2021-08-11","'312939DR9'","MBS","FHLMCGLD 5% 02/40","30yr",,,,,"962050.59",,,,,,""
"2021-08-11","'3131X7E95'","MBS","UMBS MORTPASS 3% 12/26","15yr",,,,,"962016.59",,,,,,""
"2021-08-11","'3140X8YP6'","MBS","UMBS MORTPASS 2% 12/50","30yr",,,,,"961986.17",,,,,,""
"2021-08-11","'3138W63H7'","MBS","UMBS MORTPASS 2.5% 03/33","Other",,,,,"961784.04",,,,,,""
"2021-08-11","'31417HCJ1'","MBS","UMBS MORTPASS 2% 07/23","Other",,,,,"961688.46",,,,,,""
"2021-08-11","'3140E0E35'","MBS","UMBS MORTPASS 3.5% 11/45","30yr",,,,,"961674.83",,,,,,""
"2021-08-11","'3138WMH61'","MBS","UMBS MORTPASS 2% 03/28","15yr",,,,,"961635.39",,,,,,""
"2021-08-11","'31307RQH1'","MBS","FHLMCGLD 2% 08/31","15yr",,,,,"961495.69",,,,,,""
"2021-08-11","'3133ADU53'","MBS","UMBS MORTPASS 2% 10/50","30yr",,,,,"961476.86",,,,,,""
"2021-08-11","'3132J9YG7'","MBS","FHLMCGLD 3% 05/43","30yr",,,,,"961330.24",,,,,,""
"2021-08-11","'3138EJ3U0'","MBS","UMBS MORTPASS 2.5% 11/27","15yr",,,,,"961254.97",,,,,,""
"2021-08-11","'3140JG3K9'","MBS","UMBS MORTPASS 4% 11/49","30yr",,,,,"960840.04",,,,,,""
"2021-08-11","'3140HJ5G2'","MBS","UMBS MORTPASS 4% 07/48","30yr",,,,,"959405.37",,,,,,""
"2021-08-11","'3140FMGA8'","MBS","UMBS MORTPASS 3% 03/32","15yr",,,,,"959230.4",,,,,,""
"2021-08-11","'3138X5SW8'","MBS","UMBS MORTPASS 3% 09/28","15yr",,,,,"959189.35",,,,,,""
"2021-08-11","'3140KLU83'","MBS","UMBS MORTPASS 1.5% 08/35","15yr",,,,,"958725.46",,,,,,""
"2021-08-11","'3131YAXQ8'","MBS","UMBS MORTPASS 3% 03/49","30yr",,,,,"958578.15",,,,,,""
"2021-08-11","'3131Y1HC7'","MBS","UMBS MORTPASS 3.5% 05/48","30yr",,,,,"958280.97",,,,,,""
"2021-08-11","'3138YAXH3'","MBS","UMBS MORTPASS 3% 02/30","15yr",,,,,"958020.15",,,,,,""
"2021-08-11","'3140JRZR5'","MBS","UMBS MORTPASS 4% 04/49","30yr",,,,,"957761.9",,,,,,""
"2021-08-11","'3138MFBH9'","MBS","UMBS MORTPASS 3% 10/27","15yr",,,,,"957623.78",,,,,,""
"2021-08-11","'3138WEQQ5'","MBS","UMBS MORTPASS 3% 05/30","15yr",,,,,"957539.92",,,,,,""
"2021-08-11","'3138LVKZ5'","MBS","UMBS MORTPASS 3% 08/27","15yr",,,,,"957507.99",,,,,,""
"2021-08-11","'31417FP36'","MBS","UMBS MORTPASS 2.5% 03/28","15yr",,,,,"957247.4",,,,,,""
"2021-08-11","'3138M8HY2'","MBS","UMBS MORTPASS 3% 08/27","15yr",,,,,"956986.91",,,,,,""
"2021-08-11","'3132A8F79'","MBS","UMBS MORTPASS 2% 04/23","Other",,,,,"956697.72",,,,,,""
"2021-08-11","'3138WDNT4'","MBS","UMBS MORTPASS 3% 12/44","30yr",,,,,"956344.03",,,,,,""
"2021-08-11","'3138YB4E0'","MBS","UMBS MORTPASS 3.5% 03/45","30yr",,,,,"955997.24",,,,,,""
"2021-08-11","'3140KCCJ9'","MBS","UMBS MORTPASS 2.5% 03/50","30yr",,,,,"955750.33",,,,,,""
"2021-08-11","'3140HAQD5'","MBS","UMBS MORTPASS 3.5% 03/48","30yr",,,,,"955673.13",,,,,,""
"2021-08-11","'3132QSWA2'","MBS","FHLMCGLD 3.5% 09/45","30yr",,,,,"955319.65",,,,,,""
"2021-08-11","'3132JBPY3'","MBS","FHLMCGLD 3% 07/43","30yr",,,,,"955254.04",,,,,,""
"2021-08-11","'3133GAUD6'","MBS","UMBS MORTPASS 2% 11/35","15yr",,,,,"955168.46",,,,,,""
"2021-08-11","'3138YMKF5'","MBS","UMBS MORTPASS 3% 04/45","30yr",,,,,"954977.77",,,,,,""
"2021-08-11","'31307F6E6'","MBS","FHLMCGLD 3.5% 01/29","15yr",,,,,"954449.12",,,,,,""
"2021-08-11","'31307QNF0'","MBS","FHLMCGLD 2.5% 03/31","15yr",,,,,"954419.71",,,,,,""
"2021-08-11","'3140F0J54'","MBS","UMBS MORTPASS 3.5% 10/31","15yr",,,,,"953264.99",,,,,,""
"2021-08-11","'3138WNXU8'","MBS","UMBS MORTPASS 2.5% 06/28","15yr",,,,,"952659.48",,,,,,""
"2021-08-11","'3620A7N92'","MBS","GNMA I 4.5% 09/39","30yr",,,,,"952643.73",,,,,,""
"2021-08-11","'3133A0SV7'","MBS","UMBS MORTPASS 3% 12/49","30yr",,,,,"952571.33",,,,,,""
"2021-08-11","'3140FFDU2'","MBS","UMBS MORTPASS 3% 10/31","15yr",,,,,"952004.87",,,,,,""
"2021-08-11","'3128MJWJ5'","MBS","FHLMCGLD 3% 06/45","30yr",,,,,"951491.35",,,,,,""
"2021-08-11","'31307VEG7'","MBS","FHLMCGLD 2.5% 12/32","15yr",,,,,"951489.8",,,,,,""
"2021-08-11","'36230SLC6'","MBS","GNMA I 3.5% 06/42","30yr",,,,,"951351.58",,,,,,""
"2021-08-11","'3138YNB30'","MBS","UMBS MORTPASS 3% 07/30","15yr",,,,,"951030.19",,,,,,""
"2021-08-11","'3138ELLH4'","MBS","UMBS MORTPASS 2.5% 08/23","Other",,,,,"950823.88",,,,,,""
"2021-08-11","'3140HB7C6'","MBS","UMBS MORTPASS 2.5% 11/49","30yr",,,,,"950571.14",,,,,,""
"2021-08-11","'3138X6E84'","MBS","UMBS MORTPASS 3.5% 02/29","15yr",,,,,"950224.12",,,,,,""
"2021-08-11","'3138MJM71'","MBS","UMBS MORTPASS 2.5% 10/27","15yr",,,,,"949978.31",,,,,,""
"2021-08-11","'31307FYZ8'","MBS","FHLMCGLD 3% 01/29","15yr",,,,,"949850.47",,,,,,""
"2021-08-11","'3140GWQD8'","MBS","UMBS MORTPASS 4.5% 09/47","30yr",,,,,"949443.68",,,,,,""
"2021-08-11","'3140HAP38'","MBS","UMBS MORTPASS 2.5% 02/33","15yr",,,,,"949398.2",,,,,,""
"2021-08-11","'3138M94E8'","MBS","UMBS MORTPASS 2.5% 09/27","15yr",,,,,"949142.22",,,,,,""
"2021-08-11","'3140H7DX2'","MBS","UMBS MORTPASS 3% 02/33","15yr",,,,,"949010.77",,,,,,""
"2021-08-11","'31307QZ34'","MBS","FHLMCGLD 2.5% 05/31","15yr",,,,,"948861.06",,,,,,""
"2021-08-11","'31329PKE2'","MBS","UMBS MORTPASS 4.5% 09/48","30yr",,,,,"948812.4",,,,,,""
"2021-08-11","'3138EDLP4'","MBS","UMBS MORTPASS 4% 04/42","30yr",,,,,"948561.26",,,,,,""
"2021-08-11","'3140HDRV8'","MBS","UMBS MORTPASS 3% 12/34","15yr",,,,,"948012.73",,,,,,""
"2021-08-11","'31307EKR4'","MBS","FHLMCGLD 2.5% 09/28","15yr",,,,,"947996.46",,,,,,""
"2021-08-11","'3138E5CH9'","MBS","UMBS MORTPASS 3% 02/27","15yr",,,,,"947478.96",,,,,,""
"2021-08-11","'3138WAFE2'","MBS","UMBS MORTPASS 3% 11/28","15yr",,,,,"946885.25",,,,,,""
"2021-08-11","'3131XDA39'","MBS","UMBS MORTPASS 3% 11/32","15yr",,,,,"946741.53",,,,,,""
"2021-08-11","'36178U2W2'","MBS","GNMA I MORTPASS 3% 12/42","30yr",,,,,"946487.88",,,,,,""
"2021-08-11","'3128P7J79'","MBS","FHLMCGLD 5% 06/28","Other",,,,,"946392.65",,,,,,""
"2021-08-11","'3131Y3S31'","MBS","UMBS MORTPASS 4% 10/48","30yr",,,,,"945979.1",,,,,,""
"2021-08-11","'31414UJP4'","MBS","UMBS MORTPASS 5% 04/38","30yr",,,,,"945699.08",,,,,,""
"2021-08-11","'3620A7B46'","MBS","GNMA I 4.5% 12/39","30yr",,,,,"945681.57",,,,,,""
"2021-08-11","'3133A0Y24'","MBS","UMBS MORTPASS 3% 12/44","30yr",,,,,"945511.9",,,,,,""
"2021-08-11","'3138XPF40'","MBS","UMBS MORTPASS 3.5% 02/29","15yr",,,,,"944928.61",,,,,,""
"2021-08-11","'3140X5BH5'","MBS","UMBS MORTPASS 3% 07/28","Other",,,,,"944712.38",,,,,,""
"2021-08-11","'3140FHXZ5'","MBS","UMBS MORTPASS 3% 12/31","15yr",,,,,"944705.45",,,,,,""
"2021-08-11","'3140FSND1'","MBS","UMBS MORTPASS 3% 02/32","15yr",,,,,"944467.91",,,,,,""
"2021-08-11","'3131XYJU4'","MBS","UMBS MORTPASS 3.5% 11/47","30yr",,,,,"944181.54",,,,,,""
"2021-08-11","'36180UM71'","MBS","GNMA I 3.5% 06/43","30yr",,,,,"944025.87",,,,,,""
"2021-08-11","'31307GJU4'","MBS","FHLMCGLD 3% 02/29","15yr",,,,,"943824.89",,,,,,""
"2021-08-11","'3133AF4V0'","MBS","UMBS MORTPASS 2% 02/51","30yr",,,,,"943804.38",,,,,,""
"2021-08-11","'3140QFFG9'","MBS","UMBS MORTPASS 2.5% 10/50","30yr",,,,,"943205.11",,,,,,""
"2021-08-11","'3140K9G60'","MBS","UMBS MORTPASS 3% 01/50","30yr",,,,,"942854.87",,,,,,""
"2021-08-11","'3131X63Q1'","MBS","UMBS MORTPASS 3% 09/26","15yr",,,,,"942658.4",,,,,,""
"2021-08-11","'36296V6T0'","MBS","GNMA I 4.5% 02/39","30yr",,,,,"942327.47",,,,,,""
"2021-08-11","'3140JXDT2'","MBS","UMBS MORTPASS 4% 07/49","30yr",,,,,"942272.19",,,,,,""
"2021-08-11","'3133A22D1'","MBS","UMBS MORTPASS 3.5% 03/50","30yr",,,,,"942084.58",,,,,,""
"2021-08-11","'31418CCX0'","MBS","UMBS MORTPASS 3% 10/26","Other",,,,,"941821.52",,,,,,""
"2021-08-11","'3140HERT1'","MBS","UMBS MORTPASS 3% 02/33","15yr",,,,,"941816.11",,,,,,""
"2021-08-11","'3140FGMF3'","MBS","UMBS MORTPASS 3% 10/31","15yr",,,,,"941672.25",,,,,,""
"2021-08-11","'3133ADUL8'","MBS","UMBS MORTPASS 1.5% 11/50","30yr",,,,,"941541.84",,,,,,""
"2021-08-11","'31307GWZ8'","MBS","FHLMCGLD 3.5% 04/29","15yr",,,,,"941428.86",,,,,,""
"2021-08-11","'31417AY60'","MBS","UMBS MORTPASS 3% 02/27","15yr",,,,,"941263.62",,,,,,""
"2021-08-11","'36178NP45'","MBS","GNMA I MORTPASS 3% 03/43","30yr",,,,,"941247.86",,,,,,""
"2021-08-11","'3138EGQN7'","MBS","UMBS MORTPASS 6.5% 12/37","30yr",,,,,"940708.13",,,,,,"Y"
"2021-08-11","'31346YZB2'","MBS","UMBS MORTPASS 3% 11/49","30yr",,,,,"940648.71",,,,,,""
"2021-08-11","'31334WBJ9'","MBS","UMBS MORTPASS 4% 06/49","30yr",,,,,"940604.24",,,,,,""
"2021-08-11","'3132WMW83'","MBS","FHLMCGLD 3% 05/47","30yr",,,,,"940452.78",,,,,,""
"2021-08-11","'3133AJHB2'","MBS","UMBS MORTPASS 1.5% 03/51","30yr",,,,,"940231.26",,,,,,""
"2021-08-11","'31307LA73'","MBS","FHLMCGLD 3% 12/29","15yr",,,,,"940041.46",,,,,,""
"2021-08-11","'3140K2AJ3'","MBS","UMBS MORTPASS 3.5% 09/49","30yr",,,,,"939743.53",,,,,,""
"2021-08-11","'3138LRMK5'","MBS","UMBS MORTPASS 2.5% 10/27","15yr",,,,,"939325.2",,,,,,""
"2021-08-11","'3140K4LK4'","MBS","UMBS MORTPASS 2.5% 03/35","15yr",,,,,"939136.98",,,,,,""
"2021-08-11","'31418MD66'","MBS","UMBS MORTPASS 4.5% 07/24","15yr",,,,,"939094.75",,,,,,""
"2021-08-11","'3140HAP95'","MBS","UMBS MORTPASS 3.5% 03/48","30yr",,,,,"939077.27",,,,,,""
"2021-08-11","'3140E0RE7'","MBS","UMBS MORTPASS 3% 10/30","15yr",,,,,"939049.04",,,,,,""
"2021-08-11","'3138WJV54'","MBS","UMBS MORTPASS 2% 01/27","Other",,,,,"938485.68",,,,,,""
"2021-08-11","'3131X8WZ5'","MBS","UMBS MORTPASS 2% 03/28","15yr",,,,,"938081.39",,,,,,""
"2021-08-11","'3140HFLA5'","MBS","UMBS MORTPASS 3% 01/50","30yr",,,,,"937692.91",,,,,,""
"2021-08-11","'31307GTB5'","MBS","FHLMCGLD 3% 03/29","15yr",,,,,"937119.8",,,,,,""
"2021-08-11","'3140HJS69'","MBS","UMBS MORTPASS 3% 06/33","15yr",,,,,"937069.96",,,,,,""
"2021-08-11","'3133G7JA2'","MBS","UMBS MORTPASS 2.5% 11/34","15yr",,,,,"936596.97",,,,,,""
"2021-08-11","'3140QGJN8'","MBS","UMBS MORTPASS 2% 12/35","15yr",,,,,"935991.96",,,,,,""
"2021-08-11","'3138XBMR2'","MBS","UMBS MORTPASS 3.5% 01/44","30yr",,,,,"935640.22",,,,,,""
"2021-08-11","'3138YMPT0'","MBS","UMBS MORTPASS 3% 05/45","30yr",,,,,"935365.77",,,,,,""
"2021-08-11","'3138W66B7'","MBS","UMBS MORTPASS 2.5% 03/28","15yr",,,,,"935312.3",,,,,,""
"2021-08-11","'3140Q9F65'","MBS","UMBS MORTPASS 4.5% 07/48","30yr",,,,,"934975.88",,,,,,""
"2021-08-11","'3140F4GR1'","MBS","UMBS MORTPASS 2.5% 04/31","15yr",,,,,"934903.88",,,,,,""
"2021-08-11","'3138M7PV1'","MBS","UMBS MORTPASS 3% 08/27","15yr",,,,,"934594.24",,,,,,""
"2021-08-11","'3140QASQ4'","MBS","UMBS MORTPASS 4.5% 03/49","30yr",,,,,"934459.89",,,,,,""
"2021-08-11","'3140KRJX8'","MBS","UMBS MORTPASS 2% 11/35","15yr",,,,,"934401.37",,,,,,""
"2021-08-11","'3140JXF60'","MBS","UMBS MORTPASS 4% 11/49","30yr",,,,,"934213.65",,,,,,""
"2021-08-11","'3132A9QE0'","MBS","UMBS MORTPASS 2.5% 02/30","15yr",,,,,"934189.29",,,,,,""
"2021-08-11","'31307L3B2'","MBS","FHLMCGLD 3% 03/30","15yr",,,,,"933845.6",,,,,,""
"2021-08-11","'3132M5RS3'","MBS","FHLMCGLD 3.5% 03/44","30yr",,,,,"933814.96",,,,,,""
"2021-08-11","'31329P2K8'","MBS","UMBS MORTPASS 2.5% 12/33","15yr",,,,,"933438.18",,,,,,""
"2021-08-11","'3138M1BC1'","MBS","UMBS MORTPASS 3% 07/27","15yr",,,,,"933436.13",,,,,,""
"2021-08-11","'3140KUMS8'","MBS","UMBS MORTPASS 2% 11/35","15yr",,,,,"933031.61",,,,,,""
"2021-08-11","'3140JULK8'","MBS","UMBS MORTPASS 3.5% 05/49","30yr",,,,,"932870.79",,,,,,""
"2021-08-11","'3140HETD4'","MBS","UMBS MORTPASS 3% 02/33","15yr",,,,,"932492.89",,,,,,""
"2021-08-11","'3140FF5M9'","MBS","UMBS MORTPASS 2.5% 09/31","15yr",,,,,"932462.79",,,,,,""
"2021-08-11","'3132HQL34'","MBS","FHLMCGLD 3.5% 12/42","30yr",,,,,"932452.85",,,,,,""
"2021-08-11","'3132A9M38'","MBS","UMBS MORTPASS 2.5% 02/28","15yr",,,,,"932206.94",,,,,,""
"2021-08-11","'3140EBHM6'","MBS","UMBS MORTPASS 3% 12/30","15yr",,,,,"932036.38",,,,,,""
"2021-08-11","'3132A9TF4'","MBS","UMBS MORTPASS 2.5% 04/32","15yr",,,,,"931654.33",,,,,,""
"2021-08-11","'3132KE5L5'","MBS","FHLMCGLD 2.5% 04/30","15yr",,,,,"931620.82",,,,,,""
"2021-08-11","'31307PPS2'","MBS","FHLMCGLD 2.5% 11/30","15yr",,,,,"931349.27",,,,,,""
"2021-08-11","'36295CH53'","MBS","GNMA I MORTPASS 3% 05/43","30yr",,,,,"931205.35",,,,,,""
"2021-08-11","'3140K6AU9'","MBS","UMBS MORTPASS 3.5% 12/49","30yr",,,,,"931124.42",,,,,,""
"2021-08-11","'3140KBF33'","MBS","UMBS MORTPASS 2% 03/36","15yr",,,,,"930140.17",,,,,,""
"2021-08-11","'3132M3WD5'","MBS","FHLMCGLD 4% 12/43","30yr",,,,,"930138.64",,,,,,""
"2021-08-11","'3133GCSK9'","MBS","UMBS MORTPASS 2% 04/36","15yr",,,,,"929950.89",,,,,,""
"2021-08-11","'36297GNG1'","MBS","GNMA I MORTPASS 4% 02/40","30yr",,,,,"929891",,,,,,""
"2021-08-11","'3620AE3K4'","MBS","GNMA I MORTPASS 5% 11/39","30yr",,,,,"929872.2",,,,,,""
"2021-08-11","'31307F6J5'","MBS","FHLMCGLD 3% 01/29","15yr",,,,,"929670.35",,,,,,""
"2021-08-11","'36297AHK2'","MBS","GNMA I 3.5% 12/41","30yr",,,,,"928899.65",,,,,,""
"2021-08-11","'3140JWCE8'","MBS","UMBS MORTPASS 3% 12/33","15yr",,,,,"928879.01",,,,,,""
"2021-08-11","'3138AWLV3'","MBS","UMBS MORTPASS 3% 11/26","15yr",,,,,"928643.07",,,,,,""
"2021-08-11","'36179EHW1'","MBS","GNMA I MORTPASS 3% 01/43","30yr",,,,,"928304.66",,,,,,""
"2021-08-11","'31307MPZ3'","MBS","FHLMCGLD 2.5% 04/30","15yr",,,,,"928251.46",,,,,,""
"2021-08-11","'31418CV50'","MBS","UMBS MORTPASS 3% 04/38","Other",,,,,"928086.08",,,,,,""
"2021-08-11","'3138EJV70'","MBS","UMBS MORTPASS 3% 09/27","15yr",,,,,"927653.81",,,,,,""
"2021-08-11","'3138X2F25'","MBS","UMBS MORTPASS 3% 08/28","15yr",,,,,"927403.78",,,,,,""
"2021-08-11","'31307VXU5'","MBS","FHLMCGLD 3% 04/33","15yr",,,,,"927325.45",,,,,,""
"2021-08-11","'3138X4KU3'","MBS","UMBS MORTPASS 3% 09/28","15yr",,,,,"926850.99",,,,,,""
"2021-08-11","'3132GREP2'","MBS","FHLMCGLD 3.5% 02/42","30yr",,,,,"926399.72",,,,,,""
"2021-08-11","'3140JLZA5'","MBS","UMBS MORTPASS 4% 02/49","30yr",,,,,"925726.15",,,,,,""
"2021-08-11","'3133ABAP5'","MBS","UMBS MORTPASS 2% 10/50","30yr",,,,,"925483.62",,,,,,""
"2021-08-11","'3132HRRQ5'","MBS","FHLMCGLD 3% 03/43","30yr",,,,,"925428.72",,,,,,""
"2021-08-11","'3140J9VB4'","MBS","UMBS MORTPASS 3% 12/32","15yr",,,,,"925351.95",,,,,,""
"2021-08-11","'3140JNRL6'","MBS","UMBS MORTPASS 4% 02/49","30yr",,,,,"925308.1",,,,,,""
"2021-08-11","'3138WZSK9'","MBS","UMBS MORTPASS 2.5% 08/28","15yr",,,,,"925149.98",,,,,,""
"2021-08-11","'36178WM30'","MBS","GNMA I 3.5% 10/42","30yr",,,,,"925099.47",,,,,,""
"2021-08-11","'3140KEBH0'","MBS","UMBS MORTPASS 3% 05/50","30yr",,,,,"924844.92",,,,,,""
"2021-08-11","'3140Q9JB0'","MBS","UMBS MORTPASS 4.5% 07/48","30yr",,,,,"924293.49",,,,,,""
"2021-08-11","'3133G7V34'","MBS","UMBS MORTPASS 2.5% 02/35","15yr",,,,,"924275.73",,,,,,""
"2021-08-11","'36230SJH8'","MBS","GNMA I 3.5% 11/41","30yr",,,,,"924244.45",,,,,,""
"2021-08-11","'36297FJB9'","MBS","GNMA I 4.5% 07/39","30yr",,,,,"924216.08",,,,,,""
"2021-08-11","'3140HJRA1'","MBS","UMBS MORTPASS 3.5% 06/48","30yr",,,,,"923886.59",,,,,,""
"2021-08-11","'36295CFU0'","MBS","GNMA I MORTPASS 3% 11/42","30yr",,,,,"922921.17",,,,,,""
"2021-08-11","'3133AAUF7'","MBS","UMBS MORTPASS 2.5% 09/40","30yr",,,,,"922890.67",,,,,,""
"2021-08-11","'3138W0BM0'","MBS","UMBS MORTPASS 3.5% 05/43","30yr",,,,,"922799.9",,,,,,""
"2021-08-11","'3140H7JV0'","MBS","UMBS MORTPASS 3% 01/33","15yr",,,,,"922683.7",,,,,,""
"2021-08-11","'31307J3X9'","MBS","FHLMCGLD 3.5% 11/29","15yr",,,,,"922238.9",,,,,,""
"2021-08-11","'3132DV5M3'","MBS","UMBS MORTPASS 4% 03/50","30yr",,,,,"922201.82",,,,,,""
"2021-08-11","'36177PET8'","MBS","GNMA I MORTPASS 3% 07/42","30yr",,,,,"921870.77",,,,,,""
"2021-08-11","'3140QCJ56'","MBS","UMBS MORTPASS 2.5% 09/49","30yr",,,,,"921793.92",,,,,,""
"2021-08-11","'31417F3Z9'","MBS","UMBS MORTPASS 3% 04/28","15yr",,,,,"921592.69",,,,,,""
"2021-08-11","'3138WSBJ6'","MBS","UMBS MORTPASS 3.5% 07/43","30yr",,,,,"921352.52",,,,,,""
"2021-08-11","'3138YSTP1'","MBS","UMBS MORTPASS 3.5% 07/45","30yr",,,,,"921152.77",,,,,,""
"2021-08-11","'3138XLVE9'","MBS","UMBS MORTPASS 3.5% 02/29","15yr",,,,,"920935.67",,,,,,""
"2021-08-11","'3138APEQ7'","MBS","UMBS MORTPASS 2.5% 12/27","15yr",,,,,"920853.49",,,,,,""
"2021-08-11","'3140K5HL4'","MBS","UMBS MORTPASS 3% 12/49","30yr",,,,,"920837.37",,,,,,""
"2021-08-11","'31417B5T0'","MBS","UMBS MORTPASS 2.5% 06/27","15yr",,,,,"920570.25",,,,,,""
"2021-08-11","'3128PS6U6'","MBS","FHLMCGLD 3.5% 11/25","15yr",,,,,"920468.57",,,,,,""
"2021-08-11","'3138WDVB4'","MBS","UMBS MORTPASS 2% 01/25","Other",,,,,"919926.38",,,,,,""
"2021-08-11","'3138XUKZ4'","MBS","UMBS MORTPASS 4% 04/44","30yr",,,,,"919913.73",,,,,,""
"2021-08-11","'36179A4K9'","MBS","GNMA I MORTPASS 3% 05/43","30yr",,,,,"919896.94",,,,,,""
"2021-08-11","'3131XB4G1'","MBS","UMBS MORTPASS 3% 04/31","15yr",,,,,"919877.95",,,,,,""
"2021-08-11","'31307QLC9'","MBS","FHLMCGLD 2.5% 03/31","15yr",,,,,"919265.32",,,,,,""
"2021-08-11","'3133A1JH6'","MBS","UMBS 3.0%","30yr",,,,,"918559.31",,,,,,""
"2021-08-11","'31307GH28'","MBS","FHLMCGLD 3.5% 02/29","15yr",,,,,"918505.83",,,,,,""
"2021-08-11","'3133G66P5'","MBS","UMBS MORTPASS 3.5% 11/34","15yr",,,,,"918055.76",,,,,,""
"2021-08-11","'36179VMF4'","MBS","GNMA II MORTPASS 4% 05/50","30yr",,,,,"918006.68",,,,,,""
"2021-08-11","'31307LFA1'","MBS","FHLMCGLD 2.5% 12/29","15yr",,,,,"917708.57",,,,,,""
"2021-08-11","'3140KBQW7'","MBS","UMBS MORTPASS 2.5% 05/50","30yr",,,,,"917226.98",,,,,,""
"2021-08-11","'36179H4B4'","MBS","GNMA I MORTPASS 3% 01/43","30yr",,,,,"917036.41",,,,,,""
"2021-08-11","'36177TMZ7'","MBS","GNMA I MORTPASS 3% 10/42","30yr",,,,,"916809.44",,,,,,""
"2021-08-11","'3138MFVB0'","MBS","UMBS MORTPASS 3.5% 10/42","30yr",,,,,"916741.08",,,,,,""
"2021-08-11","'3140K2V76'","MBS","UMBS MORTPASS 3% 10/49","30yr",,,,,"916735.71",,,,,,""
"2021-08-11","'3140HEEN8'","MBS","UMBS MORTPASS 3.5% 03/33","15yr",,,,,"916693.05",,,,,,""
"2021-08-11","'36178VB59'","MBS","GNMA I MORTPASS 3% 01/43","30yr",,,,,"916520.79",,,,,,""
"2021-08-11","'3132A5JG1'","MBS","UMBS MORTPASS 3.5% 04/48","30yr",,,,,"916473.09",,,,,,""
"2021-08-11","'3138W6T22'","MBS","UMBS MORTPASS 3% 03/28","15yr",,,,,"916431.59",,,,,,""
"2021-08-11","'36290QNZ4'","MBS","GNMA I 3.5% 12/42","30yr",,,,,"915896.93",,,,,,""
"2021-08-11","'36296WAC0'","MBS","GNMA I MORTPASS 5% 04/39","30yr",,,,,"915809.72",,,,,,""
"2021-08-11","'3138XC2G6'","MBS","UMBS MORTPASS 3% 02/27","15yr",,,,,"915491.44",,,,,,""
"2021-08-11","'31416XHY9'","MBS","UMBS MORTPASS 3% 01/26","15yr",,,,,"915277.82",,,,,,""
"2021-08-11","'3131X8BN5'","MBS","UMBS MORTPASS 2.5% 10/27","15yr",,,,,"914909.82",,,,,,""
"2021-08-11","'3138WBUM5'","MBS","UMBS MORTPASS 4% 05/44","30yr",,,,,"914819.72",,,,,,""
"2021-08-11","'3131Y1WT3'","MBS","UMBS MORTPASS 3.5% 06/48","30yr",,,,,"914780.09",,,,,,""
"2021-08-11","'3140JHK69'","MBS","UMBS MORTPASS 4% 11/48","30yr",,,,,"914439.15",,,,,,""
"2021-08-11","'3138XRZL6'","MBS","UMBS MORTPASS 3% 04/29","15yr",,,,,"914296.22",,,,,,""
"2021-08-11","'3138WT5U6'","MBS","UMBS MORTPASS 3% 06/28","15yr",,,,,"914159.06",,,,,,""
"2021-08-11","'3138Y4MK2'","MBS","UMBS MORTPASS 3.5% 10/44","30yr",,,,,"914095.32",,,,,,""
"2021-08-11","'3138EKAW5'","MBS","UMBS MORTPASS 3% 11/27","15yr",,,,,"913994.02",,,,,,""
"2021-08-11","'3138W7RA4'","MBS","UMBS MORTPASS 2.5% 04/28","15yr",,,,,"913838.71",,,,,,""
"2021-08-11","'3138WAFC6'","MBS","UMBS MORTPASS 3% 11/28","15yr",,,,,"913689.65",,,,,,""
"2021-08-11","'3140JPB20'","MBS","UMBS MORTPASS 2.5% 03/50","30yr",,,,,"913330.32",,,,,,""
"2021-08-11","'3138EJRG5'","MBS","UMBS MORTPASS 3% 09/27","15yr",,,,,"913234.11",,,,,,""
"2021-08-11","'36181A2D3'","MBS","GNMA I MORTPASS 3% 12/42","30yr",,,,,"912997.02",,,,,,""
"2021-08-11","'36179KPX6'","MBS","GNMA I MORTPASS 3% 01/43","30yr",,,,,"912506.23",,,,,,""
"2021-08-11","'31417DBH5'","MBS","UMBS MORTPASS 2.5% 10/27","15yr",,,,,"912461.09",,,,,,""
"2021-08-11","'3138W46S5'","MBS","UMBS MORTPASS 2.5% 03/28","15yr",,,,,"912290.17",,,,,,""
"2021-08-11","'3138YHLR9'","MBS","UMBS MORTPASS 3% 03/30","15yr",,,,,"911978.15",,,,,,""
"2021-08-11","'3138W5YB8'","MBS","UMBS MORTPASS 3% 03/28","15yr",,,,,"911558.13",,,,,,""
"2021-08-11","'31307RZ24'","MBS","FHLMCGLD 3% 09/31","15yr",,,,,"911545.83",,,,,,""
"2021-08-11","'36297BFR7'","MBS","GNMA I 4.5% 11/39","30yr",,,,,"911406.92",,,,,,""
"2021-08-11","'3132JN6J1'","MBS","FHLMCGLD 4% 09/43","30yr",,,,,"911401.2",,,,,,""
"2021-08-11","'3133G9TX7'","MBS","UMBS MORTPASS 2% 09/35","15yr",,,,,"911255.77",,,,,,""
"2021-08-11","'31417DRC9'","MBS","UMBS MORTPASS 2.5% 11/27","15yr",,,,,"911130.59",,,,,,""
"2021-08-11","'3128MF2L1'","MBS","FHLMCGLD 5% 12/24","15yr",,,,,"910328.65",,,,,,"Y"
"2021-08-11","'36230SLQ5'","MBS","GNMA I 3.5% 07/42","30yr",,,,,"909668.04",,,,,,""
"2021-08-11","'31339UKC3'","MBS","UMBS MORTPASS 3% 10/49","30yr",,,,,"909652.9",,,,,,""
"2021-08-11","'31329NQ43'","MBS","UMBS MORTPASS 3.5% 08/47","30yr",,,,,"909581.1",,,,,,""
"2021-08-11","'31307UM62'","MBS","FHLMCGLD 3.5% 08/32","15yr",,,,,"909285.27",,,,,,""
"2021-08-11","'3138YTH49'","MBS","UMBS MORTPASS 3.5% 08/45","30yr",,,,,"909282.34",,,,,,""
"2021-08-11","'3133G9HT9'","MBS","UMBS MORTPASS 2% 08/35","15yr",,,,,"908647.25",,,,,,""
"2021-08-11","'31307J4R1'","MBS","FHLMCGLD 3% 11/29","15yr",,,,,"908421.95",,,,,,""
"2021-08-11","'3132A9PN1'","MBS","UMBS MORTPASS 2.5% 06/29","15yr",,,,,"908163.32",,,,,,""
"2021-08-11","'3133GAVR4'","MBS","UMBS MORTPASS 2% 11/35","15yr",,,,,"907795.61",,,,,,""
"2021-08-11","'3140HDJ47'","MBS","UMBS MORTPASS 4% 10/48","30yr",,,,,"907453.1",,,,,,""
"2021-08-11","'3140EWX59'","MBS","UMBS MORTPASS 3% 03/31","15yr",,,,,"907263.28",,,,,,""
"2021-08-11","'31307L4X3'","MBS","FHLMCGLD 3% 03/30","15yr",,,,,"906730.04",,,,,,""
"2021-08-11","'3140L0VU8'","MBS","UMBS MORTPASS 2% 01/51","30yr",,,,,"906030.69",,,,,,""
"2021-08-11","'3128MJUK4'","MBS","FHLMCGLD 3.5% 05/44","30yr",,,,,"905466.51",,,,,,""
"2021-08-11","'31329QEC1'","MBS","UMBS MORTPASS 3% 03/29","Other",,,,,"904877.88",,,,,,""
"2021-08-11","'3131X7TK4'","MBS","UMBS MORTPASS 2.5% 05/27","15yr",,,,,"904857.69",,,,,,""
"2021-08-11","'3140QFDC0'","MBS","UMBS MORTPASS 2.5% 10/50","30yr",,,,,"904776",,,,,,""
"2021-08-11","'36295R4R6'","MBS","GNMA I 4.5% 05/39","30yr",,,,,"904774.95",,,,,,""
"2021-08-11","'3140JPBK0'","MBS","UMBS MORTPASS 2% 10/34","15yr",,,,,"904560.11",,,,,,""
"2021-08-11","'3140HNWS7'","MBS","UMBS MORTPASS 3.5% 07/49","30yr",,,,,"904394.08",,,,,,""
"2021-08-11","'36176PR40'","MBS","GNMA I 3.5% 12/41","30yr",,,,,"904383.62",,,,,,""
"2021-08-11","'3138WVA76'","MBS","UMBS MORTPASS 2% 07/28","15yr",,,,,"903837.72",,,,,,""
"2021-08-11","'31307TVG3'","MBS","FHLMCGLD 3% 05/32","15yr",,,,,"903644.35",,,,,,""
"2021-08-11","'31410LTL6'","MBS","UMBS MORTPASS 2% 08/31","15yr",,,,,"903612.88",,,,,,""
"2021-08-11","'36295AJQ9'","MBS","GNMA I 4.5% 08/39","30yr",,,,,"903562.56",,,,,,""
"2021-08-11","'3138EDP88'","MBS","UMBS MORTPASS 3% 04/27","15yr",,,,,"903300.57",,,,,,""
"2021-08-11","'3140JLWN0'","MBS","UMBS MORTPASS 3% 03/34","15yr",,,,,"903042.4",,,,,,""
"2021-08-11","'3140JWTZ3'","MBS","UMBS MORTPASS 3% 11/49","30yr",,,,,"902620.57",,,,,,""
"2021-08-11","'3140KDWD8'","MBS","UMBS MORTPASS 3% 07/50","30yr",,,,,"902255.41",,,,,,""
"2021-08-11","'3132QUMV2'","MBS","FHLMCGLD 4% 12/45","30yr",,,,,"901680.57",,,,,,""
"2021-08-11","'3138YUWX5'","MBS","UMBS MORTPASS 3% 07/30","15yr",,,,,"901128.55",,,,,,""
"2021-08-11","'3133A4JA5'","MBS","UMBS MORTPASS 3% 04/50","30yr",,,,,"900885.91",,,,,,""
"2021-08-11","'3138YKBS1'","MBS","UMBS MORTPASS 3% 02/30","15yr",,,,,"900880.46",,,,,,""
"2021-08-11","'31417QVS0'","MBS","UMBS MORTPASS 4% 11/24","15yr",,,,,"900246.43",,,,,,""
"2021-08-11","'3620A4BX9'","MBS","GNMA I MORTPASS 5% 10/39","30yr",,,,,"900230.62",,,,,,""
"2021-08-11","'31307PHP7'","MBS","FHLMCGLD 2.5% 10/30","15yr",,,,,"900212.62",,,,,,""
"2021-08-11","'31418AEK0'","MBS","UMBS MORTPASS 3% 04/32","Other",,,,,"900183.59",,,,,,""
"2021-08-11","'31307VMY9'","MBS","FHLMCGLD 3% 02/33","15yr",,,,,"899989.88",,,,,,""
"2021-08-11","'3138YXH24'","MBS","UMBS MORTPASS 3% 07/45","30yr",,,,,"899729.42",,,,,,""
"2021-08-11","'3140QCHN9'","MBS","UMBS MORTPASS 3% 11/49","30yr",,,,,"899720.17",,,,,,""
"2021-08-11","'3138Y0C62'","MBS","UMBS MORTPASS 3.5% 08/29","15yr",,,,,"899650.06",,,,,,""
"2021-08-11","'31307DGT7'","MBS","FHLMCGLD 2.5% 07/28","15yr",,,,,"899592.78",,,,,,""
"2021-08-11","'3140F5LU5'","MBS","UMBS MORTPASS 2% 11/31","15yr",,,,,"899516.63",,,,,,""
"2021-08-11","'3132KE2D6'","MBS","FHLMCGLD 2.5% 03/30","15yr",,,,,"898913.97",,,,,,""
"2021-08-11","'3132QMUQ2'","MBS","FHLMCGLD 4% 02/45","30yr",,,,,"898483.02",,,,,,""
"2021-08-11","'3140X8GL5'","MBS","UMBS MORTPASS 2.5% 10/50","30yr",,,,,"898444.63",,,,,,""
"2021-08-11","'3140KY4V3'","MBS","UMBS MORTPASS 2% 03/36","15yr",,,,,"898239.5",,,,,,""
"2021-08-11","'36180UHE2'","MBS","GNMA I 3.5% 07/43","30yr",,,,,"898023.34",,,,,,""
"2021-08-11","'3138EENW5'","MBS","UMBS MORTPASS 3% 04/27","15yr",,,,,"897937.63",,,,,,""
"2021-08-11","'3138MJM63'","MBS","UMBS MORTPASS 2.5% 11/27","15yr",,,,,"897753.1",,,,,,""
"2021-08-11","'3132A8LY3'","MBS","UMBS MORTPASS 2% 08/23","Other",,,,,"897687.27",,,,,,""
"2021-08-11","'3132CWA61'","MBS","UMBS MORTPASS 3% 04/34","15yr",,,,,"897549.79",,,,,,""
"2021-08-11","'3138MBFB7'","MBS","UMBS MORTPASS 3% 10/27","15yr",,,,,"897546.05",,,,,,""
"2021-08-11","'36295R4S4'","MBS","GNMA I MORTPASS 4% 07/39","30yr",,,,,"897480.11",,,,,,""
"2021-08-11","'31335AYJ1'","MBS","FHLMCGLD 3.5% 09/46","30yr",,,,,"897298.19",,,,,,""
"2021-08-11","'31417DHT3'","MBS","UMBS MORTPASS 2% 10/22","Other",,,,,"897292.97",,,,,,""
"2021-08-11","'3138XRLK3'","MBS","UMBS MORTPASS 4% 03/44","30yr",,,,,"897256.74",,,,,,""
"2021-08-11","'36297BEJ6'","MBS","GNMA I MORTPASS 4% 05/39","30yr",,,,,"897037.6",,,,,,""
"2021-08-11","'3138WFZC3'","MBS","UMBS MORTPASS 2.5% 11/25","Other",,,,,"896772.19",,,,,,""
"2021-08-11","'31307PEX3'","MBS","FHLMCGLD 2.5% 09/30","15yr",,,,,"896760.31",,,,,,""
"2021-08-11","'3133KHS31'","MBS","UMBS MORTPASS 3% 03/50","30yr",,,,,"896574.34",,,,,,""
"2021-08-11","'3132M6N22'","MBS","FHLMCGLD 4% 05/44","30yr",,,,,"895791.36",,,,,,""
"2021-08-11","'3138X13R5'","MBS","UMBS MORTPASS 4% 08/43","30yr",,,,,"895778.53",,,,,,""
"2021-08-11","'36177WA34'","MBS","GNMA I 3.5% 04/42","30yr",,,,,"895757.16",,,,,,""
"2021-08-11","'3140HJT68'","MBS","UMBS MORTPASS 4% 04/48","30yr",,,,,"895755.31",,,,,,""
"2021-08-11","'3132JNCA3'","MBS","FHLMCGLD 3.5% 08/43","30yr",,,,,"895677.14",,,,,,""
"2021-08-11","'3140K4GG9'","MBS","UMBS MORTPASS 3% 11/49","30yr",,,,,"894528.05",,,,,,""
"2021-08-11","'31368HM26'","MBS","UMBS MORTPASS 5% 11/36","30yr",,,,,"894136.76",,,,,,""
"2021-08-11","'31307RCK9'","MBS","FHLMCGLD 3% 06/31","15yr",,,,,"894081.43",,,,,,""
"2021-08-11","'36297GTM2'","MBS","GNMA I MORTPASS 3% 06/42","30yr",,,,,"893920.79",,,,,,""
"2021-08-11","'36294UWY4'","MBS","GNMA I MORTPASS 3% 10/42","30yr",,,,,"893810.07",,,,,,""
"2021-08-11","'36202FKL9'","MBS","GNMA II 3.5% 09/40","30yr",,,,,"893411.33",,,,,,""
"2021-08-11","'3132A7WK3'","MBS","UMBS MORTPASS 3% 04/29","15yr",,,,,"892424.77",,,,,,""
"2021-08-11","'3133AGC31'","MBS","UMBS MORTPASS 2% 02/51","30yr",,,,,"891119.21",,,,,,""
"2021-08-11","'3138WGHX5'","MBS","UMBS MORTPASS 2.5% 01/31","15yr",,,,,"891062.53",,,,,,""
"2021-08-11","'3140K2V92'","MBS","UMBS MORTPASS 2.5% 10/34","15yr",,,,,"890623.73",,,,,,""
"2021-08-11","'3140K6CH6'","MBS","UMBS MORTPASS 2.5% 08/34","15yr",,,,,"890424.55",,,,,,""
"2021-08-11","'3132AEEL6'","MBS","UMBS MORTPASS 3.5% 05/39","Other",,,,,"890379.42",,,,,,""
"2021-08-11","'3140L8FN5'","MBS","UMBS MORTPASS 2% 04/36","15yr",,,,,"890288.3",,,,,,""
"2021-08-11","'3140K8N56'","MBS","UMBS MORTPASS 3% 02/35","15yr",,,,,"890149.03",,,,,,""
"2021-08-11","'3138M8HJ5'","MBS","UMBS MORTPASS 3% 08/27","15yr",,,,,"889820.56",,,,,,""
"2021-08-11","'3138ENHQ5'","MBS","UMBS MORTPASS 3% 06/28","15yr",,,,,"889299.15",,,,,,""
"2021-08-11","'3138WZSU7'","MBS","UMBS MORTPASS 3% 07/28","15yr",,,,,"889004.89",,,,,,""
"2021-08-11","'3138EH4A7'","MBS","UMBS MORTPASS 3% 04/27","15yr",,,,,"888852.4",,,,,,""
"2021-08-11","'3138YDCJ6'","MBS","UMBS MORTPASS 3% 12/44","30yr",,,,,"888749.72",,,,,,""
"2021-08-11","'3140EV3U9'","MBS","UMBS MORTPASS 3.5% 12/45","30yr",,,,,"888596.57",,,,,,""
"2021-08-11","'36297HKV9'","MBS","GNMA I MORTPASS 5% 11/39","30yr",,,,,"888459.68",,,,,,""
"2021-08-11","'31418CLL6'","MBS","UMBS MORTPASS 3% 06/27","Other",,,,,"888433.24",,,,,,""
"2021-08-11","'3140Q8E35'","MBS","UMBS MORTPASS 3.5% 01/48","30yr",,,,,"888264.88",,,,,,""
"2021-08-11","'3140X66P1'","MBS","UMBS MORTPASS 2.5% 06/35","15yr",,,,,"887453.11",,,,,,""
"2021-08-11","'3140K8RW3'","MBS","UMBS MORTPASS 2.5% 03/50","30yr",,,,,"887438.08",,,,,,""
"2021-08-11","'3138YNL62'","MBS","UMBS MORTPASS 3% 08/30","15yr",,,,,"887042.23",,,,,,""
"2021-08-11","'3138W2D85'","MBS","UMBS MORTPASS 2.5% 01/28","15yr",,,,,"887022.58",,,,,,""
"2021-08-11","'36241L6V3'","MBS","GNMA II 4.5% 07/41","30yr",,,,,"886954.88",,,,,,""
"2021-08-11","'3138X0PU6'","MBS","UMBS MORTPASS 4% 07/43","30yr",,,,,"886355.26",,,,,,""
"2021-08-11","'3140E3BK4'","MBS","UMBS MORTPASS 3% 09/30","15yr",,,,,"886267.21",,,,,,""
"2021-08-11","'3140JMMW9'","MBS","UMBS MORTPASS 4% 04/49","30yr",,,,,"886151.39",,,,,,""
"2021-08-11","'3138E7UQ5'","MBS","UMBS MORTPASS 3% 03/27","15yr",,,,,"886079.09",,,,,,""
"2021-08-11","'3138E8YA4'","MBS","UMBS MORTPASS 3.5% 04/42","30yr",,,,,"886053.84",,,,,,""
"2021-08-11","'3128MEVE8'","MBS","FHLMCGLD 3% 04/31","15yr",,,,,"885985.62",,,,,,""
"2021-08-11","'3138WCWJ8'","MBS","UMBS MORTPASS 2.5% 09/29","15yr",,,,,"885982.96",,,,,,""
"2021-08-11","'3140JN3Q1'","MBS","UMBS MORTPASS 4% 02/49","30yr",,,,,"885880.34",,,,,,""
"2021-08-11","'31307ULE6'","MBS","FHLMCGLD 3.5% 09/32","15yr",,,,,"885603.98",,,,,,""
"2021-08-11","'3132CWDX9'","MBS","UMBS MORTPASS 2.5% 11/34","15yr",,,,,"885526.94",,,,,,""
"2021-08-11","'36178DHZ7'","MBS","GNMA I MORTPASS 3% 09/42","30yr",,,,,"885420.05",,,,,,""
"2021-08-11","'3140L3JA0'","MBS","UMBS MORTPASS 2% 03/51","30yr",,,,,"885350.68",,,,,,""
"2021-08-11","'3138YPLL4'","MBS","UMBS MORTPASS 3.5% 05/45","30yr",,,,,"885137.8",,,,,,""
"2021-08-11","'31307L3S5'","MBS","FHLMCGLD 2.5% 02/30","15yr",,,,,"885023.48",,,,,,""
"2021-08-11","'3138X2UP7'","MBS","UMBS MORTPASS 3% 08/28","15yr",,,,,"884976.24",,,,,,""
"2021-08-11","'3138XBM27'","MBS","UMBS MORTPASS 3% 01/29","15yr",,,,,"884799.2",,,,,,""
"2021-08-11","'3132J9Q76'","MBS","FHLMCGLD 3% 05/43","30yr",,,,,"884703.74",,,,,,""
"2021-08-11","'3138WT6C5'","MBS","UMBS MORTPASS 3% 05/28","15yr",,,,,"884702.19",,,,,,""
"2021-08-11","'3138XBZN7'","MBS","UMBS MORTPASS 4% 09/43","30yr",,,,,"884118.14",,,,,,""
"2021-08-11","'36177NT75'","MBS","GNMA I 3.5% 07/42","30yr",,,,,"883806.11",,,,,,""
"2021-08-11","'31418CZ72'","MBS","UMBS MORTPASS 4% 09/38","Other",,,,,"883711.83",,,,,,""
"2021-08-11","'3140QCLT1'","MBS","UMBS MORTPASS 4.5% 09/49","30yr",,,,,"883341.89",,,,,,""
"2021-08-11","'3138ER5X4'","MBS","UMBS MORTPASS 3% 08/30","15yr",,,,,"883269.95",,,,,,""
"2021-08-11","'3140H5ZC8'","MBS","UMBS MORTPASS 3% 12/47","30yr",,,,,"883171.14",,,,,,""
"2021-08-11","'3140K8AR2'","MBS","UMBS MORTPASS 3% 01/35","15yr",,,,,"883023.92",,,,,,""
"2021-08-11","'31307SKK8'","MBS","FHLMCGLD 2.5% 11/31","15yr",,,,,"882965.18",,,,,,""
"2021-08-11","'3133ADZB5'","MBS","UMBS MORTPASS 1.5% 12/50","30yr",,,,,"882560.14",,,,,,""
"2021-08-11","'31329LCT7'","MBS","UMBS MORTPASS 2.5% 11/27","15yr",,,,,"882480.09",,,,,,""
"2021-08-11","'3133GC7H9'","MBS","UMBS MORTPASS 2% 04/36","15yr",,,,,"882441.9",,,,,,""
"2021-08-11","'3140HPVV6'","MBS","UMBS MORTPASS 3% 10/33","15yr",,,,,"882069.34",,,,,,""
"2021-08-11","'31417GRH1'","MBS","UMBS MORTPASS 2.5% 05/28","15yr",,,,,"881652.47",,,,,,""
"2021-08-11","'3131XCCZ8'","MBS","UMBS MORTPASS 2.5% 07/31","15yr",,,,,"881542.45",,,,,,""
"2021-08-11","'3620A7BV6'","MBS","GNMA I 4.5% 12/39","30yr",,,,,"881293",,,,,,""
"2021-08-11","'3138WZZ96'","MBS","UMBS MORTPASS 2.5% 07/28","15yr",,,,,"880698.29",,,,,,""
"2021-08-11","'3132JATF2'","MBS","FHLMCGLD 3.5% 06/43","30yr",,,,,"880587.45",,,,,,""
"2021-08-11","'3620A8CS0'","MBS","GNMA I MORTPASS 3% 03/43","30yr",,,,,"880479.7",,,,,,""
"2021-08-11","'31418BJQ0'","MBS","UMBS MORTPASS 3.5% 10/29","15yr",,,,,"880052.29",,,,,,""
"2021-08-11","'3132A8CP2'","MBS","UMBS MORTPASS 2.5% 12/28","15yr",,,,,"880025.93",,,,,,""
"2021-08-11","'3138WGDX9'","MBS","UMBS MORTPASS 3% 12/30","15yr",,,,,"879897.47",,,,,,""
"2021-08-11","'3138MRTN1'","MBS","UMBS MORTPASS 2.5% 12/42","30yr",,,,,"879339.06",,,,,,""
"2021-08-11","'3133A72E8'","MBS","UMBS MORTPASS 2.5% 08/50","30yr",,,,,"879280.8",,,,,,""
"2021-08-11","'3132A8HK8'","MBS","UMBS MORTPASS 3% 06/31","15yr",,,,,"879212.05",,,,,,""
"2021-08-11","'3132QTY83'","MBS","FHLMCGLD 3.5% 10/45","30yr",,,,,"879021.85",,,,,,""
"2021-08-11","'31339S4U6'","MBS","UMBS MORTPASS 4% 09/49","30yr",,,,,"878897",,,,,,""
"2021-08-11","'3132QNQZ5'","MBS","FHLMCGLD 3.5% 03/45","30yr",,,,,"878527.86",,,,,,""
"2021-08-11","'36177T5U7'","MBS","GNMA I 3.5% 05/42","30yr",,,,,"878420.19",,,,,,""
"2021-08-11","'3138NYJ89'","MBS","UMBS MORTPASS 3% 01/43","30yr",,,,,"878349.04",,,,,,""
"2021-08-11","'31417BG76'","MBS","UMBS MORTPASS 2.5% 03/27","15yr",,,,,"878201.65",,,,,,""
"2021-08-11","'3140JUV27'","MBS","UMBS MORTPASS 3% 06/49","30yr",,,,,"878022.99",,,,,,""
"2021-08-11","'3138XWNJ3'","MBS","UMBS MORTPASS 4% 05/44","30yr",,,,,"877819.06",,,,,,""
"2021-08-11","'3620A8KZ5'","MBS","GNMA I MORTPASS 5% 08/39","30yr",,,,,"877345.84",,,,,,""
"2021-08-11","'36177PEU5'","MBS","GNMA I MORTPASS 3% 07/42","30yr",,,,,"877212.64",,,,,,""
"2021-08-11","'3132A9RS8'","MBS","UMBS MORTPASS 2.5% 02/31","15yr",,,,,"877017.75",,,,,,""
"2021-08-11","'3138WBC37'","MBS","UMBS MORTPASS 2.5% 03/29","15yr",,,,,"876950.21",,,,,,""
"2021-08-11","'36297KV81'","MBS","GNMA I 4.5% 07/39","30yr",,,,,"876915.52",,,,,,""
"2021-08-11","'3133GC2P6'","MBS","UMBS MORTPASS 1.5% 04/36","15yr",,,,,"876195.04",,,,,,""
"2021-08-11","'3133G8N98'","MBS","UMBS MORTPASS 2.5% 05/35","15yr",,,,,"875443.66",,,,,,""
"2021-08-11","'31417AXF1'","MBS","UMBS MORTPASS 3% 01/27","15yr",,,,,"875342.6",,,,,,""
"2021-08-11","'3140JMBC5'","MBS","UMBS MORTPASS 4% 01/49","30yr",,,,,"875236.83",,,,,,""
"2021-08-11","'36178DX22'","MBS","GNMA I 3.5% 02/43","30yr",,,,,"874764.38",,,,,,""
"2021-08-11","'3138EJWY0'","MBS","UMBS MORTPASS 2.5% 10/27","15yr",,,,,"874563.81",,,,,,""
"2021-08-11","'3140K5AD9'","MBS","UMBS MORTPASS 3% 02/50","30yr",,,,,"873963.26",,,,,,""
"2021-08-11","'31307F5K3'","MBS","FHLMCGLD 3.5% 01/29","15yr",,,,,"873936.95",,,,,,""
"2021-08-11","'3138WWML0'","MBS","UMBS MORTPASS 2% 06/28","15yr",,,,,"873700.75",,,,,,""
"2021-08-11","'3140K4K41'","MBS","UMBS MORTPASS 3% 02/35","15yr",,,,,"873419.24",,,,,,""
"2021-08-11","'3140HALQ1'","MBS","UMBS MORTPASS 3.5% 07/44","30yr",,,,,"873262.26",,,,,,""
"2021-08-11","'31307DHW9'","MBS","FHLMCGLD 3% 07/28","15yr",,,,,"873210.83",,,,,,""
"2021-08-11","'3140KVZQ6'","MBS","UMBS MORTPASS 2.5% 02/51","30yr",,,,,"873067.38",,,,,,""
"2021-08-11","'31307MAJ5'","MBS","FHLMCGLD 3% 03/30","15yr",,,,,"872751.76",,,,,,""
"2021-08-11","'3138MD2T8'","MBS","UMBS MORTPASS 2.5% 10/27","15yr",,,,,"872598.1",,,,,,""
"2021-08-11","'3140J7YZ2'","MBS","UMBS MORTPASS 2% 09/31","15yr",,,,,"872096.5",,,,,,""
"2021-08-11","'3140H7RE9'","MBS","UMBS MORTPASS 3.5% 02/33","15yr",,,,,"871828.63",,,,,,""
"2021-08-11","'3620A7BR5'","MBS","GNMA I 4.5% 12/39","30yr",,,,,"871824.39",,,,,,""
"2021-08-11","'36179F7A7'","MBS","GNMA I MORTPASS 3% 02/43","30yr",,,,,"871641.98",,,,,,""
"2021-08-11","'3138AKDF3'","MBS","UMBS MORTPASS 3.5% 07/26","15yr",,,,,"871597.22",,,,,,""
"2021-08-11","'3132JNDX2'","MBS","FHLMCGLD 3.5% 08/43","30yr",,,,,"871502.23",,,,,,""
"2021-08-11","'3138MJLF4'","MBS","UMBS MORTPASS 3.5% 04/43","30yr",,,,,"871269.95",,,,,,""
"2021-08-11","'3138X0B49'","MBS","UMBS MORTPASS 3% 08/28","15yr",,,,,"871071.17",,,,,,""
"2021-08-11","'31307QR25'","MBS","FHLMCGLD 2.5% 04/31","15yr",,,,,"870924.3",,,,,,""
"2021-08-11","'3140KVHA1'","MBS","UMBS MORTPASS 2% 01/51","30yr",,,,,"870645.47",,,,,,""
"2021-08-11","'3140HEHP0'","MBS","UMBS MORTPASS 4% 02/48","30yr",,,,,"870412.95",,,,,,""
"2021-08-11","'36230SKH6'","MBS","GNMA I 3.5% 02/42","30yr",,,,,"870364.55",,,,,,""
"2021-08-11","'36181A2F8'","MBS","GNMA I MORTPASS 3% 06/43","30yr",,,,,"870325.82",,,,,,""
"2021-08-11","'3138X5HE0'","MBS","UMBS MORTPASS 3% 08/28","15yr",,,,,"869759.96",,,,,,""
"2021-08-11","'3131X8NN2'","MBS","UMBS MORTPASS 2.5% 01/28","15yr",,,,,"869497.68",,,,,,""
"2021-08-11","'31307WHH0'","MBS","FHLMCGLD 3% 07/33","15yr",,,,,"868974.49",,,,,,""
"2021-08-11","'3138XCUM2'","MBS","UMBS MORTPASS 4% 11/43","30yr",,,,,"868959.03",,,,,,""
"2021-08-11","'3140FFCY5'","MBS","UMBS MORTPASS 3.5% 09/46","30yr",,,,,"868912.21",,,,,,""
"2021-08-11","'3138EKNU5'","MBS","UMBS MORTPASS 3% 11/27","15yr",,,,,"867925.55",,,,,,""
"2021-08-11","'3133AFN80'","MBS","UMBS MORTPASS 2.5% 01/51","30yr",,,,,"867912.76",,,,,,""
"2021-08-11","'31410LRU8'","MBS","UMBS MORTPASS 2.5% 01/26","Other",,,,,"867423.87",,,,,,""
"2021-08-11","'3133KKWD7'","MBS","UMBS MORTPASS 1.5% 12/50","30yr",,,,,"867399.86",,,,,,""
"2021-08-11","'3140HLVN3'","MBS","UMBS MORTPASS 4% 10/48","30yr",,,,,"867380.39",,,,,,""
"2021-08-11","'3138EMEP2'","MBS","UMBS MORTPASS 3% 02/27","15yr",,,,,"867256.38",,,,,,""
"2021-08-11","'3138W47B1'","MBS","UMBS MORTPASS 2.5% 03/28","15yr",,,,,"867131.58",,,,,,""
"2021-08-11","'36179A5V4'","MBS","GNMA I 3.5% 07/43","30yr",,,,,"867099.87",,,,,,""
"2021-08-11","'3128MJY46'","MBS","FHLMCGLD 4.5% 10/46","30yr",,,,,"866997.33",,,,,,""
"2021-08-11","'3140FAH54'","MBS","UMBS MORTPASS 2.5% 08/28","15yr",,,,,"866908.76",,,,,,""
"2021-08-11","'3138M9CC3'","MBS","UMBS MORTPASS 3% 10/42","30yr",,,,,"866882.84",,,,,,""
"2021-08-11","'3131X7JP4'","MBS","UMBS MORTPASS 3% 01/27","15yr",,,,,"866826.74",,,,,,""
"2021-08-11","'36177MGN6'","MBS","GNMA I 3.5% 01/42","30yr",,,,,"866192.76",,,,,,""
"2021-08-11","'36176NWX5'","MBS","GNMA I 3.5% 06/43","30yr",,,,,"866102.28",,,,,,""
"2021-08-11","'3140KVQF0'","MBS","UMBS MORTPASS 2% 03/51","30yr",,,,,"865924.56",,,,,,""
"2021-08-11","'31410LNL2'","MBS","UMBS MORTPASS 2.5% 01/24","Other",,,,,"865902.98",,,,,,""
"2021-08-11","'3138MCX66'","MBS","UMBS MORTPASS 2.5% 11/27","15yr",,,,,"865268.76",,,,,,""
"2021-08-11","'3138AXEX5'","MBS","UMBS MORTPASS 3% 12/26","15yr",,,,,"865209",,,,,,""
"2021-08-11","'3140E42Q9'","MBS","UMBS MORTPASS 3% 11/30","15yr",,,,,"864994.05",,,,,,""
"2021-08-11","'3140HME59'","MBS","UMBS MORTPASS 4.5% 06/48","30yr",,,,,"864906.49",,,,,,""
"2021-08-11","'3138ETBY1'","MBS","UMBS MORTPASS 3% 03/31","15yr",,,,,"864729.55",,,,,,""
"2021-08-11","'3140JYPP5'","MBS","UMBS MORTPASS 3% 08/49","30yr",,,,,"864691.22",,,,,,""
"2021-08-11","'3140FNPJ7'","MBS","UMBS MORTPASS 3% 12/46","30yr",,,,,"864013.19",,,,,,""
"2021-08-11","'31417FRT7'","MBS","UMBS MORTPASS 3% 03/28","15yr",,,,,"863937.27",,,,,,""
"2021-08-11","'3140QFBE8'","MBS","UMBS MORTPASS 2.5% 09/50","30yr",,,,,"863740.21",,,,,,""
"2021-08-11","'36202FZC3'","MBS","GNMA II MORTPASS 3% 11/41","30yr",,,,,"863113.78",,,,,,""
"2021-08-11","'3140FFRK9'","MBS","UMBS MORTPASS 3% 01/32","15yr",,,,,"862625.41",,,,,,""
"2021-08-11","'36297FJC7'","MBS","GNMA I 4.5% 07/39","30yr",,,,,"862568.8",,,,,,""
"2021-08-11","'31329KRB2'","MBS","UMBS MORTPASS 2.5% 11/32","Other",,,,,"862344.39",,,,,,""
"2021-08-11","'3140HBFK9'","MBS","UMBS MORTPASS 4% 05/48","30yr",,,,,"862124.95",,,,,,""
"2021-08-11","'36297FS94'","MBS","GNMA I MORTPASS 5% 08/39","30yr",,,,,"861629.02",,,,,,""
"2021-08-11","'3138WU6T5'","MBS","UMBS MORTPASS 3% 06/28","15yr",,,,,"861418.06",,,,,,""
"2021-08-11","'3132D9BD5'","MBS","UMBS MORTPASS 3% 06/38","Other",,,,,"861403.16",,,,,,""
"2021-08-11","'3138MPEQ4'","MBS","UMBS MORTPASS 2.5% 11/27","15yr",,,,,"861378.99",,,,,,""
"2021-08-11","'3133AG2D0'","MBS","UMBS MORTPASS 2% 02/51","30yr",,,,,"861076.27",,,,,,""
"2021-08-11","'3138LY2H9'","MBS","UMBS MORTPASS 3% 06/27","15yr",,,,,"861017.52",,,,,,""
"2021-08-11","'3140H4KF0'","MBS","UMBS MORTPASS 3.5% 01/48","30yr",,,,,"860981.96",,,,,,""
"2021-08-11","'3131Y22Y3'","MBS","UMBS MORTPASS 4.5% 08/48","30yr",,,,,"860950.42",,,,,,""
"2021-08-11","'31307WJ70'","MBS","FHLMCGLD 3% 07/33","15yr",,,,,"860925.63",,,,,,""
"2021-08-11","'36180EPT6'","MBS","GNMA I MORTPASS 3% 04/43","30yr",,,,,"860903.58",,,,,,""
"2021-08-11","'3132MADU2'","MBS","FHLMCGLD 4% 11/44","30yr",,,,,"860849.03",,,,,,""
"2021-08-11","'3140X7NJ4'","MBS","UMBS MORTPASS 2.5% 11/47","30yr",,,,,"860199.9",,,,,,""
"2021-08-11","'3133A4FD3'","MBS","UMBS MORTPASS 2% 04/50","30yr",,,,,"860078.44",,,,,,""
"2021-08-11","'31307PXG9'","MBS","FHLMCGLD 2.5% 12/30","15yr",,,,,"860048.66",,,,,,""
"2021-08-11","'31307FZQ7'","MBS","FHLMCGLD 3% 01/29","15yr",,,,,"860038",,,,,,""
"2021-08-11","'3131X8BL9'","MBS","UMBS MORTPASS 2.5% 10/27","15yr",,,,,"860033.17",,,,,,""
"2021-08-11","'3620AFVH7'","MBS","GNMA I MORTPASS 5% 11/39","30yr",,,,,"859946.26",,,,,,""
"2021-08-11","'312940X53'","MBS","FHLMCGLD 4.5% 06/40","30yr",,,,,"859655.33",,,,,,""
"2021-08-11","'36178GSK1'","MBS","GNMA I MORTPASS 3% 01/43","30yr",,,,,"859359.12",,,,,,""
"2021-08-11","'3138X7CE1'","MBS","UMBS MORTPASS 4% 10/43","30yr",,,,,"859234.47",,,,,,""
"2021-08-11","'3138YVR43'","MBS","UMBS MORTPASS 3% 09/31","15yr",,,,,"859226.6",,,,,,""
"2021-08-11","'3138XMRN2'","MBS","UMBS MORTPASS 4.5% 02/44","30yr",,,,,"858944.85",,,,,,""
"2021-08-11","'3140HM6T6'","MBS","UMBS MORTPASS 4% 07/48","30yr",,,,,"858799.85",,,,,,""
"2021-08-11","'3132A7L33'","MBS","UMBS MORTPASS 2% 02/23","Other",,,,,"858264.12",,,,,,""
"2021-08-11","'36295CKV2'","MBS","GNMA I 3.5% 09/43","30yr",,,,,"858073.4",,,,,,""
"2021-08-11","'3132HNC49'","MBS","FHLMCGLD 3% 10/42","30yr",,,,,"858061.16",,,,,,""
"2021-08-11","'3138MA5K0'","MBS","UMBS MORTPASS 3.5% 10/42","30yr",,,,,"857702.61",,,,,,""
"2021-08-11","'36180CQX0'","MBS","GNMA I MORTPASS 3% 03/43","30yr",,,,,"857623.63",,,,,,""
"2021-08-11","'36230SKE3'","MBS","GNMA I 3.5% 02/42","30yr",,,,,"857557.5",,,,,,""
"2021-08-11","'3140JPXZ3'","MBS","UMBS MORTPASS 4.5% 04/49","30yr",,,,,"857419.74",,,,,,""
"2021-08-11","'3138YD2R9'","MBS","UMBS MORTPASS 2.5% 04/30","15yr",,,,,"857056.74",,,,,,""
"2021-08-11","'36177TKS5'","MBS","GNMA I 3.5% 05/42","30yr",,,,,"857044.48",,,,,,""
"2021-08-11","'3140J7MC6'","MBS","UMBS MORTPASS 2% 11/31","15yr",,,,,"856873.46",,,,,,""
"2021-08-11","'3620AHLW1'","MBS","GNMA I MORTPASS 5% 03/40","30yr",,,,,"856450.08",,,,,,""
"2021-08-11","'3138W9J76'","MBS","UMBS MORTPASS 2% 08/28","15yr",,,,,"856073.32",,,,,,""
"2021-08-11","'3140JATS7'","MBS","UMBS MORTPASS 4% 08/48","30yr",,,,,"855672.72",,,,,,""
"2021-08-11","'36177NXV7'","MBS","GNMA I MORTPASS 4% 03/42","30yr",,,,,"854425.78",,,,,,""
"2021-08-11","'3138X0ZD3'","MBS","UMBS MORTPASS 3% 07/28","15yr",,,,,"854014.06",,,,,,""
"2021-08-11","'3140JLP99'","MBS","UMBS MORTPASS 4.5% 12/48","30yr",,,,,"853700.5",,,,,,""
"2021-08-11","'3131X76W3'","MBS","UMBS MORTPASS 2.5% 10/27","15yr",,,,,"853555.66",,,,,,""
"2021-08-11","'3138EKLP8'","MBS","UMBS MORTPASS 3% 12/27","15yr",,,,,"853174.61",,,,,,""
"2021-08-11","'3138MSB40'","MBS","UMBS MORTPASS 2.5% 01/28","15yr",,,,,"852801.36",,,,,,""
"2021-08-11","'3140JJMK2'","MBS","UMBS MORTPASS 3.5% 10/33","15yr",,,,,"852783.32",,,,,,""
"2021-08-11","'3138YDV48'","MBS","UMBS MORTPASS 3.5% 12/44","30yr",,,,,"852541.91",,,,,,""
"2021-08-11","'3138WMPP0'","MBS","UMBS MORTPASS 3.5% 03/43","30yr",,,,,"852504.91",,,,,,""
"2021-08-11","'31416Y3C0'","MBS","UMBS MORTPASS 3% 09/26","15yr",,,,,"852115.68",,,,,,""
"2021-08-11","'3140JQUB7'","MBS","UMBS MORTPASS 3.5% 04/49","30yr",,,,,"851751.3",,,,,,""
"2021-08-11","'3140JVD66'","MBS","UMBS MORTPASS 4% 08/49","30yr",,,,,"851602.98",,,,,,""
"2021-08-11","'3132J6RB2'","MBS","FHLMCGLD 3.5% 02/43","30yr",,,,,"851119.22",,,,,,""
"2021-08-11","'31307TQV6'","MBS","FHLMCGLD 3% 04/32","15yr",,,,,"851014.62",,,,,,""
"2021-08-11","'3140FCTX6'","MBS","UMBS MORTPASS 3.5% 02/32","15yr",,,,,"850544.45",,,,,,""
"2021-08-11","'31307U3Z9'","MBS","FHLMCGLD 2.5% 11/32","15yr",,,,,"850495.54",,,,,,""
"2021-08-11","'36176PSK3'","MBS","GNMA I 3.5% 01/42","30yr",,,,,"850464.95",,,,,,""
"2021-08-11","'3132A8TC3'","MBS","UMBS MORTPASS 3% 07/29","15yr",,,,,"849933.08",,,,,,""
"2021-08-11","'3138MDNR9'","MBS","UMBS MORTPASS 2.5% 09/27","15yr",,,,,"849821.45",,,,,,""
"2021-08-11","'3140E8KS6'","MBS","UMBS MORTPASS 3.5% 12/45","30yr",,,,,"849377.82",,,,,,""
"2021-08-11","'3140E2RX1'","MBS","UMBS MORTPASS 2.5% 10/30","15yr",,,,,"849320.43",,,,,,""
"2021-08-11","'3131YBY85'","MBS","UMBS MORTPASS 4.5% 04/49","30yr",,,,,"849095.66",,,,,,""
"2021-08-11","'31418CVP6'","MBS","UMBS MORTPASS 3.5% 03/28","Other",,,,,"848034.39",,,,,,""
"2021-08-11","'31417C5Y7'","MBS","UMBS MORTPASS 2.5% 09/32","Other",,,,,"848032.07",,,,,,""
"2021-08-11","'3131Y0WX6'","MBS","UMBS MORTPASS 3.5% 04/48","30yr",,,,,"848018.61",,,,,,""
"2021-08-11","'3138WPU36'","MBS","UMBS MORTPASS 3.5% 04/43","30yr",,,,,"847777.98",,,,,,""
"2021-08-11","'3138WZRJ3'","MBS","UMBS MORTPASS 3% 06/43","30yr",,,,,"847768.81",,,,,,""
"2021-08-11","'3138YP4W9'","MBS","UMBS MORTPASS 3% 04/45","30yr",,,,,"847452.89",,,,,,""
"2021-08-11","'3138MCVW1'","MBS","UMBS MORTPASS 2.5% 10/42","30yr",,,,,"847247.04",,,,,,""
"2021-08-11","'3132QTPE0'","MBS","FHLMCGLD 3.5% 10/45","30yr",,,,,"846969.96",,,,,,""
"2021-08-11","'3133KKRU5'","MBS","UMBS MORTPASS 2.5% 11/50","30yr",,,,,"846912.45",,,,,,""
"2021-08-11","'31329K7C2'","MBS","UMBS MORTPASS 2.5% 03/27","15yr",,,,,"846848.86",,,,,,""
"2021-08-11","'31418CGS7'","MBS","UMBS MORTPASS 2% 02/27","Other",,,,,"846719.56",,,,,,""
"2021-08-11","'36297BEM9'","MBS","GNMA I MORTPASS 4% 05/39","30yr",,,,,"845644",,,,,,""
"2021-08-11","'3138MJLN7'","MBS","UMBS MORTPASS 2% 04/28","15yr",,,,,"845590.02",,,,,,""
"2021-08-11","'3140JRNV9'","MBS","UMBS MORTPASS 3.5% 04/49","30yr",,,,,"844801.73",,,,,,""
"2021-08-11","'3140FG3N7'","MBS","UMBS MORTPASS 3% 04/45","30yr",,,,,"844750.97",,,,,,""
"2021-08-11","'3133KJ5Y4'","MBS","UMBS MORTPASS 2% 09/50","30yr",,,,,"844549.03",,,,,,""
"2021-08-11","'3140H3CU8'","MBS","UMBS MORTPASS 3.5% 10/47","30yr",,,,,"844311.26",,,,,,""
"2021-08-11","'3138EKE50'","MBS","UMBS MORTPASS 2.5% 01/23","Other",,,,,"844159.94",,,,,,""
"2021-08-11","'3140H7MB0'","MBS","UMBS MORTPASS 3% 05/33","15yr",,,,,"843861.05",,,,,,""
"2021-08-11","'3140HASS0'","MBS","UMBS MORTPASS 3.5% 05/48","30yr",,,,,"843673.53",,,,,,""
"2021-08-11","'36179UPA4'","MBS","GNMA II MORTPASS 4% 03/49","30yr",,,,,"843405.89",,,,,,""
"2021-08-11","'3140H4KJ2'","MBS","UMBS MORTPASS 3% 01/33","15yr",,,,,"843383.64",,,,,,""
"2021-08-11","'3620AUCU6'","MBS","GNMA I MORTPASS 3% 03/42","30yr",,,,,"842894.64",,,,,,""
"2021-08-11","'3138YNLW5'","MBS","UMBS MORTPASS 2.5% 08/30","15yr",,,,,"842891.79",,,,,,""
"2021-08-11","'3138YF4Y7'","MBS","UMBS MORTPASS 3.5% 03/45","30yr",,,,,"842757.57",,,,,,""
"2021-08-11","'3620A2T97'","MBS","GNMA I 4.5% 04/39","30yr",,,,,"842490.51",,,,,,""
"2021-08-11","'3138LSYN4'","MBS","UMBS MORTPASS 3% 05/27","15yr",,,,,"841975.38",,,,,,""
"2021-08-11","'36179A5Y8'","MBS","GNMA I 3.5% 07/43","30yr",,,,,"841958.59",,,,,,""
"2021-08-11","'3132JAQS7'","MBS","FHLMCGLD 3% 05/43","30yr",,,,,"841864.47",,,,,,""
"2021-08-11","'3140QD4P6'","MBS","UMBS MORTPASS 3% 12/34","15yr",,,,,"841818.63",,,,,,""
"2021-08-11","'3131XAQY0'","MBS","UMBS MORTPASS 3% 07/29","15yr",,,,,"841641.06",,,,,,""
"2021-08-11","'3138XCZA3'","MBS","UMBS MORTPASS 4% 10/43","30yr",,,,,"841193.63",,,,,,""
"2021-08-11","'3140H2GQ5'","MBS","UMBS MORTPASS 2.5% 11/32","15yr",,,,,"840801.79",,,,,,""
"2021-08-11","'3140J9HT1'","MBS","UMBS MORTPASS 3% 04/32","15yr",,,,,"840628.22",,,,,,""
"2021-08-11","'3131Y9X24'","MBS","UMBS MORTPASS 3% 02/49","30yr",,,,,"839821.05",,,,,,""
"2021-08-11","'3138YKRC9'","MBS","UMBS MORTPASS 3% 04/45","30yr",,,,,"839729.89",,,,,,""
"2021-08-11","'3140KMBN9'","MBS","UMBS MORTPASS 2.5% 09/50","30yr",,,,,"839488.86",,,,,,""
"2021-08-11","'3140JQXE8'","MBS","UMBS MORTPASS 3% 06/49","30yr",,,,,"839230.45",,,,,,""
"2021-08-11","'3131YDJ39'","MBS","UMBS MORTPASS 3.5% 05/44","30yr",,,,,"839227.62",,,,,,""
"2021-08-11","'36295YFY4'","MBS","GNMA I MORTPASS 5% 11/39","30yr",,,,,"838932.24",,,,,,""
"2021-08-11","'3138W9LD0'","MBS","UMBS MORTPASS 2.5% 08/23","Other",,,,,"838565.29",,,,,,""
"2021-08-11","'31329NS58'","MBS","UMBS MORTPASS 3% 09/47","30yr",,,,,"838537.52",,,,,,""
"2021-08-11","'3140JJGX1'","MBS","UMBS MORTPASS 4.5% 01/49","30yr",,,,,"838534.15",,,,,,""
"2021-08-11","'31418BFC5'","MBS","UMBS MORTPASS 3% 07/24","Other",,,,,"838139.5",,,,,,""
"2021-08-11","'3140FD3L8'","MBS","UMBS MORTPASS 3% 09/31","15yr",,,,,"837757.26",,,,,,""
"2021-08-11","'3131YDFW9'","MBS","UMBS MORTPASS 2.5% 06/49","30yr",,,,,"837661.8",,,,,,""
"2021-08-11","'36297KVR9'","MBS","GNMA I 4.5% 06/39","30yr",,,,,"837526.18",,,,,,""
"2021-08-11","'31419FK88'","MBS","UMBS MORTPASS 4% 10/40","30yr",,,,,"837381.12",,,,,,""
"2021-08-11","'3138Y9EJ3'","MBS","UMBS MORTPASS 3% 09/44","30yr",,,,,"837360.47",,,,,,""
"2021-08-11","'3138YVKY4'","MBS","UMBS MORTPASS 3.5% 05/45","30yr",,,,,"837257.13",,,,,,""
"2021-08-11","'31417CPD1'","MBS","UMBS MORTPASS 2% 08/27","15yr",,,,,"837129.31",,,,,,""
"2021-08-11","'3140FUT99'","MBS","UMBS MORTPASS 3% 02/32","15yr",,,,,"837015.94",,,,,,""
"2021-08-11","'3140KVFJ4'","MBS","UMBS MORTPASS 2% 12/50","30yr",,,,,"836915.62",,,,,,""
"2021-08-11","'3620C4MW7'","MBS","GNMA I 3.5% 02/42","30yr",,,,,"836852.98",,,,,,""
"2021-08-11","'36178WQM4'","MBS","GNMA I 3.5% 11/42","30yr",,,,,"836523.73",,,,,,""
"2021-08-11","'3138X1R32'","MBS","UMBS MORTPASS 3% 11/28","15yr",,,,,"836277.58",,,,,,""
"2021-08-11","'36181CYZ5'","MBS","GNMA I MORTPASS 4% 10/43","30yr",,,,,"836124.62",,,,,,""
"2021-08-11","'3140JW7K0'","MBS","UMBS MORTPASS 2.5% 07/34","15yr",,,,,"835939.78",,,,,,""
"2021-08-11","'3133KYTL3'","MBS","UMBS MORTPASS 3% 06/40","Other",,,,,"835761.75",,,,,,""
"2021-08-11","'3138LRM41'","MBS","UMBS MORTPASS 2.5% 07/28","15yr",,,,,"835760.99",,,,,,""
"2021-08-11","'3140H8VR3'","MBS","UMBS MORTPASS 4.5% 07/48","30yr",,,,,"835654.46",,,,,,""
"2021-08-11","'3132M3V46'","MBS","FHLMCGLD 4% 12/43","30yr",,,,,"835612.9",,,,,,""
"2021-08-11","'3132QLGU1'","MBS","FHLMCGLD 3.5% 12/44","30yr",,,,,"835119.66",,,,,,""
"2021-08-11","'31307QVN4'","MBS","FHLMCGLD 2.5% 04/31","15yr",,,,,"835027.94",,,,,,""
"2021-08-11","'31307WLM4'","MBS","FHLMCGLD 3% 07/33","15yr",,,,,"834899.19",,,,,,""
"2021-08-11","'3138W4QK0'","MBS","UMBS MORTPASS 3% 02/43","30yr",,,,,"834777.33",,,,,,""
"2021-08-11","'3138XMCR9'","MBS","UMBS MORTPASS 4% 02/44","30yr",,,,,"834665.44",,,,,,""
"2021-08-11","'31339UZ60'","MBS","UMBS MORTPASS 3.5% 11/49","30yr",,,,,"834641.43",,,,,,""
"2021-08-11","'36296JMQ5'","MBS","GNMA I 4.5% 05/39","30yr",,,,,"833502.71",,,,,,""
"2021-08-11","'3132A7WR8'","MBS","UMBS MORTPASS 2.5% 07/28","15yr",,,,,"833475.53",,,,,,""
"2021-08-11","'3138XWAF5'","MBS","UMBS MORTPASS 3.5% 07/44","30yr",,,,,"833086.98",,,,,,""
"2021-08-11","'3140J96G1'","MBS","UMBS MORTPASS 2.5% 05/28","Other",,,,,"832846.97",,,,,,""
"2021-08-11","'31307SU84'","MBS","FHLMCGLD 3% 01/32","15yr",,,,,"832236.01",,,,,,""
"2021-08-11","'3133G8VH1'","MBS","UMBS MORTPASS 2% 06/35","15yr",,,,,"832076.55",,,,,,""
"2021-08-11","'31307GP52'","MBS","FHLMCGLD 3.5% 03/29","15yr",,,,,"831844.04",,,,,,""
"2021-08-11","'3138Y4UT4'","MBS","UMBS MORTPASS 3% 07/45","30yr",,,,,"831443.38",,,,,,""
"2021-08-11","'3138WDM81'","MBS","UMBS MORTPASS 3% 06/27","15yr",,,,,"831380.6",,,,,,""
"2021-08-11","'3140X4HM1'","MBS","UMBS MORTPASS 3% 04/32","15yr",,,,,"831291.03",,,,,,""
"2021-08-11","'3132KE5U5'","MBS","FHLMCGLD 3% 05/30","15yr",,,,,"831189.1",,,,,,""
"2021-08-11","'31307L4S4'","MBS","FHLMCGLD 2.5% 02/30","15yr",,,,,"830987.52",,,,,,""
"2021-08-11","'3140H9SV6'","MBS","UMBS MORTPASS 4.5% 03/49","30yr",,,,,"830801.69",,,,,,""
"2021-08-11","'3140K7B51'","MBS","UMBS MORTPASS 4.5% 01/50","30yr",,,,,"830603.42",,,,,,""
"2021-08-11","'3140K8HS3'","MBS","UMBS MORTPASS 3.5% 01/50","30yr",,,,,"830589.92",,,,,,""
"2021-08-11","'31329P6E8'","MBS","UMBS MORTPASS 4.5% 01/49","30yr",,,,,"830543.63",,,,,,""
"2021-08-11","'3138WFG34'","MBS","UMBS MORTPASS 2.5% 08/30","15yr",,,,,"830459.26",,,,,,""
"2021-08-11","'31307F3B5'","MBS","FHLMCGLD 3% 01/29","15yr",,,,,"829918.23",,,,,,""
"2021-08-11","'3131Y9QV8'","MBS","UMBS MORTPASS 4% 02/49","30yr",,,,,"829791.93",,,,,,""
"2021-08-11","'36179QBE0'","MBS","GNMA II MORTPASS 3% 04/44","30yr",,,,,"829673.39",,,,,,""
"2021-08-11","'3131Y9L84'","MBS","UMBS MORTPASS 4% 01/49","30yr",,,,,"829598.35",,,,,,""
"2021-08-11","'3620A5MU0'","MBS","GNMA I 4.5% 09/39","30yr",,,,,"829447.98",,,,,,""
"2021-08-11","'31418CXH2'","MBS","UMBS MORTPASS 2.5% 05/33","15yr",,,,,"829429.56",,,,,,""
"2021-08-11","'3140JRAW1'","MBS","UMBS MORTPASS 3.5% 03/49","30yr",,,,,"829082.09",,,,,,""
"2021-08-11","'31307QK22'","MBS","FHLMCGLD 3% 03/31","15yr",,,,,"829007.92",,,,,,""
"2021-08-11","'3133AGTS8'","MBS","UMBS MORTPASS 1.5% 02/51","30yr",,,,,"828761.07",,,,,,""
"2021-08-11","'31346YNF6'","MBS","UMBS MORTPASS 2.5% 10/49","30yr",,,,,"828079.06",,,,,,""
"2021-08-11","'3131XXTZ4'","MBS","UMBS MORTPASS 3.5% 09/47","30yr",,,,,"827934.78",,,,,,""
"2021-08-11","'3140KGNF6'","MBS","UMBS MORTPASS 2% 09/35","15yr",,,,,"827793.97",,,,,,""
"2021-08-11","'36177TKZ9'","MBS","GNMA I MORTPASS 3% 06/42","30yr",,,,,"827471.56",,,,,,""
"2021-08-11","'3138X4U57'","MBS","UMBS MORTPASS 4% 08/43","30yr",,,,,"827462.08",,,,,,""
"2021-08-11","'3138WXUF2'","MBS","UMBS MORTPASS 3.5% 06/43","30yr",,,,,"827272.8",,,,,,""
"2021-08-11","'3138WAS32'","MBS","UMBS MORTPASS 3% 01/29","15yr",,,,,"826544.08",,,,,,""
"2021-08-11","'36297FK43'","MBS","GNMA I 4.5% 12/39","30yr",,,,,"826415.42",,,,,,""
"2021-08-11","'3140JHSP9'","MBS","UMBS MORTPASS 3.5% 09/33","15yr",,,,,"825967.21",,,,,,""
"2021-08-11","'36230SLJ1'","MBS","GNMA I MORTPASS 3% 06/42","30yr",,,,,"825870.53",,,,,,""
"2021-08-11","'3138W9LS7'","MBS","UMBS MORTPASS 2% 09/28","15yr",,,,,"825375.77",,,,,,""
"2021-08-11","'3128P7K93'","MBS","FHLMCGLD 5% 09/28","Other",,,,,"825344.01",,,,,,""
"2021-08-11","'36181CYT9'","MBS","GNMA I 3.5% 09/43","30yr",,,,,"825074",,,,,,""
"2021-08-11","'3138ELK77'","MBS","UMBS MORTPASS 3% 04/28","15yr",,,,,"825059.34",,,,,,""
"2021-08-11","'3620A82F9'","MBS","GNMA I 4.5% 10/39","30yr",,,,,"824785.39",,,,,,""
"2021-08-11","'3140EXL35'","MBS","UMBS MORTPASS 2.5% 05/31","15yr",,,,,"824619.43",,,,,,""
"2021-08-11","'3131X9WE0'","MBS","UMBS MORTPASS 3% 09/23","Other",,,,,"824546.31",,,,,,""
"2021-08-11","'3620A8CR2'","MBS","GNMA I MORTPASS 3% 03/43","30yr",,,,,"824335.5",,,,,,""
"2021-08-11","'31329KWP5'","MBS","UMBS MORTPASS 3% 04/37","Other",,,,,"824314.3",,,,,,""
"2021-08-11","'3140Q9UA9'","MBS","UMBS MORTPASS 4% 09/48","30yr",,,,,"824260.06",,,,,,""
"2021-08-11","'31339U2B5'","MBS","UMBS MORTPASS 3% 11/49","30yr",,,,,"824085.45",,,,,,""
"2021-08-11","'31339UTH3'","MBS","UMBS MORTPASS 3% 10/44","30yr",,,,,"824044",,,,,,""
"2021-08-11","'3138WWRH4'","MBS","UMBS MORTPASS 3% 06/28","15yr",,,,,"824018.12",,,,,,""
"2021-08-11","'31307GGR4'","MBS","FHLMCGLD 3.5% 03/29","15yr",,,,,"823720.6",,,,,,""
"2021-08-11","'3140K4YG9'","MBS","UMBS MORTPASS 2.5% 03/35","15yr",,,,,"823611.15",,,,,,""
"2021-08-11","'31334X4L0'","MBS","UMBS MORTPASS 3% 08/49","30yr",,,,,"823605.8",,,,,,""
"2021-08-11","'31329LFC1'","MBS","UMBS MORTPASS 3% 01/28","15yr",,,,,"823482.96",,,,,,""
"2021-08-11","'3133A5BP7'","MBS","UMBS MORTPASS 3% 06/50","30yr",,,,,"822881.42",,,,,,""
"2021-08-11","'3131X8JV9'","MBS","UMBS MORTPASS 2.5% 12/27","15yr",,,,,"822835.76",,,,,,""
"2021-08-11","'3138X5N52'","MBS","UMBS MORTPASS 2.5% 08/28","15yr",,,,,"822670.82",,,,,,""
"2021-08-11","'3138WWAG4'","MBS","UMBS MORTPASS 3.5% 06/43","30yr",,,,,"822345.97",,,,,,""
"2021-08-11","'3140HH2Y0'","MBS","UMBS MORTPASS 3% 04/33","15yr",,,,,"822286.85",,,,,,""
"2021-08-11","'36297FYB2'","MBS","GNMA I 4.5% 10/39","30yr",,,,,"821981.41",,,,,,""
"2021-08-11","'36296HBR9'","MBS","GNMA I MORTPASS 6% 09/38","30yr",,,,,"821955.7",,,,,,""
"2021-08-11","'3131X7A40'","MBS","UMBS MORTPASS 3% 10/26","15yr",,,,,"821611.55",,,,,,""
"2021-08-11","'3620AHLQ4'","MBS","GNMA I MORTPASS 5% 01/40","30yr",,,,,"820936.67",,,,,,""
"2021-08-11","'36296XXD1'","MBS","GNMA I 4.5% 06/39","30yr",,,,,"820562.02",,,,,,""
"2021-08-11","'3138M5SE0'","MBS","UMBS MORTPASS 3% 09/27","15yr",,,,,"820495.12",,,,,,""
"2021-08-11","'31418B6J0'","MBS","UMBS MORTPASS 3% 07/36","Other",,,,,"819767.41",,,,,,""
"2021-08-11","'3140HL2S4'","MBS","UMBS MORTPASS 4% 06/48","30yr",,,,,"819544",,,,,,""
"2021-08-11","'3131X9CD4'","MBS","UMBS MORTPASS 2% 05/28","15yr",,,,,"819332.86",,,,,,""
"2021-08-11","'3140H75A1'","MBS","UMBS MORTPASS 3.5% 05/33","15yr",,,,,"819244.48",,,,,,""
"2021-08-11","'3131X9BW3'","MBS","UMBS MORTPASS 2% 05/23","Other",,,,,"818941.33",,,,,,""
"2021-08-11","'3138XLX56'","MBS","UMBS MORTPASS 3% 01/29","15yr",,,,,"818600.27",,,,,,""
"2021-08-11","'3138WQF64'","MBS","UMBS MORTPASS 2.5% 04/28","15yr",,,,,"818482.93",,,,,,""
"2021-08-11","'3132JNCT2'","MBS","FHLMCGLD 3.5% 08/43","30yr",,,,,"818322.4",,,,,,""
"2021-08-11","'3140JKZE9'","MBS","UMBS MORTPASS 4% 01/49","30yr",,,,,"817934.99",,,,,,""
"2021-08-11","'3138W0VH9'","MBS","UMBS MORTPASS 3.5% 02/43","30yr",,,,,"817619.23",,,,,,""
"2021-08-11","'3140JMNF5'","MBS","UMBS MORTPASS 3% 05/34","15yr",,,,,"817422.85",,,,,,""
"2021-08-11","'3138X2PX6'","MBS","UMBS MORTPASS 4% 07/43","30yr",,,,,"817416.65",,,,,,""
"2021-08-11","'3140KEDN5'","MBS","UMBS MORTPASS 3.5% 06/50","30yr",,,,,"817316.66",,,,,,""
"2021-08-11","'3138M7QH1'","MBS","UMBS MORTPASS 2.5% 08/27","15yr",,,,,"817087.24",,,,,,""
"2021-08-11","'3131X7FP8'","MBS","UMBS MORTPASS 3% 12/26","15yr",,,,,"816853.05",,,,,,""
"2021-08-11","'31329KRD8'","MBS","UMBS MORTPASS 2.5% 12/32","Other",,,,,"816836.43",,,,,,""
"2021-08-11","'3138WCS38'","MBS","UMBS MORTPASS 3% 09/29","15yr",,,,,"816775.89",,,,,,""
"2021-08-11","'3140JYT71'","MBS","UMBS MORTPASS 3.5% 08/49","30yr",,,,,"816637.24",,,,,,""
"2021-08-11","'3133KHLC8'","MBS","UMBS MORTPASS 2.5% 02/50","30yr",,,,,"816396.35",,,,,,""
"2021-08-11","'3133AFWL1'","MBS","UMBS MORTPASS 2% 02/51","30yr",,,,,"816338.72",,,,,,""
"2021-08-11","'3131X9BT0'","MBS","UMBS MORTPASS 3% 05/28","15yr",,,,,"816195.1",,,,,,""
"2021-08-11","'31329K5C4'","MBS","UMBS MORTPASS 3% 07/26","15yr",,,,,"815961.02",,,,,,""
"2021-08-11","'3138Y7DA7'","MBS","UMBS MORTPASS 2.5% 01/31","15yr",,,,,"815805.21",,,,,,""
"2021-08-11","'3132AEKN5'","MBS","UMBS MORTPASS 3% 04/48","30yr",,,,,"815634.76",,,,,,""
"2021-08-11","'3140HB7H5'","MBS","UMBS MORTPASS 2.5% 10/34","15yr",,,,,"815289.94",,,,,,""
"2021-08-11","'3138EHP71'","MBS","UMBS MORTPASS 3% 02/27","15yr",,,,,"815256.16",,,,,,""
"2021-08-11","'3132A7XH9'","MBS","UMBS MORTPASS 2.5% 07/24","Other",,,,,"814636.16",,,,,,""
"2021-08-11","'3131X8CD6'","MBS","UMBS MORTPASS 3% 10/27","15yr",,,,,"814390.29",,,,,,""
"2021-08-11","'3138X04F2'","MBS","UMBS MORTPASS 3.5% 07/43","30yr",,,,,"814130.11",,,,,,""
"2021-08-11","'36178DXW6'","MBS","GNMA I MORTPASS 3% 02/43","30yr",,,,,"813693.26",,,,,,""
"2021-08-11","'36178QLX8'","MBS","GNMA I MORTPASS 3% 04/43","30yr",,,,,"813546.26",,,,,,""
"2021-08-11","'31307ML20'","MBS","FHLMCGLD 2.5% 04/30","15yr",,,,,"813017.3",,,,,,""
"2021-08-11","'31329QYZ8'","MBS","UMBS MORTPASS 4% 05/49","30yr",,,,,"812992.31",,,,,,""
"2021-08-11","'3132A75E7'","MBS","UMBS MORTPASS 2.5% 05/25","Other",,,,,"812984.8",,,,,,""
"2021-08-11","'3133KHJU1'","MBS","UMBS MORTPASS 4.5% 09/49","30yr",,,,,"812958.32",,,,,,""
"2021-08-11","'3138XMLF5'","MBS","UMBS MORTPASS 3% 03/29","15yr",,,,,"812665.92",,,,,,""
"2021-08-11","'36295CHH7'","MBS","GNMA I MORTPASS 3% 03/43","30yr",,,,,"812299.11",,,,,,""
"2021-08-11","'3138YRHD3'","MBS","UMBS MORTPASS 2.5% 04/30","15yr",,,,,"811960.17",,,,,,""
"2021-08-11","'3138XMKH2'","MBS","UMBS MORTPASS 3% 02/29","15yr",,,,,"811771.54",,,,,,""
"2021-08-11","'3138W34H3'","MBS","UMBS MORTPASS 3% 02/28","15yr",,,,,"811668.45",,,,,,""
"2021-08-11","'3133KHFV3'","MBS","UMBS MORTPASS 3% 01/50","30yr",,,,,"811380.28",,,,,,""
"2021-08-11","'3138LQ3B8'","MBS","UMBS MORTPASS 2.5% 04/27","15yr",,,,,"811329.26",,,,,,""
"2021-08-11","'3140QEMT6'","MBS","UMBS MORTPASS 2% 08/40","Other",,,,,"811293.21",,,,,,""
"2021-08-11","'3138W5ZL5'","MBS","UMBS MORTPASS 3% 03/28","15yr",,,,,"811266.8",,,,,,""
"2021-08-11","'31307MUG9'","MBS","FHLMCGLD 2.5% 05/30","15yr",,,,,"811056.4",,,,,,""
"2021-08-11","'3140FMMM5'","MBS","UMBS MORTPASS 2.5% 11/31","15yr",,,,,"810989.35",,,,,,""
"2021-08-11","'3138W5AM0'","MBS","UMBS MORTPASS 2.5% 06/28","15yr",,,,,"810983.91",,,,,,""
"2021-08-11","'3140FV5X0'","MBS","UMBS MORTPASS 3% 03/32","15yr",,,,,"810729.85",,,,,,""
"2021-08-11","'3140QFRK7'","MBS","UMBS MORTPASS 1.5% 11/50","30yr",,,,,"810233.11",,,,,,""
"2021-08-11","'3132A7T43'","MBS","UMBS MORTPASS 3% 11/28","15yr",,,,,"809383.32",,,,,,""
"2021-08-11","'3140H9HX4'","MBS","UMBS MORTPASS 3% 11/48","30yr",,,,,"809153.65",,,,,,""
"2021-08-11","'3138AS5P3'","MBS","UMBS MORTPASS 3.5% 09/26","15yr",,,,,"808796.94",,,,,,""
"2021-08-11","'36297BFF3'","MBS","GNMA I MORTPASS 5% 10/39","30yr",,,,,"808599.94",,,,,,""
"2021-08-11","'3131X7AU2'","MBS","UMBS MORTPASS 3% 10/26","15yr",,,,,"808493.47",,,,,,""
"2021-08-11","'31417AME6'","MBS","UMBS MORTPASS 2.5% 11/26","15yr",,,,,"808309.98",,,,,,""
"2021-08-11","'36202FSC1'","MBS","GNMA II 3.5% 04/41","30yr",,,,,"808269.71",,,,,,""
"2021-08-11","'3138X5U88'","MBS","UMBS MORTPASS 3.5% 09/43","30yr",,,,,"808063.96",,,,,,""
"2021-08-11","'3132JAMG7'","MBS","FHLMCGLD 3.5% 06/43","30yr",,,,,"807821.83",,,,,,""
"2021-08-11","'36181A2G6'","MBS","GNMA I MORTPASS 3% 06/43","30yr",,,,,"807806.72",,,,,,""
"2021-08-11","'31307V7M2'","MBS","FHLMCGLD 3% 05/33","15yr",,,,,"807688.15",,,,,,""
"2021-08-11","'31418DW73'","MBS","UMBS MORTPASS 2.5% 02/41","Other",,,,,"807348.26",,,,,,""
"2021-08-11","'31307QVX2'","MBS","FHLMCGLD 2.5% 04/31","15yr",,,,,"806021.34",,,,,,""
"2021-08-11","'3133G9NX3'","MBS","UMBS MORTPASS 1.5% 08/35","15yr",,,,,"805824.31",,,,,,""
"2021-08-11","'3138XQAA9'","MBS","UMBS MORTPASS 4% 02/44","30yr",,,,,"805508.45",,,,,,""
"2021-08-11","'3132JM3V9'","MBS","FHLMCGLD 3.5% 08/43","30yr",,,,,"805472.61",,,,,,""
"2021-08-11","'36202E3D9'","MBS","GNMA II MORTPASS 4% 03/39","30yr",,,,,"805370.59",,,,,,""
"2021-08-11","'3133KL5H6'","MBS","UMBS MORTPASS 2% 06/46","30yr",,,,,"805341.58",,,,,,""
"2021-08-11","'3140H5J51'","MBS","UMBS MORTPASS 3% 01/33","15yr",,,,,"805325.06",,,,,,""
"2021-08-11","'3131X8F27'","MBS","UMBS MORTPASS 2.5% 11/27","15yr",,,,,"804811.4",,,,,,""
"2021-08-11","'3138Y5YW0'","MBS","UMBS MORTPASS 3% 02/45","30yr",,,,,"804674.55",,,,,,""
"2021-08-11","'3140Q9HE6'","MBS","UMBS MORTPASS 3.5% 04/48","30yr",,,,,"804280.24",,,,,,""
"2021-08-11","'36178MMJ7'","MBS","GNMA I MORTPASS 3% 12/42","30yr",,,,,"804252.04",,,,,,""
"2021-08-11","'3131X8LC8'","MBS","UMBS MORTPASS 2.5% 12/27","15yr",,,,,"804245.4",,,,,,""
"2021-08-11","'3140GU2B2'","MBS","UMBS MORTPASS 4.5% 07/47","30yr",,,,,"804230.33",,,,,,""
"2021-08-11","'3131X7E38'","MBS","UMBS MORTPASS 3% 12/26","15yr",,,,,"804101.28",,,,,,""
"2021-08-11","'3138X2GA6'","MBS","UMBS MORTPASS 2.5% 08/28","15yr",,,,,"803868.51",,,,,,""
"2021-08-11","'3128MMV34'","MBS","FHLMCGLD 3.5% 01/32","15yr",,,,,"803742.29",,,,,,""
"2021-08-11","'3140E5MJ0'","MBS","UMBS MORTPASS 3% 10/30","15yr",,,,,"803362.14",,,,,,""
"2021-08-11","'3138XPU68'","MBS","UMBS MORTPASS 4.5% 02/44","30yr",,,,,"803348.73",,,,,,""
"2021-08-11","'36202FL95'","MBS","GNMA II 3.5% 11/40","30yr",,,,,"802346.01",,,,,,""
"2021-08-11","'31307HFV4'","MBS","FHLMCGLD 3.5% 05/29","15yr",,,,,"802269.9",,,,,,""
"2021-08-11","'3140F46H4'","MBS","UMBS MORTPASS 3% 07/46","30yr",,,,,"801832.39",,,,,,""
"2021-08-11","'3140EBJQ5'","MBS","UMBS MORTPASS 3% 01/31","15yr",,,,,"801810.84",,,,,,""
"2021-08-11","'3132A8CL1'","MBS","UMBS MORTPASS 2.5% 08/25","Other",,,,,"801666.08",,,,,,""
"2021-08-11","'36177L2H6'","MBS","GNMA I 3.5% 12/41","30yr",,,,,"801597.97",,,,,,""
"2021-08-11","'3140HAQB9'","MBS","UMBS MORTPASS 3.5% 02/48","30yr",,,,,"801574.65",,,,,,""
"2021-08-11","'3133KYTE9'","MBS","UMBS MORTPASS 3% 05/40","Other",,,,,"801129.88",,,,,,""
"2021-08-11","'31307VPR1'","MBS","FHLMCGLD 3% 02/33","15yr",,,,,"800976.72",,,,,,""
"2021-08-11","'3133AHC96'","MBS","UMBS MORTPASS 2% 02/51","30yr",,,,,"800751.64",,,,,,""
"2021-08-11","'3620AJCN7'","MBS","GNMA I MORTPASS 5% 12/39","30yr",,,,,"800165.56",,,,,,""
"2021-08-11","'36179DEH9'","MBS","GNMA I MORTPASS 3% 12/42","30yr",,,,,"799936.72",,,,,,""
"2021-08-11","'3133G6FX8'","MBS","UMBS MORTPASS 3% 07/34","15yr",,,,,"799905.37",,,,,,""
"2021-08-11","'3140KDJV3'","MBS","UMBS MORTPASS 2.5% 06/50","30yr",,,,,"799649.3",,,,,,""
"2021-08-11","'3138XTKZ7'","MBS","UMBS MORTPASS 3% 07/29","15yr",,,,,"799227.09",,,,,,""
"2021-08-11","'3140H5NK3'","MBS","UMBS MORTPASS 3% 02/48","30yr",,,,,"799056.96",,,,,,""
"2021-08-11","'3131X9ZK3'","MBS","UMBS MORTPASS 3% 10/28","15yr",,,,,"798445.98",,,,,,""
"2021-08-11","'3138YNT31'","MBS","UMBS MORTPASS 3% 04/45","30yr",,,,,"798334.39",,,,,,""
"2021-08-11","'3140FB2D1'","MBS","UMBS MORTPASS 2.5% 09/31","15yr",,,,,"798236.96",,,,,,""
"2021-08-11","'36292EQR4'","MBS","GNMA I 4.5% 04/39","30yr",,,,,"798145.83",,,,,,""
"2021-08-11","'3140K8YF2'","MBS","UMBS MORTPASS 4.5% 01/50","30yr",,,,,"797997.61",,,,,,""
"2021-08-11","'3140GVPL3'","MBS","UMBS MORTPASS 3.5% 08/47","30yr",,,,,"797868.43",,,,,,""
"2021-08-11","'3138MHQT3'","MBS","UMBS MORTPASS 3% 10/27","15yr",,,,,"797556.06",,,,,,""
"2021-08-11","'3138XYBD5'","MBS","UMBS MORTPASS 3% 02/30","15yr",,,,,"797528.91",,,,,,""
"2021-08-11","'3140FEGN8'","MBS","UMBS MORTPASS 2.5% 09/31","15yr",,,,,"797472.39",,,,,,""
"2021-08-11","'3132QPG24'","MBS","FHLMCGLD 3% 04/45","30yr",,,,,"797460.3",,,,,,""
"2021-08-11","'3620A2XJ0'","MBS","GNMA I 4.5% 06/39","30yr",,,,,"797209.02",,,,,,""
"2021-08-11","'3140KPJZ7'","MBS","UMBS MORTPASS 2.5% 07/50","30yr",,,,,"796878.35",,,,,,""
"2021-08-11","'3133L7RV1'","MBS","UMBS MORTPASS 2% 05/33","15yr",,,,,"796366.81",,,,,,""
"2021-08-11","'3138YANU5'","MBS","UMBS MORTPASS 2.5% 11/29","15yr",,,,,"796224.92",,,,,,""
"2021-08-11","'3138Y7PB2'","MBS","UMBS MORTPASS 3% 10/44","30yr",,,,,"796213.01",,,,,,""
"2021-08-11","'3140HJR94'","MBS","UMBS MORTPASS 4% 06/48","30yr",,,,,"796062.62",,,,,,""
"2021-08-11","'3140QD5C4'","MBS","UMBS MORTPASS 2% 07/35","15yr",,,,,"795449.98",,,,,,""
"2021-08-11","'3133ADCW4'","MBS","UMBS MORTPASS 1.5% 11/50","30yr",,,,,"795336.85",,,,,,""
"2021-08-11","'3140QKEK0'","MBS","UMBS MORTPASS 1.5% 04/51","30yr",,,,,"795303.35",,,,,,""
"2021-08-11","'36296JPU3'","MBS","GNMA I 4.5% 06/39","30yr",,,,,"795014.39",,,,,,""
"2021-08-11","'3132L8HT7'","MBS","FHLMCGLD 3% 02/47","30yr",,,,,"794767.12",,,,,,""
"2021-08-11","'312940XV6'","MBS","FHLMCGLD 5% 06/40","30yr",,,,,"794466.47",,,,,,""
"2021-08-11","'3138WMJ44'","MBS","UMBS MORTPASS 2.5% 03/28","15yr",,,,,"794449.01",,,,,,""
"2021-08-11","'3138X7N58'","MBS","UMBS MORTPASS 2.5% 09/28","15yr",,,,,"794268.44",,,,,,""
"2021-08-11","'3131XAYJ4'","MBS","UMBS MORTPASS 2.5% 02/29","15yr",,,,,"793361.26",,,,,,""
"2021-08-11","'3140L4H36'","MBS","UMBS MORTPASS 2% 03/51","30yr",,,,,"793332.23",,,,,,""
"2021-08-11","'3140QA3F5'","MBS","UMBS MORTPASS 4% 05/44","30yr",,,,,"793306.4",,,,,,""
"2021-08-11","'3140X5DG5'","MBS","UMBS MORTPASS 3% 11/34","15yr",,,,,"792923.49",,,,,,""
"2021-08-11","'3140JUZE7'","MBS","UMBS MORTPASS 4% 06/49","30yr",,,,,"792722.57",,,,,,""
"2021-08-11","'3138XLBY7'","MBS","UMBS MORTPASS 3.5% 01/44","30yr",,,,,"792698.91",,,,,,""
"2021-08-11","'3132QPVD3'","MBS","FHLMCGLD 3% 05/45","30yr",,,,,"792617.48",,,,,,""
"2021-08-11","'3140JKPM2'","MBS","UMBS MORTPASS 3.5% 04/49","30yr",,,,,"792519.48",,,,,,""
"2021-08-11","'3138WCDJ9'","MBS","UMBS MORTPASS 3% 07/29","15yr",,,,,"792283.41",,,,,,""
"2021-08-11","'3140Q9KU6'","MBS","UMBS MORTPASS 3.5% 07/33","15yr",,,,,"791966.43",,,,,,""
"2021-08-11","'3138W3RN5'","MBS","UMBS MORTPASS 3.5% 01/43","30yr",,,,,"791883.57",,,,,,""
"2021-08-11","'3138XJNZ6'","MBS","UMBS MORTPASS 3.5% 02/44","30yr",,,,,"791689.52",,,,,,""
"2021-08-11","'3133LPS73'","MBS","UMBS MORTPASS 1.5% 12/30","Other",,,,,"791427.36",,,,,,""
"2021-08-11","'3138M3K29'","MBS","UMBS MORTPASS 3% 07/27","15yr",,,,,"791398.57",,,,,,""
"2021-08-11","'3138LTZ68'","MBS","UMBS MORTPASS 2.5% 06/27","15yr",,,,,"791393.96",,,,,,""
"2021-08-11","'3140H7BN6'","MBS","UMBS MORTPASS 3.5% 05/33","15yr",,,,,"790632.56",,,,,,""
"2021-08-11","'31307TT92'","MBS","FHLMCGLD 2.5% 04/32","15yr",,,,,"790295.11",,,,,,""
"2021-08-11","'3138MQXE8'","MBS","UMBS MORTPASS 3% 12/42","30yr",,,,,"790212.33",,,,,,""
"2021-08-11","'36178NFL8'","MBS","GNMA I MORTPASS 3% 09/42","30yr",,,,,"789599.16",,,,,,""
"2021-08-11","'3138WBTW5'","MBS","UMBS MORTPASS 3% 05/29","15yr",,,,,"789576.16",,,,,,""
"2021-08-11","'3133D3EC5'","MBS","UMBS MORTPASS 2.5% 12/39","Other",,,,,"789510.21",,,,,,""
"2021-08-11","'31307UPY8'","MBS","FHLMCGLD 3.5% 09/32","15yr",,,,,"789282.18",,,,,,""
"2021-08-11","'3131X8B21'","MBS","UMBS MORTPASS 2.5% 10/27","15yr",,,,,"789066.27",,,,,,""
"2021-08-11","'36179EJG4'","MBS","GNMA I MORTPASS 3% 02/43","30yr",,,,,"789014.13",,,,,,""
"2021-08-11","'3138WE3W7'","MBS","UMBS MORTPASS 3.5% 07/45","30yr",,,,,"788900.85",,,,,,""
"2021-08-11","'3132J7FW7'","MBS","FHLMCGLD 3% 03/43","30yr",,,,,"788678.04",,,,,,""
"2021-08-11","'31418DEF5'","MBS","UMBS MORTPASS 2.5% 06/49","30yr",,,,,"788342.31",,,,,,""
"2021-08-11","'312939DW8'","MBS","FHLMCGLD 4.5% 02/40","30yr",,,,,"788240.92",,,,,,""
"2021-08-11","'31307G3C1'","MBS","FHLMCGLD 3.5% 04/29","15yr",,,,,"787876.62",,,,,,""
"2021-08-11","'31307VP75'","MBS","FHLMCGLD 2.5% 02/33","15yr",,,,,"787457.11",,,,,,""
"2021-08-11","'31307GHH5'","MBS","FHLMCGLD 3% 03/29","15yr",,,,,"787289.89",,,,,,""
"2021-08-11","'3140EXE74'","MBS","UMBS MORTPASS 2.5% 09/31","15yr",,,,,"787092.32",,,,,,""
"2021-08-11","'3138WPT61'","MBS","UMBS MORTPASS 3% 04/43","30yr",,,,,"786815.55",,,,,,""
"2021-08-11","'3138XFEA9'","MBS","UMBS MORTPASS 3% 11/28","15yr",,,,,"786663.38",,,,,,""
"2021-08-11","'31307VH82'","MBS","FHLMCGLD 3.5% 01/33","15yr",,,,,"786602.04",,,,,,""
"2021-08-11","'3138ELGC1'","MBS","UMBS MORTPASS 3% 06/28","15yr",,,,,"786567.56",,,,,,""
"2021-08-11","'3132WLHZ2'","MBS","FHLMCGLD 3% 02/47","30yr",,,,,"786406.36",,,,,,""
"2021-08-11","'3140HARZ5'","MBS","UMBS MORTPASS 3.5% 04/33","15yr",,,,,"785787.85",,,,,,""
"2021-08-11","'3140F7JD2'","MBS","UMBS MORTPASS 2.5% 05/31","15yr",,,,,"785666.54",,,,,,""
"2021-08-11","'3132A83M9'","MBS","UMBS MORTPASS 3% 05/30","15yr",,,,,"785227.55",,,,,,""
"2021-08-11","'36177T5V5'","MBS","GNMA I 3.5% 05/42","30yr",,,,,"784964.05",,,,,,""
"2021-08-11","'31335BAU0'","MBS","FHLMCGLD 4.5% 09/46","30yr",,,,,"784816.74",,,,,,""
"2021-08-11","'3140FFDD0'","MBS","UMBS MORTPASS 2.5% 09/31","15yr",,,,,"784814.9",,,,,,""
"2021-08-11","'3138MLG24'","MBS","UMBS MORTPASS 3% 11/27","15yr",,,,,"784760.05",,,,,,""
"2021-08-11","'31307SGJ6'","MBS","FHLMCGLD 2.5% 11/31","15yr",,,,,"784619.15",,,,,,""
"2021-08-11","'3140HEK35'","MBS","UMBS MORTPASS 3.5% 02/33","15yr",,,,,"784548.71",,,,,,""
"2021-08-11","'31307RZP3'","MBS","FHLMCGLD 3% 09/31","15yr",,,,,"784179.74",,,,,,""
"2021-08-11","'3138E2L78'","MBS","UMBS MORTPASS 2.5% 01/27","15yr",,,,,"784088.22",,,,,,""
"2021-08-11","'3140JPF34'","MBS","UMBS MORTPASS 4.5% 02/49","30yr",,,,,"784010.04",,,,,,""
"2021-08-11","'3132M9A61'","MBS","FHLMCGLD 3.5% 09/44","30yr",,,,,"783686.06",,,,,,""
"2021-08-11","'3132A7PQ8'","MBS","UMBS MORTPASS 2.5% 06/23","Other",,,,,"783415.96",,,,,,""
"2021-08-11","'3140X6VG3'","MBS","UMBS MORTPASS 2.5% 04/35","15yr",,,,,"783191.28",,,,,,""
"2021-08-11","'3138XJZJ9'","MBS","UMBS MORTPASS 2.5% 02/30","15yr",,,,,"782868.27",,,,,,""
"2021-08-11","'36295CGU9'","MBS","GNMA I MORTPASS 3% 01/43","30yr",,,,,"782633.46",,,,,,""
"2021-08-11","'36180KMB4'","MBS","GNMA I 3.5% 05/43","30yr",,,,,"782570.38",,,,,,""
"2021-08-11","'3138X5L21'","MBS","UMBS MORTPASS 3% 09/28","15yr",,,,,"782493.75",,,,,,""
"2021-08-11","'3132JNWW3'","MBS","FHLMCGLD 3.5% 08/43","30yr",,,,,"782449.66",,,,,,""
"2021-08-11","'3140K7E41'","MBS","UMBS MORTPASS 3% 12/49","30yr",,,,,"782259.84",,,,,,""
"2021-08-11","'3140HNEN8'","MBS","UMBS MORTPASS 2% 11/45","30yr",,,,,"782234.22",,,,,,""
"2021-08-11","'3138YNEM5'","MBS","UMBS MORTPASS 3% 05/30","15yr",,,,,"781762.07",,,,,,""
"2021-08-11","'3140Q7QQ3'","MBS","UMBS MORTPASS 3.5% 09/47","30yr",,,,,"781096.81",,,,,,""
"2021-08-11","'3140GS6T4'","MBS","UMBS MORTPASS 3% 01/48","30yr",,,,,"780604.27",,,,,,""
"2021-08-11","'3138EKNW1'","MBS","UMBS MORTPASS 2.5% 01/28","15yr",,,,,"780199.66",,,,,,""
"2021-08-11","'3138XBSU9'","MBS","UMBS MORTPASS 4% 05/44","30yr",,,,,"780043.45",,,,,,""
"2021-08-11","'3620AFVG9'","MBS","GNMA I 4.5% 11/39","30yr",,,,,"780006.7",,,,,,""
"2021-08-11","'36295CGT2'","MBS","GNMA I MORTPASS 3% 01/43","30yr",,,,,"779873.29",,,,,,""
"2021-08-11","'3140JLVX9'","MBS","UMBS MORTPASS 4.5% 01/49","30yr",,,,,"779769.18",,,,,,""
"2021-08-11","'31307NC93'","MBS","FHLMCGLD 3% 06/30","15yr",,,,,"779452.95",,,,,,""
"2021-08-11","'3138X5FV4'","MBS","UMBS MORTPASS 4% 05/44","30yr",,,,,"779339.49",,,,,,""
"2021-08-11","'36296YZH8'","MBS","GNMA I 4.5% 07/39","30yr",,,,,"779046.42",,,,,,""
"2021-08-11","'3140HEWA6'","MBS","UMBS MORTPASS 3.5% 07/33","15yr",,,,,"778973.07",,,,,,""
"2021-08-11","'3140JLME1'","MBS","UMBS MORTPASS 4% 01/49","30yr",,,,,"778898.35",,,,,,""
"2021-08-11","'3138MPFG5'","MBS","UMBS MORTPASS 2.5% 02/28","15yr",,,,,"778613.6",,,,,,""
"2021-08-11","'31307R6J9'","MBS","FHLMCGLD 2% 09/31","15yr",,,,,"777561.69",,,,,,""
"2021-08-11","'3140FUE46'","MBS","UMBS MORTPASS 3% 03/32","15yr",,,,,"777324.45",,,,,,""
"2021-08-11","'3138XDCH1'","MBS","UMBS MORTPASS 4.5% 12/43","30yr",,,,,"777294.98",,,,,,""
"2021-08-11","'3140KR5A3'","MBS","UMBS MORTPASS 2% 12/50","30yr",,,,,"777246.99",,,,,,""
"2021-08-11","'31329MB58'","MBS","UMBS MORTPASS 2.5% 09/28","15yr",,,,,"777067.6",,,,,,""
"2021-08-11","'3140JNFF2'","MBS","UMBS MORTPASS 3.5% 03/49","30yr",,,,,"776969.86",,,,,,""
"2021-08-11","'36178VEF4'","MBS","GNMA I 3.5% 06/43","30yr",,,,,"776967.64",,,,,,""
"2021-08-11","'31307UCR7'","MBS","FHLMCGLD 2.5% 07/32","15yr",,,,,"776077.24",,,,,,""
"2021-08-11","'3132M4UE3'","MBS","FHLMCGLD 4.5% 01/44","30yr",,,,,"775882.26",,,,,,""
"2021-08-11","'36180KND9'","MBS","GNMA I 3.5% 06/43","30yr",,,,,"775795.89",,,,,,""
"2021-08-11","'3138WPBR4'","MBS","UMBS MORTPASS 3% 05/28","15yr",,,,,"775479.79",,,,,,""
"2021-08-11","'31307RXS9'","MBS","FHLMCGLD 2% 09/31","15yr",,,,,"775302.66",,,,,,""
"2021-08-11","'3132M54U3'","MBS","FHLMCGLD 4% 04/44","30yr",,,,,"775265.59",,,,,,""
"2021-08-11","'3138W2WN1'","MBS","UMBS MORTPASS 3% 04/28","15yr",,,,,"775206.18",,,,,,""
"2021-08-11","'3138MSB32'","MBS","UMBS MORTPASS 2.5% 01/28","15yr",,,,,"774502.95",,,,,,""
"2021-08-11","'3140K9HR3'","MBS","UMBS MORTPASS 2.5% 03/50","30yr",,,,,"773750.18",,,,,,""
"2021-08-11","'36295CJQ5'","MBS","GNMA I MORTPASS 3% 06/43","30yr",,,,,"773446.96",,,,,,""
"2021-08-11","'3133ADYF7'","MBS","UMBS MORTPASS 2% 12/50","30yr",,,,,"773294.95",,,,,,""
"2021-08-11","'3138WURS4'","MBS","UMBS MORTPASS 3.5% 09/43","30yr",,,,,"772985.95",,,,,,""
"2021-08-11","'3140HAQT0'","MBS","UMBS MORTPASS 3% 03/33","15yr",,,,,"772884.17",,,,,,""
"2021-08-11","'31307TFA4'","MBS","FHLMCGLD 3% 03/32","15yr",,,,,"772771.79",,,,,,""
"2021-08-11","'3140HHJD8'","MBS","UMBS MORTPASS 3.5% 04/48","30yr",,,,,"772361.69",,,,,,""
"2021-08-11","'3133A0CW2'","MBS","UMBS MORTPASS 3.5% 12/49","30yr",,,,,"772359.98",,,,,,""
"2021-08-11","'3140HPVF1'","MBS","UMBS MORTPASS 3.5% 10/48","30yr",,,,,"772335.95",,,,,,""
"2021-08-11","'3140K5Y35'","MBS","UMBS MORTPASS 3% 01/35","15yr",,,,,"772243.83",,,,,,""
"2021-08-11","'36176HZ98'","MBS","GNMA I MORTPASS 3% 08/42","30yr",,,,,"771985.77",,,,,,""
"2021-08-11","'31418CVH4'","MBS","UMBS MORTPASS 3% 03/28","Other",,,,,"771904.53",,,,,,""
"2021-08-11","'3140H5NY3'","MBS","UMBS MORTPASS 3% 02/33","15yr",,,,,"771807.6",,,,,,""
"2021-08-11","'3140K8Z46'","MBS","UMBS MORTPASS 3.5% 02/50","30yr",,,,,"771711.27",,,,,,""
"2021-08-11","'3132A5GE9'","MBS","UMBS MORTPASS 3% 01/47","30yr",,,,,"771635.55",,,,,,""
"2021-08-11","'31307JP56'","MBS","FHLMCGLD 2.5% 09/29","15yr",,,,,"771540.45",,,,,,""
"2021-08-11","'3131X9DR2'","MBS","UMBS MORTPASS 3% 05/28","15yr",,,,,"771248.93",,,,,,""
"2021-08-11","'3140FWBT0'","MBS","UMBS MORTPASS 3% 07/32","15yr",,,,,"771164.79",,,,,,""
"2021-08-11","'3138XXA30'","MBS","UMBS MORTPASS 4% 06/44","30yr",,,,,"771123.48",,,,,,""
"2021-08-11","'3140J9GM7'","MBS","UMBS MORTPASS 3.5% 02/48","30yr",,,,,"770943.75",,,,,,""
"2021-08-11","'3138LQUK8'","MBS","UMBS MORTPASS 3% 01/28","15yr",,,,,"770845.06",,,,,,""
"2021-08-11","'3131X8BS4'","MBS","UMBS MORTPASS 2.5% 10/27","15yr",,,,,"770711.98",,,,,,""
"2021-08-11","'3138XYG57'","MBS","UMBS MORTPASS 3.5% 08/29","15yr",,,,,"770339.94",,,,,,""
"2021-08-11","'3140QBTX6'","MBS","UMBS MORTPASS 3.5% 06/49","30yr",,,,,"770314.59",,,,,,""
"2021-08-11","'3138X0ZG6'","MBS","UMBS MORTPASS 2.5% 07/28","15yr",,,,,"770192.38",,,,,,""
"2021-08-11","'3132A9R82'","MBS","UMBS MORTPASS 3% 05/31","15yr",,,,,"770185.39",,,,,,""
"2021-08-11","'3140K7DP5'","MBS","UMBS MORTPASS 3% 11/49","30yr",,,,,"770100.53",,,,,,""
"2021-08-11","'3620A14Y1'","MBS","GNMA I 4.5% 07/39","30yr",,,,,"769550.93",,,,,,""
"2021-08-11","'3131X7FX1'","MBS","UMBS MORTPASS 3% 12/26","15yr",,,,,"769531.34",,,,,,""
"2021-08-11","'3140JLYF5'","MBS","UMBS MORTPASS 4.5% 01/49","30yr",,,,,"769483.55",,,,,,""
"2021-08-11","'3138YK3P6'","MBS","UMBS MORTPASS 3% 03/45","30yr",,,,,"769291.9",,,,,,""
"2021-08-11","'31307TRV5'","MBS","FHLMCGLD 3% 04/32","15yr",,,,,"768913.17",,,,,,""
"2021-08-11","'3138XMJD3'","MBS","UMBS MORTPASS 4% 01/44","30yr",,,,,"768627.79",,,,,,""
"2021-08-11","'3138W0W47'","MBS","UMBS MORTPASS 2.5% 02/28","15yr",,,,,"768477.07",,,,,,""
"2021-08-11","'31307L3J5'","MBS","FHLMCGLD 3% 03/30","15yr",,,,,"767406.34",,,,,,""
"2021-08-11","'3138XB5K6'","MBS","UMBS MORTPASS 3% 10/28","15yr",,,,,"766925.75",,,,,,""
"2021-08-11","'3133G8ZD6'","MBS","UMBS MORTPASS 2% 06/35","15yr",,,,,"766701.69",,,,,,""
"2021-08-11","'3140JRG70'","MBS","UMBS MORTPASS 4.5% 08/49","30yr",,,,,"766643.73",,,,,,""
"2021-08-11","'3140F9AF2'","MBS","UMBS MORTPASS 2.5% 07/31","15yr",,,,,"766419.58",,,,,,""
"2021-08-11","'3140JYR65'","MBS","UMBS MORTPASS 2.5% 08/34","15yr",,,,,"766415.62",,,,,,""
"2021-08-11","'3140JKYJ9'","MBS","UMBS MORTPASS 4.5% 01/49","30yr",,,,,"766140.3",,,,,,""
"2021-08-11","'31307C6N3'","MBS","FHLMCGLD 3% 07/28","15yr",,,,,"765947.76",,,,,,""
"2021-08-11","'31416YSR0'","MBS","UMBS MORTPASS 4% 12/40","30yr",,,,,"765821.95",,,,,,""
"2021-08-11","'3140HGZQ3'","MBS","UMBS MORTPASS 4.5% 03/48","30yr",,,,,"765281.66",,,,,,""
"2021-08-11","'3131X8QB5'","MBS","UMBS MORTPASS 2.5% 01/28","15yr",,,,,"765219.57",,,,,,""
"2021-08-11","'3138W5AY4'","MBS","UMBS MORTPASS 2.5% 05/28","15yr",,,,,"765149.93",,,,,,""
"2021-08-11","'3138XELN6'","MBS","UMBS MORTPASS 3% 07/29","15yr",,,,,"764359.66",,,,,,""
"2021-08-11","'3138AVKK0'","MBS","UMBS MORTPASS 4% 10/41","30yr",,,,,"763547.9",,,,,,""
"2021-08-11","'3140EVTT4'","MBS","UMBS MORTPASS 3.5% 07/31","15yr",,,,,"763518.24",,,,,,""
"2021-08-11","'3140JKY83'","MBS","UMBS MORTPASS 4% 01/49","30yr",,,,,"763157.58",,,,,,""
"2021-08-11","'3138WFAE6'","MBS","UMBS MORTPASS 2.5% 07/30","15yr",,,,,"763078.89",,,,,,""
"2021-08-11","'3140JL6N9'","MBS","UMBS MORTPASS 4.5% 01/49","30yr",,,,,"762687.67",,,,,,""
"2021-08-11","'3140E4SM0'","MBS","UMBS MORTPASS 3% 11/30","15yr",,,,,"762444.32",,,,,,""
"2021-08-11","'31307MPJ9'","MBS","FHLMCGLD 2.5% 04/30","15yr",,,,,"762105.28",,,,,,""
"2021-08-11","'31307SHT3'","MBS","FHLMCGLD 3% 11/31","15yr",,,,,"762091.37",,,,,,""
"2021-08-11","'3132A9RL3'","MBS","UMBS MORTPASS 3% 12/30","15yr",,,,,"761919.53",,,,,,""
"2021-08-11","'3140X4XJ0'","MBS","UMBS MORTPASS 4% 09/49","30yr",,,,,"761736.1",,,,,,""
"2021-08-11","'3620ADC59'","MBS","GNMA I 4.5% 11/39","30yr",,,,,"761562.81",,,,,,""
"2021-08-11","'3140HKUU0'","MBS","UMBS MORTPASS 3.5% 07/33","15yr",,,,,"761004.2",,,,,,""
"2021-08-11","'36178DRR4'","MBS","GNMA I MORTPASS 3% 12/42","30yr",,,,,"760998.14",,,,,,""
"2021-08-11","'3138W2WV3'","MBS","UMBS MORTPASS 3% 05/28","15yr",,,,,"760908.81",,,,,,""
"2021-08-11","'3140X42X3'","MBS","UMBS MORTPASS 3.5% 07/49","30yr",,,,,"760613.68",,,,,,""
"2021-08-11","'3132A7NW7'","MBS","UMBS MORTPASS 2% 05/23","Other",,,,,"760165.94",,,,,,""
"2021-08-11","'3132DV3S2'","MBS","UMBS MORTPASS 2.5% 07/49","30yr",,,,,"760082.34",,,,,,""
"2021-08-11","'3140E9NP7'","MBS","UMBS MORTPASS 2.5% 07/31","15yr",,,,,"759968.56",,,,,,""
"2021-08-11","'36179AS23'","MBS","GNMA I MORTPASS 3% 12/42","30yr",,,,,"759820.18",,,,,,""
"2021-08-11","'3138XQWD9'","MBS","UMBS MORTPASS 3.5% 03/29","15yr",,,,,"759733.94",,,,,,""
"2021-08-11","'3620A5XQ7'","MBS","GNMA I MORTPASS 5% 09/39","30yr",,,,,"759529.23",,,,,,""
"2021-08-11","'3131X8P59'","MBS","UMBS MORTPASS 2.5% 02/28","15yr",,,,,"759214.56",,,,,,""
"2021-08-11","'3140HJR45'","MBS","UMBS MORTPASS 4% 06/48","30yr",,,,,"759014.42",,,,,,""
"2021-08-11","'31417BY43'","MBS","UMBS MORTPASS 2.5% 05/27","15yr",,,,,"758887.57",,,,,,""
"2021-08-11","'3140FQTY3'","MBS","UMBS MORTPASS 3% 12/30","15yr",,,,,"758551.04",,,,,,""
"2021-08-11","'31307PDS5'","MBS","FHLMCGLD 3% 09/30","15yr",,,,,"758433.97",,,,,,""
"2021-08-11","'3140E4SZ1'","MBS","UMBS MORTPASS 3% 01/31","15yr",,,,,"758431.06",,,,,,""
"2021-08-11","'3620AAS74'","MBS","GNMA I MORTPASS 4% 08/39","30yr",,,,,"758353.88",,,,,,""
"2021-08-11","'3140K3YK2'","MBS","UMBS MORTPASS 2.5% 12/34","15yr",,,,,"758343.68",,,,,,""
"2021-08-11","'31418A5E4'","MBS","UMBS MORTPASS 3% 01/24","Other",,,,,"757970.35",,,,,,""
"2021-08-11","'3132HQV90'","MBS","FHLMCGLD 3% 01/43","30yr",,,,,"757774.31",,,,,,""
"2021-08-11","'3620A5T82'","MBS","GNMA I MORTPASS 5% 03/40","30yr",,,,,"757626.59",,,,,,""
"2021-08-11","'3140JRQL8'","MBS","UMBS MORTPASS 3.5% 04/34","15yr",,,,,"757573.56",,,,,,""
"2021-08-11","'3132KGBB5'","MBS","FHLMCGLD 3.5% 11/32","15yr",,,,,"757500.26",,,,,,""
"2021-08-11","'3131Y7BA4'","MBS","UMBS MORTPASS 3.5% 10/38","Other",,,,,"757331.02",,,,,,""
"2021-08-11","'3140J5RD3'","MBS","UMBS MORTPASS 2.5% 04/31","15yr",,,,,"756861.32",,,,,,""
"2021-08-11","'31329LFD9'","MBS","UMBS MORTPASS 2% 02/28","15yr",,,,,"756746.17",,,,,,""
"2021-08-11","'3138X5EG8'","MBS","UMBS MORTPASS 3% 08/28","15yr",,,,,"756668.92",,,,,,""
"2021-08-11","'3138EEZ51'","MBS","UMBS MORTPASS 3% 05/27","15yr",,,,,"756441.74",,,,,,""
"2021-08-11","'36179HWU1'","MBS","GNMA I MORTPASS 3% 01/43","30yr",,,,,"756437.58",,,,,,""
"2021-08-11","'3140Q9G72'","MBS","UMBS MORTPASS 3% 07/48","30yr",,,,,"756361.5",,,,,,""
"2021-08-11","'31329KX90'","MBS","UMBS MORTPASS 3% 04/38","Other",,,,,"756217.14",,,,,,""
"2021-08-11","'36297BEZ0'","MBS","GNMA I 4.5% 07/39","30yr",,,,,"756105.41",,,,,,""
"2021-08-11","'3138E2ND3'","MBS","UMBS MORTPASS 3% 12/26","15yr",,,,,"756084.59",,,,,,""
"2021-08-11","'3138LXDW6'","MBS","UMBS MORTPASS 2.5% 07/27","15yr",,,,,"756024.65",,,,,,""
"2021-08-11","'31307UVZ8'","MBS","FHLMCGLD 3.5% 11/32","15yr",,,,,"755895.85",,,,,,""
"2021-08-11","'3131X8C46'","MBS","UMBS MORTPASS 2.5% 11/27","15yr",,,,,"755605.64",,,,,,""
"2021-08-11","'3131X8BX3'","MBS","UMBS MORTPASS 2.5% 10/27","15yr",,,,,"754702.48",,,,,,""
"2021-08-11","'3620AAUU0'","MBS","GNMA I 4.5% 08/39","30yr",,,,,"754306.28",,,,,,""
"2021-08-11","'3138X3AZ5'","MBS","UMBS MORTPASS 3% 07/28","15yr",,,,,"754172.22",,,,,,""
"2021-08-11","'3138X2HK3'","MBS","UMBS MORTPASS 3.5% 09/43","30yr",,,,,"754169.74",,,,,,""
"2021-08-11","'3140Q9XM0'","MBS","UMBS MORTPASS 4.5% 10/48","30yr",,,,,"754133.82",,,,,,""
"2021-08-11","'3131X8MU7'","MBS","UMBS MORTPASS 2.5% 01/28","15yr",,,,,"754093.87",,,,,,""
"2021-08-11","'31413CSG5'","MBS","UMBS MORTPASS 4% 11/41","30yr",,,,,"754062.63",,,,,,""
"2021-08-11","'31417DL27'","MBS","UMBS MORTPASS 2.5% 10/27","15yr",,,,,"753984.21",,,,,,""
"2021-08-11","'3131Y87L3'","MBS","UMBS MORTPASS 4.5% 01/49","30yr",,,,,"753622.64",,,,,,""
"2021-08-11","'36180KB75'","MBS","GNMA I MORTPASS 3% 03/43","30yr",,,,,"753600.6",,,,,,""
"2021-08-11","'3138MJAR0'","MBS","UMBS MORTPASS 2.5% 10/27","15yr",,,,,"753183.09",,,,,,""
"2021-08-11","'31417ELF6'","MBS","UMBS MORTPASS 2% 01/28","15yr",,,,,"753102.75",,,,,,""
"2021-08-11","'3140JXH27'","MBS","UMBS MORTPASS 3% 08/49","30yr",,,,,"752697.46",,,,,,""
"2021-08-11","'3140HFLH0'","MBS","UMBS MORTPASS 3.5% 01/50","30yr",,,,,"752480.27",,,,,,""
"2021-08-11","'31410LU42'","MBS","UMBS MORTPASS 3.5% 01/32","15yr",,,,,"752293.28",,,,,,""
"2021-08-11","'3132J6VC5'","MBS","FHLMCGLD 3% 02/43","30yr",,,,,"751967.43",,,,,,""
"2021-08-11","'31334WBY6'","MBS","UMBS MORTPASS 3% 06/49","30yr",,,,,"751920.74",,,,,,""
"2021-08-11","'3140K2CU6'","MBS","UMBS MORTPASS 3% 01/50","30yr",,,,,"751870.18",,,,,,""
"2021-08-11","'3138WJ2F4'","MBS","UMBS MORTPASS 2.5% 02/32","15yr",,,,,"751810.77",,,,,,""
"2021-08-11","'3132XSR51'","MBS","FHLMCGLD 4% 08/47","30yr",,,,,"750712.93",,,,,,""
"2021-08-11","'31339SCY9'","MBS","UMBS MORTPASS 3% 09/49","30yr",,,,,"750409.74",,,,,,""
"2021-08-11","'3138EJPF9'","MBS","UMBS MORTPASS 3% 07/27","15yr",,,,,"749839.06",,,,,,""
"2021-08-11","'31307YPP9'","MBS","FHLMCGLD 3.5% 02/34","15yr",,,,,"749737.76",,,,,,""
"2021-08-11","'31329QN56'","MBS","UMBS MORTPASS 3.5% 04/49","30yr",,,,,"749608.22",,,,,,""
"2021-08-11","'3140FQCC9'","MBS","UMBS MORTPASS 3% 02/32","15yr",,,,,"749353.38",,,,,,""
"2021-08-11","'31307LGC6'","MBS","FHLMCGLD 2.5% 12/29","15yr",,,,,"749233.87",,,,,,""
"2021-08-11","'3620AVAM4'","MBS","GNMA I MORTPASS 3% 07/42","30yr",,,,,"749153.36",,,,,,""
"2021-08-11","'31307HKB2'","MBS","FHLMCGLD 3.5% 06/29","15yr",,,,,"748892.16",,,,,,""
"2021-08-11","'3138MNR93'","MBS","UMBS MORTPASS 2.5% 01/28","15yr",,,,,"748872.59",,,,,,""
"2021-08-11","'31307P6H7'","MBS","FHLMCGLD 2.5% 01/31","15yr",,,,,"748709.93",,,,,,""
"2021-08-11","'3138EM6A4'","MBS","UMBS MORTPASS 2.5% 05/24","Other",,,,,"748540.33",,,,,,""
"2021-08-11","'3132WNZE5'","MBS","FHLMCGLD 3% 06/47","30yr",,,,,"747768.49",,,,,,""
"2021-08-11","'3140HD4F8'","MBS","UMBS MORTPASS 4% 05/48","30yr",,,,,"747617.62",,,,,,""
"2021-08-11","'36176PRM0'","MBS","GNMA I 3.5% 11/41","30yr",,,,,"747426.69",,,,,,""
"2021-08-11","'3138YBU35'","MBS","UMBS MORTPASS 3% 03/45","30yr",,,,,"747219.03",,,,,,""
"2021-08-11","'31307HAV9'","MBS","FHLMCGLD 3% 05/29","15yr",,,,,"747213.6",,,,,,""
"2021-08-11","'3140Q8W27'","MBS","UMBS MORTPASS 4.5% 04/48","30yr",,,,,"746739.34",,,,,,""
"2021-08-11","'3131X7S66'","MBS","UMBS MORTPASS 2.5% 05/27","15yr",,,,,"746594.73",,,,,,""
"2021-08-11","'3138W5K72'","MBS","UMBS MORTPASS 3% 03/28","15yr",,,,,"746235.95",,,,,,""
"2021-08-11","'31307PJM2'","MBS","FHLMCGLD 2.5% 10/30","15yr",,,,,"746140.39",,,,,,""
"2021-08-11","'3132A84G1'","MBS","UMBS MORTPASS 2% 08/32","15yr",,,,,"745749",,,,,,""
"2021-08-11","'3138LQVU5'","MBS","UMBS MORTPASS 3% 04/27","15yr",,,,,"745554.82",,,,,,""
"2021-08-11","'3138WC7K3'","MBS","UMBS MORTPASS 2.5% 10/29","15yr",,,,,"745328.61",,,,,,""
"2021-08-11","'36178GSJ4'","MBS","GNMA I MORTPASS 3% 01/43","30yr",,,,,"744744.71",,,,,,""
"2021-08-11","'3138A2CB3'","MBS","UMBS MORTPASS 3% 12/25","15yr",,,,,"744541.53",,,,,,""
"2021-08-11","'3133A2RM4'","MBS","UMBS MORTPASS 2.5% 03/50","30yr",,,,,"744094.03",,,,,,""
"2021-08-11","'31417CX26'","MBS","UMBS MORTPASS 4% 09/42","30yr",,,,,"743845.54",,,,,,""
"2021-08-11","'31307HN45'","MBS","FHLMCGLD 3.5% 06/29","15yr",,,,,"743712.64",,,,,,""
"2021-08-11","'3138EHBN1'","MBS","UMBS MORTPASS 3% 11/26","15yr",,,,,"743667.84",,,,,,""
"2021-08-11","'31418BQQ2'","MBS","UMBS MORTPASS 3% 05/25","Other",,,,,"743601.92",,,,,,""
"2021-08-11","'3138WBGJ8'","MBS","UMBS MORTPASS 3% 03/44","30yr",,,,,"743512.9",,,,,,""
"2021-08-11","'31339SVQ5'","MBS","UMBS MORTPASS 3.5% 10/49","30yr",,,,,"743499.45",,,,,,""
"2021-08-11","'3138NWZM4'","MBS","UMBS MORTPASS 2.5% 01/28","15yr",,,,,"743404.68",,,,,,""
"2021-08-11","'3140K3XR8'","MBS","UMBS MORTPASS 3% 10/34","15yr",,,,,"743355.23",,,,,,""
"2021-08-11","'31334WE72'","MBS","UMBS MORTPASS 4.5% 06/49","30yr",,,,,"742825.32",,,,,,""
"2021-08-11","'3132HNFD6'","MBS","FHLMCGLD 3% 10/42","30yr",,,,,"742460.88",,,,,,""
"2021-08-11","'3138AW4T7'","MBS","UMBS MORTPASS 3% 11/26","15yr",,,,,"742435.62",,,,,,""
"2021-08-11","'3138W2W68'","MBS","UMBS MORTPASS 2.5% 05/43","30yr",,,,,"742102.58",,,,,,""
"2021-08-11","'3128MD7B3'","MBS","FHLMCGLD 3% 09/29","15yr",,,,,"742000.7",,,,,,""
"2021-08-11","'31418BWJ1'","MBS","UMBS MORTPASS 3% 11/30","15yr",,,,,"741597.8",,,,,,""
"2021-08-11","'3138WVQA2'","MBS","UMBS MORTPASS 3% 06/28","15yr",,,,,"741480.71",,,,,,""
"2021-08-11","'3132A8LS6'","MBS","UMBS MORTPASS 2% 10/26","Other",,,,,"741213.34",,,,,,""
"2021-08-11","'31334YN94'","MBS","UMBS MORTPASS 3.5% 09/49","30yr",,,,,"740854.23",,,,,,""
"2021-08-11","'3138YNSZ1'","MBS","UMBS MORTPASS 3% 04/45","30yr",,,,,"740803.61",,,,,,""
"2021-08-11","'3140H3EM4'","MBS","UMBS MORTPASS 3% 12/47","30yr",,,,,"740786.29",,,,,,""
"2021-08-11","'31417DDL4'","MBS","UMBS MORTPASS 3% 09/42","30yr",,,,,"740613.37",,,,,,""
"2021-08-11","'3131Y0A77'","MBS","UMBS MORTPASS 3% 01/48","30yr",,,,,"740605.59",,,,,,""
"2021-08-11","'3140JVV41'","MBS","UMBS MORTPASS 4% 07/49","30yr",,,,,"740452.95",,,,,,""
"2021-08-11","'31307NEE0'","MBS","FHLMCGLD 2.5% 06/30","15yr",,,,,"740435.08",,,,,,""
"2021-08-11","'3133GCYH9'","MBS","UMBS MORTPASS 2% 05/36","15yr",,,,,"740305.14",,,,,,""
"2021-08-11","'3138W7R63'","MBS","UMBS MORTPASS 3% 04/43","30yr",,,,,"740296.14",,,,,,""
"2021-08-11","'3138NW6T1'","MBS","UMBS MORTPASS 2% 12/27","15yr",,,,,"740213.27",,,,,,""
"2021-08-11","'3133GC5J7'","MBS","UMBS MORTPASS 2% 05/36","15yr",,,,,"740111.93",,,,,,""
"2021-08-11","'31307JHH9'","MBS","FHLMCGLD 2.5% 09/29","15yr",,,,,"740005.02",,,,,,""
"2021-08-11","'3138LWEW7'","MBS","UMBS MORTPASS 2.5% 07/27","15yr",,,,,"739566.47",,,,,,""
"2021-08-11","'31418BG75'","MBS","UMBS MORTPASS 3% 09/24","Other",,,,,"739379.15",,,,,,""
"2021-08-11","'3138YSKA3'","MBS","UMBS MORTPASS 3% 07/45","30yr",,,,,"739213.63",,,,,,""
"2021-08-11","'36295R4E5'","MBS","GNMA I MORTPASS 4% 02/39","30yr",,,,,"739050.51",,,,,,""
"2021-08-11","'3132J8SB7'","MBS","FHLMCGLD 3% 04/43","30yr",,,,,"738957.55",,,,,,""
"2021-08-11","'31414HZ34'","MBS","UMBS MORTPASS 5.5% 12/37","30yr",,,,,"738941.95",,,,,,""
"2021-08-11","'3138XJJW8'","MBS","UMBS MORTPASS 4% 03/44","30yr",,,,,"738300.9",,,,,,""
"2021-08-11","'3138W76Y5'","MBS","UMBS MORTPASS 3% 04/28","15yr",,,,,"737179.44",,,,,,""
"2021-08-11","'3140K0HG6'","MBS","UMBS MORTPASS 2% 10/31","15yr",,,,,"737022.87",,,,,,""
"2021-08-11","'3140K1BP0'","MBS","UMBS MORTPASS 2.5% 10/34","15yr",,,,,"736900.02",,,,,,""
"2021-08-11","'31418CQH0'","MBS","UMBS MORTPASS 3% 10/32","15yr",,,,,"736790.98",,,,,,""
"2021-08-11","'31416XCL2'","MBS","UMBS MORTPASS 3.5% 12/40","30yr",,,,,"736751.5",,,,,,""
"2021-08-11","'31307RJN6'","MBS","FHLMCGLD 2.5% 07/31","15yr",,,,,"736676.11",,,,,,""
"2021-08-11","'3140JLXK5'","MBS","UMBS MORTPASS 3% 10/49","30yr",,,,,"736616.44",,,,,,""
"2021-08-11","'3138AJML3'","MBS","UMBS MORTPASS 3.5% 06/26","15yr",,,,,"736503.66",,,,,,""
"2021-08-11","'3132JAVY8'","MBS","FHLMCGLD 3% 06/43","30yr",,,,,"736407.6",,,,,,""
"2021-08-11","'3132DMEX9'","MBS","UMBS MORTPASS 3.5% 10/49","30yr",,,,,"736094.73",,,,,,""
"2021-08-11","'3620AVAP7'","MBS","GNMA I MORTPASS 3% 09/42","30yr",,,,,"735967.49",,,,,,""
"2021-08-11","'3140QEWD0'","MBS","UMBS MORTPASS 2% 09/50","30yr",,,,,"735926.36",,,,,,""
"2021-08-11","'31307M5Q5'","MBS","FHLMCGLD 2.5% 05/30","15yr",,,,,"735919.7",,,,,,""
"2021-08-11","'31307QS73'","MBS","FHLMCGLD 2.5% 04/31","15yr",,,,,"735796.59",,,,,,""
"2021-08-11","'312938Z97'","MBS","FHLMCGLD 5% 01/40","30yr",,,,,"735768.58",,,,,,""
"2021-08-11","'3138WE6B0'","MBS","UMBS MORTPASS 3.5% 07/45","30yr",,,,,"735638.09",,,,,,""
"2021-08-11","'36297KWC1'","MBS","GNMA I 4.5% 07/39","30yr",,,,,"735584.38",,,,,,""
"2021-08-11","'3133KYTW9'","MBS","UMBS MORTPASS 2% 07/40","Other",,,,,"735448.76",,,,,,""
"2021-08-11","'3138M6JM0'","MBS","UMBS MORTPASS 3% 08/27","15yr",,,,,"735226.61",,,,,,""
"2021-08-11","'3138EJ5Q7'","MBS","UMBS MORTPASS 3% 11/27","15yr",,,,,"735167.23",,,,,,""
"2021-08-11","'3140JW3C2'","MBS","UMBS MORTPASS 2.5% 08/34","15yr",,,,,"735161.55",,,,,,""
"2021-08-11","'3138YD2U2'","MBS","UMBS MORTPASS 2.5% 03/30","15yr",,,,,"735158.93",,,,,,""
"2021-08-11","'3140HBWR5'","MBS","UMBS MORTPASS 2.5% 09/44","30yr",,,,,"735118.66",,,,,,""
"2021-08-11","'36179EHZ4'","MBS","GNMA I MORTPASS 3% 01/43","30yr",,,,,"735009.89",,,,,,""
"2021-08-11","'3140KMMW7'","MBS","UMBS MORTPASS 2.5% 09/50","30yr",,,,,"734810.38",,,,,,""
"2021-08-11","'3128PTJ48'","MBS","FHLMCGLD 3.5% 12/25","15yr",,,,,"734544",,,,,,""
"2021-08-11","'3132QPL44'","MBS","FHLMCGLD 3% 04/45","30yr",,,,,"734355.72",,,,,,""
"2021-08-11","'3140QBTZ1'","MBS","UMBS MORTPASS 3.5% 06/49","30yr",,,,,"733971.66",,,,,,""
"2021-08-11","'36296X6N9'","MBS","GNMA I MORTPASS 5% 11/39","30yr",,,,,"733933.41",,,,,,""
"2021-08-11","'3140KRJ34'","MBS","UMBS MORTPASS 2% 11/35","15yr",,,,,"733234.14",,,,,,""
"2021-08-11","'3138XBRL0'","MBS","UMBS MORTPASS 4.5% 02/44","30yr",,,,,"732694.33",,,,,,""
"2021-08-11","'3138XC3H3'","MBS","UMBS MORTPASS 2.5% 11/28","15yr",,,,,"732662.68",,,,,,""
"2021-08-11","'3140FKUE8'","MBS","UMBS MORTPASS 3.5% 11/46","30yr",,,,,"732492.25",,,,,,""
"2021-08-11","'3140E7TS9'","MBS","UMBS MORTPASS 2.5% 10/30","15yr",,,,,"732442.82",,,,,,""
"2021-08-11","'3140L03Z8'","MBS","UMBS MORTPASS 2% 02/51","30yr",,,,,"732383.54",,,,,,""
"2021-08-11","'3132KGKA7'","MBS","FHLMCGLD 3.5% 06/33","15yr",,,,,"732210.36",,,,,,""
"2021-08-11","'3138WDVC2'","MBS","UMBS MORTPASS 2.5% 01/25","Other",,,,,"732199.61",,,,,,""
"2021-08-11","'31417GHE9'","MBS","UMBS MORTPASS 3% 05/28","15yr",,,,,"731886.58",,,,,,""
"2021-08-11","'36177TML8'","MBS","GNMA I MORTPASS 3% 09/42","30yr",,,,,"731855.33",,,,,,""
"2021-08-11","'36180CRQ4'","MBS","GNMA I MORTPASS 3% 06/43","30yr",,,,,"731824.32",,,,,,""
"2021-08-11","'31307WJD7'","MBS","FHLMCGLD 3.5% 07/33","15yr",,,,,"731646.51",,,,,,""
"2021-08-11","'36296HM71'","MBS","GNMA I 4.5% 12/39","30yr",,,,,"731620.26",,,,,,""
"2021-08-11","'3131X8LV6'","MBS","UMBS MORTPASS 2.5% 01/28","15yr",,,,,"731497.96",,,,,,""
"2021-08-11","'3140HA5V8'","MBS","UMBS MORTPASS 3.5% 03/33","15yr",,,,,"731462.59",,,,,,""
"2021-08-11","'3140F9UR4'","MBS","UMBS MORTPASS 2% 12/31","15yr",,,,,"731355.21",,,,,,""
"2021-08-11","'36297FHF2'","MBS","GNMA I MORTPASS 4% 06/39","30yr",,,,,"731168.28",,,,,,""
"2021-08-11","'36296X7E8'","MBS","GNMA I 4.5% 11/39","30yr",,,,,"731052.18",,,,,,""
"2021-08-11","'3140EB2W0'","MBS","UMBS MORTPASS 3% 12/30","15yr",,,,,"731033.73",,,,,,""
"2021-08-11","'3131Y2UM8'","MBS","UMBS MORTPASS 4% 08/48","30yr",,,,,"731010.87",,,,,,""
"2021-08-11","'3138EPSA3'","MBS","UMBS MORTPASS 2% 04/25","Other",,,,,"730980.5",,,,,,""
"2021-08-11","'3140HN4B5'","MBS","UMBS MORTPASS 3% 08/33","15yr",,,,,"730785.68",,,,,,""
"2021-08-11","'3620A7BX2'","MBS","GNMA I 4.5% 12/39","30yr",,,,,"730543.19",,,,,,""
"2021-08-11","'3138XYF25'","MBS","UMBS MORTPASS 3.5% 07/29","15yr",,,,,"730489.12",,,,,,""
"2021-08-11","'31307MAK2'","MBS","FHLMCGLD 3% 03/30","15yr",,,,,"730460.25",,,,,,""
"2021-08-11","'3131X7H43'","MBS","UMBS MORTPASS 3% 01/27","15yr",,,,,"729826.98",,,,,,""
"2021-08-11","'3138YPA51'","MBS","UMBS MORTPASS 2.5% 05/45","30yr",,,,,"729594.32",,,,,,""
"2021-08-11","'3138MPFY6'","MBS","UMBS MORTPASS 2.5% 05/28","15yr",,,,,"729462.19",,,,,,""
"2021-08-11","'3140HN5G3'","MBS","UMBS MORTPASS 4% 09/48","30yr",,,,,"729036.26",,,,,,""
"2021-08-11","'3138XK4F8'","MBS","UMBS MORTPASS 3% 02/29","15yr",,,,,"728373.99",,,,,,""
"2021-08-11","'3140HJXR7'","MBS","UMBS MORTPASS 3.5% 07/48","30yr",,,,,"728265.91",,,,,,""
"2021-08-11","'36179C3W0'","MBS","GNMA I MORTPASS 3% 03/43","30yr",,,,,"728132.17",,,,,,""
"2021-08-11","'3140E2XH9'","MBS","UMBS MORTPASS 3% 10/45","30yr",,,,,"728059.21",,,,,,""
"2021-08-11","'31418DF98'","MBS","UMBS MORTPASS 2.5% 09/29","Other",,,,,"727704.73",,,,,,""
"2021-08-11","'3131XCWU7'","MBS","UMBS MORTPASS 2% 01/32","15yr",,,,,"727603.74",,,,,,""
"2021-08-11","'36181CYU6'","MBS","GNMA I MORTPASS 4% 10/43","30yr",,,,,"727181.37",,,,,,""
"2021-08-11","'3140JSUZ0'","MBS","UMBS MORTPASS 4.5% 03/49","30yr",,,,,"726964.15",,,,,,""
"2021-08-11","'3138NYDJ1'","MBS","UMBS MORTPASS 3.5% 01/43","30yr",,,,,"726750.44",,,,,,""
"2021-08-11","'3128MDUY7'","MBS","FHLMCGLD 3% 11/23","15yr",,,,,"726635.61",,,,,,""
"2021-08-11","'3140JJY52'","MBS","UMBS MORTPASS 4.5% 05/49","30yr",,,,,"725853.8",,,,,,""
"2021-08-11","'36176AA33'","MBS","GNMA I 3.5% 03/42","30yr",,,,,"725828.95",,,,,,""
"2021-08-11","'3138W2WK7'","MBS","UMBS MORTPASS 4% 02/43","30yr",,,,,"725823.38",,,,,,""
"2021-08-11","'3131XAU33'","MBS","UMBS MORTPASS 3% 09/24","Other",,,,,"725788.05",,,,,,""
"2021-08-11","'31307SKH5'","MBS","FHLMCGLD 2% 11/31","15yr",,,,,"725660.16",,,,,,""
"2021-08-11","'36297HZB7'","MBS","GNMA I 4.5% 05/39","30yr",,,,,"725350.25",,,,,,""
"2021-08-11","'3138XC4J8'","MBS","UMBS MORTPASS 3% 11/28","15yr",,,,,"725211.88",,,,,,""
"2021-08-11","'36180DSU2'","MBS","GNMA I 3.5% 04/43","30yr",,,,,"725206.6",,,,,,""
"2021-08-11","'31307PGU7'","MBS","FHLMCGLD 3% 10/30","15yr",,,,,"724724",,,,,,""
"2021-08-11","'3138YLET4'","MBS","UMBS MORTPASS 3% 04/45","30yr",,,,,"724567.65",,,,,,""
"2021-08-11","'3140GNZP1'","MBS","UMBS MORTPASS 3.5% 07/49","30yr",,,,,"724029.31",,,,,,""
"2021-08-11","'3132A84F3'","MBS","UMBS MORTPASS 2.5% 02/28","15yr",,,,,"723989.17",,,,,,""
"2021-08-11","'3138MDKP6'","MBS","UMBS MORTPASS 2.5% 10/42","30yr",,,,,"723699.68",,,,,,""
"2021-08-11","'3138W4FV8'","MBS","UMBS MORTPASS 3.5% 02/43","30yr",,,,,"723288.78",,,,,,""
"2021-08-11","'31307TXB2'","MBS","FHLMCGLD 3% 05/32","15yr",,,,,"723245.69",,,,,,""
"2021-08-11","'3140FUP93'","MBS","UMBS MORTPASS 4.5% 06/47","30yr",,,,,"722789.3",,,,,,""
"2021-08-11","'3140KDUV0'","MBS","UMBS MORTPASS 3% 05/50","30yr",,,,,"722349.98",,,,,,""
"2021-08-11","'36180HPP7'","MBS","GNMA I 3.5% 08/43","30yr",,,,,"722234.08",,,,,,""
"2021-08-11","'3140JW5N6'","MBS","UMBS MORTPASS 3% 07/49","30yr",,,,,"722163.86",,,,,,""
"2021-08-11","'3140HBEX2'","MBS","UMBS MORTPASS 3.5% 01/33","15yr",,,,,"722100.05",,,,,,""
"2021-08-11","'36177T4K0'","MBS","GNMA I 3.5% 04/42","30yr",,,,,"721916.29",,,,,,""
"2021-08-11","'3131X9SE5'","MBS","UMBS MORTPASS 2% 08/23","Other",,,,,"721265.38",,,,,,""
"2021-08-11","'3138WSRV2'","MBS","UMBS MORTPASS 2.5% 05/28","15yr",,,,,"721175.19",,,,,,""
"2021-08-11","'3140J9HG9'","MBS","UMBS MORTPASS 2.5% 05/32","15yr",,,,,"721151.53",,,,,,""
"2021-08-11","'3138WCPR8'","MBS","UMBS MORTPASS 3% 08/44","30yr",,,,,"721114.33",,,,,,""
"2021-08-11","'3138ECPL1'","MBS","UMBS MORTPASS 3% 03/27","15yr",,,,,"721065.61",,,,,,""
"2021-08-11","'3138E5KB3'","MBS","UMBS MORTPASS 3.5% 12/41","30yr",,,,,"720970.04",,,,,,""
"2021-08-11","'3140JVPC0'","MBS","UMBS MORTPASS 3% 08/49","30yr",,,,,"720860.84",,,,,,""
"2021-08-11","'312933C77'","MBS","FHLMCGLD 5% 05/39","30yr",,,,,"720719.15",,,,,,""
"2021-08-11","'3140QBS66'","MBS","UMBS MORTPASS 3% 02/48","30yr",,,,,"720658.76",,,,,,""
"2021-08-11","'3138ATCM0'","MBS","UMBS MORTPASS 3% 10/41","30yr",,,,,"720649.07",,,,,,""
"2021-08-11","'3140Q9A37'","MBS","UMBS MORTPASS 3.5% 05/33","15yr",,,,,"720353.57",,,,,,""
"2021-08-11","'3131X8G91'","MBS","UMBS MORTPASS 2.5% 12/27","15yr",,,,,"719813.19",,,,,,""
"2021-08-11","'3140F2VC1'","MBS","UMBS MORTPASS 3% 07/31","15yr",,,,,"719648.37",,,,,,""
"2021-08-11","'3140H6PA1'","MBS","UMBS MORTPASS 3.5% 03/48","30yr",,,,,"719516.22",,,,,,""
"2021-08-11","'3620A7EE1'","MBS","GNMA I 4.5% 01/40","30yr",,,,,"719502.23",,,,,,""
"2021-08-11","'3133LPRX7'","MBS","UMBS MORTPASS 2.5% 06/29","Other",,,,,"719067.64",,,,,,""
"2021-08-11","'3140KDMU1'","MBS","UMBS MORTPASS 2% 05/35","15yr",,,,,"718808.72",,,,,,""
"2021-08-11","'3138W0NH8'","MBS","UMBS MORTPASS 2% 02/23","Other",,,,,"718668.37",,,,,,""
"2021-08-11","'31417AKL2'","MBS","UMBS MORTPASS 3% 11/26","15yr",,,,,"718411.12",,,,,,""
"2021-08-11","'3138M3KS2'","MBS","UMBS MORTPASS 2.5% 07/27","15yr",,,,,"718298",,,,,,""
"2021-08-11","'31307MGM2'","MBS","FHLMCGLD 2.5% 03/30","15yr",,,,,"718270.9",,,,,,""
"2021-08-11","'3140HBRZ3'","MBS","UMBS MORTPASS 3% 02/48","30yr",,,,,"718213.08",,,,,,""
"2021-08-11","'3138WRL81'","MBS","UMBS MORTPASS 3% 04/43","30yr",,,,,"718146.9",,,,,,""
"2021-08-11","'3132A9MY0'","MBS","UMBS MORTPASS 3% 11/27","15yr",,,,,"718073.74",,,,,,""
"2021-08-11","'31418CGG3'","MBS","UMBS MORTPASS 2.5% 02/32","15yr",,,,,"717858.93",,,,,,""
"2021-08-11","'3140H2Y93'","MBS","UMBS MORTPASS 3% 11/32","15yr",,,,,"717694.33",,,,,,""
"2021-08-11","'31307NAB0'","MBS","FHLMCGLD 3% 06/30","15yr",,,,,"717196.08",,,,,,""
"2021-08-11","'3140HN5M0'","MBS","UMBS MORTPASS 3.5% 09/33","15yr",,,,,"717055.58",,,,,,""
"2021-08-11","'3138XQKJ9'","MBS","UMBS MORTPASS 3% 03/29","15yr",,,,,"716899.34",,,,,,""
"2021-08-11","'3138X1E36'","MBS","UMBS MORTPASS 3% 07/43","30yr",,,,,"716556.1",,,,,,""
"2021-08-11","'3140F54H3'","MBS","UMBS MORTPASS 3% 09/31","15yr",,,,,"716492.54",,,,,,""
"2021-08-11","'3138W0XB0'","MBS","UMBS MORTPASS 2.5% 02/28","15yr",,,,,"716383.95",,,,,,""
"2021-08-11","'3131YBYQ5'","MBS","UMBS MORTPASS 4% 04/49","30yr",,,,,"716288.6",,,,,,""
"2021-08-11","'3140FSS95'","MBS","UMBS MORTPASS 3% 03/32","15yr",,,,,"716117.65",,,,,,""
"2021-08-11","'31329PFP3'","MBS","UMBS MORTPASS 4% 07/48","30yr",,,,,"716032.99",,,,,,""
"2021-08-11","'31307UNQ7'","MBS","FHLMCGLD 2.5% 09/32","15yr",,,,,"715820.81",,,,,,""
"2021-08-11","'3138XK7G3'","MBS","UMBS MORTPASS 3.5% 07/44","30yr",,,,,"714988.18",,,,,,""
"2021-08-11","'3138MJAU3'","MBS","UMBS MORTPASS 3% 10/27","15yr",,,,,"714793.77",,,,,,""
"2021-08-11","'3132M6T75'","MBS","FHLMCGLD 4% 05/44","30yr",,,,,"714646.21",,,,,,""
"2021-08-11","'31339U2C3'","MBS","UMBS MORTPASS 3.5% 11/49","30yr",,,,,"714394.12",,,,,,""
"2021-08-11","'3140HL2V7'","MBS","UMBS MORTPASS 4% 06/48","30yr",,,,,"714373.86",,,,,,""
"2021-08-11","'36296VCN6'","MBS","GNMA I 4.5% 07/39","30yr",,,,,"714177.46",,,,,,""
"2021-08-11","'3138A27B9'","MBS","UMBS MORTPASS 4% 12/40","30yr",,,,,"714124.36",,,,,,""
"2021-08-11","'3132M6QD5'","MBS","FHLMCGLD 4% 05/44","30yr",,,,,"714092.83",,,,,,""
"2021-08-11","'3138MLYM0'","MBS","UMBS MORTPASS 2.5% 12/27","15yr",,,,,"714057.98",,,,,,""
"2021-08-11","'3620A12S6'","MBS","GNMA I 4.5% 06/39","30yr",,,,,"713839.01",,,,,,""
"2021-08-11","'36297BFV8'","MBS","GNMA I 4.5% 12/39","30yr",,,,,"713762.91",,,,,,""
"2021-08-11","'3140X75G0'","MBS","UMBS MORTPASS 2% 10/50","30yr",,,,,"713674.23",,,,,,""
"2021-08-11","'3131X8SJ6'","MBS","UMBS MORTPASS 3% 02/28","15yr",,,,,"713430.66",,,,,,""
"2021-08-11","'31417GGZ3'","MBS","UMBS MORTPASS 2% 05/28","15yr",,,,,"713140.67",,,,,,""
"2021-08-11","'3138X4DU1'","MBS","UMBS MORTPASS 3% 09/28","15yr",,,,,"712723.66",,,,,,""
"2021-08-11","'31418BUQ7'","MBS","UMBS MORTPASS 2.5% 09/30","15yr",,,,,"712622.51",,,,,,""
"2021-08-11","'3138YJDG8'","MBS","UMBS MORTPASS 3% 02/45","30yr",,,,,"712437.51",,,,,,""
"2021-08-11","'3131X7DV7'","MBS","UMBS MORTPASS 3% 12/26","15yr",,,,,"712416.56",,,,,,""
"2021-08-11","'3132KE5Q4'","MBS","FHLMCGLD 3% 05/30","15yr",,,,,"712402.68",,,,,,""
"2021-08-11","'3140JXKS6'","MBS","UMBS MORTPASS 2.5% 10/34","15yr",,,,,"712188.8",,,,,,""
"2021-08-11","'3140F5HT3'","MBS","UMBS MORTPASS 4.5% 04/46","30yr",,,,,"711983.78",,,,,,""
"2021-08-11","'3133GBRL0'","MBS","UMBS MORTPASS 2% 01/36","15yr",,,,,"711783.39",,,,,,""
"2021-08-11","'3132QUVX8'","MBS","FHLMCGLD 3.5% 12/45","30yr",,,,,"711700.74",,,,,,""
"2021-08-11","'31307UHY7'","MBS","FHLMCGLD 3% 08/32","15yr",,,,,"711273.07",,,,,,""
"2021-08-11","'36179EJJ8'","MBS","GNMA I MORTPASS 3% 02/43","30yr",,,,,"710996.9",,,,,,""
"2021-08-11","'31418CPM0'","MBS","UMBS MORTPASS 3% 09/37","Other",,,,,"710809.43",,,,,,""
"2021-08-11","'3140J9ET4'","MBS","UMBS MORTPASS 3% 10/38","Other",,,,,"710661.33",,,,,,""
"2021-08-11","'3138XF6L4'","MBS","UMBS MORTPASS 3% 03/29","15yr",,,,,"710600.75",,,,,,""
"2021-08-11","'3140KT5Z4'","MBS","UMBS MORTPASS 2% 12/50","30yr",,,,,"710462.07",,,,,,""
"2021-08-11","'3138X8PB1'","MBS","UMBS MORTPASS 4% 09/43","30yr",,,,,"710399.87",,,,,,""
"2021-08-11","'31339SHK4'","MBS","UMBS MORTPASS 3% 09/49","30yr",,,,,"710179.11",,,,,,""
"2021-08-11","'3620AKFL5'","MBS","GNMA I MORTPASS 5% 02/40","30yr",,,,,"710041.14",,,,,,""
"2021-08-11","'3132A9NG8'","MBS","UMBS MORTPASS 2% 07/28","15yr",,,,,"709727.43",,,,,,""
"2021-08-11","'3138M9WY3'","MBS","UMBS MORTPASS 2% 07/28","15yr",,,,,"709324.23",,,,,,""
"2021-08-11","'31307NU44'","MBS","FHLMCGLD 2.5% 08/30","15yr",,,,,"709295.96",,,,,,""
"2021-08-11","'3140F9U45'","MBS","UMBS MORTPASS 3% 12/31","15yr",,,,,"708866.98",,,,,,""
"2021-08-11","'3620ADBG6'","MBS","GNMA I MORTPASS 5% 10/39","30yr",,,,,"708610.92",,,,,,""
"2021-08-11","'31307URG5'","MBS","FHLMCGLD 2.5% 10/32","15yr",,,,,"708489.39",,,,,,""
"2021-08-11","'36176EMH1'","MBS","GNMA I 3.5% 07/43","30yr",,,,,"708384.29",,,,,,""
"2021-08-11","'3138M73Y9'","MBS","UMBS MORTPASS 2.5% 09/42","30yr",,,,,"708350.02",,,,,,""
"2021-08-11","'31307NG57'","MBS","FHLMCGLD 3% 06/30","15yr",,,,,"708184.13",,,,,,""
"2021-08-11","'3140F2PV6'","MBS","UMBS MORTPASS 2.5% 05/31","15yr",,,,,"707975.27",,,,,,""
"2021-08-11","'3140X4YY6'","MBS","UMBS MORTPASS 4% 11/48","30yr",,,,,"707779.09",,,,,,""
"2021-08-11","'31307RP90'","MBS","FHLMCGLD 3% 08/31","15yr",,,,,"707325.03",,,,,,""
"2021-08-11","'31415MC94'","MBS","UMBS MORTPASS 5% 06/38","30yr",,,,,"707254.37",,,,,,""
"2021-08-11","'3140HASP6'","MBS","UMBS MORTPASS 3.5% 05/48","30yr",,,,,"706770.95",,,,,,""
"2021-08-11","'3128MAD63'","MBS","FHLMCGLD 4% 02/45","30yr",,,,,"706748.65",,,,,,""
"2021-08-11","'31307MT30'","MBS","FHLMCGLD 3% 05/30","15yr",,,,,"706742.04",,,,,,""
"2021-08-11","'3132A7UV1'","MBS","UMBS MORTPASS 2.5% 01/24","Other",,,,,"706652.52",,,,,,""
"2021-08-11","'3132A7KF7'","MBS","UMBS MORTPASS 2% 11/27","15yr",,,,,"706312.07",,,,,,""
"2021-08-11","'3620A7KA2'","MBS","GNMA I 4.5% 06/39","30yr",,,,,"706160.28",,,,,,""
"2021-08-11","'3140E9K70'","MBS","UMBS MORTPASS 3.5% 11/45","30yr",,,,,"706148.92",,,,,,""
"2021-08-11","'3140KDAG5'","MBS","UMBS MORTPASS 2.5% 04/50","30yr",,,,,"706044.19",,,,,,""
"2021-08-11","'36202FPG5'","MBS","GNMA II 4.5% 01/41","30yr",,,,,"705016.68",,,,,,""
"2021-08-11","'3140L2SB0'","MBS","UMBS MORTPASS 2.5% 01/51","30yr",,,,,"704285.92",,,,,,""
"2021-08-11","'3138YX5G6'","MBS","UMBS MORTPASS 3.5% 09/45","30yr",,,,,"704015.24",,,,,,""
"2021-08-11","'3138XR5L9'","MBS","UMBS MORTPASS 3.5% 10/44","30yr",,,,,"703735.33",,,,,,""
"2021-08-11","'3140KM6A3'","MBS","UMBS MORTPASS 2.5% 09/50","30yr",,,,,"703626.61",,,,,,""
"2021-08-11","'3140E9LK0'","MBS","UMBS MORTPASS 3.5% 12/45","30yr",,,,,"703559.12",,,,,,""
"2021-08-11","'36179E2Z0'","MBS","GNMA I MORTPASS 3% 02/43","30yr",,,,,"703538.9",,,,,,""
"2021-08-11","'36297BER8'","MBS","GNMA I 4.5% 07/39","30yr",,,,,"703446.1",,,,,,""
"2021-08-11","'31307QXV4'","MBS","FHLMCGLD 2.5% 05/31","15yr",,,,,"703441.82",,,,,,""
"2021-08-11","'3140HPMX2'","MBS","UMBS MORTPASS 3.5% 09/33","15yr",,,,,"703392.42",,,,,,""
"2021-08-11","'3138WZRK0'","MBS","UMBS MORTPASS 3.5% 06/43","30yr",,,,,"703308.38",,,,,,""
"2021-08-11","'3138MDFE7'","MBS","UMBS MORTPASS 3% 09/27","15yr",,,,,"702874.55",,,,,,""
"2021-08-11","'36177TM46'","MBS","GNMA I MORTPASS 3% 10/42","30yr",,,,,"702850.72",,,,,,""
"2021-08-11","'3138XR4Q9'","MBS","UMBS MORTPASS 3% 07/29","15yr",,,,,"702779.19",,,,,,""
"2021-08-11","'31417YPS0'","MBS","UMBS MORTPASS 5.5% 04/40","30yr",,,,,"702575.88",,,,,,""
"2021-08-11","'3140H6Q93'","MBS","UMBS MORTPASS 3.5% 03/33","15yr",,,,,"702239.28",,,,,,""
"2021-08-11","'31418ANE4'","MBS","UMBS MORTPASS 2% 12/22","Other",,,,,"701839.16",,,,,,""
"2021-08-11","'31307LNQ7'","MBS","FHLMCGLD 3% 01/30","15yr",,,,,"701833.99",,,,,,""
"2021-08-11","'3140HQCW3'","MBS","UMBS MORTPASS 3.5% 08/33","15yr",,,,,"701621.45",,,,,,""
"2021-08-11","'3128E6LT2'","MBS","FHLMCGLD 3% 07/32","Other",,,,,"701543.54",,,,,,""
"2021-08-11","'3132WJF48'","MBS","FHLMCGLD 4.5% 12/46","30yr",,,,,"701240.01",,,,,,""
"2021-08-11","'3138EJ3K2'","MBS","UMBS MORTPASS 3% 09/27","15yr",,,,,"701104.78",,,,,,""
"2021-08-11","'3140FDZW9'","MBS","UMBS MORTPASS 3% 11/31","15yr",,,,,"700887.83",,,,,,""
"2021-08-11","'3140HPVP9'","MBS","UMBS MORTPASS 3% 10/33","15yr",,,,,"700399.32",,,,,,""
"2021-08-11","'31307UBZ0'","MBS","FHLMCGLD 2.5% 07/32","15yr",,,,,"700302.09",,,,,,""
"2021-08-11","'3133KHQP4'","MBS","UMBS MORTPASS 2.5% 01/50","30yr",,,,,"700155.05",,,,,,""
"2021-08-11","'36181AN99'","MBS","GNMA I 3.5% 07/43","30yr",,,,,"700141.26",,,,,,""
"2021-08-11","'31307GT66'","MBS","FHLMCGLD 3% 04/29","15yr",,,,,"699941.23",,,,,,""
"2021-08-11","'3133A0JU9'","MBS","UMBS MORTPASS 3% 11/49","30yr",,,,,"699719.88",,,,,,""
"2021-08-11","'3140K04J4'","MBS","UMBS MORTPASS 2.5% 11/49","30yr",,,,,"699544.84",,,,,,""
"2021-08-11","'31417CKU8'","MBS","UMBS MORTPASS 2% 07/27","15yr",,,,,"699486.18",,,,,,""
"2021-08-11","'31307TWX5'","MBS","FHLMCGLD 3% 05/32","15yr",,,,,"698959.17",,,,,,""
"2021-08-11","'3133A0HV9'","MBS","UMBS 3.0%","30yr",,,,,"698729.79",,,,,,""
"2021-08-11","'3620A95S6'","MBS","GNMA I 4.5% 10/39","30yr",,,,,"698624.25",,,,,,""
"2021-08-11","'3132A9PM3'","MBS","UMBS MORTPASS 3% 06/29","15yr",,,,,"698469.53",,,,,,""
"2021-08-11","'3138M3QJ6'","MBS","UMBS MORTPASS 2.5% 07/27","15yr",,,,,"698397.17",,,,,,""
"2021-08-11","'31416AE89'","MBS","UMBS MORTPASS 3.5% 04/24","15yr",,,,,"698287.13",,,,,,""
"2021-08-11","'3140JWMV9'","MBS","UMBS MORTPASS 4.5% 07/49","30yr",,,,,"697767.12",,,,,,""
"2021-08-11","'3140HLPD2'","MBS","UMBS MORTPASS 4.5% 12/48","30yr",,,,,"697751.38",,,,,,""
"2021-08-11","'3138XF6F7'","MBS","UMBS MORTPASS 3% 02/29","15yr",,,,,"697643.15",,,,,,""
"2021-08-11","'3138EGGP3'","MBS","UMBS MORTPASS 6.5% 10/38","30yr",,,,,"697513.03",,,,,,"Y"
"2021-08-11","'3138W02K4'","MBS","UMBS MORTPASS 2.5% 01/43","30yr",,,,,"697443.9",,,,,,""
"2021-08-11","'3140K0WF1'","MBS","UMBS MORTPASS 2.5% 09/34","15yr",,,,,"697061.81",,,,,,""
"2021-08-11","'3138NWA33'","MBS","UMBS MORTPASS 2% 02/28","15yr",,,,,"696855.1",,,,,,""
"2021-08-11","'3140KAFH4'","MBS","UMBS MORTPASS 3.5% 03/50","30yr",,,,,"696824.39",,,,,,""
"2021-08-11","'3140K0YL6'","MBS","UMBS MORTPASS 3% 01/50","30yr",,,,,"696728.43",,,,,,""
"2021-08-11","'3132A9Q26'","MBS","UMBS MORTPASS 2.5% 07/30","15yr",,,,,"696696",,,,,,""
"2021-08-11","'3138AW4R1'","MBS","UMBS MORTPASS 2.5% 11/26","15yr",,,,,"696209.4",,,,,,""
"2021-08-11","'3138MJYZ6'","MBS","UMBS MORTPASS 2.5% 11/27","15yr",,,,,"696093.08",,,,,,""
"2021-08-11","'31418DBL5'","MBS","UMBS MORTPASS 3% 02/39","Other",,,,,"696042.9",,,,,,""
"2021-08-11","'3140JRTT8'","MBS","UMBS MORTPASS 3% 04/49","30yr",,,,,"696017",,,,,,""
"2021-08-11","'36297A5D1'","MBS","GNMA I MORTPASS 6% 02/39","30yr",,,,,"695895.08",,,,,,""
"2021-08-11","'3138EBAX3'","MBS","UMBS MORTPASS 3.5% 03/42","30yr",,,,,"695840.84",,,,,,""
"2021-08-11","'3140EWRV9'","MBS","UMBS MORTPASS 3% 01/31","15yr",,,,,"695833.21",,,,,,""
"2021-08-11","'3133ADQC3'","MBS","UMBS MORTPASS 2.5% 12/50","30yr",,,,,"695703.98",,,,,,""
"2021-08-11","'3138W7HH0'","MBS","UMBS MORTPASS 2% 03/28","15yr",,,,,"695418.11",,,,,,""
"2021-08-11","'3140F9Y25'","MBS","UMBS MORTPASS 3% 05/46","30yr",,,,,"695383.47",,,,,,""
"2021-08-11","'36178Y3M5'","MBS","GNMA I MORTPASS 3% 12/42","30yr",,,,,"695188.45",,,,,,""
"2021-08-11","'31307PFV6'","MBS","FHLMCGLD 3% 09/30","15yr",,,,,"695124.95",,,,,,""
"2021-08-11","'3138YUQQ7'","MBS","UMBS MORTPASS 3% 06/30","15yr",,,,,"694946.78",,,,,,""
"2021-08-11","'3620A8FY4'","MBS","GNMA I MORTPASS 5% 11/39","30yr",,,,,"694936.93",,,,,,""
"2021-08-11","'3138YHNS5'","MBS","UMBS MORTPASS 3% 02/45","30yr",,,,,"694658.27",,,,,,""
"2021-08-11","'3138X5RC3'","MBS","UMBS MORTPASS 4% 09/43","30yr",,,,,"694521.69",,,,,,""
"2021-08-11","'3140K5F51'","MBS","UMBS MORTPASS 3% 11/49","30yr",,,,,"694400.76",,,,,,""
"2021-08-11","'31307FZD6'","MBS","FHLMCGLD 3% 01/29","15yr",,,,,"694296.57",,,,,,""
"2021-08-11","'3140X6MZ1'","MBS","UMBS MORTPASS 3.5% 11/39","Other",,,,,"694285.67",,,,,,""
"2021-08-11","'3133KYUJ6'","MBS","UMBS MORTPASS 2% 11/40","Other",,,,,"694099.79",,,,,,""
"2021-08-11","'3131YAL65'","MBS","UMBS MORTPASS 3.5% 03/49","30yr",,,,,"694075.05",,,,,,""
"2021-08-11","'36177YVT0'","MBS","GNMA I MORTPASS 3% 02/43","30yr",,,,,"693988.59",,,,,,""
"2021-08-11","'3138M6VG9'","MBS","UMBS MORTPASS 3.5% 08/42","30yr",,,,,"693887.87",,,,,,""
"2021-08-11","'3620AVAV4'","MBS","GNMA I MORTPASS 3% 12/42","30yr",,,,,"693810.19",,,,,,""
"2021-08-11","'36295CKW0'","MBS","GNMA I 3.5% 09/43","30yr",,,,,"693691.34",,,,,,""
"2021-08-11","'3140L4HK8'","MBS","UMBS MORTPASS 2% 03/51","30yr",,,,,"693651.68",,,,,,""
"2021-08-11","'3138Y5TW6'","MBS","UMBS MORTPASS 3% 09/29","15yr",,,,,"693555.3",,,,,,""
"2021-08-11","'31307MSD9'","MBS","FHLMCGLD 2.5% 04/30","15yr",,,,,"693519.55",,,,,,""
"2021-08-11","'36176W2Z3'","MBS","GNMA I MORTPASS 4% 12/41","30yr",,,,,"693470.4",,,,,,""
"2021-08-11","'3131Y9FR9'","MBS","UMBS MORTPASS 4.5% 01/49","30yr",,,,,"693321.74",,,,,,""
"2021-08-11","'31412URQ5'","MBS","UMBS MORTPASS 6% 07/39","30yr",,,,,"693203.79",,,,,,""
"2021-08-11","'3140LPN40'","MBS","UMBS MORTPASS 2% 07/51","30yr",,,,,"693049.11",,,,,,""
"2021-08-11","'3132A9UK1'","MBS","UMBS MORTPASS 3% 02/33","15yr",,,,,"693003.22",,,,,,""
"2021-08-11","'3131X72V9'","MBS","UMBS MORTPASS 3% 09/27","15yr",,,,,"692932.25",,,,,,""
"2021-08-11","'36179KQ49'","MBS","GNMA I MORTPASS 3% 02/43","30yr",,,,,"692647.16",,,,,,""
"2021-08-11","'36202FGC4'","MBS","GNMA II MORTPASS 4% 05/40","30yr",,,,,"692596.49",,,,,,""
"2021-08-11","'36176URH0'","MBS","GNMA I MORTPASS 4% 03/42","30yr",,,,,"692549.07",,,,,,""
"2021-08-11","'3132QUEC3'","MBS","FHLMCGLD 4% 11/45","30yr",,,,,"692399.65",,,,,,""
"2021-08-11","'31413CSU4'","MBS","UMBS MORTPASS 3.5% 04/42","30yr",,,,,"692255.4",,,,,,""
"2021-08-11","'3128MMSR5'","MBS","FHLMCGLD 3% 10/29","15yr",,,,,"692194.16",,,,,,""
"2021-08-11","'3620C6BY0'","MBS","GNMA I 3.5% 11/40","30yr",,,,,"692172.85",,,,,,""
"2021-08-11","'31307T6Y2'","MBS","FHLMCGLD 3.5% 06/32","15yr",,,,,"692027.52",,,,,,""
"2021-08-11","'36180ULN7'","MBS","GNMA I 3.5% 05/43","30yr",,,,,"691942.43",,,,,,""
"2021-08-11","'3131X8WW2'","MBS","UMBS MORTPASS 2% 03/28","15yr",,,,,"691893.31",,,,,,""
"2021-08-11","'3138W2D93'","MBS","UMBS MORTPASS 2.5% 02/28","15yr",,,,,"691887.77",,,,,,""
"2021-08-11","'3131X8J64'","MBS","UMBS MORTPASS 2.5% 12/27","15yr",,,,,"691675.38",,,,,,""
"2021-08-11","'31417FWE4'","MBS","UMBS MORTPASS 2% 03/23","Other",,,,,"691586.69",,,,,,""
"2021-08-11","'3132HPQG2'","MBS","FHLMCGLD 3% 11/42","30yr",,,,,"691446.69",,,,,,""
"2021-08-11","'36297FV74'","MBS","GNMA I 4.5% 09/39","30yr",,,,,"691113.25",,,,,,""
"2021-08-11","'3132A72H3'","MBS","UMBS MORTPASS 2.5% 08/28","15yr",,,,,"691110.54",,,,,,""
"2021-08-11","'31417GHA7'","MBS","UMBS MORTPASS 3% 05/28","15yr",,,,,"690618.91",,,,,,""
"2021-08-11","'36179UKV3'","MBS","GNMA II MORTPASS 3% 01/49","30yr",,,,,"690596.36",,,,,,""
"2021-08-11","'3140X4V60'","MBS","UMBS MORTPASS 2.5% 11/30","15yr",,,,,"690387.43",,,,,,""
"2021-08-11","'3133A8BS5'","MBS","UMBS MORTPASS 2% 03/50","30yr",,,,,"690284.81",,,,,,""
"2021-08-11","'3138YHGS3'","MBS","UMBS MORTPASS 3% 03/30","15yr",,,,,"690239.27",,,,,,""
"2021-08-11","'3140KRTK5'","MBS","UMBS MORTPASS 2% 11/35","15yr",,,,,"690061.62",,,,,,""
"2021-08-11","'31419BME2'","MBS","UMBS MORTPASS 3.5% 07/41","30yr",,,,,"690034.41",,,,,,""
"2021-08-11","'3132QPE75'","MBS","FHLMCGLD 3% 04/45","30yr",,,,,"689439.32",,,,,,""
"2021-08-11","'36295CLM1'","MBS","GNMA I MORTPASS 3% 07/42","30yr",,,,,"689395.21",,,,,,""
"2021-08-11","'3133A0HG2'","MBS","UMBS MORTPASS 2.5% 12/49","30yr",,,,,"689296.09",,,,,,""
"2021-08-11","'3132WJYK1'","MBS","FHLMCGLD 3% 12/46","30yr",,,,,"689162.36",,,,,,""
"2021-08-11","'3138W46D8'","MBS","UMBS MORTPASS 2.5% 02/28","15yr",,,,,"688977.4",,,,,,""
"2021-08-11","'31329LFB3'","MBS","UMBS MORTPASS 2.5% 02/28","15yr",,,,,"688866.87",,,,,,""
"2021-08-11","'3138NWUH0'","MBS","UMBS MORTPASS 2.5% 01/43","30yr",,,,,"688778.82",,,,,,""
"2021-08-11","'36180CQT9'","MBS","GNMA I MORTPASS 3% 02/43","30yr",,,,,"688640.12",,,,,,""
"2021-08-11","'31307RGN9'","MBS","FHLMCGLD 3% 06/31","15yr",,,,,"688541.41",,,,,,""
"2021-08-11","'3131X9SP0'","MBS","UMBS MORTPASS 2.5% 08/23","Other",,,,,"688388.37",,,,,,""
"2021-08-11","'36296LNR7'","MBS","GNMA I MORTPASS 4% 05/39","30yr",,,,,"688282.55",,,,,,""
"2021-08-11","'36177TMY0'","MBS","GNMA I MORTPASS 3% 10/42","30yr",,,,,"687727.86",,,,,,""
"2021-08-11","'3140F7ET2'","MBS","UMBS MORTPASS 2.5% 07/31","15yr",,,,,"687654.26",,,,,,""
"2021-08-11","'36296WEK8'","MBS","GNMA I MORTPASS 4% 03/39","30yr",,,,,"687601.24",,,,,,""
"2021-08-11","'3140KG3X9'","MBS","UMBS MORTPASS 2.5% 07/50","30yr",,,,,"687498.88",,,,,,""
"2021-08-11","'3138MPFL4'","MBS","UMBS MORTPASS 3.5% 04/43","30yr",,,,,"687276.3",,,,,,""
"2021-08-11","'3138NXC39'","MBS","UMBS MORTPASS 3% 01/43","30yr",,,,,"687212",,,,,,""
"2021-08-11","'3140L1VB8'","MBS","UMBS MORTPASS 2% 03/51","30yr",,,,,"686912.56",,,,,,""
"2021-08-11","'3138WAX36'","MBS","UMBS MORTPASS 2% 01/24","Other",,,,,"686823.84",,,,,,""
"2021-08-11","'3132J6M43'","MBS","FHLMCGLD 3.5% 02/43","30yr",,,,,"686820.04",,,,,,""
"2021-08-11","'3140H5MU2'","MBS","UMBS MORTPASS 3.5% 01/48","30yr",,,,,"686817.31",,,,,,""
"2021-08-11","'3132JMYP8'","MBS","FHLMCGLD 3% 07/43","30yr",,,,,"686712.64",,,,,,""
"2021-08-11","'3138XZNG2'","MBS","UMBS MORTPASS 3% 07/29","15yr",,,,,"686611.16",,,,,,""
"2021-08-11","'3138EJPG7'","MBS","UMBS MORTPASS 3% 08/27","15yr",,,,,"686382.14",,,,,,""
"2021-08-11","'3140KDXR6'","MBS","UMBS MORTPASS 3% 05/50","30yr",,,,,"686062.1",,,,,,""
"2021-08-11","'3140QFMW6'","MBS","UMBS MORTPASS 2.5% 10/50","30yr",,,,,"685954.26",,,,,,""
"2021-08-11","'3138W5Z84'","MBS","UMBS MORTPASS 3% 03/28","15yr",,,,,"685872.36",,,,,,""
"2021-08-11","'3133G6B38'","MBS","UMBS MORTPASS 3% 06/29","15yr",,,,,"685832.6",,,,,,""
"2021-08-11","'3140X8TA5'","MBS","UMBS MORTPASS 2% 12/50","30yr",,,,,"685769.45",,,,,,""
"2021-08-11","'3138XBSK1'","MBS","UMBS MORTPASS 3% 04/29","15yr",,,,,"685629.02",,,,,,""
"2021-08-11","'3138ASS45'","MBS","UMBS MORTPASS 3.5% 09/26","15yr",,,,,"685482.7",,,,,,""
"2021-08-11","'31307G2F5'","MBS","FHLMCGLD 3.5% 04/29","15yr",,,,,"685224.98",,,,,,""
"2021-08-11","'3138WTYA8'","MBS","UMBS MORTPASS 2.5% 06/28","15yr",,,,,"685030.18",,,,,,""
"2021-08-11","'36179HWV9'","MBS","GNMA I MORTPASS 3% 01/43","30yr",,,,,"684690.61",,,,,,""
"2021-08-11","'31307CH76'","MBS","FHLMCGLD 2% 05/28","15yr",,,,,"684457.35",,,,,,""
"2021-08-11","'36177TKV8'","MBS","GNMA I 3.5% 05/42","30yr",,,,,"684436.7",,,,,,""
"2021-08-11","'3132A7HR5'","MBS","UMBS MORTPASS 2.5% 06/27","15yr",,,,,"684248.85",,,,,,""
"2021-08-11","'3140K3X31'","MBS","UMBS MORTPASS 2.5% 11/34","15yr",,,,,"684053.12",,,,,,""
"2021-08-11","'3138E8RL8'","MBS","UMBS MORTPASS 4% 02/42","30yr",,,,,"683653.2",,,,,,""
"2021-08-11","'31418DGD8'","MBS","UMBS MORTPASS 2.5% 10/29","Other",,,,,"683535.53",,,,,,""
"2021-08-11","'3140H7HA8'","MBS","UMBS MORTPASS 3% 01/33","15yr",,,,,"683527.3",,,,,,""
"2021-08-11","'31418DLD2'","MBS","UMBS MORTPASS 2% 12/29","Other",,,,,"682940.12",,,,,,""
"2021-08-11","'3138X2NJ9'","MBS","UMBS MORTPASS 2.5% 07/28","15yr",,,,,"682936.76",,,,,,""
"2021-08-11","'3132QNTE9'","MBS","FHLMCGLD 3% 04/45","30yr",,,,,"682897.49",,,,,,""
"2021-08-11","'3138YES81'","MBS","UMBS MORTPASS 3.5% 12/44","30yr",,,,,"682830.58",,,,,,""
"2021-08-11","'3128M9UZ3'","MBS","FHLMCGLD 4% 10/43","30yr",,,,,"682556.14",,,,,,""
"2021-08-11","'3132A7RQ6'","MBS","UMBS MORTPASS 2.5% 06/28","15yr",,,,,"682509.85",,,,,,""
"2021-08-11","'3620AAV88'","MBS","GNMA I 4.5% 09/39","30yr",,,,,"682192.59",,,,,,""
"2021-08-11","'3140LTDG6'","MBS","UMBS MORTPASS 2% 07/51","30yr",,,,,"682118",,,,,,""
"2021-08-11","'3138ECPP2'","MBS","UMBS MORTPASS 3% 03/27","15yr",,,,,"682088.72",,,,,,""
"2021-08-11","'3131YBP28'","MBS","UMBS MORTPASS 3.5% 04/49","30yr",,,,,"682050.86",,,,,,""
"2021-08-11","'31329PMG5'","MBS","UMBS MORTPASS 4.5% 10/48","30yr",,,,,"681966.78",,,,,,""
"2021-08-11","'3138YHVY3'","MBS","UMBS MORTPASS 2.5% 05/30","15yr",,,,,"681935.03",,,,,,""
"2021-08-11","'3133A4TF3'","MBS","UMBS MORTPASS 3% 04/50","30yr",,,,,"681931.78",,,,,,""
"2021-08-11","'36178DBU4'","MBS","GNMA I 3.5% 07/42","30yr",,,,,"681801.09",,,,,,""
"2021-08-11","'3138WJZC5'","MBS","UMBS MORTPASS 2% 02/27","Other",,,,,"681787.4",,,,,,""
"2021-08-11","'3140FAUL4'","MBS","UMBS MORTPASS 3.5% 09/46","30yr",,,,,"680814.08",,,,,,""
"2021-08-11","'31307DW93'","MBS","FHLMCGLD 3% 08/28","15yr",,,,,"680527.99",,,,,,""
"2021-08-11","'31418DDQ2'","MBS","UMBS MORTPASS 3% 06/29","Other",,,,,"680523.61",,,,,,""
"2021-08-11","'3133HMA66'","MBS","UMBS MORTPASS 3.5% 08/29","Other",,,,,"680434.71",,,,,,""
"2021-08-11","'31329K3F9'","MBS","UMBS MORTPASS 3% 12/25","15yr",,,,,"679554.53",,,,,,""
"2021-08-11","'3138LTK49'","MBS","UMBS MORTPASS 2.5% 05/27","15yr",,,,,"679120.41",,,,,,""
"2021-08-11","'3138EBRE7'","MBS","UMBS MORTPASS 3% 03/27","15yr",,,,,"678965.51",,,,,,""
"2021-08-11","'3140FDYU4'","MBS","UMBS MORTPASS 3% 08/31","15yr",,,,,"678929.11",,,,,,""
"2021-08-11","'3138XRGR4'","MBS","UMBS MORTPASS 3% 04/29","15yr",,,,,"678264.81",,,,,,""
"2021-08-11","'3132KFUC4'","MBS","FHLMCGLD 2.5% 01/32","15yr",,,,,"678108.21",,,,,,""
"2021-08-11","'3138XYRT3'","MBS","UMBS MORTPASS 3% 08/29","15yr",,,,,"678054.88",,,,,,""
"2021-08-11","'3132JMYV5'","MBS","FHLMCGLD 3.5% 08/43","30yr",,,,,"677810.31",,,,,,""
"2021-08-11","'3138EJKH0'","MBS","UMBS MORTPASS 3% 06/27","15yr",,,,,"677700.82",,,,,,""
"2021-08-11","'3132J6EU4'","MBS","FHLMCGLD 3% 02/43","30yr",,,,,"677566.59",,,,,,""
"2021-08-11","'36296HMS5'","MBS","GNMA I 4.5% 08/39","30yr",,,,,"677206.88",,,,,,""
"2021-08-11","'3140Q9Q55'","MBS","UMBS MORTPASS 3.5% 08/33","15yr",,,,,"677182.28",,,,,,""
"2021-08-11","'3140HJL33'","MBS","UMBS MORTPASS 3% 03/33","15yr",,,,,"676866.69",,,,,,""
"2021-08-11","'3138MCXB5'","MBS","UMBS MORTPASS 2% 10/27","15yr",,,,,"676762.33",,,,,,""
"2021-08-11","'3132A9TB3'","MBS","UMBS MORTPASS 3% 03/32","15yr",,,,,"676711.9",,,,,,""
"2021-08-11","'3138EPTZ7'","MBS","UMBS MORTPASS 3% 06/30","15yr",,,,,"676515.38",,,,,,""
"2021-08-11","'3138WDM73'","MBS","UMBS MORTPASS 3% 11/29","15yr",,,,,"676449.57",,,,,,""
"2021-08-11","'3132A7MD0'","MBS","UMBS MORTPASS 2.5% 02/28","15yr",,,,,"676086.67",,,,,,""
"2021-08-11","'3133G7G98'","MBS","UMBS MORTPASS 2% 12/34","15yr",,,,,"676057.76",,,,,,""
"2021-08-11","'3138NWUJ6'","MBS","UMBS MORTPASS 2.5% 01/43","30yr",,,,,"675625.38",,,,,,""
"2021-08-11","'31307S6X6'","MBS","FHLMCGLD 2.5% 02/32","15yr",,,,,"675598.47",,,,,,""
"2021-08-11","'31307HJ32'","MBS","FHLMCGLD 3.5% 06/29","15yr",,,,,"675568.12",,,,,,""
"2021-08-11","'3138ETEG7'","MBS","UMBS MORTPASS 2.5% 04/31","15yr",,,,,"675531.23",,,,,,""
"2021-08-11","'31307NPX6'","MBS","FHLMCGLD 2.5% 07/30","15yr",,,,,"675441.62",,,,,,""
"2021-08-11","'3138XFYW9'","MBS","UMBS MORTPASS 3% 11/28","15yr",,,,,"675343.27",,,,,,""
"2021-08-11","'3133D3BX2'","MBS","UMBS MORTPASS 3% 08/39","Other",,,,,"675157.85",,,,,,""
"2021-08-11","'3138Y4LU1'","MBS","UMBS MORTPASS 3% 09/29","15yr",,,,,"675007.62",,,,,,""
"2021-08-11","'3138WVS93'","MBS","UMBS MORTPASS 3% 06/28","15yr",,,,,"674940.84",,,,,,""
"2021-08-11","'3140HFKV0'","MBS","UMBS MORTPASS 3% 02/40","Other",,,,,"674927.56",,,,,,""
"2021-08-11","'36178QGX4'","MBS","GNMA I MORTPASS 3% 11/42","30yr",,,,,"674732.28",,,,,,""
"2021-08-11","'31418BGY6'","MBS","UMBS MORTPASS 3% 07/44","30yr",,,,,"674706.99",,,,,,""
"2021-08-11","'3140L0AZ0'","MBS","UMBS MORTPASS 2% 01/51","30yr",,,,,"674290.75",,,,,,""
"2021-08-11","'3138W9F88'","MBS","UMBS MORTPASS 2.5% 08/28","15yr",,,,,"674243.96",,,,,,""
"2021-08-11","'3138ATDL1'","MBS","UMBS MORTPASS 2.5% 03/27","15yr",,,,,"674018.19",,,,,,""
"2021-08-11","'3138EEQP7'","MBS","UMBS MORTPASS 2.5% 03/27","15yr",,,,,"673880.1",,,,,,""
"2021-08-11","'3140HHTN5'","MBS","UMBS MORTPASS 3.5% 04/33","15yr",,,,,"673789.84",,,,,,""
"2021-08-11","'3138NX6U6'","MBS","UMBS MORTPASS 3.5% 02/43","30yr",,,,,"673597.77",,,,,,""
"2021-08-11","'3138WKK20'","MBS","UMBS MORTPASS 3.5% 03/47","30yr",,,,,"673404.78",,,,,,""
"2021-08-11","'3140J8QW6'","MBS","UMBS MORTPASS 3% 04/38","Other",,,,,"673290.8",,,,,,""
"2021-08-11","'3132XYTY3'","MBS","FHLMCGLD 3.5% 05/48","30yr",,,,,"673192.34",,,,,,""
"2021-08-11","'36297KFQ9'","MBS","GNMA I MORTPASS 5% 10/39","30yr",,,,,"673147.88",,,,,,""
"2021-08-11","'3132A7NE7'","MBS","UMBS MORTPASS 2.5% 04/28","15yr",,,,,"673144.79",,,,,,""
"2021-08-11","'3140HP2F3'","MBS","UMBS MORTPASS 4% 09/48","30yr",,,,,"673028.53",,,,,,""
"2021-08-11","'36179EHS0'","MBS","GNMA I MORTPASS 3% 01/43","30yr",,,,,"672997.61",,,,,,""
"2021-08-11","'3138WAP27'","MBS","UMBS MORTPASS 2% 12/23","Other",,,,,"672662.65",,,,,,""
"2021-08-11","'3132J8G38'","MBS","FHLMCGLD 3.5% 04/43","30yr",,,,,"672606.28",,,,,,""
"2021-08-11","'31329PHT3'","MBS","UMBS MORTPASS 4% 09/48","30yr",,,,,"672603.52",,,,,,""
"2021-08-11","'31307HDX2'","MBS","FHLMCGLD 3% 05/29","15yr",,,,,"672587.35",,,,,,""
"2021-08-11","'36178D2N0'","MBS","GNMA I MORTPASS 3% 03/43","30yr",,,,,"672443",,,,,,""
"2021-08-11","'3140FFBL4'","MBS","UMBS MORTPASS 3% 09/46","30yr",,,,,"672254.8",,,,,,""
"2021-08-11","'3620AQKY8'","MBS","GNMA I MORTPASS 5% 03/40","30yr",,,,,"672230.9",,,,,,""
"2021-08-11","'31329NZQ4'","MBS","UMBS MORTPASS 4% 01/48","30yr",,,,,"671815.67",,,,,,""
"2021-08-11","'36297GNB2'","MBS","GNMA I MORTPASS 5% 01/40","30yr",,,,,"671532",,,,,,""
"2021-08-11","'36176W7K1'","MBS","GNMA I MORTPASS 4% 01/42","30yr",,,,,"671377.22",,,,,,""
"2021-08-11","'3140X9NJ0'","MBS","UMBS MORTPASS 1.5% 12/35","15yr",,,,,"671072.03",,,,,,""
"2021-08-11","'3138MQP31'","MBS","UMBS MORTPASS 2.5% 12/42","30yr",,,,,"671036.74",,,,,,""
"2021-08-11","'36177YC53'","MBS","GNMA I 3.5% 06/42","30yr",,,,,"670960.1",,,,,,""
"2021-08-11","'31418B3V6'","MBS","UMBS MORTPASS 2.5% 05/31","15yr",,,,,"670934.8",,,,,,""
"2021-08-11","'36297BES6'","MBS","GNMA I 4.5% 07/39","30yr",,,,,"670688.85",,,,,,""
"2021-08-11","'3138LSDR8'","MBS","UMBS MORTPASS 3% 04/27","15yr",,,,,"670549.52",,,,,,""
"2021-08-11","'3140H7K63'","MBS","UMBS MORTPASS 3.5% 04/33","15yr",,,,,"670493.69",,,,,,""
"2021-08-11","'3128MMVT7'","MBS","FHLMCGLD 3.5% 11/31","15yr",,,,,"670377.51",,,,,,""
"2021-08-11","'3131XBFF1'","MBS","UMBS MORTPASS 2.5% 05/25","Other",,,,,"670309.06",,,,,,""
"2021-08-11","'3132A9L54'","MBS","UMBS MORTPASS 3% 11/26","15yr",,,,,"670240.3",,,,,,""
"2021-08-11","'3620ABC61'","MBS","GNMA I 4.5% 12/39","30yr",,,,,"670140.96",,,,,,""
"2021-08-11","'3140KKCG7'","MBS","UMBS MORTPASS 2% 07/35","15yr",,,,,"669921.4",,,,,,""
"2021-08-11","'3138MPFX8'","MBS","UMBS MORTPASS 2.5% 04/28","15yr",,,,,"669905.06",,,,,,""
"2021-08-11","'3128MMKJ1'","MBS","FHLMCGLD 4.5% 02/24","15yr",,,,,"669872.65",,,,,,""
"2021-08-11","'3140H4J96'","MBS","UMBS MORTPASS 2.5% 12/32","15yr",,,,,"669659.64",,,,,,""
"2021-08-11","'36179C7F3'","MBS","GNMA I MORTPASS 3% 01/43","30yr",,,,,"669578.74",,,,,,""
"2021-08-11","'3131Y15E6'","MBS","UMBS MORTPASS 4% 07/48","30yr",,,,,"669488.5",,,,,,""
"2021-08-11","'31307NAA2'","MBS","FHLMCGLD 3% 06/30","15yr",,,,,"669416.77",,,,,,""
"2021-08-11","'31339SA47'","MBS","UMBS MORTPASS 3% 09/49","30yr",,,,,"669270.8",,,,,,""
"2021-08-11","'31339UD80'","MBS","UMBS MORTPASS 2.5% 10/49","30yr",,,,,"669246.23",,,,,,""
"2021-08-11","'36297F2N1'","MBS","GNMA I 4.5% 11/39","30yr",,,,,"669150.24",,,,,,""
"2021-08-11","'3140KCCE0'","MBS","UMBS MORTPASS 2.5% 03/50","30yr",,,,,"669138.24",,,,,,""
"2021-08-11","'3140JJGJ2'","MBS","UMBS MORTPASS 4.5% 12/48","30yr",,,,,"668994.84",,,,,,""
"2021-08-11","'3132M5ZR6'","MBS","FHLMCGLD 4% 04/44","30yr",,,,,"668791.4",,,,,,""
"2021-08-11","'3140K33D2'","MBS","UMBS MORTPASS 2.5% 11/34","15yr",,,,,"668782.95",,,,,,""
"2021-08-11","'3138W4XS5'","MBS","UMBS MORTPASS 2.5% 02/28","15yr",,,,,"668708",,,,,,""
"2021-08-11","'36179EKD9'","MBS","GNMA I MORTPASS 3% 03/43","30yr",,,,,"668297.82",,,,,,""
"2021-08-11","'3140JYKC9'","MBS","UMBS MORTPASS 3% 08/49","30yr",,,,,"668291.35",,,,,,""
"2021-08-11","'3138XYG32'","MBS","UMBS MORTPASS 2.5% 09/29","15yr",,,,,"668118.42",,,,,,""
"2021-08-11","'3138MBAH9'","MBS","UMBS MORTPASS 3% 10/27","15yr",,,,,"668116.99",,,,,,""
"2021-08-11","'3140F1UR1'","MBS","UMBS MORTPASS 3% 04/31","15yr",,,,,"667912.87",,,,,,""
"2021-08-11","'3140H5MT5'","MBS","UMBS MORTPASS 3% 01/33","15yr",,,,,"667603.84",,,,,,""
"2021-08-11","'3140JLQA5'","MBS","UMBS MORTPASS 4% 12/48","30yr",,,,,"667461.17",,,,,,""
"2021-08-11","'3138YMPX1'","MBS","UMBS MORTPASS 3% 05/45","30yr",,,,,"666927.24",,,,,,""
"2021-08-11","'36296LND8'","MBS","GNMA I MORTPASS 4% 04/39","30yr",,,,,"666836.31",,,,,,""
"2021-08-11","'31307SSN4'","MBS","FHLMCGLD 2.5% 12/31","15yr",,,,,"666159.55",,,,,,""
"2021-08-11","'3138WE5N5'","MBS","UMBS MORTPASS 2.5% 02/30","15yr",,,,,"666040.3",,,,,,""
"2021-08-11","'3138XTCV5'","MBS","UMBS MORTPASS 4% 04/44","30yr",,,,,"665970.99",,,,,,""
"2021-08-11","'3128M8U93'","MBS","FHLMCGLD 3.5% 01/41","30yr",,,,,"665743.5",,,,,,""
"2021-08-11","'3140F8P35'","MBS","UMBS MORTPASS 3% 08/31","15yr",,,,,"665559.6",,,,,,""
"2021-08-11","'3132J7VA7'","MBS","FHLMCGLD 3.5% 03/43","30yr",,,,,"665526.67",,,,,,""
"2021-08-11","'3138WTXR2'","MBS","UMBS MORTPASS 3% 05/43","30yr",,,,,"665483.68",,,,,,""
"2021-08-11","'3140JAPP7'","MBS","UMBS MORTPASS 3% 09/27","Other",,,,,"665407.23",,,,,,""
"2021-08-11","'31417BRP4'","MBS","UMBS MORTPASS 2.5% 04/27","15yr",,,,,"665199.71",,,,,,""
"2021-08-11","'3138WMR86'","MBS","UMBS MORTPASS 3.5% 03/43","30yr",,,,,"664874.7",,,,,,""
"2021-08-11","'3138E2E50'","MBS","UMBS MORTPASS 3% 12/26","15yr",,,,,"664737.2",,,,,,""
"2021-08-11","'3140F14T6'","MBS","UMBS MORTPASS 3% 05/31","15yr",,,,,"664466.7",,,,,,""
"2021-08-11","'36179MVT4'","MBS","GNMA II MORTPASS 4% 12/42","30yr",,,,,"663784.13",,,,,,""
"2021-08-11","'3131X85V4'","MBS","UMBS MORTPASS 3% 04/28","15yr",,,,,"663679.15",,,,,,""
"2021-08-11","'3131YCQN9'","MBS","UMBS MORTPASS 3% 05/49","30yr",,,,,"663657.27",,,,,,""
"2021-08-11","'3140E6X80'","MBS","UMBS MORTPASS 3.5% 10/45","30yr",,,,,"663558.68",,,,,,""
"2021-08-11","'3620ADTW2'","MBS","GNMA I MORTPASS 5% 11/39","30yr",,,,,"663546.19",,,,,,""
"2021-08-11","'3140KVVB3'","MBS","UMBS MORTPASS 2% 12/50","30yr",,,,,"663432.63",,,,,,""
"2021-08-11","'3138E66D3'","MBS","UMBS MORTPASS 3% 02/27","15yr",,,,,"663256.77",,,,,,""
"2021-08-11","'3131X7DW5'","MBS","UMBS MORTPASS 3% 12/26","15yr",,,,,"662645.18",,,,,,""
"2021-08-11","'3138WBWT8'","MBS","UMBS MORTPASS 3% 05/29","15yr",,,,,"662562.15",,,,,,""
"2021-08-11","'3138ETSU1'","MBS","UMBS MORTPASS 3% 05/31","15yr",,,,,"662516.84",,,,,,""
"2021-08-11","'3620C4L65'","MBS","GNMA I 3.5% 01/42","30yr",,,,,"662452.04",,,,,,""
"2021-08-11","'3140GUKL0'","MBS","UMBS MORTPASS 3% 10/32","15yr",,,,,"662416.43",,,,,,""
"2021-08-11","'31418CFJ8'","MBS","UMBS MORTPASS 2.5% 01/32","15yr",,,,,"662329.61",,,,,,""
"2021-08-11","'36181BKP4'","MBS","GNMA I 3.5% 06/43","30yr",,,,,"662300.86",,,,,,""
"2021-08-11","'36179HUP4'","MBS","GNMA I MORTPASS 3% 12/42","30yr",,,,,"662222.34",,,,,,""
"2021-08-11","'3138Y4WG0'","MBS","UMBS MORTPASS 3% 04/45","30yr",,,,,"662110.12",,,,,,""
"2021-08-11","'3140JUUK8'","MBS","UMBS MORTPASS 3.5% 07/49","30yr",,,,,"661977.25",,,,,,""
"2021-08-11","'3132QMJZ5'","MBS","FHLMCGLD 3% 02/45","30yr",,,,,"661312.08",,,,,,""
"2021-08-11","'31417EHS3'","MBS","UMBS MORTPASS 2.5% 12/22","Other",,,,,"661272.59",,,,,,""
"2021-08-11","'3140JN5X4'","MBS","UMBS MORTPASS 4% 04/49","30yr",,,,,"661228.14",,,,,,""
"2021-08-11","'3138YWKG1'","MBS","UMBS MORTPASS 3% 10/30","15yr",,,,,"660943.82",,,,,,""
"2021-08-11","'3138WMKT7'","MBS","UMBS MORTPASS 3% 03/43","30yr",,,,,"660909.19",,,,,,""
"2021-08-11","'3133KGTR9'","MBS","UMBS MORTPASS 3% 10/49","30yr",,,,,"660877.1",,,,,,""
"2021-08-11","'3132M9KK9'","MBS","FHLMCGLD 4% 09/44","30yr",,,,,"660487.55",,,,,,""
"2021-08-11","'31417BB55'","MBS","UMBS MORTPASS 2.5% 03/27","15yr",,,,,"660486.84",,,,,,""
"2021-08-11","'3140HKLA4'","MBS","UMBS MORTPASS 3.5% 05/33","15yr",,,,,"660358.91",,,,,,""
"2021-08-11","'36180HTK4'","MBS","GNMA I MORTPASS 3% 03/43","30yr",,,,,"660189.42",,,,,,""
"2021-08-11","'3138W9F70'","MBS","UMBS MORTPASS 2.5% 08/28","15yr",,,,,"660147.07",,,,,,""
"2021-08-11","'31417LT62'","MBS","UMBS MORTPASS 5% 12/38","30yr",,,,,"660143.26",,,,,,""
"2021-08-11","'31307GUE7'","MBS","FHLMCGLD 3.5% 03/29","15yr",,,,,"659668.96",,,,,,""
"2021-08-11","'3140HAP46'","MBS","UMBS MORTPASS 3% 02/33","15yr",,,,,"659488.91",,,,,,""
"2021-08-11","'31307RUT0'","MBS","FHLMCGLD 3% 08/31","15yr",,,,,"659331.36",,,,,,""
"2021-08-11","'31307GXL8'","MBS","FHLMCGLD 3.5% 04/29","15yr",,,,,"659296.59",,,,,,""
"2021-08-11","'3138YJEZ5'","MBS","UMBS MORTPASS 3% 06/30","15yr",,,,,"659233.38",,,,,,""
"2021-08-11","'3140E5G24'","MBS","UMBS MORTPASS 3% 11/30","15yr",,,,,"658525.81",,,,,,""
"2021-08-11","'3138WUBF9'","MBS","UMBS MORTPASS 3.5% 06/43","30yr",,,,,"658382.15",,,,,,""
"2021-08-11","'3138MKMF0'","MBS","UMBS MORTPASS 2.5% 06/28","15yr",,,,,"658335.1",,,,,,""
"2021-08-11","'31415YLM9'","MBS","UMBS MORTPASS 4% 07/24","15yr",,,,,"658274.33",,,,,,""
"2021-08-11","'3131X7J25'","MBS","UMBS MORTPASS 3% 02/27","15yr",,,,,"658064.27",,,,,,""
"2021-08-11","'3138XMHF0'","MBS","UMBS MORTPASS 3.5% 03/29","15yr",,,,,"657850.64",,,,,,""
"2021-08-11","'3140HBRY6'","MBS","UMBS MORTPASS 3% 02/48","30yr",,,,,"657642.35",,,,,,""
"2021-08-11","'3133ABWF3'","MBS","UMBS MORTPASS 2% 11/50","30yr",,,,,"657639.44",,,,,,""
"2021-08-11","'3131XBXS3'","MBS","UMBS MORTPASS 2.5% 01/31","15yr",,,,,"657419.3",,,,,,""
"2021-08-11","'3138M94C2'","MBS","UMBS MORTPASS 2.5% 09/27","15yr",,,,,"657407.47",,,,,,""
"2021-08-11","'36176LZY4'","MBS","GNMA I 3.5% 02/42","30yr",,,,,"657376.18",,,,,,""
"2021-08-11","'3138YNU54'","MBS","UMBS MORTPASS 3% 06/45","30yr",,,,,"657171.42",,,,,,""
"2021-08-11","'31307NXJ8'","MBS","FHLMCGLD 2.5% 08/30","15yr",,,,,"656686.62",,,,,,""
"2021-08-11","'3138W0TQ2'","MBS","UMBS MORTPASS 3% 01/43","30yr",,,,,"656681.03",,,,,,""
"2021-08-11","'3138EE3B3'","MBS","UMBS MORTPASS 3.5% 04/42","30yr",,,,,"656426.84",,,,,,""
"2021-08-11","'36230UGE3'","MBS","GNMA I MORTPASS 4% 02/41","30yr",,,,,"656406.11",,,,,,""
"2021-08-11","'3140HHEV3'","MBS","UMBS MORTPASS 3% 04/33","15yr",,,,,"656372.47",,,,,,""
"2021-08-11","'3132MATU5'","MBS","FHLMCGLD 3.5% 11/44","30yr",,,,,"656206.84",,,,,,""
"2021-08-11","'3132J64D3'","MBS","FHLMCGLD 3% 02/43","30yr",,,,,"655576.85",,,,,,""
"2021-08-11","'3140HKUS5'","MBS","UMBS MORTPASS 3.5% 05/33","15yr",,,,,"655480.26",,,,,,""
"2021-08-11","'3132JMME6'","MBS","FHLMCGLD 3% 08/43","30yr",,,,,"655260.55",,,,,,""
"2021-08-11","'36297K2F7'","MBS","GNMA I 4.5% 07/39","30yr",,,,,"655155.35",,,,,,""
"2021-08-11","'31417GYS9'","MBS","UMBS MORTPASS 2% 06/28","15yr",,,,,"655155.15",,,,,,""
"2021-08-11","'3140E9H58'","MBS","UMBS MORTPASS 3.5% 01/31","15yr",,,,,"654855.35",,,,,,""
"2021-08-11","'3131X8XC5'","MBS","UMBS MORTPASS 2.5% 03/28","15yr",,,,,"654694.51",,,,,,""
"2021-08-11","'3131Y0H62'","MBS","UMBS MORTPASS 3.5% 02/48","30yr",,,,,"654688.41",,,,,,""
"2021-08-11","'31307UP36'","MBS","FHLMCGLD 2.5% 09/32","15yr",,,,,"654647.56",,,,,,""
"2021-08-11","'36295CLJ8'","MBS","GNMA I 3.5% 06/42","30yr",,,,,"654307.12",,,,,,""
"2021-08-11","'3138XBZY3'","MBS","UMBS MORTPASS 3% 10/28","15yr",,,,,"654288.5",,,,,,""
"2021-08-11","'3138WEML0'","MBS","UMBS MORTPASS 2.5% 04/30","15yr",,,,,"653853",,,,,,""
"2021-08-11","'31307SNK5'","MBS","FHLMCGLD 3% 11/31","15yr",,,,,"653510.42",,,,,,""
"2021-08-11","'3132A9ML8'","MBS","UMBS MORTPASS 3% 05/27","15yr",,,,,"653283.4",,,,,,""
"2021-08-11","'31329MF70'","MBS","UMBS MORTPASS 2.5% 05/30","15yr",,,,,"653239.56",,,,,,""
"2021-08-11","'31339SMX0'","MBS","UMBS MORTPASS 3.5% 09/49","30yr",,,,,"652603.32",,,,,,""
"2021-08-11","'3138YGPE6'","MBS","UMBS MORTPASS 3% 04/45","30yr",,,,,"652238.13",,,,,,""
"2021-08-11","'31307UXG8'","MBS","FHLMCGLD 3.5% 11/32","15yr",,,,,"652070.28",,,,,,""
"2021-08-11","'3138X5NR4'","MBS","UMBS MORTPASS 3% 09/28","15yr",,,,,"651882.4",,,,,,""
"2021-08-11","'3138XSLB1'","MBS","UMBS MORTPASS 4% 04/44","30yr",,,,,"651694.9",,,,,,""
"2021-08-11","'3138E2P25'","MBS","UMBS MORTPASS 3% 12/31","Other",,,,,"651661.1",,,,,,""
"2021-08-11","'31307UDJ4'","MBS","FHLMCGLD 2.5% 07/32","15yr",,,,,"651551.21",,,,,,""
"2021-08-11","'31417FML9'","MBS","UMBS MORTPASS 2% 01/43","30yr",,,,,"651534.41",,,,,,""
"2021-08-11","'31329KUA0'","MBS","UMBS MORTPASS 3% 05/35","Other",,,,,"651254.99",,,,,,""
"2021-08-11","'3140JQLY7'","MBS","UMBS MORTPASS 3% 03/34","15yr",,,,,"651224.19",,,,,,""
"2021-08-11","'3138W2XC4'","MBS","UMBS MORTPASS 3% 06/28","15yr",,,,,"651188.36",,,,,,""
"2021-08-11","'3140QDQK3'","MBS","UMBS MORTPASS 3% 10/49","30yr",,,,,"650871.14",,,,,,""
"2021-08-11","'3133A93V5'","MBS","UMBS MORTPASS 2.5% 09/50","30yr",,,,,"650855.51",,,,,,""
"2021-08-11","'3140HJQ20'","MBS","UMBS MORTPASS 3% 05/33","15yr",,,,,"650703.32",,,,,,""
"2021-08-11","'3140EU5Q8'","MBS","UMBS MORTPASS 3% 04/31","15yr",,,,,"650461.74",,,,,,""
"2021-08-11","'36178QHK1'","MBS","GNMA I MORTPASS 3% 12/42","30yr",,,,,"650440.39",,,,,,""
"2021-08-11","'3138ERKX7'","MBS","UMBS MORTPASS 3.5% 10/31","15yr",,,,,"650353.88",,,,,,""
"2021-08-11","'31307L6A1'","MBS","FHLMCGLD 2.5% 03/30","15yr",,,,,"649928.09",,,,,,""
"2021-08-11","'3140H7JW8'","MBS","UMBS MORTPASS 3.5% 01/33","15yr",,,,,"649828.77",,,,,,""
"2021-08-11","'3138WVA92'","MBS","UMBS MORTPASS 2.5% 07/28","15yr",,,,,"649680.94",,,,,,""
"2021-08-11","'3140F9LX1'","MBS","UMBS MORTPASS 4.5% 05/47","30yr",,,,,"649678.41",,,,,,""
"2021-08-11","'3140HPVY0'","MBS","UMBS MORTPASS 4% 10/48","30yr",,,,,"649507.39",,,,,,""
"2021-08-11","'3138W2LC7'","MBS","UMBS MORTPASS 3% 01/28","15yr",,,,,"649458.1",,,,,,""
"2021-08-11","'3138YSPM2'","MBS","UMBS MORTPASS 3% 05/45","30yr",,,,,"649282.7",,,,,,""
"2021-08-11","'31307SE58'","MBS","FHLMCGLD 2.5% 10/31","15yr",,,,,"649143.38",,,,,,""
"2021-08-11","'36297HBQ0'","MBS","GNMA I 4.5% 08/39","30yr",,,,,"648971.75",,,,,,""
"2021-08-11","'31418AYX0'","MBS","UMBS MORTPASS 3% 10/23","Other",,,,,"648904.15",,,,,,""
"2021-08-11","'31417BG68'","MBS","UMBS MORTPASS 2.5% 03/27","15yr",,,,,"648709.07",,,,,,""
"2021-08-11","'3131XXVH1'","MBS","UMBS MORTPASS 4.5% 09/47","30yr",,,,,"648632.58",,,,,,""
"2021-08-11","'3140EWRM9'","MBS","UMBS MORTPASS 3.5% 06/31","15yr",,,,,"648514.68",,,,,,""
"2021-08-11","'31412U5F3'","MBS","UMBS MORTPASS 6% 08/39","30yr",,,,,"648511.59",,,,,,""
"2021-08-11","'36180HUG1'","MBS","GNMA I MORTPASS 3% 04/43","30yr",,,,,"648457.6",,,,,,""
"2021-08-11","'36230TAK8'","MBS","GNMA I MORTPASS 3% 11/42","30yr",,,,,"648441.36",,,,,,""
"2021-08-11","'3138XUCE0'","MBS","UMBS MORTPASS 3% 06/29","15yr",,,,,"648322.21",,,,,,""
"2021-08-11","'31418DNJ7'","MBS","UMBS MORTPASS 3.5% 04/50","30yr",,,,,"647753.04",,,,,,""
"2021-08-11","'3133A3NV6'","MBS","UMBS MORTPASS 3% 03/45","30yr",,,,,"647619.91",,,,,,""
"2021-08-11","'3132QLZQ9'","MBS","FHLMCGLD 3.5% 01/45","30yr",,,,,"647195.83",,,,,,""
"2021-08-11","'3138EBHT5'","MBS","UMBS MORTPASS 3.5% 03/42","30yr",,,,,"647139.17",,,,,,""
"2021-08-11","'3620AAXV5'","MBS","GNMA I MORTPASS 5% 10/39","30yr",,,,,"647006.34",,,,,,""
"2021-08-11","'3140K2TG9'","MBS","UMBS MORTPASS 3% 10/49","30yr",,,,,"646911.75",,,,,,""
"2021-08-11","'3138LU6Y6'","MBS","UMBS MORTPASS 3% 05/27","15yr",,,,,"646887.11",,,,,,""
"2021-08-11","'3138YRMH8'","MBS","UMBS MORTPASS 3% 04/45","30yr",,,,,"646856.99",,,,,,""
"2021-08-11","'31368HM59'","MBS","UMBS MORTPASS 6.5% 07/37","30yr",,,,,"646802.17",,,,,,""
"2021-08-11","'3138MJLR8'","MBS","UMBS MORTPASS 2.5% 05/28","15yr",,,,,"646740.27",,,,,,""
"2021-08-11","'31307SUC5'","MBS","FHLMCGLD 2.5% 12/31","15yr",,,,,"646627.62",,,,,,""
"2021-08-11","'3140JAEH7'","MBS","UMBS MORTPASS 3% 01/29","Other",,,,,"646493.74",,,,,,""
"2021-08-11","'31307M5G7'","MBS","FHLMCGLD 3% 05/30","15yr",,,,,"646474.84",,,,,,""
"2021-08-11","'3132QUUM3'","MBS","FHLMCGLD 3% 12/45","30yr",,,,,"646078.42",,,,,,""
"2021-08-11","'31307UN87'","MBS","FHLMCGLD 3% 09/32","15yr",,,,,"645826.7",,,,,,""
"2021-08-11","'3132HNYN3'","MBS","FHLMCGLD 3% 11/42","30yr",,,,,"645797.21",,,,,,""
"2021-08-11","'31329MCA6'","MBS","UMBS MORTPASS 3% 09/28","15yr",,,,,"644712.38",,,,,,""
"2021-08-11","'36297BA35'","MBS","GNMA I 4.5% 05/39","30yr",,,,,"644712.3",,,,,,""
"2021-08-11","'3131X8GV2'","MBS","UMBS MORTPASS 2.5% 12/27","15yr",,,,,"644438.02",,,,,,""
"2021-08-11","'3128MJYA2'","MBS","FHLMCGLD 4.5% 04/46","30yr",,,,,"644251.28",,,,,,""
"2021-08-11","'31307CBY3'","MBS","FHLMCGLD 2% 05/28","15yr",,,,,"644227.3",,,,,,""
"2021-08-11","'3132KEV93'","MBS","FHLMCGLD 3% 09/29","15yr",,,,,"644159.95",,,,,,""
"2021-08-11","'3138WHLA8'","MBS","UMBS MORTPASS 3% 07/46","30yr",,,,,"643960.68",,,,,,""
"2021-08-11","'3138W1VZ7'","MBS","UMBS MORTPASS 3.5% 02/43","30yr",,,,,"643898.21",,,,,,""
"2021-08-11","'3132D54B5'","MBS","UMBS MORTPASS 2% 09/34","15yr",,,,,"643896.91",,,,,,""
"2021-08-11","'3140J6C39'","MBS","UMBS MORTPASS 2.5% 09/27","Other",,,,,"643875.2",,,,,,""
"2021-08-11","'3620A8KB8'","MBS","GNMA I MORTPASS 5% 09/39","30yr",,,,,"643861.7",,,,,,""
"2021-08-11","'3140HA5U0'","MBS","UMBS MORTPASS 3.5% 03/33","15yr",,,,,"643780.52",,,,,,""
"2021-08-11","'31307WE26'","MBS","FHLMCGLD 3.5% 06/33","15yr",,,,,"643475.09",,,,,,""
"2021-08-11","'3132QP4A9'","MBS","FHLMCGLD 3.5% 04/45","30yr",,,,,"643457.62",,,,,,""
"2021-08-11","'3131X9BN3'","MBS","UMBS MORTPASS 2.5% 05/28","15yr",,,,,"643253.84",,,,,,""
"2021-08-11","'31418BR57'","MBS","UMBS MORTPASS 2% 05/25","Other",,,,,"643216.65",,,,,,""
"2021-08-11","'3620A9YB1'","MBS","GNMA I 4.5% 12/39","30yr",,,,,"643080.69",,,,,,""
"2021-08-11","'36294UT44'","MBS","GNMA I 3.5% 12/41","30yr",,,,,"642825.39",,,,,,""
"2021-08-11","'31410LQT2'","MBS","UMBS MORTPASS 2% 06/30","15yr",,,,,"642711.37",,,,,,""
"2021-08-11","'3132M8LL8'","MBS","FHLMCGLD 3.5% 08/44","30yr",,,,,"642685.74",,,,,,""
"2021-08-11","'3138ERK90'","MBS","UMBS MORTPASS 3.5% 10/46","30yr",,,,,"642534.23",,,,,,""
"2021-08-11","'3140X8MQ7'","MBS","UMBS MORTPASS 2.5% 10/50","30yr",,,,,"642444.9",,,,,,""
"2021-08-11","'31418A3B2'","MBS","UMBS MORTPASS 2% 11/23","Other",,,,,"642429.9",,,,,,""
"2021-08-11","'31346YFD0'","MBS","UMBS MORTPASS 4.5% 11/49","30yr",,,,,"641981.07",,,,,,""
"2021-08-11","'3138EBCL7'","MBS","UMBS MORTPASS 3% 04/27","15yr",,,,,"641748.18",,,,,,""
"2021-08-11","'3138EHWY4'","MBS","UMBS MORTPASS 2.5% 04/27","15yr",,,,,"641744.49",,,,,,""
"2021-08-11","'3138MGSC0'","MBS","UMBS MORTPASS 3% 12/42","30yr",,,,,"641611.49",,,,,,""
"2021-08-11","'3131Y7Z26'","MBS","UMBS MORTPASS 3% 11/33","15yr",,,,,"641509.42",,,,,,""
"2021-08-11","'3128PTL45'","MBS","FHLMCGLD 3.5% 12/25","15yr",,,,,"641408.34",,,,,,""
"2021-08-11","'3138W9KC3'","MBS","UMBS MORTPASS 2.5% 08/28","15yr",,,,,"641309.73",,,,,,""
"2021-08-11","'3131X8NH5'","MBS","UMBS MORTPASS 2.5% 02/28","15yr",,,,,"641195.82",,,,,,""
"2021-08-11","'3138A8EK8'","MBS","UMBS MORTPASS 3% 02/26","15yr",,,,,"641081.16",,,,,,""
"2021-08-11","'31418AN20'","MBS","UMBS MORTPASS 2.5% 01/28","15yr",,,,,"641062.22",,,,,,""
"2021-08-11","'31307Q6J1'","MBS","FHLMCGLD 3% 06/31","15yr",,,,,"640858.68",,,,,,""
"2021-08-11","'3138WEBW8'","MBS","UMBS MORTPASS 3.5% 03/45","30yr",,,,,"640736.48",,,,,,""
"2021-08-11","'36296JVS1'","MBS","GNMA I MORTPASS 5% 12/39","30yr",,,,,"640687.12",,,,,,""
"2021-08-11","'31307GE21'","MBS","FHLMCGLD 3% 02/29","15yr",,,,,"640598.23",,,,,,""
"2021-08-11","'3129344S8'","MBS","FHLMCGLD 4% 08/39","30yr",,,,,"640550.8",,,,,,""
"2021-08-11","'3138MAPS1'","MBS","UMBS MORTPASS 2.5% 10/27","15yr",,,,,"640289.69",,,,,,""
"2021-08-11","'3138YXQP3'","MBS","UMBS MORTPASS 3% 07/30","15yr",,,,,"640057.5",,,,,,""
"2021-08-11","'3138EMDC2'","MBS","UMBS MORTPASS 4% 12/43","30yr",,,,,"640031.96",,,,,,""
"2021-08-11","'3131YCUV6'","MBS","UMBS MORTPASS 4% 05/49","30yr",,,,,"640002.47",,,,,,""
"2021-08-11","'3140E8K31'","MBS","UMBS MORTPASS 3% 12/30","15yr",,,,,"639754.7",,,,,,""
"2021-08-11","'31339UGN4'","MBS","UMBS MORTPASS 3.5% 08/49","30yr",,,,,"639389.14",,,,,,""
"2021-08-11","'31417ECW9'","MBS","UMBS MORTPASS 3% 12/42","30yr",,,,,"639248.56",,,,,,""
"2021-08-11","'3140H5MF5'","MBS","UMBS MORTPASS 3% 01/48","30yr",,,,,"639176.93",,,,,,""
"2021-08-11","'3138W4C74'","MBS","UMBS MORTPASS 3% 03/28","15yr",,,,,"639076.87",,,,,,""
"2021-08-11","'3133A8BL0'","MBS","UMBS MORTPASS 2% 07/50","30yr",,,,,"639012.65",,,,,,""
"2021-08-11","'3131XBHA0'","MBS","UMBS MORTPASS 2.5% 06/25","Other",,,,,"638867.74",,,,,,""
"2021-08-11","'36181KLB4'","MBS","GNMA I 3.5% 08/43","30yr",,,,,"638564.75",,,,,,""
"2021-08-11","'3140JMDT6'","MBS","UMBS MORTPASS 4.5% 09/49","30yr",,,,,"638535.28",,,,,,""
"2021-08-11","'3620AVAL6'","MBS","GNMA I MORTPASS 3% 08/42","30yr",,,,,"638454.02",,,,,,""
"2021-08-11","'3132JMWC9'","MBS","FHLMCGLD 3.5% 08/43","30yr",,,,,"638402.48",,,,,,""
"2021-08-11","'3138WFUC8'","MBS","UMBS MORTPASS 3% 10/30","15yr",,,,,"638381.9",,,,,,""
"2021-08-11","'3140E0BQ7'","MBS","UMBS MORTPASS 3.5% 08/45","30yr",,,,,"638226.1",,,,,,""
"2021-08-11","'3131XBGK9'","MBS","UMBS MORTPASS 2.5% 03/29","15yr",,,,,"638218.85",,,,,,""
"2021-08-11","'3133A7ZX0'","MBS","UMBS MORTPASS 2.5% 06/50","30yr",,,,,"638184.69",,,,,,""
"2021-08-11","'36297JCG7'","MBS","GNMA I 4.5% 04/39","30yr",,,,,"638082.51",,,,,,""
"2021-08-11","'3138X9XX2'","MBS","UMBS MORTPASS 3% 03/29","15yr",,,,,"638079.8",,,,,,""
"2021-08-11","'3140HAQW3'","MBS","UMBS MORTPASS 3.5% 03/48","30yr",,,,,"638054.99",,,,,,""
"2021-08-11","'3132WJUS8'","MBS","FHLMCGLD 3% 12/46","30yr",,,,,"637961.71",,,,,,""
"2021-08-11","'3620AKFF8'","MBS","GNMA I MORTPASS 5% 01/40","30yr",,,,,"637861.17",,,,,,""
"2021-08-11","'3132A73H2'","MBS","UMBS MORTPASS 3% 02/30","15yr",,,,,"637831.79",,,,,,""
"2021-08-11","'31417EUQ2'","MBS","UMBS MORTPASS 2.5% 02/23","Other",,,,,"637809.94",,,,,,""
"2021-08-11","'3132J8FQ8'","MBS","FHLMCGLD 3% 03/43","30yr",,,,,"637552.33",,,,,,""
"2021-08-11","'3138MJJD2'","MBS","UMBS MORTPASS 2% 11/27","15yr",,,,,"637415.46",,,,,,""
"2021-08-11","'3128MMVP5'","MBS","FHLMCGLD 3.5% 10/31","15yr",,,,,"637412.19",,,,,,""
"2021-08-11","'3138YAWA9'","MBS","UMBS MORTPASS 2.5% 01/30","15yr",,,,,"637370.76",,,,,,""
"2021-08-11","'31307SPU1'","MBS","FHLMCGLD 3% 12/31","15yr",,,,,"637310.36",,,,,,""
"2021-08-11","'3138LVKR3'","MBS","UMBS MORTPASS 3% 07/27","15yr",,,,,"636648.2",,,,,,""
"2021-08-11","'3138WJVQ8'","MBS","UMBS MORTPASS 3% 02/32","15yr",,,,,"636449.55",,,,,,""
"2021-08-11","'3138MPCR4'","MBS","UMBS MORTPASS 2% 12/27","15yr",,,,,"636315.53",,,,,,""
"2021-08-11","'3140GPXF0'","MBS","UMBS MORTPASS 2.5% 11/32","15yr",,,,,"635939.72",,,,,,""
"2021-08-11","'3131X64W7'","MBS","UMBS MORTPASS 3% 09/26","15yr",,,,,"635934.55",,,,,,""
"2021-08-11","'3138XFAN5'","MBS","UMBS MORTPASS 3% 12/28","15yr",,,,,"635781.81",,,,,,""
"2021-08-11","'31417DBD4'","MBS","UMBS MORTPASS 2% 10/27","15yr",,,,,"635689.72",,,,,,""
"2021-08-11","'36205JC37'","MBS","GNMA I 5.5% 12/37","30yr",,,,,"635555.35",,,,,,""
"2021-08-11","'3140HMH49'","MBS","UMBS MORTPASS 3% 09/33","15yr",,,,,"635465.35",,,,,,""
"2021-08-11","'3132WKD88'","MBS","FHLMCGLD 3.5% 12/46","30yr",,,,,"635175.6",,,,,,""
"2021-08-11","'3140GNZQ9'","MBS","UMBS MORTPASS 4% 07/49","30yr",,,,,"634810.91",,,,,,""
"2021-08-11","'3140JYR73'","MBS","UMBS MORTPASS 3% 08/49","30yr",,,,,"634799.19",,,,,,""
"2021-08-11","'3138X4ME7'","MBS","UMBS MORTPASS 3.5% 08/43","30yr",,,,,"634752.38",,,,,,""
"2021-08-11","'3138XF5Y7'","MBS","UMBS MORTPASS 3% 01/29","15yr",,,,,"634535.7",,,,,,""
"2021-08-11","'3132J6WY6'","MBS","FHLMCGLD 3.5% 02/43","30yr",,,,,"634500.65",,,,,,""
"2021-08-11","'3620ADCQ3'","MBS","GNMA I MORTPASS 5% 11/39","30yr",,,,,"634458.1",,,,,,""
"2021-08-11","'3140J8DW0'","MBS","UMBS MORTPASS 3% 04/32","15yr",,,,,"634456.56",,,,,,""
"2021-08-11","'3138YEC47'","MBS","UMBS MORTPASS 2.5% 05/30","15yr",,,,,"634112.18",,,,,,""
"2021-08-11","'3138MKLX2'","MBS","UMBS MORTPASS 3% 04/28","15yr",,,,,"634088.88",,,,,,""
"2021-08-11","'3138EA4Y0'","MBS","UMBS MORTPASS 3% 03/32","Other",,,,,"633752.85",,,,,,""
"2021-08-11","'3132A8P94'","MBS","UMBS MORTPASS 2.5% 02/27","Other",,,,,"633675.43",,,,,,""
"2021-08-11","'36296HMT3'","MBS","GNMA I 4.5% 09/39","30yr",,,,,"633581.59",,,,,,""
"2021-08-11","'3140HHFL4'","MBS","UMBS MORTPASS 3.5% 08/48","30yr",,,,,"633507.65",,,,,,""
"2021-08-11","'36176H2V5'","MBS","GNMA I MORTPASS 3% 11/42","30yr",,,,,"633463.05",,,,,,""
"2021-08-11","'3138W9UC2'","MBS","UMBS MORTPASS 2% 09/23","Other",,,,,"633432.58",,,,,,""
"2021-08-11","'3132JBCM3'","MBS","FHLMCGLD 3% 06/43","30yr",,,,,"633316.88",,,,,,""
"2021-08-11","'3138XJEB9'","MBS","UMBS MORTPASS 3% 12/28","15yr",,,,,"633217.96",,,,,,""
"2021-08-11","'3132A87M5'","MBS","UMBS MORTPASS 2.5% 05/28","15yr",,,,,"633047.49",,,,,,""
"2021-08-11","'31307RMM4'","MBS","FHLMCGLD 3.5% 07/31","15yr",,,,,"632980.52",,,,,,""
"2021-08-11","'31418DER9'","MBS","UMBS MORTPASS 4% 08/39","Other",,,,,"632827.2",,,,,,""
"2021-08-11","'3128MFQ68'","MBS","FHLMCGLD 4% 01/29","15yr",,,,,"632806.93",,,,,,""
"2021-08-11","'3138MLCN2'","MBS","UMBS MORTPASS 3.5% 12/42","30yr",,,,,"632681.18",,,,,,""
"2021-08-11","'3132A8FG9'","MBS","UMBS MORTPASS 3% 10/28","15yr",,,,,"632440.24",,,,,,""
"2021-08-11","'3132A74T5'","MBS","UMBS MORTPASS 2% 03/25","Other",,,,,"631818.38",,,,,,""
"2021-08-11","'31329LDR0'","MBS","UMBS MORTPASS 2.5% 01/28","15yr",,,,,"631641.63",,,,,,""
"2021-08-11","'36178EDF3'","MBS","GNMA I MORTPASS 3% 05/43","30yr",,,,,"631593.84",,,,,,""
"2021-08-11","'3140HJR78'","MBS","UMBS MORTPASS 3.5% 06/33","15yr",,,,,"631507.99",,,,,,""
"2021-08-11","'3138X1SC1'","MBS","UMBS MORTPASS 3% 01/29","15yr",,,,,"631501.39",,,,,,""
"2021-08-11","'3138YXK87'","MBS","UMBS MORTPASS 3% 09/30","15yr",,,,,"631395.87",,,,,,""
"2021-08-11","'3138Y3ND9'","MBS","UMBS MORTPASS 3.5% 11/29","15yr",,,,,"631169.59",,,,,,""
"2021-08-11","'3140QCT22'","MBS","UMBS MORTPASS 3% 01/35","15yr",,,,,"631102.45",,,,,,""
"2021-08-11","'3620AFJY4'","MBS","GNMA I MORTPASS 5% 12/39","30yr",,,,,"631055.8",,,,,,""
"2021-08-11","'3138WZYD8'","MBS","UMBS MORTPASS 3% 08/28","15yr",,,,,"630898.9",,,,,,""
"2021-08-11","'31307UBW7'","MBS","FHLMCGLD 2.5% 07/32","15yr",,,,,"630859.11",,,,,,""
"2021-08-11","'3140KNWT1'","MBS","UMBS MORTPASS 1.5% 08/35","15yr",,,,,"630781.34",,,,,,""
"2021-08-11","'31417G7J9'","MBS","UMBS MORTPASS 2.5% 07/23","Other",,,,,"630703.57",,,,,,""
"2021-08-11","'3138YACM5'","MBS","UMBS MORTPASS 3% 04/45","30yr",,,,,"630626.3",,,,,,""
"2021-08-11","'3138MMZK1'","MBS","UMBS MORTPASS 3% 11/32","Other",,,,,"630294.25",,,,,,""
"2021-08-11","'36297JCF9'","MBS","GNMA I 4.5% 04/39","30yr",,,,,"630263.37",,,,,,""
"2021-08-11","'3138WWW88'","MBS","UMBS MORTPASS 3% 06/28","15yr",,,,,"630235.84",,,,,,""
"2021-08-11","'36179EH92'","MBS","GNMA I MORTPASS 3% 01/43","30yr",,,,,"629671.91",,,,,,""
"2021-08-11","'31307RQ65'","MBS","FHLMCGLD 2.5% 08/31","15yr",,,,,"629642.09",,,,,,""
"2021-08-11","'3138XUBV3'","MBS","UMBS MORTPASS 3.5% 05/29","15yr",,,,,"629447.68",,,,,,""
"2021-08-11","'3131Y0S60'","MBS","UMBS MORTPASS 3% 03/48","30yr",,,,,"629384.14",,,,,,""
"2021-08-11","'3138YRM21'","MBS","UMBS MORTPASS 3% 05/45","30yr",,,,,"629254.23",,,,,,""
"2021-08-11","'3138XRL56'","MBS","UMBS MORTPASS 4% 08/44","30yr",,,,,"629209.99",,,,,,""
"2021-08-11","'3140QBKK3'","MBS","UMBS MORTPASS 3.5% 07/49","30yr",,,,,"629193.46",,,,,,""
"2021-08-11","'3138MKLY0'","MBS","UMBS MORTPASS 2.5% 05/28","15yr",,,,,"629154.36",,,,,,""
"2021-08-11","'3138X9NX3'","MBS","UMBS MORTPASS 3.5% 09/28","15yr",,,,,"629146.98",,,,,,""
"2021-08-11","'36181AZS4'","MBS","GNMA I MORTPASS 3% 04/43","30yr",,,,,"629049.19",,,,,,""
"2021-08-11","'3138XG7G2'","MBS","UMBS MORTPASS 3.5% 12/28","15yr",,,,,"628987.78",,,,,,""
"2021-08-11","'3138YGU91'","MBS","UMBS MORTPASS 3% 06/45","30yr",,,,,"628842.16",,,,,,""
"2021-08-11","'36181A2W1'","MBS","GNMA I MORTPASS 3% 06/43","30yr",,,,,"628666.81",,,,,,""
"2021-08-11","'3132AEL79'","MBS","UMBS MORTPASS 4% 03/49","30yr",,,,,"628636.47",,,,,,""
"2021-08-11","'3140JYAG1'","MBS","UMBS MORTPASS 3% 08/34","15yr",,,,,"628484.76",,,,,,""
"2021-08-11","'3128MFBC1'","MBS","FHLMCGLD 3% 03/32","15yr",,,,,"628447.11",,,,,,""
"2021-08-11","'3140E9NT9'","MBS","UMBS MORTPASS 3% 07/31","15yr",,,,,"628424.24",,,,,,""
"2021-08-11","'3128MEBX8'","MBS","FHLMCGLD 3% 12/29","15yr",,,,,"628403.37",,,,,,""
"2021-08-11","'36181BCQ1'","MBS","GNMA I 3.5% 06/43","30yr",,,,,"628304.88",,,,,,""
"2021-08-11","'3140HNWN8'","MBS","UMBS MORTPASS 4% 05/49","30yr",,,,,"628303.44",,,,,,""
"2021-08-11","'3132WHD28'","MBS","FHLMCGLD 3.5% 10/46","30yr",,,,,"628290.95",,,,,,""
"2021-08-11","'3138XRVZ9'","MBS","UMBS MORTPASS 3% 04/29","15yr",,,,,"627997.97",,,,,,""
"2021-08-11","'3138NYH32'","MBS","UMBS MORTPASS 3.5% 12/42","30yr",,,,,"627942.87",,,,,,""
"2021-08-11","'31418DWZ1'","MBS","UMBS MORTPASS 1.5% 02/31","Other",,,,,"627785.55",,,,,,""
"2021-08-11","'31307TUW9'","MBS","FHLMCGLD 2.5% 05/32","15yr",,,,,"627617.79",,,,,,""
"2021-08-11","'3138WHT85'","MBS","UMBS MORTPASS 2.5% 08/26","Other",,,,,"627035.8",,,,,,""
"2021-08-11","'36176P3Y0'","MBS","GNMA I 3.5% 06/42","30yr",,,,,"626787.56",,,,,,""
"2021-08-11","'3138WDHJ3'","MBS","UMBS MORTPASS 3% 11/29","15yr",,,,,"626594.73",,,,,,""
"2021-08-11","'3132J9RA8'","MBS","FHLMCGLD 3.5% 05/43","30yr",,,,,"626491.66",,,,,,""
"2021-08-11","'3138Y7DG4'","MBS","UMBS MORTPASS 3% 02/31","15yr",,,,,"626012.15",,,,,,""
"2021-08-11","'3620A57H6'","MBS","GNMA I 4.5% 06/39","30yr",,,,,"625900.47",,,,,,""
"2021-08-11","'3138W7H23'","MBS","UMBS MORTPASS 2.5% 03/28","15yr",,,,,"625718.47",,,,,,""
"2021-08-11","'31419KVW2'","MBS","UMBS MORTPASS 3% 11/25","15yr",,,,,"625608.47",,,,,,""
"2021-08-11","'31307UHQ4'","MBS","FHLMCGLD 2.5% 08/32","15yr",,,,,"625574.05",,,,,,""
"2021-08-11","'31307JW58'","MBS","FHLMCGLD 3.5% 11/29","15yr",,,,,"625540.05",,,,,,""
"2021-08-11","'3140JALF3'","MBS","UMBS MORTPASS 4% 02/47","30yr",,,,,"625502.07",,,,,,""
"2021-08-11","'3132A9SF5'","MBS","UMBS MORTPASS 3% 08/31","15yr",,,,,"625479.11",,,,,,""
"2021-08-11","'3132WL4K9'","MBS","FHLMCGLD 3% 03/47","30yr",,,,,"625395.23",,,,,,""
"2021-08-11","'3132XVGG2'","MBS","FHLMCGLD 3% 12/47","30yr",,,,,"624959.1",,,,,,""
"2021-08-11","'3620A7BP9'","MBS","GNMA I 4.5% 12/39","30yr",,,,,"624925.16",,,,,,""
"2021-08-11","'3131XWAN3'","MBS","UMBS MORTPASS 4% 03/47","30yr",,,,,"624719.57",,,,,,""
"2021-08-11","'36295VMN6'","MBS","GNMA I MORTPASS 5% 10/39","30yr",,,,,"624633.2",,,,,,""
"2021-08-11","'3140L04D6'","MBS","UMBS MORTPASS 2% 02/51","30yr",,,,,"623751.8",,,,,,""
"2021-08-11","'3140F4A48'","MBS","UMBS MORTPASS 3% 08/46","30yr",,,,,"623699.14",,,,,,""
"2021-08-11","'3140HNY63'","MBS","UMBS MORTPASS 4.5% 08/48","30yr",,,,,"623117.25",,,,,,""
"2021-08-11","'31307UGB8'","MBS","FHLMCGLD 2.5% 08/32","15yr",,,,,"623082.52",,,,,,""
"2021-08-11","'31418M5R9'","MBS","UMBS MORTPASS 4% 03/25","15yr",,,,,"622979.13",,,,,,""
"2021-08-11","'3140K4RK8'","MBS","UMBS MORTPASS 3% 03/40","Other",,,,,"622886.3",,,,,,""
"2021-08-11","'3140JKVB9'","MBS","UMBS MORTPASS 4.5% 12/48","30yr",,,,,"622844.38",,,,,,""
"2021-08-11","'3138YKRK1'","MBS","UMBS MORTPASS 2.5% 04/30","15yr",,,,,"622660.31",,,,,,""
"2021-08-11","'3131X9BR4'","MBS","UMBS MORTPASS 2.5% 05/28","15yr",,,,,"622586.99",,,,,,""
"2021-08-11","'31307MXF8'","MBS","FHLMCGLD 3% 05/30","15yr",,,,,"622440.95",,,,,,""
"2021-08-11","'3131XBZJ1'","MBS","UMBS MORTPASS 2.5% 03/31","15yr",,,,,"622383.42",,,,,,""
"2021-08-11","'3140JXGN2'","MBS","UMBS MORTPASS 3% 07/34","15yr",,,,,"622333.68",,,,,,""
"2021-08-11","'31329PXN8'","MBS","UMBS MORTPASS 4% 12/48","30yr",,,,,"622270.57",,,,,,""
"2021-08-11","'3138MPCS2'","MBS","UMBS MORTPASS 2% 12/27","15yr",,,,,"622166.28",,,,,,""
"2021-08-11","'3140HDZG2'","MBS","UMBS MORTPASS 3% 03/33","15yr",,,,,"622016.66",,,,,,""
"2021-08-11","'3138ARBT0'","MBS","UMBS MORTPASS 3% 10/26","15yr",,,,,"621963.61",,,,,,""
"2021-08-11","'3138ER5N6'","MBS","UMBS MORTPASS 3% 09/30","15yr",,,,,"621927.88",,,,,,""
"2021-08-11","'3138YDAU3'","MBS","UMBS MORTPASS 3.5% 01/30","15yr",,,,,"621703.2",,,,,,""
"2021-08-11","'36180DPK7'","MBS","GNMA I 3.5% 02/43","30yr",,,,,"621336.97",,,,,,""
"2021-08-11","'31329QVY4'","MBS","UMBS MORTPASS 4.5% 03/49","30yr",,,,,"621251.93",,,,,,""
"2021-08-11","'31307R7J8'","MBS","FHLMCGLD 3% 10/31","15yr",,,,,"620781.26",,,,,,""
"2021-08-11","'3140H4PY4'","MBS","UMBS MORTPASS 3.5% 11/47","30yr",,,,,"620633.86",,,,,,""
"2021-08-11","'31418DGA4'","MBS","UMBS MORTPASS 2% 09/34","15yr",,,,,"620087.38",,,,,,""
"2021-08-11","'3138XMHM5'","MBS","UMBS MORTPASS 3% 02/29","15yr",,,,,"619656.84",,,,,,""
"2021-08-11","'3128MMT94'","MBS","FHLMCGLD 3% 11/30","15yr",,,,,"619615.74",,,,,,""
"2021-08-11","'36178WMC0'","MBS","GNMA I 3.5% 10/42","30yr",,,,,"619090.63",,,,,,""
"2021-08-11","'36178QLE0'","MBS","GNMA I MORTPASS 3% 03/43","30yr",,,,,"618840.73",,,,,,""
"2021-08-11","'3140JX5A2'","MBS","UMBS MORTPASS 3.5% 12/49","30yr",,,,,"618826.06",,,,,,""
"2021-08-11","'3132A7XD8'","MBS","UMBS MORTPASS 3% 04/28","15yr",,,,,"618823.1",,,,,,""
"2021-08-11","'36297KMM0'","MBS","GNMA I 4.5% 05/39","30yr",,,,,"618728.19",,,,,,""
"2021-08-11","'3138W9RK8'","MBS","UMBS MORTPASS 2.5% 09/28","15yr",,,,,"618537.57",,,,,,""
"2021-08-11","'3140JHB85'","MBS","UMBS MORTPASS 4% 12/48","30yr",,,,,"618446.87",,,,,,""
"2021-08-11","'3138YMQQ5'","MBS","UMBS MORTPASS 3% 04/45","30yr",,,,,"618405.5",,,,,,""
"2021-08-11","'31307H3R6'","MBS","FHLMCGLD 3.5% 08/29","15yr",,,,,"618326.52",,,,,,""
"2021-08-11","'31418ART7'","MBS","UMBS MORTPASS 3% 03/23","Other",,,,,"618281.96",,,,,,""
"2021-08-11","'31419KU78'","MBS","UMBS MORTPASS 3% 11/25","15yr",,,,,"618105.05",,,,,,""
"2021-08-11","'31418ANF1'","MBS","UMBS MORTPASS 2.5% 12/32","Other",,,,,"617768.23",,,,,,""
"2021-08-11","'36297BEE7'","MBS","GNMA I 4.5% 04/39","30yr",,,,,"617747.69",,,,,,""
"2021-08-11","'3131Y92R3'","MBS","UMBS MORTPASS 4% 02/49","30yr",,,,,"617383.07",,,,,,""
"2021-08-11","'3620AJKP3'","MBS","GNMA I 4.5% 12/39","30yr",,,,,"617206.13",,,,,,""
"2021-08-11","'3620A7KM6'","MBS","GNMA I MORTPASS 5% 12/39","30yr",,,,,"616965.67",,,,,,""
"2021-08-11","'3138YMQD4'","MBS","UMBS MORTPASS 3% 06/45","30yr",,,,,"616573.78",,,,,,""
"2021-08-11","'3140K55L7'","MBS","UMBS MORTPASS 3% 12/39","Other",,,,,"616293.02",,,,,,""
"2021-08-11","'3133G9YZ6'","MBS","UMBS MORTPASS 2.5% 09/35","15yr",,,,,"615649.86",,,,,,""
"2021-08-11","'3138XPV59'","MBS","UMBS MORTPASS 3% 02/29","15yr",,,,,"615439.56",,,,,,""
"2021-08-11","'3138XT5L5'","MBS","UMBS MORTPASS 4% 04/44","30yr",,,,,"615429.47",,,,,,""
"2021-08-11","'3138WQT69'","MBS","UMBS MORTPASS 2.5% 04/28","15yr",,,,,"615321.33",,,,,,""
"2021-08-11","'36177P7A7'","MBS","GNMA I 3.5% 05/42","30yr",,,,,"615320.43",,,,,,""
"2021-08-11","'36177YB88'","MBS","GNMA I 3.5% 05/42","30yr",,,,,"615210.39",,,,,,""
"2021-08-11","'3620A9BL4'","MBS","GNMA I MORTPASS 5% 01/40","30yr",,,,,"614866.53",,,,,,""
"2021-08-11","'3140K1D78'","MBS","UMBS MORTPASS 2.5% 09/49","30yr",,,,,"614669.06",,,,,,""
"2021-08-11","'3138YV2G3'","MBS","UMBS MORTPASS 3% 07/30","15yr",,,,,"614362.62",,,,,,""
"2021-08-11","'3140QADJ6'","MBS","UMBS MORTPASS 4.5% 12/48","30yr",,,,,"614294.01",,,,,,""
"2021-08-11","'3132M9A87'","MBS","FHLMCGLD 3.5% 09/44","30yr",,,,,"614258.4",,,,,,""
"2021-08-11","'3140E1F65'","MBS","UMBS MORTPASS 3% 08/45","30yr",,,,,"614201.47",,,,,,""
"2021-08-11","'3620A9FN6'","MBS","GNMA I MORTPASS 5% 09/39","30yr",,,,,"614182.78",,,,,,""
"2021-08-11","'3138WB2M6'","MBS","UMBS MORTPASS 3% 06/29","15yr",,,,,"613730.97",,,,,,""
"2021-08-11","'3140EWMG7'","MBS","UMBS MORTPASS 2.5% 09/31","15yr",,,,,"613399.52",,,,,,""
"2021-08-11","'3138XLKT8'","MBS","UMBS MORTPASS 3.5% 06/29","15yr",,,,,"613322.36",,,,,,""
"2021-08-11","'3132QQTP7'","MBS","FHLMCGLD 3% 06/45","30yr",,,,,"613109.51",,,,,,""
"2021-08-11","'3138MD2V3'","MBS","UMBS MORTPASS 2.5% 10/27","15yr",,,,,"612740.36",,,,,,""
"2021-08-11","'3140HJYK1'","MBS","UMBS MORTPASS 3.5% 08/33","15yr",,,,,"612720.91",,,,,,""
"2021-08-11","'3138Y1X34'","MBS","UMBS MORTPASS 2.5% 08/29","15yr",,,,,"612712.23",,,,,,""
"2021-08-11","'3140FLLG1'","MBS","UMBS MORTPASS 3.5% 11/46","30yr",,,,,"612679.17",,,,,,""
"2021-08-11","'3138MQKS1'","MBS","UMBS MORTPASS 3% 12/27","15yr",,,,,"612546.41",,,,,,""
"2021-08-11","'31417FPD4'","MBS","UMBS MORTPASS 2.5% 02/23","Other",,,,,"612403.47",,,,,,""
"2021-08-11","'3138WQY22'","MBS","UMBS MORTPASS 3% 10/28","15yr",,,,,"612375.76",,,,,,""
"2021-08-11","'3140HJ6A4'","MBS","UMBS MORTPASS 3.5% 05/33","15yr",,,,,"612203.45",,,,,,""
"2021-08-11","'3140FAQS4'","MBS","UMBS MORTPASS 2.5% 10/31","15yr",,,,,"612113.25",,,,,,""
"2021-08-11","'3132J9R75'","MBS","FHLMCGLD 3.5% 05/43","30yr",,,,,"611824.7",,,,,,""
"2021-08-11","'31329LDN9'","MBS","UMBS MORTPASS 2.5% 01/28","15yr",,,,,"611782.85",,,,,,""
"2021-08-11","'3132QPLE2'","MBS","FHLMCGLD 3% 04/45","30yr",,,,,"611690.11",,,,,,""
"2021-08-11","'31307MT48'","MBS","FHLMCGLD 3% 04/30","15yr",,,,,"611640.55",,,,,,""
"2021-08-11","'3140JUEY6'","MBS","UMBS MORTPASS 4% 05/49","30yr",,,,,"611553.83",,,,,,""
"2021-08-11","'3133A9BE4'","MBS","UMBS MORTPASS 2.5% 08/50","30yr",,,,,"611534.66",,,,,,""
"2021-08-11","'36178CM26'","MBS","GNMA I 3.5% 07/42","30yr",,,,,"611517.04",,,,,,""
"2021-08-11","'3138WA5D5'","MBS","UMBS MORTPASS 3% 02/29","15yr",,,,,"611344.12",,,,,,""
"2021-08-11","'3132A8YD5'","MBS","UMBS MORTPASS 2.5% 09/25","Other",,,,,"611218.26",,,,,,""
"2021-08-11","'3133G6TE5'","MBS","UMBS MORTPASS 3% 08/34","15yr",,,,,"611194.98",,,,,,""
"2021-08-11","'3138W45Y3'","MBS","UMBS MORTPASS 3% 02/43","30yr",,,,,"611042.66",,,,,,""
"2021-08-11","'3140JGWZ4'","MBS","UMBS MORTPASS 4% 09/48","30yr",,,,,"611025.85",,,,,,""
"2021-08-11","'3140HB7B8'","MBS","UMBS MORTPASS 3% 10/49","30yr",,,,,"610690.15",,,,,,""
"2021-08-11","'31417GGX8'","MBS","UMBS MORTPASS 2% 12/27","15yr",,,,,"610600.62",,,,,,""
"2021-08-11","'312930T59'","MBS","FHLMCGLD 6.5% 01/39","30yr",,,,,"610522.24",,,,,,""
"2021-08-11","'3620A1ZK7'","MBS","GNMA I 4.5% 06/39","30yr",,,,,"610433.8",,,,,,""
"2021-08-11","'36295R4Z8'","MBS","GNMA I MORTPASS 4% 09/39","30yr",,,,,"610427.44",,,,,,""
"2021-08-11","'3138Y2ST1'","MBS","UMBS MORTPASS 4% 09/44","30yr",,,,,"610404.7",,,,,,""
"2021-08-11","'31418CXL3'","MBS","UMBS MORTPASS 2.5% 04/28","Other",,,,,"610370.81",,,,,,""
"2021-08-11","'3140X53G6'","MBS","UMBS MORTPASS 2% 03/35","15yr",,,,,"610318.52",,,,,,""
"2021-08-11","'3140QC6C5'","MBS","UMBS MORTPASS 4% 02/47","30yr",,,,,"609728.36",,,,,,""
"2021-08-11","'3132A9UJ4'","MBS","UMBS MORTPASS 2.5% 02/33","15yr",,,,,"609725.75",,,,,,""
"2021-08-11","'3138YSMF0'","MBS","UMBS MORTPASS 3% 07/30","15yr",,,,,"609592.43",,,,,,""
"2021-08-11","'36297BFM8'","MBS","GNMA I MORTPASS 5% 11/39","30yr",,,,,"609457.53",,,,,,""
"2021-08-11","'31417ACC1'","MBS","UMBS MORTPASS 3% 10/26","15yr",,,,,"609378.39",,,,,,""
"2021-08-11","'3140H93L5'","MBS","UMBS MORTPASS 3.5% 06/44","30yr",,,,,"609212.19",,,,,,""
"2021-08-11","'3140H4KC7'","MBS","UMBS MORTPASS 2.5% 01/33","15yr",,,,,"609161.44",,,,,,""
"2021-08-11","'36179QGB1'","MBS","GNMA II MORTPASS 3% 06/44","30yr",,,,,"609142.09",,,,,,""
"2021-08-11","'3138WVKW0'","MBS","UMBS MORTPASS 3.5% 05/43","30yr",,,,,"609112.92",,,,,,""
"2021-08-11","'31307CYL6'","MBS","FHLMCGLD 3.5% 06/28","15yr",,,,,"608944.63",,,,,,""
"2021-08-11","'3140H1FD7'","MBS","UMBS MORTPASS 3.5% 12/47","30yr",,,,,"608892.39",,,,,,""
"2021-08-11","'3132A9UT2'","MBS","UMBS MORTPASS 3.5% 04/33","15yr",,,,,"608636.34",,,,,,""
"2021-08-11","'3132J8EP1'","MBS","FHLMCGLD 3.5% 03/43","30yr",,,,,"608624.8",,,,,,""
"2021-08-11","'3131X6HB9'","MBS","UMBS MORTPASS 3% 01/26","15yr",,,,,"608415",,,,,,""
"2021-08-11","'3131Y9MD2'","MBS","UMBS MORTPASS 3% 01/49","30yr",,,,,"607898.3",,,,,,""
"2021-08-11","'3140E8NU8'","MBS","UMBS MORTPASS 2.5% 02/31","15yr",,,,,"607859.89",,,,,,""
"2021-08-11","'3140JHCT8'","MBS","UMBS MORTPASS 4% 01/49","30yr",,,,,"607811.46",,,,,,""
"2021-08-11","'3138WXYR2'","MBS","UMBS MORTPASS 3% 07/31","15yr",,,,,"607670.41",,,,,,""
"2021-08-11","'3138W5Z92'","MBS","UMBS MORTPASS 3% 03/28","15yr",,,,,"607635.25",,,,,,""
"2021-08-11","'3140X8P92'","MBS","UMBS MORTPASS 2% 12/50","30yr",,,,,"607569.05",,,,,,""
"2021-08-11","'3620AC3D4'","MBS","GNMA I 4.5% 09/39","30yr",,,,,"607478.6",,,,,,""
"2021-08-11","'3140Q7FX0'","MBS","UMBS MORTPASS 4% 08/47","30yr",,,,,"607210.94",,,,,,""
"2021-08-11","'31307GFM6'","MBS","FHLMCGLD 3% 02/29","15yr",,,,,"607121.47",,,,,,""
"2021-08-11","'31417F3M8'","MBS","UMBS MORTPASS 2% 04/23","Other",,,,,"607069.79",,,,,,""
"2021-08-11","'3132HQFS6'","MBS","FHLMCGLD 3% 12/42","30yr",,,,,"606911.31",,,,,,""
"2021-08-11","'3620C5LA3'","MBS","GNMA I 3.5% 01/41","30yr",,,,,"606883.52",,,,,,""
"2021-08-11","'3138MQ4E0'","MBS","UMBS MORTPASS 2.5% 01/28","15yr",,,,,"606673.89",,,,,,""
"2021-08-11","'3132M43Z6'","MBS","FHLMCGLD 3.5% 02/44","30yr",,,,,"606673.47",,,,,,""
"2021-08-11","'36297BAV3'","MBS","GNMA I 4.5% 03/39","30yr",,,,,"606579.8",,,,,,""
"2021-08-11","'3138WBW84'","MBS","UMBS MORTPASS 3.5% 05/29","15yr",,,,,"606543.16",,,,,,""
"2021-08-11","'3140E9LJ3'","MBS","UMBS MORTPASS 3.5% 12/45","30yr",,,,,"606440.83",,,,,,""
"2021-08-11","'31307MZX7'","MBS","FHLMCGLD 3% 05/30","15yr",,,,,"606229.83",,,,,,""
"2021-08-11","'312939RP8'","MBS","FHLMCGLD 5% 03/40","30yr",,,,,"606136.98",,,,,,""
"2021-08-11","'31307PSA8'","MBS","FHLMCGLD 2.5% 11/30","15yr",,,,,"606133.77",,,,,,""
"2021-08-11","'3132M4HF5'","MBS","FHLMCGLD 3.5% 01/44","30yr",,,,,"605818.16",,,,,,""
"2021-08-11","'3132CWAR5'","MBS","UMBS MORTPASS 3% 06/34","15yr",,,,,"605666.86",,,,,,""
"2021-08-11","'31307HE78'","MBS","FHLMCGLD 3% 05/24","15yr",,,,,"605555.65",,,,,,""
"2021-08-11","'3138X9YC7'","MBS","UMBS MORTPASS 3.5% 04/29","15yr",,,,,"605444.13",,,,,,""
"2021-08-11","'3131X7PZ5'","MBS","UMBS MORTPASS 3% 05/27","15yr",,,,,"605207.56",,,,,,""
"2021-08-11","'3138YP4Y5'","MBS","UMBS MORTPASS 2.5% 04/45","30yr",,,,,"605134.76",,,,,,""
"2021-08-11","'3620A5XF1'","MBS","GNMA I 4.5% 08/39","30yr",,,,,"604869.6",,,,,,""
"2021-08-11","'3132J7JU7'","MBS","FHLMCGLD 3% 03/43","30yr",,,,,"604802.59",,,,,,""
"2021-08-11","'3138LTMY1'","MBS","UMBS MORTPASS 2.5% 06/27","15yr",,,,,"604563.72",,,,,,""
"2021-08-11","'36297BFW6'","MBS","GNMA I 4.5% 12/39","30yr",,,,,"604537",,,,,,""
"2021-08-11","'36295MDW6'","MBS","GNMA I 4.5% 04/39","30yr",,,,,"604279.42",,,,,,""
"2021-08-11","'3132A8JZ3'","MBS","UMBS MORTPASS 3% 01/29","15yr",,,,,"604228.37",,,,,,""
"2021-08-11","'36181BPE4'","MBS","GNMA I MORTPASS 3% 07/43","30yr",,,,,"604200.63",,,,,,""
"2021-08-11","'3138M5Q51'","MBS","UMBS MORTPASS 2.5% 08/27","15yr",,,,,"604138.92",,,,,,""
"2021-08-11","'31307NLE2'","MBS","FHLMCGLD 2.5% 07/30","15yr",,,,,"603718.43",,,,,,""
"2021-08-11","'3138WZJ60'","MBS","UMBS MORTPASS 3% 07/28","15yr",,,,,"603257.52",,,,,,""
"2021-08-11","'36177TMK0'","MBS","GNMA I MORTPASS 3% 09/42","30yr",,,,,"602899.1",,,,,,""
"2021-08-11","'3133A86S1'","MBS","UMBS MORTPASS 2% 08/50","30yr",,,,,"602885.34",,,,,,""
"2021-08-11","'3138E2NC5'","MBS","UMBS MORTPASS 3% 12/26","15yr",,,,,"602674.56",,,,,,""
"2021-08-11","'3140JLVZ4'","MBS","UMBS MORTPASS 4.5% 01/49","30yr",,,,,"602656.1",,,,,,""
"2021-08-11","'3138WZE65'","MBS","UMBS MORTPASS 3.5% 08/43","30yr",,,,,"602610.58",,,,,,""
"2021-08-11","'3138MJA33'","MBS","UMBS MORTPASS 3% 10/27","15yr",,,,,"602393.07",,,,,,""
"2021-08-11","'3138W9U32'","MBS","UMBS MORTPASS 2% 09/28","15yr",,,,,"602368.6",,,,,,""
"2021-08-11","'3140JPAX3'","MBS","UMBS MORTPASS 2.5% 05/34","15yr",,,,,"602191.98",,,,,,""
"2021-08-11","'3132QLHN6'","MBS","FHLMCGLD 4% 12/44","30yr",,,,,"602108.49",,,,,,""
"2021-08-11","'36177TKX4'","MBS","GNMA I 3.5% 06/42","30yr",,,,,"601885.07",,,,,,""
"2021-08-11","'3138WKPL3'","MBS","UMBS MORTPASS 3% 04/27","Other",,,,,"601793.94",,,,,,""
"2021-08-11","'3133A0A20'","MBS","UMBS MORTPASS 3% 12/49","30yr",,,,,"601666.05",,,,,,""
"2021-08-11","'3140QD7H1'","MBS","UMBS MORTPASS 2% 07/50","30yr",,,,,"601620.17",,,,,,""
"2021-08-11","'3132M9XL3'","MBS","FHLMCGLD 3.5% 10/44","30yr",,,,,"601583.13",,,,,,""
"2021-08-11","'3140QCS98'","MBS","UMBS MORTPASS 3.5% 07/33","15yr",,,,,"601527.32",,,,,,""
"2021-08-11","'3138WBL45'","MBS","UMBS MORTPASS 3% 04/29","15yr",,,,,"601408.38",,,,,,""
"2021-08-11","'31307LZ76'","MBS","FHLMCGLD 2.5% 02/30","15yr",,,,,"601395.52",,,,,,""
"2021-08-11","'36297KM32'","MBS","GNMA I MORTPASS 4% 06/39","30yr",,,,,"601379.92",,,,,,""
"2021-08-11","'3131X8BV7'","MBS","UMBS MORTPASS 2.5% 10/27","15yr",,,,,"601177.98",,,,,,""
"2021-08-11","'3132A8FS3'","MBS","UMBS MORTPASS 2.5% 12/25","Other",,,,,"601130.65",,,,,,""
"2021-08-11","'3140H5M99'","MBS","UMBS MORTPASS 3.5% 02/48","30yr",,,,,"600641.12",,,,,,""
"2021-08-11","'3620A3NQ3'","MBS","GNMA I MORTPASS 4% 06/39","30yr",,,,,"600553.81",,,,,,""
"2021-08-11","'312939UH2'","MBS","FHLMCGLD 4.5% 03/40","30yr",,,,,"600469.46",,,,,,""
"2021-08-11","'3128MMU84'","MBS","FHLMCGLD 3.5% 06/31","15yr",,,,,"600463.35",,,,,,""
"2021-08-11","'3620AK6Y7'","MBS","GNMA I MORTPASS 5% 02/40","30yr",,,,,"600299.53",,,,,,""
"2021-08-11","'3131X8DV5'","MBS","UMBS MORTPASS 2.5% 11/27","15yr",,,,,"600293.9",,,,,,""
"2021-08-11","'3138LVHW6'","MBS","UMBS MORTPASS 3% 10/42","30yr",,,,,"600148.94",,,,,,""
"2021-08-11","'3131X8QC3'","MBS","UMBS MORTPASS 2.5% 12/27","15yr",,,,,"599970.28",,,,,,""
"2021-08-11","'3131X8HT6'","MBS","UMBS MORTPASS 2.5% 12/27","15yr",,,,,"599846.44",,,,,,""
"2021-08-11","'3138ED5G2'","MBS","UMBS MORTPASS 3% 04/27","15yr",,,,,"599620.82",,,,,,""
"2021-08-11","'3138XYED2'","MBS","UMBS MORTPASS 4% 10/44","30yr",,,,,"599551.67",,,,,,""
"2021-08-11","'3140E2TC5'","MBS","UMBS MORTPASS 2.5% 11/30","15yr",,,,,"599439.75",,,,,,""
"2021-08-11","'3138X2FU3'","MBS","UMBS MORTPASS 3% 08/28","15yr",,,,,"599359.74",,,,,,""
"2021-08-11","'3140FWBX1'","MBS","UMBS MORTPASS 3% 07/32","15yr",,,,,"599271.75",,,,,,""
"2021-08-11","'3138YF5V2'","MBS","UMBS MORTPASS 3.5% 03/45","30yr",,,,,"599226.21",,,,,,""
"2021-08-11","'36202D4L2'","MBS","GNMA II MORTPASS 4% 02/34","30yr",,,,,"598737.94",,,,,,""
"2021-08-11","'31307WFJ8'","MBS","FHLMCGLD 3.5% 06/33","15yr",,,,,"598405.4",,,,,,""
"2021-08-11","'3140HN4M1'","MBS","UMBS MORTPASS 3.5% 08/33","15yr",,,,,"598094.94",,,,,,""
"2021-08-11","'3138X8ZZ7'","MBS","UMBS MORTPASS 3.5% 11/28","15yr",,,,,"597846.64",,,,,,""
"2021-08-11","'3140F02E3'","MBS","UMBS MORTPASS 2.5% 04/31","15yr",,,,,"597588.84",,,,,,""
"2021-08-11","'3138M9ZC8'","MBS","UMBS MORTPASS 2.5% 08/42","30yr",,,,,"597389.24",,,,,,""
"2021-08-11","'31329LLM2'","MBS","UMBS MORTPASS 3.5% 09/38","Other",,,,,"597315.78",,,,,,""
"2021-08-11","'3132CWCQ5'","MBS","UMBS MORTPASS 2.5% 01/29","15yr",,,,,"597056.3",,,,,,""
"2021-08-11","'36177MPE6'","MBS","GNMA I 3.5% 02/42","30yr",,,,,"596749.48",,,,,,""
"2021-08-11","'3132WJ2Z3'","MBS","FHLMCGLD 3.5% 01/47","30yr",,,,,"596718.59",,,,,,""
"2021-08-11","'3131XAN49'","MBS","UMBS MORTPASS 2.5% 06/24","Other",,,,,"596519.21",,,,,,""
"2021-08-11","'3138WJ7G7'","MBS","UMBS MORTPASS 3% 03/27","Other",,,,,"596474.25",,,,,,""
"2021-08-11","'3138EMW80'","MBS","UMBS MORTPASS 2.5% 04/24","Other",,,,,"596444.27",,,,,,""
"2021-08-11","'31329QJM4'","MBS","UMBS MORTPASS 3% 04/39","Other",,,,,"596376.24",,,,,,""
"2021-08-11","'3138XPYY3'","MBS","UMBS MORTPASS 3.5% 02/44","30yr",,,,,"596119.22",,,,,,""
"2021-08-11","'36176H4B7'","MBS","GNMA I MORTPASS 3% 01/43","30yr",,,,,"596075.18",,,,,,""
"2021-08-11","'3620AVAJ1'","MBS","GNMA I MORTPASS 3% 06/42","30yr",,,,,"596039.26",,,,,,""
"2021-08-11","'3138WGDT8'","MBS","UMBS MORTPASS 2.5% 01/31","15yr",,,,,"595707.35",,,,,,""
"2021-08-11","'36180HJ66'","MBS","GNMA I MORTPASS 4% 09/43","30yr",,,,,"595618.19",,,,,,""
"2021-08-11","'3138XFBW4'","MBS","UMBS MORTPASS 3.5% 11/28","15yr",,,,,"595598.48",,,,,,""
"2021-08-11","'31307UKM9'","MBS","FHLMCGLD 2.5% 08/32","15yr",,,,,"595435.02",,,,,,""
"2021-08-11","'3133AJKJ1'","MBS","UMBS MORTPASS 2% 04/51","30yr",,,,,"595405.59",,,,,,""
"2021-08-11","'31307MX27'","MBS","FHLMCGLD 2.5% 05/30","15yr",,,,,"595395.36",,,,,,""
"2021-08-11","'3140JGV51'","MBS","UMBS MORTPASS 3.5% 09/48","30yr",,,,,"595381.49",,,,,,""
"2021-08-11","'3133KJ6R8'","MBS","UMBS MORTPASS 2% 09/50","30yr",,,,,"594993.63",,,,,,""
"2021-08-11","'3140K3ZN5'","MBS","UMBS MORTPASS 3% 02/35","15yr",,,,,"594918.14",,,,,,""
"2021-08-11","'3138Y47E3'","MBS","UMBS MORTPASS 3% 06/27","15yr",,,,,"594894.42",,,,,,""
"2021-08-11","'3620AAXX1'","MBS","GNMA I 4.5% 10/39","30yr",,,,,"594886.27",,,,,,""
"2021-08-11","'31307GY86'","MBS","FHLMCGLD 3% 04/29","15yr",,,,,"594875.66",,,,,,""
"2021-08-11","'3132J8KA7'","MBS","FHLMCGLD 3% 04/43","30yr",,,,,"594566.57",,,,,,""
"2021-08-11","'3133KJN32'","MBS","UMBS MORTPASS 2% 07/50","30yr",,,,,"594338.15",,,,,,""
"2021-08-11","'36295CJP7'","MBS","GNMA I MORTPASS 3% 06/43","30yr",,,,,"593936.95",,,,,,""
"2021-08-11","'3140FS7K3'","MBS","UMBS MORTPASS 4.5% 03/47","30yr",,,,,"593690.33",,,,,,""
"2021-08-11","'36296LMX5'","MBS","GNMA I MORTPASS 4% 03/39","30yr",,,,,"593448.47",,,,,,""
"2021-08-11","'3140H5N72'","MBS","UMBS MORTPASS 3% 02/33","15yr",,,,,"593011.52",,,,,,""
"2021-08-11","'36176H2C7'","MBS","GNMA I MORTPASS 3% 08/42","30yr",,,,,"592902.75",,,,,,""
"2021-08-11","'3133A4HW9'","MBS","UMBS MORTPASS 3% 04/50","30yr",,,,,"592896.51",,,,,,""
"2021-08-11","'31329MKS8'","MBS","UMBS MORTPASS 2.5% 02/32","15yr",,,,,"592844.31",,,,,,""
"2021-08-11","'3138X5FU6'","MBS","UMBS MORTPASS 3% 04/29","15yr",,,,,"592838.08",,,,,,""
"2021-08-11","'36176U5Z4'","MBS","GNMA I MORTPASS 3% 04/43","30yr",,,,,"592814.84",,,,,,""
"2021-08-11","'3140JYPR1'","MBS","UMBS MORTPASS 2.5% 08/34","15yr",,,,,"592795.44",,,,,,""
"2021-08-11","'3140FSTB9'","MBS","UMBS MORTPASS 3% 04/32","15yr",,,,,"592745.81",,,,,,""
"2021-08-11","'3138MLH49'","MBS","UMBS MORTPASS 3.5% 11/42","30yr",,,,,"592679.53",,,,,,""
"2021-08-11","'31307SSY0'","MBS","FHLMCGLD 3.5% 01/32","15yr",,,,,"592450.46",,,,,,""
"2021-08-11","'3132A5G58'","MBS","UMBS MORTPASS 4.5% 05/47","30yr",,,,,"591913.67",,,,,,""
"2021-08-11","'3138M0BL3'","MBS","UMBS MORTPASS 2.5% 08/27","15yr",,,,,"591865.79",,,,,,""
"2021-08-11","'3140HNVZ2'","MBS","UMBS MORTPASS 4.5% 11/48","30yr",,,,,"591582.77",,,,,,""
"2021-08-11","'3132KFP71'","MBS","FHLMCGLD 2.5% 10/31","15yr",,,,,"591473.67",,,,,,""
"2021-08-11","'3138WKRH0'","MBS","UMBS MORTPASS 4% 05/47","30yr",,,,,"591397.44",,,,,,""
"2021-08-11","'3132A9QW0'","MBS","UMBS MORTPASS 2.5% 06/30","15yr",,,,,"591111.92",,,,,,""
"2021-08-11","'3140HD4A9'","MBS","UMBS MORTPASS 4% 05/48","30yr",,,,,"591045.33",,,,,,""
"2021-08-11","'3140KKGD0'","MBS","UMBS MORTPASS 2% 08/50","30yr",,,,,"590791.63",,,,,,""
"2021-08-11","'3140EUK99'","MBS","UMBS MORTPASS 2.5% 03/31","15yr",,,,,"590772.34",,,,,,""
"2021-08-11","'3140GUMX2'","MBS","UMBS MORTPASS 2.5% 11/32","15yr",,,,,"590561.93",,,,,,""
"2021-08-11","'36295CKT7'","MBS","GNMA I 3.5% 09/43","30yr",,,,,"590273.77",,,,,,""
"2021-08-11","'3140L4HL6'","MBS","UMBS MORTPASS 2% 03/51","30yr",,,,,"590151.25",,,,,,""
"2021-08-11","'3132A8Q44'","MBS","UMBS MORTPASS 2.5% 05/31","15yr",,,,,"589919.97",,,,,,""
"2021-08-11","'3132QQXC1'","MBS","FHLMCGLD 4% 06/45","30yr",,,,,"589732.91",,,,,,""
"2021-08-11","'3138MJAW9'","MBS","UMBS MORTPASS 3% 10/27","15yr",,,,,"589678.96",,,,,,""
"2021-08-11","'31419JRH3'","MBS","UMBS MORTPASS 3% 10/25","15yr",,,,,"589597.34",,,,,,""
"2021-08-11","'3140HASW1'","MBS","UMBS MORTPASS 3.5% 05/48","30yr",,,,,"589504.95",,,,,,""
"2021-08-11","'3132M4RV9'","MBS","FHLMCGLD 3.5% 01/44","30yr",,,,,"589371.31",,,,,,""
"2021-08-11","'3132A5F59'","MBS","UMBS MORTPASS 3% 11/46","30yr",,,,,"589286.3",,,,,,""
"2021-08-11","'3140FLPT9'","MBS","UMBS MORTPASS 2.5% 10/31","15yr",,,,,"589233.36",,,,,,""
"2021-08-11","'31412UNQ9'","MBS","UMBS MORTPASS 6% 06/39","30yr",,,,,"588683.29",,,,,,""
"2021-08-11","'3140F8KV8'","MBS","UMBS MORTPASS 3% 06/46","30yr",,,,,"588557.54",,,,,,""
"2021-08-11","'36202FDA1'","MBS","GNMA II MORTPASS 4% 12/39","30yr",,,,,"588321.05",,,,,,""
"2021-08-11","'3138WJ2C1'","MBS","UMBS MORTPASS 2.5% 06/30","15yr",,,,,"588310.76",,,,,,""
"2021-08-11","'3132J75L2'","MBS","FHLMCGLD 4% 02/43","30yr",,,,,"588189.81",,,,,,""
"2021-08-11","'3138WJKA5'","MBS","UMBS MORTPASS 2.5% 11/31","15yr",,,,,"588075.27",,,,,,""
"2021-08-11","'3140FBUQ1'","MBS","UMBS MORTPASS 3% 09/31","15yr",,,,,"588034.93",,,,,,""
"2021-08-11","'3131X8J56'","MBS","UMBS MORTPASS 2.5% 12/27","15yr",,,,,"587806.63",,,,,,""
"2021-08-11","'3138M4MY5'","MBS","UMBS MORTPASS 3.5% 08/27","15yr",,,,,"587802.34",,,,,,""
"2021-08-11","'31307GFL8'","MBS","FHLMCGLD 3% 02/29","15yr",,,,,"587786.99",,,,,,""
"2021-08-11","'31418BNP7'","MBS","UMBS MORTPASS 3% 03/35","Other",,,,,"587749.04",,,,,,""
"2021-08-11","'3138MKLC8'","MBS","UMBS MORTPASS 3% 02/28","15yr",,,,,"587575.72",,,,,,""
"2021-08-11","'3140HAQF0'","MBS","UMBS MORTPASS 3% 03/33","15yr",,,,,"587550.3",,,,,,""
"2021-08-11","'31418CDK7'","MBS","UMBS MORTPASS 2.5% 11/46","30yr",,,,,"587400.8",,,,,,""
"2021-08-11","'3138MBA48'","MBS","UMBS MORTPASS 3% 08/42","30yr",,,,,"587076.08",,,,,,""
"2021-08-11","'3140X4T48'","MBS","UMBS MORTPASS 2% 11/31","15yr",,,,,"586889.43",,,,,,""
"2021-08-11","'3140H3UA2'","MBS","UMBS MORTPASS 3.5% 10/47","30yr",,,,,"586857.16",,,,,,""
"2021-08-11","'3140EVK22'","MBS","UMBS MORTPASS 3% 07/46","30yr",,,,,"586401.84",,,,,,""
"2021-08-11","'36180UEG0'","MBS","GNMA I MORTPASS 3% 04/43","30yr",,,,,"586393.69",,,,,,""
"2021-08-11","'31307BCN8'","MBS","FHLMCGLD 3% 03/28","15yr",,,,,"586164.76",,,,,,""
"2021-08-11","'3132QTJ23'","MBS","FHLMCGLD 3.5% 10/45","30yr",,,,,"586117.71",,,,,,""
"2021-08-11","'3140QERV6'","MBS","UMBS MORTPASS 2% 08/50","30yr",,,,,"586085.27",,,,,,""
"2021-08-11","'3140HKLX4'","MBS","UMBS MORTPASS 3.5% 06/33","15yr",,,,,"585781.14",,,,,,""
"2021-08-11","'3131XY6V6'","MBS","UMBS MORTPASS 3.5% 01/48","30yr",,,,,"585762.77",,,,,,""
"2021-08-11","'36178GQ23'","MBS","GNMA I MORTPASS 3% 09/42","30yr",,,,,"585721.82",,,,,,""
"2021-08-11","'3138YTUN2'","MBS","UMBS MORTPASS 3% 06/45","30yr",,,,,"585541.97",,,,,,""
"2021-08-11","'3140JRRY9'","MBS","UMBS MORTPASS 3% 06/34","15yr",,,,,"585281.86",,,,,,""
"2021-08-11","'3132A8GG8'","MBS","UMBS MORTPASS 2.5% 05/26","Other",,,,,"585097.38",,,,,,""
"2021-08-11","'36178HY30'","MBS","GNMA I MORTPASS 3% 04/43","30yr",,,,,"584845.83",,,,,,""
"2021-08-11","'3138Y7ER9'","MBS","UMBS MORTPASS 2.5% 08/31","15yr",,,,,"584751.06",,,,,,""
"2021-08-11","'36176QQF4'","MBS","GNMA I 3.5% 04/42","30yr",,,,,"584619.77",,,,,,""
"2021-08-11","'3140HHDU6'","MBS","UMBS MORTPASS 3% 03/33","15yr",,,,,"584236.11",,,,,,""
"2021-08-11","'31418AD47'","MBS","UMBS MORTPASS 3% 03/32","Other",,,,,"584096.2",,,,,,""
"2021-08-11","'3138X1ZX7'","MBS","UMBS MORTPASS 3.5% 07/43","30yr",,,,,"584055.64",,,,,,""
"2021-08-11","'36297JN91'","MBS","GNMA I MORTPASS 4% 05/39","30yr",,,,,"583917.56",,,,,,""
"2021-08-11","'31417QVT8'","MBS","UMBS MORTPASS 4% 11/24","15yr",,,,,"583815.35",,,,,,""
"2021-08-11","'36178QJR4'","MBS","GNMA I MORTPASS 3% 01/43","30yr",,,,,"583491.01",,,,,,""
"2021-08-11","'3132M3DG9'","MBS","FHLMCGLD 3.5% 11/43","30yr",,,,,"583079.25",,,,,,""
"2021-08-11","'3138LUQ99'","MBS","UMBS MORTPASS 3% 05/27","15yr",,,,,"582929.87",,,,,,""
"2021-08-11","'3140JGHA6'","MBS","UMBS MORTPASS 4% 09/48","30yr",,,,,"582874.69",,,,,,""
"2021-08-11","'3140GXMD0'","MBS","UMBS MORTPASS 2.5% 10/32","15yr",,,,,"582771.82",,,,,,""
"2021-08-11","'31307G4Q9'","MBS","FHLMCGLD 3% 05/29","15yr",,,,,"582625.83",,,,,,""
"2021-08-11","'31418AEH7'","MBS","UMBS MORTPASS 3% 04/27","15yr",,,,,"582478.56",,,,,,""
"2021-08-11","'3131X86T8'","MBS","UMBS MORTPASS 2% 05/23","Other",,,,,"582260.44",,,,,,""
"2021-08-11","'3620AAKC1'","MBS","GNMA I 4.5% 10/39","30yr",,,,,"582243.08",,,,,,""
"2021-08-11","'3131Y3QN9'","MBS","UMBS MORTPASS 4% 09/48","30yr",,,,,"582133.98",,,,,,""
"2021-08-11","'36176H4U5'","MBS","GNMA I MORTPASS 3% 03/43","30yr",,,,,"582052.81",,,,,,""
"2021-08-11","'3133KKUW7'","MBS","UMBS MORTPASS 2.5% 12/50","30yr",,,,,"581818.53",,,,,,""
"2021-08-11","'31307NYJ7'","MBS","FHLMCGLD 2.5% 08/30","15yr",,,,,"581600.07",,,,,,""
"2021-08-11","'3140HMJY1'","MBS","UMBS MORTPASS 4% 07/48","30yr",,,,,"581582.45",,,,,,""
"2021-08-11","'3140K2MH4'","MBS","UMBS MORTPASS 1.5% 03/51","30yr",,,,,"581525.3",,,,,,""
"2021-08-11","'3138Y7EJ7'","MBS","UMBS MORTPASS 2% 08/31","15yr",,,,,"581487.51",,,,,,""
"2021-08-11","'3131X8JQ0'","MBS","UMBS MORTPASS 2.5% 12/27","15yr",,,,,"581463.76",,,,,,""
"2021-08-11","'36297BEH0'","MBS","GNMA I MORTPASS 4% 04/39","30yr",,,,,"581395.06",,,,,,""
"2021-08-11","'3138WHT77'","MBS","UMBS MORTPASS 2% 08/26","Other",,,,,"581145.57",,,,,,""
"2021-08-11","'36296UG20'","MBS","GNMA I MORTPASS 5% 04/39","30yr",,,,,"580968.1",,,,,,""
"2021-08-11","'3140F9AV7'","MBS","UMBS MORTPASS 2.5% 08/31","15yr",,,,,"580912.79",,,,,,""
"2021-08-11","'3140X4Z33'","MBS","UMBS MORTPASS 2.5% 01/33","15yr",,,,,"580886.01",,,,,,""
"2021-08-11","'31410LNT5'","MBS","UMBS MORTPASS 2.5% 01/24","Other",,,,,"580869.18",,,,,,""
"2021-08-11","'3138MFM79'","MBS","UMBS MORTPASS 3% 10/27","15yr",,,,,"580338.83",,,,,,""
"2021-08-11","'3132A5FV2'","MBS","UMBS MORTPASS 2.5% 09/46","30yr",,,,,"580301.42",,,,,,""
"2021-08-11","'31307QRS8'","MBS","FHLMCGLD 2.5% 04/31","15yr",,,,,"580274",,,,,,""
"2021-08-11","'3140J76W0'","MBS","UMBS MORTPASS 3% 07/26","Other",,,,,"580200.31",,,,,,""
"2021-08-11","'3140H6HL6'","MBS","UMBS MORTPASS 3% 12/32","15yr",,,,,"580130.75",,,,,,""
"2021-08-11","'3138WJVA3'","MBS","UMBS MORTPASS 2.5% 02/32","15yr",,,,,"580057.04",,,,,,""
"2021-08-11","'3140H5N64'","MBS","UMBS MORTPASS 3.5% 02/48","30yr",,,,,"579957.61",,,,,,""
"2021-08-11","'3140E5XZ2'","MBS","UMBS MORTPASS 3% 10/30","15yr",,,,,"579552.81",,,,,,""
"2021-08-11","'3140JPFE0'","MBS","UMBS MORTPASS 4% 06/49","30yr",,,,,"579377.9",,,,,,""
"2021-08-11","'3620ADQT2'","MBS","GNMA I MORTPASS 5% 10/39","30yr",,,,,"579327.47",,,,,,""
"2021-08-11","'3132J6X74'","MBS","FHLMCGLD 3.5% 02/43","30yr",,,,,"579306.35",,,,,,""
"2021-08-11","'3620A8U27'","MBS","GNMA I MORTPASS 5% 12/39","30yr",,,,,"579272.02",,,,,,""
"2021-08-11","'36180HTE8'","MBS","GNMA I MORTPASS 3% 03/43","30yr",,,,,"579207.17",,,,,,""
"2021-08-11","'3140J5LV9'","MBS","UMBS MORTPASS 3.5% 02/32","15yr",,,,,"579191.29",,,,,,""
"2021-08-11","'3138MQEN9'","MBS","UMBS MORTPASS 2.5% 02/23","Other",,,,,"579086.29",,,,,,""
"2021-08-11","'3138WB2H7'","MBS","UMBS MORTPASS 2.5% 06/29","15yr",,,,,"579084.78",,,,,,""
"2021-08-11","'31346YNL3'","MBS","UMBS MORTPASS 3% 10/49","30yr",,,,,"578889.46",,,,,,""
"2021-08-11","'36180UNW5'","MBS","GNMA I MORTPASS 3% 06/43","30yr",,,,,"578471.86",,,,,,""
"2021-08-11","'31307SXT5'","MBS","FHLMCGLD 3% 01/32","15yr",,,,,"578376.53",,,,,,""
"2021-08-11","'3131Y1W22'","MBS","UMBS MORTPASS 4% 06/48","30yr",,,,,"578369.54",,,,,,""
"2021-08-11","'3140H7DZ7'","MBS","UMBS MORTPASS 3% 03/33","15yr",,,,,"578299.81",,,,,,""
"2021-08-11","'31307EV27'","MBS","FHLMCGLD 3.5% 10/28","15yr",,,,,"578036.58",,,,,,""
"2021-08-11","'3132WKMA3'","MBS","FHLMCGLD 4.5% 01/47","30yr",,,,,"578034.8",,,,,,""
"2021-08-11","'3140LTDW1'","MBS","UMBS MORTPASS 2% 07/51","30yr",,,,,"578000",,,,,,""
"2021-08-11","'3620AHLR2'","MBS","GNMA I 4.5% 01/40","30yr",,,,,"577889.57",,,,,,""
"2021-08-11","'3133A0E42'","MBS","UMBS MORTPASS 3% 12/49","30yr",,,,,"577820.83",,,,,,""
"2021-08-11","'3140EV5H6'","MBS","UMBS MORTPASS 3.5% 01/46","30yr",,,,,"577465.7",,,,,,""
"2021-08-11","'3132M3AK3'","MBS","FHLMCGLD 4% 11/43","30yr",,,,,"577304.41",,,,,,""
"2021-08-11","'3140X4ZP4'","MBS","UMBS MORTPASS 3% 07/30","15yr",,,,,"577112.29",,,,,,""
"2021-08-11","'31307F6P1'","MBS","FHLMCGLD 3.5% 01/29","15yr",,,,,"576998.89",,,,,,""
"2021-08-11","'3138MDWT5'","MBS","UMBS MORTPASS 3% 10/27","15yr",,,,,"576844.51",,,,,,""
"2021-08-11","'3140FLAY4'","MBS","UMBS MORTPASS 3% 10/31","15yr",,,,,"576799.21",,,,,,""
"2021-08-11","'31307GSE0'","MBS","FHLMCGLD 3% 03/29","15yr",,,,,"576624",,,,,,""
"2021-08-11","'3140KVGN4'","MBS","UMBS MORTPASS 2% 01/51","30yr",,,,,"576447.6",,,,,,""
"2021-08-11","'31307MGB6'","MBS","FHLMCGLD 2.5% 04/30","15yr",,,,,"576223.15",,,,,,""
"2021-08-11","'3132A7MH1'","MBS","UMBS MORTPASS 2% 03/23","Other",,,,,"576207.19",,,,,,""
"2021-08-11","'31417SYE4'","MBS","UMBS MORTPASS 4% 11/24","15yr",,,,,"576171.88",,,,,,""
"2021-08-11","'3140JSFC8'","MBS","UMBS MORTPASS 3% 04/34","15yr",,,,,"576089.54",,,,,,""
"2021-08-11","'3138X7N25'","MBS","UMBS MORTPASS 2.5% 09/28","15yr",,,,,"575953.92",,,,,,""
"2021-08-11","'3140K33X8'","MBS","UMBS MORTPASS 3% 02/50","30yr",,,,,"575941.73",,,,,,""
"2021-08-11","'3140HJTH4'","MBS","UMBS MORTPASS 3% 05/33","15yr",,,,,"575761.3",,,,,,""
"2021-08-11","'3138WB2L8'","MBS","UMBS MORTPASS 3% 06/29","15yr",,,,,"575568.73",,,,,,""
"2021-08-11","'3138YXW35'","MBS","UMBS MORTPASS 3.5% 10/45","30yr",,,,,"575556.92",,,,,,""
"2021-08-11","'36177RBU4'","MBS","GNMA I 3.5% 01/43","30yr",,,,,"575396.83",,,,,,""
"2021-08-11","'31307RU52'","MBS","FHLMCGLD 2.5% 08/31","15yr",,,,,"575335.67",,,,,,""
"2021-08-11","'3138XMJ68'","MBS","UMBS MORTPASS 4% 02/44","30yr",,,,,"574740.67",,,,,,""
"2021-08-11","'3138X4SY7'","MBS","UMBS MORTPASS 2.5% 10/28","15yr",,,,,"574669.78",,,,,,""
"2021-08-11","'3140HFLG2'","MBS","UMBS MORTPASS 3.5% 02/50","30yr",,,,,"574618.26",,,,,,""
"2021-08-11","'3620A1X60'","MBS","GNMA I 4.5% 06/39","30yr",,,,,"574279.67",,,,,,""
"2021-08-11","'36179BZV9'","MBS","GNMA I 3.5% 12/42","30yr",,,,,"574125.29",,,,,,""
"2021-08-11","'3132WDHA5'","MBS","FHLMCGLD 3% 05/46","30yr",,,,,"574118.33",,,,,,""
"2021-08-11","'3138LTTT5'","MBS","UMBS MORTPASS 3% 10/27","15yr",,,,,"574042.2",,,,,,""
"2021-08-11","'31307JKS1'","MBS","FHLMCGLD 2.5% 09/29","15yr",,,,,"573986.65",,,,,,""
"2021-08-11","'3132L77L7'","MBS","FHLMCGLD 3.5% 03/45","30yr",,,,,"573616.47",,,,,,""
"2021-08-11","'3131Y1GX2'","MBS","UMBS MORTPASS 4% 05/48","30yr",,,,,"573537.98",,,,,,""
"2021-08-11","'3138WCZ22'","MBS","UMBS MORTPASS 3% 10/29","15yr",,,,,"573357.43",,,,,,""
"2021-08-11","'36177JRT8'","MBS","GNMA I 3.5% 01/42","30yr",,,,,"573357.09",,,,,,""
"2021-08-11","'31417D4N0'","MBS","UMBS MORTPASS 2% 12/22","Other",,,,,"573248.94",,,,,,""
"2021-08-11","'3140HEKG6'","MBS","UMBS MORTPASS 3.5% 02/48","30yr",,,,,"573230.13",,,,,,""
"2021-08-11","'31307U4Z8'","MBS","FHLMCGLD 3% 11/32","15yr",,,,,"573017.1",,,,,,""
"2021-08-11","'3138WFRS7'","MBS","UMBS MORTPASS 2.5% 10/30","15yr",,,,,"573005.49",,,,,,""
"2021-08-11","'3138W9SB7'","MBS","UMBS MORTPASS 2.5% 08/43","30yr",,,,,"572989.76",,,,,,""
"2021-08-11","'3132J6FS8'","MBS","FHLMCGLD 4% 01/43","30yr",,,,,"572905.11",,,,,,""
"2021-08-11","'36176L3T0'","MBS","GNMA I 3.5% 03/42","30yr",,,,,"572715.58",,,,,,""
"2021-08-11","'3138Y7CT7'","MBS","UMBS MORTPASS 2.5% 10/30","15yr",,,,,"572648.39",,,,,,""
"2021-08-11","'31307UEV6'","MBS","FHLMCGLD 2.5% 07/32","15yr",,,,,"572614.51",,,,,,""
"2021-08-11","'3140QBHN1'","MBS","UMBS MORTPASS 4% 07/49","30yr",,,,,"572606.54",,,,,,""
"2021-08-11","'3138WZZ88'","MBS","UMBS MORTPASS 2.5% 06/28","15yr",,,,,"572491.86",,,,,,""
"2021-08-11","'3138XR2X6'","MBS","UMBS MORTPASS 3% 06/29","15yr",,,,,"572474.35",,,,,,""
"2021-08-11","'3138WGEL4'","MBS","UMBS MORTPASS 3% 12/30","15yr",,,,,"572451.08",,,,,,""
"2021-08-11","'31410LN99'","MBS","UMBS MORTPASS 2% 09/24","Other",,,,,"572401.5",,,,,,""
"2021-08-11","'3138MKL95'","MBS","UMBS MORTPASS 2.5% 06/28","15yr",,,,,"572147.1",,,,,,""
"2021-08-11","'3138YVTM1'","MBS","UMBS MORTPASS 3% 06/45","30yr",,,,,"572030.36",,,,,,""
"2021-08-11","'3140JHE66'","MBS","UMBS MORTPASS 3.5% 10/33","15yr",,,,,"571590.37",,,,,,""
"2021-08-11","'31329LBW1'","MBS","UMBS MORTPASS 2.5% 06/27","15yr",,,,,"571432.76",,,,,,""
"2021-08-11","'3128MDGW7'","MBS","FHLMCGLD 3.5% 11/26","15yr",,,,,"571431.71",,,,,,""
"2021-08-11","'3140H7L54'","MBS","UMBS MORTPASS 4% 05/48","30yr",,,,,"571429.72",,,,,,""
"2021-08-11","'36295LTQ4'","MBS","GNMA I 4.5% 05/39","30yr",,,,,"571338.8",,,,,,""
"2021-08-11","'3140HGRW9'","MBS","UMBS MORTPASS 3% 03/33","15yr",,,,,"570970",,,,,,""
"2021-08-11","'3140H2KL1'","MBS","UMBS MORTPASS 2.5% 01/33","15yr",,,,,"570913.36",,,,,,""
"2021-08-11","'3140KUEF5'","MBS","UMBS MORTPASS 2.5% 11/50","30yr",,,,,"570862.93",,,,,,""
"2021-08-11","'3131YBWD6'","MBS","UMBS MORTPASS 3% 04/34","15yr",,,,,"570812.06",,,,,,""
"2021-08-11","'36180UBB4'","MBS","GNMA I MORTPASS 3% 04/43","30yr",,,,,"570470.76",,,,,,""
"2021-08-11","'3140HMHM9'","MBS","UMBS MORTPASS 3.5% 08/48","30yr",,,,,"570467.26",,,,,,""
"2021-08-11","'3140HAP61'","MBS","UMBS MORTPASS 3% 02/33","15yr",,,,,"570374.2",,,,,,""
"2021-08-11","'3128PMV49'","MBS","FHLMCGLD 4% 04/24","15yr",,,,,"570288.17",,,,,,""
"2021-08-11","'3140JK7J9'","MBS","UMBS MORTPASS 4% 12/48","30yr",,,,,"570273.53",,,,,,""
"2021-08-11","'31334YTD9'","MBS","UMBS MORTPASS 3% 09/49","30yr",,,,,"570242.95",,,,,,""
"2021-08-11","'3140QF5F2'","MBS","UMBS MORTPASS 2.5% 12/50","30yr",,,,,"569991.11",,,,,,""
"2021-08-11","'3620AUNT7'","MBS","GNMA I MORTPASS 3% 10/42","30yr",,,,,"569990.18",,,,,,""
"2021-08-11","'31329MG38'","MBS","UMBS MORTPASS 3% 07/30","15yr",,,,,"569922.96",,,,,,""
"2021-08-11","'31307TAG6'","MBS","FHLMCGLD 2.5% 02/32","15yr",,,,,"569870.51",,,,,,""
"2021-08-11","'3128PMPA2'","MBS","FHLMCGLD 4% 03/24","15yr",,,,,"569771.23",,,,,,""
"2021-08-11","'36176YFE2'","MBS","GNMA I 3.5% 11/41","30yr",,,,,"569508.9",,,,,,""
"2021-08-11","'3138WJC97'","MBS","UMBS MORTPASS 2.5% 10/31","15yr",,,,,"569309.41",,,,,,""
"2021-08-11","'36296JPV1'","MBS","GNMA I 4.5% 06/39","30yr",,,,,"569018",,,,,,""
"2021-08-11","'3140E1SC8'","MBS","UMBS MORTPASS 4% 09/45","30yr",,,,,"569002.66",,,,,,""
"2021-08-11","'3132A8UQ0'","MBS","UMBS MORTPASS 3% 08/30","15yr",,,,,"568827.34",,,,,,""
"2021-08-11","'31307WG57'","MBS","FHLMCGLD 3% 07/33","15yr",,,,,"568628.67",,,,,,""
"2021-08-11","'3138NYQB4'","MBS","UMBS MORTPASS 2.5% 02/28","15yr",,,,,"568467.34",,,,,,""
"2021-08-11","'31307UMR6'","MBS","FHLMCGLD 3.5% 09/32","15yr",,,,,"568397.37",,,,,,""
"2021-08-11","'3140HPMN4'","MBS","UMBS MORTPASS 3.5% 08/48","30yr",,,,,"568191.78",,,,,,""
"2021-08-11","'36180HUH9'","MBS","GNMA I MORTPASS 3% 04/43","30yr",,,,,"567676.66",,,,,,""
"2021-08-11","'3140H7Q83'","MBS","UMBS MORTPASS 3.5% 01/48","30yr",,,,,"567524.96",,,,,,""
"2021-08-11","'3140GYHM4'","MBS","UMBS MORTPASS 3% 01/33","15yr",,,,,"567458.85",,,,,,""
"2021-08-11","'3131XWMH3'","MBS","UMBS MORTPASS 4% 04/47","30yr",,,,,"567367.18",,,,,,""
"2021-08-11","'3128P7NS8'","MBS","FHLMCGLD 4% 05/30","Other",,,,,"567298.82",,,,,,""
"2021-08-11","'36176H6P4'","MBS","GNMA I 3.5% 09/43","30yr",,,,,"567282.47",,,,,,""
"2021-08-11","'3620A7J63'","MBS","GNMA I 4.5% 11/39","30yr",,,,,"567237.96",,,,,,""
"2021-08-11","'3138ELQA4'","MBS","UMBS MORTPASS 3% 03/28","15yr",,,,,"567125.63",,,,,,""
"2021-08-11","'31418CKX1'","MBS","UMBS MORTPASS 2.5% 05/27","Other",,,,,"567085.7",,,,,,""
"2021-08-11","'3140JXJL3'","MBS","UMBS MORTPASS 3.5% 09/49","30yr",,,,,"567080.45",,,,,,""
"2021-08-11","'3138YXLU7'","MBS","UMBS MORTPASS 3.5% 09/30","15yr",,,,,"566850.15",,,,,,""
"2021-08-11","'31407PW95'","MBS","UMBS MORTPASS 5% 10/35","30yr",,,,,"566597.38",,,,,,""
"2021-08-11","'3138LWCN9'","MBS","UMBS MORTPASS 2.5% 07/27","15yr",,,,,"566471.04",,,,,,""
"2021-08-11","'36178D6X4'","MBS","GNMA I MORTPASS 3% 04/43","30yr",,,,,"566378.69",,,,,,""
"2021-08-11","'3133KHFW1'","MBS","UMBS MORTPASS 3% 01/50","30yr",,,,,"566121.75",,,,,,""
"2021-08-11","'31307SXK4'","MBS","FHLMCGLD 3% 01/32","15yr",,,,,"565934.01",,,,,,""
"2021-08-11","'3132QMQM6'","MBS","FHLMCGLD 3% 02/45","30yr",,,,,"565835.1",,,,,,""
"2021-08-11","'31418AN87'","MBS","UMBS MORTPASS 2.5% 01/33","Other",,,,,"565638.44",,,,,,""
"2021-08-11","'3133A2WH9'","MBS","UMBS MORTPASS 2.5% 03/50","30yr",,,,,"565542.51",,,,,,""
"2021-08-11","'31416XKE9'","MBS","UMBS MORTPASS 4% 01/41","30yr",,,,,"565393.25",,,,,,""
"2021-08-11","'3140HPYL5'","MBS","UMBS MORTPASS 3.5% 08/48","30yr",,,,,"565051.54",,,,,,""
"2021-08-11","'3138MPCX1'","MBS","UMBS MORTPASS 2.5% 12/27","15yr",,,,,"565030.35",,,,,,""
"2021-08-11","'3140E2TE1'","MBS","UMBS MORTPASS 2.5% 11/30","15yr",,,,,"565006.38",,,,,,""
"2021-08-11","'3140EVAN7'","MBS","UMBS MORTPASS 3% 05/31","15yr",,,,,"564912.72",,,,,,""
"2021-08-11","'36176QPM0'","MBS","GNMA I 3.5% 03/42","30yr",,,,,"564892.03",,,,,,""
"2021-08-11","'3140H2HF8'","MBS","UMBS MORTPASS 3% 12/32","15yr",,,,,"564808.62",,,,,,""
"2021-08-11","'3140X62N0'","MBS","UMBS MORTPASS 2.5% 06/50","30yr",,,,,"564668.69",,,,,,""
"2021-08-11","'3140FDC87'","MBS","UMBS MORTPASS 2.5% 08/31","15yr",,,,,"564596.55",,,,,,""
"2021-08-11","'3133LPR74'","MBS","UMBS MORTPASS 3% 09/29","Other",,,,,"564501.67",,,,,,""
"2021-08-11","'3132M4NZ4'","MBS","FHLMCGLD 3.5% 01/44","30yr",,,,,"564483.75",,,,,,""
"2021-08-11","'31418BSE7'","MBS","UMBS MORTPASS 3.5% 06/25","Other",,,,,"564472.43",,,,,,""
"2021-08-11","'31307NJA3'","MBS","FHLMCGLD 3% 06/30","15yr",,,,,"564463.34",,,,,,""
"2021-08-11","'3138M9VB4'","MBS","UMBS MORTPASS 2% 01/28","15yr",,,,,"564431.6",,,,,,""
"2021-08-11","'31307SVA8'","MBS","FHLMCGLD 3% 01/32","15yr",,,,,"564429.18",,,,,,""
"2021-08-11","'3140X6UM1'","MBS","UMBS MORTPASS 2.5% 05/50","30yr",,,,,"564341.11",,,,,,""
"2021-08-11","'31329PNK5'","MBS","UMBS MORTPASS 3.5% 10/38","Other",,,,,"564285.57",,,,,,""
"2021-08-11","'3140FFEK3'","MBS","UMBS MORTPASS 3.5% 09/46","30yr",,,,,"564257.28",,,,,,""
"2021-08-11","'3140E6GB2'","MBS","UMBS MORTPASS 4% 10/45","30yr",,,,,"564099.49",,,,,,""
"2021-08-11","'31418DD58'","MBS","UMBS MORTPASS 2.5% 06/49","30yr",,,,,"564006.94",,,,,,""
"2021-08-11","'3132JNUM7'","MBS","FHLMCGLD 3.5% 08/43","30yr",,,,,"563994.58",,,,,,""
"2021-08-11","'31307T3V1'","MBS","FHLMCGLD 2.5% 06/32","15yr",,,,,"563837.23",,,,,,""
"2021-08-11","'31329KYA6'","MBS","UMBS MORTPASS 3.5% 05/38","Other",,,,,"563761.5",,,,,,""
"2021-08-11","'31417GST4'","MBS","UMBS MORTPASS 2.5% 06/28","15yr",,,,,"563516.15",,,,,,""
"2021-08-11","'3132A8BL2'","MBS","UMBS MORTPASS 2.5% 08/25","Other",,,,,"563497.21",,,,,,""
"2021-08-11","'3138MLYD0'","MBS","UMBS MORTPASS 2.5% 11/22","Other",,,,,"563463.02",,,,,,""
"2021-08-11","'3131X7LQ9'","MBS","UMBS MORTPASS 3% 03/27","15yr",,,,,"563398.99",,,,,,""
"2021-08-11","'36181JB44'","MBS","GNMA I MORTPASS 3% 08/43","30yr",,,,,"563368.71",,,,,,""
"2021-08-11","'3132WHDQ5'","MBS","FHLMCGLD 3% 10/46","30yr",,,,,"563209.62",,,,,,""
"2021-08-11","'3138X3UK6'","MBS","UMBS MORTPASS 3% 07/28","15yr",,,,,"563181.02",,,,,,""
"2021-08-11","'3138WRQY9'","MBS","UMBS MORTPASS 2% 04/28","15yr",,,,,"563166.56",,,,,,""
"2021-08-11","'3138YGF31'","MBS","UMBS MORTPASS 2.5% 04/30","15yr",,,,,"563143.65",,,,,,""
"2021-08-11","'3138X7XB4'","MBS","UMBS MORTPASS 3% 09/28","15yr",,,,,"563035.15",,,,,,""
"2021-08-11","'3131Y9DQ3'","MBS","UMBS MORTPASS 3% 01/49","30yr",,,,,"563012.42",,,,,,""
"2021-08-11","'36178B3H6'","MBS","GNMA I 3.5% 07/42","30yr",,,,,"562664.44",,,,,,""
"2021-08-11","'3138WJZE1'","MBS","UMBS MORTPASS 3% 02/27","Other",,,,,"562509.8",,,,,,""
"2021-08-11","'3138Y22A0'","MBS","UMBS MORTPASS 2.5% 10/29","15yr",,,,,"562431.64",,,,,,""
"2021-08-11","'3133D3AZ8'","MBS","UMBS MORTPASS 3% 07/39","Other",,,,,"562345.42",,,,,,""
"2021-08-11","'31307QR41'","MBS","FHLMCGLD 3% 04/31","15yr",,,,,"562335.07",,,,,,""
"2021-08-11","'3138ERXD7'","MBS","UMBS MORTPASS 3% 12/26","Other",,,,,"562242.93",,,,,,""
"2021-08-11","'3138WJKB3'","MBS","UMBS MORTPASS 2.5% 11/31","15yr",,,,,"562086.68",,,,,,""
"2021-08-11","'3140FGWS4'","MBS","UMBS MORTPASS 2.5% 12/31","15yr",,,,,"562073.36",,,,,,""
"2021-08-11","'3138ED5A5'","MBS","UMBS MORTPASS 2.5% 04/27","15yr",,,,,"561950.57",,,,,,""
"2021-08-11","'3133A3F78'","MBS","UMBS 3.0%","30yr",,,,,"561794.83",,,,,,""
"2021-08-11","'3140H9HV8'","MBS","UMBS MORTPASS 3% 11/33","15yr",,,,,"561726.52",,,,,,""
"2021-08-11","'3132M7HC5'","MBS","FHLMCGLD 4% 06/44","30yr",,,,,"561664.16",,,,,,""
"2021-08-11","'3132J8XD7'","MBS","FHLMCGLD 4% 04/43","30yr",,,,,"561474.02",,,,,,""
"2021-08-11","'3138YBS53'","MBS","UMBS MORTPASS 2.5% 02/30","15yr",,,,,"561357.74",,,,,,""
"2021-08-11","'31417ARK7'","MBS","UMBS MORTPASS 3% 12/26","15yr",,,,,"561312.38",,,,,,""
"2021-08-11","'36179EH27'","MBS","GNMA I MORTPASS 3% 01/43","30yr",,,,,"561066.19",,,,,,""
"2021-08-11","'36176LWG6'","MBS","GNMA I 3.5% 12/41","30yr",,,,,"560703.88",,,,,,""
"2021-08-11","'31416YUX4'","MBS","UMBS MORTPASS 3% 07/26","15yr",,,,,"560632.62",,,,,,""
"2021-08-11","'3132HQ2W1'","MBS","FHLMCGLD 3% 01/43","30yr",,,,,"560540.95",,,,,,""
"2021-08-11","'31307J3T8'","MBS","FHLMCGLD 3.5% 11/29","15yr",,,,,"560474.08",,,,,,""
"2021-08-11","'3138WEMK2'","MBS","UMBS MORTPASS 2.5% 04/30","15yr",,,,,"560440.74",,,,,,""
"2021-08-11","'3138ARBU7'","MBS","UMBS MORTPASS 3% 10/26","15yr",,,,,"560376.64",,,,,,""
"2021-08-11","'3133A3EQ7'","MBS","UMBS MORTPASS 2.5% 02/50","30yr",,,,,"560306.92",,,,,,""
"2021-08-11","'3138YYFJ7'","MBS","UMBS MORTPASS 3% 09/30","15yr",,,,,"560098.84",,,,,,""
"2021-08-11","'3138XJK30'","MBS","UMBS MORTPASS 3.5% 04/44","30yr",,,,,"560030.8",,,,,,""
"2021-08-11","'3138X0QR2'","MBS","UMBS MORTPASS 2.5% 07/28","15yr",,,,,"559941.14",,,,,,""
"2021-08-11","'31307TT68'","MBS","FHLMCGLD 2.5% 04/32","15yr",,,,,"559929.21",,,,,,""
"2021-08-11","'3140X55F6'","MBS","UMBS MORTPASS 2.5% 04/30","Other",,,,,"559887.74",,,,,,""
"2021-08-11","'31418AUE6'","MBS","UMBS MORTPASS 3% 06/23","Other",,,,,"559815.19",,,,,,""
"2021-08-11","'3138YLKU4'","MBS","UMBS MORTPASS 3.5% 04/45","30yr",,,,,"559718.02",,,,,,""
"2021-08-11","'36177PDH5'","MBS","GNMA I 3.5% 04/42","30yr",,,,,"559392.1",,,,,,""
"2021-08-11","'36180UPF0'","MBS","GNMA I 3.5% 07/43","30yr",,,,,"558950.49",,,,,,""
"2021-08-11","'3138WEU64'","MBS","UMBS MORTPASS 3.5% 06/45","30yr",,,,,"558913.71",,,,,,""
"2021-08-11","'3131Y3DN3'","MBS","UMBS MORTPASS 4.5% 09/48","30yr",,,,,"558730.78",,,,,,""
"2021-08-11","'31307PCM9'","MBS","FHLMCGLD 2.5% 07/30","15yr",,,,,"558609.53",,,,,,""
"2021-08-11","'36297FHL9'","MBS","GNMA I MORTPASS 4% 06/39","30yr",,,,,"558595.19",,,,,,""
"2021-08-11","'31418DNQ1'","MBS","UMBS MORTPASS 4.5% 04/50","30yr",,,,,"558549.51",,,,,,""
"2021-08-11","'3138XZ5B3'","MBS","UMBS MORTPASS 3% 07/29","15yr",,,,,"558370.48",,,,,,""
"2021-08-11","'3133KJ4D1'","MBS","UMBS MORTPASS 2% 09/50","30yr",,,,,"558352.81",,,,,,""
"2021-08-11","'3138WUNA7'","MBS","UMBS MORTPASS 2% 05/28","15yr",,,,,"558351.54",,,,,,""
"2021-08-11","'3620ADQW5'","MBS","GNMA I 4.5% 10/39","30yr",,,,,"558028.57",,,,,,""
"2021-08-11","'31412PZT1'","MBS","UMBS MORTPASS 5% 02/39","30yr",,,,,"558025.98",,,,,,""
"2021-08-11","'31371NLH6'","MBS","UMBS MORTPASS 6% 10/27","Other",,,,,"558015.58",,,,,,""
"2021-08-11","'31307PXJ3'","MBS","FHLMCGLD 2.5% 12/30","15yr",,,,,"557943.86",,,,,,""
"2021-08-11","'3132QNYR4'","MBS","FHLMCGLD 3% 04/45","30yr",,,,,"557860.9",,,,,,""
"2021-08-11","'3138WJE38'","MBS","UMBS MORTPASS 2.5% 11/26","Other",,,,,"557679.38",,,,,,""
"2021-08-11","'31307WB52'","MBS","FHLMCGLD 3% 05/33","15yr",,,,,"557636.16",,,,,,""
"2021-08-11","'31307RX91'","MBS","FHLMCGLD 2% 09/31","15yr",,,,,"557612.51",,,,,,""
"2021-08-11","'3140JQVF7'","MBS","UMBS MORTPASS 2.5% 10/49","30yr",,,,,"557259.69",,,,,,""
"2021-08-11","'31417BF36'","MBS","UMBS MORTPASS 2.5% 03/27","15yr",,,,,"557021.95",,,,,,""
"2021-08-11","'3138XUCG5'","MBS","UMBS MORTPASS 3% 06/29","15yr",,,,,"556805.62",,,,,,""
"2021-08-11","'31307TNG2'","MBS","FHLMCGLD 3% 04/27","15yr",,,,,"556751.26",,,,,,""
"2021-08-11","'31417EFP1'","MBS","UMBS MORTPASS 2% 12/27","15yr",,,,,"556687.01",,,,,,""
"2021-08-11","'3133A9ZV0'","MBS","UMBS MORTPASS 2.5% 09/50","30yr",,,,,"556560.93",,,,,,""
"2021-08-11","'3140HBZ50'","MBS","UMBS MORTPASS 3% 10/44","30yr",,,,,"556346.36",,,,,,""
"2021-08-11","'3132A9NK9'","MBS","UMBS MORTPASS 2% 08/28","15yr",,,,,"556191.28",,,,,,""
"2021-08-11","'3138ENBC2'","MBS","UMBS MORTPASS 2.5% 03/24","Other",,,,,"555760.8",,,,,,""
"2021-08-11","'3132A7KH3'","MBS","UMBS MORTPASS 3% 11/27","15yr",,,,,"555753.98",,,,,,""
"2021-08-11","'3140HNW57'","MBS","UMBS MORTPASS 4% 09/49","30yr",,,,,"555749.69",,,,,,""
"2021-08-11","'31334X3K3'","MBS","UMBS MORTPASS 3.5% 08/49","30yr",,,,,"555506.26",,,,,,""
"2021-08-11","'31307QUZ8'","MBS","FHLMCGLD 3.5% 04/31","15yr",,,,,"555499.46",,,,,,""
"2021-08-11","'3138XJ2N6'","MBS","UMBS MORTPASS 3% 08/30","15yr",,,,,"555492.92",,,,,,""
"2021-08-11","'3138WHVG4'","MBS","UMBS MORTPASS 4.5% 08/46","30yr",,,,,"555290.42",,,,,,""
"2021-08-11","'31307GS91'","MBS","FHLMCGLD 3% 03/29","15yr",,,,,"554861.45",,,,,,""
"2021-08-11","'31307PLH0'","MBS","FHLMCGLD 2.5% 10/30","15yr",,,,,"554776.09",,,,,,""
"2021-08-11","'31417NRV5'","MBS","UMBS MORTPASS 4.5% 08/39","30yr",,,,,"554735.87",,,,,,""
"2021-08-11","'3138W42B6'","MBS","UMBS MORTPASS 2.5% 04/28","15yr",,,,,"554694.86",,,,,,""
"2021-08-11","'3132DMD85'","MBS","UMBS MORTPASS 3% 12/48","30yr",,,,,"554532.74",,,,,,""
"2021-08-11","'3132M5UG5'","MBS","FHLMCGLD 3.5% 03/44","30yr",,,,,"554381.13",,,,,,""
"2021-08-11","'3132A7H87'","MBS","UMBS MORTPASS 2.5% 08/22","Other",,,,,"554356.84",,,,,,""
"2021-08-11","'3140X8BN6'","MBS","UMBS MORTPASS 2% 10/50","30yr",,,,,"554220.78",,,,,,""
"2021-08-11","'3138M7WL5'","MBS","UMBS MORTPASS 3.5% 08/42","30yr",,,,,"554128.53",,,,,,""
"2021-08-11","'3138WTYH3'","MBS","UMBS MORTPASS 2.5% 07/28","15yr",,,,,"553948.74",,,,,,""
"2021-08-11","'3140KDDG2'","MBS","UMBS MORTPASS 2.5% 06/50","30yr",,,,,"553919.01",,,,,,""
"2021-08-11","'3140X9K38'","MBS","UMBS MORTPASS 2.5% 02/51","30yr",,,,,"553506.31",,,,,,""
"2021-08-11","'3138YVFR5'","MBS","UMBS MORTPASS 3% 03/30","15yr",,,,,"553455.4",,,,,,""
"2021-08-11","'3138Y5WU6'","MBS","UMBS MORTPASS 2.5% 12/29","15yr",,,,,"553399.58",,,,,,""
"2021-08-11","'3140J5MY2'","MBS","UMBS MORTPASS 3% 05/32","15yr",,,,,"553235.66",,,,,,""
"2021-08-11","'3138ETJZ0'","MBS","UMBS MORTPASS 2% 10/23","Other",,,,,"552808.47",,,,,,""
"2021-08-11","'3138YE5P8'","MBS","UMBS MORTPASS 3.5% 02/45","30yr",,,,,"552334.07",,,,,,""
"2021-08-11","'36177UL28'","MBS","GNMA I 3.5% 07/42","30yr",,,,,"552256.95",,,,,,""
"2021-08-11","'3138LTYC6'","MBS","UMBS MORTPASS 3% 05/27","15yr",,,,,"552195.02",,,,,,""
"2021-08-11","'3140K1G34'","MBS","UMBS MORTPASS 4% 09/49","30yr",,,,,"552184.51",,,,,,""
"2021-08-11","'3140FVQR0'","MBS","UMBS MORTPASS 3% 03/32","15yr",,,,,"552178.49",,,,,,""
"2021-08-11","'3140H5MM0'","MBS","UMBS MORTPASS 2.5% 01/33","15yr",,,,,"552177.02",,,,,,""
"2021-08-11","'3128KU3K1'","MBS","FHLMCGLD 6% 08/37","30yr",,,,,"552023.75",,,,,,""
"2021-08-11","'3138YRQT8'","MBS","UMBS MORTPASS 3.5% 04/45","30yr",,,,,"551693.41",,,,,,""
"2021-08-11","'3138Y9TL2'","MBS","UMBS MORTPASS 3.5% 12/44","30yr",,,,,"551498.11",,,,,,""
"2021-08-11","'31417GCT1'","MBS","UMBS MORTPASS 2% 04/23","Other",,,,,"551434.9",,,,,,""
"2021-08-11","'3132MAUG4'","MBS","FHLMCGLD 3.5% 10/44","30yr",,,,,"551095.75",,,,,,""
"2021-08-11","'3138ERJD3'","MBS","UMBS MORTPASS 3.5% 08/31","15yr",,,,,"550771.03",,,,,,""
"2021-08-11","'31417GPH3'","MBS","UMBS MORTPASS 2.5% 05/28","15yr",,,,,"550761.3",,,,,,""
"2021-08-11","'31307M5S1'","MBS","FHLMCGLD 2.5% 05/30","15yr",,,,,"550653.19",,,,,,""
"2021-08-11","'3138X3BM3'","MBS","UMBS MORTPASS 3% 07/28","15yr",,,,,"550525.75",,,,,,""
"2021-08-11","'3132M9DG6'","MBS","FHLMCGLD 3.5% 09/44","30yr",,,,,"550281.32",,,,,,""
"2021-08-11","'31334WFA4'","MBS","UMBS MORTPASS 4% 06/49","30yr",,,,,"550138.99",,,,,,""
"2021-08-11","'36202FLM6'","MBS","GNMA II 3.5% 10/40","30yr",,,,,"549501.27",,,,,,""
"2021-08-11","'3138LU4P7'","MBS","UMBS MORTPASS 2.5% 08/27","15yr",,,,,"549297.78",,,,,,""
"2021-08-11","'3138XLX64'","MBS","UMBS MORTPASS 3% 01/29","15yr",,,,,"549244.02",,,,,,""
"2021-08-11","'36292EQU7'","MBS","GNMA I 4.5% 04/39","30yr",,,,,"549187.11",,,,,,""
"2021-08-11","'36180HJ74'","MBS","GNMA I MORTPASS 4% 09/43","30yr",,,,,"549150.44",,,,,,""
"2021-08-11","'3620ABH58'","MBS","GNMA I 3.5% 05/42","30yr",,,,,"548898.28",,,,,,""
"2021-08-11","'31418BAP1'","MBS","UMBS MORTPASS 4.5% 03/44","30yr",,,,,"548795.51",,,,,,""
"2021-08-11","'36296YZP0'","MBS","GNMA I MORTPASS 5% 09/39","30yr",,,,,"548628.77",,,,,,""
"2021-08-11","'3133A1NV0'","MBS","UMBS MORTPASS 3% 01/45","30yr",,,,,"548487.21",,,,,,""
"2021-08-11","'31307GP45'","MBS","FHLMCGLD 3% 03/29","15yr",,,,,"547815.1",,,,,,""
"2021-08-11","'3138X3GH9'","MBS","UMBS MORTPASS 2.5% 08/28","15yr",,,,,"547677.2",,,,,,""
"2021-08-11","'3140HEGF3'","MBS","UMBS MORTPASS 3% 07/33","15yr",,,,,"547539.79",,,,,,""
"2021-08-11","'3140JKZN9'","MBS","UMBS MORTPASS 3.5% 02/49","30yr",,,,,"547208.45",,,,,,""
"2021-08-11","'3132J8TV2'","MBS","FHLMCGLD 3% 04/43","30yr",,,,,"547182.98",,,,,,""
"2021-08-11","'31307SU92'","MBS","FHLMCGLD 3% 01/32","15yr",,,,,"546960.95",,,,,,""
"2021-08-11","'3138Y1DM4'","MBS","UMBS MORTPASS 3.5% 08/29","15yr",,,,,"546955.62",,,,,,""
"2021-08-11","'36295MDZ9'","MBS","GNMA I 4.5% 04/39","30yr",,,,,"546928.98",,,,,,""
"2021-08-11","'36178TQM1'","MBS","GNMA I 3.5% 02/43","30yr",,,,,"546707.24",,,,,,""
"2021-08-11","'3132A7LK5'","MBS","UMBS MORTPASS 2.5% 01/28","15yr",,,,,"546293.86",,,,,,""
"2021-08-11","'3133LPSR9'","MBS","UMBS MORTPASS 2% 06/30","Other",,,,,"546289.82",,,,,,""
"2021-08-11","'3132KFAD4'","MBS","FHLMCGLD 2.5% 09/30","15yr",,,,,"546107.91",,,,,,""
"2021-08-11","'31334YSX6'","MBS","UMBS MORTPASS 3.5% 08/49","30yr",,,,,"545866.24",,,,,,""
"2021-08-11","'3138XVDV9'","MBS","UMBS MORTPASS 3% 05/29","15yr",,,,,"545740.93",,,,,,""
"2021-08-11","'3138X2XY5'","MBS","UMBS MORTPASS 3.5% 07/43","30yr",,,,,"545621.9",,,,,,""
"2021-08-11","'3620A7G33'","MBS","GNMA I MORTPASS 5% 12/39","30yr",,,,,"545454.24",,,,,,""
"2021-08-11","'36179F7B5'","MBS","GNMA I MORTPASS 3% 02/43","30yr",,,,,"545326.24",,,,,,""
"2021-08-11","'3131X9KK9'","MBS","UMBS MORTPASS 2% 07/23","Other",,,,,"544970.59",,,,,,""
"2021-08-11","'3140FSUA9'","MBS","UMBS MORTPASS 3% 04/32","15yr",,,,,"544941.81",,,,,,""
"2021-08-11","'3138X9XS3'","MBS","UMBS MORTPASS 3% 02/29","15yr",,,,,"544871.89",,,,,,""
"2021-08-11","'3140F14L3'","MBS","UMBS MORTPASS 3% 05/31","15yr",,,,,"544810.13",,,,,,""
"2021-08-11","'36178EPY9'","MBS","GNMA I 3.5% 10/42","30yr",,,,,"544545.73",,,,,,""
"2021-08-11","'3140QFS26'","MBS","UMBS MORTPASS 2.5% 11/50","30yr",,,,,"544347.37",,,,,,""
"2021-08-11","'3138WUM59'","MBS","UMBS MORTPASS 2% 05/28","15yr",,,,,"544319.14",,,,,,""
"2021-08-11","'3138WBSX4'","MBS","UMBS MORTPASS 3% 05/29","15yr",,,,,"544308.33",,,,,,""
"2021-08-11","'31307MRW8'","MBS","FHLMCGLD 2.5% 04/30","15yr",,,,,"544245.26",,,,,,""
"2021-08-11","'3132M5BQ4'","MBS","FHLMCGLD 4% 02/44","30yr",,,,,"544097.17",,,,,,""
"2021-08-11","'3132QNYS2'","MBS","FHLMCGLD 3% 04/45","30yr",,,,,"543733.94",,,,,,""
"2021-08-11","'3138AVRL1'","MBS","UMBS MORTPASS 3.5% 10/26","15yr",,,,,"543638.75",,,,,,""
"2021-08-11","'36297GS84'","MBS","GNMA I MORTPASS 3% 04/42","30yr",,,,,"543631.82",,,,,,""
"2021-08-11","'31307M5R3'","MBS","FHLMCGLD 2.5% 05/30","15yr",,,,,"543553.18",,,,,,""
"2021-08-11","'31417GSK3'","MBS","UMBS MORTPASS 2.5% 05/23","Other",,,,,"543154.43",,,,,,""
"2021-08-11","'3138WDU82'","MBS","UMBS MORTPASS 3% 01/30","15yr",,,,,"542964.84",,,,,,""
"2021-08-11","'31307TRM5'","MBS","FHLMCGLD 3% 04/27","15yr",,,,,"542958.06",,,,,,""
"2021-08-11","'31307QZQ3'","MBS","FHLMCGLD 2.5% 05/31","15yr",,,,,"542490.26",,,,,,""
"2021-08-11","'3140HJQJ3'","MBS","UMBS MORTPASS 4% 05/48","30yr",,,,,"542296.67",,,,,,""
"2021-08-11","'3138WGZP2'","MBS","UMBS MORTPASS 2.5% 04/31","15yr",,,,,"542296.28",,,,,,""
"2021-08-11","'31307WMG6'","MBS","FHLMCGLD 3.5% 08/33","15yr",,,,,"542290.84",,,,,,""
"2021-08-11","'3138M3QH0'","MBS","UMBS MORTPASS 2.5% 07/27","15yr",,,,,"542227.14",,,,,,""
"2021-08-11","'3138WTHT6'","MBS","UMBS MORTPASS 3% 06/28","15yr",,,,,"542179.77",,,,,,""
"2021-08-11","'3131YDAS3'","MBS","UMBS MORTPASS 3% 05/49","30yr",,,,,"542170.29",,,,,,""
"2021-08-11","'3132A8MP1'","MBS","UMBS MORTPASS 2.5% 12/26","Other",,,,,"542084.97",,,,,,""
"2021-08-11","'3138WR7C8'","MBS","UMBS MORTPASS 2.5% 04/28","15yr",,,,,"542075.57",,,,,,""
"2021-08-11","'3140FSN41'","MBS","UMBS MORTPASS 3.5% 02/32","15yr",,,,,"542061.43",,,,,,""
"2021-08-11","'3138Y9ZK7'","MBS","UMBS MORTPASS 3% 02/45","30yr",,,,,"541798.7",,,,,,""
"2021-08-11","'3140X87E1'","MBS","UMBS MORTPASS 2% 12/50","30yr",,,,,"541708.43",,,,,,""
"2021-08-11","'3138XLNZ1'","MBS","UMBS MORTPASS 3.5% 03/29","15yr",,,,,"541706.09",,,,,,""
"2021-08-11","'31417E3F6'","MBS","UMBS MORTPASS 2.5% 02/23","Other",,,,,"541415.59",,,,,,""
"2021-08-11","'3138WWV48'","MBS","UMBS MORTPASS 2.5% 06/28","15yr",,,,,"541390.31",,,,,,""
"2021-08-11","'3140EX6H1'","MBS","UMBS MORTPASS 3% 01/46","30yr",,,,,"541310.53",,,,,,""
"2021-08-11","'3138WTAF3'","MBS","UMBS MORTPASS 3% 05/28","15yr",,,,,"541254.13",,,,,,""
"2021-08-11","'3132QUU35'","MBS","FHLMCGLD 3.5% 12/45","30yr",,,,,"541184.57",,,,,,""
"2021-08-11","'3132XV4U4'","MBS","FHLMCGLD 3% 01/48","30yr",,,,,"540936.17",,,,,,""
"2021-08-11","'312939C90'","MBS","FHLMCGLD 5% 02/40","30yr",,,,,"540767.32",,,,,,""
"2021-08-11","'3140K04M7'","MBS","UMBS MORTPASS 3% 11/49","30yr",,,,,"540623.14",,,,,,""
"2021-08-11","'31307JUC5'","MBS","FHLMCGLD 3.5% 10/29","15yr",,,,,"540569.73",,,,,,""
"2021-08-11","'3140JKZ74'","MBS","UMBS MORTPASS 3.5% 02/49","30yr",,,,,"540508.81",,,,,,""
"2021-08-11","'3138XFAS4'","MBS","UMBS MORTPASS 3% 12/28","15yr",,,,,"540325.61",,,,,,""
"2021-08-11","'3132WHLU7'","MBS","FHLMCGLD 3% 10/46","30yr",,,,,"540260",,,,,,""
"2021-08-11","'3140GQBZ8'","MBS","UMBS MORTPASS 3% 08/32","15yr",,,,,"539957.75",,,,,,""
"2021-08-11","'3138WEMH9'","MBS","UMBS MORTPASS 2.5% 05/30","15yr",,,,,"539897.29",,,,,,""
"2021-08-11","'3140GNMB6'","MBS","UMBS MORTPASS 3% 04/32","15yr",,,,,"539757.6",,,,,,""
"2021-08-11","'3138NY2H7'","MBS","UMBS MORTPASS 3% 01/43","30yr",,,,,"539685.95",,,,,,""
"2021-08-11","'31307NU51'","MBS","FHLMCGLD 2.5% 08/30","15yr",,,,,"539112.63",,,,,,""
"2021-08-11","'31307PKV0'","MBS","FHLMCGLD 2.5% 10/30","15yr",,,,,"539023.69",,,,,,""
"2021-08-11","'3138XRSR1'","MBS","UMBS MORTPASS 3% 03/29","15yr",,,,,"538816.76",,,,,,""
"2021-08-11","'31307YPC8'","MBS","FHLMCGLD 3.5% 03/34","15yr",,,,,"538792.55",,,,,,""
"2021-08-11","'3138MQKV4'","MBS","UMBS MORTPASS 2.5% 12/27","15yr",,,,,"538791.53",,,,,,""
"2021-08-11","'3140J9KU4'","MBS","UMBS MORTPASS 3% 12/47","30yr",,,,,"538425.85",,,,,,""
"2021-08-11","'3131X8M60'","MBS","UMBS MORTPASS 2.5% 01/28","15yr",,,,,"538288.05",,,,,,""
"2021-08-11","'36180CRC5'","MBS","GNMA I MORTPASS 3% 04/43","30yr",,,,,"537914.23",,,,,,""
"2021-08-11","'3140H5M81'","MBS","UMBS MORTPASS 3.5% 02/48","30yr",,,,,"537677.18",,,,,,""
"2021-08-11","'31307SG56'","MBS","FHLMCGLD 2.5% 11/31","15yr",,,,,"537642.74",,,,,,""
"2021-08-11","'3620AU7F5'","MBS","GNMA I MORTPASS 4% 11/41","30yr",,,,,"537637.42",,,,,,""
"2021-08-11","'3140E0V28'","MBS","UMBS MORTPASS 2.5% 08/30","15yr",,,,,"537208.28",,,,,,""
"2021-08-11","'31417CPF6'","MBS","UMBS MORTPASS 2% 08/27","15yr",,,,,"537159.58",,,,,,""
"2021-08-11","'36180CYN3'","MBS","GNMA I MORTPASS 3% 01/43","30yr",,,,,"537144.38",,,,,,""
"2021-08-11","'31417B2G1'","MBS","UMBS MORTPASS 3% 06/27","15yr",,,,,"537056.61",,,,,,""
"2021-08-11","'3140E0HT5'","MBS","UMBS MORTPASS 3% 08/30","15yr",,,,,"536892.25",,,,,,""
"2021-08-11","'36295CKU4'","MBS","GNMA I 3.5% 09/43","30yr",,,,,"536860.02",,,,,,""
"2021-08-11","'36296JT88'","MBS","GNMA I 4.5% 09/39","30yr",,,,,"536820.53",,,,,,""
"2021-08-11","'36177VCA8'","MBS","GNMA I 3.5% 04/42","30yr",,,,,"536762.84",,,,,,""
"2021-08-11","'3138ELFF5'","MBS","UMBS MORTPASS 3% 03/28","15yr",,,,,"536669.84",,,,,,""
"2021-08-11","'3138MLCS1'","MBS","UMBS MORTPASS 2.5% 12/27","15yr",,,,,"536625.14",,,,,,""
"2021-08-11","'3138AVAC9'","MBS","UMBS MORTPASS 3% 10/26","15yr",,,,,"536591.37",,,,,,""
"2021-08-11","'3138APER5'","MBS","UMBS MORTPASS 3% 11/27","15yr",,,,,"536562.36",,,,,,""
"2021-08-11","'31307R5P6'","MBS","FHLMCGLD 2.5% 09/31","15yr",,,,,"536515.64",,,,,,""
"2021-08-11","'3132QML66'","MBS","FHLMCGLD 3% 02/45","30yr",,,,,"536395.14",,,,,,""
"2021-08-11","'3140GSU83'","MBS","UMBS MORTPASS 3.5% 02/48","30yr",,,,,"536317.17",,,,,,""
"2021-08-11","'31307GH44'","MBS","FHLMCGLD 3.5% 02/29","15yr",,,,,"535680.19",,,,,,""
"2021-08-11","'3131X7G36'","MBS","UMBS MORTPASS 3% 01/27","15yr",,,,,"535625.77",,,,,,""
"2021-08-11","'3140K54Y0'","MBS","UMBS MORTPASS 3% 11/44","30yr",,,,,"535517.73",,,,,,""
"2021-08-11","'3131X8XY7'","MBS","UMBS MORTPASS 2% 04/23","Other",,,,,"535501.08",,,,,,""
"2021-08-11","'3138E7H64'","MBS","UMBS MORTPASS 3% 04/27","15yr",,,,,"535481.57",,,,,,""
"2021-08-11","'3138MFG84'","MBS","UMBS MORTPASS 2.5% 10/42","30yr",,,,,"535441.85",,,,,,""
"2021-08-11","'3138XEG93'","MBS","UMBS MORTPASS 3% 12/28","15yr",,,,,"535402.83",,,,,,""
"2021-08-11","'3138MFMZ7'","MBS","UMBS MORTPASS 3% 10/27","15yr",,,,,"535374.48",,,,,,""
"2021-08-11","'3140HAXM7'","MBS","UMBS MORTPASS 3.5% 02/48","30yr",,,,,"535233.05",,,,,,""
"2021-08-11","'31307WUH5'","MBS","FHLMCGLD 3.5% 09/33","15yr",,,,,"535055.42",,,,,,""
"2021-08-11","'3138MPCV5'","MBS","UMBS MORTPASS 2.5% 12/27","15yr",,,,,"535022.66",,,,,,""
"2021-08-11","'3132A86D6'","MBS","UMBS MORTPASS 3% 02/32","15yr",,,,,"534980.26",,,,,,""
"2021-08-11","'3140F1WK4'","MBS","UMBS MORTPASS 3% 06/31","15yr",,,,,"534980.08",,,,,,""
"2021-08-11","'31417GY26'","MBS","UMBS MORTPASS 2.5% 06/28","15yr",,,,,"534839.78",,,,,,""
"2021-08-11","'3140H75M5'","MBS","UMBS MORTPASS 4% 10/48","30yr",,,,,"534796.6",,,,,,""
"2021-08-11","'36179N2H0'","MBS","GNMA II MORTPASS 3% 02/44","30yr",,,,,"534787.43",,,,,,""
"2021-08-11","'31418D2Y7'","MBS","UMBS MORTPASS 2% 07/31","Other",,,,,"534747.7",,,,,,""
"2021-08-11","'3140JVN81'","MBS","UMBS MORTPASS 3% 08/49","30yr",,,,,"534723.52",,,,,,""
"2021-08-11","'3140GQEL6'","MBS","UMBS MORTPASS 3% 02/33","15yr",,,,,"534722.38",,,,,,""
"2021-08-11","'3138W62R6'","MBS","UMBS MORTPASS 3% 03/43","30yr",,,,,"534556.37",,,,,,""
"2021-08-11","'36179JBY2'","MBS","GNMA I MORTPASS 3% 01/43","30yr",,,,,"534489.84",,,,,,""
"2021-08-11","'3131X9NM2'","MBS","UMBS MORTPASS 2% 07/23","Other",,,,,"534425.46",,,,,,""
"2021-08-11","'3140HHTE5'","MBS","UMBS MORTPASS 3.5% 04/33","15yr",,,,,"533856.98",,,,,,""
"2021-08-11","'3140JUML5'","MBS","UMBS MORTPASS 4.5% 05/49","30yr",,,,,"533671.25",,,,,,""
"2021-08-11","'3140E65R9'","MBS","UMBS MORTPASS 3.5% 11/30","15yr",,,,,"533653.16",,,,,,""
"2021-08-11","'3132A7WD9'","MBS","UMBS MORTPASS 2.5% 05/28","15yr",,,,,"533565.26",,,,,,""
"2021-08-11","'3138A9MW1'","MBS","UMBS MORTPASS 4% 03/41","30yr",,,,,"533560.34",,,,,,""
"2021-08-11","'36179TJV8'","MBS","GNMA II 2.5% 10/47","30yr",,,,,"533553.02",,,,,,""
"2021-08-11","'3138YFV43'","MBS","UMBS MORTPASS 3% 01/30","15yr",,,,,"533385.48",,,,,,""
"2021-08-11","'31307GSC4'","MBS","FHLMCGLD 3% 03/29","15yr",,,,,"533356.27",,,,,,""
"2021-08-11","'31307HN52'","MBS","FHLMCGLD 3.5% 06/29","15yr",,,,,"533176.69",,,,,,""
"2021-08-11","'3138WCRN5'","MBS","UMBS MORTPASS 2.5% 08/24","Other",,,,,"533079.69",,,,,,""
"2021-08-11","'36297HJR0'","MBS","GNMA I MORTPASS 5% 05/39","30yr",,,,,"532966.69",,,,,,""
"2021-08-11","'3132M5CA8'","MBS","FHLMCGLD 4% 02/44","30yr",,,,,"532869.99",,,,,,""
"2021-08-11","'3131Y9RU9'","MBS","UMBS MORTPASS 4.5% 02/49","30yr",,,,,"532837.57",,,,,,""
"2021-08-11","'3620C6BN4'","MBS","GNMA I 3.5% 10/40","30yr",,,,,"532804.68",,,,,,""
"2021-08-11","'3138XWYW2'","MBS","UMBS MORTPASS 3% 06/29","15yr",,,,,"532684.13",,,,,,""
"2021-08-11","'3140KCCP5'","MBS","UMBS MORTPASS 3% 03/50","30yr",,,,,"532660.88",,,,,,""
"2021-08-11","'3140KFJ55'","MBS","UMBS MORTPASS 1.5% 10/35","15yr",,,,,"532655.23",,,,,,""
"2021-08-11","'3132M9XK5'","MBS","FHLMCGLD 3.5% 10/44","30yr",,,,,"532565.4",,,,,,""
"2021-08-11","'3140F2MU1'","MBS","UMBS MORTPASS 2% 04/26","Other",,,,,"532534.13",,,,,,""
"2021-08-11","'3132L7GP8'","MBS","FHLMCGLD 4.5% 10/45","30yr",,,,,"532521.12",,,,,,""
"2021-08-11","'3138WB2G9'","MBS","UMBS MORTPASS 2.5% 06/29","15yr",,,,,"532412.02",,,,,,""
"2021-08-11","'31374CPL4'","MBS","UMBS MORTPASS 3% 12/27","15yr",,,,,"532400.98",,,,,,""
"2021-08-11","'3140KKUP7'","MBS","UMBS MORTPASS 2.5% 11/50","30yr",,,,,"532400.44",,,,,,""
"2021-08-11","'3132M4XJ9'","MBS","FHLMCGLD 3.5% 01/44","30yr",,,,,"532390.59",,,,,,""
"2021-08-11","'31417F2G2'","MBS","UMBS MORTPASS 2% 04/23","Other",,,,,"532309.81",,,,,,""
"2021-08-11","'3138YPBU5'","MBS","UMBS MORTPASS 2.5% 04/30","15yr",,,,,"532159.41",,,,,,""
"2021-08-11","'31339SRK3'","MBS","UMBS MORTPASS 3% 08/49","30yr",,,,,"531926.79",,,,,,""
"2021-08-11","'3131XXGD7'","MBS","UMBS MORTPASS 4% 07/47","30yr",,,,,"531378.76",,,,,,""
"2021-08-11","'3132MAHJ3'","MBS","FHLMCGLD 4% 11/44","30yr",,,,,"531365.17",,,,,,""
"2021-08-11","'3138X6GQ2'","MBS","UMBS MORTPASS 3.5% 03/29","15yr",,,,,"531217.33",,,,,,""
"2021-08-11","'3131X76J2'","MBS","UMBS MORTPASS 3% 09/27","15yr",,,,,"531007.67",,,,,,""
"2021-08-11","'3132A9T56'","MBS","UMBS MORTPASS 2.5% 10/32","15yr",,,,,"530744.04",,,,,,""
"2021-08-11","'3131XAZ87'","MBS","UMBS MORTPASS 2.5% 01/30","15yr",,,,,"530675.76",,,,,,""
"2021-08-11","'31417EV73'","MBS","UMBS MORTPASS 3% 02/28","15yr",,,,,"530557.17",,,,,,""
"2021-08-11","'3138M8VA8'","MBS","UMBS MORTPASS 3% 08/27","15yr",,,,,"530512.95",,,,,,""
"2021-08-11","'31307AQL9'","MBS","FHLMCGLD 3% 02/28","15yr",,,,,"530468.06",,,,,,""
"2021-08-11","'31307GT90'","MBS","FHLMCGLD 3.5% 03/29","15yr",,,,,"530290.4",,,,,,""
"2021-08-11","'36179DLZ1'","MBS","GNMA I MORTPASS 3% 01/43","30yr",,,,,"530235.46",,,,,,""
"2021-08-11","'3140JR3K5'","MBS","UMBS MORTPASS 3.5% 06/49","30yr",,,,,"529967.34",,,,,,""
"2021-08-11","'3138WP2T0'","MBS","UMBS MORTPASS 2.5% 06/28","15yr",,,,,"529859.22",,,,,,""
"2021-08-11","'36178VCJ8'","MBS","GNMA I MORTPASS 3% 02/43","30yr",,,,,"529702.28",,,,,,""
"2021-08-11","'3140J9H79'","MBS","UMBS MORTPASS 2.5% 04/31","15yr",,,,,"529608.18",,,,,,""
"2021-08-11","'3132M7XP8'","MBS","FHLMCGLD 3.5% 07/44","30yr",,,,,"529170.19",,,,,,""
"2021-08-11","'3131Y26B9'","MBS","UMBS MORTPASS 4% 09/48","30yr",,,,,"529090.8",,,,,,""
"2021-08-11","'3132M4YK5'","MBS","FHLMCGLD 4% 01/44","30yr",,,,,"528850.79",,,,,,""
"2021-08-11","'3138YPBW1'","MBS","UMBS MORTPASS 2% 04/30","15yr",,,,,"528545.44",,,,,,""
"2021-08-11","'31307PFJ3'","MBS","FHLMCGLD 2.5% 08/30","15yr",,,,,"528475.84",,,,,,""
"2021-08-11","'3138WCW74'","MBS","UMBS MORTPASS 3.5% 09/29","15yr",,,,,"528221.24",,,,,,""
"2021-08-11","'31417GFV3'","MBS","UMBS MORTPASS 2.5% 05/23","Other",,,,,"528095.12",,,,,,""
"2021-08-11","'31418A2Z0'","MBS","UMBS MORTPASS 3% 12/23","Other",,,,,"528016.99",,,,,,""
"2021-08-11","'3138WYCL7'","MBS","UMBS MORTPASS 2.5% 06/28","15yr",,,,,"527876.46",,,,,,""
"2021-08-11","'3138WFM37'","MBS","UMBS MORTPASS 2.5% 09/30","15yr",,,,,"527864.95",,,,,,""
"2021-08-11","'31307G2Z1'","MBS","FHLMCGLD 3% 04/29","15yr",,,,,"527864.13",,,,,,""
"2021-08-11","'3140Q8FT7'","MBS","UMBS MORTPASS 3.5% 01/48","30yr",,,,,"527703.91",,,,,,""
"2021-08-11","'3140X7KJ7'","MBS","UMBS MORTPASS 2.5% 08/50","30yr",,,,,"527344.57",,,,,,""
"2021-08-11","'3132A9RE9'","MBS","UMBS MORTPASS 3% 10/30","15yr",,,,,"527332.9",,,,,,""
"2021-08-11","'36179HZS3'","MBS","GNMA I MORTPASS 3% 01/43","30yr",,,,,"527175.12",,,,,,""
"2021-08-11","'3132M9XH2'","MBS","FHLMCGLD 4% 10/44","30yr",,,,,"527039.83",,,,,,""
"2021-08-11","'3140Q8X59'","MBS","UMBS MORTPASS 3.5% 03/32","15yr",,,,,"526991.8",,,,,,""
"2021-08-11","'3132GVEZ1'","MBS","FHLMCGLD 3.5% 07/42","30yr",,,,,"526980.93",,,,,,""
"2021-08-11","'31418B6M3'","MBS","UMBS MORTPASS 2.5% 07/31","15yr",,,,,"526847.56",,,,,,""
"2021-08-11","'3140H4ZD9'","MBS","UMBS MORTPASS 3% 02/33","15yr",,,,,"526839.6",,,,,,""
"2021-08-11","'3138LUZV0'","MBS","UMBS MORTPASS 3% 05/27","15yr",,,,,"526816.38",,,,,,""
"2021-08-11","'3138YSLZ7'","MBS","UMBS MORTPASS 3% 07/45","30yr",,,,,"526812.14",,,,,,""
"2021-08-11","'3138LU4X0'","MBS","UMBS MORTPASS 3% 08/27","15yr",,,,,"526806.44",,,,,,""
"2021-08-11","'3133A1JF0'","MBS","UMBS 3.0%","30yr",,,,,"526759.52",,,,,,""
"2021-08-11","'31307HCR6'","MBS","FHLMCGLD 3.5% 05/29","15yr",,,,,"526542.84",,,,,,""
"2021-08-11","'3132HQML3'","MBS","FHLMCGLD 2.5% 12/42","30yr",,,,,"526536.32",,,,,,""
"2021-08-11","'3140HDXW9'","MBS","UMBS MORTPASS 4% 01/50","30yr",,,,,"526531.08",,,,,,""
"2021-08-11","'3138XEVV7'","MBS","UMBS MORTPASS 4% 03/44","30yr",,,,,"526452.54",,,,,,""
"2021-08-11","'3138YKRZ8'","MBS","UMBS MORTPASS 3% 05/45","30yr",,,,,"526004.99",,,,,,""
"2021-08-11","'3140E63C4'","MBS","UMBS MORTPASS 3% 11/45","30yr",,,,,"525961.77",,,,,,""
"2021-08-11","'3140J9HU8'","MBS","UMBS MORTPASS 2% 11/27","Other",,,,,"525912.79",,,,,,""
"2021-08-11","'31307QUD7'","MBS","FHLMCGLD 3% 04/31","15yr",,,,,"525749.53",,,,,,""
"2021-08-11","'31417CPB5'","MBS","UMBS MORTPASS 2% 08/27","15yr",,,,,"525537.09",,,,,,""
"2021-08-11","'36297BFS5'","MBS","GNMA I MORTPASS 5% 11/39","30yr",,,,,"525512",,,,,,""
"2021-08-11","'3138AVCM5'","MBS","UMBS MORTPASS 3% 01/27","15yr",,,,,"525464.91",,,,,,""
"2021-08-11","'3132GRSU6'","MBS","FHLMCGLD 4% 03/42","30yr",,,,,"525389.89",,,,,,""
"2021-08-11","'3131XDNS0'","MBS","UMBS MORTPASS 2.5% 04/33","15yr",,,,,"525338.87",,,,,,""
"2021-08-11","'3138NWYK9'","MBS","UMBS MORTPASS 3% 01/43","30yr",,,,,"525317.19",,,,,,""
"2021-08-11","'3132XVEW9'","MBS","FHLMCGLD 3% 12/47","30yr",,,,,"525097.84",,,,,,""
"2021-08-11","'3138YKXX6'","MBS","UMBS MORTPASS 3.5% 06/45","30yr",,,,,"525072.71",,,,,,""
"2021-08-11","'31307HFN2'","MBS","FHLMCGLD 3% 05/29","15yr",,,,,"524763.55",,,,,,""
"2021-08-11","'3138Y5TV8'","MBS","UMBS MORTPASS 3% 09/29","15yr",,,,,"524379.76",,,,,,""
"2021-08-11","'3140H7EA1'","MBS","UMBS MORTPASS 4% 05/33","15yr",,,,,"524320.22",,,,,,""
"2021-08-11","'3140K2VD3'","MBS","UMBS MORTPASS 2% 10/34","15yr",,,,,"524319.25",,,,,,""
"2021-08-11","'31418CRH9'","MBS","UMBS MORTPASS 2.5% 11/32","15yr",,,,,"524310.88",,,,,,""
"2021-08-11","'3133G6A88'","MBS","UMBS MORTPASS 3% 06/34","15yr",,,,,"524287.2",,,,,,""
"2021-08-11","'31307HW45'","MBS","FHLMCGLD 3.5% 07/29","15yr",,,,,"524004.77",,,,,,""
"2021-08-11","'3140H5MV0'","MBS","UMBS MORTPASS 3% 01/48","30yr",,,,,"523969.73",,,,,,""
"2021-08-11","'3138EQA93'","MBS","UMBS MORTPASS 3.5% 08/45","30yr",,,,,"523851.55",,,,,,""
"2021-08-11","'3138WZQN5'","MBS","UMBS MORTPASS 3% 06/28","15yr",,,,,"523820.99",,,,,,""
"2021-08-11","'3131X8KP0'","MBS","UMBS MORTPASS 2.5% 12/27","15yr",,,,,"523671.93",,,,,,""
"2021-08-11","'3140EWGQ2'","MBS","UMBS MORTPASS 2.5% 05/31","15yr",,,,,"523525.71",,,,,,""
"2021-08-11","'3140FGGT0'","MBS","UMBS MORTPASS 2.5% 11/31","15yr",,,,,"523412.54",,,,,,""
"2021-08-11","'3138WT3S3'","MBS","UMBS MORTPASS 4.5% 02/44","30yr",,,,,"523377.27",,,,,,""
"2021-08-11","'3140JKZ33'","MBS","UMBS MORTPASS 3% 02/34","15yr",,,,,"523374",,,,,,""
"2021-08-11","'31307PB99'","MBS","FHLMCGLD 2.5% 09/30","15yr",,,,,"523259.21",,,,,,""
"2021-08-11","'3138W4XX4'","MBS","UMBS MORTPASS 2.5% 01/28","15yr",,,,,"523209.2",,,,,,""
"2021-08-11","'3138W7ZN7'","MBS","UMBS MORTPASS 3.5% 06/43","30yr",,,,,"523139.78",,,,,,""
"2021-08-11","'31307QWR4'","MBS","FHLMCGLD 2.5% 04/31","15yr",,,,,"523067.79",,,,,,""
"2021-08-11","'3133G8BL4'","MBS","UMBS MORTPASS 2% 03/35","15yr",,,,,"522909",,,,,,""
"2021-08-11","'3138MJR27'","MBS","UMBS MORTPASS 3.5% 11/42","30yr",,,,,"522872.72",,,,,,""
"2021-08-11","'3138XRRQ4'","MBS","UMBS MORTPASS 4% 03/44","30yr",,,,,"522862.47",,,,,,""
"2021-08-11","'3138WTAC0'","MBS","UMBS MORTPASS 3% 06/28","15yr",,,,,"522674.91",,,,,,""
"2021-08-11","'3140HHEW1'","MBS","UMBS MORTPASS 3% 03/33","15yr",,,,,"522536.1",,,,,,""
"2021-08-11","'3138EPL51'","MBS","UMBS MORTPASS 2% 01/29","15yr",,,,,"522535.83",,,,,,""
"2021-08-11","'3138X6WT8'","MBS","UMBS MORTPASS 2.5% 10/28","15yr",,,,,"522455.78",,,,,,""
"2021-08-11","'3140E8NX2'","MBS","UMBS MORTPASS 2.5% 02/31","15yr",,,,,"522238.96",,,,,,""
"2021-08-11","'3138X1SB3'","MBS","UMBS MORTPASS 3% 01/29","15yr",,,,,"522051.09",,,,,,""
"2021-08-11","'31307R4E2'","MBS","FHLMCGLD 3% 09/31","15yr",,,,,"522044.5",,,,,,""
"2021-08-11","'31417DT94'","MBS","UMBS MORTPASS 2.5% 11/27","15yr",,,,,"522031.46",,,,,,""
"2021-08-11","'36202EDN6'","MBS","GNMA II 4.5% 05/35","30yr",,,,,"522028.05",,,,,,""
"2021-08-11","'3138XCT51'","MBS","UMBS MORTPASS 4% 10/43","30yr",,,,,"521923.59",,,,,,""
"2021-08-11","'3620A9MA6'","MBS","GNMA I MORTPASS 5% 03/40","30yr",,,,,"521852.95",,,,,,""
"2021-08-11","'3133A1CF7'","MBS","UMBS MORTPASS 3% 01/50","30yr",,,,,"521747.48",,,,,,""
"2021-08-11","'3133GBFC3'","MBS","UMBS MORTPASS 1.5% 12/35","15yr",,,,,"521720.84",,,,,,""
"2021-08-11","'3138EKHD0'","MBS","UMBS MORTPASS 3% 10/27","15yr",,,,,"521720.26",,,,,,""
"2021-08-11","'31418DFA5'","MBS","UMBS MORTPASS 2.5% 08/29","Other",,,,,"521633.49",,,,,,""
"2021-08-11","'3138WF6N1'","MBS","UMBS MORTPASS 3% 12/30","15yr",,,,,"521457.68",,,,,,""
"2021-08-11","'3132M5E40'","MBS","FHLMCGLD 4% 02/44","30yr",,,,,"521416.91",,,,,,""
"2021-08-11","'3140HATN0'","MBS","UMBS MORTPASS 3% 01/33","15yr",,,,,"521125.24",,,,,,""
"2021-08-11","'3138YD2T5'","MBS","UMBS MORTPASS 2.5% 03/30","15yr",,,,,"520965.66",,,,,,""
"2021-08-11","'31329PQS5'","MBS","UMBS MORTPASS 3.5% 11/38","Other",,,,,"520957.49",,,,,,""
"2021-08-11","'3138X5EK9'","MBS","UMBS MORTPASS 3% 08/28","15yr",,,,,"520913.76",,,,,,""
"2021-08-11","'31418BXM3'","MBS","UMBS MORTPASS 2% 11/25","Other",,,,,"520752.86",,,,,,""
"2021-08-11","'3131X8FH4'","MBS","UMBS MORTPASS 2.5% 11/22","Other",,,,,"520185.62",,,,,,""
"2021-08-11","'36295CKE0'","MBS","GNMA I 3.5% 08/43","30yr",,,,,"520166.92",,,,,,""
"2021-08-11","'3138MGX42'","MBS","UMBS MORTPASS 3% 11/27","15yr",,,,,"519915.68",,,,,,""
"2021-08-11","'31307PF61'","MBS","FHLMCGLD 2.5% 10/30","15yr",,,,,"519489.45",,,,,,""
"2021-08-11","'3131XDZ99'","MBS","UMBS MORTPASS 3% 09/33","15yr",,,,,"519420.93",,,,,,""
"2021-08-11","'31307PJH3'","MBS","FHLMCGLD 2.5% 10/30","15yr",,,,,"519392.56",,,,,,""
"2021-08-11","'36176AQA0'","MBS","GNMA I 3.5% 01/42","30yr",,,,,"519182.61",,,,,,""
"2021-08-11","'31417F2D9'","MBS","UMBS MORTPASS 2.5% 04/28","15yr",,,,,"519150.74",,,,,,""
"2021-08-11","'3138YHU73'","MBS","UMBS MORTPASS 3% 05/45","30yr",,,,,"519143.27",,,,,,""
"2021-08-11","'3138ERW55'","MBS","UMBS MORTPASS 2.5% 10/30","15yr",,,,,"519020.27",,,,,,""
"2021-08-11","'3138WFCZ7'","MBS","UMBS MORTPASS 2% 07/25","Other",,,,,"518619.3",,,,,,""
"2021-08-11","'3138WHRP9'","MBS","UMBS MORTPASS 2% 08/31","15yr",,,,,"518486.03",,,,,,""
"2021-08-11","'3132GFRC3'","MBS","FHLMCGLD 4% 07/41","30yr",,,,,"518089.59",,,,,,""
"2021-08-11","'3131Y9GR8'","MBS","UMBS MORTPASS 4% 01/49","30yr",,,,,"517930.08",,,,,,""
"2021-08-11","'3140HHF26'","MBS","UMBS MORTPASS 3.5% 10/48","30yr",,,,,"517904.55",,,,,,""
"2021-08-11","'3138ELP49'","MBS","UMBS MORTPASS 2% 08/28","15yr",,,,,"517898.19",,,,,,""
"2021-08-11","'3128P7ST1'","MBS","FHLMCGLD 3% 03/32","Other",,,,,"517840.93",,,,,,""
"2021-08-11","'3132QLZR7'","MBS","FHLMCGLD 3.5% 01/45","30yr",,,,,"517629.87",,,,,,""
"2021-08-11","'3132A73Z2'","MBS","UMBS MORTPASS 3% 03/25","Other",,,,,"517502.74",,,,,,""
"2021-08-11","'3133KK6R5'","MBS","UMBS MORTPASS 2% 02/51","30yr",,,,,"517476.95",,,,,,""
"2021-08-11","'31307RAQ8'","MBS","FHLMCGLD 2.5% 05/31","15yr",,,,,"517394.54",,,,,,""
"2021-08-11","'3138WW5L9'","MBS","UMBS MORTPASS 3% 07/28","15yr",,,,,"517332.38",,,,,,""
"2021-08-11","'3140HG2S5'","MBS","UMBS MORTPASS 3.5% 03/33","15yr",,,,,"517293.96",,,,,,""
"2021-08-11","'3132A9S24'","MBS","UMBS MORTPASS 3% 01/32","15yr",,,,,"517156.49",,,,,,""
"2021-08-11","'3133KHN69'","MBS","UMBS MORTPASS 4% 01/48","30yr",,,,,"517068.91",,,,,,""
"2021-08-11","'31417D5B5'","MBS","UMBS MORTPASS 2.5% 12/27","15yr",,,,,"517019.6",,,,,,""
"2021-08-11","'3133KYTV1'","MBS","UMBS MORTPASS 2% 06/40","Other",,,,,"517016.74",,,,,,""
"2021-08-11","'36202FP75'","MBS","GNMA II 4.5% 02/41","30yr",,,,,"516915.2",,,,,,""
"2021-08-11","'31307VG59'","MBS","FHLMCGLD 3.5% 01/33","15yr",,,,,"516756.05",,,,,,""
"2021-08-11","'3140HJQL8'","MBS","UMBS MORTPASS 3.5% 05/33","15yr",,,,,"516476.58",,,,,,""
"2021-08-11","'3131X8DW3'","MBS","UMBS MORTPASS 2.5% 11/27","15yr",,,,,"516416.52",,,,,,""
"2021-08-11","'3140L0JY4'","MBS","UMBS MORTPASS 2% 06/36","15yr",,,,,"516369.24",,,,,,""
"2021-08-11","'3620AFHZ3'","MBS","GNMA I 4.5% 12/39","30yr",,,,,"516223.7",,,,,,""
"2021-08-11","'31307HFC6'","MBS","FHLMCGLD 3% 05/29","15yr",,,,,"515901",,,,,,""
"2021-08-11","'31307KAT7'","MBS","FHLMCGLD 3.5% 11/29","15yr",,,,,"515894.86",,,,,,""
"2021-08-11","'3140E8V54'","MBS","UMBS MORTPASS 3.5% 11/45","30yr",,,,,"515746.4",,,,,,""
"2021-08-11","'3138WHCC4'","MBS","UMBS MORTPASS 2.5% 06/31","15yr",,,,,"515634.71",,,,,,""
"2021-08-11","'3620A7N43'","MBS","GNMA I 4.5% 08/39","30yr",,,,,"515622.87",,,,,,""
"2021-08-11","'3140HASX9'","MBS","UMBS MORTPASS 4% 05/48","30yr",,,,,"515498.32",,,,,,""
"2021-08-11","'36297FHW5'","MBS","GNMA I MORTPASS 4% 06/39","30yr",,,,,"515333.24",,,,,,""
"2021-08-11","'3140HBCU0'","MBS","UMBS MORTPASS 4.5% 02/48","30yr",,,,,"515317.97",,,,,,""
"2021-08-11","'36297H4Y1'","MBS","GNMA I MORTPASS 5% 09/39","30yr",,,,,"515315.34",,,,,,""
"2021-08-11","'3140JSM48'","MBS","UMBS MORTPASS 2.5% 08/49","30yr",,,,,"515172.98",,,,,,""
"2021-08-11","'3133A4LD6'","MBS","UMBS MORTPASS 3% 05/50","30yr",,,,,"515021.22",,,,,,""
"2021-08-11","'3131XCAX5'","MBS","UMBS MORTPASS 3% 06/31","15yr",,,,,"514906.39",,,,,,""
"2021-08-11","'3138LYX36'","MBS","UMBS MORTPASS 2.5% 10/27","15yr",,,,,"514703.72",,,,,,""
"2021-08-11","'3138Y4TM1'","MBS","UMBS MORTPASS 3% 01/45","30yr",,,,,"514530.67",,,,,,""
"2021-08-11","'3140HBY28'","MBS","UMBS MORTPASS 3.5% 10/49","30yr",,,,,"514410.57",,,,,,""
"2021-08-11","'3138WU4M2'","MBS","UMBS MORTPASS 3% 06/28","15yr",,,,,"513805",,,,,,""
"2021-08-11","'3140FSF73'","MBS","UMBS MORTPASS 4.5% 01/47","30yr",,,,,"513735.4",,,,,,""
"2021-08-11","'3140HAGE4'","MBS","UMBS MORTPASS 3.5% 01/48","30yr",,,,,"513620.2",,,,,,""
"2021-08-11","'31417D5D1'","MBS","UMBS MORTPASS 2.5% 12/27","15yr",,,,,"513546.8",,,,,,""
"2021-08-11","'3138Y9M47'","MBS","UMBS MORTPASS 3% 01/45","30yr",,,,,"513494.2",,,,,,""
"2021-08-11","'3138YVZX0'","MBS","UMBS MORTPASS 3% 07/30","15yr",,,,,"513413.48",,,,,,""
"2021-08-11","'3140GRCF9'","MBS","UMBS MORTPASS 3% 05/32","15yr",,,,,"513340.38",,,,,,""
"2021-08-11","'3138WSB31'","MBS","UMBS MORTPASS 3% 08/28","15yr",,,,,"513325.76",,,,,,""
"2021-08-11","'3140X7UU1'","MBS","UMBS MORTPASS 2.5% 09/50","30yr",,,,,"513253.43",,,,,,""
"2021-08-11","'3140K55M5'","MBS","UMBS MORTPASS 2.5% 12/49","30yr",,,,,"513174.03",,,,,,""
"2021-08-11","'36178LHK2'","MBS","GNMA I 3.5% 01/43","30yr",,,,,"513003.45",,,,,,""
"2021-08-11","'31417GD37'","MBS","UMBS MORTPASS 2.5% 04/28","15yr",,,,,"512638.11",,,,,,""
"2021-08-11","'3138LRMH2'","MBS","UMBS MORTPASS 3.5% 08/42","30yr",,,,,"512622.65",,,,,,""
"2021-08-11","'31307PSB6'","MBS","FHLMCGLD 2.5% 11/30","15yr",,,,,"512597.6",,,,,,""
"2021-08-11","'36297BXQ9'","MBS","GNMA I MORTPASS 5% 02/39","30yr",,,,,"512468.21",,,,,,""
"2021-08-11","'3132A5GX7'","MBS","UMBS MORTPASS 4% 04/47","30yr",,,,,"512397.62",,,,,,""
"2021-08-11","'36297KMW8'","MBS","GNMA I 4.5% 06/39","30yr",,,,,"512104.86",,,,,,""
"2021-08-11","'3140QBLD8'","MBS","UMBS MORTPASS 3.5% 07/49","30yr",,,,,"511850.58",,,,,,""
"2021-08-11","'3133KHTT3'","MBS","UMBS MORTPASS 3.5% 03/50","30yr",,,,,"511625.27",,,,,,""
"2021-08-11","'31307PYA1'","MBS","FHLMCGLD 3% 12/30","15yr",,,,,"511578.55",,,,,,""
"2021-08-11","'36181KMA5'","MBS","GNMA I MORTPASS 4% 09/43","30yr",,,,,"511402.98",,,,,,""
"2021-08-11","'3138WBPQ2'","MBS","UMBS MORTPASS 3% 04/29","15yr",,,,,"511388.56",,,,,,""
"2021-08-11","'31307NM84'","MBS","FHLMCGLD 3% 07/30","15yr",,,,,"511365.45",,,,,,""
"2021-08-11","'3138W2XN0'","MBS","UMBS MORTPASS 3.5% 07/28","15yr",,,,,"511341.21",,,,,,""
"2021-08-11","'36297FRB0'","MBS","GNMA I 4.5% 07/39","30yr",,,,,"511269.04",,,,,,""
"2021-08-11","'36297GLY4'","MBS","GNMA I 4.5% 08/39","30yr",,,,,"511233.01",,,,,,""
"2021-08-11","'3620A57J2'","MBS","GNMA I 4.5% 06/39","30yr",,,,,"511200.5",,,,,,""
"2021-08-11","'3140JVEZ1'","MBS","UMBS MORTPASS 4% 06/49","30yr",,,,,"511150.38",,,,,,""
"2021-08-11","'31307MST4'","MBS","FHLMCGLD 3% 04/30","15yr",,,,,"511077.36",,,,,,""
"2021-08-11","'36178TQJ8'","MBS","GNMA I MORTPASS 3% 02/43","30yr",,,,,"511023.93",,,,,,""
"2021-08-11","'3131Y7QA8'","MBS","UMBS MORTPASS 4.5% 11/48","30yr",,,,,"511001.62",,,,,,""
"2021-08-11","'3131X8DT0'","MBS","UMBS MORTPASS 2.5% 11/22","Other",,,,,"510777.73",,,,,,""
"2021-08-11","'3131X76K9'","MBS","UMBS MORTPASS 3% 09/27","15yr",,,,,"510737.07",,,,,,""
"2021-08-11","'3138W0L64'","MBS","UMBS MORTPASS 2.5% 01/28","15yr",,,,,"510350.96",,,,,,""
"2021-08-11","'36177SJB6'","MBS","GNMA I 3.5% 04/42","30yr",,,,,"510319.86",,,,,,""
"2021-08-11","'31416XRR3'","MBS","UMBS MORTPASS 3% 02/26","15yr",,,,,"510277.4",,,,,,""
"2021-08-11","'3140FPBA6'","MBS","UMBS MORTPASS 3.5% 05/32","15yr",,,,,"510186.38",,,,,,""
"2021-08-11","'36178GUA0'","MBS","GNMA I MORTPASS 3% 09/42","30yr",,,,,"510059.19",,,,,,""
"2021-08-11","'36296QHZ5'","MBS","GNMA I MORTPASS 5% 02/39","30yr",,,,,"509990.06",,,,,,""
"2021-08-11","'3140GSTG7'","MBS","UMBS MORTPASS 3% 11/47","30yr",,,,,"509900.71",,,,,,""
"2021-08-11","'31307TC41'","MBS","FHLMCGLD 3% 03/32","15yr",,,,,"509829.63",,,,,,""
"2021-08-11","'3140QC4M5'","MBS","UMBS MORTPASS 2.5% 03/50","30yr",,,,,"509696.27",,,,,,""
"2021-08-11","'3131YBHX9'","MBS","UMBS MORTPASS 3.5% 04/49","30yr",,,,,"509673.81",,,,,,""
"2021-08-11","'36297FJ94'","MBS","GNMA I 4.5% 10/39","30yr",,,,,"509665.26",,,,,,""
"2021-08-11","'3128Q0PP6'","MBS","FHLMCGLD 3% 06/27","15yr",,,,,"509641.59",,,,,,""
"2021-08-11","'31307LXP8'","MBS","FHLMCGLD 2.5% 02/30","15yr",,,,,"509636.07",,,,,,""
"2021-08-11","'3140JVLC4'","MBS","UMBS MORTPASS 3.5% 06/49","30yr",,,,,"509595.35",,,,,,""
"2021-08-11","'3133G6T47'","MBS","UMBS MORTPASS 2% 09/34","15yr",,,,,"508848.79",,,,,,""
"2021-08-11","'31417C6Q3'","MBS","UMBS MORTPASS 2.5% 09/27","15yr",,,,,"508702.62",,,,,,""
"2021-08-11","'3140L14Q5'","MBS","UMBS MORTPASS 2.5% 01/51","30yr",,,,,"508677.59",,,,,,""
"2021-08-11","'36202F3V6'","MBS","GNMA II MORTPASS 3% 02/42","30yr",,,,,"508637.25",,,,,,""
"2021-08-11","'36178RTK6'","MBS","GNMA I MORTPASS 3% 03/43","30yr",,,,,"508571.05",,,,,,""
"2021-08-11","'36178D4H1'","MBS","GNMA I MORTPASS 3% 03/43","30yr",,,,,"508517.39",,,,,,""
"2021-08-11","'3138W9ZQ6'","MBS","UMBS MORTPASS 3% 10/28","15yr",,,,,"508388.65",,,,,,""
"2021-08-11","'36179ATB2'","MBS","GNMA I MORTPASS 3% 06/43","30yr",,,,,"507964.42",,,,,,""
"2021-08-11","'36297BFE6'","MBS","GNMA I 4.5% 10/39","30yr",,,,,"507713.79",,,,,,""
"2021-08-11","'31307HUP0'","MBS","FHLMCGLD 3% 07/29","15yr",,,,,"507615.21",,,,,,""
"2021-08-11","'36181AZQ8'","MBS","GNMA I MORTPASS 3% 04/43","30yr",,,,,"507538.32",,,,,,""
"2021-08-11","'3132A74G3'","MBS","UMBS MORTPASS 3% 09/27","15yr",,,,,"507474.31",,,,,,""
"2021-08-11","'3132JMHY8'","MBS","FHLMCGLD 3% 07/43","30yr",,,,,"507323.59",,,,,,""
"2021-08-11","'3140HGRA7'","MBS","UMBS MORTPASS 3.5% 03/48","30yr",,,,,"507307.85",,,,,,""
"2021-08-11","'31417C6X8'","MBS","UMBS MORTPASS 2.5% 09/27","15yr",,,,,"507128.13",,,,,,""
"2021-08-11","'36296YZ62'","MBS","GNMA I MORTPASS 5% 10/39","30yr",,,,,"507068.24",,,,,,""
"2021-08-11","'3620A5FB0'","MBS","GNMA I MORTPASS 5% 03/40","30yr",,,,,"507043.3",,,,,,""
"2021-08-11","'36181A3U4'","MBS","GNMA I 3.5% 06/43","30yr",,,,,"507022.47",,,,,,""
"2021-08-11","'36177T4M6'","MBS","GNMA I 3.5% 04/42","30yr",,,,,"506895.16",,,,,,""
"2021-08-11","'3131X7JT6'","MBS","UMBS MORTPASS 3% 02/27","15yr",,,,,"506811.54",,,,,,""
"2021-08-11","'3140GQU38'","MBS","UMBS MORTPASS 3% 05/32","15yr",,,,,"506809.78",,,,,,""
"2021-08-11","'31417BGX9'","MBS","UMBS MORTPASS 3% 03/32","Other",,,,,"506739.05",,,,,,""
"2021-08-11","'3138WUW41'","MBS","UMBS MORTPASS 2.5% 05/28","15yr",,,,,"506680.56",,,,,,""
"2021-08-11","'3138X3A51'","MBS","UMBS MORTPASS 3% 07/28","15yr",,,,,"506673.94",,,,,,""
"2021-08-11","'36179EHH4'","MBS","GNMA I MORTPASS 3% 12/42","30yr",,,,,"506619.73",,,,,,""
"2021-08-11","'3138EN5V7'","MBS","UMBS MORTPASS 2% 01/25","Other",,,,,"506499.22",,,,,,""
"2021-08-11","'3138M7PX7'","MBS","UMBS MORTPASS 2.5% 08/27","15yr",,,,,"506322.39",,,,,,""
"2021-08-11","'3132QN6W4'","MBS","FHLMCGLD 3% 04/45","30yr",,,,,"506254.23",,,,,,""
"2021-08-11","'31307NK94'","MBS","FHLMCGLD 2.5% 07/30","15yr",,,,,"506227.44",,,,,,""
"2021-08-11","'3138WCSC8'","MBS","UMBS MORTPASS 2.5% 09/29","15yr",,,,,"506026.39",,,,,,""
"2021-08-11","'3138WQYG1'","MBS","UMBS MORTPASS 3.5% 09/43","30yr",,,,,"506010.98",,,,,,""
"2021-08-11","'3131X7QH4'","MBS","UMBS MORTPASS 3% 04/27","15yr",,,,,"505886.33",,,,,,""
"2021-08-11","'36178GT79'","MBS","GNMA I MORTPASS 3% 09/42","30yr",,,,,"505763.71",,,,,,""
"2021-08-11","'36297BFQ9'","MBS","GNMA I 4.5% 11/39","30yr",,,,,"505707.22",,,,,,""
"2021-08-11","'3138WWV71'","MBS","UMBS MORTPASS 2.5% 06/28","15yr",,,,,"505494.55",,,,,,""
"2021-08-11","'3132QVCP4'","MBS","FHLMCGLD 3.5% 12/45","30yr",,,,,"505177.88",,,,,,""
"2021-08-11","'3138XFX75'","MBS","UMBS MORTPASS 3% 11/28","15yr",,,,,"504959.67",,,,,,""
"2021-08-11","'31307FPT2'","MBS","FHLMCGLD 3.5% 12/28","15yr",,,,,"504893.09",,,,,,""
"2021-08-11","'3131YBVJ4'","MBS","UMBS MORTPASS 3.5% 04/49","30yr",,,,,"504646.41",,,,,,""
"2021-08-11","'3138Y3L58'","MBS","UMBS MORTPASS 3.5% 10/29","15yr",,,,,"504540.27",,,,,,""
"2021-08-11","'31307HUW5'","MBS","FHLMCGLD 3.5% 07/29","15yr",,,,,"504470.84",,,,,,""
"2021-08-11","'3131X8H33'","MBS","UMBS MORTPASS 2.5% 12/22","Other",,,,,"504342.17",,,,,,""
"2021-08-11","'36176EMK4'","MBS","GNMA I MORTPASS 3% 07/43","30yr",,,,,"504120.84",,,,,,""
"2021-08-11","'31334XFY0'","MBS","UMBS MORTPASS 3% 07/49","30yr",,,,,"504033.75",,,,,,""
"2021-08-11","'3140GYN21'","MBS","UMBS MORTPASS 4% 11/47","30yr",,,,,"503875.64",,,,,,""
"2021-08-11","'3140F2YF1'","MBS","UMBS MORTPASS 3% 05/46","30yr",,,,,"503805.01",,,,,,""
"2021-08-11","'3138M9YE5'","MBS","UMBS MORTPASS 2.5% 01/43","30yr",,,,,"503502.54",,,,,,""
"2021-08-11","'31417CNS0'","MBS","UMBS MORTPASS 2.5% 08/22","Other",,,,,"503497.5",,,,,,""
"2021-08-11","'3140KGHK2'","MBS","UMBS MORTPASS 2.5% 06/35","15yr",,,,,"503466.85",,,,,,""
"2021-08-11","'31418AGP7'","MBS","UMBS MORTPASS 3% 07/22","Other",,,,,"503296.38",,,,,,""
"2021-08-11","'3132QW4J5'","MBS","FHLMCGLD 4% 04/46","30yr",,,,,"502919.71",,,,,,""
"2021-08-11","'3131YAWF3'","MBS","UMBS MORTPASS 4.5% 03/49","30yr",,,,,"502819.37",,,,,,""
"2021-08-11","'3140JM3G5'","MBS","UMBS MORTPASS 3% 02/34","15yr",,,,,"502716.82",,,,,,""
"2021-08-11","'3140JJNG0'","MBS","UMBS MORTPASS 4% 11/48","30yr",,,,,"502410.69",,,,,,""
"2021-08-11","'31307UD70'","MBS","FHLMCGLD 2.5% 07/32","15yr",,,,,"502401.32",,,,,,""
"2021-08-11","'3138XJUV7'","MBS","UMBS MORTPASS 3.5% 03/29","15yr",,,,,"502332.84",,,,,,""
"2021-08-11","'3140FR5L5'","MBS","UMBS MORTPASS 3.5% 04/32","15yr",,,,,"502247",,,,,,""
"2021-08-11","'3140J8YA5'","MBS","UMBS MORTPASS 3% 02/30","15yr",,,,,"501905.59",,,,,,""
"2021-08-11","'3128MMT78'","MBS","FHLMCGLD 3.5% 10/30","15yr",,,,,"501843.21",,,,,,""
"2021-08-11","'3138MQWD1'","MBS","UMBS MORTPASS 2.5% 12/42","30yr",,,,,"501828.44",,,,,,""
"2021-08-11","'36176LYZ2'","MBS","GNMA I 3.5% 12/41","30yr",,,,,"501609.25",,,,,,""
"2021-08-11","'3140HAR69'","MBS","UMBS MORTPASS 3.5% 04/33","15yr",,,,,"501586.01",,,,,,""
"2021-08-11","'3140X5WD1'","MBS","UMBS MORTPASS 2% 01/32","15yr",,,,,"501497.11",,,,,,""
"2021-08-11","'3131XDMV4'","MBS","UMBS MORTPASS 3% 04/33","15yr",,,,,"501488.5",,,,,,""
"2021-08-11","'3131Y1M80'","MBS","UMBS MORTPASS 4% 05/48","30yr",,,,,"501179.45",,,,,,""
"2021-08-11","'31417YPE1'","MBS","UMBS MORTPASS 4.5% 05/25","15yr",,,,,"501173.41",,,,,,""
"2021-08-11","'36180HPL6'","MBS","GNMA I MORTPASS 3% 06/43","30yr",,,,,"501008.1",,,,,,""
"2021-08-11","'3620A2Y67'","MBS","GNMA I 4.5% 06/39","30yr",,,,,"500872.76",,,,,,""
"2021-08-11","'3620A9AE1'","MBS","GNMA I MORTPASS 5% 11/39","30yr",,,,,"500703.1",,,,,,""
"2021-08-11","'36297BFH9'","MBS","GNMA I 4.5% 10/39","30yr",,,,,"500271.99",,,,,,""
"2021-08-11","'3140X5HT3'","MBS","UMBS MORTPASS 4% 10/49","30yr",,,,,"500264.22",,,,,,""
"2021-08-11","'3133AKG87'","MBS","UMBS MORTPASS 1.5% 04/51","30yr",,,,,"500155.43",,,,,,""
"2021-08-11","'3140HEV58'","MBS","UMBS MORTPASS 3.5% 06/33","15yr",,,,,"500097.89",,,,,,""
"2021-08-11","'3138MB2V7'","MBS","UMBS MORTPASS 2.5% 09/27","15yr",,,,,"500084.9",,,,,,""
"2021-08-11","'3140HFES4'","MBS","UMBS MORTPASS 3.5% 04/33","15yr",,,,,"499844.46",,,,,,""
"2021-08-11","'3138WJDN5'","MBS","UMBS MORTPASS 2.5% 10/31","15yr",,,,,"499798.08",,,,,,""
"2021-08-11","'31307V4P8'","MBS","FHLMCGLD 3.5% 05/33","15yr",,,,,"499780.52",,,,,,""
"2021-08-11","'36297FH96'","MBS","GNMA I 4.5% 07/39","30yr",,,,,"499687.9",,,,,,""
"2021-08-11","'3131X85P7'","MBS","UMBS MORTPASS 2% 04/23","Other",,,,,"499585.1",,,,,,""
"2021-08-11","'3133ALPK8'","MBS","UMBS MORTPASS 2% 05/51","30yr",,,,,"499262.5",,,,,,""
"2021-08-11","'3138XELQ9'","MBS","UMBS MORTPASS 2.5% 09/29","15yr",,,,,"499202.93",,,,,,""
"2021-08-11","'3132WNZR6'","MBS","FHLMCGLD 4% 06/47","30yr",,,,,"498953.89",,,,,,""
"2021-08-11","'3620AC6R0'","MBS","GNMA I 4.5% 10/39","30yr",,,,,"498880.11",,,,,,""
"2021-08-11","'31334WF97'","MBS","UMBS MORTPASS 3.5% 06/49","30yr",,,,,"498786.33",,,,,,""
"2021-08-11","'3140EWGL3'","MBS","UMBS MORTPASS 2.5% 05/31","15yr",,,,,"498592.86",,,,,,""
"2021-08-11","'31307G3W7'","MBS","FHLMCGLD 3% 04/29","15yr",,,,,"498518.07",,,,,,""
"2021-08-11","'31417BGN1'","MBS","UMBS MORTPASS 2.5% 03/22","Other",,,,,"498399.75",,,,,,""
"2021-08-11","'3140FMYJ9'","MBS","UMBS MORTPASS 2.5% 02/32","15yr",,,,,"498259.03",,,,,,""
"2021-08-11","'31307JUZ4'","MBS","FHLMCGLD 2.5% 10/29","15yr",,,,,"497982.5",,,,,,""
"2021-08-11","'3140X63P4'","MBS","UMBS MORTPASS 2.5% 06/50","30yr",,,,,"497950.69",,,,,,""
"2021-08-11","'36179EKH0'","MBS","GNMA I MORTPASS 3% 03/43","30yr",,,,,"497918.8",,,,,,""
"2021-08-11","'3140J8MW0'","MBS","UMBS MORTPASS 2.5% 04/38","Other",,,,,"497906.05",,,,,,""
"2021-08-11","'3140JNDS6'","MBS","UMBS MORTPASS 4.5% 01/49","30yr",,,,,"497451.6",,,,,,""
"2021-08-11","'3131XVWA9'","MBS","UMBS MORTPASS 3% 01/47","30yr",,,,,"497439.18",,,,,,""
"2021-08-11","'31307GL56'","MBS","FHLMCGLD 3.5% 03/29","15yr",,,,,"497250.09",,,,,,""
"2021-08-11","'31418CAR5'","MBS","UMBS MORTPASS 3% 08/31","15yr",,,,,"497198.02",,,,,,""
"2021-08-11","'3133AJCM3'","MBS","UMBS MORTPASS 2% 02/51","30yr",,,,,"497101.73",,,,,,""
"2021-08-11","'3140HASH4'","MBS","UMBS MORTPASS 3.5% 05/33","15yr",,,,,"497077.13",,,,,,""
"2021-08-11","'3620AAVH8'","MBS","GNMA I 4.5% 09/39","30yr",,,,,"496892.28",,,,,,""
"2021-08-11","'36297BF55'","MBS","GNMA I MORTPASS 5% 02/40","30yr",,,,,"496421.32",,,,,,""
"2021-08-11","'36181A3X8'","MBS","GNMA I 3.5% 07/43","30yr",,,,,"496218.46",,,,,,""
"2021-08-11","'31307JN90'","MBS","FHLMCGLD 2.5% 10/29","15yr",,,,,"495947.05",,,,,,""
"2021-08-11","'3140FDA63'","MBS","UMBS MORTPASS 2.5% 11/31","15yr",,,,,"495939.85",,,,,,""
"2021-08-11","'3140FDHU3'","MBS","UMBS MORTPASS 2.5% 10/31","15yr",,,,,"495866.98",,,,,,""
"2021-08-11","'3138M4QE5'","MBS","UMBS MORTPASS 3% 07/27","15yr",,,,,"495834.93",,,,,,""
"2021-08-11","'3140HMCP7'","MBS","UMBS MORTPASS 4% 12/48","30yr",,,,,"495729.28",,,,,,""
"2021-08-11","'3132ACYQ7'","MBS","UMBS MORTPASS 2.5% 09/33","15yr",,,,,"495638.81",,,,,,""
"2021-08-11","'31307GW21'","MBS","FHLMCGLD 3.5% 04/29","15yr",,,,,"495603.33",,,,,,""
"2021-08-11","'3138W3CF8'","MBS","UMBS MORTPASS 3% 02/43","30yr",,,,,"495531.1",,,,,,""
"2021-08-11","'3140KFK20'","MBS","UMBS MORTPASS 2% 11/50","30yr",,,,,"495481.42",,,,,,""
"2021-08-11","'3133AJE90'","MBS","UMBS MORTPASS 2% 03/51","30yr",,,,,"495428.09",,,,,,""
"2021-08-11","'36176HTL8'","MBS","GNMA I 3.5% 05/42","30yr",,,,,"495184.48",,,,,,""
"2021-08-11","'3140H9UR2'","MBS","UMBS MORTPASS 3.5% 04/44","30yr",,,,,"495176.82",,,,,,""
"2021-08-11","'31416SVH1'","MBS","UMBS MORTPASS 4% 06/39","30yr",,,,,"494821.66",,,,,,""
"2021-08-11","'36179JG35'","MBS","GNMA I MORTPASS 3% 02/43","30yr",,,,,"494812.95",,,,,,""
"2021-08-11","'31307G4G1'","MBS","FHLMCGLD 3.5% 04/29","15yr",,,,,"494801.27",,,,,,""
"2021-08-11","'36230PBH2'","MBS","GNMA I MORTPASS 4% 01/42","30yr",,,,,"494715.07",,,,,,""
"2021-08-11","'3140JJEQ8'","MBS","UMBS MORTPASS 4% 10/48","30yr",,,,,"494708.99",,,,,,""
"2021-08-11","'31418ASK5'","MBS","UMBS MORTPASS 3% 04/23","Other",,,,,"494608.66",,,,,,""
"2021-08-11","'31307G3V9'","MBS","FHLMCGLD 3% 04/29","15yr",,,,,"494548.35",,,,,,""
"2021-08-11","'31334WTV3'","MBS","UMBS MORTPASS 3% 06/49","30yr",,,,,"494482.38",,,,,,""
"2021-08-11","'3133KHTP1'","MBS","UMBS MORTPASS 4% 03/50","30yr",,,,,"494123.46",,,,,,""
"2021-08-11","'3138XPK36'","MBS","UMBS MORTPASS 3% 03/29","15yr",,,,,"494092.08",,,,,,""
"2021-08-11","'3132HRB58'","MBS","FHLMCGLD 3% 01/43","30yr",,,,,"494052.5",,,,,,""
"2021-08-11","'31307HSU2'","MBS","FHLMCGLD 3.5% 07/29","15yr",,,,,"494046.56",,,,,,""
"2021-08-11","'3138LU3G8'","MBS","UMBS MORTPASS 2.5% 07/27","15yr",,,,,"493892.24",,,,,,""
"2021-08-11","'3138MNH78'","MBS","UMBS MORTPASS 2.5% 01/28","15yr",,,,,"493865.2",,,,,,""
"2021-08-11","'3138ET5G7'","MBS","UMBS MORTPASS 3.5% 08/46","30yr",,,,,"493714.76",,,,,,""
"2021-08-11","'3131Y8FN0'","MBS","UMBS MORTPASS 4.5% 12/48","30yr",,,,,"493343.45",,,,,,""
"2021-08-11","'31417FRG5'","MBS","UMBS MORTPASS 2% 03/28","15yr",,,,,"493330.15",,,,,,""
"2021-08-11","'31410LW57'","MBS","UMBS MORTPASS 3% 11/29","15yr",,,,,"493330.07",,,,,,""
"2021-08-11","'3138E8ME9'","MBS","UMBS MORTPASS 3% 05/27","15yr",,,,,"493249.02",,,,,,""
"2021-08-11","'36297FJK9'","MBS","GNMA I 4.5% 08/39","30yr",,,,,"493143.7",,,,,,""
"2021-08-11","'31417GXW1'","MBS","UMBS MORTPASS 2.5% 06/23","Other",,,,,"493013.65",,,,,,""
"2021-08-11","'3140KYMP6'","MBS","UMBS MORTPASS 2.5% 12/50","30yr",,,,,"492874.32",,,,,,""
"2021-08-11","'3138MMEE8'","MBS","UMBS MORTPASS 2.5% 11/27","15yr",,,,,"492717.28",,,,,,""
"2021-08-11","'3140JVV58'","MBS","UMBS MORTPASS 4.5% 07/49","30yr",,,,,"492705.79",,,,,,""
"2021-08-11","'36210BYN9'","MBS","GNMA I MORTPASS 5% 03/39","30yr",,,,,"492500.41",,,,,,""
"2021-08-11","'3133GCZJ4'","MBS","UMBS MORTPASS 2% 05/36","15yr",,,,,"492250.38",,,,,,""
"2021-08-11","'3138WE5R6'","MBS","UMBS MORTPASS 2.5% 07/30","15yr",,,,,"492147.04",,,,,,""
"2021-08-11","'31418CGV0'","MBS","UMBS MORTPASS 2.5% 02/37","Other",,,,,"492054.94",,,,,,""
"2021-08-11","'31417G3J3'","MBS","UMBS MORTPASS 2.5% 07/23","Other",,,,,"491797.4",,,,,,""
"2021-08-11","'3138X6E68'","MBS","UMBS MORTPASS 3.5% 01/29","15yr",,,,,"491673.68",,,,,,""
"2021-08-11","'36230SHT4'","MBS","GNMA I MORTPASS 4% 08/41","30yr",,,,,"491522.35",,,,,,""
"2021-08-11","'31334YTH0'","MBS","UMBS MORTPASS 3% 09/49","30yr",,,,,"491486",,,,,,""
"2021-08-11","'3138MGR56'","MBS","UMBS MORTPASS 2.5% 10/27","15yr",,,,,"491434.41",,,,,,""
"2021-08-11","'3140GWR47'","MBS","UMBS MORTPASS 3% 01/33","15yr",,,,,"491220.6",,,,,,""
"2021-08-11","'31307WE42'","MBS","FHLMCGLD 3.5% 07/33","15yr",,,,,"491192.96",,,,,,""
"2021-08-11","'3620A7KB0'","MBS","GNMA I MORTPASS 5% 11/39","30yr",,,,,"491139.56",,,,,,""
"2021-08-11","'3138WFHM1'","MBS","UMBS MORTPASS 3% 08/45","30yr",,,,,"490826.94",,,,,,""
"2021-08-11","'3138X6GM1'","MBS","UMBS MORTPASS 3% 03/29","15yr",,,,,"490646.95",,,,,,""
"2021-08-11","'31307HSS7'","MBS","FHLMCGLD 3.5% 07/29","15yr",,,,,"490589.69",,,,,,""
"2021-08-11","'3620A7K95'","MBS","GNMA I 4.5% 01/40","30yr",,,,,"490539.61",,,,,,""
"2021-08-11","'3138M84G5'","MBS","UMBS MORTPASS 2.5% 08/27","15yr",,,,,"490471.59",,,,,,""
"2021-08-11","'31307NHR8'","MBS","FHLMCGLD 3% 06/30","15yr",,,,,"490028.05",,,,,,""
"2021-08-11","'31307RXZ3'","MBS","FHLMCGLD 2% 09/31","15yr",,,,,"489965.73",,,,,,""
"2021-08-11","'3140H6FG9'","MBS","UMBS MORTPASS 3% 01/48","30yr",,,,,"489507.66",,,,,,""
"2021-08-11","'36291UP58'","MBS","GNMA I 4.5% 08/39","30yr",,,,,"489216.78",,,,,,""
"2021-08-11","'3140L25B5'","MBS","UMBS MORTPASS 2% 03/36","15yr",,,,,"489031.2",,,,,,""
"2021-08-11","'31418CED2'","MBS","UMBS MORTPASS 3% 12/31","15yr",,,,,"489025.84",,,,,,""
"2021-08-11","'31329NZ92'","MBS","UMBS MORTPASS 3% 02/48","30yr",,,,,"488823.05",,,,,,""
"2021-08-11","'3138EMZQ7'","MBS","UMBS MORTPASS 2.5% 10/28","15yr",,,,,"488695.9",,,,,,""
"2021-08-11","'3140KUW81'","MBS","UMBS MORTPASS 2% 11/35","15yr",,,,,"488349.51",,,,,,""
"2021-08-11","'3138MPEG6'","MBS","UMBS MORTPASS 2.5% 11/27","15yr",,,,,"488179.89",,,,,,""
"2021-08-11","'3138XCYX4'","MBS","UMBS MORTPASS 3% 10/28","15yr",,,,,"488034.99",,,,,,""
"2021-08-11","'3138YJXZ4'","MBS","UMBS MORTPASS 3.5% 04/45","30yr",,,,,"487973.17",,,,,,""
"2021-08-11","'31307GGF0'","MBS","FHLMCGLD 3% 02/29","15yr",,,,,"487937.58",,,,,,""
"2021-08-11","'36295UB42'","MBS","GNMA I MORTPASS 5% 02/40","30yr",,,,,"487902.91",,,,,,""
"2021-08-11","'3138APNR5'","MBS","UMBS MORTPASS 3% 01/27","15yr",,,,,"487848.73",,,,,,""
"2021-08-11","'31307QHU4'","MBS","FHLMCGLD 3% 03/31","15yr",,,,,"487765.51",,,,,,""
"2021-08-11","'3131Y0SE3'","MBS","UMBS MORTPASS 4% 03/48","30yr",,,,,"487713.41",,,,,,""
"2021-08-11","'3140F0WM2'","MBS","UMBS MORTPASS 2.5% 10/31","15yr",,,,,"487580.55",,,,,,""
"2021-08-11","'3620ABF76'","MBS","GNMA I MORTPASS 5% 10/39","30yr",,,,,"487324.29",,,,,,""
"2021-08-11","'3133AFA92'","MBS","UMBS MORTPASS 2% 01/51","30yr",,,,,"487227.36",,,,,,""
"2021-08-11","'3138WEQE2'","MBS","UMBS MORTPASS 3% 05/30","15yr",,,,,"487076.75",,,,,,""
"2021-08-11","'36295CFM8'","MBS","GNMA I 3.5% 10/42","30yr",,,,,"486877.49",,,,,,""
"2021-08-11","'36176P3R5'","MBS","GNMA I 3.5% 05/42","30yr",,,,,"486787.56",,,,,,""
"2021-08-11","'31329MGD6'","MBS","UMBS MORTPASS 2% 05/25","Other",,,,,"486744.55",,,,,,""
"2021-08-11","'3140HDPB4'","MBS","UMBS MORTPASS 3% 12/49","30yr",,,,,"486652.73",,,,,,""
"2021-08-11","'3620A3BE3'","MBS","GNMA I MORTPASS 3% 03/43","30yr",,,,,"486591.11",,,,,,""
"2021-08-11","'31307WPH1'","MBS","FHLMCGLD 3% 08/33","15yr",,,,,"486311.61",,,,,,""
"2021-08-11","'3138EL3J0'","MBS","UMBS MORTPASS 3% 08/28","15yr",,,,,"486261.4",,,,,,""
"2021-08-11","'3140FUX60'","MBS","UMBS MORTPASS 3% 07/32","15yr",,,,,"486256.38",,,,,,""
"2021-08-11","'3140H7EU7'","MBS","UMBS MORTPASS 3% 06/34","15yr",,,,,"486139.15",,,,,,""
"2021-08-11","'31417UES0'","MBS","UMBS MORTPASS 5% 05/40","30yr",,,,,"486033.48",,,,,,""
"2021-08-11","'3140HJ7D7'","MBS","UMBS MORTPASS 3.5% 06/33","15yr",,,,,"486023.81",,,,,,""
"2021-08-11","'31414UUK2'","MBS","UMBS MORTPASS 6.5% 04/38","30yr",,,,,"485877.6",,,,,,""
"2021-08-11","'31307V2F2'","MBS","FHLMCGLD 3% 04/33","15yr",,,,,"485709.42",,,,,,""
"2021-08-11","'3131Y8WY7'","MBS","UMBS MORTPASS 3% 01/34","15yr",,,,,"485679.83",,,,,,""
"2021-08-11","'3140JVRD6'","MBS","UMBS MORTPASS 3% 06/34","15yr",,,,,"485484.95",,,,,,""
"2021-08-11","'3133AGG60'","MBS","UMBS MORTPASS 2% 03/51","30yr",,,,,"485330.92",,,,,,""
"2021-08-11","'3133KG4U9'","MBS","UMBS MORTPASS 4% 11/49","30yr",,,,,"485215.21",,,,,,""
"2021-08-11","'36177TKF3'","MBS","GNMA I MORTPASS 3% 04/42","30yr",,,,,"485183.28",,,,,,""
"2021-08-11","'3138YTUU6'","MBS","UMBS MORTPASS 3.5% 06/45","30yr",,,,,"485092.23",,,,,,""
"2021-08-11","'31307LQ50'","MBS","FHLMCGLD 2.5% 01/30","15yr",,,,,"484980.62",,,,,,""
"2021-08-11","'3140K8H95'","MBS","UMBS MORTPASS 3% 01/50","30yr",,,,,"484960.64",,,,,,""
"2021-08-11","'31307PYB9'","MBS","FHLMCGLD 3% 12/30","15yr",,,,,"484750.59",,,,,,""
"2021-08-11","'3140FR5S0'","MBS","UMBS MORTPASS 3.5% 05/32","15yr",,,,,"484693.16",,,,,,""
"2021-08-11","'36297FT51'","MBS","GNMA I MORTPASS 5% 08/39","30yr",,,,,"484686.39",,,,,,""
"2021-08-11","'31307L4W5'","MBS","FHLMCGLD 3% 02/30","15yr",,,,,"484681.63",,,,,,""
"2021-08-11","'3138WKTU9'","MBS","UMBS MORTPASS 3% 05/47","30yr",,,,,"484675.47",,,,,,""
"2021-08-11","'3128MEKQ3'","MBS","FHLMCGLD 3.5% 07/26","15yr",,,,,"484610.66",,,,,,""
"2021-08-11","'3133A3XP8'","MBS","UMBS MORTPASS 2% 04/50","30yr",,,,,"484560.34",,,,,,""
"2021-08-11","'3140QBPV4'","MBS","UMBS MORTPASS 4.5% 08/49","30yr",,,,,"484529.95",,,,,,""
"2021-08-11","'3138XGTY9'","MBS","UMBS MORTPASS 3.5% 02/29","15yr",,,,,"484464.05",,,,,,""
"2021-08-11","'3140KVF96'","MBS","UMBS MORTPASS 2% 01/51","30yr",,,,,"484313.26",,,,,,""
"2021-08-11","'3140HKDF2'","MBS","UMBS MORTPASS 3.5% 05/33","15yr",,,,,"483745.23",,,,,,""
"2021-08-11","'31418CFT6'","MBS","UMBS MORTPASS 3.5% 01/32","15yr",,,,,"483664.02",,,,,,""
"2021-08-11","'3138EPWT7'","MBS","UMBS MORTPASS 3% 06/45","30yr",,,,,"483651.22",,,,,,""
"2021-08-11","'3128MMUA9'","MBS","FHLMCGLD 3.5% 11/30","15yr",,,,,"483501.75",,,,,,""
"2021-08-11","'31307HUJ4'","MBS","FHLMCGLD 3% 07/29","15yr",,,,,"483353.53",,,,,,""
"2021-08-11","'3138YNBF3'","MBS","UMBS MORTPASS 3% 07/30","15yr",,,,,"483348.65",,,,,,""
"2021-08-11","'3140FDZH2'","MBS","UMBS MORTPASS 3% 10/31","15yr",,,,,"483229.94",,,,,,""
"2021-08-11","'3138YMSV2'","MBS","UMBS MORTPASS 3% 07/45","30yr",,,,,"483039.34",,,,,,""
"2021-08-11","'3140Q9NY5'","MBS","UMBS MORTPASS 4.5% 08/48","30yr",,,,,"482945.64",,,,,,""
"2021-08-11","'3140HHF59'","MBS","UMBS MORTPASS 4% 10/48","30yr",,,,,"482930.58",,,,,,""
"2021-08-11","'3140GTUR9'","MBS","UMBS MORTPASS 2.5% 08/32","15yr",,,,,"482860.59",,,,,,""
"2021-08-11","'31307TUY5'","MBS","FHLMCGLD 3.5% 05/32","15yr",,,,,"482693.68",,,,,,""
"2021-08-11","'3140KBZE7'","MBS","UMBS MORTPASS 3% 03/50","30yr",,,,,"482545.95",,,,,,""
"2021-08-11","'3140H93U5'","MBS","UMBS MORTPASS 2.5% 01/33","15yr",,,,,"482497.44",,,,,,""
"2021-08-11","'3140HN5N8'","MBS","UMBS MORTPASS 3.5% 09/33","15yr",,,,,"482419.48",,,,,,""
"2021-08-11","'3131YBLX4'","MBS","UMBS MORTPASS 3.5% 04/49","30yr",,,,,"482411.03",,,,,,""
"2021-08-11","'3140JQR62'","MBS","UMBS MORTPASS 2.5% 08/34","15yr",,,,,"482332.07",,,,,,""
"2021-08-11","'3620A25L6'","MBS","GNMA I 3.5% 03/42","30yr",,,,,"482307.46",,,,,,""
"2021-08-11","'36295CGR6'","MBS","GNMA I MORTPASS 3% 01/43","30yr",,,,,"482268.34",,,,,,""
"2021-08-11","'3140J5D48'","MBS","UMBS MORTPASS 2.5% 01/27","Other",,,,,"482078.4",,,,,,""
"2021-08-11","'3620ABD45'","MBS","GNMA I MORTPASS 5% 04/40","30yr",,,,,"481983.6",,,,,,""
"2021-08-11","'3140JWZ37'","MBS","UMBS MORTPASS 3.5% 07/49","30yr",,,,,"481821.01",,,,,,""
"2021-08-11","'3132M4XG5'","MBS","FHLMCGLD 3.5% 01/44","30yr",,,,,"481818.11",,,,,,""
"2021-08-11","'36297FJD5'","MBS","GNMA I 4.5% 07/39","30yr",,,,,"481791.14",,,,,,""
"2021-08-11","'3140H5YL9'","MBS","UMBS MORTPASS 3% 01/33","15yr",,,,,"481637.61",,,,,,""
"2021-08-11","'3128MJT67'","MBS","FHLMCGLD 3.5% 02/44","30yr",,,,,"481622.3",,,,,,""
"2021-08-11","'3132J7BF8'","MBS","FHLMCGLD 3.5% 02/43","30yr",,,,,"481603.31",,,,,,""
"2021-08-11","'3140H9PR8'","MBS","UMBS MORTPASS 3% 01/34","15yr",,,,,"481534.98",,,,,,""
"2021-08-11","'3140H8ZZ1'","MBS","UMBS MORTPASS 3% 08/33","15yr",,,,,"481488.74",,,,,,""
"2021-08-11","'3140JPKG9'","MBS","UMBS MORTPASS 4% 05/49","30yr",,,,,"481274.15",,,,,,""
"2021-08-11","'3138WWUC1'","MBS","UMBS MORTPASS 3% 07/28","15yr",,,,,"481237.05",,,,,,""
"2021-08-11","'3140E2VK4'","MBS","UMBS MORTPASS 2.5% 06/30","15yr",,,,,"480968.81",,,,,,""
"2021-08-11","'3620A6UE5'","MBS","GNMA I 4.5% 08/39","30yr",,,,,"480942.31",,,,,,""
"2021-08-11","'36296GJB8'","MBS","GNMA I MORTPASS 4% 01/41","30yr",,,,,"480660.3",,,,,,""
"2021-08-11","'36180FTR3'","MBS","GNMA I MORTPASS 3% 03/43","30yr",,,,,"480645.62",,,,,,""
"2021-08-11","'3131X8B54'","MBS","UMBS MORTPASS 2.5% 10/27","15yr",,,,,"480632.09",,,,,,""
"2021-08-11","'3138MAN38'","MBS","UMBS MORTPASS 3% 09/27","15yr",,,,,"480543.65",,,,,,""
"2021-08-11","'36294QLT6'","MBS","GNMA I 3.5% 11/41","30yr",,,,,"480413.43",,,,,,""
"2021-08-11","'3138E7TV6'","MBS","UMBS MORTPASS 3% 02/27","15yr",,,,,"480148.17",,,,,,""
"2021-08-11","'31416XLV0'","MBS","UMBS MORTPASS 3% 01/26","15yr",,,,,"480122",,,,,,""
"2021-08-11","'3129344T6'","MBS","FHLMCGLD 4% 08/39","30yr",,,,,"480093.85",,,,,,""
"2021-08-11","'3140KDNU0'","MBS","UMBS MORTPASS 2% 05/35","15yr",,,,,"479908.79",,,,,,""
"2021-08-11","'3132A7Q95'","MBS","UMBS MORTPASS 2.5% 06/23","Other",,,,,"479751.28",,,,,,""
"2021-08-11","'3140JRRJ2'","MBS","UMBS MORTPASS 3% 06/34","15yr",,,,,"479721.19",,,,,,""
"2021-08-11","'3138LY2B2'","MBS","UMBS MORTPASS 2.5% 06/27","15yr",,,,,"479383.12",,,,,,""
"2021-08-11","'31339S3F0'","MBS","UMBS MORTPASS 3.5% 09/49","30yr",,,,,"479359.13",,,,,,""
"2021-08-11","'3140HASR2'","MBS","UMBS MORTPASS 3.5% 05/48","30yr",,,,,"479286.71",,,,,,""
"2021-08-11","'31307NRR7'","MBS","FHLMCGLD 2.5% 07/30","15yr",,,,,"479218.96",,,,,,""
"2021-08-11","'3131X8UD6'","MBS","UMBS MORTPASS 2% 03/23","Other",,,,,"479043.02",,,,,,""
"2021-08-11","'3140KYPM0'","MBS","UMBS MORTPASS 2% 02/36","15yr",,,,,"478960.12",,,,,,""
"2021-08-11","'312934K84'","MBS","FHLMCGLD 3.5% 06/39","30yr",,,,,"478901.27",,,,,,""
"2021-08-11","'36295MCK3'","MBS","GNMA I MORTPASS 5% 11/39","30yr",,,,,"478836.41",,,,,,""
"2021-08-11","'3138EL6Z1'","MBS","UMBS MORTPASS 4% 11/43","30yr",,,,,"478460.86",,,,,,""
"2021-08-11","'3133ADJ98'","MBS","UMBS MORTPASS 2.5% 12/50","30yr",,,,,"478413.14",,,,,,""
"2021-08-11","'3132QPE34'","MBS","FHLMCGLD 3.5% 04/45","30yr",,,,,"478112.43",,,,,,""
"2021-08-11","'3138WK5B7'","MBS","UMBS MORTPASS 3% 06/32","15yr",,,,,"478058.03",,,,,,""
"2021-08-11","'3133KKVK2'","MBS","UMBS MORTPASS 2.5% 12/50","30yr",,,,,"478043.8",,,,,,""
"2021-08-11","'3620AJKQ1'","MBS","GNMA I MORTPASS 5% 12/39","30yr",,,,,"477955.56",,,,,,""
"2021-08-11","'3138NY4M4'","MBS","UMBS MORTPASS 3% 02/43","30yr",,,,,"477645.01",,,,,,""
"2021-08-11","'3138XVUL2'","MBS","UMBS MORTPASS 3% 05/29","15yr",,,,,"477527.73",,,,,,""
"2021-08-11","'3132J7Z88'","MBS","FHLMCGLD 3% 03/43","30yr",,,,,"477509.58",,,,,,""
"2021-08-11","'3620A7PM1'","MBS","GNMA I MORTPASS 5% 10/39","30yr",,,,,"477503.47",,,,,,""
"2021-08-11","'31307TMX6'","MBS","FHLMCGLD 2.5% 04/32","15yr",,,,,"477470.46",,,,,,""
"2021-08-11","'3140JP3Y9'","MBS","UMBS MORTPASS 2.5% 03/50","30yr",,,,,"477425.34",,,,,,""
"2021-08-11","'3138W9LR9'","MBS","UMBS MORTPASS 1.5% 01/28","15yr",,,,,"477380.64",,,,,,""
"2021-08-11","'31418A6V5'","MBS","UMBS MORTPASS 3% 02/24","Other",,,,,"477230.5",,,,,,""
"2021-08-11","'3140K4VZ0'","MBS","UMBS MORTPASS 2.5% 11/34","15yr",,,,,"477210.63",,,,,,""
"2021-08-11","'36295CGA3'","MBS","GNMA I MORTPASS 3% 12/42","30yr",,,,,"477123.58",,,,,,""
"2021-08-11","'31307TKS9'","MBS","FHLMCGLD 3% 03/32","15yr",,,,,"476941.89",,,,,,""
"2021-08-11","'31307VKL9'","MBS","FHLMCGLD 2.5% 01/33","15yr",,,,,"476838.46",,,,,,""
"2021-08-11","'31307WFX7'","MBS","FHLMCGLD 3.5% 06/33","15yr",,,,,"476825.32",,,,,,""
"2021-08-11","'3140X8KM8'","MBS","UMBS MORTPASS 2% 11/50","30yr",,,,,"476717.86",,,,,,""
"2021-08-11","'31307LXR4'","MBS","FHLMCGLD 2.5% 02/30","15yr",,,,,"476703.9",,,,,,""
"2021-08-11","'36176E5P2'","MBS","GNMA I 3.5% 12/41","30yr",,,,,"476662.86",,,,,,""
"2021-08-11","'3140FUQC5'","MBS","UMBS MORTPASS 4.5% 06/47","30yr",,,,,"476450.6",,,,,,""
"2021-08-11","'3138E8CK6'","MBS","UMBS MORTPASS 3% 02/27","15yr",,,,,"476382.69",,,,,,""
"2021-08-11","'3138MLCE2'","MBS","UMBS MORTPASS 2.5% 12/27","15yr",,,,,"476379.57",,,,,,""
"2021-08-11","'36176W5X5'","MBS","GNMA I 3.5% 01/42","30yr",,,,,"476351.8",,,,,,""
"2021-08-11","'3138WH6F4'","MBS","UMBS MORTPASS 2.5% 10/26","Other",,,,,"476299.71",,,,,,""
"2021-08-11","'3140HPC70'","MBS","UMBS MORTPASS 3% 01/34","15yr",,,,,"476288.06",,,,,,""
"2021-08-11","'31307NA46'","MBS","FHLMCGLD 3% 06/30","15yr",,,,,"476156.98",,,,,,""
"2021-08-11","'3133GDNY2'","MBS","UMBS MORTPASS 2% 06/36","15yr",,,,,"476132.76",,,,,,""
"2021-08-11","'36177TCZ8'","MBS","GNMA I 3.5% 04/42","30yr",,,,,"476042.2",,,,,,""
"2021-08-11","'3133A4ZL3'","MBS","UMBS MORTPASS 2.5% 05/50","30yr",,,,,"475897.89",,,,,,""
"2021-08-11","'3138YKYN7'","MBS","UMBS MORTPASS 2.5% 06/30","15yr",,,,,"475709.17",,,,,,""
"2021-08-11","'3140JNV72'","MBS","UMBS MORTPASS 4.5% 04/49","30yr",,,,,"475406.51",,,,,,""
"2021-08-11","'3140H4N34'","MBS","UMBS MORTPASS 2.5% 11/32","15yr",,,,,"475192.41",,,,,,""
"2021-08-11","'36177WNC0'","MBS","GNMA I 3.5% 05/42","30yr",,,,,"475103.94",,,,,,""
"2021-08-11","'3138YCB26'","MBS","UMBS MORTPASS 3.5% 12/29","15yr",,,,,"474952.99",,,,,,""
"2021-08-11","'3132QPVC5'","MBS","FHLMCGLD 3% 05/45","30yr",,,,,"474885.26",,,,,,""
"2021-08-11","'3140FEV84'","MBS","UMBS MORTPASS 3% 09/31","15yr",,,,,"474823.27",,,,,,""
"2021-08-11","'36294UWP3'","MBS","GNMA I MORTPASS 3% 09/42","30yr",,,,,"474718.2",,,,,,""
"2021-08-11","'31307SS38'","MBS","FHLMCGLD 3.5% 12/31","15yr",,,,,"474682.27",,,,,,""
"2021-08-11","'3140JPAP0'","MBS","UMBS MORTPASS 3% 03/34","15yr",,,,,"474647.57",,,,,,""
"2021-08-11","'3132GL6M1'","MBS","FHLMCGLD 3.5% 01/42","30yr",,,,,"474643.31",,,,,,""
"2021-08-11","'3140E3BG3'","MBS","UMBS MORTPASS 2.5% 09/30","15yr",,,,,"474594.67",,,,,,""
"2021-08-11","'3132J8GC8'","MBS","FHLMCGLD 3% 04/43","30yr",,,,,"474536.67",,,,,,""
"2021-08-11","'3138W7QR8'","MBS","UMBS MORTPASS 3% 03/43","30yr",,,,,"474481.83",,,,,,""
"2021-08-11","'3140X63C3'","MBS","UMBS MORTPASS 2.5% 04/48","30yr",,,,,"474298.11",,,,,,""
"2021-08-11","'3138WPJE5'","MBS","UMBS MORTPASS 2.5% 04/28","15yr",,,,,"474292.55",,,,,,""
"2021-08-11","'3131X7EG9'","MBS","UMBS MORTPASS 3% 12/26","15yr",,,,,"474253.31",,,,,,""
"2021-08-11","'3138M5R92'","MBS","UMBS MORTPASS 3% 09/27","15yr",,,,,"474209.22",,,,,,""
"2021-08-11","'31307RQJ7'","MBS","FHLMCGLD 2.5% 08/31","15yr",,,,,"473970.46",,,,,,""
"2021-08-11","'3132M9DF8'","MBS","FHLMCGLD 3.5% 09/44","30yr",,,,,"473907.14",,,,,,""
"2021-08-11","'3138WC7J6'","MBS","UMBS MORTPASS 2.5% 10/29","15yr",,,,,"473783.13",,,,,,""
"2021-08-11","'3133KGP51'","MBS","UMBS MORTPASS 3% 09/49","30yr",,,,,"473681.52",,,,,,""
"2021-08-11","'36180KRF0'","MBS","GNMA I 3.5% 05/43","30yr",,,,,"473607.03",,,,,,""
"2021-08-11","'31335CJH8'","MBS","FHLMCGLD 5% 03/36","30yr",,,,,"473559.58",,,,,,"Y"
"2021-08-11","'36210BXQ3'","MBS","GNMA I 4.5% 02/39","30yr",,,,,"473532.18",,,,,,""
"2021-08-11","'3138EQRJ3'","MBS","UMBS MORTPASS 3.5% 11/30","15yr",,,,,"473399.63",,,,,,""
"2021-08-11","'3140HMGL2'","MBS","UMBS MORTPASS 3.5% 07/48","30yr",,,,,"473355.11",,,,,,""
"2021-08-11","'36297KMA6'","MBS","GNMA I 4.5% 05/39","30yr",,,,,"473148.76",,,,,,""
"2021-08-11","'3132WHP58'","MBS","FHLMCGLD 3% 11/46","30yr",,,,,"473124.77",,,,,,""
"2021-08-11","'3140X9R64'","MBS","UMBS MORTPASS 2% 02/36","15yr",,,,,"472948.05",,,,,,""
"2021-08-11","'3140Q8V51'","MBS","UMBS MORTPASS 3.5% 02/48","30yr",,,,,"472946.06",,,,,,""
"2021-08-11","'3132DMNV3'","MBS","UMBS MORTPASS 2.5% 07/50","30yr",,,,,"472894.83",,,,,,""
"2021-08-11","'3140Q8M85'","MBS","UMBS MORTPASS 3.5% 02/33","15yr",,,,,"472872.97",,,,,,""
"2021-08-11","'3140E8DC9'","MBS","UMBS MORTPASS 2.5% 10/30","15yr",,,,,"472841.06",,,,,,""
"2021-08-11","'31307QXU6'","MBS","FHLMCGLD 2.5% 05/31","15yr",,,,,"472829.18",,,,,,""
"2021-08-11","'31307VT71'","MBS","FHLMCGLD 3.5% 02/33","15yr",,,,,"472732.7",,,,,,""
"2021-08-11","'31307T2L4'","MBS","FHLMCGLD 3% 06/32","15yr",,,,,"472731.12",,,,,,""
"2021-08-11","'3140H5NJ6'","MBS","UMBS MORTPASS 3% 02/33","15yr",,,,,"472715.77",,,,,,""
"2021-08-11","'3133L75R4'","MBS","UMBS MORTPASS 1.5% 02/36","15yr",,,,,"472680.43",,,,,,""
"2021-08-11","'3140J75E1'","MBS","UMBS MORTPASS 3% 06/31","15yr",,,,,"472524.2",,,,,,""
"2021-08-11","'3138MLUV4'","MBS","UMBS MORTPASS 3% 11/27","15yr",,,,,"472494.16",,,,,,""
"2021-08-11","'3140X8WY9'","MBS","UMBS MORTPASS 2% 12/35","15yr",,,,,"472380.35",,,,,,""
"2021-08-11","'3128PS6C6'","MBS","FHLMCGLD 3.5% 11/25","15yr",,,,,"472338.92",,,,,,""
"2021-08-11","'3128PVDJ6'","MBS","FHLMCGLD 4% 05/26","15yr",,,,,"471788.67",,,,,,""
"2021-08-11","'3133G93Q0'","MBS","UMBS MORTPASS 1.5% 09/35","15yr",,,,,"471751.25",,,,,,""
"2021-08-11","'3133AE7D0'","MBS","UMBS MORTPASS 2.5% 01/51","30yr",,,,,"471510.35",,,,,,""
"2021-08-11","'3138EK2U8'","MBS","UMBS MORTPASS 2% 05/23","Other",,,,,"471445.32",,,,,,""
"2021-08-11","'3138W65R3'","MBS","UMBS MORTPASS 3% 03/28","15yr",,,,,"471378.7",,,,,,""
"2021-08-11","'31417AW88'","MBS","UMBS MORTPASS 2% 01/27","15yr",,,,,"471311.31",,,,,,""
"2021-08-11","'31417UET8'","MBS","UMBS MORTPASS 5% 05/40","30yr",,,,,"471253.05",,,,,,""
"2021-08-11","'3140HJYJ4'","MBS","UMBS MORTPASS 4% 08/48","30yr",,,,,"471015.74",,,,,,""
"2021-08-11","'3138YSHF6'","MBS","UMBS MORTPASS 3.5% 05/45","30yr",,,,,"470880.96",,,,,,""
"2021-08-11","'3140HAQQ6'","MBS","UMBS MORTPASS 3% 03/33","15yr",,,,,"470838.7",,,,,,""
"2021-08-11","'3138WWL98'","MBS","UMBS MORTPASS 2.5% 06/28","15yr",,,,,"470672.8",,,,,,""
"2021-08-11","'3140H5MS7'","MBS","UMBS MORTPASS 2.5% 01/33","15yr",,,,,"470515.76",,,,,,""
"2021-08-11","'3138YGRT1'","MBS","UMBS MORTPASS 3% 03/45","30yr",,,,,"470466.94",,,,,,""
"2021-08-11","'3138LUA96'","MBS","UMBS MORTPASS 2.5% 05/27","15yr",,,,,"470409.53",,,,,,""
"2021-08-11","'36296PW72'","MBS","GNMA I 4.5% 05/39","30yr",,,,,"470392.78",,,,,,""
"2021-08-11","'31307NVD3'","MBS","FHLMCGLD 2.5% 08/30","15yr",,,,,"470350.53",,,,,,""
"2021-08-11","'3620AHVA8'","MBS","GNMA I MORTPASS 5% 02/40","30yr",,,,,"470286.83",,,,,,""
"2021-08-11","'36297BEQ0'","MBS","GNMA I 4.5% 07/39","30yr",,,,,"470228.62",,,,,,""
"2021-08-11","'3140H6HN2'","MBS","UMBS MORTPASS 3% 01/33","15yr",,,,,"470215.28",,,,,,""
"2021-08-11","'31307M7B6'","MBS","FHLMCGLD 3% 05/30","15yr",,,,,"470108.3",,,,,,""
"2021-08-11","'3138WSQV3'","MBS","UMBS MORTPASS 3% 05/28","15yr",,,,,"470097.93",,,,,,""
"2021-08-11","'3138WAEW3'","MBS","UMBS MORTPASS 2% 11/23","Other",,,,,"470031.44",,,,,,""
"2021-08-11","'3620A9L74'","MBS","GNMA I MORTPASS 5% 02/40","30yr",,,,,"469843.96",,,,,,""
"2021-08-11","'3133A1XA5'","MBS","UMBS MORTPASS 2.5% 01/50","30yr",,,,,"469449.45",,,,,,""
"2021-08-11","'3132A7RY9'","MBS","UMBS MORTPASS 3.5% 10/23","Other",,,,,"469079.09",,,,,,""
"2021-08-11","'31307HJ24'","MBS","FHLMCGLD 3% 06/29","15yr",,,,,"469046.17",,,,,,""
"2021-08-11","'31307Q2M8'","MBS","FHLMCGLD 3% 05/31","15yr",,,,,"469042.95",,,,,,""
"2021-08-11","'31307PFH7'","MBS","FHLMCGLD 2.5% 08/30","15yr",,,,,"468967.01",,,,,,""
"2021-08-11","'3138LY2A4'","MBS","UMBS MORTPASS 2.5% 06/27","15yr",,,,,"468871.88",,,,,,""
"2021-08-11","'31418AR91'","MBS","UMBS MORTPASS 2.5% 04/33","Other",,,,,"468715.71",,,,,,""
"2021-08-11","'36180CQQ5'","MBS","GNMA I MORTPASS 3% 02/43","30yr",,,,,"468557.38",,,,,,""
"2021-08-11","'36295CJB8'","MBS","GNMA I MORTPASS 3% 05/43","30yr",,,,,"468538.85",,,,,,""
"2021-08-11","'3138YVUT4'","MBS","UMBS MORTPASS 3% 07/45","30yr",,,,,"468474.59",,,,,,""
"2021-08-11","'3138W9LB4'","MBS","UMBS MORTPASS 2% 08/23","Other",,,,,"468429.27",,,,,,""
"2021-08-11","'36176T5W4'","MBS","GNMA I MORTPASS 3% 01/43","30yr",,,,,"468185.89",,,,,,""
"2021-08-11","'3138X7DD2'","MBS","UMBS MORTPASS 2.5% 10/28","15yr",,,,,"468167.12",,,,,,""
"2021-08-11","'3138WTYG5'","MBS","UMBS MORTPASS 2.5% 07/28","15yr",,,,,"468045.88",,,,,,""
"2021-08-11","'3131XCA72'","MBS","UMBS MORTPASS 2.5% 06/31","15yr",,,,,"468003.07",,,,,,""
"2021-08-11","'3138YRHF8'","MBS","UMBS MORTPASS 2.5% 04/30","15yr",,,,,"467995.61",,,,,,""
"2021-08-11","'3138X2YE8'","MBS","UMBS MORTPASS 3.5% 07/43","30yr",,,,,"467953.25",,,,,,""
"2021-08-11","'31307EXF6'","MBS","FHLMCGLD 3% 10/28","15yr",,,,,"467738.08",,,,,,""
"2021-08-11","'36180B2Q3'","MBS","GNMA I 3.5% 04/43","30yr",,,,,"467587.92",,,,,,""
"2021-08-11","'36297GML1'","MBS","GNMA I 4.5% 10/39","30yr",,,,,"467485.73",,,,,,""
"2021-08-11","'3138X3UN0'","MBS","UMBS MORTPASS 3% 07/28","15yr",,,,,"467459.38",,,,,,""
"2021-08-11","'3131X8GX8'","MBS","UMBS MORTPASS 2.5% 12/27","15yr",,,,,"467430.98",,,,,,""
"2021-08-11","'3140KNPN2'","MBS","UMBS MORTPASS 2% 10/35","15yr",,,,,"467263.3",,,,,,""
"2021-08-11","'3140HASC5'","MBS","UMBS MORTPASS 3.5% 04/33","15yr",,,,,"467157.14",,,,,,""
"2021-08-11","'3138EEZ36'","MBS","UMBS MORTPASS 3% 05/27","15yr",,,,,"467061.56",,,,,,""
"2021-08-11","'3138MHP49'","MBS","UMBS MORTPASS 2.5% 10/27","15yr",,,,,"466854.3",,,,,,""
"2021-08-11","'36202FGV2'","MBS","GNMA II MORTPASS 4% 06/40","30yr",,,,,"466819.89",,,,,,""
"2021-08-11","'3140KLBW1'","MBS","UMBS MORTPASS 2.5% 06/51","30yr",,,,,"466815",,,,,,""
"2021-08-11","'3140JVDR0'","MBS","UMBS MORTPASS 4% 07/49","30yr",,,,,"466761.22",,,,,,""
"2021-08-11","'3138Y7LS9'","MBS","UMBS MORTPASS 3% 03/45","30yr",,,,,"466736.81",,,,,,""
"2021-08-11","'3132WHNA9'","MBS","FHLMCGLD 3% 10/46","30yr",,,,,"466618.13",,,,,,""
"2021-08-11","'3138EMT84'","MBS","UMBS MORTPASS 2.5% 12/28","15yr",,,,,"466448.19",,,,,,""
"2021-08-11","'31307PSV2'","MBS","FHLMCGLD 2.5% 11/30","15yr",,,,,"466352.41",,,,,,""
"2021-08-11","'3620C14Z6'","MBS","GNMA I MORTPASS 4% 09/40","30yr",,,,,"466259.31",,,,,,""
"2021-08-11","'3620A6AF4'","MBS","GNMA I 4.5% 06/39","30yr",,,,,"466150.88",,,,,,""
"2021-08-11","'3131YBMV7'","MBS","UMBS MORTPASS 3.5% 04/49","30yr",,,,,"465994.38",,,,,,""
"2021-08-11","'3131X6GT1'","MBS","UMBS MORTPASS 3% 01/26","15yr",,,,,"465795.06",,,,,,""
"2021-08-11","'3140JWKD1'","MBS","UMBS MORTPASS 4% 08/49","30yr",,,,,"465789.47",,,,,,""
"2021-08-11","'3132A8QA0'","MBS","UMBS MORTPASS 2% 01/27","Other",,,,,"465615.87",,,,,,""
"2021-08-11","'3133L8EF8'","MBS","UMBS MORTPASS 2% 04/36","15yr",,,,,"465604.8",,,,,,""
"2021-08-11","'3140E8W61'","MBS","UMBS MORTPASS 2.5% 12/30","15yr",,,,,"465599.23",,,,,,""
"2021-08-11","'31329LAN2'","MBS","UMBS MORTPASS 3% 04/27","15yr",,,,,"465594.52",,,,,,""
"2021-08-11","'3138M3JB1'","MBS","UMBS MORTPASS 3% 08/27","15yr",,,,,"465559.25",,,,,,""
"2021-08-11","'3138MDVC3'","MBS","UMBS MORTPASS 2.5% 09/42","30yr",,,,,"465539.9",,,,,,""
"2021-08-11","'3138YWKE6'","MBS","UMBS MORTPASS 2.5% 10/30","15yr",,,,,"465497.71",,,,,,""
"2021-08-11","'3133LPRY5'","MBS","UMBS MORTPASS 3% 07/29","Other",,,,,"465431.5",,,,,,""
"2021-08-11","'3140F3M62'","MBS","UMBS MORTPASS 2.5% 05/31","15yr",,,,,"465397.57",,,,,,""
"2021-08-11","'3131XBL31'","MBS","UMBS MORTPASS 3% 07/30","15yr",,,,,"465191.74",,,,,,""
"2021-08-11","'3138WCK44'","MBS","UMBS MORTPASS 2.5% 08/29","15yr",,,,,"464919.36",,,,,,""
"2021-08-11","'31329PLH4'","MBS","UMBS MORTPASS 4% 10/48","30yr",,,,,"464779.25",,,,,,""
"2021-08-11","'3138XVLY4'","MBS","UMBS MORTPASS 4% 07/44","30yr",,,,,"464575.8",,,,,,""
"2021-08-11","'3132M7CQ9'","MBS","FHLMCGLD 3.5% 06/44","30yr",,,,,"464563.36",,,,,,""
"2021-08-11","'3140HAQZ6'","MBS","UMBS MORTPASS 3.5% 03/48","30yr",,,,,"464467.35",,,,,,""
"2021-08-11","'3138X5KL0'","MBS","UMBS MORTPASS 3.5% 10/28","15yr",,,,,"464387.75",,,,,,""
"2021-08-11","'3138X8M81'","MBS","UMBS MORTPASS 4% 09/43","30yr",,,,,"464344.69",,,,,,""
"2021-08-11","'3140FE6B5'","MBS","UMBS MORTPASS 4% 04/47","30yr",,,,,"464342.3",,,,,,""
"2021-08-11","'3132M4XH3'","MBS","FHLMCGLD 3.5% 01/44","30yr",,,,,"464254.8",,,,,,""
"2021-08-11","'3138E9W22'","MBS","UMBS MORTPASS 2.5% 03/27","15yr",,,,,"464030.54",,,,,,""
"2021-08-11","'31418BKL9'","MBS","UMBS MORTPASS 3.5% 11/29","15yr",,,,,"463947.91",,,,,,""
"2021-08-11","'36296WAG1'","MBS","GNMA I MORTPASS 5% 04/39","30yr",,,,,"463938.91",,,,,,""
"2021-08-11","'3138E4W23'","MBS","UMBS MORTPASS 3.5% 01/42","30yr",,,,,"463937.08",,,,,,""
"2021-08-11","'31307NPV0'","MBS","FHLMCGLD 3% 07/30","15yr",,,,,"463896.13",,,,,,""
"2021-08-11","'31307JD83'","MBS","FHLMCGLD 3% 08/29","15yr",,,,,"463888.13",,,,,,""
"2021-08-11","'3138WUWX7'","MBS","UMBS MORTPASS 3% 05/43","30yr",,,,,"463801.55",,,,,,""
"2021-08-11","'3132WGY76'","MBS","FHLMCGLD 3% 10/46","30yr",,,,,"463684.38",,,,,,""
"2021-08-11","'3138MRTP6'","MBS","UMBS MORTPASS 2.5% 12/42","30yr",,,,,"463467.06",,,,,,""
"2021-08-11","'3138WS5Z7'","MBS","UMBS MORTPASS 3.5% 04/43","30yr",,,,,"463448.16",,,,,,""
"2021-08-11","'31307GZ36'","MBS","FHLMCGLD 3% 04/29","15yr",,,,,"463379.28",,,,,,""
"2021-08-11","'3140J57A1'","MBS","UMBS MORTPASS 3% 12/30","15yr",,,,,"463345.08",,,,,,""
"2021-08-11","'3132J8ZS2'","MBS","FHLMCGLD 3.5% 04/43","30yr",,,,,"463224.4",,,,,,""
"2021-08-11","'3140J74X0'","MBS","UMBS MORTPASS 3% 01/31","15yr",,,,,"463211.64",,,,,,""
"2021-08-11","'3140KQNG2'","MBS","UMBS MORTPASS 1.5% 10/35","15yr",,,,,"463016.04",,,,,,""
"2021-08-11","'3132QLS95'","MBS","FHLMCGLD 3.5% 01/45","30yr",,,,,"462702.43",,,,,,""
"2021-08-11","'3132JMJP5'","MBS","FHLMCGLD 3.5% 07/43","30yr",,,,,"462559.64",,,,,,""
"2021-08-11","'3131YCRS7'","MBS","UMBS MORTPASS 3% 04/49","30yr",,,,,"462497.15",,,,,,""
"2021-08-11","'3140K8PZ8'","MBS","UMBS MORTPASS 2.5% 02/35","15yr",,,,,"462411.22",,,,,,""
"2021-08-11","'3140FNFK5'","MBS","UMBS MORTPASS 4.5% 12/46","30yr",,,,,"462388.75",,,,,,""
"2021-08-11","'3138M4LC4'","MBS","UMBS MORTPASS 2.5% 11/27","15yr",,,,,"462209.74",,,,,,""
"2021-08-11","'3140E5MK7'","MBS","UMBS MORTPASS 3% 09/30","15yr",,,,,"462124.73",,,,,,""
"2021-08-11","'3133GCDC3'","MBS","UMBS MORTPASS 2% 03/36","15yr",,,,,"462044.82",,,,,,""
"2021-08-11","'31307L4N5'","MBS","FHLMCGLD 2.5% 02/30","15yr",,,,,"461656.51",,,,,,""
"2021-08-11","'3138X5HD2'","MBS","UMBS MORTPASS 3% 08/28","15yr",,,,,"461490.71",,,,,,""
"2021-08-11","'3131XDBU8'","MBS","UMBS MORTPASS 3% 11/32","15yr",,,,,"461367.23",,,,,,""
"2021-08-11","'3138EBW43'","MBS","UMBS MORTPASS 3% 03/27","15yr",,,,,"461344.74",,,,,,""
"2021-08-11","'3138W7FR0'","MBS","UMBS MORTPASS 3% 05/28","15yr",,,,,"461271.49",,,,,,""
"2021-08-11","'3138WTQJ8'","MBS","UMBS MORTPASS 3.5% 06/43","30yr",,,,,"461236.34",,,,,,""
"2021-08-11","'3140JG2E4'","MBS","UMBS MORTPASS 3.5% 05/49","30yr",,,,,"460814.69",,,,,,""
"2021-08-11","'36178RSC5'","MBS","GNMA I 3.5% 11/42","30yr",,,,,"460774.06",,,,,,""
"2021-08-11","'31307GBM0'","MBS","FHLMCGLD 3% 02/29","15yr",,,,,"460578.91",,,,,,""
"2021-08-11","'3138XLX80'","MBS","UMBS MORTPASS 3% 01/29","15yr",,,,,"460562.62",,,,,,""
"2021-08-11","'3140HNV66'","MBS","UMBS MORTPASS 4.5% 01/49","30yr",,,,,"460543.56",,,,,,""
"2021-08-11","'3138WTX92'","MBS","UMBS MORTPASS 2.5% 06/28","15yr",,,,,"460489.49",,,,,,""
"2021-08-11","'3133GAAV8'","MBS","UMBS MORTPASS 1.5% 10/35","15yr",,,,,"460308.71",,,,,,""
"2021-08-11","'31307UAB4'","MBS","FHLMCGLD 2.5% 06/32","15yr",,,,,"460107.22",,,,,,""
"2021-08-11","'3620AKPT7'","MBS","GNMA I MORTPASS 5% 03/40","30yr",,,,,"460084.74",,,,,,""
"2021-08-11","'31418B5W2'","MBS","UMBS MORTPASS 3% 06/26","Other",,,,,"459917.53",,,,,,""
"2021-08-11","'3138W3UY7'","MBS","UMBS MORTPASS 2.5% 04/28","15yr",,,,,"459867.22",,,,,,""
"2021-08-11","'3140HEQE5'","MBS","UMBS MORTPASS 3% 02/33","15yr",,,,,"459728.34",,,,,,""
"2021-08-11","'3140JNFH8'","MBS","UMBS MORTPASS 4.5% 02/49","30yr",,,,,"459567.46",,,,,,""
"2021-08-11","'3132GU2P8'","MBS","FHLMCGLD 3.5% 07/42","30yr",,,,,"459560.81",,,,,,""
"2021-08-11","'3140JGNR2'","MBS","UMBS MORTPASS 4% 09/48","30yr",,,,,"459536.59",,,,,,""
"2021-08-11","'3138WN6J3'","MBS","UMBS MORTPASS 3% 04/28","15yr",,,,,"459524.01",,,,,,""
"2021-08-11","'31417EM73'","MBS","UMBS MORTPASS 3% 01/43","30yr",,,,,"459457.01",,,,,,""
"2021-08-11","'3140KQLL3'","MBS","UMBS MORTPASS 2% 10/35","15yr",,,,,"459413.47",,,,,,""
"2021-08-11","'3140HMFJ8'","MBS","UMBS MORTPASS 3.5% 06/33","15yr",,,,,"459307.49",,,,,,""
"2021-08-11","'3138W1VU8'","MBS","UMBS MORTPASS 4% 02/43","30yr",,,,,"459171.9",,,,,,""
"2021-08-11","'3138XLDG4'","MBS","UMBS MORTPASS 3% 01/29","15yr",,,,,"459003.79",,,,,,""
"2021-08-11","'3138WZJQ6'","MBS","UMBS MORTPASS 3% 06/28","15yr",,,,,"458976.78",,,,,,""
"2021-08-11","'3138WN3H0'","MBS","UMBS MORTPASS 3% 04/28","15yr",,,,,"458958.28",,,,,,""
"2021-08-11","'31417CMN2'","MBS","UMBS MORTPASS 2.5% 08/27","15yr",,,,,"458916.07",,,,,,""
"2021-08-11","'3140F7MA4'","MBS","UMBS MORTPASS 3% 06/46","30yr",,,,,"458729.14",,,,,,""
"2021-08-11","'3138WXFF9'","MBS","UMBS MORTPASS 2.5% 07/28","15yr",,,,,"458386.99",,,,,,""
"2021-08-11","'3131X8GU4'","MBS","UMBS MORTPASS 2.5% 12/27","15yr",,,,,"458328.41",,,,,,""
"2021-08-11","'3132VMUJ2'","MBS","FHLMCGLD 3.5% 02/49","30yr",,,,,"458266.42",,,,,,""
"2021-08-11","'3132WJUB5'","MBS","FHLMCGLD 3% 11/46","30yr",,,,,"458123.99",,,,,,""
"2021-08-11","'3138MAK56'","MBS","UMBS MORTPASS 3.5% 08/42","30yr",,,,,"458086.4",,,,,,""
"2021-08-11","'31307UC22'","MBS","FHLMCGLD 3% 07/32","15yr",,,,,"457940.97",,,,,,""
"2021-08-11","'31416XLU2'","MBS","UMBS MORTPASS 3% 01/26","15yr",,,,,"457910.68",,,,,,""
"2021-08-11","'3132J6X58'","MBS","FHLMCGLD 3.5% 02/43","30yr",,,,,"457856.31",,,,,,""
"2021-08-11","'3140EVPN1'","MBS","UMBS MORTPASS 3% 02/31","15yr",,,,,"457418.29",,,,,,""
"2021-08-11","'3138XDKK5'","MBS","UMBS MORTPASS 3% 11/28","15yr",,,,,"457247.2",,,,,,""
"2021-08-11","'3140JGTB1'","MBS","UMBS MORTPASS 4% 10/48","30yr",,,,,"457133.76",,,,,,""
"2021-08-11","'31307SCR2'","MBS","FHLMCGLD 3.5% 10/31","15yr",,,,,"457029.17",,,,,,""
"2021-08-11","'3140K8N64'","MBS","UMBS MORTPASS 2.5% 02/50","30yr",,,,,"456954.6",,,,,,""
"2021-08-11","'31307WGU2'","MBS","FHLMCGLD 3.5% 07/33","15yr",,,,,"456581.76",,,,,,""
"2021-08-11","'3140HKWK0'","MBS","UMBS MORTPASS 3.5% 06/48","30yr",,,,,"456529.14",,,,,,""
"2021-08-11","'3128MB3H8'","MBS","FHLMCGLD 4.5% 05/23","15yr",,,,,"456409.35",,,,,,""
"2021-08-11","'3620A4BC5'","MBS","GNMA I MORTPASS 5% 08/39","30yr",,,,,"456268.29",,,,,,""
"2021-08-11","'3138YVZR3'","MBS","UMBS MORTPASS 3% 06/30","15yr",,,,,"456206.82",,,,,,""
"2021-08-11","'3138X9AZ2'","MBS","UMBS MORTPASS 3% 09/28","15yr",,,,,"456181.94",,,,,,""
"2021-08-11","'36181A3C4'","MBS","GNMA I MORTPASS 3% 06/43","30yr",,,,,"456033.73",,,,,,""
"2021-08-11","'31307GNE5'","MBS","FHLMCGLD 3.5% 03/29","15yr",,,,,"455978.79",,,,,,""
"2021-08-11","'3133KKLQ0'","MBS","UMBS MORTPASS 2.5% 11/50","30yr",,,,,"455899.37",,,,,,""
"2021-08-11","'3132A9S32'","MBS","UMBS MORTPASS 2% 12/31","15yr",,,,,"455851.66",,,,,,""
"2021-08-11","'31307QZR1'","MBS","FHLMCGLD 2.5% 05/31","15yr",,,,,"455803.55",,,,,,""
"2021-08-11","'3140FLMZ8'","MBS","UMBS MORTPASS 3.5% 12/31","15yr",,,,,"455426.85",,,,,,""
"2021-08-11","'3620AEMZ0'","MBS","GNMA I 4.5% 11/39","30yr",,,,,"455395.9",,,,,,""
"2021-08-11","'31418B3L8'","MBS","UMBS MORTPASS 2% 04/26","Other",,,,,"455189.42",,,,,,""
"2021-08-11","'3132A8P45'","MBS","UMBS MORTPASS 3% 02/32","15yr",,,,,"455069.93",,,,,,""
"2021-08-11","'3133AL2L1'","MBS","UMBS MORTPASS 2.5% 05/51","30yr",,,,,"455023.81",,,,,,""
"2021-08-11","'3138X0L97'","MBS","UMBS MORTPASS 3.5% 07/28","15yr",,,,,"454821.33",,,,,,""
"2021-08-11","'31307GG86'","MBS","FHLMCGLD 3.5% 02/29","15yr",,,,,"454744.56",,,,,,""
"2021-08-11","'3138YRNF1'","MBS","UMBS MORTPASS 3.5% 06/45","30yr",,,,,"454734.96",,,,,,""
"2021-08-11","'3132JBNK5'","MBS","FHLMCGLD 3.5% 07/43","30yr",,,,,"454724.89",,,,,,""
"2021-08-11","'3138LTM54'","MBS","UMBS MORTPASS 3.5% 05/27","15yr",,,,,"454577.15",,,,,,""
"2021-08-11","'3140FPGP8'","MBS","UMBS MORTPASS 2.5% 07/32","15yr",,,,,"454448.14",,,,,,""
"2021-08-11","'3138E44K4'","MBS","UMBS MORTPASS 4% 01/42","30yr",,,,,"454408.07",,,,,,""
"2021-08-11","'3138MQME0'","MBS","UMBS MORTPASS 3% 01/28","15yr",,,,,"454396.35",,,,,,""
"2021-08-11","'3140E4ZE0'","MBS","UMBS MORTPASS 3% 09/30","15yr",,,,,"454164.41",,,,,,""
"2021-08-11","'31307SUB7'","MBS","FHLMCGLD 2.5% 12/31","15yr",,,,,"454122.89",,,,,,""
"2021-08-11","'3133A1BN1'","MBS","UMBS MORTPASS 4% 01/50","30yr",,,,,"454023.24",,,,,,""
"2021-08-11","'31307N5Y6'","MBS","FHLMCGLD 2.5% 09/30","15yr",,,,,"453942.52",,,,,,""
"2021-08-11","'3138XWDN5'","MBS","UMBS MORTPASS 3% 06/44","30yr",,,,,"453883.71",,,,,,""
"2021-08-11","'3138W4XQ9'","MBS","UMBS MORTPASS 3% 12/42","30yr",,,,,"453868.32",,,,,,""
"2021-08-11","'31307UAL2'","MBS","FHLMCGLD 3.5% 06/32","15yr",,,,,"453852.75",,,,,,""
"2021-08-11","'31307MX92'","MBS","FHLMCGLD 2.5% 05/30","15yr",,,,,"453777.91",,,,,,""
"2021-08-11","'3138XR6M6'","MBS","UMBS MORTPASS 3.5% 10/44","30yr",,,,,"453674.61",,,,,,""
"2021-08-11","'3140X4WD4'","MBS","UMBS MORTPASS 3.5% 11/48","30yr",,,,,"453652.57",,,,,,""
"2021-08-11","'3138MRCC3'","MBS","UMBS MORTPASS 2.5% 12/27","15yr",,,,,"453556.56",,,,,,""
"2021-08-11","'3133L7RL3'","MBS","UMBS MORTPASS 3% 12/33","15yr",,,,,"453296.29",,,,,,""
"2021-08-11","'3138WNFQ7'","MBS","UMBS MORTPASS 3% 05/28","15yr",,,,,"453147.1",,,,,,""
"2021-08-11","'3138WCV91'","MBS","UMBS MORTPASS 2% 09/24","Other",,,,,"453118.73",,,,,,""
"2021-08-11","'31307SF40'","MBS","FHLMCGLD 2.5% 10/26","15yr",,,,,"453031.64",,,,,,""
"2021-08-11","'3138MBUF1'","MBS","UMBS MORTPASS 2.5% 09/27","15yr",,,,,"452927.53",,,,,,""
"2021-08-11","'3138XWEJ3'","MBS","UMBS MORTPASS 3% 06/29","15yr",,,,,"452911.43",,,,,,""
"2021-08-11","'3132GUS47'","MBS","FHLMCGLD 3.5% 07/42","30yr",,,,,"452897.98",,,,,,""
"2021-08-11","'36297ECR4'","MBS","GNMA I MORTPASS 5% 09/39","30yr",,,,,"452888.2",,,,,,""
"2021-08-11","'3138LSDW7'","MBS","UMBS MORTPASS 3% 04/27","15yr",,,,,"452678.13",,,,,,""
"2021-08-11","'3140E7LV0'","MBS","UMBS MORTPASS 2% 12/30","15yr",,,,,"452658.54",,,,,,""
"2021-08-11","'3131Y1UT5'","MBS","UMBS MORTPASS 3% 04/48","30yr",,,,,"452611.56",,,,,,""
"2021-08-11","'3138XVRA0'","MBS","UMBS MORTPASS 3% 03/30","15yr",,,,,"452319.44",,,,,,""
"2021-08-11","'3138X1EV4'","MBS","UMBS MORTPASS 2.5% 08/28","15yr",,,,,"452300.41",,,,,,""
"2021-08-11","'31410LP22'","MBS","UMBS MORTPASS 2% 10/28","15yr",,,,,"452298.77",,,,,,""
"2021-08-11","'3138ELWF6'","MBS","UMBS MORTPASS 3.5% 09/28","15yr",,,,,"452228.49",,,,,,""
"2021-08-11","'3140HMGP3'","MBS","UMBS MORTPASS 3% 08/33","15yr",,,,,"452100.8",,,,,,""
"2021-08-11","'3138XR3R8'","MBS","UMBS MORTPASS 3% 06/29","15yr",,,,,"452006.93",,,,,,""
"2021-08-11","'31418DYE6'","MBS","UMBS MORTPASS 1.5% 04/31","Other",,,,,"451986.87",,,,,,""
"2021-08-11","'3138XY6M1'","MBS","UMBS MORTPASS 3.5% 07/29","15yr",,,,,"451804.07",,,,,,""
"2021-08-11","'3138WBH40'","MBS","UMBS MORTPASS 2.5% 03/24","Other",,,,,"451765.75",,,,,,""
"2021-08-11","'31307H2C0'","MBS","FHLMCGLD 3.5% 08/29","15yr",,,,,"451626.49",,,,,,""
"2021-08-11","'36296FTX1'","MBS","GNMA I MORTPASS 5% 10/39","30yr",,,,,"451596.93",,,,,,""
"2021-08-11","'3132D55K4'","MBS","UMBS MORTPASS 3% 06/35","15yr",,,,,"451515.79",,,,,,""
"2021-08-11","'31307NVN1'","MBS","FHLMCGLD 3% 08/30","15yr",,,,,"451503.67",,,,,,""
"2021-08-11","'3138M4LF7'","MBS","UMBS MORTPASS 2.5% 12/27","15yr",,,,,"451186.97",,,,,,""
"2021-08-11","'3131XCDE4'","MBS","UMBS MORTPASS 2.5% 08/31","15yr",,,,,"451141.83",,,,,,""
"2021-08-11","'3132J9BQ0'","MBS","FHLMCGLD 3% 05/43","30yr",,,,,"451129.83",,,,,,""
"2021-08-11","'3140JGRV9'","MBS","UMBS MORTPASS 3.5% 09/33","15yr",,,,,"450974.56",,,,,,""
"2021-08-11","'36178D6V8'","MBS","GNMA I MORTPASS 3% 04/43","30yr",,,,,"450941.49",,,,,,""
"2021-08-11","'3140HJWM9'","MBS","UMBS MORTPASS 3% 05/33","15yr",,,,,"450939.57",,,,,,""
"2021-08-11","'3138AHC38'","MBS","UMBS MORTPASS 4% 12/40","30yr",,,,,"450906.67",,,,,,""
"2021-08-11","'3138X6R98'","MBS","UMBS MORTPASS 3% 08/28","15yr",,,,,"450832.95",,,,,,""
"2021-08-11","'3131X8SE7'","MBS","UMBS MORTPASS 2% 02/23","Other",,,,,"450708.11",,,,,,""
"2021-08-11","'3138YPYG1'","MBS","UMBS MORTPASS 3% 06/30","15yr",,,,,"450154.88",,,,,,""
"2021-08-11","'3140K9G86'","MBS","UMBS MORTPASS 2.5% 02/35","15yr",,,,,"450093.07",,,,,,""
"2021-08-11","'36202EPV5'","MBS","GNMA II 4.5% 09/37","30yr",,,,,"449970.59",,,,,,""
"2021-08-11","'3140FVKU9'","MBS","UMBS MORTPASS 3% 03/32","15yr",,,,,"449898.11",,,,,,""
"2021-08-11","'3140JXER5'","MBS","UMBS MORTPASS 3.5% 10/49","30yr",,,,,"449553.47",,,,,,""
"2021-08-11","'3138MD7H9'","MBS","UMBS MORTPASS 3% 10/27","15yr",,,,,"449503.33",,,,,,""
"2021-08-11","'36177PV44'","MBS","GNMA I 3.5% 06/42","30yr",,,,,"449483.72",,,,,,""
"2021-08-11","'31307VTV8'","MBS","FHLMCGLD 4% 03/33","15yr",,,,,"449409.11",,,,,,""
"2021-08-11","'3140L6YY4'","MBS","UMBS MORTPASS 2.5% 04/51","30yr",,,,,"449350.81",,,,,,""
"2021-08-11","'31307GP86'","MBS","FHLMCGLD 3% 03/29","15yr",,,,,"449335.52",,,,,,""
"2021-08-11","'31307MGN0'","MBS","FHLMCGLD 2.5% 03/30","15yr",,,,,"449268.28",,,,,,""
"2021-08-11","'36178A3S4'","MBS","GNMA I 3.5% 06/42","30yr",,,,,"449023.76",,,,,,""
"2021-08-11","'31410LMQ2'","MBS","UMBS MORTPASS 4% 11/43","30yr",,,,,"448954.71",,,,,,""
"2021-08-11","'3138YDAT6'","MBS","UMBS MORTPASS 3% 02/30","15yr",,,,,"448938.54",,,,,,""
"2021-08-11","'3138WCN58'","MBS","UMBS MORTPASS 3% 08/29","15yr",,,,,"448833.86",,,,,,""
"2021-08-11","'3140JJL49'","MBS","UMBS MORTPASS 4% 11/43","30yr",,,,,"448702.72",,,,,,""
"2021-08-11","'3140F9U78'","MBS","UMBS MORTPASS 3.5% 12/31","15yr",,,,,"448493.42",,,,,,""
"2021-08-11","'3140FEGM0'","MBS","UMBS MORTPASS 3% 09/31","15yr",,,,,"448429.94",,,,,,""
"2021-08-11","'31329LB68'","MBS","UMBS MORTPASS 2.5% 07/27","15yr",,,,,"448387.41",,,,,,""
"2021-08-11","'3138WG2D5'","MBS","UMBS MORTPASS 3.5% 04/31","15yr",,,,,"448251.21",,,,,,""
"2021-08-11","'3131X8C95'","MBS","UMBS MORTPASS 2.5% 11/27","15yr",,,,,"448217.74",,,,,,""
"2021-08-11","'3138MAJD1'","MBS","UMBS MORTPASS 2.5% 09/27","15yr",,,,,"448122.36",,,,,,""
"2021-08-11","'3138XT5Z4'","MBS","UMBS MORTPASS 3% 04/29","15yr",,,,,"448066.68",,,,,,""
"2021-08-11","'31307GGK9'","MBS","FHLMCGLD 3.5% 02/29","15yr",,,,,"448030.03",,,,,,""
"2021-08-11","'3132M5B43'","MBS","FHLMCGLD 3.5% 02/44","30yr",,,,,"447931.92",,,,,,""
"2021-08-11","'3138YK3G6'","MBS","UMBS MORTPASS 3% 03/45","30yr",,,,,"447822.5",,,,,,""
"2021-08-11","'3138WWZZ5'","MBS","UMBS MORTPASS 3% 06/28","15yr",,,,,"447766.23",,,,,,""
"2021-08-11","'3131X8HP4'","MBS","UMBS MORTPASS 2.5% 12/27","15yr",,,,,"447726.77",,,,,,""
"2021-08-11","'36178XCA3'","MBS","GNMA I MORTPASS 3% 05/43","30yr",,,,,"447620.77",,,,,,""
"2021-08-11","'31307WAB0'","MBS","FHLMCGLD 3.5% 05/33","15yr",,,,,"447374.47",,,,,,""
"2021-08-11","'3140KBHX5'","MBS","UMBS MORTPASS 2.5% 03/50","30yr",,,,,"447315.18",,,,,,""
"2021-08-11","'36178WRA9'","MBS","GNMA I 3.5% 11/42","30yr",,,,,"447275.39",,,,,,""
"2021-08-11","'3132A7H46'","MBS","UMBS MORTPASS 3% 07/27","15yr",,,,,"447173.38",,,,,,""
"2021-08-11","'3620AMT93'","MBS","GNMA I MORTPASS 4% 02/41","30yr",,,,,"447117.27",,,,,,""
"2021-08-11","'3138W5G77'","MBS","UMBS MORTPASS 3% 06/28","15yr",,,,,"446805.6",,,,,,""
"2021-08-11","'3138MPHB4'","MBS","UMBS MORTPASS 2.5% 12/27","15yr",,,,,"446689.73",,,,,,""
"2021-08-11","'3138M5FU8'","MBS","UMBS MORTPASS 2.5% 08/27","15yr",,,,,"446632.35",,,,,,""
"2021-08-11","'3140JRR94'","MBS","UMBS MORTPASS 3.5% 05/49","30yr",,,,,"446585.12",,,,,,""
"2021-08-11","'31418DB76'","MBS","UMBS MORTPASS 4% 05/39","Other",,,,,"446567.77",,,,,,""
"2021-08-11","'36181D4L7'","MBS","GNMA I 3.5% 06/43","30yr",,,,,"446548.75",,,,,,""
"2021-08-11","'3138LRMF6'","MBS","UMBS MORTPASS 2.5% 07/27","15yr",,,,,"446535.88",,,,,,""
"2021-08-11","'3140HAQV5'","MBS","UMBS MORTPASS 3.5% 03/48","30yr",,,,,"446455.62",,,,,,""
"2021-08-11","'3620A4GV8'","MBS","GNMA I MORTPASS 5% 12/39","30yr",,,,,"446397.06",,,,,,""
"2021-08-11","'3138XF6E0'","MBS","UMBS MORTPASS 3% 02/29","15yr",,,,,"446171.73",,,,,,""
"2021-08-11","'3620A7B38'","MBS","GNMA I 4.5% 12/39","30yr",,,,,"446053.09",,,,,,""
"2021-08-11","'36179HUL3'","MBS","GNMA I MORTPASS 3% 12/42","30yr",,,,,"445984.39",,,,,,""
"2021-08-11","'3140J8GD9'","MBS","UMBS MORTPASS 2% 01/31","15yr",,,,,"445886.94",,,,,,""
"2021-08-11","'3132HNVC0'","MBS","FHLMCGLD 3% 10/42","30yr",,,,,"445860.36",,,,,,""
"2021-08-11","'3140JXT40'","MBS","UMBS MORTPASS 3.5% 07/49","30yr",,,,,"445647.97",,,,,,""
"2021-08-11","'312943TZ6'","MBS","FHLMCGLD 3.5% 11/40","30yr",,,,,"445583.68",,,,,,""
"2021-08-11","'312936L96'","MBS","FHLMCGLD 4.5% 10/39","30yr",,,,,"445578.41",,,,,,""
"2021-08-11","'3140H3AA4'","MBS","UMBS MORTPASS 4.5% 11/47","30yr",,,,,"445472.4",,,,,,""
"2021-08-11","'36296PMX6'","MBS","GNMA I 4.5% 05/39","30yr",,,,,"445317.19",,,,,,""
"2021-08-11","'31307QK48'","MBS","FHLMCGLD 3% 03/31","15yr",,,,,"445312.01",,,,,,""
"2021-08-11","'3140EXUP6'","MBS","UMBS MORTPASS 3% 05/46","30yr",,,,,"445165.99",,,,,,""
"2021-08-11","'3140K0ZN1'","MBS","UMBS MORTPASS 3.5% 09/49","30yr",,,,,"445144.74",,,,,,""
"2021-08-11","'3140H96S7'","MBS","UMBS MORTPASS 3.5% 03/48","30yr",,,,,"445026.62",,,,,,""
"2021-08-11","'3138W7HW7'","MBS","UMBS MORTPASS 2.5% 03/28","15yr",,,,,"444672.32",,,,,,""
"2021-08-11","'36177TMJ3'","MBS","GNMA I MORTPASS 3% 09/42","30yr",,,,,"444660.14",,,,,,""
"2021-08-11","'3131Y0D25'","MBS","UMBS MORTPASS 3.5% 02/48","30yr",,,,,"444589.29",,,,,,""
"2021-08-11","'31307JLD3'","MBS","FHLMCGLD 2.5% 09/29","15yr",,,,,"444487.47",,,,,,""
"2021-08-11","'3133A4BV7'","MBS","UMBS MORTPASS 3% 04/45","30yr",,,,,"444426.57",,,,,,""
"2021-08-11","'31417GSX5'","MBS","UMBS MORTPASS 3% 06/28","15yr",,,,,"444331.44",,,,,,""
"2021-08-11","'3140X8AD9'","MBS","UMBS MORTPASS 2.5% 09/50","30yr",,,,,"444238.13",,,,,,""
"2021-08-11","'3138XUCC4'","MBS","UMBS MORTPASS 3% 06/29","15yr",,,,,"444177.52",,,,,,""
"2021-08-11","'36180JTV6'","MBS","GNMA I 3.5% 07/43","30yr",,,,,"444050.57",,,,,,""
"2021-08-11","'31339UFC9'","MBS","UMBS MORTPASS 3% 10/49","30yr",,,,,"444037.7",,,,,,""
"2021-08-11","'3138XMKP4'","MBS","UMBS MORTPASS 3.5% 02/29","15yr",,,,,"443861.97",,,,,,""
"2021-08-11","'3140K6CE3'","MBS","UMBS MORTPASS 2% 01/27","Other",,,,,"443803.98",,,,,,""
"2021-08-11","'36294UU67'","MBS","GNMA I 3.5% 04/42","30yr",,,,,"443612.48",,,,,,""
"2021-08-11","'3132A9TT4'","MBS","UMBS MORTPASS 3% 07/32","15yr",,,,,"443286.89",,,,,,""
"2021-08-11","'3138WNNL9'","MBS","UMBS MORTPASS 2.5% 05/28","15yr",,,,,"443030.94",,,,,,""
"2021-08-11","'3140EAAH6'","MBS","UMBS MORTPASS 2.5% 11/30","15yr",,,,,"442980.87",,,,,,""
"2021-08-11","'31307M6D3'","MBS","FHLMCGLD 2.5% 06/30","15yr",,,,,"442782.13",,,,,,""
"2021-08-11","'3138LYWC7'","MBS","UMBS MORTPASS 3% 07/27","15yr",,,,,"442613.08",,,,,,""
"2021-08-11","'3138YB2G7'","MBS","UMBS MORTPASS 3% 12/44","30yr",,,,,"442610.54",,,,,,""
"2021-08-11","'3132A7QS3'","MBS","UMBS MORTPASS 3% 08/28","15yr",,,,,"442489.23",,,,,,""
"2021-08-11","'3133A3H27'","MBS","UMBS 2.5%","30yr",,,,,"442404.1",,,,,,""
"2021-08-11","'3138XPV83'","MBS","UMBS MORTPASS 3.5% 02/29","15yr",,,,,"442348.56",,,,,,""
"2021-08-11","'3131X84J2'","MBS","UMBS MORTPASS 2% 04/23","Other",,,,,"442261.36",,,,,,""
"2021-08-11","'31307L2H0'","MBS","FHLMCGLD 2.5% 02/30","15yr",,,,,"442208.88",,,,,,""
"2021-08-11","'3133KJRP9'","MBS","UMBS MORTPASS 2.5% 08/50","30yr",,,,,"442193.46",,,,,,""
"2021-08-11","'3140E1JZ7'","MBS","UMBS MORTPASS 2.5% 08/30","15yr",,,,,"442155.76",,,,,,""
"2021-08-11","'31307HYP6'","MBS","FHLMCGLD 3.5% 08/29","15yr",,,,,"442096.96",,,,,,""
"2021-08-11","'3128MCNF8'","MBS","FHLMCGLD 4.5% 04/25","15yr",,,,,"442045.81",,,,,,""
"2021-08-11","'3140H7WN3'","MBS","UMBS MORTPASS 3.5% 03/33","15yr",,,,,"441956.86",,,,,,""
"2021-08-11","'3140HMHT4'","MBS","UMBS MORTPASS 3% 09/33","15yr",,,,,"441804.62",,,,,,""
"2021-08-11","'31307LHT8'","MBS","FHLMCGLD 3.5% 12/29","15yr",,,,,"441739.33",,,,,,""
"2021-08-11","'3140FNUM4'","MBS","UMBS MORTPASS 3.5% 11/46","30yr",,,,,"441672.85",,,,,,""
"2021-08-11","'3131XDPE9'","MBS","UMBS MORTPASS 2.5% 04/33","15yr",,,,,"441631.7",,,,,,""
"2021-08-11","'3138XERS9'","MBS","UMBS MORTPASS 3% 11/28","15yr",,,,,"441409.5",,,,,,""
"2021-08-11","'3138X9CN7'","MBS","UMBS MORTPASS 3% 09/28","15yr",,,,,"441345.84",,,,,,""
"2021-08-11","'3138WQUT7'","MBS","UMBS MORTPASS 3.5% 03/43","30yr",,,,,"441340.36",,,,,,""
"2021-08-11","'3138E7H56'","MBS","UMBS MORTPASS 3% 04/27","15yr",,,,,"441330.99",,,,,,""
"2021-08-11","'3140X5VB6'","MBS","UMBS MORTPASS 2.5% 06/29","15yr",,,,,"441265.53",,,,,,""
"2021-08-11","'31307MM94'","MBS","FHLMCGLD 3% 04/30","15yr",,,,,"441117.23",,,,,,""
"2021-08-11","'36180JYT5'","MBS","GNMA I 3.5% 05/43","30yr",,,,,"441095.81",,,,,,""
"2021-08-11","'3138WSBR8'","MBS","UMBS MORTPASS 2% 07/28","15yr",,,,,"441025.9",,,,,,""
"2021-08-11","'31417G3H7'","MBS","UMBS MORTPASS 2% 07/23","Other",,,,,"440966.52",,,,,,""
"2021-08-11","'3138YJYU4'","MBS","UMBS MORTPASS 2.5% 05/30","15yr",,,,,"440612.13",,,,,,""
"2021-08-11","'3132QNTG4'","MBS","FHLMCGLD 3.5% 03/45","30yr",,,,,"440558.1",,,,,,""
"2021-08-11","'3138XT6A8'","MBS","UMBS MORTPASS 3% 04/29","15yr",,,,,"440425.89",,,,,,""
"2021-08-11","'3138X5L39'","MBS","UMBS MORTPASS 3% 09/28","15yr",,,,,"440425.19",,,,,,""
"2021-08-11","'3140FDZG4'","MBS","UMBS MORTPASS 3% 10/31","15yr",,,,,"440291.64",,,,,,""
"2021-08-11","'3138WN3G2'","MBS","UMBS MORTPASS 3% 03/28","15yr",,,,,"440211.13",,,,,,""
"2021-08-11","'36297KMR9'","MBS","GNMA I MORTPASS 4% 05/39","30yr",,,,,"440196",,,,,,""
"2021-08-11","'36295RNL8'","MBS","GNMA I MORTPASS 4% 03/39","30yr",,,,,"440063.06",,,,,,""
"2021-08-11","'3138WVHG9'","MBS","UMBS MORTPASS 2.5% 05/28","15yr",,,,,"440010.67",,,,,,""
"2021-08-11","'3140GWPT4'","MBS","UMBS MORTPASS 2.5% 08/32","15yr",,,,,"439976.87",,,,,,""
"2021-08-11","'3138YP4U3'","MBS","UMBS MORTPASS 3% 04/45","30yr",,,,,"439932.53",,,,,,""
"2021-08-11","'3138Y7MR0'","MBS","UMBS MORTPASS 3.5% 10/29","15yr",,,,,"439851.72",,,,,,""
"2021-08-11","'3140KEJK5'","MBS","UMBS MORTPASS 2.5% 08/40","Other",,,,,"439790.99",,,,,,""
"2021-08-11","'31417EUR0'","MBS","UMBS MORTPASS 2.5% 02/23","Other",,,,,"439645.4",,,,,,""
"2021-08-11","'36230KW72'","MBS","GNMA I 3.5% 06/42","30yr",,,,,"439583.25",,,,,,""
"2021-08-11","'36178KW84'","MBS","GNMA I MORTPASS 3% 02/43","30yr",,,,,"439490.21",,,,,,""
"2021-08-11","'3133G6D28'","MBS","UMBS MORTPASS 2.5% 06/34","15yr",,,,,"439327.69",,,,,,""
"2021-08-11","'36178GRQ9'","MBS","GNMA I 3.5% 11/42","30yr",,,,,"439126.04",,,,,,""
"2021-08-11","'3132HMZT1'","MBS","FHLMCGLD 3% 10/42","30yr",,,,,"439075.46",,,,,,""
"2021-08-11","'36295QGH7'","MBS","GNMA I 5.5% 07/38","30yr",,,,,"438922.35",,,,,,""
"2021-08-11","'3620AB5H5'","MBS","GNMA I MORTPASS 5% 01/40","30yr",,,,,"438916.37",,,,,,""
"2021-08-11","'3138W4XL0'","MBS","UMBS MORTPASS 2.5% 12/27","15yr",,,,,"438800.4",,,,,,""
"2021-08-11","'3138X4KG4'","MBS","UMBS MORTPASS 3% 09/28","15yr",,,,,"438631.92",,,,,,""
"2021-08-11","'31417DS79'","MBS","UMBS MORTPASS 3% 11/27","15yr",,,,,"438601.3",,,,,,""
"2021-08-11","'36290TJX8'","MBS","GNMA I 3.5% 02/42","30yr",,,,,"438579.14",,,,,,""
"2021-08-11","'3138MJHQ5'","MBS","UMBS MORTPASS 2.5% 01/28","15yr",,,,,"438574.42",,,,,,""
"2021-08-11","'3140FDAH9'","MBS","UMBS MORTPASS 2.5% 10/31","15yr",,,,,"438559.67",,,,,,""
"2021-08-11","'3128MJXJ4'","MBS","FHLMCGLD 3% 12/45","30yr",,,,,"438505.11",,,,,,""
"2021-08-11","'3140JKZW9'","MBS","UMBS MORTPASS 3.5% 02/49","30yr",,,,,"438427.85",,,,,,""
"2021-08-11","'3138NYKA2'","MBS","UMBS MORTPASS 3.5% 01/43","30yr",,,,,"438325.03",,,,,,""
"2021-08-11","'36296JJ55'","MBS","GNMA I 4.5% 04/39","30yr",,,,,"438047.53",,,,,,""
"2021-08-11","'31307TUQ2'","MBS","FHLMCGLD 2.5% 04/32","15yr",,,,,"438041.59",,,,,,""
"2021-08-11","'3138A6PA2'","MBS","UMBS MORTPASS 3% 12/26","15yr",,,,,"438027.47",,,,,,""
"2021-08-11","'3140JVPH9'","MBS","UMBS MORTPASS 3.5% 08/49","30yr",,,,,"437917.82",,,,,,""
"2021-08-11","'3138WFYN0'","MBS","UMBS MORTPASS 2.5% 11/30","15yr",,,,,"437900.98",,,,,,""
"2021-08-11","'3140K2KB9'","MBS","UMBS MORTPASS 3% 10/49","30yr",,,,,"437892.38",,,,,,""
"2021-08-11","'36210BYR0'","MBS","GNMA I MORTPASS 5% 03/39","30yr",,,,,"437888",,,,,,""
"2021-08-11","'3128MJWA4'","MBS","FHLMCGLD 3% 05/45","30yr",,,,,"437838.87",,,,,,""
"2021-08-11","'3131Y9CZ4'","MBS","UMBS MORTPASS 3% 12/48","30yr",,,,,"437719.66",,,,,,""
"2021-08-11","'3138ELA29'","MBS","UMBS MORTPASS 3% 05/28","15yr",,,,,"437651.49",,,,,,""
"2021-08-11","'3138MLUG7'","MBS","UMBS MORTPASS 2.5% 01/28","15yr",,,,,"437627.03",,,,,,""
"2021-08-11","'3140K12J4'","MBS","UMBS MORTPASS 3% 10/49","30yr",,,,,"437590.03",,,,,,""
"2021-08-11","'31307MQJ8'","MBS","FHLMCGLD 3% 04/30","15yr",,,,,"437519.36",,,,,,""
"2021-08-11","'36178SFL7'","MBS","GNMA I MORTPASS 4% 10/42","30yr",,,,,"437496.34",,,,,,""
"2021-08-11","'3138W9RN2'","MBS","UMBS MORTPASS 2.5% 09/28","15yr",,,,,"437381.02",,,,,,""
"2021-08-11","'31307L5M6'","MBS","FHLMCGLD 3% 02/30","15yr",,,,,"437330.32",,,,,,""
"2021-08-11","'3140HFEJ4'","MBS","UMBS MORTPASS 3.5% 03/33","15yr",,,,,"437266.08",,,,,,""
"2021-08-11","'31418C6E9'","MBS","UMBS MORTPASS 3% 11/48","30yr",,,,,"437167.24",,,,,,""
"2021-08-11","'3138X9XR5'","MBS","UMBS MORTPASS 3% 12/28","15yr",,,,,"437101.47",,,,,,""
"2021-08-11","'36177XCT3'","MBS","GNMA I MORTPASS 4% 05/42","30yr",,,,,"437066.66",,,,,,""
"2021-08-11","'3140H6US6'","MBS","UMBS MORTPASS 3% 04/33","15yr",,,,,"437012.48",,,,,,""
"2021-08-11","'31334WTU5'","MBS","UMBS MORTPASS 4% 06/49","30yr",,,,,"436880.79",,,,,,""
"2021-08-11","'3138AMVK8'","MBS","UMBS MORTPASS 3.5% 07/26","15yr",,,,,"436724.29",,,,,,""
"2021-08-11","'3140JR5J6'","MBS","UMBS MORTPASS 4% 06/49","30yr",,,,,"436686.35",,,,,,""
"2021-08-11","'3140JUD43'","MBS","UMBS MORTPASS 3% 06/34","15yr",,,,,"436427.55",,,,,,""
"2021-08-11","'36296LM49'","MBS","GNMA I 4.5% 03/39","30yr",,,,,"436234.95",,,,,,""
"2021-08-11","'36297C5Z8'","MBS","GNMA I MORTPASS 5% 03/39","30yr",,,,,"436197.13",,,,,,""
"2021-08-11","'31307RZL2'","MBS","FHLMCGLD 3% 09/31","15yr",,,,,"436009.08",,,,,,""
"2021-08-11","'3140JXWT1'","MBS","UMBS MORTPASS 3.5% 08/49","30yr",,,,,"435975.28",,,,,,""
"2021-08-11","'36176UTM7'","MBS","GNMA I MORTPASS 4% 04/42","30yr",,,,,"435963.01",,,,,,""
"2021-08-11","'3132A7HD6'","MBS","UMBS MORTPASS 2.5% 07/22","Other",,,,,"435836.38",,,,,,""
"2021-08-11","'3140JLP73'","MBS","UMBS MORTPASS 3.5% 12/48","30yr",,,,,"435487.73",,,,,,""
"2021-08-11","'3138MKMT0'","MBS","UMBS MORTPASS 2.5% 07/28","15yr",,,,,"435418.2",,,,,,""
"2021-08-11","'31418BHR0'","MBS","UMBS MORTPASS 3.5% 09/29","15yr",,,,,"435341.07",,,,,,""
"2021-08-11","'36179BRW6'","MBS","GNMA I MORTPASS 3% 10/42","30yr",,,,,"435288.48",,,,,,""
"2021-08-11","'3138XPQF3'","MBS","UMBS MORTPASS 3.5% 02/29","15yr",,,,,"435206.06",,,,,,""
"2021-08-11","'3131X8DU7'","MBS","UMBS MORTPASS 2.5% 11/27","15yr",,,,,"435205.16",,,,,,""
"2021-08-11","'3133A5AQ6'","MBS","UMBS MORTPASS 2.5% 06/50","30yr",,,,,"435112.35",,,,,,""
"2021-08-11","'31307WUX0'","MBS","FHLMCGLD 3.5% 09/33","15yr",,,,,"434877.94",,,,,,""
"2021-08-11","'3132A73Y5'","MBS","UMBS MORTPASS 2.5% 04/25","Other",,,,,"434837.78",,,,,,""
"2021-08-11","'3138XFD36'","MBS","UMBS MORTPASS 3% 10/28","15yr",,,,,"434835",,,,,,""
"2021-08-11","'36297JE26'","MBS","GNMA I MORTPASS 4% 03/39","30yr",,,,,"434778.05",,,,,,""
"2021-08-11","'3140FCF78'","MBS","UMBS MORTPASS 3% 07/46","30yr",,,,,"434707.71",,,,,,""
"2021-08-11","'3620ACGJ7'","MBS","GNMA I MORTPASS 5% 10/39","30yr",,,,,"434544.46",,,,,,""
"2021-08-11","'3131XDMF9'","MBS","UMBS MORTPASS 3% 03/33","15yr",,,,,"434351.21",,,,,,""
"2021-08-11","'3138EKJJ5'","MBS","UMBS MORTPASS 2.5% 07/27","15yr",,,,,"434187.18",,,,,,""
"2021-08-11","'31307JDF7'","MBS","FHLMCGLD 3% 09/29","15yr",,,,,"434167.02",,,,,,""
"2021-08-11","'3138YLK26'","MBS","UMBS MORTPASS 3.5% 04/45","30yr",,,,,"434107.57",,,,,,""
"2021-08-11","'31416XH37'","MBS","UMBS MORTPASS 3% 01/26","15yr",,,,,"434075.66",,,,,,""
"2021-08-11","'3132A9QU4'","MBS","UMBS MORTPASS 2% 05/30","15yr",,,,,"433981.75",,,,,,""
"2021-08-11","'3138APEW4'","MBS","UMBS MORTPASS 3% 01/28","15yr",,,,,"433975.04",,,,,,""
"2021-08-11","'31334YZV2'","MBS","UMBS MORTPASS 4.5% 09/49","30yr",,,,,"433760.06",,,,,,""
"2021-08-11","'3131Y9GJ6'","MBS","UMBS MORTPASS 3.5% 01/49","30yr",,,,,"433558.27",,,,,,""
"2021-08-11","'3140FRQF5'","MBS","UMBS MORTPASS 3.5% 12/46","30yr",,,,,"433515.6",,,,,,""
"2021-08-11","'3128MFBD9'","MBS","FHLMCGLD 3% 02/32","15yr",,,,,"433428.5",,,,,,""
"2021-08-11","'36295CF97'","MBS","GNMA I MORTPASS 3% 12/42","30yr",,,,,"433216.16",,,,,,""
"2021-08-11","'3140HEEJ7'","MBS","UMBS MORTPASS 3% 03/33","15yr",,,,,"432947.44",,,,,,""
"2021-08-11","'31329QTR2'","MBS","UMBS MORTPASS 4% 05/39","Other",,,,,"432928.45",,,,,,""
"2021-08-11","'36179KRA4'","MBS","GNMA I MORTPASS 4% 02/43","30yr",,,,,"432919.3",,,,,,""
"2021-08-11","'3138YTMC5'","MBS","UMBS MORTPASS 3.5% 07/45","30yr",,,,,"432868.83",,,,,,""
"2021-08-11","'31307VPX8'","MBS","FHLMCGLD 2.5% 02/33","15yr",,,,,"432863.77",,,,,,""
"2021-08-11","'31417GRR9'","MBS","UMBS MORTPASS 2.5% 05/23","Other",,,,,"432725.4",,,,,,""
"2021-08-11","'36297B6N6'","MBS","GNMA I 4.5% 04/39","30yr",,,,,"432539.82",,,,,,""
"2021-08-11","'3620C5NJ2'","MBS","GNMA I MORTPASS 4% 08/41","30yr",,,,,"432476.91",,,,,,""
"2021-08-11","'3132HL2V4'","MBS","FHLMCGLD 3% 09/42","30yr",,,,,"432380",,,,,,""
"2021-08-11","'3138WPW34'","MBS","UMBS MORTPASS 3% 06/43","30yr",,,,,"432323.1",,,,,,""
"2021-08-11","'3620AS3J6'","MBS","GNMA I MORTPASS 4% 10/41","30yr",,,,,"432231.32",,,,,,""
"2021-08-11","'3138X4ET3'","MBS","UMBS MORTPASS 3.5% 08/43","30yr",,,,,"432169.24",,,,,,""
"2021-08-11","'31307L6S2'","MBS","FHLMCGLD 2.5% 02/30","15yr",,,,,"432105.52",,,,,,""
"2021-08-11","'3128MDV91'","MBS","FHLMCGLD 3% 12/23","15yr",,,,,"432101.34",,,,,,""
"2021-08-11","'3140J6DU8'","MBS","UMBS MORTPASS 2.5% 08/31","15yr",,,,,"432100.46",,,,,,""
"2021-08-11","'3132A7XU0'","MBS","UMBS MORTPASS 3% 07/24","Other",,,,,"432047.8",,,,,,""
"2021-08-11","'3138WA6D4'","MBS","UMBS MORTPASS 4% 02/44","30yr",,,,,"432025.96",,,,,,""
"2021-08-11","'3132M7JN9'","MBS","FHLMCGLD 4% 06/44","30yr",,,,,"431990.36",,,,,,""
"2021-08-11","'3138YDAG4'","MBS","UMBS MORTPASS 3% 01/30","15yr",,,,,"431909.55",,,,,,""
"2021-08-11","'31307LSP4'","MBS","FHLMCGLD 2.5% 01/30","15yr",,,,,"431865.4",,,,,,""
"2021-08-11","'3138W76Z2'","MBS","UMBS MORTPASS 3% 03/28","15yr",,,,,"431561.11",,,,,,""
"2021-08-11","'3133AABF8'","MBS","UMBS MORTPASS 2.5% 09/50","30yr",,,,,"431550.5",,,,,,""
"2021-08-11","'31418AVD7'","MBS","UMBS MORTPASS 2.5% 07/33","Other",,,,,"431484.78",,,,,,""
"2021-08-11","'3140EUTC3'","MBS","UMBS MORTPASS 3% 02/46","30yr",,,,,"431440.1",,,,,,""
"2021-08-11","'31410LTD4'","MBS","UMBS MORTPASS 2% 07/26","Other",,,,,"431408.13",,,,,,""
"2021-08-11","'36181BBQ2'","MBS","GNMA I 3.5% 05/43","30yr",,,,,"431324.46",,,,,,""
"2021-08-11","'3138XMAK6'","MBS","UMBS MORTPASS 3.5% 02/44","30yr",,,,,"431071.69",,,,,,""
"2021-08-11","'3138WXRS8'","MBS","UMBS MORTPASS 3% 07/28","15yr",,,,,"430987.04",,,,,,""
"2021-08-11","'3138WPSG0'","MBS","UMBS MORTPASS 2.5% 05/28","15yr",,,,,"430982.61",,,,,,""
"2021-08-11","'3140HMXW9'","MBS","UMBS MORTPASS 4% 10/33","15yr",,,,,"430946.14",,,,,,""
"2021-08-11","'3140JLWD2'","MBS","UMBS MORTPASS 3% 03/49","30yr",,,,,"430605.24",,,,,,""
"2021-08-11","'3620AJEB1'","MBS","GNMA I MORTPASS 5% 02/40","30yr",,,,,"430558.77",,,,,,""
"2021-08-11","'3140Q7A56'","MBS","UMBS MORTPASS 2.5% 07/32","15yr",,,,,"430521.58",,,,,,""
"2021-08-11","'31307PGJ2'","MBS","FHLMCGLD 2.5% 10/30","15yr",,,,,"430149.42",,,,,,""
"2021-08-11","'3138XKVX9'","MBS","UMBS MORTPASS 4% 01/44","30yr",,,,,"429908.75",,,,,,""
"2021-08-11","'3138AGY28'","MBS","UMBS MORTPASS 3.5% 05/26","15yr",,,,,"429723.64",,,,,,""
"2021-08-11","'3131Y2T57'","MBS","UMBS MORTPASS 3.5% 08/48","30yr",,,,,"429402.83",,,,,,""
"2021-08-11","'31418CPR9'","MBS","UMBS MORTPASS 3% 09/27","Other",,,,,"429375.43",,,,,,""
"2021-08-11","'36177TKQ9'","MBS","GNMA I 3.5% 05/42","30yr",,,,,"429366.86",,,,,,""
"2021-08-11","'3140X7Y60'","MBS","UMBS MORTPASS 2.5% 10/50","30yr",,,,,"429049.18",,,,,,""
"2021-08-11","'3133G9LW7'","MBS","UMBS MORTPASS 2% 08/35","15yr",,,,,"428979.1",,,,,,""
"2021-08-11","'3138W2JH9'","MBS","UMBS MORTPASS 2.5% 02/28","15yr",,,,,"428976.31",,,,,,""
"2021-08-11","'3140HASZ4'","MBS","UMBS MORTPASS 3.5% 05/33","15yr",,,,,"428944.78",,,,,,""
"2021-08-11","'31417GSE7'","MBS","UMBS MORTPASS 2.5% 05/28","15yr",,,,,"428828.12",,,,,,""
"2021-08-11","'31329P6T5'","MBS","UMBS MORTPASS 4% 01/49","30yr",,,,,"428819.75",,,,,,""
"2021-08-11","'36179NVM7'","MBS","GNMA II MORTPASS 3% 12/43","30yr",,,,,"428704.32",,,,,,""
"2021-08-11","'3140GTSX9'","MBS","UMBS MORTPASS 3% 08/47","30yr",,,,,"428630.31",,,,,,""
"2021-08-11","'31418CXX7'","MBS","UMBS MORTPASS 4% 06/33","15yr",,,,,"428596.87",,,,,,""
"2021-08-11","'3138YUDA6'","MBS","UMBS MORTPASS 3% 09/30","15yr",,,,,"428573.65",,,,,,""
"2021-08-11","'31416W6E7'","MBS","UMBS MORTPASS 3% 11/25","15yr",,,,,"428561.12",,,,,,""
"2021-08-11","'31307HFE2'","MBS","FHLMCGLD 3% 05/29","15yr",,,,,"427993.62",,,,,,""
"2021-08-11","'3140KQUU3'","MBS","UMBS MORTPASS 2% 10/50","30yr",,,,,"427941.31",,,,,,""
"2021-08-11","'36176YBQ9'","MBS","GNMA I 3.5% 12/41","30yr",,,,,"427925.68",,,,,,""
"2021-08-11","'3140K4EJ5'","MBS","UMBS MORTPASS 3.5% 11/49","30yr",,,,,"427733.15",,,,,,""
"2021-08-11","'3140X43D6'","MBS","UMBS MORTPASS 2.5% 03/31","15yr",,,,,"427701.71",,,,,,""
"2021-08-11","'3140K1D86'","MBS","UMBS MORTPASS 3% 09/49","30yr",,,,,"427692.53",,,,,,""
"2021-08-11","'3133KGPZ5'","MBS","UMBS MORTPASS 3% 09/49","30yr",,,,,"427669.86",,,,,,""
"2021-08-11","'3131X8L38'","MBS","UMBS MORTPASS 2.5% 01/28","15yr",,,,,"427652.11",,,,,,""
"2021-08-11","'31307LLV8'","MBS","FHLMCGLD 3% 01/30","15yr",,,,,"427597.45",,,,,,""
"2021-08-11","'3140HARF9'","MBS","UMBS MORTPASS 3% 04/33","15yr",,,,,"427520.21",,,,,,""
"2021-08-11","'31417BYM3'","MBS","UMBS MORTPASS 3% 05/27","15yr",,,,,"427485.27",,,,,,""
"2021-08-11","'36179JDH7'","MBS","GNMA I MORTPASS 3% 02/43","30yr",,,,,"427385.6",,,,,,""
"2021-08-11","'3138W1CC9'","MBS","UMBS MORTPASS 3% 01/43","30yr",,,,,"427377.92",,,,,,""
"2021-08-11","'3140FKXM7'","MBS","UMBS MORTPASS 3.5% 10/46","30yr",,,,,"427234.75",,,,,,""
"2021-08-11","'3620C4N63'","MBS","GNMA I 3.5% 03/42","30yr",,,,,"427179.54",,,,,,""
"2021-08-11","'3140H8VW2'","MBS","UMBS MORTPASS 3.5% 06/48","30yr",,,,,"426870.33",,,,,,""
"2021-08-11","'3138X7YP2'","MBS","UMBS MORTPASS 3% 03/29","15yr",,,,,"426867.51",,,,,,""
"2021-08-11","'31307NPR9'","MBS","FHLMCGLD 3% 07/30","15yr",,,,,"426578.58",,,,,,""
"2021-08-11","'31417FVB1'","MBS","UMBS MORTPASS 3% 03/43","30yr",,,,,"426514.83",,,,,,""
"2021-08-11","'3131X7FY9'","MBS","UMBS MORTPASS 2.5% 12/26","15yr",,,,,"426475.32",,,,,,""
"2021-08-11","'3128MMSN4'","MBS","FHLMCGLD 3% 09/29","15yr",,,,,"426109.08",,,,,,""
"2021-08-11","'36176JHM5'","MBS","GNMA I 3.5% 08/42","30yr",,,,,"425984.15",,,,,,""
"2021-08-11","'3138ADEG6'","MBS","UMBS MORTPASS 4% 04/41","30yr",,,,,"425775.99",,,,,,""
"2021-08-11","'3132M4MS1'","MBS","FHLMCGLD 4% 01/44","30yr",,,,,"425758.2",,,,,,""
"2021-08-11","'3138X4D49'","MBS","UMBS MORTPASS 3% 09/28","15yr",,,,,"425417.31",,,,,,""
"2021-08-11","'31417GSB3'","MBS","UMBS MORTPASS 2.5% 05/23","Other",,,,,"425339.74",,,,,,""
"2021-08-11","'3138EKY41'","MBS","UMBS MORTPASS 2.5% 08/23","Other",,,,,"425168.49",,,,,,""
"2021-08-11","'3138YYBM4'","MBS","UMBS MORTPASS 2.5% 07/30","15yr",,,,,"424982.56",,,,,,""
"2021-08-11","'3138E5YJ1'","MBS","UMBS MORTPASS 3% 01/27","15yr",,,,,"424957.55",,,,,,""
"2021-08-11","'31417DRF2'","MBS","UMBS MORTPASS 2.5% 11/27","15yr",,,,,"424877.04",,,,,,""
"2021-08-11","'3140FBQ29'","MBS","UMBS MORTPASS 3.5% 07/46","30yr",,,,,"424842.97",,,,,,""
"2021-08-11","'31307VPF7'","MBS","FHLMCGLD 3% 02/33","15yr",,,,,"424808.22",,,,,,""
"2021-08-11","'3138EQZ54'","MBS","UMBS MORTPASS 3.5% 12/30","15yr",,,,,"424786.64",,,,,,""
"2021-08-11","'3131Y7TD9'","MBS","UMBS MORTPASS 4% 11/48","30yr",,,,,"424770.66",,,,,,""
"2021-08-11","'3140JATE8'","MBS","UMBS MORTPASS 4% 05/49","30yr",,,,,"424714.16",,,,,,""
"2021-08-11","'3140JWKY5'","MBS","UMBS MORTPASS 3.5% 08/49","30yr",,,,,"424555.81",,,,,,""
"2021-08-11","'31307RQL2'","MBS","FHLMCGLD 2.5% 08/31","15yr",,,,,"424536",,,,,,""
"2021-08-11","'31329LEB4'","MBS","UMBS MORTPASS 2.5% 03/28","15yr",,,,,"424466.4",,,,,,""
"2021-08-11","'3132WJMR9'","MBS","FHLMCGLD 4% 12/46","30yr",,,,,"424263.95",,,,,,""
"2021-08-11","'3140HKCU0'","MBS","UMBS MORTPASS 3.5% 08/33","15yr",,,,,"424257.54",,,,,,""
"2021-08-11","'3131XAAT8'","MBS","UMBS MORTPASS 3% 12/23","Other",,,,,"424232.22",,,,,,""
"2021-08-11","'31307NRS5'","MBS","FHLMCGLD 2.5% 07/30","15yr",,,,,"424162.11",,,,,,""
"2021-08-11","'3138E64G8'","MBS","UMBS MORTPASS 3% 01/27","15yr",,,,,"424157.81",,,,,,""
"2021-08-11","'3620AVAR3'","MBS","GNMA I MORTPASS 3% 09/42","30yr",,,,,"424069.59",,,,,,""
"2021-08-11","'3138WB2J3'","MBS","UMBS MORTPASS 3% 06/29","15yr",,,,,"424027.53",,,,,,""
"2021-08-11","'3620AHLN1'","MBS","GNMA I MORTPASS 5% 12/39","30yr",,,,,"424007.87",,,,,,""
"2021-08-11","'3140H5LQ2'","MBS","UMBS MORTPASS 3.5% 12/47","30yr",,,,,"423662.51",,,,,,""
"2021-08-11","'3140HEGW6'","MBS","UMBS MORTPASS 3% 08/33","15yr",,,,,"423613.99",,,,,,""
"2021-08-11","'3140FQT80'","MBS","UMBS MORTPASS 3% 11/30","15yr",,,,,"423584.72",,,,,,""
"2021-08-11","'3138W9MX5'","MBS","UMBS MORTPASS 2.5% 09/23","Other",,,,,"423377.43",,,,,,""
"2021-08-11","'3140X42N5'","MBS","UMBS MORTPASS 2.5% 12/33","15yr",,,,,"423231.64",,,,,,""
"2021-08-11","'3140H9E90'","MBS","UMBS MORTPASS 3.5% 09/48","30yr",,,,,"423196.52",,,,,,""
"2021-08-11","'3132A8SL4'","MBS","UMBS MORTPASS 3% 01/29","15yr",,,,,"423076.25",,,,,,""
"2021-08-11","'3138MHFR9'","MBS","UMBS MORTPASS 2.5% 11/27","15yr",,,,,"423032.48",,,,,,""
"2021-08-11","'3132A5H57'","MBS","UMBS MORTPASS 4% 01/48","30yr",,,,,"422995.5",,,,,,""
"2021-08-11","'3620AJK24'","MBS","GNMA I 4.5% 01/40","30yr",,,,,"422853.43",,,,,,""
"2021-08-11","'3132HQS86'","MBS","FHLMCGLD 3% 12/42","30yr",,,,,"422713.89",,,,,,""
"2021-08-11","'3138E4US8'","MBS","UMBS MORTPASS 3.5% 01/42","30yr",,,,,"422564.31",,,,,,""
"2021-08-11","'31307GDP1'","MBS","FHLMCGLD 3% 02/29","15yr",,,,,"422461.63",,,,,,""
"2021-08-11","'3138YVHQ5'","MBS","UMBS MORTPASS 3% 07/45","30yr",,,,,"422377.8",,,,,,""
"2021-08-11","'31307F3Z2'","MBS","FHLMCGLD 3% 01/29","15yr",,,,,"421863.15",,,,,,""
"2021-08-11","'31307MHB5'","MBS","FHLMCGLD 2.5% 04/30","15yr",,,,,"421764.27",,,,,,""
"2021-08-11","'31417KDW4'","MBS","UMBS MORTPASS 5% 01/40","30yr",,,,,"421736.52",,,,,,""
"2021-08-11","'3138W5JS8'","MBS","UMBS MORTPASS 2% 02/28","15yr",,,,,"421707.31",,,,,,""
"2021-08-11","'3140JUED2'","MBS","UMBS MORTPASS 3% 07/34","15yr",,,,,"421673.68",,,,,,""
"2021-08-11","'3138YKRQ8'","MBS","UMBS MORTPASS 3% 05/45","30yr",,,,,"421623.41",,,,,,""
"2021-08-11","'3140ECS91'","MBS","UMBS MORTPASS 3% 07/46","30yr",,,,,"421610.42",,,,,,""
"2021-08-11","'3138M3QK3'","MBS","UMBS MORTPASS 3% 07/27","15yr",,,,,"421532.84",,,,,,""
"2021-08-11","'3140JHFP3'","MBS","UMBS MORTPASS 4% 11/48","30yr",,,,,"421519.37",,,,,,""
"2021-08-11","'3140QEJZ6'","MBS","UMBS MORTPASS 2% 08/50","30yr",,,,,"421479.77",,,,,,""
"2021-08-11","'3138MDR95'","MBS","UMBS MORTPASS 2% 09/27","15yr",,,,,"421426.94",,,,,,""
"2021-08-11","'3138E2EX9'","MBS","UMBS MORTPASS 3% 11/26","15yr",,,,,"421413.95",,,,,,""
"2021-08-11","'3138MSB24'","MBS","UMBS MORTPASS 2% 01/28","15yr",,,,,"421252.41",,,,,,""
"2021-08-11","'3138M8X57'","MBS","UMBS MORTPASS 2.5% 09/27","15yr",,,,,"421006.88",,,,,,""
"2021-08-11","'3138X9XV6'","MBS","UMBS MORTPASS 3% 02/29","15yr",,,,,"420603.41",,,,,,""
"2021-08-11","'3132WEFZ0'","MBS","FHLMCGLD 3% 06/46","30yr",,,,,"420574.34",,,,,,""
"2021-08-11","'31416X5F3'","MBS","UMBS MORTPASS 4.5% 05/41","30yr",,,,,"420566.68",,,,,,""
"2021-08-11","'3138EPSB1'","MBS","UMBS MORTPASS 2.5% 04/25","Other",,,,,"420532.76",,,,,,""
"2021-08-11","'3138WJ7F9'","MBS","UMBS MORTPASS 2.5% 03/27","Other",,,,,"420440.05",,,,,,""
"2021-08-11","'31307GLP2'","MBS","FHLMCGLD 3.5% 02/29","15yr",,,,,"420243.19",,,,,,""
"2021-08-11","'3140KEEY0'","MBS","UMBS MORTPASS 2.5% 07/40","Other",,,,,"420110.53",,,,,,""
"2021-08-11","'3132QQUX8'","MBS","FHLMCGLD 3% 06/45","30yr",,,,,"419846.3",,,,,,""
"2021-08-11","'3132M6EV8'","MBS","FHLMCGLD 4% 04/44","30yr",,,,,"419818.13",,,,,,""
"2021-08-11","'3140JN3P3'","MBS","UMBS MORTPASS 3.5% 02/49","30yr",,,,,"419494.27",,,,,,""
"2021-08-11","'31307QUT2'","MBS","FHLMCGLD 3.5% 04/31","15yr",,,,,"419418.27",,,,,,""
"2021-08-11","'3138XFYK5'","MBS","UMBS MORTPASS 3% 11/28","15yr",,,,,"419374.21",,,,,,""
"2021-08-11","'36179FV51'","MBS","GNMA I MORTPASS 4% 05/43","30yr",,,,,"419368.82",,,,,,""
"2021-08-11","'31334YXT9'","MBS","UMBS MORTPASS 4% 08/49","30yr",,,,,"419356.64",,,,,,""
"2021-08-11","'31307UKG2'","MBS","FHLMCGLD 3.5% 08/32","15yr",,,,,"419312.44",,,,,,""
"2021-08-11","'36295RNW4'","MBS","GNMA I 4.5% 05/39","30yr",,,,,"419302.62",,,,,,""
"2021-08-11","'36179JFJ1'","MBS","GNMA I MORTPASS 3% 02/43","30yr",,,,,"419251.22",,,,,,""
"2021-08-11","'31307PZL6'","MBS","FHLMCGLD 3% 01/31","15yr",,,,,"419039.76",,,,,,""
"2021-08-11","'3140HHSR7'","MBS","UMBS MORTPASS 4.5% 04/48","30yr",,,,,"418854.14",,,,,,""
"2021-08-11","'3140J9DU2'","MBS","UMBS MORTPASS 3% 03/33","15yr",,,,,"418848.23",,,,,,""
"2021-08-11","'3132L6LT6'","MBS","FHLMCGLD 3.5% 06/44","30yr",,,,,"418707.41",,,,,,""
"2021-08-11","'31307W6Z2'","MBS","FHLMCGLD 3.5% 11/33","15yr",,,,,"418665.65",,,,,,""
"2021-08-11","'3138YEQK6'","MBS","UMBS MORTPASS 3.5% 04/45","30yr",,,,,"418579.34",,,,,,""
"2021-08-11","'3138A7GV4'","MBS","UMBS MORTPASS 3% 02/26","15yr",,,,,"418547.68",,,,,,""
"2021-08-11","'3138Y2UW1'","MBS","UMBS MORTPASS 3% 10/29","15yr",,,,,"418438.24",,,,,,""
"2021-08-11","'31307TTY7'","MBS","FHLMCGLD 3.5% 04/32","15yr",,,,,"418131.6",,,,,,""
"2021-08-11","'31307HFS1'","MBS","FHLMCGLD 3% 05/29","15yr",,,,,"418126.54",,,,,,""
"2021-08-11","'31307JR54'","MBS","FHLMCGLD 3% 10/29","15yr",,,,,"418033.51",,,,,,""
"2021-08-11","'31307GCJ6'","MBS","FHLMCGLD 3.5% 02/29","15yr",,,,,"418018.72",,,,,,""
"2021-08-11","'3138XHKY6'","MBS","UMBS MORTPASS 4.5% 03/44","30yr",,,,,"417818.94",,,,,,""
"2021-08-11","'3131XCDG9'","MBS","UMBS MORTPASS 2.5% 08/31","15yr",,,,,"417788.26",,,,,,""
"2021-08-11","'31307ATG7'","MBS","FHLMCGLD 2.5% 01/28","15yr",,,,,"417753.36",,,,,,""
"2021-08-11","'3138XPMM2'","MBS","UMBS MORTPASS 3.5% 03/29","15yr",,,,,"417664.89",,,,,,""
"2021-08-11","'3140JXSG4'","MBS","UMBS MORTPASS 3% 10/34","15yr",,,,,"417656.03",,,,,,""
"2021-08-11","'3138NWJK6'","MBS","UMBS MORTPASS 3% 01/43","30yr",,,,,"417535.05",,,,,,""
"2021-08-11","'3140X9F34'","MBS","UMBS MORTPASS 2% 01/36","15yr",,,,,"417524.01",,,,,,""
"2021-08-11","'3138EEBP3'","MBS","UMBS MORTPASS 3% 04/27","15yr",,,,,"417482.07",,,,,,""
"2021-08-11","'31329PH97'","MBS","UMBS MORTPASS 3.5% 09/48","30yr",,,,,"417454.08",,,,,,""
"2021-08-11","'3620AFG50'","MBS","GNMA I MORTPASS 5% 12/39","30yr",,,,,"417310.9",,,,,,""
"2021-08-11","'3140QFNK1'","MBS","UMBS MORTPASS 2% 11/50","30yr",,,,,"417284.9",,,,,,""
"2021-08-11","'3138MNR85'","MBS","UMBS MORTPASS 2.5% 01/28","15yr",,,,,"417250.57",,,,,,""
"2021-08-11","'36296LNP1'","MBS","GNMA I MORTPASS 4% 05/39","30yr",,,,,"417133.77",,,,,,""
"2021-08-11","'3138XMHJ2'","MBS","UMBS MORTPASS 3% 03/29","15yr",,,,,"417092.05",,,,,,""
"2021-08-11","'31410LH54'","MBS","UMBS MORTPASS 3% 07/27","15yr",,,,,"417063.22",,,,,,""
"2021-08-11","'3138YGVA7'","MBS","UMBS MORTPASS 3% 06/45","30yr",,,,,"416971.9",,,,,,""
"2021-08-11","'3140H7EH6'","MBS","UMBS MORTPASS 3.5% 06/33","15yr",,,,,"416849.75",,,,,,""
"2021-08-11","'3132A8RR2'","MBS","UMBS MORTPASS 3% 01/32","15yr",,,,,"416843.75",,,,,,""
"2021-08-11","'3138Y3YF2'","MBS","UMBS MORTPASS 3% 10/29","15yr",,,,,"416685.71",,,,,,""
"2021-08-11","'3138MTDY0'","MBS","UMBS MORTPASS 3% 02/27","15yr",,,,,"416547.6",,,,,,""
"2021-08-11","'3140H2CQ9'","MBS","UMBS MORTPASS 3% 11/47","30yr",,,,,"416502.39",,,,,,""
"2021-08-11","'3138XHB91'","MBS","UMBS MORTPASS 3.5% 01/29","15yr",,,,,"416433.51",,,,,,""
"2021-08-11","'3140X4X43'","MBS","UMBS MORTPASS 4% 02/49","30yr",,,,,"416336.89",,,,,,""
"2021-08-11","'3138MJMY2'","MBS","UMBS MORTPASS 2.5% 10/27","15yr",,,,,"416162.73",,,,,,""
"2021-08-11","'3138XTQ81'","MBS","UMBS MORTPASS 3.5% 09/29","15yr",,,,,"416080.62",,,,,,""
"2021-08-11","'36178FMW3'","MBS","GNMA I MORTPASS 3% 03/43","30yr",,,,,"415936.87",,,,,,""
"2021-08-11","'3138W4W23'","MBS","UMBS MORTPASS 3.5% 02/43","30yr",,,,,"415927.38",,,,,,""
"2021-08-11","'3140E2UW9'","MBS","UMBS MORTPASS 2.5% 12/30","15yr",,,,,"415896.01",,,,,,""
"2021-08-11","'3140JRAZ4'","MBS","UMBS MORTPASS 3.5% 04/49","30yr",,,,,"415827.99",,,,,,""
"2021-08-11","'3138YPR53'","MBS","UMBS MORTPASS 2.5% 04/30","15yr",,,,,"415565.73",,,,,,""
"2021-08-11","'3138XPYX5'","MBS","UMBS MORTPASS 3.5% 01/44","30yr",,,,,"415330.47",,,,,,""
"2021-08-11","'3131X76X1'","MBS","UMBS MORTPASS 2.5% 10/27","15yr",,,,,"415311.89",,,,,,""
"2021-08-11","'3620A4YM8'","MBS","GNMA I 4.5% 10/39","30yr",,,,,"415286.18",,,,,,""
"2021-08-11","'3131XBA41'","MBS","UMBS MORTPASS 2.5% 04/30","15yr",,,,,"415134.42",,,,,,""
"2021-08-11","'312939KZ3'","MBS","FHLMCGLD 4% 02/40","30yr",,,,,"415046.28",,,,,,""
"2021-08-11","'36179EH84'","MBS","GNMA I MORTPASS 3% 02/43","30yr",,,,,"415024.29",,,,,,""
"2021-08-11","'3140HBJ58'","MBS","UMBS MORTPASS 4% 02/48","30yr",,,,,"415001.25",,,,,,""
"2021-08-11","'3131XAUU3'","MBS","UMBS MORTPASS 2.5% 09/24","Other",,,,,"414738.4",,,,,,""
"2021-08-11","'3138W3MP5'","MBS","UMBS MORTPASS 3% 03/43","30yr",,,,,"414692.95",,,,,,""
"2021-08-11","'312938WP4'","MBS","FHLMCGLD 4% 01/40","30yr",,,,,"414571.86",,,,,,""
"2021-08-11","'31307WLT9'","MBS","FHLMCGLD 3% 07/33","15yr",,,,,"414296.52",,,,,,""
"2021-08-11","'3138EMVE8'","MBS","UMBS MORTPASS 2.5% 04/28","15yr",,,,,"414283.76",,,,,,""
"2021-08-11","'3140H5MB4'","MBS","UMBS MORTPASS 3.5% 01/48","30yr",,,,,"414198.66",,,,,,""
"2021-08-11","'36178QFH0'","MBS","GNMA I 3.5% 09/42","30yr",,,,,"414112.89",,,,,,""
"2021-08-11","'3138XFZA6'","MBS","UMBS MORTPASS 3% 11/28","15yr",,,,,"414111.09",,,,,,""
"2021-08-11","'3133KGP28'","MBS","UMBS MORTPASS 3% 09/49","30yr",,,,,"414079.85",,,,,,""
"2021-08-11","'3140FVMG8'","MBS","UMBS MORTPASS 3.5% 03/47","30yr",,,,,"413899.16",,,,,,""
"2021-08-11","'3138XQHD6'","MBS","UMBS MORTPASS 3% 02/29","15yr",,,,,"413523.13",,,,,,""
"2021-08-11","'3131Y0LR1'","MBS","UMBS MORTPASS 3.5% 02/48","30yr",,,,,"413299.18",,,,,,""
"2021-08-11","'36297BFD8'","MBS","GNMA I 4.5% 10/39","30yr",,,,,"413154.32",,,,,,""
"2021-08-11","'31417CHH1'","MBS","UMBS MORTPASS 3% 07/27","15yr",,,,,"413016.58",,,,,,""
"2021-08-11","'3138E4C25'","MBS","UMBS MORTPASS 2.5% 08/27","15yr",,,,,"412964.34",,,,,,""
"2021-08-11","'31307PXK0'","MBS","FHLMCGLD 2.5% 12/30","15yr",,,,,"412747.75",,,,,,""
"2021-08-11","'3138MBVX1'","MBS","UMBS MORTPASS 2% 09/27","15yr",,,,,"412707.24",,,,,,""
"2021-08-11","'3138WPWT7'","MBS","UMBS MORTPASS 3% 04/28","15yr",,,,,"412654.37",,,,,,""
"2021-08-11","'36297FJA1'","MBS","GNMA I 4.5% 07/39","30yr",,,,,"412556.42",,,,,,""
"2021-08-11","'3138WG4E1'","MBS","UMBS MORTPASS 3% 05/31","15yr",,,,,"412337.01",,,,,,""
"2021-08-11","'3132A7SF9'","MBS","UMBS MORTPASS 3% 04/27","15yr",,,,,"412264.96",,,,,,""
"2021-08-11","'3138X0B72'","MBS","UMBS MORTPASS 3% 08/28","15yr",,,,,"412213.83",,,,,,""
"2021-08-11","'36176VR88'","MBS","GNMA I MORTPASS 3% 02/43","30yr",,,,,"412005.8",,,,,,""
"2021-08-11","'3138W1S57'","MBS","UMBS MORTPASS 3% 02/43","30yr",,,,,"411969.31",,,,,,""
"2021-08-11","'3138X0BB3'","MBS","UMBS MORTPASS 3% 07/28","15yr",,,,,"411919.72",,,,,,""
"2021-08-11","'3138MGR23'","MBS","UMBS MORTPASS 2.5% 10/27","15yr",,,,,"411805.15",,,,,,""
"2021-08-11","'3620AACR7'","MBS","GNMA I MORTPASS 5% 01/40","30yr",,,,,"411759.86",,,,,,""
"2021-08-11","'3138WPUV4'","MBS","UMBS MORTPASS 2.5% 05/28","15yr",,,,,"411757.64",,,,,,""
"2021-08-11","'36297EB87'","MBS","GNMA I MORTPASS 5% 08/39","30yr",,,,,"411748.09",,,,,,""
"2021-08-11","'31418CYD0'","MBS","UMBS MORTPASS 3% 07/28","Other",,,,,"411706.68",,,,,,""
"2021-08-11","'31329N6T0'","MBS","UMBS MORTPASS 4% 05/48","30yr",,,,,"411633.83",,,,,,""
"2021-08-11","'36180HJ82'","MBS","GNMA I MORTPASS 4% 09/43","30yr",,,,,"411614.95",,,,,,""
"2021-08-11","'3140HL3V6'","MBS","UMBS MORTPASS 4.5% 07/48","30yr",,,,,"411312.42",,,,,,""
"2021-08-11","'3128MAFA2'","MBS","FHLMCGLD 3.5% 03/45","30yr",,,,,"411281.89",,,,,,""
"2021-08-11","'3140HETJ1'","MBS","UMBS MORTPASS 3.5% 03/48","30yr",,,,,"411211.43",,,,,,""
"2021-08-11","'3138MFE60'","MBS","UMBS MORTPASS 2% 10/27","15yr",,,,,"410906.32",,,,,,""
"2021-08-11","'3132DMC29'","MBS","UMBS MORTPASS 3% 09/49","30yr",,,,,"410779.37",,,,,,""
"2021-08-11","'3138WU4K6'","MBS","UMBS MORTPASS 3% 06/28","15yr",,,,,"410689.94",,,,,,""
"2021-08-11","'3140K83J8'","MBS","UMBS MORTPASS 3% 03/50","30yr",,,,,"410637.58",,,,,,""
"2021-08-11","'3140HMGY4'","MBS","UMBS MORTPASS 3.5% 08/48","30yr",,,,,"410632.1",,,,,,""
"2021-08-11","'3138X3A44'","MBS","UMBS MORTPASS 3% 07/28","15yr",,,,,"410545.67",,,,,,""
"2021-08-11","'3131Y1SS0'","MBS","UMBS MORTPASS 3.5% 06/48","30yr",,,,,"410526.8",,,,,,""
"2021-08-11","'3140K0P69'","MBS","UMBS MORTPASS 2.5% 11/34","15yr",,,,,"410485.01",,,,,,""
"2021-08-11","'3138WRS27'","MBS","UMBS MORTPASS 3% 05/43","30yr",,,,,"410402.77",,,,,,""
"2021-08-11","'3132QW4K2'","MBS","FHLMCGLD 4% 04/46","30yr",,,,,"410316.84",,,,,,""
"2021-08-11","'36178B2V6'","MBS","GNMA I MORTPASS 4% 05/42","30yr",,,,,"410295.09",,,,,,""
"2021-08-11","'3140XADB5'","MBS","UMBS MORTPASS 2.5% 01/51","30yr",,,,,"410272.62",,,,,,""
"2021-08-11","'31307KAZ3'","MBS","FHLMCGLD 3% 11/29","15yr",,,,,"410211.27",,,,,,""
"2021-08-11","'3132GR2B6'","MBS","FHLMCGLD 3% 03/42","30yr",,,,,"410074.24",,,,,,""
"2021-08-11","'3140QB4F2'","MBS","UMBS MORTPASS 3% 10/49","30yr",,,,,"409977.45",,,,,,""
"2021-08-11","'31307NJX3'","MBS","FHLMCGLD 3% 06/30","15yr",,,,,"409971.4",,,,,,""
"2021-08-11","'3140GUXZ5'","MBS","UMBS MORTPASS 3% 07/32","15yr",,,,,"409906.52",,,,,,""
"2021-08-11","'3138WJEE4'","MBS","UMBS MORTPASS 3% 10/31","15yr",,,,,"409796.35",,,,,,""
"2021-08-11","'3138X4WL0'","MBS","UMBS MORTPASS 3% 08/28","15yr",,,,,"409688.72",,,,,,""
"2021-08-11","'31307LYA0'","MBS","FHLMCGLD 3% 02/30","15yr",,,,,"409570.2",,,,,,""
"2021-08-11","'36297FWB4'","MBS","GNMA I 4.5% 09/39","30yr",,,,,"409226.3",,,,,,""
"2021-08-11","'3140QE4S8'","MBS","UMBS MORTPASS 2% 09/35","15yr",,,,,"409089.01",,,,,,""
"2021-08-11","'3140GTMQ0'","MBS","UMBS MORTPASS 3% 06/32","15yr",,,,,"409056.42",,,,,,""
"2021-08-11","'3128PTGT6'","MBS","FHLMCGLD 3.5% 12/25","15yr",,,,,"409050.56",,,,,,""
"2021-08-11","'31418DJP8'","MBS","UMBS MORTPASS 3.5% 12/39","Other",,,,,"408802.65",,,,,,""
"2021-08-11","'3132A72Y6'","MBS","UMBS MORTPASS 2.5% 09/24","Other",,,,,"408614.41",,,,,,""
"2021-08-11","'3138A7QH4'","MBS","UMBS MORTPASS 3.5% 01/41","30yr",,,,,"408517.76",,,,,,""
"2021-08-11","'3132QLKB8'","MBS","FHLMCGLD 3.5% 10/44","30yr",,,,,"408505.44",,,,,,""
"2021-08-11","'31307WAL8'","MBS","FHLMCGLD 3.5% 05/28","15yr",,,,,"408458.69",,,,,,""
"2021-08-11","'3620A83L5'","MBS","GNMA I 4.5% 11/39","30yr",,,,,"408443.34",,,,,,""
"2021-08-11","'3128M6EF1'","MBS","FHLMCGLD 5% 04/38","30yr",,,,,"408374.83",,,,,,""
"2021-08-11","'3132J6MR2'","MBS","FHLMCGLD 3.5% 01/43","30yr",,,,,"408370.76",,,,,,""
"2021-08-11","'3138XVE97'","MBS","UMBS MORTPASS 3% 08/44","30yr",,,,,"408167.34",,,,,,""
"2021-08-11","'31307NYE8'","MBS","FHLMCGLD 2.5% 08/30","15yr",,,,,"407986.05",,,,,,""
"2021-08-11","'36180EQL2'","MBS","GNMA I MORTPASS 3% 06/43","30yr",,,,,"407918.56",,,,,,""
"2021-08-11","'3138YSQD1'","MBS","UMBS MORTPASS 3% 05/30","15yr",,,,,"407885.59",,,,,,""
"2021-08-11","'3132JN4H7'","MBS","FHLMCGLD 3.5% 09/43","30yr",,,,,"407830.36",,,,,,""
"2021-08-11","'3138XGBC6'","MBS","UMBS MORTPASS 3.5% 02/29","15yr",,,,,"407769.61",,,,,,""
"2021-08-11","'36230SHR8'","MBS","GNMA I MORTPASS 4% 08/41","30yr",,,,,"407352.8",,,,,,""
"2021-08-11","'3138XELK2'","MBS","UMBS MORTPASS 3% 05/29","15yr",,,,,"407152.24",,,,,,""
"2021-08-11","'36176E5D9'","MBS","GNMA I MORTPASS 4% 11/41","30yr",,,,,"407132.34",,,,,,""
"2021-08-11","'3138X0B98'","MBS","UMBS MORTPASS 3% 08/28","15yr",,,,,"407092.32",,,,,,""
"2021-08-11","'3140L1W27'","MBS","UMBS MORTPASS 2% 02/51","30yr",,,,,"407073.74",,,,,,""
"2021-08-11","'3138XWC97'","MBS","UMBS MORTPASS 3% 05/29","15yr",,,,,"407059.62",,,,,,""
"2021-08-11","'3140J8CQ4'","MBS","UMBS MORTPASS 3.5% 01/33","15yr",,,,,"406980.01",,,,,,""
"2021-08-11","'3138E66E1'","MBS","UMBS MORTPASS 3% 01/27","15yr",,,,,"406858.96",,,,,,""
"2021-08-11","'3138M0V64'","MBS","UMBS MORTPASS 2.5% 08/27","15yr",,,,,"406741.11",,,,,,""
"2021-08-11","'36177N3A6'","MBS","GNMA I MORTPASS 4% 04/42","30yr",,,,,"406733.12",,,,,,""
"2021-08-11","'3131X8YK6'","MBS","UMBS MORTPASS 2.5% 03/23","Other",,,,,"406725.41",,,,,,""
"2021-08-11","'3620ADSP8'","MBS","GNMA I MORTPASS 5% 11/39","30yr",,,,,"406660.33",,,,,,""
"2021-08-11","'36180HPN2'","MBS","GNMA I MORTPASS 3% 07/43","30yr",,,,,"406575.5",,,,,,""
"2021-08-11","'3138WJTG3'","MBS","UMBS MORTPASS 3% 01/47","30yr",,,,,"406572.42",,,,,,""
"2021-08-11","'31418CHV9'","MBS","UMBS MORTPASS 2.5% 02/37","Other",,,,,"406555.44",,,,,,""
"2021-08-11","'31307MRS7'","MBS","FHLMCGLD 3% 05/30","15yr",,,,,"406476.19",,,,,,""
"2021-08-11","'36177PB20'","MBS","GNMA I 3.5% 01/42","30yr",,,,,"406471.03",,,,,,""
"2021-08-11","'3140J76R1'","MBS","UMBS MORTPASS 3% 09/30","15yr",,,,,"406443.2",,,,,,""
"2021-08-11","'3138WURC9'","MBS","UMBS MORTPASS 2.5% 09/28","15yr",,,,,"406319.66",,,,,,""
"2021-08-11","'31297QZR3'","MBS","FHLMCGLD 5.5% 06/35","30yr",,,,,"406302.5",,,,,,""
"2021-08-11","'31418XZE1'","MBS","UMBS MORTPASS 4% 08/40","30yr",,,,,"406240.59",,,,,,""
"2021-08-11","'36176UK95'","MBS","GNMA I 3.5% 01/42","30yr",,,,,"406117.47",,,,,,""
"2021-08-11","'3138YTYQ1'","MBS","UMBS MORTPASS 3% 07/45","30yr",,,,,"406072.45",,,,,,""
"2021-08-11","'36177UV92'","MBS","GNMA I 3.5% 06/42","30yr",,,,,"406064.98",,,,,,""
"2021-08-11","'3138W4XR7'","MBS","UMBS MORTPASS 3.5% 10/42","30yr",,,,,"406040.06",,,,,,""
"2021-08-11","'3138MJAZ2'","MBS","UMBS MORTPASS 3% 10/27","15yr",,,,,"406007.29",,,,,,""
"2021-08-11","'3138MNS27'","MBS","UMBS MORTPASS 2.5% 11/27","15yr",,,,,"406004.11",,,,,,""
"2021-08-11","'3138MDTU6'","MBS","UMBS MORTPASS 3% 10/27","15yr",,,,,"405993.22",,,,,,""
"2021-08-11","'3140J5NB1'","MBS","UMBS MORTPASS 4.5% 05/47","30yr",,,,,"405852.06",,,,,,""
"2021-08-11","'3131X8HL3'","MBS","UMBS MORTPASS 2.5% 12/27","15yr",,,,,"405849.68",,,,,,""
"2021-08-11","'3128LXH78'","MBS","FHLMCGLD 5.5% 01/36","30yr",,,,,"405740.1",,,,,,""
"2021-08-11","'31417HBB9'","MBS","UMBS MORTPASS 3% 07/28","15yr",,,,,"405656.38",,,,,,""
"2021-08-11","'3620AQKP7'","MBS","GNMA I MORTPASS 5% 03/40","30yr",,,,,"405516.96",,,,,,""
"2021-08-11","'3138LWQ87'","MBS","UMBS MORTPASS 3% 06/27","15yr",,,,,"405496.81",,,,,,""
"2021-08-11","'3128MD4G5'","MBS","FHLMCGLD 3% 06/24","15yr",,,,,"405447.87",,,,,,""
"2021-08-11","'3138W3C35'","MBS","UMBS MORTPASS 3% 02/28","15yr",,,,,"405350.85",,,,,,""
"2021-08-11","'3140HKL30'","MBS","UMBS MORTPASS 3.5% 05/33","15yr",,,,,"405339.69",,,,,,""
"2021-08-11","'36297BFX4'","MBS","GNMA I MORTPASS 5% 12/39","30yr",,,,,"405212.59",,,,,,""
"2021-08-11","'3132A9RB5'","MBS","UMBS MORTPASS 3% 09/30","15yr",,,,,"405153.17",,,,,,""
"2021-08-11","'3138MKMX1'","MBS","UMBS MORTPASS 3% 08/28","15yr",,,,,"405105.18",,,,,,""
"2021-08-11","'3138WPCZ5'","MBS","UMBS MORTPASS 3% 12/26","15yr",,,,,"405068.25",,,,,,""
"2021-08-11","'3138ATCV0'","MBS","UMBS MORTPASS 3% 02/42","30yr",,,,,"404796.59",,,,,,""
"2021-08-11","'3138M4M41'","MBS","UMBS MORTPASS 3% 08/27","15yr",,,,,"404697.88",,,,,,""
"2021-08-11","'3620ABCV6'","MBS","GNMA I MORTPASS 5% 11/39","30yr",,,,,"404621.94",,,,,,""
"2021-08-11","'3131X8M86'","MBS","UMBS MORTPASS 2.5% 01/28","15yr",,,,,"404159.96",,,,,,""
"2021-08-11","'3140JR3J8'","MBS","UMBS MORTPASS 3% 06/49","30yr",,,,,"404117.74",,,,,,""
"2021-08-11","'3138LQA38'","MBS","UMBS MORTPASS 3% 04/27","15yr",,,,,"404065.79",,,,,,""
"2021-08-11","'31307QUX3'","MBS","FHLMCGLD 3.5% 04/31","15yr",,,,,"404048.57",,,,,,""
"2021-08-11","'3138WUPT4'","MBS","UMBS MORTPASS 3.5% 05/43","30yr",,,,,"404037.67",,,,,,""
"2021-08-11","'3138X9YA1'","MBS","UMBS MORTPASS 3% 03/29","15yr",,,,,"404025.2",,,,,,""
"2021-08-11","'31307LTE8'","MBS","FHLMCGLD 2.5% 01/30","15yr",,,,,"403965.71",,,,,,""
"2021-08-11","'3138E1R25'","MBS","UMBS MORTPASS 3% 02/27","15yr",,,,,"403813.53",,,,,,""
"2021-08-11","'3131XYYX1'","MBS","UMBS MORTPASS 3.5% 12/47","30yr",,,,,"403716.1",,,,,,""
"2021-08-11","'31307JF57'","MBS","FHLMCGLD 3% 08/29","15yr",,,,,"403701.99",,,,,,""
"2021-08-11","'3138XXNZ5'","MBS","UMBS MORTPASS 4% 06/44","30yr",,,,,"403629.8",,,,,,""
"2021-08-11","'31307UUE6'","MBS","FHLMCGLD 2.5% 10/32","15yr",,,,,"403618.65",,,,,,""
"2021-08-11","'3140JHMX8'","MBS","UMBS MORTPASS 4% 11/48","30yr",,,,,"403556.55",,,,,,""
"2021-08-11","'3133A94W2'","MBS","UMBS MORTPASS 2.5% 09/50","30yr",,,,,"403530.05",,,,,,""
"2021-08-11","'3138X0B80'","MBS","UMBS MORTPASS 3% 08/28","15yr",,,,,"403493.7",,,,,,""
"2021-08-11","'3138XJAE7'","MBS","UMBS MORTPASS 3% 12/28","15yr",,,,,"403400",,,,,,""
"2021-08-11","'3128CUN93'","MBS","FHLMCGLD 6.5% 12/27","Other",,,,,"403369.45",,,,,,""
"2021-08-11","'3138A2CD9'","MBS","UMBS MORTPASS 3.5% 12/25","15yr",,,,,"403076.49",,,,,,""
"2021-08-11","'3138YTQ98'","MBS","UMBS MORTPASS 3% 06/30","15yr",,,,,"403045.17",,,,,,""
"2021-08-11","'3133G6K79'","MBS","UMBS MORTPASS 3% 07/29","15yr",,,,,"403036.19",,,,,,""
"2021-08-11","'36296LNE6'","MBS","GNMA I MORTPASS 4% 04/39","30yr",,,,,"403034.62",,,,,,""
"2021-08-11","'3138E7TU8'","MBS","UMBS MORTPASS 3% 02/27","15yr",,,,,"402972.09",,,,,,""
"2021-08-11","'3140Q9UK7'","MBS","UMBS MORTPASS 4.5% 09/48","30yr",,,,,"402837.87",,,,,,""
"2021-08-11","'31334XWJ4'","MBS","UMBS MORTPASS 3% 07/49","30yr",,,,,"402808.76",,,,,,""
"2021-08-11","'3132L6MY4'","MBS","FHLMCGLD 3.5% 07/44","30yr",,,,,"402740.89",,,,,,""
"2021-08-11","'31307MDY9'","MBS","FHLMCGLD 3% 03/30","15yr",,,,,"402544.84",,,,,,""
"2021-08-11","'3138E5B31'","MBS","UMBS MORTPASS 3% 01/27","15yr",,,,,"402530.27",,,,,,""
"2021-08-11","'3140JLPS7'","MBS","UMBS MORTPASS 4.5% 12/48","30yr",,,,,"402530.09",,,,,,""
"2021-08-11","'3132KE3Q6'","MBS","FHLMCGLD 3% 04/30","15yr",,,,,"402526.47",,,,,,""
"2021-08-11","'3138E2T54'","MBS","UMBS MORTPASS 3% 02/27","15yr",,,,,"402307.28",,,,,,""
"2021-08-11","'3140J6FU6'","MBS","UMBS MORTPASS 3% 10/32","15yr",,,,,"402298.98",,,,,,""
"2021-08-11","'3131X7HJ0'","MBS","UMBS MORTPASS 3% 01/27","15yr",,,,,"402288.64",,,,,,""
"2021-08-11","'36179T7H2'","MBS","GNMA II MORTPASS 3% 08/48","30yr",,,,,"402076.11",,,,,,""
"2021-08-11","'3620A3VT8'","MBS","GNMA I MORTPASS 5% 11/39","30yr",,,,,"401947.11",,,,,,""
"2021-08-11","'36181A4B5'","MBS","GNMA I MORTPASS 3% 06/43","30yr",,,,,"401942.18",,,,,,""
"2021-08-11","'36296LMA5'","MBS","GNMA I 4.5% 02/39","30yr",,,,,"401656.82",,,,,,""
"2021-08-11","'31418DTN2'","MBS","UMBS MORTPASS 2.5% 10/35","15yr",,,,,"401595.4",,,,,,""
"2021-08-11","'3140QCCL8'","MBS","UMBS MORTPASS 4% 08/49","30yr",,,,,"401545.14",,,,,,""
"2021-08-11","'36230T3T7'","MBS","GNMA I MORTPASS 3% 06/43","30yr",,,,,"401442.68",,,,,,""
"2021-08-11","'3140HLTF3'","MBS","UMBS MORTPASS 4% 06/48","30yr",,,,,"401419.12",,,,,,""
"2021-08-11","'3138W3CX9'","MBS","UMBS MORTPASS 3% 02/28","15yr",,,,,"401415.74",,,,,,""
"2021-08-11","'3131YDFQ2'","MBS","UMBS MORTPASS 2.5% 05/49","30yr",,,,,"401410.37",,,,,,""
"2021-08-11","'3140HJQP9'","MBS","UMBS MORTPASS 3.5% 05/48","30yr",,,,,"401397.86",,,,,,""
"2021-08-11","'3131X7XZ6'","MBS","UMBS MORTPASS 2.5% 07/27","15yr",,,,,"401353.29",,,,,,""
"2021-08-11","'31417L2A2'","MBS","UMBS MORTPASS 6% 09/39","30yr",,,,,"401346.72",,,,,,""
"2021-08-11","'36180DWV5'","MBS","GNMA I 3.5% 06/43","30yr",,,,,"401328.97",,,,,,""
"2021-08-11","'3138W4UK5'","MBS","UMBS MORTPASS 2.5% 02/28","15yr",,,,,"401298.72",,,,,,""
"2021-08-11","'3140JHLY7'","MBS","UMBS MORTPASS 3.5% 03/49","30yr",,,,,"401168.98",,,,,,""
"2021-08-11","'31307NMP6'","MBS","FHLMCGLD 3% 07/30","15yr",,,,,"401147.03",,,,,,""
"2021-08-11","'31417DSH7'","MBS","UMBS MORTPASS 2.5% 11/22","Other",,,,,"401094.95",,,,,,""
"2021-08-11","'3140FR4J1'","MBS","UMBS MORTPASS 3.5% 02/32","15yr",,,,,"400761.22",,,,,,""
"2021-08-11","'3138WM7K1'","MBS","UMBS MORTPASS 3% 03/28","15yr",,,,,"400641.39",,,,,,""
"2021-08-11","'3138Y7KN1'","MBS","UMBS MORTPASS 3.5% 10/29","15yr",,,,,"400617.71",,,,,,""
"2021-08-11","'3132DV5U5'","MBS","UMBS MORTPASS 4.5% 04/50","30yr",,,,,"400211.17",,,,,,""
"2021-08-11","'31418AWM6'","MBS","UMBS MORTPASS 3% 08/23","Other",,,,,"400139.42",,,,,,""
"2021-08-11","'36176KMW4'","MBS","GNMA I MORTPASS 4% 09/41","30yr",,,,,"400122.46",,,,,,""
"2021-08-11","'3140HJJ69'","MBS","UMBS MORTPASS 3.5% 08/33","15yr",,,,,"400056.21",,,,,,""
"2021-08-11","'36201DWH1'","MBS","GNMA I MORTPASS 4% 10/41","30yr",,,,,"399996.37",,,,,,""
"2021-08-11","'3132A8FA2'","MBS","UMBS MORTPASS 2.5% 07/30","15yr",,,,,"399904.85",,,,,,""
"2021-08-11","'3138Y47K9'","MBS","UMBS MORTPASS 3% 08/27","15yr",,,,,"399862.69",,,,,,""
"2021-08-11","'3138XQHN4'","MBS","UMBS MORTPASS 3.5% 02/29","15yr",,,,,"399825.62",,,,,,""
"2021-08-11","'36181NS96'","MBS","GNMA I MORTPASS 4% 08/43","30yr",,,,,"399816.17",,,,,,""
"2021-08-11","'3138Y7D82'","MBS","UMBS MORTPASS 3% 06/46","30yr",,,,,"399639",,,,,,""
"2021-08-11","'3138X3FQ0'","MBS","UMBS MORTPASS 2.5% 08/28","15yr",,,,,"399553.37",,,,,,""
"2021-08-11","'3140F0V76'","MBS","UMBS MORTPASS 3% 09/31","15yr",,,,,"399120.01",,,,,,""
"2021-08-11","'3131X8KQ8'","MBS","UMBS MORTPASS 2% 12/27","15yr",,,,,"398833.3",,,,,,""
"2021-08-11","'3132L7J59'","MBS","FHLMCGLD 3.5% 12/45","30yr",,,,,"398756.85",,,,,,""
"2021-08-11","'3620AAXD5'","MBS","GNMA I MORTPASS 5% 10/39","30yr",,,,,"398714.62",,,,,,""
"2021-08-11","'3138WDNK3'","MBS","UMBS MORTPASS 3% 12/44","30yr",,,,,"398552.91",,,,,,""
"2021-08-11","'3140K1BN5'","MBS","UMBS MORTPASS 3.5% 10/49","30yr",,,,,"398495.48",,,,,,""
"2021-08-11","'31418AP85'","MBS","UMBS MORTPASS 2% 02/28","15yr",,,,,"398407.19",,,,,,""
"2021-08-11","'3131X8SQ0'","MBS","UMBS MORTPASS 2.5% 02/23","Other",,,,,"398374.79",,,,,,""
"2021-08-11","'3138X5HN0'","MBS","UMBS MORTPASS 2.5% 08/28","15yr",,,,,"398174.87",,,,,,""
"2021-08-11","'3140KHER8'","MBS","UMBS MORTPASS 2.5% 07/40","Other",,,,,"398053.51",,,,,,""
"2021-08-11","'36297BFG1'","MBS","GNMA I MORTPASS 5% 10/39","30yr",,,,,"397553.28",,,,,,""
"2021-08-11","'3138X7YH0'","MBS","UMBS MORTPASS 3% 10/28","15yr",,,,,"397537.34",,,,,,""
"2021-08-11","'31307KCM0'","MBS","FHLMCGLD 3% 12/29","15yr",,,,,"397411.29",,,,,,""
"2021-08-11","'3620ABDH6'","MBS","GNMA I MORTPASS 5% 01/40","30yr",,,,,"397327.14",,,,,,""
"2021-08-11","'3138XGW66'","MBS","UMBS MORTPASS 3% 12/28","15yr",,,,,"397218.94",,,,,,""
"2021-08-11","'3128MD3X9'","MBS","FHLMCGLD 3.5% 05/26","15yr",,,,,"397173.25",,,,,,""
"2021-08-11","'31307GHD4'","MBS","FHLMCGLD 3.5% 02/29","15yr",,,,,"397116.07",,,,,,""
"2021-08-11","'3138ETHZ2'","MBS","UMBS MORTPASS 4% 03/29","15yr",,,,,"397017.41",,,,,,""
"2021-08-11","'36296XSJ4'","MBS","GNMA I 4.5% 03/39","30yr",,,,,"396978.91",,,,,,""
"2021-08-11","'36177YDT0'","MBS","GNMA I 3.5% 10/42","30yr",,,,,"396714.96",,,,,,""
"2021-08-11","'36177Y3B0'","MBS","GNMA I MORTPASS 3% 04/43","30yr",,,,,"396686.89",,,,,,""
"2021-08-11","'3140JRC41'","MBS","UMBS MORTPASS 4% 05/49","30yr",,,,,"396685.35",,,,,,""
"2021-08-11","'3140X7Y52'","MBS","UMBS MORTPASS 2.5% 10/50","30yr",,,,,"396648.76",,,,,,""
"2021-08-11","'3132L6VY4'","MBS","FHLMCGLD 3.5% 02/45","30yr",,,,,"396648.6",,,,,,""
"2021-08-11","'36179EXV5'","MBS","GNMA I MORTPASS 3% 05/43","30yr",,,,,"396603.92",,,,,,""
"2021-08-11","'3620AKFN1'","MBS","GNMA I MORTPASS 5% 03/40","30yr",,,,,"396508.47",,,,,,""
"2021-08-11","'36181CY77'","MBS","GNMA I 3.5% 10/43","30yr",,,,,"396497.22",,,,,,""
"2021-08-11","'31307LRL4'","MBS","FHLMCGLD 2.5% 01/30","15yr",,,,,"396449.16",,,,,,""
"2021-08-11","'3138WEXE4'","MBS","UMBS MORTPASS 3.5% 06/45","30yr",,,,,"396421.98",,,,,,""
"2021-08-11","'3620AJK40'","MBS","GNMA I MORTPASS 5% 01/40","30yr",,,,,"396350.71",,,,,,""
"2021-08-11","'3138XF3Q6'","MBS","UMBS MORTPASS 4% 12/43","30yr",,,,,"396225.35",,,,,,""
"2021-08-11","'312938ZW6'","MBS","FHLMCGLD 4.5% 01/40","30yr",,,,,"396112.47",,,,,,""
"2021-08-11","'3140F34L9'","MBS","UMBS MORTPASS 3% 07/31","15yr",,,,,"395998.31",,,,,,""
"2021-08-11","'31417QLL6'","MBS","UMBS MORTPASS 4% 10/24","15yr",,,,,"395968.87",,,,,,""
"2021-08-11","'31412JBL8'","MBS","UMBS MORTPASS 5% 06/40","30yr",,,,,"395936.19",,,,,,""
"2021-08-11","'3128M56W5'","MBS","FHLMCGLD 6% 03/38","30yr",,,,,"395933.06",,,,,,""
"2021-08-11","'3138Y2Z97'","MBS","UMBS MORTPASS 2.5% 11/29","15yr",,,,,"395682.45",,,,,,""
"2021-08-11","'3138AXJD4'","MBS","UMBS MORTPASS 3% 12/26","15yr",,,,,"395680.36",,,,,,""
"2021-08-11","'3140JWVV9'","MBS","UMBS MORTPASS 3% 07/49","30yr",,,,,"395327.66",,,,,,""
"2021-08-11","'3138M8MP5'","MBS","UMBS MORTPASS 3% 09/27","15yr",,,,,"395280.58",,,,,,""
"2021-08-11","'3140HAQY9'","MBS","UMBS MORTPASS 3.5% 03/33","15yr",,,,,"395175.15",,,,,,""
"2021-08-11","'3138NW5C9'","MBS","UMBS MORTPASS 2.5% 01/28","15yr",,,,,"394832.63",,,,,,""
"2021-08-11","'31334Y6V4'","MBS","UMBS MORTPASS 3% 09/44","30yr",,,,,"394703.21",,,,,,""
"2021-08-11","'3132L7NL9'","MBS","FHLMCGLD 4.5% 01/46","30yr",,,,,"394592.65",,,,,,""
"2021-08-11","'36296LNV8'","MBS","GNMA I MORTPASS 4% 05/39","30yr",,,,,"394506.91",,,,,,""
"2021-08-11","'3138XFHS7'","MBS","UMBS MORTPASS 3% 11/28","15yr",,,,,"394474.1",,,,,,""
"2021-08-11","'36178MFL0'","MBS","GNMA I MORTPASS 3% 11/42","30yr",,,,,"394119.12",,,,,,""
"2021-08-11","'31307L4U9'","MBS","FHLMCGLD 3% 02/30","15yr",,,,,"394079.12",,,,,,""
"2021-08-11","'3131X8NG7'","MBS","UMBS MORTPASS 2.5% 12/27","15yr",,,,,"393932.21",,,,,,""
"2021-08-11","'31307DKW5'","MBS","FHLMCGLD 2% 07/28","15yr",,,,,"393924.28",,,,,,""
"2021-08-11","'3140E63D2'","MBS","UMBS MORTPASS 3% 11/45","30yr",,,,,"393918.53",,,,,,""
"2021-08-11","'3138XQYN5'","MBS","UMBS MORTPASS 3.5% 04/29","15yr",,,,,"393856.92",,,,,,""
"2021-08-11","'3140EUJD2'","MBS","UMBS MORTPASS 2.5% 02/31","15yr",,,,,"393803.42",,,,,,""
"2021-08-11","'3140HFT82'","MBS","UMBS MORTPASS 3% 04/45","30yr",,,,,"393774.02",,,,,,""
"2021-08-11","'3140K03H9'","MBS","UMBS MORTPASS 3% 11/49","30yr",,,,,"393744.23",,,,,,""
"2021-08-11","'3140X7KM0'","MBS","UMBS MORTPASS 2.5% 07/50","30yr",,,,,"393687.08",,,,,,""
"2021-08-11","'3133KG6M5'","MBS","UMBS MORTPASS 3% 12/49","30yr",,,,,"392960.01",,,,,,""
"2021-08-11","'3140HEWC2'","MBS","UMBS MORTPASS 3.5% 06/33","15yr",,,,,"392818.63",,,,,,""
"2021-08-11","'3132M5G71'","MBS","FHLMCGLD 4.5% 03/44","30yr",,,,,"392727.25",,,,,,""
"2021-08-11","'36296XUC6'","MBS","GNMA I 4.5% 04/39","30yr",,,,,"392667.44",,,,,,""
"2021-08-11","'3138WVHR5'","MBS","UMBS MORTPASS 3% 05/28","15yr",,,,,"392665.57",,,,,,""
"2021-08-11","'3138XBKS2'","MBS","UMBS MORTPASS 3% 11/28","15yr",,,,,"392223.96",,,,,,""
"2021-08-11","'3138YNPN1'","MBS","UMBS MORTPASS 3% 06/30","15yr",,,,,"392172.35",,,,,,""
"2021-08-11","'3138Y6T46'","MBS","UMBS MORTPASS 3% 10/29","15yr",,,,,"392133.76",,,,,,""
"2021-08-11","'3138YW5P8'","MBS","UMBS MORTPASS 3.5% 08/45","30yr",,,,,"392126.94",,,,,,""
"2021-08-11","'3138XQNB3'","MBS","UMBS MORTPASS 3% 07/29","15yr",,,,,"392096.67",,,,,,""
"2021-08-11","'3132QUBF9'","MBS","FHLMCGLD 3.5% 11/45","30yr",,,,,"392046.09",,,,,,""
"2021-08-11","'3140FMMS2'","MBS","UMBS MORTPASS 2.5% 11/31","15yr",,,,,"392032.63",,,,,,""
"2021-08-11","'3620A1TH1'","MBS","GNMA I MORTPASS 5% 10/39","30yr",,,,,"391815.68",,,,,,""
"2021-08-11","'36179BWS9'","MBS","GNMA I 3.5% 07/43","30yr",,,,,"391788.49",,,,,,""
"2021-08-11","'3131YAFV7'","MBS","UMBS MORTPASS 4.5% 02/39","Other",,,,,"391745.92",,,,,,""
"2021-08-11","'3132ACRQ5'","MBS","UMBS MORTPASS 4.5% 08/48","30yr",,,,,"391637.23",,,,,,""
"2021-08-11","'3140K1CW4'","MBS","UMBS MORTPASS 3% 11/49","30yr",,,,,"391589.51",,,,,,""
"2021-08-11","'31307NZM9'","MBS","FHLMCGLD 2.5% 08/30","15yr",,,,,"391499.12",,,,,,""
"2021-08-11","'3140HFNP0'","MBS","UMBS MORTPASS 2.5% 03/45","30yr",,,,,"391484.69",,,,,,""
"2021-08-11","'36177JAK5'","MBS","GNMA I MORTPASS 4% 11/41","30yr",,,,,"391326.18",,,,,,""
"2021-08-11","'3140FDBY1'","MBS","UMBS MORTPASS 3.5% 08/46","30yr",,,,,"391323.07",,,,,,""
"2021-08-11","'3128MMSH7'","MBS","FHLMCGLD 3.5% 07/29","15yr",,,,,"391271.98",,,,,,""
"2021-08-11","'3140JVZ62'","MBS","UMBS MORTPASS 3% 06/49","30yr",,,,,"391244.65",,,,,,""
"2021-08-11","'3138EDHJ3'","MBS","UMBS MORTPASS 2% 04/28","15yr",,,,,"391029.04",,,,,,""
"2021-08-11","'3140J5RP6'","MBS","UMBS MORTPASS 4% 06/47","30yr",,,,,"390972.52",,,,,,""
"2021-08-11","'3140X8P27'","MBS","UMBS MORTPASS 2.5% 12/50","30yr",,,,,"390944.73",,,,,,""
"2021-08-11","'31417DHU0'","MBS","UMBS MORTPASS 2.5% 10/22","Other",,,,,"390782.42",,,,,,""
"2021-08-11","'3140J93B5'","MBS","UMBS MORTPASS 3.5% 02/49","30yr",,,,,"390778.88",,,,,,""
"2021-08-11","'31417ARL5'","MBS","UMBS MORTPASS 3% 12/26","15yr",,,,,"390745.15",,,,,,""
"2021-08-11","'3140HAQM5'","MBS","UMBS MORTPASS 3.5% 03/48","30yr",,,,,"390707.4",,,,,,""
"2021-08-11","'3140K5W60'","MBS","UMBS MORTPASS 2.5% 01/35","15yr",,,,,"390688.64",,,,,,""
"2021-08-11","'3138X6DL6'","MBS","UMBS MORTPASS 3% 08/28","15yr",,,,,"390565.86",,,,,,""
"2021-08-11","'31307LCD8'","MBS","FHLMCGLD 2.5% 12/29","15yr",,,,,"390554.26",,,,,,""
"2021-08-11","'3138ABXT1'","MBS","UMBS MORTPASS 4% 04/26","15yr",,,,,"390446.01",,,,,,""
"2021-08-11","'31307EAB0'","MBS","FHLMCGLD 3% 09/28","15yr",,,,,"390263.75",,,,,,""
"2021-08-11","'31410LRR5'","MBS","UMBS MORTPASS 3% 09/30","15yr",,,,,"390241.66",,,,,,""
"2021-08-11","'3140GSVD1'","MBS","UMBS MORTPASS 3.5% 02/48","30yr",,,,,"390239.78",,,,,,""
"2021-08-11","'36297BEV9'","MBS","GNMA I 4.5% 07/39","30yr",,,,,"390211.96",,,,,,""
"2021-08-11","'3138EMGC9'","MBS","UMBS MORTPASS 2.5% 02/28","15yr",,,,,"390151.18",,,,,,""
"2021-08-11","'3140GWR70'","MBS","UMBS MORTPASS 3% 01/33","15yr",,,,,"390053.16",,,,,,""
"2021-08-11","'31418B5E2'","MBS","UMBS MORTPASS 2.5% 06/31","15yr",,,,,"390020.49",,,,,,""
"2021-08-11","'3132QLGZ0'","MBS","FHLMCGLD 3.5% 12/44","30yr",,,,,"390017.62",,,,,,""
"2021-08-11","'3138WPV84'","MBS","UMBS MORTPASS 3.5% 05/43","30yr",,,,,"389919.5",,,,,,""
"2021-08-11","'3131XCAN7'","MBS","UMBS MORTPASS 3% 06/31","15yr",,,,,"389918.88",,,,,,""
"2021-08-11","'312939UP4'","MBS","FHLMCGLD 5% 03/40","30yr",,,,,"389812.59",,,,,,""
"2021-08-11","'31307UVS4'","MBS","FHLMCGLD 3.5% 10/27","15yr",,,,,"389809.47",,,,,,""
"2021-08-11","'3140JXR67'","MBS","UMBS MORTPASS 2.5% 10/34","15yr",,,,,"389799.48",,,,,,""
"2021-08-11","'3138LXYZ6'","MBS","UMBS MORTPASS 3% 06/27","15yr",,,,,"389795.54",,,,,,""
"2021-08-11","'36297FCB6'","MBS","GNMA I 4.5% 07/39","30yr",,,,,"389541.09",,,,,,""
"2021-08-11","'3128MFAN8'","MBS","FHLMCGLD 3% 03/32","15yr",,,,,"389452.98",,,,,,""
"2021-08-11","'3140HMGE8'","MBS","UMBS MORTPASS 3.5% 07/48","30yr",,,,,"389324.08",,,,,,""
"2021-08-11","'3132A7N80'","MBS","UMBS MORTPASS 3% 05/28","15yr",,,,,"389191.02",,,,,,""
"2021-08-11","'31307PK81'","MBS","FHLMCGLD 2.5% 10/30","15yr",,,,,"389077.94",,,,,,""
"2021-08-11","'3140FHYW1'","MBS","UMBS MORTPASS 2.5% 10/31","15yr",,,,,"389007.48",,,,,,""
"2021-08-11","'3138ECQJ5'","MBS","UMBS MORTPASS 3.5% 03/42","30yr",,,,,"388900.24",,,,,,""
"2021-08-11","'31307NLA0'","MBS","FHLMCGLD 2.5% 07/30","15yr",,,,,"388875.23",,,,,,""
"2021-08-11","'3140HL4B9'","MBS","UMBS MORTPASS 4% 07/48","30yr",,,,,"388732.72",,,,,,""
"2021-08-11","'3140HFKX6'","MBS","UMBS MORTPASS 2.5% 02/45","30yr",,,,,"388716.16",,,,,,""
"2021-08-11","'3132WH4T9'","MBS","FHLMCGLD 3% 11/46","30yr",,,,,"388677.07",,,,,,""
"2021-08-11","'3131X7NB0'","MBS","UMBS MORTPASS 2.5% 03/22","Other",,,,,"388508.48",,,,,,""
"2021-08-11","'36296YZU9'","MBS","GNMA I 4.5% 11/39","30yr",,,,,"388453.09",,,,,,""
"2021-08-11","'3138X1LU8'","MBS","UMBS MORTPASS 3% 08/28","15yr",,,,,"388387.84",,,,,,""
"2021-08-11","'36296V3F3'","MBS","GNMA I 3.5% 11/40","30yr",,,,,"388269.32",,,,,,""
"2021-08-11","'3138WU6X6'","MBS","UMBS MORTPASS 3% 06/28","15yr",,,,,"388211.95",,,,,,""
"2021-08-11","'3138X9YR4'","MBS","UMBS MORTPASS 3% 08/29","15yr",,,,,"388116",,,,,,""
"2021-08-11","'3140X6AE1'","MBS","UMBS MORTPASS 2% 03/33","15yr",,,,,"388111.25",,,,,,""
"2021-08-11","'3138YVTF6'","MBS","UMBS MORTPASS 3% 06/30","15yr",,,,,"388068.65",,,,,,""
"2021-08-11","'3138XQQN4'","MBS","UMBS MORTPASS 4% 03/44","30yr",,,,,"387984.46",,,,,,""
"2021-08-11","'3132A86N4'","MBS","UMBS MORTPASS 2.5% 03/28","15yr",,,,,"387970.97",,,,,,""
"2021-08-11","'3140F2UB4'","MBS","UMBS MORTPASS 3% 06/31","15yr",,,,,"387889.79",,,,,,""
"2021-08-11","'3140E0PU3'","MBS","UMBS MORTPASS 3% 08/30","15yr",,,,,"387887.81",,,,,,""
"2021-08-11","'3132J6RC0'","MBS","FHLMCGLD 3.5% 02/43","30yr",,,,,"387885.01",,,,,,""
"2021-08-11","'3140QCS31'","MBS","UMBS MORTPASS 3% 04/33","15yr",,,,,"387836.84",,,,,,""
"2021-08-11","'3140HPNT0'","MBS","UMBS MORTPASS 4% 08/33","15yr",,,,,"387827.1",,,,,,""
"2021-08-11","'3140JG2G9'","MBS","UMBS MORTPASS 4.5% 05/49","30yr",,,,,"387763.92",,,,,,""
"2021-08-11","'3138ETSK3'","MBS","UMBS MORTPASS 2% 06/26","Other",,,,,"387735.64",,,,,,""
"2021-08-11","'3138XF5W1'","MBS","UMBS MORTPASS 3% 01/29","15yr",,,,,"387591.5",,,,,,""
"2021-08-11","'3138XNCJ5'","MBS","UMBS MORTPASS 4.5% 02/44","30yr",,,,,"387568.45",,,,,,""
"2021-08-11","'3138YDF20'","MBS","UMBS MORTPASS 3.5% 12/29","15yr",,,,,"387456.23",,,,,,""
"2021-08-11","'3140KUP48'","MBS","UMBS MORTPASS 1.5% 11/50","30yr",,,,,"387438.3",,,,,,""
"2021-08-11","'3620A7D28'","MBS","GNMA I 4.5% 11/39","30yr",,,,,"387437.84",,,,,,""
"2021-08-11","'3128MEBV2'","MBS","FHLMCGLD 3% 12/29","15yr",,,,,"387364.57",,,,,,""
"2021-08-11","'36297DBA4'","MBS","GNMA I 4.5% 04/39","30yr",,,,,"387235.5",,,,,,""
"2021-08-11","'3132A7TH4'","MBS","UMBS MORTPASS 2.5% 11/23","Other",,,,,"387092.79",,,,,,""
"2021-08-11","'3132ADT99'","MBS","UMBS MORTPASS 3.5% 02/48","30yr",,,,,"386926.03",,,,,,""
"2021-08-11","'3138XK2A1'","MBS","UMBS MORTPASS 4.5% 01/44","30yr",,,,,"386860.9",,,,,,""
"2021-08-11","'3132M7EB0'","MBS","FHLMCGLD 3.5% 06/44","30yr",,,,,"386633.5",,,,,,""
"2021-08-11","'3138E5CE6'","MBS","UMBS MORTPASS 3% 02/27","15yr",,,,,"386420.59",,,,,,""
"2021-08-11","'31417CPC3'","MBS","UMBS MORTPASS 2% 08/27","15yr",,,,,"386295.94",,,,,,""
"2021-08-11","'3140JVR46'","MBS","UMBS MORTPASS 3.5% 09/49","30yr",,,,,"386235.74",,,,,,""
"2021-08-11","'3132A9PR2'","MBS","UMBS MORTPASS 3% 07/29","15yr",,,,,"386082.02",,,,,,""
"2021-08-11","'3140JUTG9'","MBS","UMBS MORTPASS 4.5% 06/49","30yr",,,,,"386060.33",,,,,,""
"2021-08-11","'3132WDHP2'","MBS","FHLMCGLD 4.5% 02/46","30yr",,,,,"386049.4",,,,,,""
"2021-08-11","'3140HJV57'","MBS","UMBS MORTPASS 3.5% 05/48","30yr",,,,,"385817.66",,,,,,""
"2021-08-11","'31417S2D1'","MBS","UMBS MORTPASS 4% 11/24","15yr",,,,,"385770.45",,,,,,""
"2021-08-11","'3138WSY69'","MBS","UMBS MORTPASS 3% 06/28","15yr",,,,,"385710.65",,,,,,""
"2021-08-11","'3138LYLP0'","MBS","UMBS MORTPASS 3% 08/27","15yr",,,,,"385496.45",,,,,,""
"2021-08-11","'3138AUER4'","MBS","UMBS MORTPASS 3% 01/27","15yr",,,,,"385277.75",,,,,,""
"2021-08-11","'3138YYKB8'","MBS","UMBS MORTPASS 3% 11/30","15yr",,,,,"385235.97",,,,,,""
"2021-08-11","'3138EQZS4'","MBS","UMBS MORTPASS 3.5% 01/46","30yr",,,,,"385168.39",,,,,,""
"2021-08-11","'3138MKMS2'","MBS","UMBS MORTPASS 2.5% 07/28","15yr",,,,,"385074.62",,,,,,""
"2021-08-11","'3132J9Q27'","MBS","FHLMCGLD 3% 05/43","30yr",,,,,"385002.96",,,,,,""
"2021-08-11","'3140FMMP8'","MBS","UMBS MORTPASS 2.5% 11/31","15yr",,,,,"384729.99",,,,,,""
"2021-08-11","'31307C7L6'","MBS","FHLMCGLD 2% 07/28","15yr",,,,,"384607.65",,,,,,""
"2021-08-11","'3620AC6T6'","MBS","GNMA I MORTPASS 5% 10/39","30yr",,,,,"384360.81",,,,,,""
"2021-08-11","'3140H6MZ9'","MBS","UMBS MORTPASS 3% 03/48","30yr",,,,,"384123.88",,,,,,""
"2021-08-11","'3140FR5K7'","MBS","UMBS MORTPASS 3.5% 04/32","15yr",,,,,"384018.85",,,,,,""
"2021-08-11","'3620AC4P6'","MBS","GNMA I 4.5% 09/39","30yr",,,,,"383965.07",,,,,,""
"2021-08-11","'31413CRZ4'","MBS","UMBS MORTPASS 4% 11/40","30yr",,,,,"383941.93",,,,,,""
"2021-08-11","'3132MAXC0'","MBS","FHLMCGLD 3.5% 11/44","30yr",,,,,"383889.17",,,,,,""
"2021-08-11","'36296XSV7'","MBS","GNMA I MORTPASS 5% 03/39","30yr",,,,,"383868.79",,,,,,""
"2021-08-11","'31417AJE0'","MBS","UMBS MORTPASS 3% 11/26","15yr",,,,,"383499.81",,,,,,""
"2021-08-11","'3128PST49'","MBS","FHLMCGLD 3.5% 10/25","15yr",,,,,"383493.37",,,,,,""
"2021-08-11","'36177N2D1'","MBS","GNMA I MORTPASS 4% 02/42","30yr",,,,,"383439.98",,,,,,""
"2021-08-11","'36179N5U8'","MBS","GNMA II MORTPASS 3% 03/44","30yr",,,,,"383324.31",,,,,,""
"2021-08-11","'3131X7C48'","MBS","UMBS MORTPASS 3% 11/26","15yr",,,,,"383322.88",,,,,,""
"2021-08-11","'3133KHB47'","MBS","UMBS MORTPASS 3% 12/49","30yr",,,,,"383317.84",,,,,,""
"2021-08-11","'31307VME3'","MBS","FHLMCGLD 3.5% 01/33","15yr",,,,,"383262.14",,,,,,""
"2021-08-11","'3140FMFQ4'","MBS","UMBS MORTPASS 2.5% 01/32","15yr",,,,,"383205.04",,,,,,""
"2021-08-11","'3131X7Q92'","MBS","UMBS MORTPASS 2.5% 04/27","15yr",,,,,"383190.48",,,,,,""
"2021-08-11","'31418CUD4'","MBS","UMBS MORTPASS 3% 02/38","Other",,,,,"383164.62",,,,,,""
"2021-08-11","'3140Q8DA0'","MBS","UMBS MORTPASS 3.5% 01/48","30yr",,,,,"383121.62",,,,,,""
"2021-08-11","'36176DQM8'","MBS","GNMA I 3.5% 12/41","30yr",,,,,"382964.49",,,,,,""
"2021-08-11","'3620ABC20'","MBS","GNMA I MORTPASS 5% 11/39","30yr",,,,,"382652.04",,,,,,""
"2021-08-11","'3140EWBT1'","MBS","UMBS MORTPASS 3% 05/46","30yr",,,,,"382642.64",,,,,,""
"2021-08-11","'31412RK55'","MBS","UMBS MORTPASS 3% 10/25","15yr",,,,,"382534.41",,,,,,""
"2021-08-11","'3140GPJW9'","MBS","UMBS MORTPASS 3.5% 05/32","15yr",,,,,"382502.98",,,,,,""
"2021-08-11","'3132DV5T8'","MBS","UMBS MORTPASS 4% 04/50","30yr",,,,,"382481.38",,,,,,""
"2021-08-11","'3138MPXH3'","MBS","UMBS MORTPASS 2.5% 12/22","Other",,,,,"382319.22",,,,,,""
"2021-08-11","'3131X7E20'","MBS","UMBS MORTPASS 3% 12/26","15yr",,,,,"382299.46",,,,,,""
"2021-08-11","'3131X8YZ3'","MBS","UMBS MORTPASS 2.5% 04/28","15yr",,,,,"382299.26",,,,,,""
"2021-08-11","'3140FHYM3'","MBS","UMBS MORTPASS 2.5% 10/31","15yr",,,,,"382189.61",,,,,,""
"2021-08-11","'3140HNWW8'","MBS","UMBS MORTPASS 4.5% 06/49","30yr",,,,,"382177.06",,,,,,""
"2021-08-11","'3140Q9ZK2'","MBS","UMBS MORTPASS 3% 07/33","15yr",,,,,"382094.07",,,,,,""
"2021-08-11","'31417DQ97'","MBS","UMBS MORTPASS 2.5% 11/27","15yr",,,,,"382035.07",,,,,,""
"2021-08-11","'3132WKGY8'","MBS","FHLMCGLD 3.5% 01/47","30yr",,,,,"382019.43",,,,,,""
"2021-08-11","'36296LM80'","MBS","GNMA I MORTPASS 4% 04/39","30yr",,,,,"381831.53",,,,,,""
"2021-08-11","'3138XKWA8'","MBS","UMBS MORTPASS 3% 12/28","15yr",,,,,"381815.33",,,,,,""
"2021-08-11","'3138XGQA4'","MBS","UMBS MORTPASS 3% 11/28","15yr",,,,,"381803.76",,,,,,""
"2021-08-11","'3138WEMY2'","MBS","UMBS MORTPASS 3% 04/30","15yr",,,,,"381643.92",,,,,,""
"2021-08-11","'31307HNW3'","MBS","FHLMCGLD 3% 06/29","15yr",,,,,"381428.94",,,,,,""
"2021-08-11","'3140HJRW3'","MBS","UMBS MORTPASS 3% 06/33","15yr",,,,,"381392.05",,,,,,""
"2021-08-11","'3138M8SC8'","MBS","UMBS MORTPASS 2.5% 09/27","15yr",,,,,"381306.46",,,,,,""
"2021-08-11","'3138EPBH6'","MBS","UMBS MORTPASS 2.5% 11/24","Other",,,,,"381292.73",,,,,,""
"2021-08-11","'31418AT24'","MBS","UMBS MORTPASS 2.5% 06/28","15yr",,,,,"381048.61",,,,,,""
"2021-08-11","'3140HBXR4'","MBS","UMBS MORTPASS 4.5% 09/49","30yr",,,,,"380894.59",,,,,,""
"2021-08-11","'3138W9U24'","MBS","UMBS MORTPASS 1.5% 07/28","15yr",,,,,"380814.76",,,,,,""
"2021-08-11","'3138XSDG9'","MBS","UMBS MORTPASS 4% 03/44","30yr",,,,,"380712.03",,,,,,""
"2021-08-11","'3140E4UB1'","MBS","UMBS MORTPASS 3.5% 03/31","15yr",,,,,"380627.42",,,,,,""
"2021-08-11","'3140JY2X3'","MBS","UMBS MORTPASS 3.5% 12/49","30yr",,,,,"380598.94",,,,,,""
"2021-08-11","'3138X7D26'","MBS","UMBS MORTPASS 3% 09/28","15yr",,,,,"380467.4",,,,,,""
"2021-08-11","'3140J83S0'","MBS","UMBS MORTPASS 2.5% 08/28","15yr",,,,,"380399.74",,,,,,""
"2021-08-11","'31307FYY1'","MBS","FHLMCGLD 3% 01/29","15yr",,,,,"380396.89",,,,,,""
"2021-08-11","'3138XPQQ9'","MBS","UMBS MORTPASS 3% 02/29","15yr",,,,,"380369.64",,,,,,""
"2021-08-11","'3138WEKF5'","MBS","UMBS MORTPASS 3.5% 04/45","30yr",,,,,"380325.04",,,,,,""
"2021-08-11","'3138E8TY8'","MBS","UMBS MORTPASS 2% 03/28","15yr",,,,,"380292.6",,,,,,""
"2021-08-11","'3138ELP31'","MBS","UMBS MORTPASS 2.5% 12/22","Other",,,,,"380128.42",,,,,,""
"2021-08-11","'36176RC91'","MBS","GNMA I MORTPASS 4% 10/41","30yr",,,,,"380102.07",,,,,,""
"2021-08-11","'3138XHTP6'","MBS","UMBS MORTPASS 3% 11/28","15yr",,,,,"379996.25",,,,,,""
"2021-08-11","'3140HDYK4'","MBS","UMBS MORTPASS 2.5% 02/35","15yr",,,,,"379912.87",,,,,,""
"2021-08-11","'31307GGS2'","MBS","FHLMCGLD 3.5% 02/29","15yr",,,,,"379893.7",,,,,,""
"2021-08-11","'3140E8NW4'","MBS","UMBS MORTPASS 2.5% 02/31","15yr",,,,,"379847.8",,,,,,""
"2021-08-11","'3132A9NM5'","MBS","UMBS MORTPASS 3% 08/28","15yr",,,,,"379792.2",,,,,,""
"2021-08-11","'3140Q8GH2'","MBS","UMBS MORTPASS 3% 01/33","15yr",,,,,"379723.58",,,,,,""
"2021-08-11","'31418CWW0'","MBS","UMBS MORTPASS 3.5% 05/38","Other",,,,,"379532.11",,,,,,""
"2021-08-11","'31307JVT7'","MBS","FHLMCGLD 2.5% 10/29","15yr",,,,,"379510.75",,,,,,""
"2021-08-11","'3140E6ZM7'","MBS","UMBS MORTPASS 2.5% 10/30","15yr",,,,,"379388.83",,,,,,""
"2021-08-11","'3138WH3T7'","MBS","UMBS MORTPASS 2.5% 10/31","15yr",,,,,"379294.42",,,,,,""
"2021-08-11","'3140JXJX7'","MBS","UMBS MORTPASS 3.5% 09/49","30yr",,,,,"379266.55",,,,,,""
"2021-08-11","'36176SKQ2'","MBS","GNMA I MORTPASS 4% 11/41","30yr",,,,,"379239.48",,,,,,""
"2021-08-11","'31307MN36'","MBS","FHLMCGLD 3% 04/30","15yr",,,,,"379218.47",,,,,,""
"2021-08-11","'3140HAS50'","MBS","UMBS MORTPASS 3% 01/33","15yr",,,,,"379149.48",,,,,,""
"2021-08-11","'3138E54S4'","MBS","UMBS MORTPASS 2.5% 06/27","15yr",,,,,"379070.06",,,,,,""
"2021-08-11","'3132QULD3'","MBS","FHLMCGLD 3.5% 11/45","30yr",,,,,"379050.93",,,,,,""
"2021-08-11","'36179JAU1'","MBS","GNMA I MORTPASS 3% 01/43","30yr",,,,,"378805.85",,,,,,""
"2021-08-11","'3133G6FL4'","MBS","UMBS MORTPASS 2.5% 06/34","15yr",,,,,"378587.13",,,,,,""
"2021-08-11","'36176VWL3'","MBS","GNMA I 3.5% 02/42","30yr",,,,,"378543.99",,,,,,""
"2021-08-11","'3138EKMJ1'","MBS","UMBS MORTPASS 3% 02/28","15yr",,,,,"378233.17",,,,,,""
"2021-08-11","'3138MDNP3'","MBS","UMBS MORTPASS 2.5% 09/27","15yr",,,,,"378059.74",,,,,,""
"2021-08-11","'3132QUEH2'","MBS","FHLMCGLD 3.5% 11/45","30yr",,,,,"378022.77",,,,,,""
"2021-08-11","'3138WKXB6'","MBS","UMBS MORTPASS 3.5% 05/47","30yr",,,,,"378013.57",,,,,,""
"2021-08-11","'31307NVF8'","MBS","FHLMCGLD 3% 08/30","15yr",,,,,"378005.76",,,,,,""
"2021-08-11","'3138X7L35'","MBS","UMBS MORTPASS 3% 10/28","15yr",,,,,"377966.46",,,,,,""
"2021-08-11","'3131XXKC4'","MBS","UMBS MORTPASS 3% 08/47","30yr",,,,,"377953.88",,,,,,""
"2021-08-11","'36179EJA7'","MBS","GNMA I MORTPASS 3% 02/43","30yr",,,,,"377952.76",,,,,,""
"2021-08-11","'3131X7KE7'","MBS","UMBS MORTPASS 3% 02/27","15yr",,,,,"377896.04",,,,,,""
"2021-08-11","'3138WWUX5'","MBS","UMBS MORTPASS 3% 08/28","15yr",,,,,"377793.78",,,,,,""
"2021-08-11","'3138XR3S6'","MBS","UMBS MORTPASS 3% 06/29","15yr",,,,,"377783.41",,,,,,""
"2021-08-11","'3138X9MT3'","MBS","UMBS MORTPASS 2.5% 11/28","15yr",,,,,"377596.23",,,,,,""
"2021-08-11","'3131X8FW1'","MBS","UMBS MORTPASS 2.5% 11/27","15yr",,,,,"377392.74",,,,,,""
"2021-08-11","'36297CZW2'","MBS","GNMA I MORTPASS 5% 02/39","30yr",,,,,"377306.81",,,,,,""
"2021-08-11","'3140F12J0'","MBS","UMBS MORTPASS 2.5% 07/31","15yr",,,,,"377287.87",,,,,,""
"2021-08-11","'3138YDV89'","MBS","UMBS MORTPASS 3.5% 12/44","30yr",,,,,"377245.3",,,,,,""
"2021-08-11","'3138MKMD5'","MBS","UMBS MORTPASS 3% 06/28","15yr",,,,,"377130.31",,,,,,""
"2021-08-11","'3132M9J21'","MBS","FHLMCGLD 3.5% 09/44","30yr",,,,,"377113.66",,,,,,""
"2021-08-11","'3138WZWT5'","MBS","UMBS MORTPASS 3% 07/28","15yr",,,,,"377109.26",,,,,,""
"2021-08-11","'31307NG24'","MBS","FHLMCGLD 2.5% 06/30","15yr",,,,,"377084.83",,,,,,""
"2021-08-11","'31307F5E7'","MBS","FHLMCGLD 3% 01/29","15yr",,,,,"377020.6",,,,,,""
"2021-08-11","'3138YKCL5'","MBS","UMBS MORTPASS 3% 01/30","15yr",,,,,"376845.8",,,,,,""
"2021-08-11","'3131X77A0'","MBS","UMBS MORTPASS 2.5% 09/27","15yr",,,,,"376656.6",,,,,,""
"2021-08-11","'36297JGZ1'","MBS","GNMA I 4.5% 03/39","30yr",,,,,"376609.41",,,,,,""
"2021-08-11","'31418BVM5'","MBS","UMBS MORTPASS 3% 10/25","Other",,,,,"376460.23",,,,,,""
"2021-08-11","'3138XMAJ9'","MBS","UMBS MORTPASS 4.5% 02/44","30yr",,,,,"376407.9",,,,,,""
"2021-08-11","'3131YCYB6'","MBS","UMBS MORTPASS 3.5% 05/49","30yr",,,,,"376398.91",,,,,,""
"2021-08-11","'31417G5C6'","MBS","UMBS MORTPASS 2% 07/28","15yr",,,,,"376247.91",,,,,,""
"2021-08-11","'3132A7LM1'","MBS","UMBS MORTPASS 2.5% 11/22","Other",,,,,"376243.96",,,,,,""
"2021-08-11","'31418BXT8'","MBS","UMBS MORTPASS 2.5% 12/30","15yr",,,,,"375906.71",,,,,,""
"2021-08-11","'3140F3MJ4'","MBS","UMBS MORTPASS 2% 05/31","15yr",,,,,"375863.72",,,,,,""
"2021-08-11","'3131YDG40'","MBS","UMBS MORTPASS 3% 06/34","15yr",,,,,"375790.65",,,,,,""
"2021-08-11","'31418CVG6'","MBS","UMBS MORTPASS 2.5% 03/28","Other",,,,,"375787.32",,,,,,""
"2021-08-11","'3132QUC84'","MBS","FHLMCGLD 3% 11/45","30yr",,,,,"375664.06",,,,,,""
"2021-08-11","'3138XHTS0'","MBS","UMBS MORTPASS 3% 12/28","15yr",,,,,"375586.51",,,,,,""
"2021-08-11","'31417C5P6'","MBS","UMBS MORTPASS 2.5% 09/22","Other",,,,,"375555.84",,,,,,""
"2021-08-11","'3138AXE31'","MBS","UMBS MORTPASS 3% 12/26","15yr",,,,,"375516.19",,,,,,""
"2021-08-11","'3620AAM62'","MBS","GNMA I 4.5% 12/39","30yr",,,,,"375507.14",,,,,,""
"2021-08-11","'31417FRF7'","MBS","UMBS MORTPASS 2% 03/28","15yr",,,,,"375326.74",,,,,,""
"2021-08-11","'36297BEN7'","MBS","GNMA I 4.5% 05/39","30yr",,,,,"375273.9",,,,,,""
"2021-08-11","'31417T3A4'","MBS","UMBS MORTPASS 6% 11/39","30yr",,,,,"375162.79",,,,,,""
"2021-08-11","'3620A7PT6'","MBS","GNMA I MORTPASS 5% 10/39","30yr",,,,,"375008.37",,,,,,""
"2021-08-11","'3140E9WM4'","MBS","UMBS MORTPASS 3% 12/45","30yr",,,,,"374958.78",,,,,,""
"2021-08-11","'3140KEG28'","MBS","UMBS MORTPASS 1.5% 07/35","15yr",,,,,"374957.89",,,,,,""
"2021-08-11","'3138WTSQ0'","MBS","UMBS MORTPASS 2.5% 06/28","15yr",,,,,"374952.81",,,,,,""
"2021-08-11","'3133A2U81'","MBS","UMBS MORTPASS 2.5% 02/50","30yr",,,,,"374481.85",,,,,,""
"2021-08-11","'3140HED82'","MBS","UMBS MORTPASS 2.5% 02/33","15yr",,,,,"374133.28",,,,,,""
"2021-08-11","'36178QLW0'","MBS","GNMA I MORTPASS 3% 04/43","30yr",,,,,"374126.78",,,,,,""
"2021-08-11","'3140KNKN7'","MBS","UMBS MORTPASS 2% 10/50","30yr",,,,,"374044.82",,,,,,""
"2021-08-11","'3133GAVX1'","MBS","UMBS MORTPASS 1.5% 11/35","15yr",,,,,"373911.46",,,,,,""
"2021-08-11","'3140H4AW4'","MBS","UMBS MORTPASS 2.5% 04/33","15yr",,,,,"373858.32",,,,,,""
"2021-08-11","'3132QNFY0'","MBS","FHLMCGLD 3.5% 03/45","30yr",,,,,"373806.32",,,,,,""
"2021-08-11","'3138WWRW1'","MBS","UMBS MORTPASS 3% 06/28","15yr",,,,,"373680.32",,,,,,""
"2021-08-11","'3132QRMU1'","MBS","FHLMCGLD 3.5% 07/45","30yr",,,,,"373637.07",,,,,,""
"2021-08-11","'3131X8C38'","MBS","UMBS MORTPASS 2.5% 10/27","15yr",,,,,"373572.58",,,,,,""
"2021-08-11","'3138WFER3'","MBS","UMBS MORTPASS 2.5% 08/25","Other",,,,,"373521.7",,,,,,""
"2021-08-11","'36295CGS4'","MBS","GNMA I MORTPASS 3% 01/43","30yr",,,,,"373434.3",,,,,,""
"2021-08-11","'3132QMFJ5'","MBS","FHLMCGLD 4% 02/45","30yr",,,,,"373362.62",,,,,,""
"2021-08-11","'31418DDU3'","MBS","UMBS MORTPASS 2.5% 05/39","Other",,,,,"373276.66",,,,,,""
"2021-08-11","'36290QPL3'","MBS","GNMA I MORTPASS 3% 01/43","30yr",,,,,"373191.25",,,,,,""
"2021-08-11","'312943FX6'","MBS","FHLMCGLD 3.5% 01/41","30yr",,,,,"372919.49",,,,,,""
"2021-08-11","'3138EKXG5'","MBS","UMBS MORTPASS 2.5% 03/28","15yr",,,,,"372892.04",,,,,,""
"2021-08-11","'3140E42J5'","MBS","UMBS MORTPASS 3% 09/30","15yr",,,,,"372699.25",,,,,,""
"2021-08-11","'36297FJS2'","MBS","GNMA I MORTPASS 4% 09/39","30yr",,,,,"372629.06",,,,,,""
"2021-08-11","'3140JYPZ3'","MBS","UMBS MORTPASS 4% 10/49","30yr",,,,,"372576.47",,,,,,""
"2021-08-11","'3138XBP57'","MBS","UMBS MORTPASS 3% 10/28","15yr",,,,,"372536.64",,,,,,""
"2021-08-11","'3138AXWN7'","MBS","UMBS MORTPASS 3% 12/26","15yr",,,,,"372441.69",,,,,,""
"2021-08-11","'3138XLFM9'","MBS","UMBS MORTPASS 3.5% 02/29","15yr",,,,,"372344.37",,,,,,""
"2021-08-11","'3140EWGM1'","MBS","UMBS MORTPASS 2.5% 05/31","15yr",,,,,"372296.04",,,,,,""
"2021-08-11","'3131Y7AR8'","MBS","UMBS MORTPASS 3.5% 10/33","15yr",,,,,"372295.19",,,,,,""
"2021-08-11","'3140FRUD5'","MBS","UMBS MORTPASS 3% 02/32","15yr",,,,,"372098.33",,,,,,""
"2021-08-11","'3620A5XZ7'","MBS","GNMA I MORTPASS 5% 10/39","30yr",,,,,"371894.55",,,,,,""
"2021-08-11","'36178QGW6'","MBS","GNMA I MORTPASS 3% 11/42","30yr",,,,,"371785.89",,,,,,""
"2021-08-11","'3138YLE31'","MBS","UMBS MORTPASS 3% 04/45","30yr",,,,,"371720.25",,,,,,""
"2021-08-11","'3138M7P90'","MBS","UMBS MORTPASS 3% 08/27","15yr",,,,,"371713.57",,,,,,""
"2021-08-11","'3140L26K4'","MBS","UMBS MORTPASS 1.5% 03/51","30yr",,,,,"371696.24",,,,,,""
"2021-08-11","'36178VB42'","MBS","GNMA I MORTPASS 3% 01/43","30yr",,,,,"371662.62",,,,,,""
"2021-08-11","'3132QRES5'","MBS","FHLMCGLD 3.5% 07/45","30yr",,,,,"371655.55",,,,,,""
"2021-08-11","'3138MNNV8'","MBS","UMBS MORTPASS 2.5% 11/22","Other",,,,,"371639.18",,,,,,""
"2021-08-11","'36202FB47'","MBS","GNMA II MORTPASS 5% 10/39","30yr",,,,,"371488.51",,,,,,""
"2021-08-11","'3131X7PN2'","MBS","UMBS MORTPASS 3% 04/27","15yr",,,,,"371448.78",,,,,,""
"2021-08-11","'31307JV91'","MBS","FHLMCGLD 2.5% 10/29","15yr",,,,,"371419.35",,,,,,""
"2021-08-11","'3140H5NA5'","MBS","UMBS MORTPASS 3.5% 02/48","30yr",,,,,"371369.64",,,,,,""
"2021-08-11","'3138XSCT2'","MBS","UMBS MORTPASS 3.5% 03/29","15yr",,,,,"371356.17",,,,,,""
"2021-08-11","'3138XS3U9'","MBS","UMBS MORTPASS 3.5% 06/29","15yr",,,,,"371288.58",,,,,,""
"2021-08-11","'3140JPMQ5'","MBS","UMBS MORTPASS 3% 05/34","15yr",,,,,"371261.08",,,,,,""
"2021-08-11","'36179TV36'","MBS","GNMA II 2.5% 04/48","30yr",,,,,"371231.01",,,,,,""
"2021-08-11","'3138MKM86'","MBS","UMBS MORTPASS 3% 10/28","15yr",,,,,"371194.69",,,,,,""
"2021-08-11","'36176WRE3'","MBS","GNMA I 3.5% 08/42","30yr",,,,,"371157.45",,,,,,""
"2021-08-11","'31418AYK8'","MBS","UMBS MORTPASS 2.5% 09/28","15yr",,,,,"371115.55",,,,,,""
"2021-08-11","'3140GQZJ8'","MBS","UMBS MORTPASS 3% 07/32","15yr",,,,,"371064.9",,,,,,""
"2021-08-11","'3133A3AF5'","MBS","UMBS MORTPASS 2.5% 03/50","30yr",,,,,"371005.02",,,,,,""
"2021-08-11","'36176YAB3'","MBS","GNMA I MORTPASS 4% 10/41","30yr",,,,,"370956.26",,,,,,""
"2021-08-11","'3132A8VW6'","MBS","UMBS MORTPASS 3% 02/32","15yr",,,,,"370923.8",,,,,,""
"2021-08-11","'3140JRNL1'","MBS","UMBS MORTPASS 4% 04/49","30yr",,,,,"370756.07",,,,,,""
"2021-08-11","'3131X9WA8'","MBS","UMBS MORTPASS 2% 09/23","Other",,,,,"370518.94",,,,,,""
"2021-08-11","'3138E8KQ4'","MBS","UMBS MORTPASS 3% 03/27","15yr",,,,,"370509.07",,,,,,""
"2021-08-11","'31418CFF6'","MBS","UMBS MORTPASS 2.5% 01/37","Other",,,,,"370210.57",,,,,,""
"2021-08-11","'3138X1R81'","MBS","UMBS MORTPASS 3% 12/28","15yr",,,,,"370175.48",,,,,,""
"2021-08-11","'3138E8TZ5'","MBS","UMBS MORTPASS 2% 03/28","15yr",,,,,"370112.03",,,,,,""
"2021-08-11","'36179JM61'","MBS","GNMA I MORTPASS 3% 02/43","30yr",,,,,"369815.07",,,,,,""
"2021-08-11","'3138NWH85'","MBS","UMBS MORTPASS 3% 01/28","15yr",,,,,"369793.59",,,,,,""
"2021-08-11","'3138M0C32'","MBS","UMBS MORTPASS 2.5% 06/27","15yr",,,,,"369735.42",,,,,,""
"2021-08-11","'3620A9PL9'","MBS","GNMA I 4.5% 10/39","30yr",,,,,"369654.28",,,,,,""
"2021-08-11","'3138X6A21'","MBS","UMBS MORTPASS 3% 08/28","15yr",,,,,"369624.95",,,,,,""
"2021-08-11","'3138MKPG5'","MBS","UMBS MORTPASS 2.5% 10/27","15yr",,,,,"369558.66",,,,,,""
"2021-08-11","'3131YCUQ7'","MBS","UMBS MORTPASS 4% 05/49","30yr",,,,,"369463.84",,,,,,""
"2021-08-11","'3132GVKQ4'","MBS","FHLMCGLD 3% 08/42","30yr",,,,,"369264.72",,,,,,""
"2021-08-11","'3138WURR6'","MBS","UMBS MORTPASS 2.5% 09/28","15yr",,,,,"369098.64",,,,,,""
"2021-08-11","'31418CX74'","MBS","UMBS MORTPASS 3% 06/48","30yr",,,,,"369095.58",,,,,,""
"2021-08-11","'3138XUC75'","MBS","UMBS MORTPASS 3% 07/29","15yr",,,,,"369086.03",,,,,,""
"2021-08-11","'3129366W2'","MBS","FHLMCGLD 4.5% 11/39","30yr",,,,,"368979.32",,,,,,""
"2021-08-11","'3620ASNW5'","MBS","GNMA I MORTPASS 4% 07/41","30yr",,,,,"368853.81",,,,,,""
"2021-08-11","'36179EJK5'","MBS","GNMA I MORTPASS 3% 02/43","30yr",,,,,"368850.4",,,,,,""
"2021-08-11","'31411JFP6'","MBS","UMBS MORTPASS 5% 01/37","30yr",,,,,"368842.45",,,,,,""
"2021-08-11","'36179VMB3'","MBS","GNMA II MORTPASS 2% 05/50","30yr",,,,,"368751.23",,,,,,""
"2021-08-11","'3140E13Q4'","MBS","UMBS MORTPASS 2.5% 08/30","15yr",,,,,"368750.77",,,,,,""
"2021-08-11","'31307LT24'","MBS","FHLMCGLD 3% 02/30","15yr",,,,,"368572.28",,,,,,""
"2021-08-11","'3620AB4Q6'","MBS","GNMA I MORTPASS 5% 11/39","30yr",,,,,"368411.23",,,,,,""
"2021-08-11","'3128MMVC4'","MBS","FHLMCGLD 3.5% 08/31","15yr",,,,,"368300",,,,,,""
"2021-08-11","'36177T5Y9'","MBS","GNMA I MORTPASS 4% 05/42","30yr",,,,,"368143.81",,,,,,""
"2021-08-11","'3140X9YH2'","MBS","UMBS MORTPASS 2.5% 01/51","30yr",,,,,"368129.48",,,,,,""
"2021-08-11","'31417B5X1'","MBS","UMBS MORTPASS 3% 06/27","15yr",,,,,"367967.62",,,,,,""
"2021-08-11","'3131X7H92'","MBS","UMBS MORTPASS 2.5% 01/27","15yr",,,,,"367967.33",,,,,,""
"2021-08-11","'36230KVR9'","MBS","GNMA I 3.5% 03/42","30yr",,,,,"367867.63",,,,,,""
"2021-08-11","'3138XKWB6'","MBS","UMBS MORTPASS 3% 01/29","15yr",,,,,"367707.44",,,,,,""
"2021-08-11","'36180CRZ4'","MBS","GNMA I 3.5% 08/43","30yr",,,,,"367611.93",,,,,,""
"2021-08-11","'3140GXPS4'","MBS","UMBS MORTPASS 2.5% 12/32","15yr",,,,,"367593.88",,,,,,""
"2021-08-11","'31335BFN1'","MBS","FHLMCGLD 3% 07/47","30yr",,,,,"367563.5",,,,,,""
"2021-08-11","'3620AE2H2'","MBS","GNMA I 4.5% 12/39","30yr",,,,,"367548.78",,,,,,""
"2021-08-11","'3140H73P0'","MBS","UMBS MORTPASS 3% 02/33","15yr",,,,,"367456.76",,,,,,""
"2021-08-11","'3138Y7CM2'","MBS","UMBS MORTPASS 2.5% 09/30","15yr",,,,,"367409.54",,,,,,""
"2021-08-11","'3138M8XV0'","MBS","UMBS MORTPASS 3% 09/27","15yr",,,,,"367379.37",,,,,,""
"2021-08-11","'31307LJR0'","MBS","FHLMCGLD 2.5% 01/30","15yr",,,,,"367279.3",,,,,,""
"2021-08-11","'31307WCB8'","MBS","FHLMCGLD 3% 05/33","15yr",,,,,"367263",,,,,,""
"2021-08-11","'36180CYR4'","MBS","GNMA I 3.5% 01/43","30yr",,,,,"367183.51",,,,,,""
"2021-08-11","'3128KXWL1'","MBS","FHLMCGLD 6% 10/37","30yr",,,,,"367007.02",,,,,,""
"2021-08-11","'3138LS5H9'","MBS","UMBS MORTPASS 3% 06/27","15yr",,,,,"366956.46",,,,,,""
"2021-08-11","'3132QQSH6'","MBS","FHLMCGLD 3% 06/45","30yr",,,,,"366773.36",,,,,,""
"2021-08-11","'36178EQC6'","MBS","GNMA I 3.5% 10/42","30yr",,,,,"366658.86",,,,,,""
"2021-08-11","'36297DBK2'","MBS","GNMA I 4.5% 03/39","30yr",,,,,"366523.48",,,,,,""
"2021-08-11","'3138W0T74'","MBS","UMBS MORTPASS 2.5% 02/28","15yr",,,,,"366501.48",,,,,,""
"2021-08-11","'31329Q5V9'","MBS","UMBS MORTPASS 4.5% 06/49","30yr",,,,,"366326.61",,,,,,""
"2021-08-11","'3140HE4P4'","MBS","UMBS MORTPASS 3.5% 04/48","30yr",,,,,"366139.96",,,,,,""
"2021-08-11","'3140JPSH9'","MBS","UMBS MORTPASS 3.5% 03/49","30yr",,,,,"366129.75",,,,,,""
"2021-08-11","'3620A7B20'","MBS","GNMA I 4.5% 12/39","30yr",,,,,"366108.22",,,,,,""
"2021-08-11","'36179FYP4'","MBS","GNMA I MORTPASS 4% 08/43","30yr",,,,,"365993.92",,,,,,""
"2021-08-11","'3131XAC33'","MBS","UMBS MORTPASS 2.5% 01/24","Other",,,,,"365765.45",,,,,,""
"2021-08-11","'3620A6C47'","MBS","GNMA I 4.5% 07/39","30yr",,,,,"365656.97",,,,,,""
"2021-08-11","'3140HKL63'","MBS","UMBS MORTPASS 3.5% 05/33","15yr",,,,,"365522.83",,,,,,""
"2021-08-11","'3128PRAF6'","MBS","FHLMCGLD 4.5% 03/25","15yr",,,,,"365310.42",,,,,,""
"2021-08-11","'31307MWD4'","MBS","FHLMCGLD 2.5% 04/30","15yr",,,,,"365224.14",,,,,,""
"2021-08-11","'31339SP90'","MBS","UMBS MORTPASS 4% 08/49","30yr",,,,,"365050.8",,,,,,""
"2021-08-11","'3132MACM1'","MBS","FHLMCGLD 3.5% 10/44","30yr",,,,,"364950.99",,,,,,""
"2021-08-11","'3131Y2HD3'","MBS","UMBS MORTPASS 4% 07/48","30yr",,,,,"364904.68",,,,,,""
"2021-08-11","'3131X9GH1'","MBS","UMBS MORTPASS 2% 06/23","Other",,,,,"364671.76",,,,,,""
"2021-08-11","'31418CWV2'","MBS","UMBS MORTPASS 3% 04/38","Other",,,,,"364613.76",,,,,,""
"2021-08-11","'3138MMBA9'","MBS","UMBS MORTPASS 2.5% 11/27","15yr",,,,,"364585.18",,,,,,""
"2021-08-11","'3140JKZK5'","MBS","UMBS MORTPASS 3.5% 01/49","30yr",,,,,"364529",,,,,,""
"2021-08-11","'312938L27'","MBS","FHLMCGLD 4% 01/40","30yr",,,,,"364473.66",,,,,,""
"2021-08-11","'312939K42'","MBS","FHLMCGLD 5% 02/40","30yr",,,,,"364461.48",,,,,,""
"2021-08-11","'3138WBKF1'","MBS","UMBS MORTPASS 3% 03/24","Other",,,,,"364455.1",,,,,,""
"2021-08-11","'31307PBH1'","MBS","FHLMCGLD 2.5% 09/30","15yr",,,,,"364345.83",,,,,,""
"2021-08-11","'3138E0LD9'","MBS","UMBS MORTPASS 3% 01/27","15yr",,,,,"364223.04",,,,,,""
"2021-08-11","'3140FR5W1'","MBS","UMBS MORTPASS 3.5% 05/32","15yr",,,,,"364207.83",,,,,,""
"2021-08-11","'3620A5XP9'","MBS","GNMA I MORTPASS 5% 09/39","30yr",,,,,"364172.01",,,,,,""
"2021-08-11","'3140E9WF9'","MBS","UMBS MORTPASS 3.5% 01/46","30yr",,,,,"364071.8",,,,,,""
"2021-08-11","'36178CMZ3'","MBS","GNMA I MORTPASS 3% 07/42","30yr",,,,,"364009.87",,,,,,""
"2021-08-11","'3620AGB38'","MBS","GNMA I MORTPASS 5% 12/39","30yr",,,,,"363908.13",,,,,,""
"2021-08-11","'3138LRM74'","MBS","UMBS MORTPASS 2% 08/28","15yr",,,,,"363887.66",,,,,,""
"2021-08-11","'31335BNE2'","MBS","FHLMCGLD 4% 12/46","30yr",,,,,"363686.14",,,,,,""
"2021-08-11","'3138MHR21'","MBS","UMBS MORTPASS 3% 10/42","30yr",,,,,"363636.05",,,,,,""
"2021-08-11","'3140JMM33'","MBS","UMBS MORTPASS 3% 04/49","30yr",,,,,"363622.32",,,,,,""
"2021-08-11","'3138W7AJ3'","MBS","UMBS MORTPASS 2.5% 02/28","15yr",,,,,"363487.88",,,,,,""
"2021-08-11","'31407JDM1'","MBS","UMBS MORTPASS 6% 09/36","30yr",,,,,"363230.01",,,,,,""
"2021-08-11","'3132A8AL3'","MBS","UMBS MORTPASS 2.5% 07/25","Other",,,,,"362987.93",,,,,,""
"2021-08-11","'31410LFP2'","MBS","UMBS MORTPASS 2.5% 10/26","15yr",,,,,"362955.5",,,,,,""
"2021-08-11","'3620ABH74'","MBS","GNMA I 3.5% 06/42","30yr",,,,,"362824.84",,,,,,""
"2021-08-11","'3140H2DH8'","MBS","UMBS MORTPASS 3.5% 12/47","30yr",,,,,"362786.95",,,,,,""
"2021-08-11","'3620ACYM0'","MBS","GNMA I 3.5% 04/42","30yr",,,,,"362653.43",,,,,,""
"2021-08-11","'36177WJB7'","MBS","GNMA I 3.5% 05/42","30yr",,,,,"362491.27",,,,,,""
"2021-08-11","'3132WGRE9'","MBS","FHLMCGLD 4.5% 09/46","30yr",,,,,"362450.75",,,,,,""
"2021-08-11","'3138WD7F2'","MBS","UMBS MORTPASS 2.5% 03/30","15yr",,,,,"362418.81",,,,,,""
"2021-08-11","'3138W7BE3'","MBS","UMBS MORTPASS 3.5% 02/43","30yr",,,,,"362335.78",,,,,,""
"2021-08-11","'31418V4S8'","MBS","UMBS MORTPASS 3.5% 08/40","30yr",,,,,"362329.91",,,,,,""
"2021-08-11","'3138WFXX9'","MBS","UMBS MORTPASS 3% 10/30","15yr",,,,,"362263.22",,,,,,""
"2021-08-11","'3138YUHN4'","MBS","UMBS MORTPASS 3% 09/45","30yr",,,,,"362168.26",,,,,,""
"2021-08-11","'3138WCG98'","MBS","UMBS MORTPASS 3.5% 07/24","Other",,,,,"362081.24",,,,,,""
"2021-08-11","'3138Y3UU3'","MBS","UMBS MORTPASS 2.5% 09/29","15yr",,,,,"362028.84",,,,,,""
"2021-08-11","'3138XBVZ4'","MBS","UMBS MORTPASS 3% 11/28","15yr",,,,,"361950.16",,,,,,""
"2021-08-11","'3140JQTK9'","MBS","UMBS MORTPASS 3% 09/49","30yr",,,,,"361898.86",,,,,,""
"2021-08-11","'31307J4S9'","MBS","FHLMCGLD 3% 11/29","15yr",,,,,"361661",,,,,,""
"2021-08-11","'3138A92W3'","MBS","UMBS MORTPASS 3% 11/26","15yr",,,,,"361322.52",,,,,,""
"2021-08-11","'3138Y12B0'","MBS","UMBS MORTPASS 3% 08/29","15yr",,,,,"361310.43",,,,,,""
"2021-08-11","'3140JHSX2'","MBS","UMBS MORTPASS 3.5% 10/48","30yr",,,,,"361032.55",,,,,,""
"2021-08-11","'3138XKY57'","MBS","UMBS MORTPASS 3% 02/29","15yr",,,,,"360897.46",,,,,,""
"2021-08-11","'3131YCTU0'","MBS","UMBS MORTPASS 4.5% 05/49","30yr",,,,,"360835.48",,,,,,""
"2021-08-11","'3138LRMU3'","MBS","UMBS MORTPASS 2.5% 03/28","15yr",,,,,"360773.48",,,,,,""
"2021-08-11","'36176HTG9'","MBS","GNMA I 3.5% 05/42","30yr",,,,,"360613.06",,,,,,""
"2021-08-11","'3138W9JJ0'","MBS","UMBS MORTPASS 2% 08/23","Other",,,,,"360598.79",,,,,,""
"2021-08-11","'3133D3CE3'","MBS","UMBS MORTPASS 3% 09/39","Other",,,,,"360556.39",,,,,,""
"2021-08-11","'3138X5KK2'","MBS","UMBS MORTPASS 3.5% 10/28","15yr",,,,,"360518.59",,,,,,""
"2021-08-11","'3138AHC20'","MBS","UMBS MORTPASS 3.5% 12/40","30yr",,,,,"360510.83",,,,,,""
"2021-08-11","'3620ACMN1'","MBS","GNMA I MORTPASS 5% 01/40","30yr",,,,,"360395.38",,,,,,""
"2021-08-11","'31307AVT6'","MBS","FHLMCGLD 3% 02/28","15yr",,,,,"360246.02",,,,,,""
"2021-08-11","'3138YGDR0'","MBS","UMBS MORTPASS 3% 07/45","30yr",,,,,"360226.21",,,,,,""
"2021-08-11","'3138XPJU8'","MBS","UMBS MORTPASS 3% 03/29","15yr",,,,,"360186.18",,,,,,""
"2021-08-11","'3138E8X31'","MBS","UMBS MORTPASS 3% 04/27","15yr",,,,,"360184.96",,,,,,""
"2021-08-11","'31307TB67'","MBS","FHLMCGLD 2.5% 02/32","15yr",,,,,"359993.16",,,,,,""
"2021-08-11","'3138EPP81'","MBS","UMBS MORTPASS 3% 09/28","15yr",,,,,"359982.06",,,,,,""
"2021-08-11","'36178L5N9'","MBS","GNMA I MORTPASS 3% 10/42","30yr",,,,,"359729.42",,,,,,""
"2021-08-11","'3131XXZY0'","MBS","UMBS MORTPASS 4% 10/47","30yr",,,,,"359706.76",,,,,,""
"2021-08-11","'3132A7QQ7'","MBS","UMBS MORTPASS 2% 07/23","Other",,,,,"359637.19",,,,,,""
"2021-08-11","'3131X7VG0'","MBS","UMBS MORTPASS 2.5% 06/22","Other",,,,,"359617.77",,,,,,""
"2021-08-11","'31407JAL6'","MBS","UMBS MORTPASS 6.5% 09/26","Other",,,,,"359583.53",,,,,,""
"2021-08-11","'3140HAR36'","MBS","UMBS MORTPASS 3.5% 04/33","15yr",,,,,"359561.97",,,,,,""
"2021-08-11","'36177SGW3'","MBS","GNMA I 3.5% 05/42","30yr",,,,,"359535.28",,,,,,""
"2021-08-11","'3138EQV33'","MBS","UMBS MORTPASS 2.5% 06/29","15yr",,,,,"359445.92",,,,,,""
"2021-08-11","'3138ER7G9'","MBS","UMBS MORTPASS 2.5% 01/28","15yr",,,,,"359425.08",,,,,,""
"2021-08-11","'3131X8PK6'","MBS","UMBS MORTPASS 2.5% 02/28","15yr",,,,,"359325.52",,,,,,""
"2021-08-11","'31417GXS0'","MBS","UMBS MORTPASS 2% 06/23","Other",,,,,"359106.42",,,,,,""
"2021-08-11","'3138LTX60'","MBS","UMBS MORTPASS 3% 05/27","15yr",,,,,"359093.18",,,,,,""
"2021-08-11","'3132WPC96'","MBS","FHLMCGLD 3.5% 06/47","30yr",,,,,"359043.47",,,,,,""
"2021-08-11","'3140JG2Z7'","MBS","UMBS MORTPASS 3.5% 09/49","30yr",,,,,"358871.83",,,,,,""
"2021-08-11","'3138ECPR8'","MBS","UMBS MORTPASS 4% 02/42","30yr",,,,,"358842.44",,,,,,""
"2021-08-11","'3138MLCF9'","MBS","UMBS MORTPASS 3% 12/27","15yr",,,,,"358819.84",,,,,,""
"2021-08-11","'3140JTC62'","MBS","UMBS MORTPASS 3% 05/34","15yr",,,,,"358813.12",,,,,,""
"2021-08-11","'3138WJWW4'","MBS","UMBS MORTPASS 2.5% 02/32","15yr",,,,,"358473.47",,,,,,""
"2021-08-11","'31417MUT8'","MBS","UMBS MORTPASS 4.5% 10/24","15yr",,,,,"358396.09",,,,,,""
"2021-08-11","'31307G4K2'","MBS","FHLMCGLD 3.5% 04/29","15yr",,,,,"358357.67",,,,,,""
"2021-08-11","'3138XFHE8'","MBS","UMBS MORTPASS 3% 11/28","15yr",,,,,"358324.51",,,,,,""
"2021-08-11","'3131X9PU2'","MBS","UMBS MORTPASS 2% 08/23","Other",,,,,"358305.44",,,,,,""
"2021-08-11","'3138XPHR7'","MBS","UMBS MORTPASS 3% 02/29","15yr",,,,,"358298.32",,,,,,""
"2021-08-11","'3140Q8J97'","MBS","UMBS MORTPASS 3.5% 02/48","30yr",,,,,"357976.35",,,,,,""
"2021-08-11","'31418DXP2'","MBS","UMBS MORTPASS 2% 03/31","Other",,,,,"357799.31",,,,,,""
"2021-08-11","'3140X4VU7'","MBS","UMBS MORTPASS 3% 09/49","30yr",,,,,"357685.68",,,,,,""
"2021-08-11","'3132CWQB3'","MBS","UMBS MORTPASS 2% 12/35","15yr",,,,,"357075.5",,,,,,""
"2021-08-11","'31307HKX4'","MBS","FHLMCGLD 3.5% 06/29","15yr",,,,,"357021.47",,,,,,""
"2021-08-11","'36179KPZ1'","MBS","GNMA I 3.5% 01/43","30yr",,,,,"356943.85",,,,,,""
"2021-08-11","'3138Y1DK8'","MBS","UMBS MORTPASS 3.5% 09/29","15yr",,,,,"356870.74",,,,,,""
"2021-08-11","'3140QEBS0'","MBS","UMBS MORTPASS 2.5% 07/50","30yr",,,,,"356866.7",,,,,,""
"2021-08-11","'3140FQBR7'","MBS","UMBS MORTPASS 2.5% 01/32","15yr",,,,,"356828.71",,,,,,""
"2021-08-11","'36178SJ58'","MBS","GNMA I MORTPASS 4% 01/43","30yr",,,,,"356781.73",,,,,,""
"2021-08-11","'3132QRER7'","MBS","FHLMCGLD 3.5% 07/45","30yr",,,,,"356601.2",,,,,,""
"2021-08-11","'3132QP2R4'","MBS","FHLMCGLD 3.5% 04/45","30yr",,,,,"356567.93",,,,,,""
"2021-08-11","'3132GSXC8'","MBS","FHLMCGLD 4% 04/42","30yr",,,,,"356565.61",,,,,,""
"2021-08-11","'3138MKR65'","MBS","UMBS MORTPASS 4% 09/43","30yr",,,,,"356397.04",,,,,,""
"2021-08-11","'3132D6N48'","MBS","UMBS MORTPASS 2% 05/36","15yr",,,,,"356346.15",,,,,,""
"2021-08-11","'3140H5GN5'","MBS","UMBS MORTPASS 3% 01/33","15yr",,,,,"356318.27",,,,,,""
"2021-08-11","'3140E65M0'","MBS","UMBS MORTPASS 3.5% 11/45","30yr",,,,,"356201.41",,,,,,""
"2021-08-11","'3140FS5L3'","MBS","UMBS MORTPASS 3.5% 02/32","15yr",,,,,"356125.79",,,,,,""
"2021-08-11","'3138X72E2'","MBS","UMBS MORTPASS 3% 02/29","15yr",,,,,"356019.56",,,,,,""
"2021-08-11","'3131XCQ67'","MBS","UMBS MORTPASS 2% 01/27","Other",,,,,"355967.01",,,,,,""
"2021-08-11","'31417GG91'","MBS","UMBS MORTPASS 3% 05/28","15yr",,,,,"355759.22",,,,,,""
"2021-08-11","'3138WAHV2'","MBS","UMBS MORTPASS 2% 11/23","Other",,,,,"355741.63",,,,,,""
"2021-08-11","'31418BH33'","MBS","UMBS MORTPASS 3% 08/44","30yr",,,,,"355661.14",,,,,,""
"2021-08-11","'3140QFS91'","MBS","UMBS MORTPASS 2.5% 11/50","30yr",,,,,"355516.74",,,,,,""
"2021-08-11","'3128PSW86'","MBS","FHLMCGLD 4% 10/25","15yr",,,,,"355372.72",,,,,,""
"2021-08-11","'31415Y4Z9'","MBS","UMBS MORTPASS 6.5% 09/38","30yr",,,,,"355325.47",,,,,,""
"2021-08-11","'31412NUK0'","MBS","UMBS MORTPASS 4.5% 01/39","30yr",,,,,"355292.86",,,,,,""
"2021-08-11","'3138EH5Y4'","MBS","UMBS MORTPASS 3% 05/27","15yr",,,,,"355227.48",,,,,,""
"2021-08-11","'3140HMXY5'","MBS","UMBS MORTPASS 3% 10/33","15yr",,,,,"355182.36",,,,,,""
"2021-08-11","'3140J5KZ1'","MBS","UMBS MORTPASS 2% 01/24","Other",,,,,"355140.9",,,,,,""
"2021-08-11","'3138E5FP8'","MBS","UMBS MORTPASS 3% 01/27","15yr",,,,,"355113.62",,,,,,""
"2021-08-11","'31418DN40'","MBS","UMBS MORTPASS 2.5% 05/30","Other",,,,,"355105.4",,,,,,""
"2021-08-11","'3128PSJ40'","MBS","FHLMCGLD 4% 09/25","15yr",,,,,"355072.69",,,,,,""
"2021-08-11","'3140HEDV1'","MBS","UMBS MORTPASS 3% 02/33","15yr",,,,,"354844.59",,,,,,""
"2021-08-11","'3138M1XS2'","MBS","UMBS MORTPASS 2.5% 07/27","15yr",,,,,"354802.03",,,,,,""
"2021-08-11","'3140XTAA9'","MBS","UMBS MORTPASS 3% 11/27","15yr",,,,,"354706.04",,,,,,""
"2021-08-11","'31307RNK7'","MBS","FHLMCGLD 2.5% 08/31","15yr",,,,,"354656.13",,,,,,""
"2021-08-11","'3138WWZF9'","MBS","UMBS MORTPASS 2.5% 06/28","15yr",,,,,"354515.33",,,,,,""
"2021-08-11","'3140FF3C3'","MBS","UMBS MORTPASS 2.5% 09/31","15yr",,,,,"354391.26",,,,,,""
"2021-08-11","'3138XBSP0'","MBS","UMBS MORTPASS 3.5% 04/29","15yr",,,,,"354298.39",,,,,,""
"2021-08-11","'3132QNL56'","MBS","FHLMCGLD 3% 03/45","30yr",,,,,"354248.87",,,,,,""
"2021-08-11","'3138YGHC9'","MBS","UMBS MORTPASS 3% 03/45","30yr",,,,,"354142.78",,,,,,""
"2021-08-11","'3140JKZ66'","MBS","UMBS MORTPASS 3.5% 02/49","30yr",,,,,"354111.07",,,,,,""
"2021-08-11","'3140FHU88'","MBS","UMBS MORTPASS 2% 01/28","15yr",,,,,"354063.71",,,,,,""
"2021-08-11","'3128PTSV8'","MBS","FHLMCGLD 3.5% 01/26","15yr",,,,,"353991.64",,,,,,""
"2021-08-11","'312938JT1'","MBS","FHLMCGLD 4% 12/39","30yr",,,,,"353848.96",,,,,,""
"2021-08-11","'3138WEZS1'","MBS","UMBS MORTPASS 2.5% 01/30","15yr",,,,,"353843.68",,,,,,""
"2021-08-11","'31416MZV9'","MBS","UMBS MORTPASS 4% 04/39","30yr",,,,,"353788.08",,,,,,""
"2021-08-11","'3138X6GL3'","MBS","UMBS MORTPASS 3% 03/29","15yr",,,,,"353771.88",,,,,,""
"2021-08-11","'31307H6M4'","MBS","FHLMCGLD 3.5% 08/29","15yr",,,,,"353767.06",,,,,,""
"2021-08-11","'3131X8BM7'","MBS","UMBS MORTPASS 2.5% 10/27","15yr",,,,,"353691.5",,,,,,""
"2021-08-11","'3138WYCW3'","MBS","UMBS MORTPASS 2.5% 06/28","15yr",,,,,"353664.63",,,,,,""
"2021-08-11","'3131X8AG1'","MBS","UMBS MORTPASS 2.5% 10/22","Other",,,,,"353602.12",,,,,,""
"2021-08-11","'36297FWA6'","MBS","GNMA I 4.5% 09/39","30yr",,,,,"353506.68",,,,,,""
"2021-08-11","'36177U3S1'","MBS","GNMA I MORTPASS 3% 03/42","30yr",,,,,"353478.5",,,,,,""
"2021-08-11","'3138X5EE3'","MBS","UMBS MORTPASS 3% 08/28","15yr",,,,,"353133.1",,,,,,""
"2021-08-11","'3138X6R72'","MBS","UMBS MORTPASS 3% 09/28","15yr",,,,,"353014.2",,,,,,""
"2021-08-11","'3133AJCL5'","MBS","UMBS MORTPASS 1.5% 03/51","30yr",,,,,"353011.03",,,,,,""
"2021-08-11","'3138XFU37'","MBS","UMBS MORTPASS 4.5% 02/44","30yr",,,,,"352974.33",,,,,,""
"2021-08-11","'3128MEE49'","MBS","FHLMCGLD 2.5% 04/30","15yr",,,,,"352931.71",,,,,,""
"2021-08-11","'3140Q8VY8'","MBS","UMBS MORTPASS 3.5% 04/43","30yr",,,,,"352930.76",,,,,,""
"2021-08-11","'3133AAP63'","MBS","UMBS MORTPASS 2.5% 10/50","30yr",,,,,"352869.84",,,,,,""
"2021-08-11","'3133G66C4'","MBS","UMBS MORTPASS 3% 10/34","15yr",,,,,"352847.18",,,,,,""
"2021-08-11","'3140FHT98'","MBS","UMBS MORTPASS 2.5% 12/31","15yr",,,,,"352815.61",,,,,,""
"2021-08-11","'3138WWWE5'","MBS","UMBS MORTPASS 3% 06/28","15yr",,,,,"352762.61",,,,,,""
"2021-08-11","'31410LTE2'","MBS","UMBS MORTPASS 2% 06/26","Other",,,,,"352740.64",,,,,,""
"2021-08-11","'3138A1VZ1'","MBS","UMBS MORTPASS 3% 01/26","15yr",,,,,"352590.21",,,,,,""
"2021-08-11","'36295RWP9'","MBS","GNMA I 4.5% 12/39","30yr",,,,,"352577.66",,,,,,""
"2021-08-11","'3138WDES6'","MBS","UMBS MORTPASS 2.5% 11/29","15yr",,,,,"352461.3",,,,,,""
"2021-08-11","'3138W2X91'","MBS","UMBS MORTPASS 3.5% 11/28","15yr",,,,,"352448.44",,,,,,""
"2021-08-11","'3138X9YD5'","MBS","UMBS MORTPASS 3% 04/29","15yr",,,,,"352266.11",,,,,,""
"2021-08-11","'3620C4MV9'","MBS","GNMA I 3.5% 02/42","30yr",,,,,"352237.32",,,,,,""
"2021-08-11","'3140E03Q6'","MBS","UMBS MORTPASS 3% 08/45","30yr",,,,,"352136.07",,,,,,""
"2021-08-11","'3131XCAU1'","MBS","UMBS MORTPASS 3% 06/31","15yr",,,,,"352078.72",,,,,,""
"2021-08-11","'31307H2E6'","MBS","FHLMCGLD 3.5% 08/29","15yr",,,,,"352041.12",,,,,,""
"2021-08-11","'31419KLQ6'","MBS","UMBS MORTPASS 3% 11/25","15yr",,,,,"352035.94",,,,,,""
"2021-08-11","'3132J6XC3'","MBS","FHLMCGLD 4% 02/43","30yr",,,,,"351764.99",,,,,,""
"2021-08-11","'3140H7SP3'","MBS","UMBS MORTPASS 3% 05/33","15yr",,,,,"351761.9",,,,,,""
"2021-08-11","'3138YDJF7'","MBS","UMBS MORTPASS 3% 04/30","15yr",,,,,"351590.55",,,,,,""
"2021-08-11","'3620ABC53'","MBS","GNMA I 4.5% 12/39","30yr",,,,,"351551.68",,,,,,""
"2021-08-11","'3138WURT2'","MBS","UMBS MORTPASS 3% 09/28","15yr",,,,,"351523.97",,,,,,""
"2021-08-11","'3138WBKD6'","MBS","UMBS MORTPASS 3.5% 04/29","15yr",,,,,"351502.15",,,,,,""
"2021-08-11","'31417EUP4'","MBS","UMBS MORTPASS 2% 02/23","Other",,,,,"351380.31",,,,,,""
"2021-08-11","'3132AAJV7'","MBS","UMBS MORTPASS 2.5% 03/37","Other",,,,,"351321.84",,,,,,""
"2021-08-11","'31307T4M0'","MBS","FHLMCGLD 3.5% 06/32","15yr",,,,,"351284.67",,,,,,""
"2021-08-11","'3620A7PF6'","MBS","GNMA I MORTPASS 5% 09/39","30yr",,,,,"351127.92",,,,,,""
"2021-08-11","'36178L4G5'","MBS","GNMA I 3.5% 09/42","30yr",,,,,"351089.09",,,,,,""
"2021-08-11","'3620AFBQ9'","MBS","GNMA I MORTPASS 5% 11/39","30yr",,,,,"351009.37",,,,,,""
"2021-08-11","'3140EBWF4'","MBS","UMBS MORTPASS 4% 02/46","30yr",,,,,"350962.6",,,,,,""
"2021-08-11","'36177UYH1'","MBS","GNMA I MORTPASS 3% 09/42","30yr",,,,,"350961.4",,,,,,""
"2021-08-11","'3131X9EF7'","MBS","UMBS MORTPASS 3% 06/28","15yr",,,,,"350951.52",,,,,,""
"2021-08-11","'3140F1XE7'","MBS","UMBS MORTPASS 3% 03/31","15yr",,,,,"350940.31",,,,,,""
"2021-08-11","'3138MDT85'","MBS","UMBS MORTPASS 2.5% 10/27","15yr",,,,,"350841.54",,,,,,""
"2021-08-11","'3138YFBB9'","MBS","UMBS MORTPASS 2.5% 01/30","15yr",,,,,"350812.62",,,,,,""
"2021-08-11","'36202FCM6'","MBS","GNMA II MORTPASS 4% 11/39","30yr",,,,,"350738.29",,,,,,""
"2021-08-11","'3138XWFA1'","MBS","UMBS MORTPASS 3% 07/29","15yr",,,,,"350632.74",,,,,,""
"2021-08-11","'3140GXPT2'","MBS","UMBS MORTPASS 2.5% 12/32","15yr",,,,,"350589.13",,,,,,""
"2021-08-11","'31307SS46'","MBS","FHLMCGLD 3.5% 12/31","15yr",,,,,"350568.3",,,,,,""
"2021-08-11","'3132DMBL8'","MBS","UMBS MORTPASS 4% 03/49","30yr",,,,,"350528.62",,,,,,""
"2021-08-11","'3138EQAL6'","MBS","UMBS MORTPASS 2.5% 05/30","15yr",,,,,"350498.24",,,,,,""
"2021-08-11","'3128MJXQ8'","MBS","FHLMCGLD 3% 01/46","30yr",,,,,"350462.96",,,,,,""
"2021-08-11","'3138WURD7'","MBS","UMBS MORTPASS 3% 09/28","15yr",,,,,"350429.81",,,,,,""
"2021-08-11","'3138Y6Q80'","MBS","UMBS MORTPASS 3.5% 10/44","30yr",,,,,"350218.76",,,,,,""
"2021-08-11","'3128P7L50'","MBS","FHLMCGLD 4% 05/29","Other",,,,,"350197.37",,,,,,""
"2021-08-11","'31417EBK6'","MBS","UMBS MORTPASS 2% 12/27","15yr",,,,,"350145.91",,,,,,""
"2021-08-11","'31339UTL4'","MBS","UMBS MORTPASS 3.5% 09/44","30yr",,,,,"349912.95",,,,,,""
"2021-08-11","'3138WEU49'","MBS","UMBS MORTPASS 3% 06/30","15yr",,,,,"349734.55",,,,,,""
"2021-08-11","'36297BDK4'","MBS","GNMA I MORTPASS 5% 02/39","30yr",,,,,"349351.74",,,,,,""
"2021-08-11","'3128MFG77'","MBS","FHLMCGLD 4% 07/29","15yr",,,,,"349235.15",,,,,,""
"2021-08-11","'3131YACM0'","MBS","UMBS MORTPASS 2.5% 02/34","15yr",,,,,"348801.2",,,,,,""
"2021-08-11","'3128MMTQ6'","MBS","FHLMCGLD 3.5% 06/30","15yr",,,,,"348772.83",,,,,,""
"2021-08-11","'3138MM7L0'","MBS","UMBS MORTPASS 2.5% 12/27","15yr",,,,,"348663.38",,,,,,""
"2021-08-11","'36297KDE8'","MBS","GNMA I MORTPASS 5% 09/39","30yr",,,,,"348432.85",,,,,,""
"2021-08-11","'3140JPBR5'","MBS","UMBS MORTPASS 2% 01/35","15yr",,,,,"348399.12",,,,,,""
"2021-08-11","'3138YGAV4'","MBS","UMBS MORTPASS 3% 02/30","15yr",,,,,"348288.41",,,,,,""
"2021-08-11","'31329KVN1'","MBS","UMBS MORTPASS 3% 08/36","Other",,,,,"348232.93",,,,,,""
"2021-08-11","'3140HDYY4'","MBS","UMBS MORTPASS 3.5% 02/33","15yr",,,,,"348183.71",,,,,,""
"2021-08-11","'3140F5BM4'","MBS","UMBS MORTPASS 2.5% 11/31","15yr",,,,,"348179.17",,,,,,""
"2021-08-11","'3131XBDV8'","MBS","UMBS MORTPASS 2.5% 05/30","15yr",,,,,"348155.46",,,,,,""
"2021-08-11","'3140Q8TT2'","MBS","UMBS MORTPASS 4% 03/48","30yr",,,,,"348130.9",,,,,,""
"2021-08-11","'3128MMU50'","MBS","FHLMCGLD 2% 06/31","15yr",,,,,"348073.7",,,,,,""
"2021-08-11","'31417C5M3'","MBS","UMBS MORTPASS 2% 09/22","Other",,,,,"348004.54",,,,,,""
"2021-08-11","'3620ACLF9'","MBS","GNMA I 4.5% 12/39","30yr",,,,,"347982.19",,,,,,""
"2021-08-11","'3128PUTZ5'","MBS","FHLMCGLD 4% 04/26","15yr",,,,,"347980.66",,,,,,""
"2021-08-11","'3140EAPM9'","MBS","UMBS MORTPASS 3% 11/30","15yr",,,,,"347934.42",,,,,,""
"2021-08-11","'3140JGUR4'","MBS","UMBS MORTPASS 3% 11/33","15yr",,,,,"347902.35",,,,,,""
"2021-08-11","'31418DW65'","MBS","UMBS MORTPASS 2% 02/41","Other",,,,,"347872.31",,,,,,""
"2021-08-11","'3138EPQS6'","MBS","UMBS MORTPASS 2% 12/27","15yr",,,,,"347537.38",,,,,,""
"2021-08-11","'3138WWD30'","MBS","UMBS MORTPASS 3.5% 06/43","30yr",,,,,"347411.16",,,,,,""
"2021-08-11","'31418U2D5'","MBS","UMBS MORTPASS 4% 06/25","15yr",,,,,"347360.61",,,,,,""
"2021-08-11","'3131X7CU0'","MBS","UMBS MORTPASS 3% 11/26","15yr",,,,,"347353.14",,,,,,""
"2021-08-11","'31307NBJ2'","MBS","FHLMCGLD 2.5% 06/30","15yr",,,,,"347268.9",,,,,,""
"2021-08-11","'36296LNQ9'","MBS","GNMA I MORTPASS 4% 05/39","30yr",,,,,"347158.15",,,,,,""
"2021-08-11","'3132D55T5'","MBS","UMBS MORTPASS 2.5% 08/35","15yr",,,,,"347091.37",,,,,,""
"2021-08-11","'3138W5YF9'","MBS","UMBS MORTPASS 3% 03/28","15yr",,,,,"346961.17",,,,,,""
"2021-08-11","'3132KE6E0'","MBS","FHLMCGLD 2.5% 07/30","15yr",,,,,"346741.67",,,,,,""
"2021-08-11","'36297FYH9'","MBS","GNMA I MORTPASS 5% 10/39","30yr",,,,,"346522.84",,,,,,""
"2021-08-11","'3138MKC38'","MBS","UMBS MORTPASS 3% 10/27","15yr",,,,,"346309.98",,,,,,""
"2021-08-11","'3140GWFM0'","MBS","UMBS MORTPASS 3.5% 08/47","30yr",,,,,"346208.81",,,,,,""
"2021-08-11","'36178RTS9'","MBS","GNMA I MORTPASS 3% 04/43","30yr",,,,,"346166.09",,,,,,""
"2021-08-11","'3138MQDF7'","MBS","UMBS MORTPASS 2.5% 01/28","15yr",,,,,"346151.52",,,,,,""
"2021-08-11","'36297BF22'","MBS","GNMA I MORTPASS 5% 02/40","30yr",,,,,"346033.65",,,,,,""
"2021-08-11","'36292EP38'","MBS","GNMA I MORTPASS 5% 03/39","30yr",,,,,"345935.15",,,,,,""
"2021-08-11","'3138M4X49'","MBS","UMBS MORTPASS 3% 08/27","15yr",,,,,"345763.88",,,,,,""
"2021-08-11","'3138WAEH6'","MBS","UMBS MORTPASS 3% 02/27","15yr",,,,,"345690.14",,,,,,""
"2021-08-11","'3140L1ZS7'","MBS","UMBS MORTPASS 2% 01/51","30yr",,,,,"345672.2",,,,,,""
"2021-08-11","'36177PMA0'","MBS","GNMA I 3.5% 02/42","30yr",,,,,"345663.36",,,,,,""
"2021-08-11","'3620AKVE3'","MBS","GNMA I MORTPASS 5% 03/40","30yr",,,,,"345630.27",,,,,,""
"2021-08-11","'3138Y5XY7'","MBS","UMBS MORTPASS 2.5% 01/30","15yr",,,,,"345417.44",,,,,,""
"2021-08-11","'3132JMFD6'","MBS","FHLMCGLD 3.5% 07/43","30yr",,,,,"345371.55",,,,,,""
"2021-08-11","'3138W4NQ0'","MBS","UMBS MORTPASS 2.5% 02/28","15yr",,,,,"345348.05",,,,,,""
"2021-08-11","'3140GWLG6'","MBS","UMBS MORTPASS 3% 09/32","15yr",,,,,"345317.19",,,,,,""
"2021-08-11","'3138ETQV1'","MBS","UMBS MORTPASS 3% 06/31","15yr",,,,,"345290.07",,,,,,""
"2021-08-11","'3140Q93Y7'","MBS","UMBS MORTPASS 3.5% 11/48","30yr",,,,,"345191.5",,,,,,""
"2021-08-11","'31329LEZ1'","MBS","UMBS MORTPASS 2.5% 08/27","15yr",,,,,"345008.41",,,,,,""
"2021-08-11","'36202D2R1'","MBS","GNMA II 3.5% 09/33","30yr",,,,,"344983.39",,,,,,""
"2021-08-11","'3140X5Y72'","MBS","UMBS MORTPASS 4% 06/48","30yr",,,,,"344920.06",,,,,,""
"2021-08-11","'3131YDFP4'","MBS","UMBS MORTPASS 3.5% 05/49","30yr",,,,,"344907.3",,,,,,""
"2021-08-11","'31306YRF0'","MBS","FHLMCGLD 3% 12/27","15yr",,,,,"344742.45",,,,,,""
"2021-08-11","'312932K96'","MBS","FHLMCGLD 5% 04/39","30yr",,,,,"344682.93",,,,,,""
"2021-08-11","'31307PXL8'","MBS","FHLMCGLD 2.5% 12/30","15yr",,,,,"344647.13",,,,,,""
"2021-08-11","'3140JLQB3'","MBS","UMBS MORTPASS 4.5% 12/48","30yr",,,,,"344646.91",,,,,,""
"2021-08-11","'3140H5JX0'","MBS","UMBS MORTPASS 3.5% 01/48","30yr",,,,,"344474.92",,,,,,""
"2021-08-11","'3140H5EQ0'","MBS","UMBS MORTPASS 2.5% 12/32","15yr",,,,,"344443.02",,,,,,""
"2021-08-11","'3138LSYB0'","MBS","UMBS MORTPASS 3% 05/27","15yr",,,,,"344438.88",,,,,,""
"2021-08-11","'3128PQFD8'","MBS","FHLMCGLD 4.5% 10/24","15yr",,,,,"344418.62",,,,,,""
"2021-08-11","'3140JNYW4'","MBS","UMBS MORTPASS 4% 02/49","30yr",,,,,"344415.21",,,,,,""
"2021-08-11","'3620AHM26'","MBS","GNMA I MORTPASS 5% 01/40","30yr",,,,,"344402.85",,,,,,""
"2021-08-11","'36295YFQ1'","MBS","GNMA I 4.5% 10/39","30yr",,,,,"344327.62",,,,,,""
"2021-08-11","'3138X5UY1'","MBS","UMBS MORTPASS 3% 09/28","15yr",,,,,"344228.84",,,,,,""
"2021-08-11","'3140H8PG4'","MBS","UMBS MORTPASS 3.5% 04/33","15yr",,,,,"344163.92",,,,,,""
"2021-08-11","'3138XHEX5'","MBS","UMBS MORTPASS 3.5% 02/29","15yr",,,,,"344119.89",,,,,,""
"2021-08-11","'31371N2D6'","MBS","UMBS MORTPASS 6% 09/28","Other",,,,,"344112.26",,,,,,""
"2021-08-11","'3132GDD90'","MBS","FHLMCGLD 4% 04/41","30yr",,,,,"344100.16",,,,,,""
"2021-08-11","'3140L4EV7'","MBS","UMBS MORTPASS 2% 02/51","30yr",,,,,"343928.27",,,,,,""
"2021-08-11","'3138WDM99'","MBS","UMBS MORTPASS 3% 12/29","15yr",,,,,"343927.96",,,,,,""
"2021-08-11","'3138YKSL8'","MBS","UMBS MORTPASS 3% 05/30","15yr",,,,,"343853.44",,,,,,""
"2021-08-11","'31307GAY5'","MBS","FHLMCGLD 3.5% 02/29","15yr",,,,,"343778.87",,,,,,""
"2021-08-11","'36297KMT5'","MBS","GNMA I 4.5% 06/39","30yr",,,,,"343645.52",,,,,,""
"2021-08-11","'31417AE70'","MBS","UMBS MORTPASS 3% 05/26","15yr",,,,,"343558.77",,,,,,""
"2021-08-11","'3138YYFY4'","MBS","UMBS MORTPASS 2.5% 07/30","15yr",,,,,"343550.85",,,,,,""
"2021-08-11","'36296YY97'","MBS","GNMA I 4.5% 04/39","30yr",,,,,"343525.95",,,,,,""
"2021-08-11","'3140H5NZ0'","MBS","UMBS MORTPASS 3.5% 02/48","30yr",,,,,"343332.07",,,,,,""
"2021-08-11","'3140HET28'","MBS","UMBS MORTPASS 3.5% 04/48","30yr",,,,,"343233.19",,,,,,""
"2021-08-11","'3138YNAY3'","MBS","UMBS MORTPASS 3% 06/30","15yr",,,,,"343232.94",,,,,,""
"2021-08-11","'3138MPXG5'","MBS","UMBS MORTPASS 2.5% 12/22","Other",,,,,"343178.38",,,,,,""
"2021-08-11","'31418BPD2'","MBS","UMBS MORTPASS 2.5% 03/30","15yr",,,,,"343174.99",,,,,,""
"2021-08-11","'36177SZJ1'","MBS","GNMA I MORTPASS 4% 02/42","30yr",,,,,"343080.62",,,,,,""
"2021-08-11","'3138Y9W46'","MBS","UMBS MORTPASS 3.5% 11/29","15yr",,,,,"343071.38",,,,,,""
"2021-08-11","'36178CRN5'","MBS","GNMA I 3.5% 06/42","30yr",,,,,"343055.4",,,,,,""
"2021-08-11","'3140QATV2'","MBS","UMBS MORTPASS 3.5% 09/48","30yr",,,,,"342960.97",,,,,,""
"2021-08-11","'3138XUC59'","MBS","UMBS MORTPASS 3% 07/29","15yr",,,,,"342929.37",,,,,,""
"2021-08-11","'36181FKG5'","MBS","GNMA I MORTPASS 4% 08/43","30yr",,,,,"342899.39",,,,,,""
"2021-08-11","'36177QZS5'","MBS","GNMA I 3.5% 03/42","30yr",,,,,"342712.03",,,,,,""
"2021-08-11","'36295CLN9'","MBS","GNMA I MORTPASS 3% 07/42","30yr",,,,,"342623.98",,,,,,""
"2021-08-11","'31418CNP5'","MBS","UMBS MORTPASS 3.5% 08/27","Other",,,,,"342294.78",,,,,,""
"2021-08-11","'36297H7E2'","MBS","GNMA I MORTPASS 5% 04/40","30yr",,,,,"342251.41",,,,,,""
"2021-08-11","'3138M6L96'","MBS","UMBS MORTPASS 3% 09/27","15yr",,,,,"342237.21",,,,,,""
"2021-08-11","'31307LMW5'","MBS","FHLMCGLD 3% 12/29","15yr",,,,,"342236.28",,,,,,""
"2021-08-11","'31418CAK0'","MBS","UMBS MORTPASS 2.5% 08/31","15yr",,,,,"342110.46",,,,,,""
"2021-08-11","'3131Y2WX2'","MBS","UMBS MORTPASS 4% 08/48","30yr",,,,,"341681.34",,,,,,""
"2021-08-11","'31417JQ94'","MBS","UMBS MORTPASS 6% 09/39","30yr",,,,,"341643.79",,,,,,""
"2021-08-11","'3138NYJH9'","MBS","UMBS MORTPASS 3% 01/43","30yr",,,,,"341637.8",,,,,,""
"2021-08-11","'3140GW6W8'","MBS","UMBS MORTPASS 3% 09/47","30yr",,,,,"341590.04",,,,,,""
"2021-08-11","'36296SQB4'","MBS","GNMA I 4.5% 04/39","30yr",,,,,"341433.15",,,,,,""
"2021-08-11","'36179LC75'","MBS","GNMA I MORTPASS 3% 03/43","30yr",,,,,"341353.83",,,,,,""
"2021-08-11","'31334WHW4'","MBS","UMBS MORTPASS 3.5% 06/49","30yr",,,,,"340940.33",,,,,,""
"2021-08-11","'31307HFW2'","MBS","FHLMCGLD 3.5% 05/29","15yr",,,,,"340790.83",,,,,,""
"2021-08-11","'3140JMZ62'","MBS","UMBS MORTPASS 3.5% 01/49","30yr",,,,,"340664.58",,,,,,""
"2021-08-11","'3132A84D8'","MBS","UMBS MORTPASS 3% 09/27","15yr",,,,,"340658.59",,,,,,""
"2021-08-11","'31417GSD9'","MBS","UMBS MORTPASS 2.5% 05/28","15yr",,,,,"340380.84",,,,,,""
"2021-08-11","'3140F4RC2'","MBS","UMBS MORTPASS 2.5% 05/31","15yr",,,,,"340360.89",,,,,,""
"2021-08-11","'3138MGC78'","MBS","UMBS MORTPASS 3% 10/42","30yr",,,,,"340327.56",,,,,,""
"2021-08-11","'3138M8UK7'","MBS","UMBS MORTPASS 2.5% 08/27","15yr",,,,,"340225.1",,,,,,""
"2021-08-11","'3140FGKN8'","MBS","UMBS MORTPASS 2.5% 02/32","15yr",,,,,"340222.45",,,,,,""
"2021-08-11","'3128MMK28'","MBS","FHLMCGLD 4% 06/24","15yr",,,,,"340042.08",,,,,,""
"2021-08-11","'31292LGU3'","MBS","FHLMCGLD 3.5% 04/42","30yr",,,,,"340021.38",,,,,,""
"2021-08-11","'3138WPWU4'","MBS","UMBS MORTPASS 3% 04/28","15yr",,,,,"339919.86",,,,,,""
"2021-08-11","'36290QPH2'","MBS","GNMA I MORTPASS 3% 01/43","30yr",,,,,"339747.99",,,,,,""
"2021-08-11","'3132A8GB9'","MBS","UMBS MORTPASS 2.5% 04/26","Other",,,,,"339486.76",,,,,,""
"2021-08-11","'3138XEHD3'","MBS","UMBS MORTPASS 3.5% 01/29","15yr",,,,,"339451.38",,,,,,""
"2021-08-11","'3140JVT28'","MBS","UMBS MORTPASS 3% 10/49","30yr",,,,,"339210.06",,,,,,""
"2021-08-11","'3620ADE81'","MBS","GNMA I MORTPASS 5% 09/39","30yr",,,,,"339174.16",,,,,,""
"2021-08-11","'3131X73Y2'","MBS","UMBS MORTPASS 2.5% 09/27","15yr",,,,,"339078.84",,,,,,""
"2021-08-11","'3140J7S55'","MBS","UMBS MORTPASS 3% 11/28","15yr",,,,,"339064.2",,,,,,""
"2021-08-11","'31307M3J3'","MBS","FHLMCGLD 2.5% 05/30","15yr",,,,,"338973.34",,,,,,""
"2021-08-11","'31418CXS8'","MBS","UMBS MORTPASS 3.5% 06/38","Other",,,,,"338951.08",,,,,,""
"2021-08-11","'3131X8EW2'","MBS","UMBS MORTPASS 2.5% 11/27","15yr",,,,,"338893.52",,,,,,""
"2021-08-11","'3138XRJJ9'","MBS","UMBS MORTPASS 3.5% 04/29","15yr",,,,,"338893.4",,,,,,""
"2021-08-11","'3132JBM26'","MBS","FHLMCGLD 3.5% 07/43","30yr",,,,,"338845.57",,,,,,""
"2021-08-11","'3620A3XV1'","MBS","GNMA I 4.5% 12/39","30yr",,,,,"338742.03",,,,,,""
"2021-08-11","'31307MGP5'","MBS","FHLMCGLD 2.5% 03/30","15yr",,,,,"338594.64",,,,,,""
"2021-08-11","'3140FU4S4'","MBS","UMBS MORTPASS 3% 03/32","15yr",,,,,"338588.11",,,,,,""
"2021-08-11","'3128PU5H1'","MBS","FHLMCGLD 4% 05/26","15yr",,,,,"338550.23",,,,,,""
"2021-08-11","'3138APDJ4'","MBS","UMBS MORTPASS 3% 04/27","15yr",,,,,"338502.83",,,,,,""
"2021-08-11","'3131Y7RG4'","MBS","UMBS MORTPASS 4.5% 11/48","30yr",,,,,"338483.38",,,,,,""
"2021-08-11","'3140E63E0'","MBS","UMBS MORTPASS 3.5% 11/45","30yr",,,,,"338428.75",,,,,,""
"2021-08-11","'3140HAQG8'","MBS","UMBS MORTPASS 3% 03/33","15yr",,,,,"338414.48",,,,,,""
"2021-08-11","'3138XMJB7'","MBS","UMBS MORTPASS 3% 01/29","15yr",,,,,"338357.07",,,,,,""
"2021-08-11","'3138YLEY3'","MBS","UMBS MORTPASS 3% 04/45","30yr",,,,,"338196.95",,,,,,""
"2021-08-11","'31410LMH2'","MBS","UMBS MORTPASS 2.5% 09/28","15yr",,,,,"338077.77",,,,,,""
"2021-08-11","'31418PPZ2'","MBS","UMBS MORTPASS 4.5% 03/25","15yr",,,,,"338043.37",,,,,,""
"2021-08-11","'31418C5E0'","MBS","UMBS MORTPASS 4% 12/38","Other",,,,,"338037.49",,,,,,""
"2021-08-11","'3128E4WJ7'","MBS","FHLMCGLD 5% 05/28","Other",,,,,"338036.79",,,,,,""
"2021-08-11","'3128MMUC5'","MBS","FHLMCGLD 3% 12/30","15yr",,,,,"337986.61",,,,,,""
"2021-08-11","'3138AU4L8'","MBS","UMBS MORTPASS 4% 10/41","30yr",,,,,"337960.55",,,,,,""
"2021-08-11","'36176TKJ6'","MBS","GNMA I MORTPASS 3% 11/41","30yr",,,,,"337953.62",,,,,,""
"2021-08-11","'312939AW1'","MBS","FHLMCGLD 4.5% 05/40","30yr",,,,,"337783.21",,,,,,""
"2021-08-11","'3132D9A95'","MBS","UMBS MORTPASS 3% 06/38","Other",,,,,"337754.7",,,,,,""
"2021-08-11","'3138XELJ5'","MBS","UMBS MORTPASS 4% 04/44","30yr",,,,,"337526.15",,,,,,""
"2021-08-11","'3131X8BF2'","MBS","UMBS MORTPASS 2.5% 10/27","15yr",,,,,"337501.36",,,,,,""
"2021-08-11","'31307DJL1'","MBS","FHLMCGLD 3% 07/28","15yr",,,,,"337500.36",,,,,,""
"2021-08-11","'3140JGN92'","MBS","UMBS MORTPASS 3.5% 10/33","15yr",,,,,"337436.03",,,,,,""
"2021-08-11","'31307F6Y2'","MBS","FHLMCGLD 3.5% 01/29","15yr",,,,,"337265.3",,,,,,""
"2021-08-11","'31307SNQ2'","MBS","FHLMCGLD 3% 10/31","15yr",,,,,"337182.06",,,,,,""
"2021-08-11","'36178WPW3'","MBS","GNMA I 3.5% 11/42","30yr",,,,,"337101.6",,,,,,""
"2021-08-11","'3138A2GY9'","MBS","UMBS MORTPASS 4% 12/40","30yr",,,,,"337064.66",,,,,,""
"2021-08-11","'3132A5GA7'","MBS","UMBS MORTPASS 3% 12/46","30yr",,,,,"337008.03",,,,,,""
"2021-08-11","'3140QBA57'","MBS","UMBS MORTPASS 3.5% 06/49","30yr",,,,,"336648.54",,,,,,""
"2021-08-11","'3140Q9JA2'","MBS","UMBS MORTPASS 4.5% 07/48","30yr",,,,,"336512.1",,,,,,""
"2021-08-11","'3140HHDX0'","MBS","UMBS MORTPASS 3.5% 03/33","15yr",,,,,"336511.67",,,,,,""
"2021-08-11","'3620ALHW7'","MBS","GNMA I 4.5% 01/40","30yr",,,,,"336411.5",,,,,,""
"2021-08-11","'36177LKU7'","MBS","GNMA I MORTPASS 4% 12/41","30yr",,,,,"336406.94",,,,,,""
"2021-08-11","'3620A1TF5'","MBS","GNMA I MORTPASS 5% 09/39","30yr",,,,,"336371.53",,,,,,""
"2021-08-11","'31307NCC6'","MBS","FHLMCGLD 3% 06/30","15yr",,,,,"336321.99",,,,,,""
"2021-08-11","'3138X1NS1'","MBS","UMBS MORTPASS 3% 08/28","15yr",,,,,"336275.76",,,,,,""
"2021-08-11","'31417YV53'","MBS","UMBS MORTPASS 3% 01/26","15yr",,,,,"336158.43",,,,,,""
"2021-08-11","'3138MM6Q0'","MBS","UMBS MORTPASS 3% 12/27","15yr",,,,,"336157.64",,,,,,""
"2021-08-11","'36177N3F5'","MBS","GNMA I MORTPASS 4% 05/42","30yr",,,,,"336135",,,,,,""
"2021-08-11","'3138EMEH0'","MBS","UMBS MORTPASS 2.5% 09/28","15yr",,,,,"336087.14",,,,,,""
"2021-08-11","'3140HAW89'","MBS","UMBS MORTPASS 3% 08/44","30yr",,,,,"336073.32",,,,,,""
"2021-08-11","'31307LEM6'","MBS","FHLMCGLD 3% 12/29","15yr",,,,,"335908.52",,,,,,""
"2021-08-11","'3131X7XV5'","MBS","UMBS MORTPASS 2.5% 07/22","Other",,,,,"335810.42",,,,,,""
"2021-08-11","'3138M4XF4'","MBS","UMBS MORTPASS 3.5% 02/28","15yr",,,,,"335694.72",,,,,,""
"2021-08-11","'3140HJL41'","MBS","UMBS MORTPASS 3.5% 03/33","15yr",,,,,"335652.44",,,,,,""
"2021-08-11","'31307P4L0'","MBS","FHLMCGLD 2.5% 01/31","15yr",,,,,"335602.23",,,,,,""
"2021-08-11","'31307GK24'","MBS","FHLMCGLD 3% 03/29","15yr",,,,,"335590.1",,,,,,""
"2021-08-11","'36297FJJ2'","MBS","GNMA I 4.5% 08/39","30yr",,,,,"335472.81",,,,,,""
"2021-08-11","'3131YDC51'","MBS","UMBS MORTPASS 3% 05/29","15yr",,,,,"335456.43",,,,,,""
"2021-08-11","'3128MJWQ9'","MBS","FHLMCGLD 3.5% 07/45","30yr",,,,,"335329.53",,,,,,""
"2021-08-11","'3138W2KB0'","MBS","UMBS MORTPASS 3% 04/28","15yr",,,,,"335317.45",,,,,,""
"2021-08-11","'3620A42K7'","MBS","GNMA I MORTPASS 5% 11/39","30yr",,,,,"335189.02",,,,,,""
"2021-08-11","'3138E2TK1'","MBS","UMBS MORTPASS 3% 01/27","15yr",,,,,"335168.47",,,,,,""
"2021-08-11","'3128KWT52'","MBS","FHLMCGLD 6% 09/37","30yr",,,,,"335142.83",,,,,,""
"2021-08-11","'3140E9K62'","MBS","UMBS MORTPASS 3.5% 11/45","30yr",,,,,"335123.83",,,,,,""
"2021-08-11","'36181FDQ1'","MBS","GNMA I 3.5% 07/43","30yr",,,,,"335069.91",,,,,,""
"2021-08-11","'3140HJYP0'","MBS","UMBS MORTPASS 3.5% 08/48","30yr",,,,,"334840.83",,,,,,""
"2021-08-11","'31410LRT1'","MBS","UMBS MORTPASS 2% 10/30","15yr",,,,,"334723.11",,,,,,""
"2021-08-11","'3138NXBP1'","MBS","UMBS MORTPASS 2.5% 01/28","15yr",,,,,"334561.38",,,,,,""
"2021-08-11","'3138YJAV8'","MBS","UMBS MORTPASS 3% 04/30","15yr",,,,,"334516.48",,,,,,""
"2021-08-11","'3138Y22D4'","MBS","UMBS MORTPASS 2.5% 10/29","15yr",,,,,"334500.31",,,,,,""
"2021-08-11","'3140FWCF9'","MBS","UMBS MORTPASS 3% 07/32","15yr",,,,,"334345.51",,,,,,""
"2021-08-11","'3138X9X53'","MBS","UMBS MORTPASS 3% 01/29","15yr",,,,,"334256.35",,,,,,""
"2021-08-11","'3138XUCF7'","MBS","UMBS MORTPASS 3% 06/29","15yr",,,,,"334055.7",,,,,,""
"2021-08-11","'3138MPUL7'","MBS","UMBS MORTPASS 2.5% 12/27","15yr",,,,,"334021.36",,,,,,""
"2021-08-11","'3138YTL36'","MBS","UMBS MORTPASS 3.5% 07/45","30yr",,,,,"333986.43",,,,,,""
"2021-08-11","'3138LQSR6'","MBS","UMBS MORTPASS 3% 05/27","15yr",,,,,"333976.73",,,,,,""
"2021-08-11","'3133AEWP5'","MBS","UMBS MORTPASS 2.5% 01/51","30yr",,,,,"333699.97",,,,,,""
"2021-08-11","'36177UEL4'","MBS","GNMA I 3.5% 07/42","30yr",,,,,"333674.7",,,,,,""
"2021-08-11","'31418CZ56'","MBS","UMBS MORTPASS 4% 09/33","15yr",,,,,"333666.63",,,,,,""
"2021-08-11","'3140HNWH1'","MBS","UMBS MORTPASS 4% 04/49","30yr",,,,,"333543.29",,,,,,""
"2021-08-11","'31335A6A1'","MBS","FHLMCGLD 3.5% 02/47","30yr",,,,,"333512.7",,,,,,""
"2021-08-11","'31307UAS7'","MBS","FHLMCGLD 3% 06/27","15yr",,,,,"333449.66",,,,,,""
"2021-08-11","'3138X7DH3'","MBS","UMBS MORTPASS 4% 08/43","30yr",,,,,"333312.6",,,,,,""
"2021-08-11","'3140Q7H67'","MBS","UMBS MORTPASS 3.5% 08/47","30yr",,,,,"333196.32",,,,,,""
"2021-08-11","'3138WX2T3'","MBS","UMBS MORTPASS 3% 06/43","30yr",,,,,"333175.73",,,,,,""
"2021-08-11","'3138Y7DN9'","MBS","UMBS MORTPASS 2.5% 02/31","15yr",,,,,"333162.48",,,,,,""
"2021-08-11","'3132KFYG1'","MBS","FHLMCGLD 3% 04/32","15yr",,,,,"332870.14",,,,,,""
"2021-08-11","'3131X8CX2'","MBS","UMBS MORTPASS 2.5% 10/22","Other",,,,,"332850.2",,,,,,""
"2021-08-11","'3138M2AG1'","MBS","UMBS MORTPASS 3% 08/27","15yr",,,,,"332721.45",,,,,,""
"2021-08-11","'3138YJP34'","MBS","UMBS MORTPASS 3% 03/30","15yr",,,,,"332454.52",,,,,,""
"2021-08-11","'3140GYKK4'","MBS","UMBS MORTPASS 2.5% 02/33","15yr",,,,,"332423.1",,,,,,""
"2021-08-11","'3138YDM22'","MBS","UMBS MORTPASS 3% 12/29","15yr",,,,,"332324.97",,,,,,""
"2021-08-11","'31418BMX1'","MBS","UMBS MORTPASS 2% 01/25","Other",,,,,"332316.09",,,,,,""
"2021-08-11","'3620ABDC7'","MBS","GNMA I 4.5% 01/40","30yr",,,,,"332205.19",,,,,,""
"2021-08-11","'312930XQ8'","MBS","FHLMCGLD 6.5% 01/39","30yr",,,,,"332178.66",,,,,,""
"2021-08-11","'3131YCHC3'","MBS","UMBS MORTPASS 3.5% 12/48","30yr",,,,,"331996.89",,,,,,""
"2021-08-11","'3140X8KS5'","MBS","UMBS MORTPASS 2.5% 12/40","Other",,,,,"331635.27",,,,,,""
"2021-08-11","'31307MZV1'","MBS","FHLMCGLD 3% 05/30","15yr",,,,,"331605.38",,,,,,""
"2021-08-11","'36297AHW6'","MBS","GNMA I 3.5% 05/42","30yr",,,,,"331599.95",,,,,,""
"2021-08-11","'3132A9PW1'","MBS","UMBS MORTPASS 2.5% 09/29","15yr",,,,,"331595.02",,,,,,""
"2021-08-11","'31307GLN7'","MBS","FHLMCGLD 3.5% 02/29","15yr",,,,,"331578.78",,,,,,""
"2021-08-11","'3138XVQL7'","MBS","UMBS MORTPASS 3% 07/29","15yr",,,,,"331395.54",,,,,,""
"2021-08-11","'3138WDEW7'","MBS","UMBS MORTPASS 3% 11/29","15yr",,,,,"331322.85",,,,,,""
"2021-08-11","'3620A2CP9'","MBS","GNMA I 4.5% 07/39","30yr",,,,,"331287.7",,,,,,""
"2021-08-11","'3131X9RV8'","MBS","UMBS MORTPASS 2% 08/23","Other",,,,,"331139.91",,,,,,""
"2021-08-11","'36177UVR2'","MBS","GNMA I 3.5% 06/42","30yr",,,,,"331087.46",,,,,,""
"2021-08-11","'3138NWMX4'","MBS","UMBS MORTPASS 2% 12/27","15yr",,,,,"330763.53",,,,,,""
"2021-08-11","'3140F2UH1'","MBS","UMBS MORTPASS 3% 06/46","30yr",,,,,"330725.58",,,,,,""
"2021-08-11","'3140E4TP2'","MBS","UMBS MORTPASS 3% 03/31","15yr",,,,,"330569.61",,,,,,""
"2021-08-11","'3131XAN31'","MBS","UMBS MORTPASS 3% 06/24","Other",,,,,"330443.76",,,,,,""
"2021-08-11","'31307PDL0'","MBS","FHLMCGLD 2.5% 10/30","15yr",,,,,"330382.08",,,,,,""
"2021-08-11","'3138WVA84'","MBS","UMBS MORTPASS 2.5% 07/28","15yr",,,,,"330281.41",,,,,,""
"2021-08-11","'3138YXHK4'","MBS","UMBS MORTPASS 3.5% 07/45","30yr",,,,,"330274.61",,,,,,""
"2021-08-11","'36296PMY4'","MBS","GNMA I MORTPASS 5% 04/39","30yr",,,,,"330204.4",,,,,,""
"2021-08-11","'3131XAWN7'","MBS","UMBS MORTPASS 2.5% 11/29","15yr",,,,,"330153.18",,,,,,""
"2021-08-11","'3138XKUL6'","MBS","UMBS MORTPASS 4% 01/44","30yr",,,,,"329950.26",,,,,,""
"2021-08-11","'3131X7MR6'","MBS","UMBS MORTPASS 3% 03/27","15yr",,,,,"329899.82",,,,,,""
"2021-08-11","'31418CM43'","MBS","UMBS MORTPASS 3% 07/37","Other",,,,,"329857.66",,,,,,""
"2021-08-11","'3620A5ZB8'","MBS","GNMA I MORTPASS 5% 10/39","30yr",,,,,"329775.28",,,,,,""
"2021-08-11","'3138LUBK0'","MBS","UMBS MORTPASS 3% 05/27","15yr",,,,,"329774.18",,,,,,""
"2021-08-11","'3138NXRC3'","MBS","UMBS MORTPASS 3.5% 01/28","15yr",,,,,"329773.59",,,,,,""
"2021-08-11","'3138YVEK1'","MBS","UMBS MORTPASS 3% 11/45","30yr",,,,,"329728.73",,,,,,""
"2021-08-11","'3132DMS22'","MBS","UMBS MORTPASS 2% 03/51","30yr",,,,,"329675.22",,,,,,""
"2021-08-11","'3128MMR62'","MBS","FHLMCGLD 3% 04/29","15yr",,,,,"329479.49",,,,,,""
"2021-08-11","'3140FAP89'","MBS","UMBS MORTPASS 3% 08/46","30yr",,,,,"329430.47",,,,,,""
"2021-08-11","'3140HJ4H1'","MBS","UMBS MORTPASS 4% 06/33","15yr",,,,,"329359.48",,,,,,""
"2021-08-11","'3132WKU22'","MBS","FHLMCGLD 3% 02/47","30yr",,,,,"329351.32",,,,,,""
"2021-08-11","'3132A75J6'","MBS","UMBS MORTPASS 2.5% 04/25","Other",,,,,"329301.57",,,,,,""
"2021-08-11","'3620A7KN4'","MBS","GNMA I MORTPASS 5% 02/40","30yr",,,,,"329240.2",,,,,,""
"2021-08-11","'3128MCDQ5'","MBS","FHLMCGLD 4.5% 04/24","15yr",,,,,"329236.63",,,,,,""
"2021-08-11","'3620A13Y2'","MBS","GNMA I 4.5% 07/39","30yr",,,,,"329036.51",,,,,,""
"2021-08-11","'3132A7VK4'","MBS","UMBS MORTPASS 3.5% 12/26","15yr",,,,,"329024.43",,,,,,""
"2021-08-11","'3138AXXQ9'","MBS","UMBS MORTPASS 3% 12/26","15yr",,,,,"328993.62",,,,,,""
"2021-08-11","'3128MMTE3'","MBS","FHLMCGLD 2% 04/30","15yr",,,,,"328972.08",,,,,,""
"2021-08-11","'31307GNR6'","MBS","FHLMCGLD 3.5% 03/29","15yr",,,,,"328679.83",,,,,,""
"2021-08-11","'3138YRNK0'","MBS","UMBS MORTPASS 3% 06/45","30yr",,,,,"328672.88",,,,,,""
"2021-08-11","'3138AVRK3'","MBS","UMBS MORTPASS 3.5% 10/26","15yr",,,,,"328659.63",,,,,,""
"2021-08-11","'3132A9TK3'","MBS","UMBS MORTPASS 3% 05/32","15yr",,,,,"328651.19",,,,,,""
"2021-08-11","'3620ABDD5'","MBS","GNMA I MORTPASS 5% 01/40","30yr",,,,,"328635.37",,,,,,""
"2021-08-11","'3138MD5A6'","MBS","UMBS MORTPASS 3% 10/27","15yr",,,,,"328624.48",,,,,,""
"2021-08-11","'31329N7B8'","MBS","UMBS MORTPASS 2.5% 04/48","30yr",,,,,"328455.29",,,,,,""
"2021-08-11","'36297KM99'","MBS","GNMA I MORTPASS 4% 06/39","30yr",,,,,"328450.57",,,,,,""
"2021-08-11","'36177PEJ0'","MBS","GNMA I 3.5% 06/42","30yr",,,,,"328421.14",,,,,,""
"2021-08-11","'31415Y4L0'","MBS","UMBS MORTPASS 6.5% 07/38","30yr",,,,,"328411.2",,,,,,""
"2021-08-11","'3128P7MP5'","MBS","FHLMCGLD 4% 09/29","Other",,,,,"328342.04",,,,,,""
"2021-08-11","'3138ERYE4'","MBS","UMBS MORTPASS 2.5% 03/31","15yr",,,,,"328301.5",,,,,,""
"2021-08-11","'3132A7JZ5'","MBS","UMBS MORTPASS 3% 04/27","15yr",,,,,"328122.19",,,,,,""
"2021-08-11","'3131Y16V7'","MBS","UMBS MORTPASS 3.5% 07/48","30yr",,,,,"328038.06",,,,,,""
"2021-08-11","'3138W2ZU2'","MBS","UMBS MORTPASS 2.5% 02/28","15yr",,,,,"327892.35",,,,,,""
"2021-08-11","'3133G7EM1'","MBS","UMBS MORTPASS 2.5% 11/34","15yr",,,,,"327808.93",,,,,,""
"2021-08-11","'3140K3P97'","MBS","UMBS MORTPASS 3% 02/50","30yr",,,,,"327749.05",,,,,,""
"2021-08-11","'3138W2W50'","MBS","UMBS MORTPASS 3% 05/28","15yr",,,,,"327699.87",,,,,,""
"2021-08-11","'31329K3G7'","MBS","UMBS MORTPASS 3% 12/25","15yr",,,,,"327578.98",,,,,,""
"2021-08-11","'3140HDXE9'","MBS","UMBS MORTPASS 3% 02/45","30yr",,,,,"327550.53",,,,,,""
"2021-08-11","'31417GU46'","MBS","UMBS MORTPASS 2.5% 06/23","Other",,,,,"327398.83",,,,,,""
"2021-08-11","'3138WUXM0'","MBS","UMBS MORTPASS 2.5% 05/28","15yr",,,,,"327347.93",,,,,,""
"2021-08-11","'3620AWC81'","MBS","GNMA I MORTPASS 4% 11/41","30yr",,,,,"327120.56",,,,,,""
"2021-08-11","'3138XF5X9'","MBS","UMBS MORTPASS 3% 01/29","15yr",,,,,"327115.78",,,,,,""
"2021-08-11","'3140QDKP8'","MBS","UMBS MORTPASS 2.5% 05/50","30yr",,,,,"326962.67",,,,,,""
"2021-08-11","'3132JBN82'","MBS","FHLMCGLD 3.5% 07/43","30yr",,,,,"326770.8",,,,,,""
"2021-08-11","'3140X4NT9'","MBS","UMBS MORTPASS 2.5% 03/29","15yr",,,,,"326573.69",,,,,,""
"2021-08-11","'3620ABG91'","MBS","GNMA I MORTPASS 4% 12/40","30yr",,,,,"326559.7",,,,,,""
"2021-08-11","'31346YXK4'","MBS","UMBS MORTPASS 3% 12/49","30yr",,,,,"326447.42",,,,,,""
"2021-08-11","'3138W3CW1'","MBS","UMBS MORTPASS 3% 02/28","15yr",,,,,"326424.98",,,,,,""
"2021-08-11","'31418B4Y9'","MBS","UMBS MORTPASS 2.5% 04/36","Other",,,,,"326421.91",,,,,,""
"2021-08-11","'31334WJD4'","MBS","UMBS MORTPASS 4.5% 05/49","30yr",,,,,"326386.7",,,,,,""
"2021-08-11","'3138WFT55'","MBS","UMBS MORTPASS 3% 10/30","15yr",,,,,"326317.5",,,,,,""
"2021-08-11","'3138Y27C1'","MBS","UMBS MORTPASS 4% 09/44","30yr",,,,,"326259.91",,,,,,""
"2021-08-11","'3138E4RL7'","MBS","UMBS MORTPASS 3% 01/27","15yr",,,,,"326246.49",,,,,,""
"2021-08-11","'3128MMXU2'","MBS","FHLMCGLD 4% 04/33","15yr",,,,,"326151.5",,,,,,""
"2021-08-11","'3131X7F52'","MBS","UMBS MORTPASS 3% 12/26","15yr",,,,,"326101.05",,,,,,""
"2021-08-11","'3138XBZV9'","MBS","UMBS MORTPASS 3.5% 10/28","15yr",,,,,"325927.17",,,,,,""
"2021-08-11","'3140HFEH8'","MBS","UMBS MORTPASS 3% 03/33","15yr",,,,,"325785.25",,,,,,""
"2021-08-11","'3138XKPY4'","MBS","UMBS MORTPASS 4.5% 02/44","30yr",,,,,"325754.41",,,,,,""
"2021-08-11","'31418BLL8'","MBS","UMBS MORTPASS 3.5% 12/29","15yr",,,,,"325715.5",,,,,,""
"2021-08-11","'3140X4UL8'","MBS","UMBS MORTPASS 2.5% 10/39","Other",,,,,"325595.23",,,,,,""
"2021-08-11","'31307F4B4'","MBS","FHLMCGLD 3% 01/29","15yr",,,,,"325561.01",,,,,,""
"2021-08-11","'3138WMQZ7'","MBS","UMBS MORTPASS 3% 03/28","15yr",,,,,"325532.22",,,,,,""
"2021-08-11","'3138WRK90'","MBS","UMBS MORTPASS 3.5% 08/43","30yr",,,,,"325454.32",,,,,,""
"2021-08-11","'3138EKLV5'","MBS","UMBS MORTPASS 3.5% 10/27","15yr",,,,,"325447.83",,,,,,""
"2021-08-11","'3138YJ3M6'","MBS","UMBS MORTPASS 3.5% 03/45","30yr",,,,,"325308.11",,,,,,""
"2021-08-11","'3132A9NS2'","MBS","UMBS MORTPASS 2.5% 09/28","15yr",,,,,"325269.53",,,,,,""
"2021-08-11","'36180JFW9'","MBS","GNMA I 3.5% 06/43","30yr",,,,,"325025.96",,,,,,""
"2021-08-11","'3140HEA93'","MBS","UMBS MORTPASS 3% 07/33","15yr",,,,,"324906.8",,,,,,""
"2021-08-11","'3140H8UG8'","MBS","UMBS MORTPASS 3.5% 06/33","15yr",,,,,"324901.6",,,,,,""
"2021-08-11","'3131X7GJ1'","MBS","UMBS MORTPASS 3% 12/26","15yr",,,,,"324879.89",,,,,,""
"2021-08-11","'3138WFG26'","MBS","UMBS MORTPASS 2.5% 08/30","15yr",,,,,"324813.79",,,,,,""
"2021-08-11","'3140HL2N5'","MBS","UMBS MORTPASS 3.5% 06/33","15yr",,,,,"324805.81",,,,,,""
"2021-08-11","'3620AB4Y9'","MBS","GNMA I MORTPASS 5% 12/39","30yr",,,,,"324800.87",,,,,,""
"2021-08-11","'31417DSA2'","MBS","UMBS MORTPASS 2.5% 11/27","15yr",,,,,"324585.73",,,,,,""
"2021-08-11","'3138LXSH3'","MBS","UMBS MORTPASS 3% 06/27","15yr",,,,,"324449",,,,,,""
"2021-08-11","'36177QA60'","MBS","GNMA I MORTPASS 3% 04/43","30yr",,,,,"324387.66",,,,,,""
"2021-08-11","'3138M3YM0'","MBS","UMBS MORTPASS 3% 08/27","15yr",,,,,"324337.53",,,,,,""
"2021-08-11","'3132A9SN8'","MBS","UMBS MORTPASS 3% 10/31","15yr",,,,,"324293.71",,,,,,""
"2021-08-11","'31307FFJ5'","MBS","FHLMCGLD 3.5% 11/28","15yr",,,,,"324227.98",,,,,,""
"2021-08-11","'3131Y0KD3'","MBS","UMBS MORTPASS 4% 02/48","30yr",,,,,"324221.59",,,,,,""
"2021-08-11","'36297FJW3'","MBS","GNMA I MORTPASS 5% 09/39","30yr",,,,,"324178.85",,,,,,""
"2021-08-11","'3140GNZT3'","MBS","UMBS MORTPASS 4% 07/49","30yr",,,,,"324071.61",,,,,,""
"2021-08-11","'3140E8H76'","MBS","UMBS MORTPASS 2.5% 01/32","15yr",,,,,"324066.54",,,,,,""
"2021-08-11","'3138WRSS0'","MBS","UMBS MORTPASS 2.5% 05/28","15yr",,,,,"323843.39",,,,,,""
"2021-08-11","'3132A7V57'","MBS","UMBS MORTPASS 2% 08/23","Other",,,,,"323607.05",,,,,,""
"2021-08-11","'36296AGX6'","MBS","GNMA I 4.5% 03/39","30yr",,,,,"323537.01",,,,,,""
"2021-08-11","'3138WE3F4'","MBS","UMBS MORTPASS 2.5% 07/30","15yr",,,,,"323418.21",,,,,,""
"2021-08-11","'3138YVUP2'","MBS","UMBS MORTPASS 3% 07/30","15yr",,,,,"323401.03",,,,,,""
"2021-08-11","'36178QXL1'","MBS","GNMA I MORTPASS 3% 09/42","30yr",,,,,"323398.13",,,,,,""
"2021-08-11","'31307TXU0'","MBS","FHLMCGLD 3.5% 05/32","15yr",,,,,"323273.02",,,,,,""
"2021-08-11","'3140HAQK9'","MBS","UMBS MORTPASS 3% 03/33","15yr",,,,,"323201.38",,,,,,""
"2021-08-11","'31417GGV2'","MBS","UMBS MORTPASS 2% 05/28","15yr",,,,,"322963.21",,,,,,""
"2021-08-11","'3138MPFH3'","MBS","UMBS MORTPASS 2.5% 02/28","15yr",,,,,"322744.65",,,,,,""
"2021-08-11","'31412QVS5'","MBS","UMBS MORTPASS 4% 12/24","15yr",,,,,"322701.96",,,,,,""
"2021-08-11","'3132KFBY7'","MBS","FHLMCGLD 2.5% 10/30","15yr",,,,,"322637.1",,,,,,""
"2021-08-11","'3140HFZT9'","MBS","UMBS MORTPASS 3% 03/33","15yr",,,,,"322634.67",,,,,,""
"2021-08-11","'3138YPUJ9'","MBS","UMBS MORTPASS 3.5% 05/45","30yr",,,,,"322474.07",,,,,,""
"2021-08-11","'36177WFB1'","MBS","GNMA I 3.5% 05/42","30yr",,,,,"322149.23",,,,,,""
"2021-08-11","'3140H7RT6'","MBS","UMBS MORTPASS 3.5% 03/48","30yr",,,,,"322130.64",,,,,,""
"2021-08-11","'3138YRY93'","MBS","UMBS MORTPASS 2.5% 05/30","15yr",,,,,"322041.18",,,,,,""
"2021-08-11","'3140JKZR0'","MBS","UMBS MORTPASS 3.5% 02/49","30yr",,,,,"322024.47",,,,,,""
"2021-08-11","'3138WTQK5'","MBS","UMBS MORTPASS 4% 06/43","30yr",,,,,"322017.01",,,,,,""
"2021-08-11","'3140FPCG2'","MBS","UMBS MORTPASS 3.5% 06/47","30yr",,,,,"321917.24",,,,,,""
"2021-08-11","'3138MC5T7'","MBS","UMBS MORTPASS 2.5% 10/27","15yr",,,,,"321897.73",,,,,,""
"2021-08-11","'31307PCL1'","MBS","FHLMCGLD 2.5% 07/30","15yr",,,,,"321860.81",,,,,,""
"2021-08-11","'3138NYPB5'","MBS","UMBS MORTPASS 3% 05/28","15yr",,,,,"321696.18",,,,,,""
"2021-08-11","'3131YAXR6'","MBS","UMBS MORTPASS 3% 03/49","30yr",,,,,"321672.34",,,,,,""
"2021-08-11","'3138X5W86'","MBS","UMBS MORTPASS 3% 08/28","15yr",,,,,"321412.62",,,,,,""
"2021-08-11","'31335AWU8'","MBS","FHLMCGLD 3.5% 08/46","30yr",,,,,"321370.88",,,,,,""
"2021-08-11","'31307WJB1'","MBS","FHLMCGLD 3.5% 07/33","15yr",,,,,"321368.95",,,,,,""
"2021-08-11","'3132A7QK0'","MBS","UMBS MORTPASS 3% 11/27","15yr",,,,,"321274.12",,,,,,""
"2021-08-11","'31417AH93'","MBS","UMBS MORTPASS 2.5% 11/26","15yr",,,,,"321128.35",,,,,,""
"2021-08-11","'3133AD4H6'","MBS","UMBS MORTPASS 2.5% 01/51","30yr",,,,,"321125.78",,,,,,""
"2021-08-11","'36180KB91'","MBS","GNMA I MORTPASS 3% 03/43","30yr",,,,,"321057.23",,,,,,""
"2021-08-11","'36241LW51'","MBS","GNMA II 4.5% 07/41","30yr",,,,,"321017.64",,,,,,""
"2021-08-11","'31307PB81'","MBS","FHLMCGLD 2.5% 09/30","15yr",,,,,"321004.24",,,,,,""
"2021-08-11","'31329K6X7'","MBS","UMBS MORTPASS 3% 02/27","15yr",,,,,"320940.6",,,,,,""
"2021-08-11","'3138E9XA3'","MBS","UMBS MORTPASS 3% 03/27","15yr",,,,,"320870.33",,,,,,""
"2021-08-11","'3138WDNQ0'","MBS","UMBS MORTPASS 3% 12/44","30yr",,,,,"320740.22",,,,,,""
"2021-08-11","'3140L2PP2'","MBS","UMBS MORTPASS 2% 02/51","30yr",,,,,"320707.79",,,,,,""
"2021-08-11","'3140JQVR1'","MBS","UMBS MORTPASS 3.5% 03/49","30yr",,,,,"320605.14",,,,,,""
"2021-08-11","'3131X75N4'","MBS","UMBS MORTPASS 2.5% 09/27","15yr",,,,,"320435.86",,,,,,""
"2021-08-11","'3138W0MF3'","MBS","UMBS MORTPASS 3% 01/28","15yr",,,,,"320257.12",,,,,,""
"2021-08-11","'3138WA6K8'","MBS","UMBS MORTPASS 4% 02/44","30yr",,,,,"320161.43",,,,,,""
"2021-08-11","'3138MKLS3'","MBS","UMBS MORTPASS 3% 04/28","15yr",,,,,"320090.94",,,,,,""
"2021-08-11","'3138W4T68'","MBS","UMBS MORTPASS 2% 02/28","15yr",,,,,"320082.75",,,,,,""
"2021-08-11","'3131X7WA2'","MBS","UMBS MORTPASS 2.5% 07/27","15yr",,,,,"320007.89",,,,,,""
"2021-08-11","'3132QQQ54'","MBS","FHLMCGLD 3.5% 06/45","30yr",,,,,"319759.24",,,,,,""
"2021-08-11","'3138WU7D9'","MBS","UMBS MORTPASS 2.5% 05/28","15yr",,,,,"319643.88",,,,,,""
"2021-08-11","'3131X7Q76'","MBS","UMBS MORTPASS 2.5% 04/22","Other",,,,,"319607.95",,,,,,""
"2021-08-11","'3140F9DN2'","MBS","UMBS MORTPASS 3% 07/31","15yr",,,,,"319532.41",,,,,,""
"2021-08-11","'3138YELL9'","MBS","UMBS MORTPASS 3% 01/30","15yr",,,,,"319514.29",,,,,,""
"2021-08-11","'3128PUV82'","MBS","FHLMCGLD 4% 05/26","15yr",,,,,"319114.29",,,,,,""
"2021-08-11","'3140JVSJ2'","MBS","UMBS MORTPASS 3.5% 09/49","30yr",,,,,"318840.95",,,,,,""
"2021-08-11","'3138M5TD1'","MBS","UMBS MORTPASS 3% 10/27","15yr",,,,,"318600.2",,,,,,""
"2021-08-11","'3133A77F0'","MBS","UMBS MORTPASS 2.5% 08/50","30yr",,,,,"318574.33",,,,,,""
"2021-08-11","'3138WP2U7'","MBS","UMBS MORTPASS 2.5% 06/28","15yr",,,,,"318466.22",,,,,,""
"2021-08-11","'3138MRDQ1'","MBS","UMBS MORTPASS 2.5% 12/27","15yr",,,,,"318341.58",,,,,,""
"2021-08-11","'31416XW22'","MBS","UMBS MORTPASS 4% 01/41","30yr",,,,,"318251.74",,,,,,""
"2021-08-11","'3620ABDT0'","MBS","GNMA I MORTPASS 5% 03/40","30yr",,,,,"318166.69",,,,,,""
"2021-08-11","'36178YWY7'","MBS","GNMA I 3.5% 07/43","30yr",,,,,"318166.31",,,,,,""
"2021-08-11","'3138E5HS0'","MBS","UMBS MORTPASS 3% 02/27","15yr",,,,,"318152.88",,,,,,""
"2021-08-11","'3138A14Y4'","MBS","UMBS MORTPASS 4% 12/40","30yr",,,,,"318142.02",,,,,,""
"2021-08-11","'36202DYX3'","MBS","GNMA II MORTPASS 4% 07/33","30yr",,,,,"318135.27",,,,,,""
"2021-08-11","'3138X7H22'","MBS","UMBS MORTPASS 3% 08/28","15yr",,,,,"317915.73",,,,,,""
"2021-08-11","'3132A9R33'","MBS","UMBS MORTPASS 3% 04/31","15yr",,,,,"317714.72",,,,,,""
"2021-08-11","'3138W7V43'","MBS","UMBS MORTPASS 2.5% 04/28","15yr",,,,,"317659.42",,,,,,""
"2021-08-11","'3138YTVA9'","MBS","UMBS MORTPASS 3% 06/30","15yr",,,,,"317517.41",,,,,,""
"2021-08-11","'3138E5NT1'","MBS","UMBS MORTPASS 3% 02/27","15yr",,,,,"317515.51",,,,,,""
"2021-08-11","'3140JKV37'","MBS","UMBS MORTPASS 4.5% 12/48","30yr",,,,,"317470.02",,,,,,""
"2021-08-11","'36230MS32'","MBS","GNMA I 3.5% 08/43","30yr",,,,,"317314.71",,,,,,""
"2021-08-11","'3131X7P85'","MBS","UMBS MORTPASS 3% 04/27","15yr",,,,,"317194.84",,,,,,""
"2021-08-11","'3138E4MZ1'","MBS","UMBS MORTPASS 3% 02/27","15yr",,,,,"317168.12",,,,,,""
"2021-08-11","'3140JV6B3'","MBS","UMBS MORTPASS 3% 07/34","15yr",,,,,"317108.92",,,,,,""
"2021-08-11","'3138LUAR6'","MBS","UMBS MORTPASS 3% 05/27","15yr",,,,,"317028.44",,,,,,""
"2021-08-11","'3132M7QR2'","MBS","FHLMCGLD 3.5% 07/44","30yr",,,,,"316952.69",,,,,,""
"2021-08-11","'3140X4UF1'","MBS","UMBS MORTPASS 2% 03/33","15yr",,,,,"316922.18",,,,,,""
"2021-08-11","'3132A8MQ9'","MBS","UMBS MORTPASS 2% 11/26","Other",,,,,"316921.34",,,,,,""
"2021-08-11","'3138XEFG8'","MBS","UMBS MORTPASS 3% 12/28","15yr",,,,,"316690.91",,,,,,""
"2021-08-11","'3620A5X20'","MBS","GNMA I MORTPASS 5% 10/39","30yr",,,,,"316683.88",,,,,,""
"2021-08-11","'31329LC26'","MBS","UMBS MORTPASS 2.5% 12/27","15yr",,,,,"316657.09",,,,,,""
"2021-08-11","'3140H6FU8'","MBS","UMBS MORTPASS 4.5% 01/48","30yr",,,,,"316631.73",,,,,,""
"2021-08-11","'31329PAR4'","MBS","UMBS MORTPASS 3.5% 05/48","30yr",,,,,"316622.25",,,,,,""
"2021-08-11","'36296LM72'","MBS","GNMA I MORTPASS 4% 04/39","30yr",,,,,"316358.97",,,,,,""
"2021-08-11","'3140H9L35'","MBS","UMBS MORTPASS 3% 12/33","15yr",,,,,"316268.03",,,,,,""
"2021-08-11","'3140H7Z91'","MBS","UMBS MORTPASS 3.5% 02/48","30yr",,,,,"316159.69",,,,,,""
"2021-08-11","'3138X0K80'","MBS","UMBS MORTPASS 2.5% 07/28","15yr",,,,,"316060.67",,,,,,""
"2021-08-11","'3140KPSK0'","MBS","UMBS MORTPASS 1.5% 09/35","15yr",,,,,"316053.9",,,,,,""
"2021-08-11","'31417QUL6'","MBS","UMBS MORTPASS 5% 10/39","30yr",,,,,"316046.01",,,,,,""
"2021-08-11","'3132ADZR2'","MBS","UMBS MORTPASS 3% 01/34","15yr",,,,,"316042.98",,,,,,""
"2021-08-11","'3131X8JS6'","MBS","UMBS MORTPASS 2% 12/22","Other",,,,,"316008.21",,,,,,""
"2021-08-11","'3138EJQ27'","MBS","UMBS MORTPASS 3% 07/27","15yr",,,,,"315798.12",,,,,,""
"2021-08-11","'3138MFUV7'","MBS","UMBS MORTPASS 3% 10/42","30yr",,,,,"315709.47",,,,,,""
"2021-08-11","'36176LYY5'","MBS","GNMA I 3.5% 12/41","30yr",,,,,"315705.04",,,,,,""
"2021-08-11","'3138YGNU2'","MBS","UMBS MORTPASS 3% 04/45","30yr",,,,,"315515.15",,,,,,""
"2021-08-11","'3133G8BH3'","MBS","UMBS MORTPASS 2.5% 03/35","15yr",,,,,"315052.14",,,,,,""
"2021-08-11","'3620A6WJ2'","MBS","GNMA I MORTPASS 5% 10/39","30yr",,,,,"315028.52",,,,,,""
"2021-08-11","'3138AY2D0'","MBS","UMBS MORTPASS 4% 02/42","30yr",,,,,"315003.78",,,,,,""
"2021-08-11","'3138WALF2'","MBS","UMBS MORTPASS 3.5% 12/43","30yr",,,,,"314981.24",,,,,,""
"2021-08-11","'36179VDQ0'","MBS","GNMA II MORTPASS 4% 01/50","30yr",,,,,"314918.93",,,,,,""
"2021-08-11","'3140JGUW3'","MBS","UMBS MORTPASS 3% 12/33","15yr",,,,,"314849.89",,,,,,""
"2021-08-11","'31418AFW3'","MBS","UMBS MORTPASS 3% 06/22","Other",,,,,"314848.82",,,,,,""
"2021-08-11","'31307UAH1'","MBS","FHLMCGLD 3.5% 06/32","15yr",,,,,"314764.73",,,,,,""
"2021-08-11","'31416X7F1'","MBS","UMBS MORTPASS 4.5% 04/41","30yr",,,,,"314687.25",,,,,,""
"2021-08-11","'3140HJQM6'","MBS","UMBS MORTPASS 3.5% 05/33","15yr",,,,,"314601.69",,,,,,""
"2021-08-11","'3140L3GC9'","MBS","UMBS MORTPASS 2% 03/51","30yr",,,,,"314561.99",,,,,,""
"2021-08-11","'36295RWF1'","MBS","GNMA I MORTPASS 5% 11/39","30yr",,,,,"314423.26",,,,,,""
"2021-08-11","'36297ADQ3'","MBS","GNMA I 4.5% 08/39","30yr",,,,,"314255.36",,,,,,""
"2021-08-11","'3131XDWU5'","MBS","UMBS MORTPASS 3% 08/33","15yr",,,,,"314163.56",,,,,,""
"2021-08-11","'3140KDDD9'","MBS","UMBS MORTPASS 3% 06/50","30yr",,,,,"314088.23",,,,,,""
"2021-08-11","'36297BAZ4'","MBS","GNMA I MORTPASS 5% 04/39","30yr",,,,,"314061.9",,,,,,""
"2021-08-11","'3131Y2V54'","MBS","UMBS MORTPASS 3% 08/48","30yr",,,,,"313981.4",,,,,,""
"2021-08-11","'36181BNV8'","MBS","GNMA I MORTPASS 4% 07/43","30yr",,,,,"313967.97",,,,,,""
"2021-08-11","'3138W9LU2'","MBS","UMBS MORTPASS 2% 08/28","15yr",,,,,"313933.71",,,,,,""
"2021-08-11","'3620A1TL2'","MBS","GNMA I MORTPASS 5% 10/39","30yr",,,,,"313907.63",,,,,,""
"2021-08-11","'3138X5PA9'","MBS","UMBS MORTPASS 3% 08/28","15yr",,,,,"313883.07",,,,,,""
"2021-08-11","'3140QFSX8'","MBS","UMBS MORTPASS 2.5% 11/50","30yr",,,,,"313867.92",,,,,,""
"2021-08-11","'31329LAK8'","MBS","UMBS MORTPASS 3% 04/27","15yr",,,,,"313784.01",,,,,,""
"2021-08-11","'3140E8PP7'","MBS","UMBS MORTPASS 3% 11/30","15yr",,,,,"313767.65",,,,,,""
"2021-08-11","'3620AE3U2'","MBS","GNMA I MORTPASS 5% 12/39","30yr",,,,,"313715.73",,,,,,""
"2021-08-11","'3138LWT84'","MBS","UMBS MORTPASS 3% 06/27","15yr",,,,,"313601.99",,,,,,""
"2021-08-11","'3140XANJ7'","MBS","UMBS MORTPASS 2% 04/36","15yr",,,,,"313475.47",,,,,,""
"2021-08-11","'3620AAXW3'","MBS","GNMA I 4.5% 10/39","30yr",,,,,"313468.47",,,,,,""
"2021-08-11","'31307LLT3'","MBS","FHLMCGLD 2.5% 12/29","15yr",,,,,"313290.78",,,,,,""
"2021-08-11","'3140FR5H4'","MBS","UMBS MORTPASS 3.5% 04/32","15yr",,,,,"313228.98",,,,,,""
"2021-08-11","'3128MJW48'","MBS","FHLMCGLD 3% 09/45","30yr",,,,,"313153.81",,,,,,""
"2021-08-11","'3620A4RE4'","MBS","GNMA I MORTPASS 5% 08/39","30yr",,,,,"313146.67",,,,,,""
"2021-08-11","'3138YNTQ0'","MBS","UMBS MORTPASS 2.5% 08/30","15yr",,,,,"313121.39",,,,,,""
"2021-08-11","'31307SAR4'","MBS","FHLMCGLD 2.5% 10/31","15yr",,,,,"312980.3",,,,,,""
"2021-08-11","'3132A8BK4'","MBS","UMBS MORTPASS 2% 08/25","Other",,,,,"312875.74",,,,,,""
"2021-08-11","'3132HPJZ8'","MBS","FHLMCGLD 3.5% 11/42","30yr",,,,,"312554.57",,,,,,""
"2021-08-11","'3140GYZ44'","MBS","UMBS MORTPASS 2.5% 02/33","15yr",,,,,"312270.92",,,,,,""
"2021-08-11","'3140HBJ90'","MBS","UMBS MORTPASS 4% 02/48","30yr",,,,,"312196.66",,,,,,""
"2021-08-11","'36295CH79'","MBS","GNMA I MORTPASS 3% 05/43","30yr",,,,,"312154.29",,,,,,""
"2021-08-11","'31417GXV3'","MBS","UMBS MORTPASS 2.5% 06/23","Other",,,,,"312090.74",,,,,,""
"2021-08-11","'36176EQL8'","MBS","GNMA I 3.5% 11/41","30yr",,,,,"312064.37",,,,,,""
"2021-08-11","'36297G5S5'","MBS","GNMA I 4.5% 04/39","30yr",,,,,"312034.25",,,,,,""
"2021-08-11","'31307PPH6'","MBS","FHLMCGLD 2.5% 11/30","15yr",,,,,"311970.79",,,,,,""
"2021-08-11","'3131Y7YJ0'","MBS","UMBS MORTPASS 4% 11/48","30yr",,,,,"311895.27",,,,,,""
"2021-08-11","'3620A9K91'","MBS","GNMA I MORTPASS 4% 04/42","30yr",,,,,"311871.63",,,,,,""
"2021-08-11","'31307PEV7'","MBS","FHLMCGLD 2.5% 09/30","15yr",,,,,"311723.55",,,,,,""
"2021-08-11","'3132JNRB5'","MBS","FHLMCGLD 4% 09/43","30yr",,,,,"311676.33",,,,,,""
"2021-08-11","'3138WWZK8'","MBS","UMBS MORTPASS 2.5% 06/28","15yr",,,,,"311644.94",,,,,,""
"2021-08-11","'36294WXF0'","MBS","GNMA I 4.5% 03/39","30yr",,,,,"311481.75",,,,,,""
"2021-08-11","'3138MPE27'","MBS","UMBS MORTPASS 2.5% 12/27","15yr",,,,,"311477.37",,,,,,""
"2021-08-11","'3140HJ6S5'","MBS","UMBS MORTPASS 3.5% 06/48","30yr",,,,,"311227.87",,,,,,""
"2021-08-11","'3138W5DR6'","MBS","UMBS MORTPASS 3% 08/28","15yr",,,,,"311200.68",,,,,,""
"2021-08-11","'3132WQAF2'","MBS","FHLMCGLD 3% 08/47","30yr",,,,,"311150.41",,,,,,""
"2021-08-11","'3138XPQD8'","MBS","UMBS MORTPASS 3% 02/29","15yr",,,,,"311055.91",,,,,,""
"2021-08-11","'312930N22'","MBS","FHLMCGLD 5% 01/39","30yr",,,,,"311018.46",,,,,,""
"2021-08-11","'36180NZG3'","MBS","GNMA I 3.5% 06/43","30yr",,,,,"310979.86",,,,,,""
"2021-08-11","'3138EQKK7'","MBS","UMBS MORTPASS 3.5% 09/40","30yr",,,,,"310961.18",,,,,,""
"2021-08-11","'31307JKV4'","MBS","FHLMCGLD 2.5% 09/29","15yr",,,,,"310885.99",,,,,,""
"2021-08-11","'3140JHFQ1'","MBS","UMBS MORTPASS 3.5% 12/48","30yr",,,,,"310875.73",,,,,,""
"2021-08-11","'3620AASJ8'","MBS","GNMA I 4.5% 08/39","30yr",,,,,"310848.82",,,,,,""
"2021-08-11","'3132WK5B0'","MBS","FHLMCGLD 3% 01/47","30yr",,,,,"310837.5",,,,,,""
"2021-08-11","'36296MGE2'","MBS","GNMA I 4.5% 04/39","30yr",,,,,"310830.26",,,,,,""
"2021-08-11","'36297JXX7'","MBS","GNMA I MORTPASS 4% 07/39","30yr",,,,,"310724.64",,,,,,""
"2021-08-11","'36177NT91'","MBS","GNMA I MORTPASS 3% 07/42","30yr",,,,,"310710.48",,,,,,""
"2021-08-11","'3140FNGT5'","MBS","UMBS MORTPASS 3.5% 12/46","30yr",,,,,"310705.19",,,,,,""
"2021-08-11","'3138YTZK3'","MBS","UMBS MORTPASS 2.5% 09/30","15yr",,,,,"310672.95",,,,,,""
"2021-08-11","'3138X22Y9'","MBS","UMBS MORTPASS 3% 09/28","15yr",,,,,"310543.23",,,,,,""
"2021-08-11","'3138XUYT3'","MBS","UMBS MORTPASS 4% 05/44","30yr",,,,,"310509.46",,,,,,""
"2021-08-11","'36297DWS2'","MBS","GNMA I MORTPASS 4% 10/41","30yr",,,,,"310479.78",,,,,,""
"2021-08-11","'3140GRSD7'","MBS","UMBS MORTPASS 3% 07/32","15yr",,,,,"310387.56",,,,,,""
"2021-08-11","'36176HTF1'","MBS","GNMA I 3.5% 05/42","30yr",,,,,"310258.92",,,,,,""
"2021-08-11","'3128MDXU2'","MBS","FHLMCGLD 4% 01/29","15yr",,,,,"310163.7",,,,,,""
"2021-08-11","'3138WEJL4'","MBS","UMBS MORTPASS 2.5% 04/30","15yr",,,,,"310100.71",,,,,,""
"2021-08-11","'3131X8E44'","MBS","UMBS MORTPASS 2.5% 11/27","15yr",,,,,"309929.52",,,,,,""
"2021-08-11","'3138YJGD2'","MBS","UMBS MORTPASS 3% 05/31","15yr",,,,,"309864.19",,,,,,""
"2021-08-11","'3140HDLP7'","MBS","UMBS MORTPASS 3.5% 09/49","30yr",,,,,"309864.08",,,,,,""
"2021-08-11","'3140JJEA3'","MBS","UMBS MORTPASS 3.5% 10/48","30yr",,,,,"309858.19",,,,,,""
"2021-08-11","'31307PD55'","MBS","FHLMCGLD 2.5% 09/30","15yr",,,,,"309847.86",,,,,,""
"2021-08-11","'3132A9R25'","MBS","UMBS MORTPASS 2.5% 04/31","15yr",,,,,"309825.44",,,,,,""
"2021-08-11","'3138WEJP5'","MBS","UMBS MORTPASS 2.5% 04/30","15yr",,,,,"309801.38",,,,,,""
"2021-08-11","'3138YXNQ4'","MBS","UMBS MORTPASS 3% 09/30","15yr",,,,,"309781.83",,,,,,""
"2021-08-11","'3138WMMY4'","MBS","UMBS MORTPASS 2.5% 03/28","15yr",,,,,"309622.86",,,,,,""
"2021-08-11","'3131XYDE6'","MBS","UMBS MORTPASS 3.5% 10/47","30yr",,,,,"309608.07",,,,,,""
"2021-08-11","'3620ADL91'","MBS","GNMA I MORTPASS 5% 11/39","30yr",,,,,"309551.54",,,,,,""
"2021-08-11","'36296YZD7'","MBS","GNMA I 4.5% 06/39","30yr",,,,,"309531.78",,,,,,""
"2021-08-11","'3140JN6C9'","MBS","UMBS MORTPASS 4% 04/49","30yr",,,,,"309476.05",,,,,,""
"2021-08-11","'3138XW5X2'","MBS","UMBS MORTPASS 3.5% 06/29","15yr",,,,,"309472.87",,,,,,""
"2021-08-11","'3138EQAS1'","MBS","UMBS MORTPASS 3% 01/30","15yr",,,,,"309409.18",,,,,,""
"2021-08-11","'3132WDCH5'","MBS","FHLMCGLD 4% 04/46","30yr",,,,,"309373.69",,,,,,""
"2021-08-11","'3133L7X51'","MBS","UMBS MORTPASS 2% 10/35","15yr",,,,,"309186.44",,,,,,""
"2021-08-11","'31306YGS4'","MBS","FHLMCGLD 3.5% 11/27","15yr",,,,,"309158.05",,,,,,""
"2021-08-11","'3128MMTG8'","MBS","FHLMCGLD 3% 04/30","15yr",,,,,"309069.91",,,,,,""
"2021-08-11","'3128P7N33'","MBS","FHLMCGLD 4% 06/30","Other",,,,,"309061.74",,,,,,""
"2021-08-11","'3138MFED5'","MBS","UMBS MORTPASS 2.5% 09/42","30yr",,,,,"308829.83",,,,,,""
"2021-08-11","'3131Y3HS8'","MBS","UMBS MORTPASS 3.5% 09/48","30yr",,,,,"308752.42",,,,,,""
"2021-08-11","'3138MRAF8'","MBS","UMBS MORTPASS 3.5% 12/42","30yr",,,,,"308686.13",,,,,,""
"2021-08-11","'31418BLA2'","MBS","UMBS MORTPASS 3% 12/24","Other",,,,,"308496.08",,,,,,""
"2021-08-11","'36177TQP5'","MBS","GNMA I 3.5% 07/42","30yr",,,,,"308433.69",,,,,,""
"2021-08-11","'3140JNDR8'","MBS","UMBS MORTPASS 4% 01/49","30yr",,,,,"308407.61",,,,,,""
"2021-08-11","'31307L4R6'","MBS","FHLMCGLD 2.5% 02/30","15yr",,,,,"308331.7",,,,,,""
"2021-08-11","'31418UZH0'","MBS","UMBS MORTPASS 4% 05/25","15yr",,,,,"308194.6",,,,,,""
"2021-08-11","'3620A2DJ2'","MBS","GNMA I MORTPASS 5% 08/39","30yr",,,,,"308050.1",,,,,,""
"2021-08-11","'3138M8CJ0'","MBS","UMBS MORTPASS 3% 09/27","15yr",,,,,"308028.1",,,,,,""
"2021-08-11","'3620AKUQ7'","MBS","GNMA I MORTPASS 5% 02/40","30yr",,,,,"307961.67",,,,,,""
"2021-08-11","'3132A7ND9'","MBS","UMBS MORTPASS 2.5% 04/28","15yr",,,,,"307868.28",,,,,,""
"2021-08-11","'3140F9LZ6'","MBS","UMBS MORTPASS 4.5% 06/47","30yr",,,,,"307866.96",,,,,,""
"2021-08-11","'3138WGZM9'","MBS","UMBS MORTPASS 2.5% 04/31","15yr",,,,,"307861.69",,,,,,""
"2021-08-11","'3140EAN66'","MBS","UMBS MORTPASS 3% 11/30","15yr",,,,,"307769.31",,,,,,""
"2021-08-11","'3138XZQL8'","MBS","UMBS MORTPASS 3% 09/44","30yr",,,,,"307763.79",,,,,,""
"2021-08-11","'31416AEK2'","MBS","UMBS MORTPASS 3.5% 03/24","15yr",,,,,"307727.84",,,,,,""
"2021-08-11","'3138XPWN9'","MBS","UMBS MORTPASS 3% 02/29","15yr",,,,,"307624.09",,,,,,""
"2021-08-11","'3138WR6W5'","MBS","UMBS MORTPASS 2% 04/28","15yr",,,,,"307391.89",,,,,,""
"2021-08-11","'3138WEWE5'","MBS","UMBS MORTPASS 2.5% 06/30","15yr",,,,,"307364.98",,,,,,""
"2021-08-11","'3138WCFM0'","MBS","UMBS MORTPASS 3% 03/29","15yr",,,,,"307349.51",,,,,,""
"2021-08-11","'3132KFTY8'","MBS","FHLMCGLD 3.5% 01/27","15yr",,,,,"307266.73",,,,,,""
"2021-08-11","'3138XCYP1'","MBS","UMBS MORTPASS 3.5% 10/28","15yr",,,,,"307089.22",,,,,,""
"2021-08-11","'3138XHTQ4'","MBS","UMBS MORTPASS 3% 12/28","15yr",,,,,"307051.44",,,,,,""
"2021-08-11","'36295R5P9'","MBS","GNMA I MORTPASS 4% 02/40","30yr",,,,,"306860.27",,,,,,""
"2021-08-11","'3132MADV0'","MBS","FHLMCGLD 4% 11/44","30yr",,,,,"306641.8",,,,,,""
"2021-08-11","'3620C1VT0'","MBS","GNMA I MORTPASS 4% 11/41","30yr",,,,,"306506.73",,,,,,""
"2021-08-11","'3138XZM57'","MBS","UMBS MORTPASS 3% 03/30","15yr",,,,,"306470.91",,,,,,""
"2021-08-11","'36180DM79'","MBS","GNMA I 3.5% 02/43","30yr",,,,,"306428.66",,,,,,""
"2021-08-11","'36180FTU6'","MBS","GNMA I MORTPASS 3% 03/43","30yr",,,,,"306331.71",,,,,,""
"2021-08-11","'31307PV71'","MBS","FHLMCGLD 3% 12/30","15yr",,,,,"306190.11",,,,,,""
"2021-08-11","'31307SM83'","MBS","FHLMCGLD 2.5% 11/31","15yr",,,,,"306150.49",,,,,,""
"2021-08-11","'3133KKRQ4'","MBS","UMBS MORTPASS 2.5% 11/50","30yr",,,,,"306132.75",,,,,,""
"2021-08-11","'3140HMHJ6'","MBS","UMBS MORTPASS 3% 08/48","30yr",,,,,"306128.08",,,,,,""
"2021-08-11","'31418ADS4'","MBS","UMBS MORTPASS 2.5% 03/22","Other",,,,,"306058.75",,,,,,""
"2021-08-11","'3138Y7QC9'","MBS","UMBS MORTPASS 3.5% 11/44","30yr",,,,,"305989.73",,,,,,""
"2021-08-11","'31410LP63'","MBS","UMBS MORTPASS 2% 09/29","15yr",,,,,"305821.97",,,,,,""
"2021-08-11","'3140H6B81'","MBS","UMBS MORTPASS 3.5% 01/48","30yr",,,,,"305765.11",,,,,,""
"2021-08-11","'3620AMUB6'","MBS","GNMA I MORTPASS 4% 02/41","30yr",,,,,"305763.39",,,,,,""
"2021-08-11","'31307NPU2'","MBS","FHLMCGLD 3% 07/30","15yr",,,,,"305680.13",,,,,,""
"2021-08-11","'3138E8YR7'","MBS","UMBS MORTPASS 3% 05/27","15yr",,,,,"305606.03",,,,,,""
"2021-08-11","'31307JV75'","MBS","FHLMCGLD 2.5% 10/29","15yr",,,,,"305600.15",,,,,,""
"2021-08-11","'31410LCU4'","MBS","UMBS MORTPASS 3% 12/25","15yr",,,,,"305564.39",,,,,,""
"2021-08-11","'3131X9FY5'","MBS","UMBS MORTPASS 2.5% 05/28","15yr",,,,,"305531.07",,,,,,""
"2021-08-11","'36181FXF3'","MBS","GNMA I MORTPASS 4% 09/43","30yr",,,,,"305335.82",,,,,,""
"2021-08-11","'3128PTGS8'","MBS","FHLMCGLD 3.5% 12/25","15yr",,,,,"305313.82",,,,,,""
"2021-08-11","'3138X2DR2'","MBS","UMBS MORTPASS 3% 09/28","15yr",,,,,"305094.69",,,,,,""
"2021-08-11","'3140JQHB2'","MBS","UMBS MORTPASS 2% 12/34","15yr",,,,,"305040.45",,,,,,""
"2021-08-11","'3138Y7CZ3'","MBS","UMBS MORTPASS 3% 10/30","15yr",,,,,"304913.7",,,,,,""
"2021-08-11","'3138W7BV5'","MBS","UMBS MORTPASS 2% 03/28","15yr",,,,,"304855.63",,,,,,""
"2021-08-11","'3138MKVQ6'","MBS","UMBS MORTPASS 3% 11/32","Other",,,,,"304800.33",,,,,,""
"2021-08-11","'31307H5Q6'","MBS","FHLMCGLD 3% 08/29","15yr",,,,,"304723.44",,,,,,""
"2021-08-11","'3620AHMV2'","MBS","GNMA I 4.5% 12/39","30yr",,,,,"304655.16",,,,,,""
"2021-08-11","'31416KMZ8'","MBS","UMBS MORTPASS 4% 02/39","30yr",,,,,"304632.73",,,,,,""
"2021-08-11","'31339SZQ1'","MBS","UMBS MORTPASS 3.5% 09/49","30yr",,,,,"304619.66",,,,,,""
"2021-08-11","'3140Q7QE0'","MBS","UMBS MORTPASS 3.5% 09/47","30yr",,,,,"304514.56",,,,,,""
"2021-08-11","'3132DV7M1'","MBS","UMBS MORTPASS 3% 10/50","30yr",,,,,"304247.76",,,,,,""
"2021-08-11","'3140KGV34'","MBS","UMBS MORTPASS 3% 06/50","30yr",,,,,"304125.35",,,,,,""
"2021-08-11","'36297FRF1'","MBS","GNMA I 4.5% 07/39","30yr",,,,,"304122.69",,,,,,""
"2021-08-11","'3620AC3Z5'","MBS","GNMA I MORTPASS 5% 09/39","30yr",,,,,"304105.32",,,,,,""
"2021-08-11","'312938JM6'","MBS","FHLMCGLD 4% 12/39","30yr",,,,,"304043.8",,,,,,""
"2021-08-11","'3128MCYX7'","MBS","FHLMCGLD 3.5% 02/26","15yr",,,,,"304029.06",,,,,,""
"2021-08-11","'3138LY2K2'","MBS","UMBS MORTPASS 3% 06/27","15yr",,,,,"303992.31",,,,,,""
"2021-08-11","'36178QBM3'","MBS","GNMA I 3.5% 09/42","30yr",,,,,"303981.75",,,,,,""
"2021-08-11","'3133KYSA8'","MBS","UMBS MORTPASS 4% 09/39","Other",,,,,"303950.67",,,,,,""
"2021-08-11","'31307GUB3'","MBS","FHLMCGLD 3.5% 03/29","15yr",,,,,"303842.18",,,,,,""
"2021-08-11","'3138XFTL9'","MBS","UMBS MORTPASS 3% 11/28","15yr",,,,,"303651.69",,,,,,""
"2021-08-11","'36181FHN4'","MBS","GNMA I 3.5% 07/43","30yr",,,,,"303576.17",,,,,,""
"2021-08-11","'31307MTG1'","MBS","FHLMCGLD 2.5% 05/30","15yr",,,,,"303525.26",,,,,,""
"2021-08-11","'3132JBNH2'","MBS","FHLMCGLD 3% 07/43","30yr",,,,,"303388.37",,,,,,""
"2021-08-11","'31418CLG7'","MBS","UMBS MORTPASS 3.5% 06/47","30yr",,,,,"303379.29",,,,,,""
"2021-08-11","'3131X7EX2'","MBS","UMBS MORTPASS 3% 12/26","15yr",,,,,"303318.99",,,,,,""
"2021-08-11","'3131X8B88'","MBS","UMBS MORTPASS 2.5% 10/27","15yr",,,,,"303223.69",,,,,,""
"2021-08-11","'3620A7BU8'","MBS","GNMA I 4.5% 12/39","30yr",,,,,"303130.08",,,,,,""
"2021-08-11","'3138MNH60'","MBS","UMBS MORTPASS 2.5% 01/28","15yr",,,,,"303075.63",,,,,,""
"2021-08-11","'3138M7NH4'","MBS","UMBS MORTPASS 3% 09/27","15yr",,,,,"303040.65",,,,,,""
"2021-08-11","'3138XCYS5'","MBS","UMBS MORTPASS 3% 10/28","15yr",,,,,"302857.21",,,,,,""
"2021-08-11","'3133KKFE4'","MBS","UMBS MORTPASS 2.5% 10/50","30yr",,,,,"302760.86",,,,,,""
"2021-08-11","'31307L6T0'","MBS","FHLMCGLD 2.5% 03/30","15yr",,,,,"302491.78",,,,,,""
"2021-08-11","'3140HLLA2'","MBS","UMBS MORTPASS 3.5% 06/48","30yr",,,,,"302417.22",,,,,,""
"2021-08-11","'36180MLU9'","MBS","GNMA I MORTPASS 4% 08/43","30yr",,,,,"302261.29",,,,,,""
"2021-08-11","'3131XCBB2'","MBS","UMBS MORTPASS 3% 06/31","15yr",,,,,"302151.29",,,,,,""
"2021-08-11","'3620A7BW4'","MBS","GNMA I 4.5% 12/39","30yr",,,,,"302140.03",,,,,,""
"2021-08-11","'3140HD2T0'","MBS","UMBS MORTPASS 3% 04/33","15yr",,,,,"302055.86",,,,,,""
"2021-08-11","'3140JXMJ4'","MBS","UMBS MORTPASS 2.5% 08/34","15yr",,,,,"302033.58",,,,,,""
"2021-08-11","'3140H8ZQ1'","MBS","UMBS MORTPASS 3.5% 07/33","15yr",,,,,"301893.93",,,,,,""
"2021-08-11","'3138ETEC6'","MBS","UMBS MORTPASS 2% 02/31","15yr",,,,,"301867.23",,,,,,""
"2021-08-11","'36297GQ60'","MBS","GNMA I MORTPASS 4% 06/41","30yr",,,,,"301819.6",,,,,,""
"2021-08-11","'3138X4WZ9'","MBS","UMBS MORTPASS 2% 08/28","15yr",,,,,"301743.17",,,,,,""
"2021-08-11","'36179UCC4'","MBS","GNMA II 4.5% 09/48","30yr",,,,,"301709.31",,,,,,""
"2021-08-11","'3138WNF38'","MBS","UMBS MORTPASS 2.5% 04/28","15yr",,,,,"301696.55",,,,,,""
"2021-08-11","'3140HMN59'","MBS","UMBS MORTPASS 4.5% 09/48","30yr",,,,,"301674.12",,,,,,""
"2021-08-11","'3140H7HH3'","MBS","UMBS MORTPASS 3.5% 02/48","30yr",,,,,"301624.13",,,,,,""
"2021-08-11","'3138XQUX7'","MBS","UMBS MORTPASS 2.5% 09/22","Other",,,,,"301530.53",,,,,,""
"2021-08-11","'3132CWCV4'","MBS","UMBS MORTPASS 3% 02/32","15yr",,,,,"301336.3",,,,,,""
"2021-08-11","'36178DX30'","MBS","GNMA I 3.5% 02/43","30yr",,,,,"301086.13",,,,,,""
"2021-08-11","'31414NFB5'","MBS","UMBS MORTPASS 6.5% 12/38","30yr",,,,,"301040.15",,,,,,""
"2021-08-11","'3132HNVA4'","MBS","FHLMCGLD 4% 11/42","30yr",,,,,"301035.33",,,,,,""
"2021-08-11","'3620ACGN8'","MBS","GNMA I MORTPASS 5% 12/39","30yr",,,,,"300955.19",,,,,,""
"2021-08-11","'31417EVT5'","MBS","UMBS MORTPASS 2% 02/28","15yr",,,,,"300945.27",,,,,,""
"2021-08-11","'3138W5X94'","MBS","UMBS MORTPASS 2.5% 02/28","15yr",,,,,"300870.72",,,,,,""
"2021-08-11","'3138X6B79'","MBS","UMBS MORTPASS 3% 08/28","15yr",,,,,"300846.19",,,,,,""
"2021-08-11","'3140H5MZ1'","MBS","UMBS MORTPASS 3% 01/33","15yr",,,,,"300801.24",,,,,,""
"2021-08-11","'3140E2RY9'","MBS","UMBS MORTPASS 2.5% 10/30","15yr",,,,,"300658.15",,,,,,""
"2021-08-11","'3138YDCV9'","MBS","UMBS MORTPASS 2.5% 12/29","15yr",,,,,"300560.4",,,,,,""
"2021-08-11","'36296LNA4'","MBS","GNMA I 4.5% 04/39","30yr",,,,,"300489.56",,,,,,""
"2021-08-11","'31307EZW7'","MBS","FHLMCGLD 3.5% 10/28","15yr",,,,,"300420.98",,,,,,""
"2021-08-11","'36180BH87'","MBS","GNMA I 3.5% 05/43","30yr",,,,,"300323.92",,,,,,""
"2021-08-11","'3620A3XZ2'","MBS","GNMA I MORTPASS 5% 12/39","30yr",,,,,"300318.14",,,,,,""
"2021-08-11","'3138EP3D4'","MBS","UMBS MORTPASS 2.5% 10/28","15yr",,,,,"300243.8",,,,,,""
"2021-08-11","'36178HX23'","MBS","GNMA I MORTPASS 3% 02/43","30yr",,,,,"299864.73",,,,,,""
"2021-08-11","'3128PQXX4'","MBS","FHLMCGLD 4.5% 01/25","15yr",,,,,"299830.19",,,,,,""
"2021-08-11","'3132JM4T3'","MBS","FHLMCGLD 3% 08/43","30yr",,,,,"299788.81",,,,,,""
"2021-08-11","'36295RW53'","MBS","GNMA I MORTPASS 5% 01/40","30yr",,,,,"299782.09",,,,,,""
"2021-08-11","'3138LYPB7'","MBS","UMBS MORTPASS 3% 06/27","15yr",,,,,"299696.28",,,,,,""
"2021-08-11","'3138E6XW1'","MBS","UMBS MORTPASS 3% 02/27","15yr",,,,,"299693.65",,,,,,""
"2021-08-11","'3140JUPD0'","MBS","UMBS MORTPASS 3.5% 06/49","30yr",,,,,"299679.51",,,,,,""
"2021-08-11","'3140Q7EF0'","MBS","UMBS MORTPASS 4% 08/47","30yr",,,,,"299553.28",,,,,,""
"2021-08-11","'3138ERQW3'","MBS","UMBS MORTPASS 3% 12/31","15yr",,,,,"299539.78",,,,,,""
"2021-08-11","'3138WE3R8'","MBS","UMBS MORTPASS 3% 07/30","15yr",,,,,"299501.3",,,,,,""
"2021-08-11","'3132HQEF5'","MBS","FHLMCGLD 3.5% 12/42","30yr",,,,,"299428.38",,,,,,""
"2021-08-11","'3138WE3G2'","MBS","UMBS MORTPASS 2.5% 07/30","15yr",,,,,"299330.98",,,,,,""
"2021-08-11","'36296PWA5'","MBS","GNMA I 4.5% 05/39","30yr",,,,,"299282.57",,,,,,""
"2021-08-11","'36296YZV7'","MBS","GNMA I MORTPASS 5% 11/39","30yr",,,,,"299255.69",,,,,,""
"2021-08-11","'3138WH4N9'","MBS","UMBS MORTPASS 2.5% 09/31","15yr",,,,,"299166.73",,,,,,""
"2021-08-11","'3138X3R95'","MBS","UMBS MORTPASS 2% 08/23","Other",,,,,"299143.25",,,,,,""
"2021-08-11","'3620AF2B2'","MBS","GNMA I 4.5% 12/39","30yr",,,,,"299130.26",,,,,,""
"2021-08-11","'36177NXB1'","MBS","GNMA I MORTPASS 4% 03/42","30yr",,,,,"299044.94",,,,,,""
"2021-08-11","'31329KUV4'","MBS","UMBS MORTPASS 3% 11/35","Other",,,,,"298766.11",,,,,,""
"2021-08-11","'3140HARQ5'","MBS","UMBS MORTPASS 3% 04/33","15yr",,,,,"298704.47",,,,,,""
"2021-08-11","'31307B5T3'","MBS","FHLMCGLD 3% 05/28","15yr",,,,,"298653.03",,,,,,""
"2021-08-11","'3140HJSJ1'","MBS","UMBS MORTPASS 3% 06/33","15yr",,,,,"298645.72",,,,,,""
"2021-08-11","'36296XXK5'","MBS","GNMA I MORTPASS 4% 06/39","30yr",,,,,"298631.17",,,,,,""
"2021-08-11","'3138XPQK2'","MBS","UMBS MORTPASS 3% 02/29","15yr",,,,,"298617.11",,,,,,""
"2021-08-11","'3140FDZT6'","MBS","UMBS MORTPASS 3% 11/31","15yr",,,,,"298408.75",,,,,,""
"2021-08-11","'3138WQLY6'","MBS","UMBS MORTPASS 3% 04/43","30yr",,,,,"298276.6",,,,,,""
"2021-08-11","'3138YPYK2'","MBS","UMBS MORTPASS 3% 06/30","15yr",,,,,"298264.79",,,,,,""
"2021-08-11","'3138EQZB1'","MBS","UMBS MORTPASS 3% 04/35","Other",,,,,"298203.12",,,,,,""
"2021-08-11","'3138MTFY8'","MBS","UMBS MORTPASS 3% 09/27","15yr",,,,,"298163.37",,,,,,""
"2021-08-11","'36297BF97'","MBS","GNMA I MORTPASS 5% 03/40","30yr",,,,,"298051.5",,,,,,""
"2021-08-11","'36295VK81'","MBS","GNMA I MORTPASS 4% 03/39","30yr",,,,,"297975.19",,,,,,""
"2021-08-11","'3128P7CW1'","MBS","FHLMCGLD 6.5% 08/26","Other",,,,,"297941.68",,,,,,""
"2021-08-11","'3620A1RQ3'","MBS","GNMA I 4.5% 07/39","30yr",,,,,"297872.88",,,,,,""
"2021-08-11","'3620AB6U5'","MBS","GNMA I MORTPASS 5% 01/40","30yr",,,,,"297749.67",,,,,,""
"2021-08-11","'3132QMYR6'","MBS","FHLMCGLD 3% 02/45","30yr",,,,,"297650.13",,,,,,""
"2021-08-11","'3138WEF46'","MBS","UMBS MORTPASS 3.5% 03/30","15yr",,,,,"297498.49",,,,,,""
"2021-08-11","'3132A7U41'","MBS","UMBS MORTPASS 2.5% 03/24","Other",,,,,"297447.12",,,,,,""
"2021-08-11","'3138ERYP9'","MBS","UMBS MORTPASS 4% 01/47","30yr",,,,,"297440.68",,,,,,""
"2021-08-11","'3140L4CZ0'","MBS","UMBS MORTPASS 2% 03/51","30yr",,,,,"297425.7",,,,,,""
"2021-08-11","'36177VAA0'","MBS","GNMA I 3.5% 04/42","30yr",,,,,"297401.6",,,,,,""
"2021-08-11","'3140JPWS0'","MBS","UMBS MORTPASS 4.5% 02/49","30yr",,,,,"297284.63",,,,,,""
"2021-08-11","'31307JPV9'","MBS","FHLMCGLD 3% 10/24","15yr",,,,,"297208.12",,,,,,""
"2021-08-11","'31418BXC5'","MBS","UMBS MORTPASS 3% 12/30","15yr",,,,,"297195.04",,,,,,""
"2021-08-11","'36181NNC4'","MBS","GNMA I MORTPASS 3% 07/43","30yr",,,,,"297166.51",,,,,,""
"2021-08-11","'3140L0FH5'","MBS","UMBS MORTPASS 2% 02/51","30yr",,,,,"296988.9",,,,,,""
"2021-08-11","'3138LYX77'","MBS","UMBS MORTPASS 2.5% 11/27","15yr",,,,,"296802.86",,,,,,""
"2021-08-11","'3140L2NR0'","MBS","UMBS MORTPASS 2% 02/51","30yr",,,,,"296755.22",,,,,,""
"2021-08-11","'36296YSL7'","MBS","GNMA I MORTPASS 5% 03/39","30yr",,,,,"296709.9",,,,,,""
"2021-08-11","'3138WVB26'","MBS","UMBS MORTPASS 3% 08/28","15yr",,,,,"296674.28",,,,,,""
"2021-08-11","'3140JVTP7'","MBS","UMBS MORTPASS 4.5% 09/49","30yr",,,,,"296629.47",,,,,,""
"2021-08-11","'3138WDQ38'","MBS","UMBS MORTPASS 4% 12/44","30yr",,,,,"296590.99",,,,,,""
"2021-08-11","'31417F2Y3'","MBS","UMBS MORTPASS 3% 04/28","15yr",,,,,"296581.18",,,,,,""
"2021-08-11","'3131X8GQ3'","MBS","UMBS MORTPASS 2.5% 11/27","15yr",,,,,"296531.38",,,,,,""
"2021-08-11","'31307WNL4'","MBS","FHLMCGLD 3.5% 08/33","15yr",,,,,"296523.35",,,,,,""
"2021-08-11","'3138WHPB2'","MBS","UMBS MORTPASS 2.5% 07/31","15yr",,,,,"296492.71",,,,,,""
"2021-08-11","'3128P8CT6'","MBS","FHLMCGLD 3% 08/36","Other",,,,,"296428.06",,,,,,""
"2021-08-11","'3138WJET1'","MBS","UMBS MORTPASS 2.5% 11/31","15yr",,,,,"296395.76",,,,,,""
"2021-08-11","'3620A2YU4'","MBS","GNMA I 4.5% 06/39","30yr",,,,,"296327.37",,,,,,""
"2021-08-11","'3132QTN77'","MBS","FHLMCGLD 3.5% 10/45","30yr",,,,,"296279.89",,,,,,""
"2021-08-11","'3138EQ3R1'","MBS","UMBS MORTPASS 3% 05/27","15yr",,,,,"296274.63",,,,,,""
"2021-08-11","'3131YAL81'","MBS","UMBS MORTPASS 4% 03/49","30yr",,,,,"296269.68",,,,,,""
"2021-08-11","'3138YNX69'","MBS","UMBS MORTPASS 2.5% 06/30","15yr",,,,,"296178.6",,,,,,""
"2021-08-11","'3138X1P83'","MBS","UMBS MORTPASS 2.5% 09/28","15yr",,,,,"296122.52",,,,,,""
"2021-08-11","'36179UEA6'","MBS","GNMA II 4.5% 10/48","30yr",,,,,"296111.86",,,,,,""
"2021-08-11","'3132A5HC2'","MBS","UMBS MORTPASS 4% 07/47","30yr",,,,,"296002",,,,,,""
"2021-08-11","'31307NSR6'","MBS","FHLMCGLD 2.5% 07/30","15yr",,,,,"295987.75",,,,,,""
"2021-08-11","'3140EA5X7'","MBS","UMBS MORTPASS 3% 12/30","15yr",,,,,"295947.42",,,,,,""
"2021-08-11","'36181CXR4'","MBS","GNMA I MORTPASS 3% 08/43","30yr",,,,,"295908.74",,,,,,""
"2021-08-11","'3620AB4U7'","MBS","GNMA I MORTPASS 5% 12/39","30yr",,,,,"295885.21",,,,,,""
"2021-08-11","'3138WPJD7'","MBS","UMBS MORTPASS 2.5% 04/28","15yr",,,,,"295817.82",,,,,,""
"2021-08-11","'3132GLBL7'","MBS","FHLMCGLD 3.5% 11/41","30yr",,,,,"295638.06",,,,,,""
"2021-08-11","'36297EFH3'","MBS","GNMA I 5.5% 05/39","30yr",,,,,"295519.15",,,,,,""
"2021-08-11","'3138A2CA5'","MBS","UMBS MORTPASS 3% 12/25","15yr",,,,,"295427.8",,,,,,""
"2021-08-11","'31307GFJ3'","MBS","FHLMCGLD 3% 02/29","15yr",,,,,"295305.43",,,,,,""
"2021-08-11","'36176AFB0'","MBS","GNMA I MORTPASS 4% 04/41","30yr",,,,,"295289.56",,,,,,""
"2021-08-11","'36296LM64'","MBS","GNMA I MORTPASS 4% 04/39","30yr",,,,,"295260.03",,,,,,""
"2021-08-11","'31307WWT7'","MBS","FHLMCGLD 3.5% 09/33","15yr",,,,,"295230.59",,,,,,""
"2021-08-11","'3140JQSD6'","MBS","UMBS MORTPASS 3% 08/34","15yr",,,,,"295164.44",,,,,,""
"2021-08-11","'3133KKB81'","MBS","UMBS MORTPASS 2.5% 10/50","30yr",,,,,"295148.18",,,,,,""
"2021-08-11","'36178GTF1'","MBS","GNMA I MORTPASS 3% 03/43","30yr",,,,,"295083.4",,,,,,""
"2021-08-11","'36295LTR2'","MBS","GNMA I 4.5% 05/39","30yr",,,,,"295069.04",,,,,,""
"2021-08-11","'3128MMTS2'","MBS","FHLMCGLD 2.5% 07/30","15yr",,,,,"295057.08",,,,,,""
"2021-08-11","'31307TKT7'","MBS","FHLMCGLD 3% 03/32","15yr",,,,,"295031.26",,,,,,""
"2021-08-11","'3138YFCS1'","MBS","UMBS MORTPASS 2.5% 02/30","15yr",,,,,"294975.4",,,,,,""
"2021-08-11","'3138ENQ85'","MBS","UMBS MORTPASS 3.5% 09/29","15yr",,,,,"294879.92",,,,,,""
"2021-08-11","'3140GTML1'","MBS","UMBS MORTPASS 3% 06/32","15yr",,,,,"294875.79",,,,,,""
"2021-08-11","'3140KN7F9'","MBS","UMBS MORTPASS 2% 09/50","30yr",,,,,"294870.22",,,,,,""
"2021-08-11","'31418DQB1'","MBS","UMBS MORTPASS 3.5% 06/50","30yr",,,,,"294835.54",,,,,,""
"2021-08-11","'3138YG4V1'","MBS","UMBS MORTPASS 3.5% 03/45","30yr",,,,,"294829.49",,,,,,""
"2021-08-11","'3140HL4H6'","MBS","UMBS MORTPASS 3% 07/33","15yr",,,,,"294813.83",,,,,,""
"2021-08-11","'3140GVNC5'","MBS","UMBS MORTPASS 4% 10/47","30yr",,,,,"294723.57",,,,,,""
"2021-08-11","'3138WWMH9'","MBS","UMBS MORTPASS 3% 06/28","15yr",,,,,"294379.02",,,,,,""
"2021-08-11","'3138EMFY2'","MBS","UMBS MORTPASS 3.5% 12/43","30yr",,,,,"294358.95",,,,,,""
"2021-08-11","'3140X9S63'","MBS","UMBS MORTPASS 2% 02/51","30yr",,,,,"294307.99",,,,,,""
"2021-08-11","'3131X8ZC3'","MBS","UMBS MORTPASS 2.5% 04/28","15yr",,,,,"294263.26",,,,,,""
"2021-08-11","'3620AE2Z2'","MBS","GNMA I MORTPASS 5% 10/39","30yr",,,,,"294250.39",,,,,,""
"2021-08-11","'31307HUU9'","MBS","FHLMCGLD 3.5% 07/29","15yr",,,,,"294232.07",,,,,,""
"2021-08-11","'3138LTM47'","MBS","UMBS MORTPASS 3% 06/27","15yr",,,,,"294206.1",,,,,,""
"2021-08-11","'3138WQX49'","MBS","UMBS MORTPASS 2.5% 08/28","15yr",,,,,"294159.71",,,,,,""
"2021-08-11","'36181CYA0'","MBS","GNMA I 3.5% 09/43","30yr",,,,,"294006.34",,,,,,""
"2021-08-11","'3138X5JT5'","MBS","UMBS MORTPASS 4.5% 09/43","30yr",,,,,"293929.14",,,,,,""
"2021-08-11","'3140K1AC0'","MBS","UMBS MORTPASS 3% 10/49","30yr",,,,,"293917.08",,,,,,""
"2021-08-11","'3140HNVL3'","MBS","UMBS MORTPASS 4% 08/48","30yr",,,,,"293849.46",,,,,,""
"2021-08-11","'3138MAC30'","MBS","UMBS MORTPASS 2.5% 09/42","30yr",,,,,"293839.76",,,,,,""
"2021-08-11","'3138XZL74'","MBS","UMBS MORTPASS 2.5% 11/29","15yr",,,,,"293699.39",,,,,,""
"2021-08-11","'31417GGY6'","MBS","UMBS MORTPASS 2% 04/28","15yr",,,,,"293676.38",,,,,,""
"2021-08-11","'31329LAV4'","MBS","UMBS MORTPASS 2.5% 03/27","15yr",,,,,"293670.54",,,,,,""
"2021-08-11","'36296WEF9'","MBS","GNMA I MORTPASS 4% 02/39","30yr",,,,,"293611.34",,,,,,""
"2021-08-11","'3132M6Y38'","MBS","FHLMCGLD 3.5% 05/44","30yr",,,,,"293593.3",,,,,,""
"2021-08-11","'3133KGGL6'","MBS","UMBS MORTPASS 3% 07/49","30yr",,,,,"293578.14",,,,,,""
"2021-08-11","'36178TP83'","MBS","GNMA I MORTPASS 4% 02/43","30yr",,,,,"293545.89",,,,,,""
"2021-08-11","'31307C6F0'","MBS","FHLMCGLD 3% 05/28","15yr",,,,,"293434.74",,,,,,""
"2021-08-11","'3132J6YG3'","MBS","FHLMCGLD 3% 02/43","30yr",,,,,"293423.5",,,,,,""
"2021-08-11","'3138EDQ53'","MBS","UMBS MORTPASS 2.5% 05/27","15yr",,,,,"293360.42",,,,,,""
"2021-08-11","'31307VFF8'","MBS","FHLMCGLD 3% 01/33","15yr",,,,,"293349.94",,,,,,""
"2021-08-11","'3138YRNC8'","MBS","UMBS MORTPASS 3% 06/30","15yr",,,,,"293310.35",,,,,,""
"2021-08-11","'31417GCX2'","MBS","UMBS MORTPASS 2.5% 04/23","Other",,,,,"293310.15",,,,,,""
"2021-08-11","'3620AKTN6'","MBS","GNMA I MORTPASS 5% 12/39","30yr",,,,,"293301.99",,,,,,""
"2021-08-11","'3128MFKW7'","MBS","FHLMCGLD 2.5% 01/33","15yr",,,,,"293285.09",,,,,,""
"2021-08-11","'3138LYHJ9'","MBS","UMBS MORTPASS 2.5% 08/27","15yr",,,,,"293197.09",,,,,,""
"2021-08-11","'3140KVXR6'","MBS","UMBS MORTPASS 2% 01/51","30yr",,,,,"293179.95",,,,,,""
"2021-08-11","'3132A9RP4'","MBS","UMBS MORTPASS 3% 01/31","15yr",,,,,"293112.17",,,,,,""
"2021-08-11","'3132QSPJ1'","MBS","FHLMCGLD 4% 09/45","30yr",,,,,"292994.92",,,,,,""
"2021-08-11","'3128MJWP1'","MBS","FHLMCGLD 3% 07/45","30yr",,,,,"292775.24",,,,,,""
"2021-08-11","'36181QBY2'","MBS","GNMA I 3.5% 09/43","30yr",,,,,"292774.06",,,,,,""
"2021-08-11","'31418A6E3'","MBS","UMBS MORTPASS 2% 01/24","Other",,,,,"292757.68",,,,,,""
"2021-08-11","'36177UYG3'","MBS","GNMA I 3.5% 09/42","30yr",,,,,"292589.55",,,,,,""
"2021-08-11","'3131X8AH9'","MBS","UMBS MORTPASS 2.5% 10/27","15yr",,,,,"292357.13",,,,,,""
"2021-08-11","'31418BMK9'","MBS","UMBS MORTPASS 3.5% 01/30","15yr",,,,,"292339.27",,,,,,""
"2021-08-11","'3138X9GJ2'","MBS","UMBS MORTPASS 3% 09/28","15yr",,,,,"292055.28",,,,,,""
"2021-08-11","'3131X6YG9'","MBS","UMBS MORTPASS 3% 07/26","15yr",,,,,"292024.59",,,,,,""
"2021-08-11","'3140H2CJ5'","MBS","UMBS MORTPASS 3.5% 11/47","30yr",,,,,"291964.25",,,,,,""
"2021-08-11","'31307PBG3'","MBS","FHLMCGLD 2.5% 09/30","15yr",,,,,"291908.75",,,,,,""
"2021-08-11","'3133D3GM1'","MBS","UMBS MORTPASS 2.5% 03/40","Other",,,,,"291870.89",,,,,,""
"2021-08-11","'36296FBB8'","MBS","GNMA I MORTPASS 6% 10/38","30yr",,,,,"291721.75",,,,,,""
"2021-08-11","'3138WDDV0'","MBS","UMBS MORTPASS 3% 11/29","15yr",,,,,"291685.03",,,,,,""
"2021-08-11","'31417BFG7'","MBS","UMBS MORTPASS 2.5% 03/27","15yr",,,,,"291524.02",,,,,,""
"2021-08-11","'3138EH4D1'","MBS","UMBS MORTPASS 3% 05/27","15yr",,,,,"291468.99",,,,,,""
"2021-08-11","'3138W6AY2'","MBS","UMBS MORTPASS 3% 03/28","15yr",,,,,"291339.38",,,,,,""
"2021-08-11","'3138W5TM0'","MBS","UMBS MORTPASS 2.5% 02/28","15yr",,,,,"291334.5",,,,,,""
"2021-08-11","'3138MBWC6'","MBS","UMBS MORTPASS 3% 09/27","15yr",,,,,"291271.45",,,,,,""
"2021-08-11","'3138LSX70'","MBS","UMBS MORTPASS 3% 05/27","15yr",,,,,"291095.35",,,,,,""
"2021-08-11","'3131X7DB1'","MBS","UMBS MORTPASS 3% 11/26","15yr",,,,,"291092.02",,,,,,""
"2021-08-11","'3132JMQ28'","MBS","FHLMCGLD 4% 08/43","30yr",,,,,"290996.47",,,,,,""
"2021-08-11","'3138A1V32'","MBS","UMBS MORTPASS 3.5% 01/26","15yr",,,,,"290892.7",,,,,,""
"2021-08-11","'3138WV2T7'","MBS","UMBS MORTPASS 2% 06/23","Other",,,,,"290892.04",,,,,,""
"2021-08-11","'3138MD6M9'","MBS","UMBS MORTPASS 3% 10/27","15yr",,,,,"290833.98",,,,,,""
"2021-08-11","'3140KQTP6'","MBS","UMBS MORTPASS 2% 10/50","30yr",,,,,"290805.61",,,,,,""
"2021-08-11","'3140EVCX3'","MBS","UMBS MORTPASS 3% 12/30","15yr",,,,,"290730.06",,,,,,""
"2021-08-11","'3138X9GM5'","MBS","UMBS MORTPASS 3% 09/28","15yr",,,,,"290532.62",,,,,,""
"2021-08-11","'3140KXZX7'","MBS","UMBS MORTPASS 2.5% 01/51","30yr",,,,,"290518.46",,,,,,""
"2021-08-11","'31339UBT6'","MBS","UMBS MORTPASS 2.5% 10/49","30yr",,,,,"290393.07",,,,,,""
"2021-08-11","'36297KL33'","MBS","GNMA I 4.5% 04/39","30yr",,,,,"290271.71",,,,,,""
"2021-08-11","'36181A3W0'","MBS","GNMA I MORTPASS 3% 07/43","30yr",,,,,"290206.57",,,,,,""
"2021-08-11","'3620AJX61'","MBS","GNMA I 4.5% 12/39","30yr",,,,,"290146.62",,,,,,""
"2021-08-11","'36297JTM6'","MBS","GNMA I MORTPASS 4% 06/39","30yr",,,,,"289910.47",,,,,,""
"2021-08-11","'3138W4FT3'","MBS","UMBS MORTPASS 2.5% 02/23","Other",,,,,"289698.06",,,,,,""
"2021-08-11","'3138XZBQ3'","MBS","UMBS MORTPASS 3.5% 07/29","15yr",,,,,"289497",,,,,,""
"2021-08-11","'31307HMV6'","MBS","FHLMCGLD 3% 06/24","15yr",,,,,"289463.53",,,,,,""
"2021-08-11","'3140QD2F0'","MBS","UMBS MORTPASS 2% 06/30","Other",,,,,"289321.75",,,,,,""
"2021-08-11","'3138EH3Z3'","MBS","UMBS MORTPASS 3% 05/27","15yr",,,,,"289229.46",,,,,,""
"2021-08-11","'3140HJST9'","MBS","UMBS MORTPASS 3% 06/33","15yr",,,,,"289216.8",,,,,,""
"2021-08-11","'3620A8SS3'","MBS","GNMA I 4.5% 12/39","30yr",,,,,"289077.85",,,,,,""
"2021-08-11","'3138YJXN1'","MBS","UMBS MORTPASS 3% 05/30","15yr",,,,,"289074.68",,,,,,""
"2021-08-11","'3133KH4J2'","MBS","UMBS MORTPASS 2.5% 05/50","30yr",,,,,"288990.51",,,,,,""
"2021-08-11","'3132KFKN1'","MBS","FHLMCGLD 3.5% 01/27","15yr",,,,,"288946.71",,,,,,""
"2021-08-11","'3138E54T2'","MBS","UMBS MORTPASS 2.5% 06/27","15yr",,,,,"288940.09",,,,,,""
"2021-08-11","'3138YD4P1'","MBS","UMBS MORTPASS 2.5% 04/30","15yr",,,,,"288913.31",,,,,,""
"2021-08-11","'36180MJG3'","MBS","GNMA I 3.5% 08/43","30yr",,,,,"288883.48",,,,,,""
"2021-08-11","'3138MDF64'","MBS","UMBS MORTPASS 2.5% 10/27","15yr",,,,,"288811.98",,,,,,""
"2021-08-11","'3138YLZ87'","MBS","UMBS MORTPASS 4% 04/45","30yr",,,,,"288809.62",,,,,,""
"2021-08-11","'3138EDCG4'","MBS","UMBS MORTPASS 3% 03/27","15yr",,,,,"288749.36",,,,,,""
"2021-08-11","'31307GQV4'","MBS","FHLMCGLD 3% 03/29","15yr",,,,,"288674.72",,,,,,""
"2021-08-11","'3138X1MV5'","MBS","UMBS MORTPASS 2.5% 08/28","15yr",,,,,"288542.28",,,,,,""
"2021-08-11","'3620AFE29'","MBS","GNMA I MORTPASS 5% 12/39","30yr",,,,,"288492.37",,,,,,""
"2021-08-11","'3140X9TS4'","MBS","UMBS MORTPASS 2% 01/51","30yr",,,,,"288476.87",,,,,,""
"2021-08-11","'3131XXM65'","MBS","UMBS MORTPASS 3.5% 08/47","30yr",,,,,"288469.95",,,,,,""
"2021-08-11","'3128MMTU7'","MBS","FHLMCGLD 3.5% 07/30","15yr",,,,,"288297.86",,,,,,""
"2021-08-11","'31418AE87'","MBS","UMBS MORTPASS 3% 05/32","Other",,,,,"288217.84",,,,,,""
"2021-08-11","'31418DEG3'","MBS","UMBS MORTPASS 2.5% 06/29","Other",,,,,"288139.56",,,,,,""
"2021-08-11","'36291UPM1'","MBS","GNMA I 4.5% 06/39","30yr",,,,,"288109.11",,,,,,""
"2021-08-11","'3131XYVR7'","MBS","UMBS MORTPASS 4.5% 12/47","30yr",,,,,"288058.47",,,,,,""
"2021-08-11","'3138X0Z35'","MBS","UMBS MORTPASS 2.5% 07/28","15yr",,,,,"287957.24",,,,,,""
"2021-08-11","'31418BNL6'","MBS","UMBS MORTPASS 2.5% 02/30","15yr",,,,,"287927.12",,,,,,""
"2021-08-11","'3131X8FM3'","MBS","UMBS MORTPASS 2.5% 11/27","15yr",,,,,"287784.44",,,,,,""
"2021-08-11","'3131X8QE9'","MBS","UMBS MORTPASS 2% 02/23","Other",,,,,"287688.42",,,,,,""
"2021-08-11","'3140GUMW4'","MBS","UMBS MORTPASS 2.5% 11/32","15yr",,,,,"287570.28",,,,,,""
"2021-08-11","'3140JKYD2'","MBS","UMBS MORTPASS 4% 01/49","30yr",,,,,"287501.94",,,,,,""
"2021-08-11","'3140H9AG8'","MBS","UMBS MORTPASS 3.5% 09/48","30yr",,,,,"287478.56",,,,,,""
"2021-08-11","'3138EPQR8'","MBS","UMBS MORTPASS 3% 05/30","15yr",,,,,"287477.19",,,,,,""
"2021-08-11","'3131XAS44'","MBS","UMBS MORTPASS 3% 08/24","Other",,,,,"287396.87",,,,,,""
"2021-08-11","'3138W9B74'","MBS","UMBS MORTPASS 3% 08/28","15yr",,,,,"287299.41",,,,,,""
"2021-08-11","'31307FH87'","MBS","FHLMCGLD 3.5% 12/28","15yr",,,,,"287175.08",,,,,,""
"2021-08-11","'3138MNLL2'","MBS","UMBS MORTPASS 2.5% 12/27","15yr",,,,,"287148.14",,,,,,""
"2021-08-11","'3138WEQM4'","MBS","UMBS MORTPASS 3% 05/30","15yr",,,,,"287145.9",,,,,,""
"2021-08-11","'3138LUBF1'","MBS","UMBS MORTPASS 3% 05/27","15yr",,,,,"287044.25",,,,,,""
"2021-08-11","'3138YNE94'","MBS","UMBS MORTPASS 3% 05/30","15yr",,,,,"287003.39",,,,,,""
"2021-08-11","'3132GLQN7'","MBS","FHLMCGLD 3.5% 12/41","30yr",,,,,"286964.65",,,,,,""
"2021-08-11","'31417F3T3'","MBS","UMBS MORTPASS 2% 12/27","15yr",,,,,"286963.96",,,,,,""
"2021-08-11","'31307L4P0'","MBS","FHLMCGLD 2.5% 02/30","15yr",,,,,"286953.34",,,,,,""
"2021-08-11","'3620ABDA1'","MBS","GNMA I MORTPASS 5% 12/39","30yr",,,,,"286910.68",,,,,,""
"2021-08-11","'3138Y9X45'","MBS","UMBS MORTPASS 3% 12/29","15yr",,,,,"286889.19",,,,,,""
"2021-08-11","'31417DJS3'","MBS","UMBS MORTPASS 2% 09/27","15yr",,,,,"286850.75",,,,,,""
"2021-08-11","'3140H3XW1'","MBS","UMBS MORTPASS 3.5% 12/47","30yr",,,,,"286775.16",,,,,,""
"2021-08-11","'3132M3CV7'","MBS","FHLMCGLD 4% 11/43","30yr",,,,,"286765.96",,,,,,""
"2021-08-11","'3128MMTJ2'","MBS","FHLMCGLD 3% 05/30","15yr",,,,,"286668.97",,,,,,""
"2021-08-11","'36179TEX9'","MBS","GNMA II 2.5% 08/47","30yr",,,,,"286577.43",,,,,,""
"2021-08-11","'36297HUZ9'","MBS","GNMA I 4.5% 07/39","30yr",,,,,"286536.91",,,,,,""
"2021-08-11","'3138X9X46'","MBS","UMBS MORTPASS 3% 01/29","15yr",,,,,"286467.03",,,,,,""
"2021-08-11","'3138M5QK8'","MBS","UMBS MORTPASS 2.5% 08/27","15yr",,,,,"286394.81",,,,,,""
"2021-08-11","'31339UJ43'","MBS","UMBS MORTPASS 4.5% 10/49","30yr",,,,,"286363.95",,,,,,""
"2021-08-11","'3138XVBZ2'","MBS","UMBS MORTPASS 3% 08/29","15yr",,,,,"286182.73",,,,,,""
"2021-08-11","'3131XCJW8'","MBS","UMBS MORTPASS 2.5% 11/31","15yr",,,,,"286124.07",,,,,,""
"2021-08-11","'31419MCU3'","MBS","UMBS MORTPASS 3.5% 04/26","15yr",,,,,"285902.95",,,,,,""
"2021-08-11","'3131YDG73'","MBS","UMBS MORTPASS 3.5% 04/49","30yr",,,,,"285896.19",,,,,,""
"2021-08-11","'3133KJ4H2'","MBS","UMBS MORTPASS 2% 09/50","30yr",,,,,"285844.69",,,,,,""
"2021-08-11","'3132A8ZU6'","MBS","UMBS MORTPASS 2.5% 08/27","Other",,,,,"285755.12",,,,,,""
"2021-08-11","'3138MRBF7'","MBS","UMBS MORTPASS 2.5% 01/28","15yr",,,,,"285729.69",,,,,,""
"2021-08-11","'31307TGB1'","MBS","FHLMCGLD 3% 03/32","15yr",,,,,"285691.44",,,,,,""
"2021-08-11","'36180NRA5'","MBS","GNMA I MORTPASS 3% 04/43","30yr",,,,,"285595.13",,,,,,""
"2021-08-11","'3138M4BS0'","MBS","UMBS MORTPASS 2.5% 08/27","15yr",,,,,"285570.77",,,,,,""
"2021-08-11","'3138W0MN6'","MBS","UMBS MORTPASS 2.5% 01/23","Other",,,,,"285511.46",,,,,,""
"2021-08-11","'3138AB2K4'","MBS","UMBS MORTPASS 4% 02/41","30yr",,,,,"285452.56",,,,,,""
"2021-08-11","'3131YAS76'","MBS","UMBS MORTPASS 3.5% 03/49","30yr",,,,,"285435.23",,,,,,""
"2021-08-11","'3131Y0GD8'","MBS","UMBS MORTPASS 4% 02/48","30yr",,,,,"285358.34",,,,,,""
"2021-08-11","'3620A7P74'","MBS","GNMA I MORTPASS 5% 11/39","30yr",,,,,"285331.75",,,,,,""
"2021-08-11","'3138XSJB4'","MBS","UMBS MORTPASS 3.5% 07/29","15yr",,,,,"285288.35",,,,,,""
"2021-08-11","'36179F7E9'","MBS","GNMA I 3.5% 02/43","30yr",,,,,"285166.78",,,,,,""
"2021-08-11","'3140JAFM5'","MBS","UMBS MORTPASS 3% 04/32","15yr",,,,,"285130.02",,,,,,""
"2021-08-11","'3620A7LU7'","MBS","GNMA I MORTPASS 5% 02/40","30yr",,,,,"285060.41",,,,,,""
"2021-08-11","'31418BNM4'","MBS","UMBS MORTPASS 3.5% 02/30","15yr",,,,,"285018.48",,,,,,""
"2021-08-11","'3138LTK64'","MBS","UMBS MORTPASS 2.5% 05/27","15yr",,,,,"285018.01",,,,,,""
"2021-08-11","'3138XUCD2'","MBS","UMBS MORTPASS 3% 06/29","15yr",,,,,"284859.73",,,,,,""
"2021-08-11","'3620ABDR4'","MBS","GNMA I MORTPASS 5% 02/40","30yr",,,,,"284772.44",,,,,,""
"2021-08-11","'3620A35Q3'","MBS","GNMA I 4.5% 12/39","30yr",,,,,"284638.46",,,,,,""
"2021-08-11","'31307WLZ5'","MBS","FHLMCGLD 3.5% 07/33","15yr",,,,,"284638.4",,,,,,""
"2021-08-11","'3140Q8MR3'","MBS","UMBS MORTPASS 3% 02/33","15yr",,,,,"284536.79",,,,,,""
"2021-08-11","'3620AJVG1'","MBS","GNMA I MORTPASS 5% 12/39","30yr",,,,,"284176.78",,,,,,""
"2021-08-11","'31329Q2L4'","MBS","UMBS MORTPASS 4% 06/39","Other",,,,,"284157.82",,,,,,""
"2021-08-11","'3132A7F55'","MBS","UMBS MORTPASS 2.5% 05/22","Other",,,,,"284140.65",,,,,,""
"2021-08-11","'31307HG43'","MBS","FHLMCGLD 3.5% 06/29","15yr",,,,,"284102.47",,,,,,""
"2021-08-11","'3138ABFN4'","MBS","UMBS MORTPASS 4% 05/41","30yr",,,,,"284099.97",,,,,,""
"2021-08-11","'3140HBZE1'","MBS","UMBS MORTPASS 3.5% 09/49","30yr",,,,,"283993.09",,,,,,""
"2021-08-11","'3140E4T80'","MBS","UMBS MORTPASS 2.5% 03/31","15yr",,,,,"283966.32",,,,,,""
"2021-08-11","'31418BMC7'","MBS","UMBS MORTPASS 3% 01/25","Other",,,,,"283788.8",,,,,,""
"2021-08-11","'31417AJH3'","MBS","UMBS MORTPASS 3.5% 11/26","15yr",,,,,"283782.47",,,,,,""
"2021-08-11","'36201YAY2'","MBS","GNMA I MORTPASS 5% 03/40","30yr",,,,,"283704.12",,,,,,""
"2021-08-11","'3138WW5M7'","MBS","UMBS MORTPASS 3% 07/28","15yr",,,,,"283670.84",,,,,,""
"2021-08-11","'3131XWD67'","MBS","UMBS MORTPASS 4% 03/47","30yr",,,,,"283654.67",,,,,,""
"2021-08-11","'3138XFHP3'","MBS","UMBS MORTPASS 3% 11/28","15yr",,,,,"283485.76",,,,,,""
"2021-08-11","'312979TW7'","MBS","FHLMCGLD 4% 08/48","30yr",,,,,"283483.74",,,,,,""
"2021-08-11","'3138WFHD1'","MBS","UMBS MORTPASS 3% 08/30","15yr",,,,,"283477.19",,,,,,""
"2021-08-11","'3131X8GB6'","MBS","UMBS MORTPASS 2.5% 11/22","Other",,,,,"283307.37",,,,,,""
"2021-08-11","'3133KHSY3'","MBS","UMBS MORTPASS 3% 03/50","30yr",,,,,"283224.53",,,,,,""
"2021-08-11","'3138XELR7'","MBS","UMBS MORTPASS 2.5% 11/29","15yr",,,,,"283179.89",,,,,,""
"2021-08-11","'3138WVWT4'","MBS","UMBS MORTPASS 2.5% 06/28","15yr",,,,,"283115.88",,,,,,""
"2021-08-11","'31412UCX6'","MBS","UMBS MORTPASS 4% 07/24","15yr",,,,,"283044.68",,,,,,""
"2021-08-11","'3133D3GN9'","MBS","UMBS MORTPASS 3% 03/40","Other",,,,,"282998.55",,,,,,""
"2021-08-11","'31307L3H9'","MBS","FHLMCGLD 2.5% 02/30","15yr",,,,,"282968.75",,,,,,""
"2021-08-11","'36180F2D3'","MBS","GNMA I MORTPASS 4% 08/43","30yr",,,,,"282877.73",,,,,,""
"2021-08-11","'3138W4XW6'","MBS","UMBS MORTPASS 3% 02/43","30yr",,,,,"282794.45",,,,,,""
"2021-08-11","'3620ABD52'","MBS","GNMA I MORTPASS 5% 04/40","30yr",,,,,"282785.14",,,,,,""
"2021-08-11","'3138W9J92'","MBS","UMBS MORTPASS 2% 08/28","15yr",,,,,"282749.28",,,,,,""
"2021-08-11","'3138WBFP5'","MBS","UMBS MORTPASS 2.5% 03/29","15yr",,,,,"282745.38",,,,,,""
"2021-08-11","'36177LBM5'","MBS","GNMA I MORTPASS 3% 05/43","30yr",,,,,"282636.83",,,,,,""
"2021-08-11","'31418CW34'","MBS","UMBS MORTPASS 3% 05/28","Other",,,,,"282589.41",,,,,,""
"2021-08-11","'3140H9SM6'","MBS","UMBS MORTPASS 4% 02/49","30yr",,,,,"282564.54",,,,,,""
"2021-08-11","'3140JWKU3'","MBS","UMBS MORTPASS 4% 08/49","30yr",,,,,"282563.74",,,,,,""
"2021-08-11","'3140JLNP5'","MBS","UMBS MORTPASS 4% 12/48","30yr",,,,,"282520.9",,,,,,""
"2021-08-11","'36202FE51'","MBS","GNMA II MORTPASS 4% 03/40","30yr",,,,,"282153.53",,,,,,""
"2021-08-11","'3138LYH67'","MBS","UMBS MORTPASS 2.5% 09/27","15yr",,,,,"281989.28",,,,,,""
"2021-08-11","'3138EMQF1'","MBS","UMBS MORTPASS 3% 11/27","15yr",,,,,"281958.95",,,,,,""
"2021-08-11","'3620AB6W1'","MBS","GNMA I MORTPASS 5% 02/40","30yr",,,,,"281939.32",,,,,,""
"2021-08-11","'3620AAVJ4'","MBS","GNMA I 4.5% 09/39","30yr",,,,,"281873.61",,,,,,""
"2021-08-11","'36178D7C9'","MBS","GNMA I MORTPASS 3% 04/43","30yr",,,,,"281829.14",,,,,,""
"2021-08-11","'3138EE4E6'","MBS","UMBS MORTPASS 3% 04/27","15yr",,,,,"281790.79",,,,,,""
"2021-08-11","'3140L05D5'","MBS","UMBS MORTPASS 2% 02/51","30yr",,,,,"281640.04",,,,,,""
"2021-08-11","'3133AAYK2'","MBS","UMBS MORTPASS 2% 09/50","30yr",,,,,"281602.22",,,,,,""
"2021-08-11","'3140Q9HR7'","MBS","UMBS MORTPASS 4% 07/48","30yr",,,,,"281494.73",,,,,,""
"2021-08-11","'31307GZT9'","MBS","FHLMCGLD 3.5% 04/29","15yr",,,,,"281472.89",,,,,,""
"2021-08-11","'3128MMSU8'","MBS","FHLMCGLD 2.5% 11/29","15yr",,,,,"281317.76",,,,,,""
"2021-08-11","'31418U5H3'","MBS","UMBS MORTPASS 3.5% 07/25","15yr",,,,,"281283.93",,,,,,""
"2021-08-11","'3138MBNP7'","MBS","UMBS MORTPASS 2.5% 10/27","15yr",,,,,"281252.72",,,,,,""
"2021-08-11","'31346YMN0'","MBS","UMBS MORTPASS 3% 11/49","30yr",,,,,"281248.69",,,,,,""
"2021-08-11","'3138EQUX8'","MBS","UMBS MORTPASS 2.5% 11/28","15yr",,,,,"281241.07",,,,,,""
"2021-08-11","'3140FDAV8'","MBS","UMBS MORTPASS 2.5% 11/46","30yr",,,,,"281186.84",,,,,,""
"2021-08-11","'3138YVUY3'","MBS","UMBS MORTPASS 3% 07/30","15yr",,,,,"281129.36",,,,,,""
"2021-08-11","'3140HFH93'","MBS","UMBS MORTPASS 3% 03/48","30yr",,,,,"281004.76",,,,,,""
"2021-08-11","'3132M92C7'","MBS","FHLMCGLD 4% 10/44","30yr",,,,,"280979.18",,,,,,""
"2021-08-11","'3140Q7UB1'","MBS","UMBS MORTPASS 3% 10/32","15yr",,,,,"280951.35",,,,,,""
"2021-08-11","'36178WFP9'","MBS","GNMA I MORTPASS 3% 11/42","30yr",,,,,"280937.85",,,,,,""
"2021-08-11","'3138E9L32'","MBS","UMBS MORTPASS 3% 04/27","15yr",,,,,"280875.13",,,,,,""
"2021-08-11","'31307TAJ0'","MBS","FHLMCGLD 2.5% 02/32","15yr",,,,,"280849.29",,,,,,""
"2021-08-11","'3138YL4A6'","MBS","UMBS MORTPASS 3% 04/30","15yr",,,,,"280800.46",,,,,,""
"2021-08-11","'31418CPN8'","MBS","UMBS MORTPASS 3.5% 09/37","Other",,,,,"280796.68",,,,,,""
"2021-08-11","'3131X9HE7'","MBS","UMBS MORTPASS 2% 06/23","Other",,,,,"280795.1",,,,,,""
"2021-08-11","'3620A63A3'","MBS","GNMA I MORTPASS 5% 07/39","30yr",,,,,"280787.76",,,,,,""
"2021-08-11","'3140J9MS7'","MBS","UMBS MORTPASS 3% 10/28","Other",,,,,"280770.12",,,,,,""
"2021-08-11","'3132JAHY4'","MBS","FHLMCGLD 3% 06/43","30yr",,,,,"280636.42",,,,,,""
"2021-08-11","'3131XDTG0'","MBS","UMBS MORTPASS 3.5% 07/33","15yr",,,,,"280532.67",,,,,,""
"2021-08-11","'3128MFE61'","MBS","FHLMCGLD 2.5% 08/32","15yr",,,,,"280478.67",,,,,,""
"2021-08-11","'3138WXRQ2'","MBS","UMBS MORTPASS 3% 07/28","15yr",,,,,"280458.28",,,,,,""
"2021-08-11","'3138EQA36'","MBS","UMBS MORTPASS 3% 08/30","15yr",,,,,"280408.73",,,,,,""
"2021-08-11","'31307L2R8'","MBS","FHLMCGLD 2.5% 02/30","15yr",,,,,"280383.13",,,,,,""
"2021-08-11","'3131XYCF4'","MBS","UMBS MORTPASS 3.5% 11/47","30yr",,,,,"280240.09",,,,,,""
"2021-08-11","'31417DCC5'","MBS","UMBS MORTPASS 2.5% 10/27","15yr",,,,,"280164.55",,,,,,""
"2021-08-11","'3620AQJW4'","MBS","GNMA I MORTPASS 5% 02/40","30yr",,,,,"280039.39",,,,,,""
"2021-08-11","'3138MAKU1'","MBS","UMBS MORTPASS 2.5% 09/27","15yr",,,,,"279932.95",,,,,,""
"2021-08-11","'3140QAE55'","MBS","UMBS MORTPASS 4.5% 12/48","30yr",,,,,"279677.89",,,,,,""
"2021-08-11","'3138WPFP4'","MBS","UMBS MORTPASS 2% 04/28","15yr",,,,,"279634.61",,,,,,""
"2021-08-11","'3138A5ET5'","MBS","UMBS MORTPASS 3% 02/26","15yr",,,,,"279601.85",,,,,,""
"2021-08-11","'3138XU5J7'","MBS","UMBS MORTPASS 3.5% 06/29","15yr",,,,,"279543.47",,,,,,""
"2021-08-11","'3131X7LB2'","MBS","UMBS MORTPASS 2.5% 02/27","15yr",,,,,"279438.37",,,,,,""
"2021-08-11","'3131X7M62'","MBS","UMBS MORTPASS 3% 04/27","15yr",,,,,"279256.52",,,,,,""
"2021-08-11","'31307PSC4'","MBS","FHLMCGLD 2.5% 11/30","15yr",,,,,"279188.8",,,,,,""
"2021-08-11","'3131X7ZQ4'","MBS","UMBS MORTPASS 3% 08/27","15yr",,,,,"279133.17",,,,,,""
"2021-08-11","'31417FRH3'","MBS","UMBS MORTPASS 2% 03/28","15yr",,,,,"279082.91",,,,,,""
"2021-08-11","'31307C6W3'","MBS","FHLMCGLD 3.5% 07/28","15yr",,,,,"279041.85",,,,,,""
"2021-08-11","'3138MAS25'","MBS","UMBS MORTPASS 2.5% 09/42","30yr",,,,,"278927.57",,,,,,""
"2021-08-11","'3132A9MH7'","MBS","UMBS MORTPASS 3% 04/27","15yr",,,,,"278905.2",,,,,,""
"2021-08-11","'36178LGM9'","MBS","GNMA I MORTPASS 3% 11/42","30yr",,,,,"278766.71",,,,,,""
"2021-08-11","'3140JUCZ5'","MBS","UMBS MORTPASS 4% 11/49","30yr",,,,,"278504.22",,,,,,""
"2021-08-11","'31418AJK5'","MBS","UMBS MORTPASS 3% 09/32","Other",,,,,"278502.61",,,,,,""
"2021-08-11","'3140HN5T5'","MBS","UMBS MORTPASS 4% 09/33","15yr",,,,,"278466.14",,,,,,""
"2021-08-11","'3140JN5P1'","MBS","UMBS MORTPASS 3.5% 04/49","30yr",,,,,"278390.87",,,,,,""
"2021-08-11","'31307AUZ3'","MBS","FHLMCGLD 3% 02/28","15yr",,,,,"278375",,,,,,""
"2021-08-11","'31417GWT9'","MBS","UMBS MORTPASS 3% 06/28","15yr",,,,,"278366.77",,,,,,""
"2021-08-11","'3140KXSP2'","MBS","UMBS MORTPASS 2% 12/50","30yr",,,,,"278347.51",,,,,,""
"2021-08-11","'3138WJKJ6'","MBS","UMBS MORTPASS 3% 11/31","15yr",,,,,"278300.16",,,,,,""
"2021-08-11","'3128MMSF1'","MBS","FHLMCGLD 2.5% 07/29","15yr",,,,,"278275.78",,,,,,""
"2021-08-11","'3131Y1VN7'","MBS","UMBS MORTPASS 4% 06/48","30yr",,,,,"278149.65",,,,,,""
"2021-08-11","'3138YMTX7'","MBS","UMBS MORTPASS 3.5% 08/45","30yr",,,,,"278148.2",,,,,,""
"2021-08-11","'3133USGK1'","MBS","UMBS MORTPASS 4% 03/48","30yr",,,,,"278130.34",,,,,,""
"2021-08-11","'36296HMP1'","MBS","GNMA I 4.5% 07/39","30yr",,,,,"277984.94",,,,,,""
"2021-08-11","'3138XUCW0'","MBS","UMBS MORTPASS 3.5% 07/44","30yr",,,,,"277945.32",,,,,,""
"2021-08-11","'3138W7EE0'","MBS","UMBS MORTPASS 3% 03/28","15yr",,,,,"277911.59",,,,,,""
"2021-08-11","'36178NQ44'","MBS","GNMA I MORTPASS 4% 09/43","30yr",,,,,"277785.99",,,,,,""
"2021-08-11","'3138XREG0'","MBS","UMBS MORTPASS 4% 03/44","30yr",,,,,"277474.76",,,,,,""
"2021-08-11","'3140HDJX3'","MBS","UMBS MORTPASS 4.5% 09/48","30yr",,,,,"277452.72",,,,,,""
"2021-08-11","'3140K9EM7'","MBS","UMBS MORTPASS 2% 04/50","30yr",,,,,"277451.28",,,,,,""
"2021-08-11","'312944PD7'","MBS","FHLMCGLD 4% 12/40","30yr",,,,,"277445.19",,,,,,""
"2021-08-11","'3128K6M98'","MBS","FHLMCGLD 4.5% 05/35","30yr",,,,,"277415.63",,,,,,""
"2021-08-11","'3132QMYH8'","MBS","FHLMCGLD 3% 02/45","30yr",,,,,"277371.35",,,,,,""
"2021-08-11","'3131X7EF1'","MBS","UMBS MORTPASS 3% 12/26","15yr",,,,,"277329.1",,,,,,""
"2021-08-11","'3140HJSB8'","MBS","UMBS MORTPASS 3% 06/33","15yr",,,,,"277271.14",,,,,,""
"2021-08-11","'31418CKY9'","MBS","UMBS MORTPASS 3% 05/27","Other",,,,,"277264.22",,,,,,""
"2021-08-11","'36297JE34'","MBS","GNMA I MORTPASS 4% 03/39","30yr",,,,,"277238.28",,,,,,""
"2021-08-11","'3138EMLW9'","MBS","UMBS MORTPASS 4% 02/44","30yr",,,,,"277201.19",,,,,,""
"2021-08-11","'3138E5FN3'","MBS","UMBS MORTPASS 3% 12/26","15yr",,,,,"277190.02",,,,,,""
"2021-08-11","'36180HGN2'","MBS","GNMA I MORTPASS 4% 03/43","30yr",,,,,"277150.94",,,,,,""
"2021-08-11","'3138WJM88'","MBS","UMBS MORTPASS 3% 12/46","30yr",,,,,"277119.41",,,,,,""
"2021-08-11","'3132L8AD9'","MBS","FHLMCGLD 3.5% 01/45","30yr",,,,,"277109.35",,,,,,""
"2021-08-11","'36176M4W0'","MBS","GNMA I MORTPASS 4% 09/41","30yr",,,,,"277054.3",,,,,,""
"2021-08-11","'3131X8W69'","MBS","UMBS MORTPASS 2% 03/28","15yr",,,,,"276655.5",,,,,,""
"2021-08-11","'3128MMLW1'","MBS","FHLMCGLD 4.5% 02/25","15yr",,,,,"276584.59",,,,,,""
"2021-08-11","'3138EL6B4'","MBS","UMBS MORTPASS 3% 07/28","15yr",,,,,"276508.08",,,,,,""
"2021-08-11","'3131X7G51'","MBS","UMBS MORTPASS 3% 01/27","15yr",,,,,"276454.53",,,,,,""
"2021-08-11","'31307N2Q6'","MBS","FHLMCGLD 2.5% 09/30","15yr",,,,,"276420.72",,,,,,""
"2021-08-11","'36297DSW8'","MBS","GNMA I MORTPASS 6% 03/39","30yr",,,,,"276392.26",,,,,,""
"2021-08-11","'3138WNXT1'","MBS","UMBS MORTPASS 2.5% 05/28","15yr",,,,,"276314.87",,,,,,""
"2021-08-11","'36202EBT5'","MBS","GNMA II 4.5% 12/34","30yr",,,,,"276239.54",,,,,,""
"2021-08-11","'36179TG25'","MBS","GNMA II 2.5% 09/47","30yr",,,,,"276170.29",,,,,,""
"2021-08-11","'31417G7H3'","MBS","UMBS MORTPASS 2% 07/23","Other",,,,,"276114.93",,,,,,""
"2021-08-11","'3138W1D53'","MBS","UMBS MORTPASS 2.5% 03/28","15yr",,,,,"276083.96",,,,,,""
"2021-08-11","'36180GDD9'","MBS","GNMA I 3.5% 07/43","30yr",,,,,"276037.18",,,,,,""
"2021-08-11","'3138A35T0'","MBS","UMBS MORTPASS 3% 01/26","15yr",,,,,"275926.55",,,,,,""
"2021-08-11","'3132QWYD5'","MBS","FHLMCGLD 4.5% 04/46","30yr",,,,,"275840.51",,,,,,""
"2021-08-11","'3620A8CF8'","MBS","GNMA I MORTPASS 3% 12/42","30yr",,,,,"275815.4",,,,,,""
"2021-08-11","'3138EPV92'","MBS","UMBS MORTPASS 2.5% 01/29","15yr",,,,,"275633.44",,,,,,""
"2021-08-11","'3138Y52K1'","MBS","UMBS MORTPASS 3.5% 11/44","30yr",,,,,"275607.75",,,,,,""
"2021-08-11","'3138W1EY9'","MBS","UMBS MORTPASS 2.5% 04/28","15yr",,,,,"275468.92",,,,,,""
"2021-08-11","'31307PVX4'","MBS","FHLMCGLD 2.5% 12/30","15yr",,,,,"275393.99",,,,,,""
"2021-08-11","'36177NVM9'","MBS","GNMA I MORTPASS 4% 02/42","30yr",,,,,"275245.67",,,,,,""
"2021-08-11","'31417L6A8'","MBS","UMBS MORTPASS 4% 10/24","15yr",,,,,"275226.48",,,,,,""
"2021-08-11","'36176LT70'","MBS","GNMA I MORTPASS 4% 11/41","30yr",,,,,"275180.99",,,,,,""
"2021-08-11","'3132WHLW3'","MBS","FHLMCGLD 3% 10/46","30yr",,,,,"275090.91",,,,,,""
"2021-08-11","'36296MD21'","MBS","GNMA I 4.5% 02/39","30yr",,,,,"274636.32",,,,,,""
"2021-08-11","'3138W2YX7'","MBS","UMBS MORTPASS 3% 01/44","30yr",,,,,"274559.19",,,,,,""
"2021-08-11","'31418BPQ3'","MBS","UMBS MORTPASS 3% 04/35","Other",,,,,"274528.57",,,,,,""
"2021-08-11","'3133GBGD0'","MBS","UMBS MORTPASS 2% 12/35","15yr",,,,,"274486.52",,,,,,""
"2021-08-11","'31329JQH3'","MBS","UMBS MORTPASS 2.5% 02/43","30yr",,,,,"274467.3",,,,,,""
"2021-08-11","'3132A5E35'","MBS","UMBS MORTPASS 3% 03/46","30yr",,,,,"274452.68",,,,,,""
"2021-08-11","'3140E9RU2'","MBS","UMBS MORTPASS 2.5% 11/30","15yr",,,,,"274410.4",,,,,,""
"2021-08-11","'3140H6EB1'","MBS","UMBS MORTPASS 3.5% 03/33","15yr",,,,,"274396.38",,,,,,""
"2021-08-11","'36179EHP6'","MBS","GNMA I MORTPASS 3% 01/43","30yr",,,,,"274279.94",,,,,,""
"2021-08-11","'31307SCN1'","MBS","FHLMCGLD 3% 09/26","15yr",,,,,"274262.75",,,,,,""
"2021-08-11","'31307F3X7'","MBS","FHLMCGLD 3.5% 01/29","15yr",,,,,"274257.79",,,,,,""
"2021-08-11","'3132DVLC7'","MBS","UMBS MORTPASS 2.5% 08/50","30yr",,,,,"274075.13",,,,,,""
"2021-08-11","'3620ABDK9'","MBS","GNMA I MORTPASS 5% 01/40","30yr",,,,,"274061.99",,,,,,""
"2021-08-11","'36296U6U9'","MBS","GNMA I 4.5% 06/39","30yr",,,,,"274015.4",,,,,,""
"2021-08-11","'3138WDNW7'","MBS","UMBS MORTPASS 3% 12/44","30yr",,,,,"273956.54",,,,,,""
"2021-08-11","'3138WEFV6'","MBS","UMBS MORTPASS 3% 03/30","15yr",,,,,"273779.12",,,,,,""
"2021-08-11","'36178FZ41'","MBS","GNMA I 3.5% 08/42","30yr",,,,,"273773.62",,,,,,""
"2021-08-11","'3132WFQB8'","MBS","FHLMCGLD 3% 08/46","30yr",,,,,"273727.57",,,,,,""
"2021-08-11","'36297FKH4'","MBS","GNMA I MORTPASS 4% 11/39","30yr",,,,,"273716.05",,,,,,""
"2021-08-11","'3128MCA62'","MBS","FHLMCGLD 4.5% 01/24","15yr",,,,,"273699.04",,,,,,""
"2021-08-11","'3140F33W6'","MBS","UMBS MORTPASS 3% 07/31","15yr",,,,,"273527.87",,,,,,""
"2021-08-11","'3138X1AD8'","MBS","UMBS MORTPASS 3% 08/43","30yr",,,,,"273505.24",,,,,,""
"2021-08-11","'3140H5MJ7'","MBS","UMBS MORTPASS 3.5% 01/48","30yr",,,,,"273145.19",,,,,,""
"2021-08-11","'3140HPWK9'","MBS","UMBS MORTPASS 4% 11/48","30yr",,,,,"272961.25",,,,,,""
"2021-08-11","'3138ERUB4'","MBS","UMBS MORTPASS 3% 03/30","15yr",,,,,"272930.94",,,,,,""
"2021-08-11","'3140HNXP2'","MBS","UMBS MORTPASS 4% 08/48","30yr",,,,,"272923.1",,,,,,""
"2021-08-11","'31418DTJ1'","MBS","UMBS MORTPASS 2% 10/40","Other",,,,,"272829.13",,,,,,""
"2021-08-11","'3131Y0AJ1'","MBS","UMBS MORTPASS 3% 01/48","30yr",,,,,"272655.74",,,,,,""
"2021-08-11","'3620A1SK5'","MBS","GNMA I MORTPASS 5% 08/39","30yr",,,,,"272640.48",,,,,,""
"2021-08-11","'31418CPG3'","MBS","UMBS MORTPASS 4.5% 09/47","30yr",,,,,"272619.77",,,,,,""
"2021-08-11","'31416HUU7'","MBS","UMBS MORTPASS 4% 02/39","30yr",,,,,"272552.43",,,,,,""
"2021-08-11","'36296JFX8'","MBS","GNMA I 4.5% 02/39","30yr",,,,,"272528.77",,,,,,""
"2021-08-11","'3138YAGT6'","MBS","UMBS MORTPASS 3% 11/29","15yr",,,,,"272456.18",,,,,,""
"2021-08-11","'3138WHT44'","MBS","UMBS MORTPASS 4.5% 08/46","30yr",,,,,"272351.25",,,,,,""
"2021-08-11","'3128E4WH1'","MBS","FHLMCGLD 5% 05/28","Other",,,,,"272336.59",,,,,,""
"2021-08-11","'3140HNY48'","MBS","UMBS MORTPASS 4.5% 08/48","30yr",,,,,"272285.85",,,,,,""
"2021-08-11","'31416XRS1'","MBS","UMBS MORTPASS 3% 02/26","15yr",,,,,"272225.52",,,,,,""
"2021-08-11","'3138YGQP0'","MBS","UMBS MORTPASS 3% 02/30","15yr",,,,,"272225",,,,,,""
"2021-08-11","'3128MMSY0'","MBS","FHLMCGLD 3% 12/29","15yr",,,,,"272192.49",,,,,,""
"2021-08-11","'3138XBV43'","MBS","UMBS MORTPASS 3% 11/28","15yr",,,,,"272168.66",,,,,,""
"2021-08-11","'3131X7WY0'","MBS","UMBS MORTPASS 2.5% 07/27","15yr",,,,,"272142.31",,,,,,""
"2021-08-11","'3128MCFY6'","MBS","FHLMCGLD 4% 05/24","15yr",,,,,"272040",,,,,,""
"2021-08-11","'3132A8MC0'","MBS","UMBS MORTPASS 3% 11/31","15yr",,,,,"271987.68",,,,,,""
"2021-08-11","'3138XU4G4'","MBS","UMBS MORTPASS 3.5% 06/29","15yr",,,,,"271947.29",,,,,,""
"2021-08-11","'3132J8KH2'","MBS","FHLMCGLD 3% 04/43","30yr",,,,,"271933.68",,,,,,""
"2021-08-11","'3140KMU73'","MBS","UMBS MORTPASS 2.5% 09/50","30yr",,,,,"271709.43",,,,,,""
"2021-08-11","'3138XRZB8'","MBS","UMBS MORTPASS 3% 03/29","15yr",,,,,"271636.08",,,,,,""
"2021-08-11","'31417FLX4'","MBS","UMBS MORTPASS 2% 02/28","15yr",,,,,"271493.41",,,,,,""
"2021-08-11","'31307JBS1'","MBS","FHLMCGLD 3% 08/29","15yr",,,,,"271376",,,,,,""
"2021-08-11","'3138XZNC1'","MBS","UMBS MORTPASS 3.5% 07/29","15yr",,,,,"271322.69",,,,,,""
"2021-08-11","'3138YKYS6'","MBS","UMBS MORTPASS 2.5% 06/30","15yr",,,,,"271136.03",,,,,,""
"2021-08-11","'3140JUQV9'","MBS","UMBS MORTPASS 4% 05/49","30yr",,,,,"270992.95",,,,,,""
"2021-08-11","'36179EHY7'","MBS","GNMA I MORTPASS 3% 12/42","30yr",,,,,"270848.78",,,,,,""
"2021-08-11","'31413CSB6'","MBS","UMBS MORTPASS 4.5% 04/41","30yr",,,,,"270722.43",,,,,,""
"2021-08-11","'3138YWL96'","MBS","UMBS MORTPASS 3.5% 09/45","30yr",,,,,"270652.43",,,,,,""
"2021-08-11","'31418B5N2'","MBS","UMBS MORTPASS 3.5% 06/31","15yr",,,,,"270628.73",,,,,,""
"2021-08-11","'3138AWHN6'","MBS","UMBS MORTPASS 3% 12/26","15yr",,,,,"270623.08",,,,,,""
"2021-08-11","'3138MCC51'","MBS","UMBS MORTPASS 3% 09/27","15yr",,,,,"270599.84",,,,,,""
"2021-08-11","'3140HHNB7'","MBS","UMBS MORTPASS 4% 05/48","30yr",,,,,"270457.21",,,,,,""
"2021-08-11","'3620AB6T8'","MBS","GNMA I 4.5% 01/40","30yr",,,,,"270451.07",,,,,,""
"2021-08-11","'3140H8YJ8'","MBS","UMBS MORTPASS 3.5% 07/48","30yr",,,,,"270426.89",,,,,,""
"2021-08-11","'3138YJD94'","MBS","UMBS MORTPASS 3% 03/30","15yr",,,,,"270393.7",,,,,,""
"2021-08-11","'3620A7LC7'","MBS","GNMA I MORTPASS 4% 11/40","30yr",,,,,"270366.58",,,,,,""
"2021-08-11","'3140FEC85'","MBS","UMBS MORTPASS 3% 09/46","30yr",,,,,"270086.69",,,,,,""
"2021-08-11","'36297EBA2'","MBS","GNMA I 4.5% 06/39","30yr",,,,,"269720.16",,,,,,""
"2021-08-11","'3138X4Y61'","MBS","UMBS MORTPASS 4.5% 11/43","30yr",,,,,"269483.75",,,,,,""
"2021-08-11","'36296YDG4'","MBS","GNMA I MORTPASS 5% 05/39","30yr",,,,,"269456.46",,,,,,""
"2021-08-11","'3140JVNH1'","MBS","UMBS MORTPASS 3.5% 07/49","30yr",,,,,"269453.36",,,,,,""
"2021-08-11","'3140F1TE2'","MBS","UMBS MORTPASS 2.5% 03/31","15yr",,,,,"269272.41",,,,,,""
"2021-08-11","'3138WUVY6'","MBS","UMBS MORTPASS 2.5% 06/28","15yr",,,,,"269268.43",,,,,,""
"2021-08-11","'31307GJR1'","MBS","FHLMCGLD 3% 02/29","15yr",,,,,"269230.02",,,,,,""
"2021-08-11","'3140FCCP1'","MBS","UMBS MORTPASS 2.5% 10/30","15yr",,,,,"269062.78",,,,,,""
"2021-08-11","'3140QHG74'","MBS","UMBS MORTPASS 2% 02/51","30yr",,,,,"268875.47",,,,,,""
"2021-08-11","'3620AAXU7'","MBS","GNMA I MORTPASS 5% 10/39","30yr",,,,,"268862.13",,,,,,""
"2021-08-11","'3140FQTE7'","MBS","UMBS MORTPASS 3% 12/45","30yr",,,,,"268818.99",,,,,,""
"2021-08-11","'3138WGD84'","MBS","UMBS MORTPASS 2% 08/28","15yr",,,,,"268728.32",,,,,,""
"2021-08-11","'31329PM83'","MBS","UMBS MORTPASS 4.5% 10/48","30yr",,,,,"268635.66",,,,,,""
"2021-08-11","'3620A8UP6'","MBS","GNMA I MORTPASS 5% 10/39","30yr",,,,,"268558.21",,,,,,""
"2021-08-11","'3138E7UY8'","MBS","UMBS MORTPASS 3% 03/27","15yr",,,,,"268483.71",,,,,,""
"2021-08-11","'3140HLW93'","MBS","UMBS MORTPASS 4% 06/48","30yr",,,,,"268425.31",,,,,,""
"2021-08-11","'3131Y1R28'","MBS","UMBS MORTPASS 4% 06/48","30yr",,,,,"268395.02",,,,,,""
"2021-08-11","'3138Y1E92'","MBS","UMBS MORTPASS 3.5% 09/29","15yr",,,,,"268377.34",,,,,,""
"2021-08-11","'3132WDBV5'","MBS","FHLMCGLD 4.5% 04/46","30yr",,,,,"268064.5",,,,,,""
"2021-08-11","'31307F5D9'","MBS","FHLMCGLD 3% 01/29","15yr",,,,,"268025.96",,,,,,""
"2021-08-11","'31307GUM9'","MBS","FHLMCGLD 3% 03/29","15yr",,,,,"268001.6",,,,,,""
"2021-08-11","'31307NHP2'","MBS","FHLMCGLD 3% 06/30","15yr",,,,,"267924.49",,,,,,""
"2021-08-11","'36296UJD3'","MBS","GNMA I 4.5% 04/39","30yr",,,,,"267829.46",,,,,,""
"2021-08-11","'3131Y2MQ8'","MBS","UMBS MORTPASS 4% 08/48","30yr",,,,,"267770.15",,,,,,""
"2021-08-11","'36176JGF1'","MBS","GNMA I 3.5% 03/42","30yr",,,,,"267745.65",,,,,,""
"2021-08-11","'3620A7BT1'","MBS","GNMA I MORTPASS 5% 12/39","30yr",,,,,"267605.76",,,,,,""
"2021-08-11","'3138XPQJ5'","MBS","UMBS MORTPASS 3% 02/29","15yr",,,,,"267452.39",,,,,,""
"2021-08-11","'3138WUM67'","MBS","UMBS MORTPASS 2.5% 05/28","15yr",,,,,"267442.51",,,,,,""
"2021-08-11","'31307FEK3'","MBS","FHLMCGLD 3% 12/28","15yr",,,,,"267393.79",,,,,,""
"2021-08-11","'3132A8RJ0'","MBS","UMBS MORTPASS 3% 03/32","15yr",,,,,"267306.1",,,,,,""
"2021-08-11","'3133A3KL1'","MBS","UMBS MORTPASS 3% 03/50","30yr",,,,,"267239.95",,,,,,""
"2021-08-11","'3138XUY48'","MBS","UMBS MORTPASS 4% 05/44","30yr",,,,,"267126.67",,,,,,""
"2021-08-11","'3138YD2P3'","MBS","UMBS MORTPASS 2% 04/30","15yr",,,,,"267062.58",,,,,,""
"2021-08-11","'36295GVP4'","MBS","GNMA I MORTPASS 5% 06/37","30yr",,,,,"266885.59",,,,,,""
"2021-08-11","'36210BVQ5'","MBS","GNMA I MORTPASS 5% 02/39","30yr",,,,,"266833.1",,,,,,""
"2021-08-11","'3128PTL60'","MBS","FHLMCGLD 3.5% 12/25","15yr",,,,,"266829.54",,,,,,""
"2021-08-11","'36297DKL0'","MBS","GNMA I 4.5% 04/39","30yr",,,,,"266702.74",,,,,,""
"2021-08-11","'3138YAKJ3'","MBS","UMBS MORTPASS 4% 08/45","30yr",,,,,"266609.95",,,,,,""
"2021-08-11","'3138WEU56'","MBS","UMBS MORTPASS 3% 06/30","15yr",,,,,"266528.92",,,,,,""
"2021-08-11","'3138WJGQ5'","MBS","UMBS MORTPASS 3% 11/41","30yr",,,,,"266466.21",,,,,,""
"2021-08-11","'3132A9L96'","MBS","UMBS MORTPASS 3% 01/27","15yr",,,,,"266461.07",,,,,,""
"2021-08-11","'3133KH4B9'","MBS","UMBS MORTPASS 2.5% 05/50","30yr",,,,,"266403.62",,,,,,""
"2021-08-11","'3140X4RX6'","MBS","UMBS MORTPASS 4.5% 11/48","30yr",,,,,"266396.25",,,,,,""
"2021-08-11","'3140JW7F1'","MBS","UMBS MORTPASS 4% 07/49","30yr",,,,,"266096.19",,,,,,""
"2021-08-11","'3138WSQ27'","MBS","UMBS MORTPASS 3% 05/28","15yr",,,,,"266096.01",,,,,,""
"2021-08-11","'3128CUNZ5'","MBS","FHLMCGLD 5% 07/28","Other",,,,,"265981.14",,,,,,""
"2021-08-11","'3128MEHX2'","MBS","FHLMCGLD 3% 05/30","15yr",,,,,"265907.54",,,,,,""
"2021-08-11","'36180CDV8'","MBS","GNMA I MORTPASS 3% 06/43","30yr",,,,,"265883.1",,,,,,""
"2021-08-11","'3140JU2Q6'","MBS","UMBS MORTPASS 3% 06/49","30yr",,,,,"265849.46",,,,,,""
"2021-08-11","'3140XADX7'","MBS","UMBS MORTPASS 2% 04/31","Other",,,,,"265611.57",,,,,,""
"2021-08-11","'3140HGUH8'","MBS","UMBS MORTPASS 4.5% 04/48","30yr",,,,,"265580.11",,,,,,""
"2021-08-11","'3140F0PZ1'","MBS","UMBS MORTPASS 3.5% 03/31","15yr",,,,,"265512.88",,,,,,""
"2021-08-11","'36178GRR7'","MBS","GNMA I 3.5% 10/42","30yr",,,,,"265442.16",,,,,,""
"2021-08-11","'3138WJLT3'","MBS","UMBS MORTPASS 2.5% 12/36","Other",,,,,"265425.88",,,,,,""
"2021-08-11","'36177T4T1'","MBS","GNMA I MORTPASS 4% 04/42","30yr",,,,,"265312.02",,,,,,""
"2021-08-11","'3131X8FT8'","MBS","UMBS MORTPASS 2.5% 11/27","15yr",,,,,"265281.99",,,,,,""
"2021-08-11","'3138EJ3V8'","MBS","UMBS MORTPASS 2.5% 11/27","15yr",,,,,"265190.36",,,,,,""
"2021-08-11","'3132A7PU9'","MBS","UMBS MORTPASS 2% 06/23","Other",,,,,"265092.05",,,,,,""
"2021-08-11","'31346YNZ2'","MBS","UMBS MORTPASS 3.5% 02/49","30yr",,,,,"265042.4",,,,,,""
"2021-08-11","'3138M4BQ4'","MBS","UMBS MORTPASS 3.5% 08/42","30yr",,,,,"265015.49",,,,,,""
"2021-08-11","'36177RCE9'","MBS","GNMA I 3.5% 02/43","30yr",,,,,"264934.19",,,,,,""
"2021-08-11","'36297JPC2'","MBS","GNMA I MORTPASS 4% 05/39","30yr",,,,,"264902.58",,,,,,""
"2021-08-11","'31307EMZ4'","MBS","FHLMCGLD 3% 09/28","15yr",,,,,"264853.45",,,,,,""
"2021-08-11","'36295CHG9'","MBS","GNMA I MORTPASS 3% 03/43","30yr",,,,,"264805.31",,,,,,""
"2021-08-11","'36176UJW6'","MBS","GNMA I 3.5% 11/41","30yr",,,,,"264710.49",,,,,,""
"2021-08-11","'3138MGSA4'","MBS","UMBS MORTPASS 3% 12/42","30yr",,,,,"264367.26",,,,,,""
"2021-08-11","'3132QRA59'","MBS","FHLMCGLD 3.5% 07/45","30yr",,,,,"264351.09",,,,,,""
"2021-08-11","'36295CFZ9'","MBS","GNMA I 3.5% 11/42","30yr",,,,,"264242.75",,,,,,""
"2021-08-11","'3140XAK92'","MBS","UMBS MORTPASS 2% 03/36","15yr",,,,,"264066.16",,,,,,""
"2021-08-11","'3140F5BJ1'","MBS","UMBS MORTPASS 2% 11/31","15yr",,,,,"264037.22",,,,,,""
"2021-08-11","'31346YFQ1'","MBS","UMBS MORTPASS 3% 11/49","30yr",,,,,"264030.11",,,,,,""
"2021-08-11","'3138X83Q2'","MBS","UMBS MORTPASS 3.5% 10/28","15yr",,,,,"263975.12",,,,,,""
"2021-08-11","'31307FFL0'","MBS","FHLMCGLD 3.5% 11/28","15yr",,,,,"263931.59",,,,,,""
"2021-08-11","'3131YBD88'","MBS","UMBS MORTPASS 3% 04/39","Other",,,,,"263832.82",,,,,,""
"2021-08-11","'3140JYT89'","MBS","UMBS MORTPASS 3% 08/34","15yr",,,,,"263724.15",,,,,,""
"2021-08-11","'36179TCV5'","MBS","GNMA II 2.5% 07/47","30yr",,,,,"263706.79",,,,,,""
"2021-08-11","'3138WEJ59'","MBS","UMBS MORTPASS 3.5% 04/45","30yr",,,,,"263621.06",,,,,,""
"2021-08-11","'31418CND2'","MBS","UMBS MORTPASS 3.5% 08/47","30yr",,,,,"263572.72",,,,,,""
"2021-08-11","'3131X8DZ6'","MBS","UMBS MORTPASS 2.5% 11/27","15yr",,,,,"263474.96",,,,,,""
"2021-08-11","'3140KMVV9'","MBS","UMBS MORTPASS 2.5% 09/50","30yr",,,,,"263465.37",,,,,,""
"2021-08-11","'31412P3M1'","MBS","UMBS MORTPASS 4.5% 07/39","30yr",,,,,"263405.61",,,,,,""
"2021-08-11","'31417DT52'","MBS","UMBS MORTPASS 2.5% 11/27","15yr",,,,,"263231.45",,,,,,""
"2021-08-11","'3138XCYL0'","MBS","UMBS MORTPASS 3% 10/28","15yr",,,,,"263201.83",,,,,,""
"2021-08-11","'3131X9NT7'","MBS","UMBS MORTPASS 2% 07/23","Other",,,,,"263140.82",,,,,,""
"2021-08-11","'31307GS59'","MBS","FHLMCGLD 3.5% 03/29","15yr",,,,,"263131.93",,,,,,""
"2021-08-11","'3138XK3K8'","MBS","UMBS MORTPASS 3.5% 01/29","15yr",,,,,"262914.97",,,,,,""
"2021-08-11","'3138XK5P5'","MBS","UMBS MORTPASS 3.5% 04/44","30yr",,,,,"262679.9",,,,,,""
"2021-08-11","'31417DHW6'","MBS","UMBS MORTPASS 2.5% 10/22","Other",,,,,"262624.49",,,,,,""
"2021-08-11","'31418CJC9'","MBS","UMBS MORTPASS 2% 02/27","Other",,,,,"262577.07",,,,,,""
"2021-08-11","'3131XAD73'","MBS","UMBS MORTPASS 2.5% 01/24","Other",,,,,"262569.26",,,,,,""
"2021-08-11","'36296U4T4'","MBS","GNMA I 4.5% 06/39","30yr",,,,,"262527.68",,,,,,""
"2021-08-11","'31307NYP3'","MBS","FHLMCGLD 3% 08/30","15yr",,,,,"262515.52",,,,,,""
"2021-08-11","'3131X7ZF8'","MBS","UMBS MORTPASS 3% 08/27","15yr",,,,,"262414",,,,,,""
"2021-08-11","'3138A5AM4'","MBS","UMBS MORTPASS 3% 01/26","15yr",,,,,"262390.61",,,,,,""
"2021-08-11","'36230MSH1'","MBS","GNMA I MORTPASS 4% 07/43","30yr",,,,,"262330.36",,,,,,""
"2021-08-11","'3138WU2V4'","MBS","UMBS MORTPASS 2.5% 05/28","15yr",,,,,"262309.76",,,,,,""
"2021-08-11","'3132J7T77'","MBS","FHLMCGLD 3% 03/43","30yr",,,,,"262087.64",,,,,,""
"2021-08-11","'31307MU46'","MBS","FHLMCGLD 3.5% 04/30","15yr",,,,,"262055.37",,,,,,""
"2021-08-11","'36177XHR2'","MBS","GNMA I 3.5% 05/42","30yr",,,,,"262051.38",,,,,,""
"2021-08-11","'3140QEWM0'","MBS","UMBS MORTPASS 2.5% 09/50","30yr",,,,,"262038.62",,,,,,""
"2021-08-11","'3132WHEE1'","MBS","FHLMCGLD 3% 10/46","30yr",,,,,"262017.23",,,,,,""
"2021-08-11","'31417CXU4'","MBS","UMBS MORTPASS 2.5% 09/22","Other",,,,,"261938.86",,,,,,""
"2021-08-11","'3133G6SV8'","MBS","UMBS MORTPASS 2.5% 09/34","15yr",,,,,"261894.06",,,,,,""
"2021-08-11","'31417TYB8'","MBS","UMBS MORTPASS 4.5% 01/25","15yr",,,,,"261882.32",,,,,,""
"2021-08-11","'3140HAQ60'","MBS","UMBS MORTPASS 3% 03/33","15yr",,,,,"261855.99",,,,,,""
"2021-08-11","'3140HPU96'","MBS","UMBS MORTPASS 3.5% 09/48","30yr",,,,,"261801.44",,,,,,""
"2021-08-11","'31329MDE7'","MBS","UMBS MORTPASS 3% 02/29","15yr",,,,,"261727.47",,,,,,""
"2021-08-11","'3620A6AE7'","MBS","GNMA I MORTPASS 5% 06/39","30yr",,,,,"261688.78",,,,,,""
"2021-08-11","'3138WTVW3'","MBS","UMBS MORTPASS 3% 05/28","15yr",,,,,"261676.11",,,,,,""
"2021-08-11","'3132QVZ79'","MBS","FHLMCGLD 4.5% 02/46","30yr",,,,,"261630.82",,,,,,""
"2021-08-11","'3140FKUF5'","MBS","UMBS MORTPASS 3.5% 11/46","30yr",,,,,"261626.18",,,,,,""
"2021-08-11","'3138YLR45'","MBS","UMBS MORTPASS 3% 03/45","30yr",,,,,"261581.21",,,,,,""
"2021-08-11","'36297CMV8'","MBS","GNMA I 4.5% 02/39","30yr",,,,,"261543.12",,,,,,""
"2021-08-11","'3131X8HM1'","MBS","UMBS MORTPASS 2.5% 12/27","15yr",,,,,"261475.5",,,,,,""
"2021-08-11","'3140J6BZ9'","MBS","UMBS MORTPASS 3.5% 05/32","15yr",,,,,"261453.21",,,,,,""
"2021-08-11","'36176PT30'","MBS","GNMA I 3.5% 04/42","30yr",,,,,"261093.95",,,,,,""
"2021-08-11","'3138WBZK4'","MBS","UMBS MORTPASS 2.5% 05/24","Other",,,,,"260902.08",,,,,,""
"2021-08-11","'3128P7NH2'","MBS","FHLMCGLD 4% 03/30","Other",,,,,"260821.39",,,,,,""
"2021-08-11","'3140HJYY1'","MBS","UMBS MORTPASS 4% 09/48","30yr",,,,,"260732.84",,,,,,""
"2021-08-11","'3138W6DA1'","MBS","UMBS MORTPASS 3% 03/28","15yr",,,,,"260611.88",,,,,,""
"2021-08-11","'3131X8J23'","MBS","UMBS MORTPASS 2.5% 12/27","15yr",,,,,"260534.13",,,,,,""
"2021-08-11","'36295CHV6'","MBS","GNMA I MORTPASS 3% 04/43","30yr",,,,,"260506.42",,,,,,""
"2021-08-11","'3138ELFX6'","MBS","UMBS MORTPASS 3% 06/28","15yr",,,,,"260499.67",,,,,,""
"2021-08-11","'3138MPC78'","MBS","UMBS MORTPASS 3% 12/27","15yr",,,,,"260484.4",,,,,,""
"2021-08-11","'3138W6B54'","MBS","UMBS MORTPASS 3% 03/28","15yr",,,,,"260376.63",,,,,,""
"2021-08-11","'3138M4XX5'","MBS","UMBS MORTPASS 3% 08/27","15yr",,,,,"260348.68",,,,,,""
"2021-08-11","'36176ENR8'","MBS","GNMA I 3.5% 11/43","30yr",,,,,"260190.85",,,,,,""
"2021-08-11","'3138XRSM2'","MBS","UMBS MORTPASS 3% 03/29","15yr",,,,,"260190.34",,,,,,""
"2021-08-11","'3138EKH99'","MBS","UMBS MORTPASS 2.5% 01/28","15yr",,,,,"260175.21",,,,,,""
"2021-08-11","'3138MQD59'","MBS","UMBS MORTPASS 3% 02/43","30yr",,,,,"260150.79",,,,,,""
"2021-08-11","'3140HPVK0'","MBS","UMBS MORTPASS 3.5% 10/48","30yr",,,,,"260056.91",,,,,,""
"2021-08-11","'3140JJNP0'","MBS","UMBS MORTPASS 4% 11/48","30yr",,,,,"259874.14",,,,,,""
"2021-08-11","'3620A8T78'","MBS","GNMA I MORTPASS 5% 09/39","30yr",,,,,"259803.51",,,,,,""
"2021-08-11","'3140FB7H7'","MBS","UMBS MORTPASS 3% 10/29","15yr",,,,,"259777.16",,,,,,""
"2021-08-11","'3132M85T9'","MBS","FHLMCGLD 4% 09/44","30yr",,,,,"259708.59",,,,,,""
"2021-08-11","'3128MMKN2'","MBS","FHLMCGLD 4% 01/24","15yr",,,,,"259682.2",,,,,,""
"2021-08-11","'3132M6X62'","MBS","FHLMCGLD 3.5% 05/44","30yr",,,,,"259681.84",,,,,,""
"2021-08-11","'31307HFQ5'","MBS","FHLMCGLD 3% 06/29","15yr",,,,,"259622.63",,,,,,""
"2021-08-11","'36295T7D0'","MBS","GNMA I MORTPASS 5% 11/39","30yr",,,,,"259363.42",,,,,,""
"2021-08-11","'3138W5QU5'","MBS","UMBS MORTPASS 2% 02/28","15yr",,,,,"259330.12",,,,,,""
"2021-08-11","'31417CFR1'","MBS","UMBS MORTPASS 3% 07/27","15yr",,,,,"259223.92",,,,,,""
"2021-08-11","'3620ACAM6'","MBS","GNMA I MORTPASS 5% 04/40","30yr",,,,,"259207.18",,,,,,""
"2021-08-11","'3138AU7A9'","MBS","UMBS MORTPASS 3.5% 10/41","30yr",,,,,"259155.8",,,,,,""
"2021-08-11","'3620AFKZ9'","MBS","GNMA I MORTPASS 5% 12/39","30yr",,,,,"259104.55",,,,,,""
"2021-08-11","'36181AZR6'","MBS","GNMA I MORTPASS 3% 04/43","30yr",,,,,"259040.32",,,,,,""
"2021-08-11","'36178QBN1'","MBS","GNMA I MORTPASS 3% 09/42","30yr",,,,,"258976.54",,,,,,""
"2021-08-11","'31307YEE6'","MBS","FHLMCGLD 3.5% 01/34","15yr",,,,,"258845.5",,,,,,""
"2021-08-11","'3128PQ4V0'","MBS","FHLMCGLD 4.5% 02/25","15yr",,,,,"258806.41",,,,,,""
"2021-08-11","'3140HEQQ8'","MBS","UMBS MORTPASS 3% 03/33","15yr",,,,,"258720.25",,,,,,""
"2021-08-11","'31412S2S3'","MBS","UMBS MORTPASS 6.5% 04/38","30yr",,,,,"258640.12",,,,,,""
"2021-08-11","'3140J74S1'","MBS","UMBS MORTPASS 4% 02/48","30yr",,,,,"258579.96",,,,,,""
"2021-08-11","'3138LTTQ1'","MBS","UMBS MORTPASS 3% 10/22","Other",,,,,"258559.42",,,,,,""
"2021-08-11","'3140FH3T2'","MBS","UMBS MORTPASS 3% 04/32","15yr",,,,,"258532.56",,,,,,""
"2021-08-11","'31307UDK1'","MBS","FHLMCGLD 2.5% 07/32","15yr",,,,,"258283.96",,,,,,""
"2021-08-11","'3138MGNJ0'","MBS","UMBS MORTPASS 2.5% 02/28","15yr",,,,,"258264.41",,,,,,""
"2021-08-11","'3138WUBD4'","MBS","UMBS MORTPASS 2.5% 06/28","15yr",,,,,"258190.92",,,,,,""
"2021-08-11","'3133G6FW0'","MBS","UMBS MORTPASS 3.5% 07/34","15yr",,,,,"258188.59",,,,,,""
"2021-08-11","'36176SLX6'","MBS","GNMA I MORTPASS 4% 12/41","30yr",,,,,"258075.17",,,,,,""
"2021-08-11","'3138E8ZL9'","MBS","UMBS MORTPASS 2.5% 06/27","15yr",,,,,"258062.55",,,,,,""
"2021-08-11","'3138W9J50'","MBS","UMBS MORTPASS 2% 08/28","15yr",,,,,"258057.12",,,,,,""
"2021-08-11","'31329QJL6'","MBS","UMBS MORTPASS 4.5% 04/39","Other",,,,,"258043.65",,,,,,""
"2021-08-11","'31329QVX6'","MBS","UMBS MORTPASS 4.5% 01/49","30yr",,,,,"258013.28",,,,,,""
"2021-08-11","'31418CBF0'","MBS","UMBS MORTPASS 3% 09/46","30yr",,,,,"257969.14",,,,,,""
"2021-08-11","'3138WDB83'","MBS","UMBS MORTPASS 2.5% 10/24","Other",,,,,"257939.57",,,,,,""
"2021-08-11","'3138WPTH7'","MBS","UMBS MORTPASS 3% 05/28","15yr",,,,,"257888.73",,,,,,""
"2021-08-11","'31307HN37'","MBS","FHLMCGLD 3.5% 06/29","15yr",,,,,"257842.19",,,,,,""
"2021-08-11","'3140X5YQ0'","MBS","UMBS MORTPASS 2.5% 02/35","15yr",,,,,"257809.77",,,,,,""
"2021-08-11","'36176UT96'","MBS","GNMA I 3.5% 05/42","30yr",,,,,"257768.63",,,,,,""
"2021-08-11","'36176KMM6'","MBS","GNMA I MORTPASS 4% 08/41","30yr",,,,,"257676.43",,,,,,""
"2021-08-11","'31307M6S0'","MBS","FHLMCGLD 3% 05/30","15yr",,,,,"257584.8",,,,,,""
"2021-08-11","'3131X7RW0'","MBS","UMBS MORTPASS 2.5% 04/27","15yr",,,,,"257556.69",,,,,,""
"2021-08-11","'3138YFF58'","MBS","UMBS MORTPASS 2.5% 01/30","15yr",,,,,"257456.19",,,,,,""
"2021-08-11","'3132A86E4'","MBS","UMBS MORTPASS 3% 05/33","15yr",,,,,"257446.43",,,,,,""
"2021-08-11","'36177ULH5'","MBS","GNMA I 3.5% 06/42","30yr",,,,,"257396.64",,,,,,""
"2021-08-11","'3138W5YH5'","MBS","UMBS MORTPASS 3.5% 02/28","15yr",,,,,"257253.08",,,,,,""
"2021-08-11","'31307PS34'","MBS","FHLMCGLD 2.5% 11/30","15yr",,,,,"257219.85",,,,,,""
"2021-08-11","'3128MMTX1'","MBS","FHLMCGLD 3% 08/30","15yr",,,,,"257205.07",,,,,,""
"2021-08-11","'3138ABNX3'","MBS","UMBS MORTPASS 4.5% 04/41","30yr",,,,,"257101.48",,,,,,""
"2021-08-11","'3128MMS79'","MBS","FHLMCGLD 3% 02/30","15yr",,,,,"257073.89",,,,,,""
"2021-08-11","'3140K7ZA4'","MBS","UMBS MORTPASS 3.5% 12/49","30yr",,,,,"256926.82",,,,,,""
"2021-08-11","'3140FNJ39'","MBS","UMBS MORTPASS 3% 02/32","15yr",,,,,"256870.17",,,,,,""
"2021-08-11","'3620A4BB7'","MBS","GNMA I MORTPASS 5% 08/39","30yr",,,,,"256848.23",,,,,,""
"2021-08-11","'3138AYW54'","MBS","UMBS MORTPASS 3% 11/26","15yr",,,,,"256703.05",,,,,,""
"2021-08-11","'3131XDLZ6'","MBS","UMBS MORTPASS 2.5% 03/33","15yr",,,,,"256611.27",,,,,,""
"2021-08-11","'3138W6WT9'","MBS","UMBS MORTPASS 2.5% 03/28","15yr",,,,,"256445.64",,,,,,""
"2021-08-11","'36230LJR1'","MBS","GNMA I MORTPASS 4% 12/40","30yr",,,,,"256431.01",,,,,,""
"2021-08-11","'3138EQDC3'","MBS","UMBS MORTPASS 2.5% 09/28","15yr",,,,,"256117.15",,,,,,""
"2021-08-11","'31329MG61'","MBS","UMBS MORTPASS 2.5% 07/30","15yr",,,,,"256115.22",,,,,,""
"2021-08-11","'3138WGEU4'","MBS","UMBS MORTPASS 3.5% 12/30","15yr",,,,,"256112.34",,,,,,""
"2021-08-11","'3138MBLL8'","MBS","UMBS MORTPASS 2.5% 09/27","15yr",,,,,"256045.26",,,,,,""
"2021-08-11","'36178D7G0'","MBS","GNMA I MORTPASS 3% 04/43","30yr",,,,,"255987.05",,,,,,""
"2021-08-11","'3138WGE59'","MBS","UMBS MORTPASS 2.5% 01/31","15yr",,,,,"255877.38",,,,,,""
"2021-08-11","'31307JV83'","MBS","FHLMCGLD 2.5% 10/29","15yr",,,,,"255802.5",,,,,,""
"2021-08-11","'36176ABB4'","MBS","GNMA I 3.5% 03/42","30yr",,,,,"255792.75",,,,,,""
"2021-08-11","'3129464Q6'","MBS","FHLMCGLD 3% 10/41","30yr",,,,,"255710.34",,,,,,""
"2021-08-11","'36177R5G2'","MBS","GNMA I 3.5% 03/42","30yr",,,,,"255699.53",,,,,,""
"2021-08-11","'3132KEYU3'","MBS","FHLMCGLD 3% 02/30","15yr",,,,,"255689.68",,,,,,""
"2021-08-11","'31329LB50'","MBS","UMBS MORTPASS 2.5% 07/27","15yr",,,,,"255657.19",,,,,,""
"2021-08-11","'3138XK4G6'","MBS","UMBS MORTPASS 3% 02/29","15yr",,,,,"255573.96",,,,,,""
"2021-08-11","'31416R5H2'","MBS","UMBS MORTPASS 3.5% 04/39","30yr",,,,,"255499.86",,,,,,""
"2021-08-11","'3138WGVA9'","MBS","UMBS MORTPASS 3% 03/31","15yr",,,,,"255499.63",,,,,,""
"2021-08-11","'3138E2GB5'","MBS","UMBS MORTPASS 3% 01/27","15yr",,,,,"255475.42",,,,,,""
"2021-08-11","'3140H5TM3'","MBS","UMBS MORTPASS 4% 05/48","30yr",,,,,"255463.23",,,,,,""
"2021-08-11","'3131X8D29'","MBS","UMBS MORTPASS 2.5% 11/27","15yr",,,,,"255452.72",,,,,,""
"2021-08-11","'31307JSS3'","MBS","FHLMCGLD 3.5% 10/29","15yr",,,,,"255337.58",,,,,,""
"2021-08-11","'36177NSS0'","MBS","GNMA I 3.5% 04/42","30yr",,,,,"255260.85",,,,,,""
"2021-08-11","'3131XCD53'","MBS","UMBS MORTPASS 2.5% 08/31","15yr",,,,,"255057.27",,,,,,""
"2021-08-11","'3138MKMR4'","MBS","UMBS MORTPASS 3% 08/28","15yr",,,,,"255037.53",,,,,,""
"2021-08-11","'3140X96R1'","MBS","UMBS MORTPASS 1.5% 02/36","15yr",,,,,"255027.92",,,,,,""
"2021-08-11","'3138YKQK2'","MBS","UMBS MORTPASS 2.5% 04/30","15yr",,,,,"254854.67",,,,,,""
"2021-08-11","'3138Y9JD1'","MBS","UMBS MORTPASS 3.5% 11/29","15yr",,,,,"254845.3",,,,,,""
"2021-08-11","'3140QC6Z4'","MBS","UMBS MORTPASS 4.5% 12/49","30yr",,,,,"254785.38",,,,,,""
"2021-08-11","'3131XBDP1'","MBS","UMBS MORTPASS 2.5% 07/28","15yr",,,,,"254692.44",,,,,,""
"2021-08-11","'3138WBWL5'","MBS","UMBS MORTPASS 2.5% 05/29","15yr",,,,,"254595.41",,,,,,""
"2021-08-11","'31404S4B8'","MBS","UMBS MORTPASS 5% 01/34","30yr",,,,,"254550.25",,,,,,""
"2021-08-11","'3128MMUZ4'","MBS","FHLMCGLD 2% 05/31","15yr",,,,,"254518.9",,,,,,""
"2021-08-11","'31307SNA7'","MBS","FHLMCGLD 2.5% 11/31","15yr",,,,,"254480.23",,,,,,""
"2021-08-11","'3138EMMJ7'","MBS","UMBS MORTPASS 2.5% 04/28","15yr",,,,,"254434.31",,,,,,""
"2021-08-11","'3138EQ3K6'","MBS","UMBS MORTPASS 3.5% 02/31","15yr",,,,,"254381.07",,,,,,""
"2021-08-11","'3138XQM99'","MBS","UMBS MORTPASS 2.5% 06/29","15yr",,,,,"254331.25",,,,,,""
"2021-08-11","'3620ABGB6'","MBS","GNMA I 4.5% 01/40","30yr",,,,,"254217.98",,,,,,""
"2021-08-11","'3140QHBC8'","MBS","UMBS MORTPASS 2% 02/51","30yr",,,,,"254060.46",,,,,,""
"2021-08-11","'31307FTS0'","MBS","FHLMCGLD 3.5% 11/28","15yr",,,,,"254058.34",,,,,,""
"2021-08-11","'3138WKWX9'","MBS","UMBS MORTPASS 3.5% 05/47","30yr",,,,,"254021.68",,,,,,""
"2021-08-11","'36297KXR7'","MBS","GNMA I 4.5% 07/39","30yr",,,,,"253816.32",,,,,,""
"2021-08-11","'3133KHSA5'","MBS","UMBS MORTPASS 3.5% 03/50","30yr",,,,,"253795.19",,,,,,""
"2021-08-11","'3138XPV91'","MBS","UMBS MORTPASS 3.5% 02/29","15yr",,,,,"253556.46",,,,,,""
"2021-08-11","'31307PCG2'","MBS","FHLMCGLD 3% 07/30","15yr",,,,,"253496.25",,,,,,""
"2021-08-11","'31307VFG6'","MBS","FHLMCGLD 3% 01/33","15yr",,,,,"253447.93",,,,,,""
"2021-08-11","'3138AXGU9'","MBS","UMBS MORTPASS 3% 02/27","15yr",,,,,"253436.4",,,,,,""
"2021-08-11","'3620A7N50'","MBS","GNMA I MORTPASS 5% 08/39","30yr",,,,,"253276.16",,,,,,""
"2021-08-11","'3131XXD81'","MBS","UMBS MORTPASS 4% 07/47","30yr",,,,,"253143.06",,,,,,""
"2021-08-11","'3132A7DV0'","MBS","UMBS MORTPASS 2.5% 01/27","15yr",,,,,"253048.08",,,,,,""
"2021-08-11","'3140FE3J1'","MBS","UMBS MORTPASS 2.5% 03/32","15yr",,,,,"253032.96",,,,,,""
"2021-08-11","'3131XXMY4'","MBS","UMBS MORTPASS 4% 08/47","30yr",,,,,"252841.42",,,,,,""
"2021-08-11","'3131YBED6'","MBS","UMBS MORTPASS 4% 12/48","30yr",,,,,"252823.32",,,,,,""
"2021-08-11","'3140X7EV7'","MBS","UMBS MORTPASS 2.5% 08/50","30yr",,,,,"252791.64",,,,,,""
"2021-08-11","'3138W7HL1'","MBS","UMBS MORTPASS 2% 03/28","15yr",,,,,"252781.86",,,,,,""
"2021-08-11","'36296XSE5'","MBS","GNMA I MORTPASS 4% 03/39","30yr",,,,,"252705.3",,,,,,""
"2021-08-11","'3131XDFN0'","MBS","UMBS MORTPASS 2% 12/32","15yr",,,,,"252678.76",,,,,,""
"2021-08-11","'3138MTHR1'","MBS","UMBS MORTPASS 3% 03/28","15yr",,,,,"252518.44",,,,,,""
"2021-08-11","'3140H6CQ0'","MBS","UMBS MORTPASS 3.5% 01/33","15yr",,,,,"252513.47",,,,,,""
"2021-08-11","'3620AAHW1'","MBS","GNMA I MORTPASS 5% 09/39","30yr",,,,,"252462.84",,,,,,""
"2021-08-11","'3138XJDW4'","MBS","UMBS MORTPASS 3% 02/29","15yr",,,,,"252452.88",,,,,,""
"2021-08-11","'3138Y6KD5'","MBS","UMBS MORTPASS 3% 09/29","15yr",,,,,"252448.09",,,,,,""
"2021-08-11","'3140HKL97'","MBS","UMBS MORTPASS 3.5% 05/33","15yr",,,,,"252445.82",,,,,,""
"2021-08-11","'3138W46X4'","MBS","UMBS MORTPASS 3% 03/43","30yr",,,,,"252392.58",,,,,,""
"2021-08-11","'3132A8AA7'","MBS","UMBS MORTPASS 2.5% 07/25","Other",,,,,"252376.23",,,,,,""
"2021-08-11","'31417CPE9'","MBS","UMBS MORTPASS 2% 08/27","15yr",,,,,"252257.66",,,,,,""
"2021-08-11","'3128Q0KB2'","MBS","FHLMCGLD 3% 06/27","15yr",,,,,"252240.86",,,,,,""
"2021-08-11","'3133A16F4'","MBS","UMBS MORTPASS 3% 01/45","30yr",,,,,"252051.04",,,,,,""
"2021-08-11","'3132QPG99'","MBS","FHLMCGLD 3.5% 04/45","30yr",,,,,"252023.82",,,,,,""
"2021-08-11","'31418QAV5'","MBS","UMBS MORTPASS 4% 03/25","15yr",,,,,"252014.2",,,,,,""
"2021-08-11","'31418BGG5'","MBS","UMBS MORTPASS 3% 08/24","Other",,,,,"251914.59",,,,,,""
"2021-08-11","'31412QB81'","MBS","UMBS MORTPASS 3.5% 07/24","15yr",,,,,"251849.44",,,,,,""
"2021-08-11","'3138X5B71'","MBS","UMBS MORTPASS 3% 11/28","15yr",,,,,"251828.9",,,,,,""
"2021-08-11","'31418BJH0'","MBS","UMBS MORTPASS 2% 09/24","Other",,,,,"251706.94",,,,,,""
"2021-08-11","'3131X7WK0'","MBS","UMBS MORTPASS 3% 07/27","15yr",,,,,"251700.45",,,,,,""
"2021-08-11","'36180DQG5'","MBS","GNMA I 3.5% 03/43","30yr",,,,,"251686.25",,,,,,""
"2021-08-11","'3138M4LN0'","MBS","UMBS MORTPASS 3% 04/28","15yr",,,,,"251563.4",,,,,,""
"2021-08-11","'31307JKR3'","MBS","FHLMCGLD 3% 09/29","15yr",,,,,"251461.38",,,,,,""
"2021-08-11","'3138NWG94'","MBS","UMBS MORTPASS 3% 01/28","15yr",,,,,"251410.87",,,,,,""
"2021-08-11","'3131X7A99'","MBS","UMBS MORTPASS 3% 10/26","15yr",,,,,"251391.68",,,,,,""
"2021-08-11","'3128MJ6B1'","MBS","FHLMCGLD 3.5% 03/49","30yr",,,,,"251320.69",,,,,,""
"2021-08-11","'3140FVVS2'","MBS","UMBS MORTPASS 4.5% 06/47","30yr",,,,,"251295.94",,,,,,""
"2021-08-11","'3140JTCX3'","MBS","UMBS MORTPASS 3.5% 05/49","30yr",,,,,"251267.94",,,,,,""
"2021-08-11","'3138WKVM4'","MBS","UMBS MORTPASS 4.5% 05/47","30yr",,,,,"251199.09",,,,,,""
"2021-08-11","'31307CJK5'","MBS","FHLMCGLD 3% 05/28","15yr",,,,,"251125.56",,,,,,""
"2021-08-11","'3138X9NJ4'","MBS","UMBS MORTPASS 4% 12/43","30yr",,,,,"251113.49",,,,,,""
"2021-08-11","'3138E4AG6'","MBS","UMBS MORTPASS 3% 01/27","15yr",,,,,"251095.75",,,,,,""
"2021-08-11","'31307VJ56'","MBS","FHLMCGLD 3% 01/33","15yr",,,,,"251079.03",,,,,,""
"2021-08-11","'36180CGM5'","MBS","GNMA I 3.5% 05/43","30yr",,,,,"251011.61",,,,,,""
"2021-08-11","'3131X8JR8'","MBS","UMBS MORTPASS 2.5% 12/27","15yr",,,,,"251007.72",,,,,,""
"2021-08-11","'36177TS65'","MBS","GNMA I 3.5% 04/42","30yr",,,,,"250949.73",,,,,,""
"2021-08-11","'31329NZZ4'","MBS","UMBS MORTPASS 3% 01/48","30yr",,,,,"250892.8",,,,,,""
"2021-08-11","'3138YBGK3'","MBS","UMBS MORTPASS 3% 02/30","15yr",,,,,"250882.65",,,,,,""
"2021-08-11","'3138NX5A1'","MBS","UMBS MORTPASS 3% 02/28","15yr",,,,,"250864.68",,,,,,""
"2021-08-11","'3132A5JT3'","MBS","UMBS MORTPASS 4.5% 05/48","30yr",,,,,"250837.57",,,,,,""
"2021-08-11","'3140KRVK2'","MBS","UMBS MORTPASS 2.5% 12/50","30yr",,,,,"250769.95",,,,,,""
"2021-08-11","'3138E8JS2'","MBS","UMBS MORTPASS 2.5% 03/27","15yr",,,,,"250725.48",,,,,,""
"2021-08-11","'3132A7UL3'","MBS","UMBS MORTPASS 3% 01/24","Other",,,,,"250697.74",,,,,,""
"2021-08-11","'36297HSW9'","MBS","GNMA I 4.5% 07/39","30yr",,,,,"250650.52",,,,,,""
"2021-08-11","'31307R2J3'","MBS","FHLMCGLD 3.5% 09/31","15yr",,,,,"250593.39",,,,,,""
"2021-08-11","'3140H83F0'","MBS","UMBS MORTPASS 4% 07/43","30yr",,,,,"250559.7",,,,,,""
"2021-08-11","'36297A7E7'","MBS","GNMA I 4.5% 03/39","30yr",,,,,"250527.44",,,,,,""
"2021-08-11","'36297CQ51'","MBS","GNMA I 4.5% 12/39","30yr",,,,,"250458.82",,,,,,""
"2021-08-11","'3132A5HF5'","MBS","UMBS MORTPASS 3.5% 08/47","30yr",,,,,"250431.79",,,,,,""
"2021-08-11","'31410LR61'","MBS","UMBS MORTPASS 3% 12/30","15yr",,,,,"250428.61",,,,,,""
"2021-08-11","'36296YZF2'","MBS","GNMA I MORTPASS 4% 07/39","30yr",,,,,"250409.41",,,,,,""
"2021-08-11","'3132WMST2'","MBS","FHLMCGLD 3% 03/47","30yr",,,,,"250359.78",,,,,,""
"2021-08-11","'3140Q9NE9'","MBS","UMBS MORTPASS 4% 08/43","30yr",,,,,"250271.86",,,,,,""
"2021-08-11","'3138MRFK2'","MBS","UMBS MORTPASS 2.5% 12/27","15yr",,,,,"250246.63",,,,,,""
"2021-08-11","'3140QBEB0'","MBS","UMBS MORTPASS 3.5% 12/48","30yr",,,,,"250161.93",,,,,,""
"2021-08-11","'3132A9SW8'","MBS","UMBS MORTPASS 3% 12/31","15yr",,,,,"250102.48",,,,,,""
"2021-08-11","'3138YTSS4'","MBS","UMBS MORTPASS 2.5% 07/30","15yr",,,,,"249982.99",,,,,,""
"2021-08-11","'3620AECA6'","MBS","GNMA I MORTPASS 5% 03/40","30yr",,,,,"249752.69",,,,,,""
"2021-08-11","'31307V7H3'","MBS","FHLMCGLD 3.5% 05/28","15yr",,,,,"249649.02",,,,,,""
"2021-08-11","'3132A7RK9'","MBS","UMBS MORTPASS 2% 08/23","Other",,,,,"249481.1",,,,,,""
"2021-08-11","'3140F9UB9'","MBS","UMBS MORTPASS 4.5% 12/46","30yr",,,,,"249453.33",,,,,,""
"2021-08-11","'31307SSQ7'","MBS","FHLMCGLD 2.5% 12/31","15yr",,,,,"249376.8",,,,,,""
"2021-08-11","'3140E1RP0'","MBS","UMBS MORTPASS 2.5% 08/30","15yr",,,,,"249222.8",,,,,,""
"2021-08-11","'31417FL63'","MBS","UMBS MORTPASS 2.5% 02/28","15yr",,,,,"249144.74",,,,,,""
"2021-08-11","'3128PSCZ8'","MBS","FHLMCGLD 4% 08/25","15yr",,,,,"249121.18",,,,,,""
"2021-08-11","'36180CRP6'","MBS","GNMA I 3.5% 06/43","30yr",,,,,"248883.08",,,,,,""
"2021-08-11","'3128P7JH7'","MBS","FHLMCGLD 5% 03/28","Other",,,,,"248866.51",,,,,,""
"2021-08-11","'3138XW2D9'","MBS","UMBS MORTPASS 3.5% 07/29","15yr",,,,,"248816.42",,,,,,""
"2021-08-11","'31418CCH5'","MBS","UMBS MORTPASS 3% 10/46","30yr",,,,,"248796.69",,,,,,""
"2021-08-11","'3133KYVD8'","MBS","UMBS MORTPASS 2.5% 05/41","Other",,,,,"248786.88",,,,,,""
"2021-08-11","'3138XZL82'","MBS","UMBS MORTPASS 2.5% 12/29","15yr",,,,,"248765.22",,,,,,""
"2021-08-11","'3132KE3D5'","MBS","FHLMCGLD 2.5% 05/30","15yr",,,,,"248740.56",,,,,,""
"2021-08-11","'3138WZWR9'","MBS","UMBS MORTPASS 3% 07/28","15yr",,,,,"248598.1",,,,,,""
"2021-08-11","'3620AEB25'","MBS","GNMA I MORTPASS 5% 02/40","30yr",,,,,"248544.06",,,,,,""
"2021-08-11","'3620A5S59'","MBS","GNMA I 4.5% 11/39","30yr",,,,,"248453.1",,,,,,""
"2021-08-11","'31334YM46'","MBS","UMBS MORTPASS 3% 07/49","30yr",,,,,"248214.35",,,,,,""
"2021-08-11","'31416Y3D8'","MBS","UMBS MORTPASS 3.5% 09/26","15yr",,,,,"248213.74",,,,,,""
"2021-08-11","'3138Y7EH1'","MBS","UMBS MORTPASS 4.5% 06/46","30yr",,,,,"248208.22",,,,,,""
"2021-08-11","'3140HEE81'","MBS","UMBS MORTPASS 3.5% 04/48","30yr",,,,,"248174.08",,,,,,""
"2021-08-11","'31307NU69'","MBS","FHLMCGLD 2.5% 08/30","15yr",,,,,"248157.63",,,,,,""
"2021-08-11","'31417YDJ3'","MBS","UMBS MORTPASS 6% 06/39","30yr",,,,,"248124.24",,,,,,""
"2021-08-11","'3138LS4A5'","MBS","UMBS MORTPASS 2.5% 06/27","15yr",,,,,"248118.72",,,,,,""
"2021-08-11","'3620C6BP9'","MBS","GNMA I 3.5% 10/40","30yr",,,,,"248113.96",,,,,,""
"2021-08-11","'3140HPBT3'","MBS","UMBS MORTPASS 4% 11/48","30yr",,,,,"248111.1",,,,,,""
"2021-08-11","'31418SBP3'","MBS","UMBS MORTPASS 5.5% 04/40","30yr",,,,,"248089.81",,,,,,""
"2021-08-11","'3138M36N9'","MBS","UMBS MORTPASS 3% 07/27","15yr",,,,,"248084.6",,,,,,""
"2021-08-11","'31307TVL2'","MBS","FHLMCGLD 3% 05/32","15yr",,,,,"248047.25",,,,,,""
"2021-08-11","'36176MK44'","MBS","GNMA I 3.5% 12/41","30yr",,,,,"247987.78",,,,,,""
"2021-08-11","'3138WJB31'","MBS","UMBS MORTPASS 4.5% 10/46","30yr",,,,,"247977.59",,,,,,""
"2021-08-11","'3138M0CX6'","MBS","UMBS MORTPASS 3% 06/27","15yr",,,,,"247975.77",,,,,,""
"2021-08-11","'3140K33Y6'","MBS","UMBS MORTPASS 3% 03/50","30yr",,,,,"247810.49",,,,,,""
"2021-08-11","'3138EMZR5'","MBS","UMBS MORTPASS 3% 04/24","Other",,,,,"247755.13",,,,,,""
"2021-08-11","'36297FLT7'","MBS","GNMA I MORTPASS 5% 10/39","30yr",,,,,"247638.99",,,,,,""
"2021-08-11","'3138W9GC8'","MBS","UMBS MORTPASS 3% 08/28","15yr",,,,,"247595.29",,,,,,""
"2021-08-11","'3140FR5M3'","MBS","UMBS MORTPASS 3.5% 04/32","15yr",,,,,"247591.84",,,,,,""
"2021-08-11","'3138WNAB5'","MBS","UMBS MORTPASS 2% 03/28","15yr",,,,,"247550.21",,,,,,""
"2021-08-11","'3138WFUK0'","MBS","UMBS MORTPASS 3.5% 10/30","15yr",,,,,"247537.62",,,,,,""
"2021-08-11","'3138X1SG2'","MBS","UMBS MORTPASS 3% 02/29","15yr",,,,,"247468.3",,,,,,""
"2021-08-11","'3140HMJJ4'","MBS","UMBS MORTPASS 4% 09/48","30yr",,,,,"247385.51",,,,,,""
"2021-08-11","'36296LMR8'","MBS","GNMA I MORTPASS 4% 03/39","30yr",,,,,"247384.57",,,,,,""
"2021-08-11","'3140K3SU7'","MBS","UMBS MORTPASS 3.5% 12/49","30yr",,,,,"247350.21",,,,,,""
"2021-08-11","'3138MTHM2'","MBS","UMBS MORTPASS 3% 03/28","15yr",,,,,"247314.36",,,,,,""
"2021-08-11","'312931T40'","MBS","FHLMCGLD 5% 03/39","30yr",,,,,"247295",,,,,,""
"2021-08-11","'3138WTPU4'","MBS","UMBS MORTPASS 2.5% 05/28","15yr",,,,,"247258.63",,,,,,""
"2021-08-11","'3138AUDP9'","MBS","UMBS MORTPASS 3.5% 11/41","30yr",,,,,"247163.22",,,,,,""
"2021-08-11","'36178SGV4'","MBS","GNMA I MORTPASS 4% 11/42","30yr",,,,,"247155.27",,,,,,""
"2021-08-11","'3138MKSW7'","MBS","UMBS MORTPASS 3% 10/28","15yr",,,,,"247129.91",,,,,,""
"2021-08-11","'3138X22N3'","MBS","UMBS MORTPASS 3% 09/28","15yr",,,,,"247119.19",,,,,,""
"2021-08-11","'3132AAVJ0'","MBS","UMBS MORTPASS 3% 01/41","30yr",,,,,"247096.36",,,,,,""
"2021-08-11","'3140E0EV3'","MBS","UMBS MORTPASS 3% 11/45","30yr",,,,,"247086.6",,,,,,""
"2021-08-11","'3140H6QY8'","MBS","UMBS MORTPASS 4% 03/48","30yr",,,,,"247057.23",,,,,,""
"2021-08-11","'31419JE61'","MBS","UMBS MORTPASS 3.5% 12/25","15yr",,,,,"247054.67",,,,,,""
"2021-08-11","'31418DKG6'","MBS","UMBS MORTPASS 4% 09/31","Other",,,,,"247010.91",,,,,,""
"2021-08-11","'36179H2M2'","MBS","GNMA I MORTPASS 3% 01/43","30yr",,,,,"246974.64",,,,,,""
"2021-08-11","'3138XRGU7'","MBS","UMBS MORTPASS 3% 03/29","15yr",,,,,"246921.75",,,,,,""
"2021-08-11","'3140HJRJ2'","MBS","UMBS MORTPASS 4% 06/48","30yr",,,,,"246844.01",,,,,,""
"2021-08-11","'36176V3J0'","MBS","GNMA I 3.5% 12/41","30yr",,,,,"246815.7",,,,,,""
"2021-08-11","'3138YJ3N4'","MBS","UMBS MORTPASS 3.5% 03/45","30yr",,,,,"246711.94",,,,,,""
"2021-08-11","'36297ACP6'","MBS","GNMA I 4.5% 08/39","30yr",,,,,"246631.4",,,,,,""
"2021-08-11","'3138WJFS2'","MBS","UMBS MORTPASS 3% 11/46","30yr",,,,,"246482.59",,,,,,""
"2021-08-11","'3128MEQW4'","MBS","FHLMCGLD 3% 12/30","15yr",,,,,"246378.35",,,,,,""
"2021-08-11","'36296Y2H4'","MBS","GNMA I MORTPASS 5% 12/39","30yr",,,,,"246303.7",,,,,,""
"2021-08-11","'3131X7LE6'","MBS","UMBS MORTPASS 2.5% 02/27","15yr",,,,,"246140.78",,,,,,""
"2021-08-11","'3133A6GH8'","MBS","UMBS MORTPASS 2.5% 06/50","30yr",,,,,"246106.06",,,,,,""
"2021-08-11","'31419BDK8'","MBS","UMBS MORTPASS 4% 09/40","30yr",,,,,"245998.99",,,,,,""
"2021-08-11","'3140HD3R3'","MBS","UMBS MORTPASS 3.5% 04/33","15yr",,,,,"245992.38",,,,,,""
"2021-08-11","'3128MJLR9'","MBS","FHLMCGLD 6% 03/39","30yr",,,,,"245982.48",,,,,,""
"2021-08-11","'36178XC62'","MBS","GNMA I 3.5% 05/43","30yr",,,,,"245971.45",,,,,,""
"2021-08-11","'3131X8KY1'","MBS","UMBS MORTPASS 2.5% 12/22","Other",,,,,"245773.44",,,,,,""
"2021-08-11","'3138WXKU0'","MBS","UMBS MORTPASS 2% 08/23","Other",,,,,"245737.02",,,,,,""
"2021-08-11","'3138WJEY0'","MBS","UMBS MORTPASS 2% 11/31","15yr",,,,,"245681.53",,,,,,""
"2021-08-11","'3140H7SM0'","MBS","UMBS MORTPASS 3% 04/33","15yr",,,,,"245563.79",,,,,,""
"2021-08-11","'31329MHJ2'","MBS","UMBS MORTPASS 2.5% 09/30","15yr",,,,,"245521.46",,,,,,""
"2021-08-11","'3128LDJL9'","MBS","FHLMCGLD 5.5% 12/37","30yr",,,,,"245359.37",,,,,,""
"2021-08-11","'3138E0KF5'","MBS","UMBS MORTPASS 3% 12/26","15yr",,,,,"245289.96",,,,,,""
"2021-08-11","'3140FSAD5'","MBS","UMBS MORTPASS 3.5% 08/32","15yr",,,,,"245270.45",,,,,,""
"2021-08-11","'36295R5E4'","MBS","GNMA I 4.5% 10/39","30yr",,,,,"245207.56",,,,,,""
"2021-08-11","'3140J8ND1'","MBS","UMBS MORTPASS 2.5% 06/32","15yr",,,,,"245013.44",,,,,,""
"2021-08-11","'3138LRKY7'","MBS","UMBS MORTPASS 3% 04/27","15yr",,,,,"244976.94",,,,,,""
"2021-08-11","'3131X8RE8'","MBS","UMBS MORTPASS 2.5% 02/28","15yr",,,,,"244814.3",,,,,,""
"2021-08-11","'3620A7BQ7'","MBS","GNMA I 4.5% 12/39","30yr",,,,,"244800.2",,,,,,""
"2021-08-11","'3138XMBA7'","MBS","UMBS MORTPASS 4.5% 02/44","30yr",,,,,"244778.71",,,,,,""
"2021-08-11","'3620AJVK2'","MBS","GNMA I 4.5% 01/40","30yr",,,,,"244739.41",,,,,,""
"2021-08-11","'36177MAZ5'","MBS","GNMA I MORTPASS 4% 01/42","30yr",,,,,"244714.05",,,,,,""
"2021-08-11","'3140F0GY4'","MBS","UMBS MORTPASS 3% 10/46","30yr",,,,,"244707.14",,,,,,""
"2021-08-11","'3138LSDP2'","MBS","UMBS MORTPASS 3% 05/27","15yr",,,,,"244671.1",,,,,,""
"2021-08-11","'3138MBWR3'","MBS","UMBS MORTPASS 3% 09/27","15yr",,,,,"244556.21",,,,,,""
"2021-08-11","'3140QBJL3'","MBS","UMBS MORTPASS 3.5% 07/49","30yr",,,,,"244303.82",,,,,,""
"2021-08-11","'3140HPCW5'","MBS","UMBS MORTPASS 4% 01/49","30yr",,,,,"244271.86",,,,,,""
"2021-08-11","'36296JDH5'","MBS","GNMA I MORTPASS 5% 01/39","30yr",,,,,"243949.62",,,,,,""
"2021-08-11","'3132M3JT5'","MBS","FHLMCGLD 4.5% 11/43","30yr",,,,,"243924.39",,,,,,""
"2021-08-11","'3132HRCN8'","MBS","FHLMCGLD 3% 01/43","30yr",,,,,"243861.26",,,,,,""
"2021-08-11","'31417EU74'","MBS","UMBS MORTPASS 2% 02/23","Other",,,,,"243843.8",,,,,,""
"2021-08-11","'31307KBN9'","MBS","FHLMCGLD 3.5% 11/24","15yr",,,,,"243808.94",,,,,,""
"2021-08-11","'3132GTHR1'","MBS","FHLMCGLD 3.5% 05/42","30yr",,,,,"243700.26",,,,,,""
"2021-08-11","'3620AACH9'","MBS","GNMA I MORTPASS 5% 12/39","30yr",,,,,"243408.88",,,,,,""
"2021-08-11","'3132DMBR5'","MBS","UMBS MORTPASS 4% 05/49","30yr",,,,,"243401.85",,,,,,""
"2021-08-11","'31307LY85'","MBS","FHLMCGLD 3.5% 02/30","15yr",,,,,"243320.8",,,,,,""
"2021-08-11","'36297BFP1'","MBS","GNMA I 4.5% 11/39","30yr",,,,,"243316.82",,,,,,""
"2021-08-11","'3128M96X5'","MBS","FHLMCGLD 4% 08/44","30yr",,,,,"243302.1",,,,,,""
"2021-08-11","'3620AJYC7'","MBS","GNMA I 4.5% 01/40","30yr",,,,,"243187.72",,,,,,""
"2021-08-11","'3131X8FB7'","MBS","UMBS MORTPASS 2.5% 11/27","15yr",,,,,"243177.49",,,,,,""
"2021-08-11","'3138MQC68'","MBS","UMBS MORTPASS 3% 01/43","30yr",,,,,"243135.62",,,,,,""
"2021-08-11","'36297DHS9'","MBS","GNMA I MORTPASS 5% 12/39","30yr",,,,,"243083.94",,,,,,""
"2021-08-11","'3131X8GY6'","MBS","UMBS MORTPASS 2.5% 12/27","15yr",,,,,"243079.8",,,,,,""
"2021-08-11","'3140H8DD4'","MBS","UMBS MORTPASS 3.5% 03/33","15yr",,,,,"243065.42",,,,,,""
"2021-08-11","'3620A44G4'","MBS","GNMA I MORTPASS 5% 11/39","30yr",,,,,"243016.87",,,,,,""
"2021-08-11","'36296JJZ9'","MBS","GNMA I 4.5% 04/39","30yr",,,,,"242989.45",,,,,,""
"2021-08-11","'3128MJWV8'","MBS","FHLMCGLD 3.5% 08/45","30yr",,,,,"242891.47",,,,,,""
"2021-08-11","'3140HKXX1'","MBS","UMBS MORTPASS 3.5% 05/48","30yr",,,,,"242749.64",,,,,,""
"2021-08-11","'31307VTR7'","MBS","FHLMCGLD 3% 03/33","15yr",,,,,"242726.56",,,,,,""
"2021-08-11","'3140FABR2'","MBS","UMBS MORTPASS 4% 07/46","30yr",,,,,"242712.72",,,,,,""
"2021-08-11","'36177NRW2'","MBS","GNMA I MORTPASS 4% 01/42","30yr",,,,,"242709.88",,,,,,""
"2021-08-11","'3133LPSP3'","MBS","UMBS MORTPASS 3% 04/30","Other",,,,,"242654.59",,,,,,""
"2021-08-11","'3620A2Y42'","MBS","GNMA I 4.5% 06/39","30yr",,,,,"242578.07",,,,,,""
"2021-08-11","'31307F3D1'","MBS","FHLMCGLD 3.5% 01/29","15yr",,,,,"242452.82",,,,,,""
"2021-08-11","'3140K04K1'","MBS","UMBS MORTPASS 3% 11/49","30yr",,,,,"242442.85",,,,,,""
"2021-08-11","'3138X7XA6'","MBS","UMBS MORTPASS 3% 09/28","15yr",,,,,"242264.75",,,,,,""
"2021-08-11","'3138LUK38'","MBS","UMBS MORTPASS 3% 06/27","15yr",,,,,"242008.64",,,,,,""
"2021-08-11","'36202E7H6'","MBS","GNMA II MORTPASS 5% 07/39","30yr",,,,,"241985.15",,,,,,""
"2021-08-11","'3132M7DL9'","MBS","FHLMCGLD 3.5% 06/44","30yr",,,,,"241928.08",,,,,,""
"2021-08-11","'31419LRS4'","MBS","UMBS MORTPASS 4% 11/40","30yr",,,,,"241901.29",,,,,,""
"2021-08-11","'36297D7H4'","MBS","GNMA I MORTPASS 5% 03/39","30yr",,,,,"241781.86",,,,,,""
"2021-08-11","'31419H2U5'","MBS","UMBS MORTPASS 3% 12/25","15yr",,,,,"241738.55",,,,,,""
"2021-08-11","'3140HJQF1'","MBS","UMBS MORTPASS 3.5% 05/33","15yr",,,,,"241675.95",,,,,,""
"2021-08-11","'3138MJY60'","MBS","UMBS MORTPASS 3% 11/27","15yr",,,,,"241660.76",,,,,,""
"2021-08-11","'3140JHKU6'","MBS","UMBS MORTPASS 4.5% 11/48","30yr",,,,,"241657.28",,,,,,""
"2021-08-11","'3131Y0KB7'","MBS","UMBS MORTPASS 4% 02/48","30yr",,,,,"241628.71",,,,,,""
"2021-08-11","'3140HKAS7'","MBS","UMBS MORTPASS 4% 08/48","30yr",,,,,"241516.38",,,,,,""
"2021-08-11","'3620A2Y75'","MBS","GNMA I 4.5% 06/39","30yr",,,,,"241480.24",,,,,,""
"2021-08-11","'3128P7JU8'","MBS","FHLMCGLD 5% 05/28","Other",,,,,"241471.38",,,,,,""
"2021-08-11","'36176C5V3'","MBS","GNMA I MORTPASS 4% 08/41","30yr",,,,,"241434.2",,,,,,""
"2021-08-11","'31418CCU6'","MBS","UMBS MORTPASS 3.5% 09/31","15yr",,,,,"241409.6",,,,,,""
"2021-08-11","'36297JJ88'","MBS","GNMA I MORTPASS 4% 04/39","30yr",,,,,"241342.12",,,,,,""
"2021-08-11","'36294SH59'","MBS","GNMA I MORTPASS 6% 01/37","30yr",,,,,"241200.94",,,,,,""
"2021-08-11","'36296YZA3'","MBS","GNMA I MORTPASS 5% 04/39","30yr",,,,,"240710.88",,,,,,""
"2021-08-11","'3138AVZ57'","MBS","UMBS MORTPASS 3% 11/26","15yr",,,,,"240646.86",,,,,,""
"2021-08-11","'3131X8JD9'","MBS","UMBS MORTPASS 2.5% 12/27","15yr",,,,,"240570.04",,,,,,""
"2021-08-11","'3138ELN33'","MBS","UMBS MORTPASS 3.5% 07/43","30yr",,,,,"240442.55",,,,,,""
"2021-08-11","'3138YNFD4'","MBS","UMBS MORTPASS 3% 05/35","Other",,,,,"240283.96",,,,,,""
"2021-08-11","'3140FA5S7'","MBS","UMBS MORTPASS 4.5% 07/47","30yr",,,,,"240276.73",,,,,,""
"2021-08-11","'31329PSG9'","MBS","UMBS MORTPASS 3.5% 11/48","30yr",,,,,"240077.18",,,,,,""
"2021-08-11","'31307HQ26'","MBS","FHLMCGLD 3.5% 05/29","15yr",,,,,"240015.89",,,,,,""
"2021-08-11","'3620AB4T0'","MBS","GNMA I MORTPASS 5% 11/39","30yr",,,,,"239968.01",,,,,,""
"2021-08-11","'3140H1BE9'","MBS","UMBS MORTPASS 2.5% 12/32","15yr",,,,,"239952.32",,,,,,""
"2021-08-11","'31418C7C2'","MBS","UMBS MORTPASS 4% 02/39","Other",,,,,"239873.87",,,,,,""
"2021-08-11","'3138YYBP7'","MBS","UMBS MORTPASS 2.5% 07/30","15yr",,,,,"239835.9",,,,,,""
"2021-08-11","'36176AFL8'","MBS","GNMA I MORTPASS 4% 05/41","30yr",,,,,"239725.96",,,,,,""
"2021-08-11","'31417YG35'","MBS","UMBS MORTPASS 5.5% 10/29","Other",,,,,"239630.01",,,,,,""
"2021-08-11","'3140F1DT6'","MBS","UMBS MORTPASS 2.5% 05/46","30yr",,,,,"239617.01",,,,,,""
"2021-08-11","'3140KTK79'","MBS","UMBS MORTPASS 2.5% 11/50","30yr",,,,,"239597.44",,,,,,""
"2021-08-11","'3138X1Y26'","MBS","UMBS MORTPASS 4% 07/43","30yr",,,,,"239487.96",,,,,,""
"2021-08-11","'31412VBH0'","MBS","UMBS MORTPASS 4.5% 10/24","15yr",,,,,"239409.64",,,,,,""
"2021-08-11","'3133A2NV8'","MBS","UMBS MORTPASS 4.5% 03/50","30yr",,,,,"239368.58",,,,,,""
"2021-08-11","'36295R3N6'","MBS","GNMA I 4.5% 06/38","30yr",,,,,"239275.52",,,,,,""
"2021-08-11","'3620AAVW5'","MBS","GNMA I MORTPASS 5% 09/39","30yr",,,,,"239266.65",,,,,,""
"2021-08-11","'36297JCE2'","MBS","GNMA I 4.5% 04/39","30yr",,,,,"239170.6",,,,,,""
"2021-08-11","'36178RM49'","MBS","GNMA I 3.5% 06/43","30yr",,,,,"239083.5",,,,,,""
"2021-08-11","'31329LCB6'","MBS","UMBS MORTPASS 2.5% 08/22","Other",,,,,"238959.65",,,,,,""
"2021-08-11","'36207QVN4'","MBS","GNMA I 5.5% 01/39","30yr",,,,,"238877.8",,,,,,""
"2021-08-11","'3132JBAC7'","MBS","FHLMCGLD 3% 07/43","30yr",,,,,"238798.93",,,,,,""
"2021-08-11","'3138X6AZ8'","MBS","UMBS MORTPASS 3% 08/28","15yr",,,,,"238781.24",,,,,,""
"2021-08-11","'3140F7Q85'","MBS","UMBS MORTPASS 3.5% 07/31","15yr",,,,,"238736.41",,,,,,""
"2021-08-11","'3620AB4N3'","MBS","GNMA I MORTPASS 5% 12/39","30yr",,,,,"238707.98",,,,,,""
"2021-08-11","'3131X73S5'","MBS","UMBS MORTPASS 2.5% 09/27","15yr",,,,,"238706.3",,,,,,""
"2021-08-11","'31307GMA4'","MBS","FHLMCGLD 3.5% 03/29","15yr",,,,,"238642.91",,,,,,""
"2021-08-11","'3140FB5R7'","MBS","UMBS MORTPASS 2.5% 08/31","15yr",,,,,"238600.68",,,,,,""
"2021-08-11","'3138AMV77'","MBS","UMBS MORTPASS 3.5% 07/26","15yr",,,,,"238487.64",,,,,,""
"2021-08-11","'3138LSA42'","MBS","UMBS MORTPASS 3% 04/27","15yr",,,,,"238471.19",,,,,,""
"2021-08-11","'3131X8LG9'","MBS","UMBS MORTPASS 2.5% 01/28","15yr",,,,,"238468.52",,,,,,""
"2021-08-11","'36177PGL3'","MBS","GNMA I 3.5% 03/42","30yr",,,,,"238461.82",,,,,,""
"2021-08-11","'36230LEQ8'","MBS","GNMA I MORTPASS 4% 01/41","30yr",,,,,"238344.84",,,,,,""
"2021-08-11","'36297H5G9'","MBS","GNMA I MORTPASS 5% 10/39","30yr",,,,,"238284.47",,,,,,""
"2021-08-11","'3138YUSL6'","MBS","UMBS MORTPASS 3% 06/30","15yr",,,,,"238175.12",,,,,,""
"2021-08-11","'36297F2P6'","MBS","GNMA I 4.5% 11/39","30yr",,,,,"238134.02",,,,,,""
"2021-08-11","'3132A7NS6'","MBS","UMBS MORTPASS 2.5% 05/23","Other",,,,,"237978.37",,,,,,""
"2021-08-11","'3140HPV79'","MBS","UMBS MORTPASS 3.5% 11/48","30yr",,,,,"237952.98",,,,,,""
"2021-08-11","'36297JJ96'","MBS","GNMA I MORTPASS 4% 04/39","30yr",,,,,"237950.9",,,,,,""
"2021-08-11","'3620A3BP8'","MBS","GNMA I MORTPASS 3% 04/43","30yr",,,,,"237922.43",,,,,,""
"2021-08-11","'31307SAD5'","MBS","FHLMCGLD 2.5% 10/31","15yr",,,,,"237623.17",,,,,,""
"2021-08-11","'3138WHBX9'","MBS","UMBS MORTPASS 4.5% 05/46","30yr",,,,,"237532.73",,,,,,""
"2021-08-11","'3138W5NM6'","MBS","UMBS MORTPASS 2.5% 02/28","15yr",,,,,"237450.77",,,,,,""
"2021-08-11","'3140HLT63'","MBS","UMBS MORTPASS 3.5% 06/48","30yr",,,,,"237335.13",,,,,,""
"2021-08-11","'31417JUD0'","MBS","UMBS MORTPASS 4% 11/24","15yr",,,,,"237312.84",,,,,,""
"2021-08-11","'3620ARY70'","MBS","GNMA I MORTPASS 4% 02/41","30yr",,,,,"237303.31",,,,,,""
"2021-08-11","'3132WF4M8'","MBS","FHLMCGLD 4.5% 08/46","30yr",,,,,"237269.02",,,,,,""
"2021-08-11","'3138WZLR1'","MBS","UMBS MORTPASS 3% 06/28","15yr",,,,,"237234.56",,,,,,""
"2021-08-11","'3138WEGE3'","MBS","UMBS MORTPASS 3.5% 04/45","30yr",,,,,"237168.49",,,,,,""
"2021-08-11","'3138A34U8'","MBS","UMBS MORTPASS 3.5% 01/26","15yr",,,,,"237161.97",,,,,,""
"2021-08-11","'36296WEG7'","MBS","GNMA I MORTPASS 4% 02/39","30yr",,,,,"237003.35",,,,,,""
"2021-08-11","'3140FAQJ4'","MBS","UMBS MORTPASS 3% 09/31","15yr",,,,,"236991.44",,,,,,""
"2021-08-11","'3138LWA50'","MBS","UMBS MORTPASS 3% 07/27","15yr",,,,,"236981.1",,,,,,""
"2021-08-11","'3132KEC60'","MBS","FHLMCGLD 3.5% 02/25","15yr",,,,,"236894.13",,,,,,""
"2021-08-11","'36295DN21'","MBS","GNMA I MORTPASS 5% 08/39","30yr",,,,,"236869.16",,,,,,""
"2021-08-11","'36180HKA5'","MBS","GNMA I MORTPASS 4% 09/43","30yr",,,,,"236816.1",,,,,,""
"2021-08-11","'36177WJG6'","MBS","GNMA I 3.5% 05/42","30yr",,,,,"236749.38",,,,,,""
"2021-08-11","'3133A7VS5'","MBS","UMBS MORTPASS 3% 07/50","30yr",,,,,"236700.2",,,,,,""
"2021-08-11","'31329LDP4'","MBS","UMBS MORTPASS 2.5% 02/28","15yr",,,,,"236524.99",,,,,,""
"2021-08-11","'3138A8WV4'","MBS","UMBS MORTPASS 4% 02/41","30yr",,,,,"236518.24",,,,,,""
"2021-08-11","'3140JG2F1'","MBS","UMBS MORTPASS 4% 05/49","30yr",,,,,"236480.65",,,,,,""
"2021-08-11","'3132A9NP8'","MBS","UMBS MORTPASS 2% 09/28","15yr",,,,,"236449.5",,,,,,""
"2021-08-11","'3138M8HB2'","MBS","UMBS MORTPASS 3% 08/27","15yr",,,,,"236446",,,,,,""
"2021-08-11","'3620AB5S1'","MBS","GNMA I MORTPASS 5% 12/39","30yr",,,,,"236426.48",,,,,,""
"2021-08-11","'31417GMY9'","MBS","UMBS MORTPASS 3.5% 05/43","30yr",,,,,"236344.47",,,,,,""
"2021-08-11","'3138X2M35'","MBS","UMBS MORTPASS 3.5% 07/43","30yr",,,,,"236172.26",,,,,,""
"2021-08-11","'3138WMQ20'","MBS","UMBS MORTPASS 2.5% 03/28","15yr",,,,,"236160.77",,,,,,""
"2021-08-11","'3138LYH59'","MBS","UMBS MORTPASS 2.5% 09/27","15yr",,,,,"236143.72",,,,,,""
"2021-08-11","'3128P7L27'","MBS","FHLMCGLD 4% 04/29","Other",,,,,"236085.71",,,,,,""
"2021-08-11","'3140Q8Q81'","MBS","UMBS MORTPASS 4% 03/48","30yr",,,,,"236063.43",,,,,,""
"2021-08-11","'3138EEZ28'","MBS","UMBS MORTPASS 3% 05/27","15yr",,,,,"235909.25",,,,,,""
"2021-08-11","'3140JWPR5'","MBS","UMBS MORTPASS 2.5% 09/34","15yr",,,,,"235709.64",,,,,,""
"2021-08-11","'3140HKCQ9'","MBS","UMBS MORTPASS 3% 07/33","15yr",,,,,"235682.47",,,,,,""
"2021-08-11","'3140JRYG0'","MBS","UMBS MORTPASS 4.5% 05/49","30yr",,,,,"235642.45",,,,,,""
"2021-08-11","'36178Y3D5'","MBS","GNMA I MORTPASS 3% 11/42","30yr",,,,,"235631.19",,,,,,""
"2021-08-11","'3138EQCT7'","MBS","UMBS MORTPASS 3% 09/30","15yr",,,,,"235564.29",,,,,,""
"2021-08-11","'3620A8UZ4'","MBS","GNMA I MORTPASS 5% 11/39","30yr",,,,,"235474.35",,,,,,""
"2021-08-11","'36177JAJ8'","MBS","GNMA I 3.5% 11/41","30yr",,,,,"235447.14",,,,,,""
"2021-08-11","'3138EMLH2'","MBS","UMBS MORTPASS 3% 11/27","15yr",,,,,"235434.66",,,,,,""
"2021-08-11","'3140JPKF1'","MBS","UMBS MORTPASS 3.5% 05/49","30yr",,,,,"235295.41",,,,,,""
"2021-08-11","'3620AAV70'","MBS","GNMA I 4.5% 09/39","30yr",,,,,"235295.21",,,,,,""
"2021-08-11","'3620A8RZ8'","MBS","GNMA I 4.5% 12/39","30yr",,,,,"235204.9",,,,,,""
"2021-08-11","'36179TCZ6'","MBS","GNMA II 4.5% 07/47","30yr",,,,,"234992.16",,,,,,""
"2021-08-11","'3138WCJ61'","MBS","UMBS MORTPASS 3% 08/29","15yr",,,,,"234885.39",,,,,,""
"2021-08-11","'3140JSSW0'","MBS","UMBS MORTPASS 2.5% 06/34","15yr",,,,,"234838.95",,,,,,""
"2021-08-11","'3132J92C1'","MBS","FHLMCGLD 3.5% 05/43","30yr",,,,,"234685.45",,,,,,""
"2021-08-11","'3140X4H25'","MBS","UMBS MORTPASS 3.5% 12/48","30yr",,,,,"234653.84",,,,,,""
"2021-08-11","'31417BQZ3'","MBS","UMBS MORTPASS 2.5% 04/22","Other",,,,,"234643.33",,,,,,""
"2021-08-11","'3132MASD4'","MBS","FHLMCGLD 3.5% 11/44","30yr",,,,,"234617.87",,,,,,""
"2021-08-11","'3138WB6N0'","MBS","UMBS MORTPASS 3% 06/29","15yr",,,,,"234604.64",,,,,,""
"2021-08-11","'31421AMM2'","MBS","UMBS MORTPASS 4% 09/40","30yr",,,,,"234443.46",,,,,,""
"2021-08-11","'3138EHRC8'","MBS","UMBS MORTPASS 3% 02/27","15yr",,,,,"234422.44",,,,,,""
"2021-08-11","'3140HEUJ9'","MBS","UMBS MORTPASS 3.5% 05/48","30yr",,,,,"234300.5",,,,,,""
"2021-08-11","'31346YB69'","MBS","UMBS MORTPASS 3.5% 11/49","30yr",,,,,"234170.64",,,,,,""
"2021-08-11","'3138WRQP8'","MBS","UMBS MORTPASS 2% 04/28","15yr",,,,,"234166.48",,,,,,""
"2021-08-11","'31411NUC9'","MBS","UMBS MORTPASS 5% 02/37","30yr",,,,,"234156.03",,,,,,""
"2021-08-11","'31418BB70'","MBS","UMBS MORTPASS 3.5% 04/29","15yr",,,,,"234119.95",,,,,,""
"2021-08-11","'3138XUAU6'","MBS","UMBS MORTPASS 3% 09/29","15yr",,,,,"234074.96",,,,,,""
"2021-08-11","'3138YLEP2'","MBS","UMBS MORTPASS 3% 04/30","15yr",,,,,"234058.94",,,,,,""
"2021-08-11","'3138XQV32'","MBS","UMBS MORTPASS 3.5% 03/29","15yr",,,,,"234036.07",,,,,,""
"2021-08-11","'36295HCA6'","MBS","GNMA I MORTPASS 6% 08/37","30yr",,,,,"234026.99",,,,,,""
"2021-08-11","'3138MCHQ0'","MBS","UMBS MORTPASS 3.5% 11/28","15yr",,,,,"234013.17",,,,,,""
"2021-08-11","'3140FAH88'","MBS","UMBS MORTPASS 3.5% 06/46","30yr",,,,,"233998.53",,,,,,""
"2021-08-11","'36297GUD0'","MBS","GNMA I MORTPASS 3% 10/42","30yr",,,,,"233993.31",,,,,,""
"2021-08-11","'31307DK70'","MBS","FHLMCGLD 3% 06/28","15yr",,,,,"233919.48",,,,,,""
"2021-08-11","'3138WEUR8'","MBS","UMBS MORTPASS 2.5% 06/30","15yr",,,,,"233887.4",,,,,,""
"2021-08-11","'3128MBUJ4'","MBS","FHLMCGLD 4.5% 04/23","15yr",,,,,"233851.09",,,,,,""
"2021-08-11","'3138ELBH5'","MBS","UMBS MORTPASS 3% 04/27","15yr",,,,,"233834.55",,,,,,""
"2021-08-11","'36179UH21'","MBS","GNMA II MORTPASS 3% 12/48","30yr",,,,,"233719.65",,,,,,""
"2021-08-11","'36295CJC6'","MBS","GNMA I 3.5% 05/43","30yr",,,,,"233626.55",,,,,,""
"2021-08-11","'3620AB6K7'","MBS","GNMA I MORTPASS 5% 01/40","30yr",,,,,"233616.94",,,,,,""
"2021-08-11","'3132DMD69'","MBS","UMBS MORTPASS 3% 10/49","30yr",,,,,"233552.91",,,,,,""
"2021-08-11","'3620A7KS3'","MBS","GNMA I 4.5% 12/39","30yr",,,,,"233543.77",,,,,,""
"2021-08-11","'3140X5MX8'","MBS","UMBS MORTPASS 4% 09/48","30yr",,,,,"233543.12",,,,,,""
"2021-08-11","'3620A5WK1'","MBS","GNMA I MORTPASS 5% 12/39","30yr",,,,,"233512.46",,,,,,""
"2021-08-11","'3140GQLC8'","MBS","UMBS MORTPASS 3.5% 04/32","15yr",,,,,"233510.58",,,,,,""
"2021-08-11","'36296X3M4'","MBS","GNMA I MORTPASS 5% 09/39","30yr",,,,,"233427.79",,,,,,""
"2021-08-11","'36297KMQ1'","MBS","GNMA I 4.5% 05/39","30yr",,,,,"233405.17",,,,,,""
"2021-08-11","'3138ENZJ1'","MBS","UMBS MORTPASS 3% 01/30","15yr",,,,,"233395.65",,,,,,""
"2021-08-11","'36178Q4R0'","MBS","GNMA I MORTPASS 3% 11/42","30yr",,,,,"233221.28",,,,,,""
"2021-08-11","'31307SP23'","MBS","FHLMCGLD 2.5% 12/31","15yr",,,,,"233060.4",,,,,,""
"2021-08-11","'31417KGF8'","MBS","UMBS MORTPASS 4.5% 07/39","30yr",,,,,"233034.93",,,,,,""
"2021-08-11","'3138XCY22'","MBS","UMBS MORTPASS 3% 10/28","15yr",,,,,"232805.21",,,,,,""
"2021-08-11","'3132DV6E0'","MBS","UMBS MORTPASS 3.5% 06/50","30yr",,,,,"232595.73",,,,,,""
"2021-08-11","'3138X6MZ5'","MBS","UMBS MORTPASS 2% 09/28","15yr",,,,,"232539.97",,,,,,""
"2021-08-11","'3132QUBC6'","MBS","FHLMCGLD 3.5% 11/45","30yr",,,,,"232498.48",,,,,,""
"2021-08-11","'31417F7J1'","MBS","UMBS MORTPASS 2.5% 04/28","15yr",,,,,"232472.53",,,,,,""
"2021-08-11","'3138YJY34'","MBS","UMBS MORTPASS 3% 05/30","15yr",,,,,"232452.89",,,,,,""
"2021-08-11","'3138XTMQ5'","MBS","UMBS MORTPASS 4% 04/44","30yr",,,,,"232378.83",,,,,,""
"2021-08-11","'3140J82W2'","MBS","UMBS MORTPASS 4% 08/48","30yr",,,,,"232359.78",,,,,,""
"2021-08-11","'31417C3G8'","MBS","UMBS MORTPASS 3% 09/27","15yr",,,,,"232096.47",,,,,,""
"2021-08-11","'3131YDG32'","MBS","UMBS MORTPASS 2.5% 06/34","15yr",,,,,"232092.85",,,,,,""
"2021-08-11","'36297ADR1'","MBS","GNMA I 4.5% 08/39","30yr",,,,,"232004.06",,,,,,""
"2021-08-11","'31412QRQ4'","MBS","UMBS MORTPASS 4% 11/24","15yr",,,,,"231992.43",,,,,,""
"2021-08-11","'31307M2L9'","MBS","FHLMCGLD 3.5% 05/30","15yr",,,,,"231937.1",,,,,,""
"2021-08-11","'3138W9U40'","MBS","UMBS MORTPASS 2.5% 09/28","15yr",,,,,"231855.63",,,,,,""
"2021-08-11","'3131XAQQ7'","MBS","UMBS MORTPASS 3% 07/24","Other",,,,,"231706.19",,,,,,""
"2021-08-11","'31307JUY7'","MBS","FHLMCGLD 3% 10/29","15yr",,,,,"231672.4",,,,,,""
"2021-08-11","'36176NNE7'","MBS","GNMA I MORTPASS 3% 11/42","30yr",,,,,"231650.84",,,,,,""
"2021-08-11","'36297FBL5'","MBS","GNMA I 4.5% 06/39","30yr",,,,,"231495.61",,,,,,""
"2021-08-11","'3138WCFH1'","MBS","UMBS MORTPASS 3% 07/29","15yr",,,,,"231486.77",,,,,,""
"2021-08-11","'31329KWD2'","MBS","UMBS MORTPASS 2.5% 01/37","Other",,,,,"231434",,,,,,""
"2021-08-11","'31416YML9'","MBS","UMBS MORTPASS 4% 06/41","30yr",,,,,"231410.01",,,,,,""
"2021-08-11","'31307GNC9'","MBS","FHLMCGLD 3.5% 03/29","15yr",,,,,"231202.93",,,,,,""
"2021-08-11","'3138WD7A3'","MBS","UMBS MORTPASS 2.5% 02/30","15yr",,,,,"231152.89",,,,,,""
"2021-08-11","'31307PYV5'","MBS","FHLMCGLD 3% 12/30","15yr",,,,,"231137.32",,,,,,""
"2021-08-11","'3140EU5P0'","MBS","UMBS MORTPASS 3% 04/31","15yr",,,,,"231028.07",,,,,,""
"2021-08-11","'31417DUG6'","MBS","UMBS MORTPASS 2.5% 11/27","15yr",,,,,"231014.01",,,,,,""
"2021-08-11","'36297ADX8'","MBS","GNMA I MORTPASS 5% 08/39","30yr",,,,,"230961.63",,,,,,""
"2021-08-11","'36176DJX2'","MBS","GNMA I MORTPASS 4% 04/41","30yr",,,,,"230950.79",,,,,,""
"2021-08-11","'36178TQN9'","MBS","GNMA I 3.5% 02/43","30yr",,,,,"230833.86",,,,,,""
"2021-08-11","'3620A3Z49'","MBS","GNMA I MORTPASS 5% 02/40","30yr",,,,,"230736.21",,,,,,""
"2021-08-11","'31418AKZ0'","MBS","UMBS MORTPASS 3% 10/27","15yr",,,,,"230672.79",,,,,,""
"2021-08-11","'31418DSD5'","MBS","UMBS MORTPASS 3% 08/40","Other",,,,,"230658.64",,,,,,""
"2021-08-11","'31417ER78'","MBS","UMBS MORTPASS 2% 01/28","15yr",,,,,"230645.01",,,,,,""
"2021-08-11","'36296FTV5'","MBS","GNMA I 4.5% 09/39","30yr",,,,,"230535.93",,,,,,""
"2021-08-11","'36296LM98'","MBS","GNMA I 4.5% 04/39","30yr",,,,,"230486",,,,,,""
"2021-08-11","'3128P7ML4'","MBS","FHLMCGLD 4% 08/29","Other",,,,,"230482.86",,,,,,""
"2021-08-11","'3138YVUC1'","MBS","UMBS MORTPASS 3.5% 06/45","30yr",,,,,"230371.79",,,,,,""
"2021-08-11","'31334YYP6'","MBS","UMBS MORTPASS 3% 09/49","30yr",,,,,"230327.24",,,,,,""
"2021-08-11","'36180HTD0'","MBS","GNMA I MORTPASS 3% 03/43","30yr",,,,,"230324.57",,,,,,""
"2021-08-11","'3138MJWW5'","MBS","UMBS MORTPASS 3% 11/27","15yr",,,,,"230308.05",,,,,,""
"2021-08-11","'31334WTW1'","MBS","UMBS MORTPASS 3.5% 06/49","30yr",,,,,"230307.53",,,,,,""
"2021-08-11","'36296GHY0'","MBS","GNMA I MORTPASS 4% 11/40","30yr",,,,,"230297.52",,,,,,""
"2021-08-11","'3138WJBY3'","MBS","UMBS MORTPASS 4.5% 10/46","30yr",,,,,"230250.65",,,,,,""
"2021-08-11","'36179JJK4'","MBS","GNMA I MORTPASS 3% 02/43","30yr",,,,,"230146.57",,,,,,""
"2021-08-11","'31417GXU5'","MBS","UMBS MORTPASS 2% 06/23","Other",,,,,"230021.92",,,,,,""
"2021-08-11","'36176XE96'","MBS","GNMA I 3.5% 03/42","30yr",,,,,"230012.86",,,,,,""
"2021-08-11","'31307LE79'","MBS","FHLMCGLD 3% 11/29","15yr",,,,,"229983.11",,,,,,""
"2021-08-11","'3140E4BH9'","MBS","UMBS MORTPASS 3% 02/31","15yr",,,,,"229907.73",,,,,,""
"2021-08-11","'3138XUAW2'","MBS","UMBS MORTPASS 3.5% 09/29","15yr",,,,,"229900.31",,,,,,""
"2021-08-11","'3138XDPK0'","MBS","UMBS MORTPASS 3.5% 12/28","15yr",,,,,"229820.75",,,,,,""
"2021-08-11","'3131XBJJ9'","MBS","UMBS MORTPASS 2% 06/30","15yr",,,,,"229806.61",,,,,,""
"2021-08-11","'36230U6B0'","MBS","GNMA I 3.5% 11/41","30yr",,,,,"229753.06",,,,,,""
"2021-08-11","'3132GKF76'","MBS","FHLMCGLD 4% 10/41","30yr",,,,,"229736.14",,,,,,""
"2021-08-11","'3140QBQQ4'","MBS","UMBS MORTPASS 2.5% 08/31","15yr",,,,,"229623.73",,,,,,""
"2021-08-11","'36297FLW0'","MBS","GNMA I MORTPASS 5% 11/39","30yr",,,,,"229591.04",,,,,,""
"2021-08-11","'3140H4KH6'","MBS","UMBS MORTPASS 3% 01/33","15yr",,,,,"229517.45",,,,,,""
"2021-08-11","'31419EZQ5'","MBS","UMBS MORTPASS 4% 10/40","30yr",,,,,"229494.34",,,,,,""
"2021-08-11","'36177P6U4'","MBS","GNMA I 3.5% 04/42","30yr",,,,,"229484.23",,,,,,""
"2021-08-11","'3140JPAC9'","MBS","UMBS MORTPASS 4.5% 05/49","30yr",,,,,"229418.92",,,,,,""
"2021-08-11","'3138M8UG6'","MBS","UMBS MORTPASS 3% 08/27","15yr",,,,,"229408.66",,,,,,""
"2021-08-11","'3140HAR28'","MBS","UMBS MORTPASS 3.5% 04/48","30yr",,,,,"229396.58",,,,,,""
"2021-08-11","'3140HQBS3'","MBS","UMBS MORTPASS 4.5% 10/48","30yr",,,,,"229390.55",,,,,,""
"2021-08-11","'31416SQB0'","MBS","UMBS MORTPASS 4.5% 07/24","15yr",,,,,"229384.29",,,,,,""
"2021-08-11","'3138WVWU1'","MBS","UMBS MORTPASS 2.5% 06/28","15yr",,,,,"229230.95",,,,,,""
"2021-08-11","'3620C1LR5'","MBS","GNMA I MORTPASS 4% 12/41","30yr",,,,,"229188.37",,,,,,""
"2021-08-11","'31417ARF8'","MBS","UMBS MORTPASS 3% 12/26","15yr",,,,,"228957.46",,,,,,""
"2021-08-11","'3138X7HZ9'","MBS","UMBS MORTPASS 2.5% 08/28","15yr",,,,,"228744.49",,,,,,""
"2021-08-11","'3138YBWY5'","MBS","UMBS MORTPASS 2.5% 05/30","15yr",,,,,"228711.97",,,,,,""
"2021-08-11","'3131X8VX1'","MBS","UMBS MORTPASS 2.5% 04/23","Other",,,,,"228706.42",,,,,,""
"2021-08-11","'31307LVS4'","MBS","FHLMCGLD 2.5% 02/30","15yr",,,,,"228643.5",,,,,,""
"2021-08-11","'31329LFG2'","MBS","UMBS MORTPASS 2% 03/28","15yr",,,,,"228533.52",,,,,,""
"2021-08-11","'31329LEU2'","MBS","UMBS MORTPASS 3% 06/27","15yr",,,,,"228501.02",,,,,,""
"2021-08-11","'3140H7ZH3'","MBS","UMBS MORTPASS 3.5% 01/48","30yr",,,,,"228424.97",,,,,,""
"2021-08-11","'31417BFK8'","MBS","UMBS MORTPASS 2.5% 03/27","15yr",,,,,"228399.78",,,,,,""
"2021-08-11","'3140X4UZ7'","MBS","UMBS MORTPASS 3.5% 05/49","30yr",,,,,"228336.16",,,,,,""
"2021-08-11","'3132QSSC3'","MBS","FHLMCGLD 4.5% 08/45","30yr",,,,,"228221.34",,,,,,""
"2021-08-11","'31418AB31'","MBS","UMBS MORTPASS 3% 01/22","Other",,,,,"228214.19",,,,,,""
"2021-08-11","'31329MD31'","MBS","UMBS MORTPASS 3% 06/29","15yr",,,,,"228119.74",,,,,,""
"2021-08-11","'3133A7Q85'","MBS","UMBS MORTPASS 2.5% 07/50","30yr",,,,,"227995.67",,,,,,""
"2021-08-11","'3140L16V2'","MBS","UMBS MORTPASS 2% 01/36","15yr",,,,,"227876.71",,,,,,""
"2021-08-11","'31307GJH3'","MBS","FHLMCGLD 3.5% 02/29","15yr",,,,,"227752.2",,,,,,""
"2021-08-11","'3131YCRT5'","MBS","UMBS MORTPASS 3% 05/49","30yr",,,,,"227676.19",,,,,,""
"2021-08-11","'3132QNTR0'","MBS","FHLMCGLD 3.5% 03/45","30yr",,,,,"227665.54",,,,,,""
"2021-08-11","'3140GTS27'","MBS","UMBS MORTPASS 2.5% 08/32","15yr",,,,,"227542.22",,,,,,""
"2021-08-11","'3138WHQE5'","MBS","UMBS MORTPASS 2.5% 08/26","Other",,,,,"227521.88",,,,,,""
"2021-08-11","'3620AC6K5'","MBS","GNMA I MORTPASS 5% 10/39","30yr",,,,,"227358.15",,,,,,""
"2021-08-11","'3138WFXW1'","MBS","UMBS MORTPASS 3% 10/30","15yr",,,,,"227346.03",,,,,,""
"2021-08-11","'3138XGKL6'","MBS","UMBS MORTPASS 3.5% 06/29","15yr",,,,,"227249.62",,,,,,""
"2021-08-11","'3132A7JN2'","MBS","UMBS MORTPASS 2.5% 09/22","Other",,,,,"227180.64",,,,,,""
"2021-08-11","'3140KXRX6'","MBS","UMBS MORTPASS 2% 12/50","30yr",,,,,"227168.22",,,,,,""
"2021-08-11","'3140J6E78'","MBS","UMBS MORTPASS 3.5% 11/47","30yr",,,,,"227148.78",,,,,,""
"2021-08-11","'3138Y7CR1'","MBS","UMBS MORTPASS 3.5% 09/30","15yr",,,,,"227123.19",,,,,,""
"2021-08-11","'36295PXD9'","MBS","GNMA I MORTPASS 5% 01/38","30yr",,,,,"227096.06",,,,,,""
"2021-08-11","'3138XUKB7'","MBS","UMBS MORTPASS 3% 04/29","15yr",,,,,"227079.66",,,,,,""
"2021-08-11","'312935FJ3'","MBS","FHLMCGLD 4% 08/39","30yr",,,,,"227022.43",,,,,,""
"2021-08-11","'3132M9ZW7'","MBS","FHLMCGLD 3.5% 10/44","30yr",,,,,"226935.02",,,,,,""
"2021-08-11","'3132D54W9'","MBS","UMBS MORTPASS 3.5% 03/35","15yr",,,,,"226928.83",,,,,,""
"2021-08-11","'3140JP3T0'","MBS","UMBS MORTPASS 2.5% 03/35","15yr",,,,,"226853.09",,,,,,""
"2021-08-11","'3132JPP22'","MBS","FHLMCGLD 4% 10/43","30yr",,,,,"226800.71",,,,,,""
"2021-08-11","'3620A7PS8'","MBS","GNMA I 4.5% 10/39","30yr",,,,,"226705.53",,,,,,""
"2021-08-11","'3138YHV23'","MBS","UMBS MORTPASS 2% 05/30","15yr",,,,,"226580.91",,,,,,""
"2021-08-11","'36297KM40'","MBS","GNMA I 4.5% 07/39","30yr",,,,,"226512.63",,,,,,""
"2021-08-11","'3128ME3X7'","MBS","FHLMCGLD 3.5% 09/31","15yr",,,,,"226419.64",,,,,,""
"2021-08-11","'31329NTH1'","MBS","UMBS MORTPASS 3.5% 11/47","30yr",,,,,"226248.14",,,,,,""
"2021-08-11","'3138W9UV0'","MBS","UMBS MORTPASS 2.5% 08/27","15yr",,,,,"226158.77",,,,,,""
"2021-08-11","'3620AAVF2'","MBS","GNMA I 4.5% 08/39","30yr",,,,,"226065.25",,,,,,""
"2021-08-11","'36176HQ23'","MBS","GNMA I 3.5% 04/42","30yr",,,,,"226035.7",,,,,,""
"2021-08-11","'3140Q9Q48'","MBS","UMBS MORTPASS 3.5% 08/33","15yr",,,,,"225917.4",,,,,,""
"2021-08-11","'3140HJG96'","MBS","UMBS MORTPASS 3.5% 09/33","15yr",,,,,"225796.68",,,,,,""
"2021-08-11","'31307GUC1'","MBS","FHLMCGLD 3.5% 03/29","15yr",,,,,"225762.71",,,,,,""
"2021-08-11","'3128MD3C5'","MBS","FHLMCGLD 3% 04/24","15yr",,,,,"225582.72",,,,,,""
"2021-08-11","'36296LMS6'","MBS","GNMA I MORTPASS 4% 03/39","30yr",,,,,"225561.04",,,,,,""
"2021-08-11","'31417CK61'","MBS","UMBS MORTPASS 3% 07/27","15yr",,,,,"225550",,,,,,""
"2021-08-11","'3128MJV56'","MBS","FHLMCGLD 3% 04/45","30yr",,,,,"225538.18",,,,,,""
"2021-08-11","'3132M6P20'","MBS","FHLMCGLD 4% 05/44","30yr",,,,,"225527.77",,,,,,""
"2021-08-11","'3140H7UK1'","MBS","UMBS MORTPASS 3% 12/32","15yr",,,,,"225409.26",,,,,,""
"2021-08-11","'3140JW2X7'","MBS","UMBS MORTPASS 2.5% 08/49","30yr",,,,,"225402.94",,,,,,""
"2021-08-11","'31417KGE1'","MBS","UMBS MORTPASS 4% 07/39","30yr",,,,,"225213.43",,,,,,""
"2021-08-11","'3140L5WW2'","MBS","UMBS MORTPASS 1.5% 04/51","30yr",,,,,"225075.04",,,,,,""
"2021-08-11","'3131X8LX2'","MBS","UMBS MORTPASS 2.5% 12/27","15yr",,,,,"225053.67",,,,,,""
"2021-08-11","'3133KGF52'","MBS","UMBS MORTPASS 4.5% 07/49","30yr",,,,,"225047.22",,,,,,""
"2021-08-11","'3620A1S66'","MBS","GNMA I MORTPASS 5% 10/39","30yr",,,,,"225043.91",,,,,,""
"2021-08-11","'3140JYQJ8'","MBS","UMBS MORTPASS 3.5% 08/49","30yr",,,,,"224949.52",,,,,,""
"2021-08-11","'3138Y9KJ6'","MBS","UMBS MORTPASS 3% 12/29","15yr",,,,,"224896.99",,,,,,""
"2021-08-11","'31417DBN2'","MBS","UMBS MORTPASS 2.5% 10/22","Other",,,,,"224788.67",,,,,,""
"2021-08-11","'3138YCC58'","MBS","UMBS MORTPASS 3.5% 01/30","15yr",,,,,"224771.16",,,,,,""
"2021-08-11","'36291UPW9'","MBS","GNMA I 4.5% 07/39","30yr",,,,,"224731.99",,,,,,""
"2021-08-11","'3138W66A9'","MBS","UMBS MORTPASS 3% 03/28","15yr",,,,,"224658.39",,,,,,""
"2021-08-11","'31417G3F1'","MBS","UMBS MORTPASS 2% 07/23","Other",,,,,"224623.44",,,,,,""
"2021-08-11","'3140HAR93'","MBS","UMBS MORTPASS 3.5% 04/33","15yr",,,,,"224616.92",,,,,,""
"2021-08-11","'31307Q6M4'","MBS","FHLMCGLD 3% 05/31","15yr",,,,,"224579.81",,,,,,""
"2021-08-11","'31329K3A0'","MBS","UMBS MORTPASS 3% 12/25","15yr",,,,,"224540.73",,,,,,""
"2021-08-11","'3138X86D8'","MBS","UMBS MORTPASS 2.5% 01/29","15yr",,,,,"224496.78",,,,,,""
"2021-08-11","'36177QBP7'","MBS","GNMA I MORTPASS 3% 08/43","30yr",,,,,"224478",,,,,,""
"2021-08-11","'3620C4W71'","MBS","GNMA I MORTPASS 4% 10/40","30yr",,,,,"224458.08",,,,,,""
"2021-08-11","'3140HD5C4'","MBS","UMBS MORTPASS 3.5% 02/48","30yr",,,,,"224310.13",,,,,,""
"2021-08-11","'36296YZN5'","MBS","GNMA I 4.5% 09/39","30yr",,,,,"224275.73",,,,,,""
"2021-08-11","'36181ECZ5'","MBS","GNMA I MORTPASS 3% 06/43","30yr",,,,,"224268.66",,,,,,""
"2021-08-11","'36294UVM1'","MBS","GNMA I 3.5% 05/42","30yr",,,,,"224215.14",,,,,,""
"2021-08-11","'3620AATY4'","MBS","GNMA I MORTPASS 5% 09/39","30yr",,,,,"224193.78",,,,,,""
"2021-08-11","'3140Q7XX0'","MBS","UMBS MORTPASS 3.5% 11/47","30yr",,,,,"224178",,,,,,""
"2021-08-11","'3131X6EU0'","MBS","UMBS MORTPASS 3% 12/25","15yr",,,,,"224126.96",,,,,,""
"2021-08-11","'3131XARM5'","MBS","UMBS MORTPASS 3% 08/29","15yr",,,,,"224102.69",,,,,,""
"2021-08-11","'3138ET5H5'","MBS","UMBS MORTPASS 3.5% 09/46","30yr",,,,,"224066.81",,,,,,""
"2021-08-11","'3140JKYC4'","MBS","UMBS MORTPASS 3.5% 01/49","30yr",,,,,"224058.22",,,,,,""
"2021-08-11","'3140HBGZ5'","MBS","UMBS MORTPASS 4% 06/48","30yr",,,,,"223981.91",,,,,,""
"2021-08-11","'3138MPC86'","MBS","UMBS MORTPASS 3% 12/27","15yr",,,,,"223840.5",,,,,,""
"2021-08-11","'36180BGL9'","MBS","GNMA I 3.5% 04/43","30yr",,,,,"223811.75",,,,,,""
"2021-08-11","'3138X5B22'","MBS","UMBS MORTPASS 3.5% 12/28","15yr",,,,,"223774.11",,,,,,""
"2021-08-11","'31417CDT9'","MBS","UMBS MORTPASS 2.5% 07/22","Other",,,,,"223665.07",,,,,,""
"2021-08-11","'3138XLX72'","MBS","UMBS MORTPASS 3% 01/29","15yr",,,,,"223602.55",,,,,,""
"2021-08-11","'3138WBH65'","MBS","UMBS MORTPASS 3% 03/24","Other",,,,,"223600.49",,,,,,""
"2021-08-11","'3132A8DW6'","MBS","UMBS MORTPASS 2.5% 12/25","Other",,,,,"223455.09",,,,,,""
"2021-08-11","'3138XX6C5'","MBS","UMBS MORTPASS 3.5% 10/29","15yr",,,,,"223375.34",,,,,,""
"2021-08-11","'3138E1H67'","MBS","UMBS MORTPASS 3% 01/27","15yr",,,,,"223338.42",,,,,,""
"2021-08-11","'3128P7PY3'","MBS","FHLMCGLD 4% 10/30","Other",,,,,"223164.51",,,,,,""
"2021-08-11","'3138WBFQ3'","MBS","UMBS MORTPASS 2.5% 03/29","15yr",,,,,"223106.55",,,,,,""
"2021-08-11","'3138MJH69'","MBS","UMBS MORTPASS 4% 11/42","30yr",,,,,"223076.99",,,,,,""
"2021-08-11","'3620A4N40'","MBS","GNMA I MORTPASS 5% 08/39","30yr",,,,,"223060.31",,,,,,""
"2021-08-11","'31419JTL2'","MBS","UMBS MORTPASS 3% 11/25","15yr",,,,,"223056.47",,,,,,""
"2021-08-11","'36297KWD9'","MBS","GNMA I MORTPASS 5% 07/39","30yr",,,,,"223018.95",,,,,,""
"2021-08-11","'3140HN5L2'","MBS","UMBS MORTPASS 3% 09/33","15yr",,,,,"223013.8",,,,,,""
"2021-08-11","'31418BHP4'","MBS","UMBS MORTPASS 2.5% 09/29","15yr",,,,,"222887.94",,,,,,""
"2021-08-11","'3140K9NU9'","MBS","UMBS MORTPASS 2.5% 03/50","30yr",,,,,"222832.2",,,,,,""
"2021-08-11","'3138ETED4'","MBS","UMBS MORTPASS 2.5% 04/31","15yr",,,,,"222579.93",,,,,,""
"2021-08-11","'31417GYX8'","MBS","UMBS MORTPASS 2.5% 06/28","15yr",,,,,"222493.84",,,,,,""
"2021-08-11","'3140HANX4'","MBS","UMBS MORTPASS 3% 07/49","30yr",,,,,"222435.05",,,,,,""
"2021-08-11","'3128MJ6T2'","MBS","FHLMCGLD 3.5% 06/49","30yr",,,,,"222419.79",,,,,,""
"2021-08-11","'3138XK4N1'","MBS","UMBS MORTPASS 3.5% 02/29","15yr",,,,,"222373.91",,,,,,""
"2021-08-11","'31307LYW2'","MBS","FHLMCGLD 3.5% 02/30","15yr",,,,,"222348.69",,,,,,""
"2021-08-11","'36178VUF6'","MBS","GNMA I MORTPASS 3% 01/43","30yr",,,,,"222158.8",,,,,,""
"2021-08-11","'3138NWYB9'","MBS","UMBS MORTPASS 2.5% 12/27","15yr",,,,,"222157.01",,,,,,""
"2021-08-11","'3131YBS90'","MBS","UMBS MORTPASS 4% 04/49","30yr",,,,,"222136.84",,,,,,""
"2021-08-11","'3131Y9MH3'","MBS","UMBS MORTPASS 3.5% 01/49","30yr",,,,,"222115.23",,,,,,""
"2021-08-11","'3140FR4C6'","MBS","UMBS MORTPASS 3% 01/32","15yr",,,,,"222048.96",,,,,,""
"2021-08-11","'3131X9J47'","MBS","UMBS MORTPASS 2.5% 06/28","15yr",,,,,"221888.14",,,,,,""
"2021-08-11","'31329K6M1'","MBS","UMBS MORTPASS 3% 02/27","15yr",,,,,"221865.44",,,,,,""
"2021-08-11","'3138MNH45'","MBS","UMBS MORTPASS 2.5% 12/27","15yr",,,,,"221784",,,,,,""
"2021-08-11","'3138WRQN3'","MBS","UMBS MORTPASS 3% 04/28","15yr",,,,,"221699.17",,,,,,""
"2021-08-11","'3140J5M48'","MBS","UMBS MORTPASS 3% 05/32","15yr",,,,,"221696.45",,,,,,""
"2021-08-11","'3138WJEP9'","MBS","UMBS MORTPASS 2.5% 11/31","15yr",,,,,"221677.83",,,,,,""
"2021-08-11","'3138YUFX4'","MBS","UMBS MORTPASS 3.5% 08/30","15yr",,,,,"221646.36",,,,,,""
"2021-08-11","'36296AG57'","MBS","GNMA I MORTPASS 5% 04/39","30yr",,,,,"221615.96",,,,,,""
"2021-08-11","'36176TY44'","MBS","GNMA I 3.5% 06/42","30yr",,,,,"221606.83",,,,,,""
"2021-08-11","'3140KQVC2'","MBS","UMBS MORTPASS 2.5% 11/50","30yr",,,,,"221592.23",,,,,,""
"2021-08-11","'31307HSY4'","MBS","FHLMCGLD 3.5% 07/29","15yr",,,,,"221585.67",,,,,,""
"2021-08-11","'31307VJ80'","MBS","FHLMCGLD 3% 01/33","15yr",,,,,"221567.36",,,,,,""
"2021-08-11","'3131X8FU5'","MBS","UMBS MORTPASS 2.5% 11/27","15yr",,,,,"221501.67",,,,,,""
"2021-08-11","'36216GZQ4'","MBS","GNMA I MORTPASS 4% 01/42","30yr",,,,,"221466.06",,,,,,""
"2021-08-11","'3132A85M7'","MBS","UMBS MORTPASS 2.5% 07/29","15yr",,,,,"221393.63",,,,,,""
"2021-08-11","'3140HEVT6'","MBS","UMBS MORTPASS 3.5% 05/33","15yr",,,,,"221369.54",,,,,,""
"2021-08-11","'31418UTN4'","MBS","UMBS MORTPASS 5% 07/40","30yr",,,,,"221307.19",,,,,,""
"2021-08-11","'36177NQA1'","MBS","GNMA I 3.5% 12/41","30yr",,,,,"221065.96",,,,,,""
"2021-08-11","'3140ECGC7'","MBS","UMBS MORTPASS 3% 02/31","15yr",,,,,"221046.77",,,,,,""
"2021-08-11","'3140X73K3'","MBS","UMBS MORTPASS 2% 09/50","30yr",,,,,"220869.88",,,,,,""
"2021-08-11","'3128MEW80'","MBS","FHLMCGLD 4% 05/27","15yr",,,,,"220852.97",,,,,,""
"2021-08-11","'3128MMUB7'","MBS","FHLMCGLD 2.5% 12/30","15yr",,,,,"220842.35",,,,,,""
"2021-08-11","'3133L8CR4'","MBS","UMBS MORTPASS 1.5% 03/36","15yr",,,,,"220817.95",,,,,,""
"2021-08-11","'3620AB6F8'","MBS","GNMA I MORTPASS 5% 12/39","30yr",,,,,"220782.95",,,,,,""
"2021-08-11","'3132A7MT5'","MBS","UMBS MORTPASS 3% 01/28","15yr",,,,,"220776.29",,,,,,""
"2021-08-11","'3140HEE24'","MBS","UMBS MORTPASS 3% 04/33","15yr",,,,,"220749.44",,,,,,""
"2021-08-11","'3620A7K38'","MBS","GNMA I 4.5% 08/39","30yr",,,,,"220749.09",,,,,,""
"2021-08-11","'3140FNW34'","MBS","UMBS MORTPASS 3.5% 11/46","30yr",,,,,"220748.25",,,,,,""
"2021-08-11","'3140H7J24'","MBS","UMBS MORTPASS 2.5% 02/33","15yr",,,,,"220738.81",,,,,,""
"2021-08-11","'36179Q3F6'","MBS","GNMA II MORTPASS 2% 01/44","30yr",,,,,"220724.46",,,,,,""
"2021-08-11","'36181A3T7'","MBS","GNMA I MORTPASS 3% 06/43","30yr",,,,,"220525.83",,,,,,""
"2021-08-11","'3138WPSF2'","MBS","UMBS MORTPASS 2.5% 05/28","15yr",,,,,"220504.43",,,,,,""
"2021-08-11","'3140F8H75'","MBS","UMBS MORTPASS 3% 08/46","30yr",,,,,"220372.01",,,,,,""
"2021-08-11","'3138XWJU3'","MBS","UMBS MORTPASS 4.5% 08/44","30yr",,,,,"220370.3",,,,,,""
"2021-08-11","'3140QAND8'","MBS","UMBS MORTPASS 4% 02/49","30yr",,,,,"220352.42",,,,,,""
"2021-08-11","'3620AQKZ5'","MBS","GNMA I MORTPASS 5% 03/40","30yr",,,,,"220336.34",,,,,,""
"2021-08-11","'3138WG2F0'","MBS","UMBS MORTPASS 2.5% 04/26","Other",,,,,"220327.2",,,,,,""
"2021-08-11","'31419H4U3'","MBS","UMBS MORTPASS 4% 10/40","30yr",,,,,"220281.49",,,,,,""
"2021-08-11","'3138MRML2'","MBS","UMBS MORTPASS 2.5% 01/28","15yr",,,,,"220242.97",,,,,,""
"2021-08-11","'3138MLJD7'","MBS","UMBS MORTPASS 3% 11/27","15yr",,,,,"220212.04",,,,,,""
"2021-08-11","'3138WRS43'","MBS","UMBS MORTPASS 3.5% 05/43","30yr",,,,,"220197.46",,,,,,""
"2021-08-11","'3140E23Y5'","MBS","UMBS MORTPASS 3% 09/30","15yr",,,,,"220146.78",,,,,,""
"2021-08-11","'31417DLU5'","MBS","UMBS MORTPASS 2% 10/27","15yr",,,,,"220124.62",,,,,,""
"2021-08-11","'3620C4K25'","MBS","GNMA I 3.5% 12/41","30yr",,,,,"219948.88",,,,,,""
"2021-08-11","'31329K3E2'","MBS","UMBS MORTPASS 3% 12/25","15yr",,,,,"219862.2",,,,,,""
"2021-08-11","'36296PW64'","MBS","GNMA I 4.5% 05/39","30yr",,,,,"219764.78",,,,,,""
"2021-08-11","'3620A4N32'","MBS","GNMA I 4.5% 08/39","30yr",,,,,"219708.07",,,,,,""
"2021-08-11","'3138ADE84'","MBS","UMBS MORTPASS 3.5% 05/26","15yr",,,,,"219680.65",,,,,,""
"2021-08-11","'3128MJTY6'","MBS","FHLMCGLD 3.5% 01/44","30yr",,,,,"219579.12",,,,,,""
"2021-08-11","'36297DHT7'","MBS","GNMA I 4.5% 11/39","30yr",,,,,"219525.36",,,,,,""
"2021-08-11","'36297FBP6'","MBS","GNMA I 4.5% 06/39","30yr",,,,,"219488.76",,,,,,""
"2021-08-11","'3132DMN35'","MBS","UMBS MORTPASS 2.5% 08/50","30yr",,,,,"219388.79",,,,,,""
"2021-08-11","'3138MD6E7'","MBS","UMBS MORTPASS 4.5% 10/42","30yr",,,,,"219356.55",,,,,,""
"2021-08-11","'36297FG30'","MBS","GNMA I MORTPASS 5% 12/39","30yr",,,,,"219339.64",,,,,,""
"2021-08-11","'31417KZJ9'","MBS","UMBS MORTPASS 4.5% 09/24","15yr",,,,,"219303.02",,,,,,""
"2021-08-11","'3132A73K5'","MBS","UMBS MORTPASS 3% 07/28","15yr",,,,,"219267.74",,,,,,""
"2021-08-11","'3138A4F34'","MBS","UMBS MORTPASS 3% 02/26","15yr",,,,,"219121.06",,,,,,""
"2021-08-11","'3620A35R1'","MBS","GNMA I MORTPASS 5% 12/39","30yr",,,,,"218700.35",,,,,,""
"2021-08-11","'3620AAC48'","MBS","GNMA I MORTPASS 5% 03/40","30yr",,,,,"218662.24",,,,,,""
"2021-08-11","'31307HAT4'","MBS","FHLMCGLD 3.5% 05/29","15yr",,,,,"218620.35",,,,,,""
"2021-08-11","'3138MKMW3'","MBS","UMBS MORTPASS 3% 06/28","15yr",,,,,"218518.49",,,,,,""
"2021-08-11","'36296YQA3'","MBS","GNMA I 4.5% 08/39","30yr",,,,,"218456.11",,,,,,""
"2021-08-11","'3140H2TT5'","MBS","UMBS MORTPASS 3% 10/32","15yr",,,,,"218395.64",,,,,,""
"2021-08-11","'3138XCXL1'","MBS","UMBS MORTPASS 3% 11/28","15yr",,,,,"218347.28",,,,,,""
"2021-08-11","'36180CQR3'","MBS","GNMA I MORTPASS 3% 02/43","30yr",,,,,"218342.73",,,,,,""
"2021-08-11","'3132A9PV3'","MBS","UMBS MORTPASS 3% 08/29","15yr",,,,,"218312.3",,,,,,""
"2021-08-11","'3620A0B33'","MBS","GNMA I 4.5% 08/39","30yr",,,,,"218176.81",,,,,,""
"2021-08-11","'3133ACKY3'","MBS","UMBS MORTPASS 2% 11/50","30yr",,,,,"218138.82",,,,,,""
"2021-08-11","'31418CGQ1'","MBS","UMBS MORTPASS 2% 02/32","15yr",,,,,"217979.18",,,,,,""
"2021-08-11","'3132WESM5'","MBS","FHLMCGLD 4% 06/46","30yr",,,,,"217800.14",,,,,,""
"2021-08-11","'3138X5CZ8'","MBS","UMBS MORTPASS 3.5% 05/29","15yr",,,,,"217684.91",,,,,,""
"2021-08-11","'3140HHE84'","MBS","UMBS MORTPASS 3.5% 05/33","15yr",,,,,"217536.25",,,,,,""
"2021-08-11","'31417EQG9'","MBS","UMBS MORTPASS 2.5% 01/23","Other",,,,,"217525.8",,,,,,""
"2021-08-11","'36297KYY1'","MBS","GNMA I 4.5% 06/39","30yr",,,,,"217444.31",,,,,,""
"2021-08-11","'3140Q83V5'","MBS","UMBS MORTPASS 4.5% 05/48","30yr",,,,,"217400.58",,,,,,""
"2021-08-11","'3138Y9UR7'","MBS","UMBS MORTPASS 3% 04/45","30yr",,,,,"217367.43",,,,,,""
"2021-08-11","'3620A6WK9'","MBS","GNMA I MORTPASS 5% 10/39","30yr",,,,,"217359.41",,,,,,""
"2021-08-11","'3138EJ3E6'","MBS","UMBS MORTPASS 2.5% 11/27","15yr",,,,,"217348.18",,,,,,""
"2021-08-11","'31415QHU3'","MBS","UMBS MORTPASS 6.5% 05/38","30yr",,,,,"217269.13",,,,,,""
"2021-08-11","'3128P7N90'","MBS","FHLMCGLD 4% 07/30","Other",,,,,"217265.04",,,,,,""
"2021-08-11","'3140J6C47'","MBS","UMBS MORTPASS 2.5% 01/32","15yr",,,,,"217218.09",,,,,,""
"2021-08-11","'36176QPV0'","MBS","GNMA I 3.5% 03/42","30yr",,,,,"217187.62",,,,,,""
"2021-08-11","'3138MJHW2'","MBS","UMBS MORTPASS 3% 01/28","15yr",,,,,"217144.68",,,,,,""
"2021-08-11","'3620ADC91'","MBS","GNMA I MORTPASS 5% 11/39","30yr",,,,,"217077.89",,,,,,""
"2021-08-11","'3138WF7H3'","MBS","UMBS MORTPASS 3% 12/30","15yr",,,,,"216960.51",,,,,,""
"2021-08-11","'36177TBT3'","MBS","GNMA I 3.5% 03/42","30yr",,,,,"216786.89",,,,,,""
"2021-08-11","'36202E6E4'","MBS","GNMA II MORTPASS 5% 06/39","30yr",,,,,"216570.12",,,,,,""
"2021-08-11","'3140JHJW4'","MBS","UMBS MORTPASS 4.5% 11/48","30yr",,,,,"216508.54",,,,,,""
"2021-08-11","'3138E7KY9'","MBS","UMBS MORTPASS 2.5% 06/27","15yr",,,,,"216458.28",,,,,,""
"2021-08-11","'3138LWFA4'","MBS","UMBS MORTPASS 2.5% 07/27","15yr",,,,,"216339.69",,,,,,""
"2021-08-11","'3138Y53K0'","MBS","UMBS MORTPASS 3.5% 11/44","30yr",,,,,"216302.17",,,,,,""
"2021-08-11","'36297KMB4'","MBS","GNMA I MORTPASS 5% 05/39","30yr",,,,,"216226.27",,,,,,""
"2021-08-11","'3140HL2Z8'","MBS","UMBS MORTPASS 4.5% 06/48","30yr",,,,,"216178.21",,,,,,""
"2021-08-11","'3138X2ZQ0'","MBS","UMBS MORTPASS 3% 08/28","15yr",,,,,"216130.3",,,,,,""
"2021-08-11","'36179EJX7'","MBS","GNMA I MORTPASS 3% 02/43","30yr",,,,,"215998.45",,,,,,""
"2021-08-11","'36181D6S0'","MBS","GNMA I MORTPASS 3% 05/43","30yr",,,,,"215977.99",,,,,,""
"2021-08-11","'3138EHJP8'","MBS","UMBS MORTPASS 4% 09/41","30yr",,,,,"215969.91",,,,,,""
"2021-08-11","'3133KK5P0'","MBS","UMBS MORTPASS 2% 02/51","30yr",,,,,"215879.64",,,,,,""
"2021-08-11","'3132KE4Z5'","MBS","FHLMCGLD 3% 06/30","15yr",,,,,"215845.94",,,,,,""
"2021-08-11","'36177RUD1'","MBS","GNMA I 3.5% 05/42","30yr",,,,,"215833.06",,,,,,""
"2021-08-11","'3138AV7J8'","MBS","UMBS MORTPASS 3% 12/26","15yr",,,,,"215806.65",,,,,,""
"2021-08-11","'36176SQX1'","MBS","GNMA I 3.5% 12/41","30yr",,,,,"215775.14",,,,,,""
"2021-08-11","'3138WP3K8'","MBS","UMBS MORTPASS 3% 02/29","15yr",,,,,"215632.24",,,,,,""
"2021-08-11","'3620A5XN4'","MBS","GNMA I 4.5% 09/39","30yr",,,,,"215490.7",,,,,,""
"2021-08-11","'3138WRR85'","MBS","UMBS MORTPASS 3% 04/28","15yr",,,,,"215288.17",,,,,,""
"2021-08-11","'36176W5Q0'","MBS","GNMA I 3.5% 01/42","30yr",,,,,"215082.52",,,,,,""
"2021-08-11","'3140H7B48'","MBS","UMBS MORTPASS 3% 03/48","30yr",,,,,"215073.07",,,,,,""
"2021-08-11","'3138WSQ35'","MBS","UMBS MORTPASS 3% 05/28","15yr",,,,,"214978.71",,,,,,""
"2021-08-11","'3140QGPK7'","MBS","UMBS MORTPASS 2.5% 12/50","30yr",,,,,"214784.05",,,,,,""
"2021-08-11","'3138XHEF4'","MBS","UMBS MORTPASS 3.5% 01/29","15yr",,,,,"214763.7",,,,,,""
"2021-08-11","'3620ATWV5'","MBS","GNMA I MORTPASS 5% 02/40","30yr",,,,,"214745.91",,,,,,""
"2021-08-11","'31307F3N9'","MBS","FHLMCGLD 3.5% 01/29","15yr",,,,,"214634.54",,,,,,""
"2021-08-11","'3620A7K46'","MBS","GNMA I MORTPASS 5% 01/40","30yr",,,,,"214545.13",,,,,,""
"2021-08-11","'3131X8K54'","MBS","UMBS MORTPASS 2.5% 12/27","15yr",,,,,"214443.36",,,,,,""
"2021-08-11","'3140F3YM4'","MBS","UMBS MORTPASS 2.5% 04/46","30yr",,,,,"214420.37",,,,,,""
"2021-08-11","'3138EQKP6'","MBS","UMBS MORTPASS 3.5% 10/45","30yr",,,,,"214401.57",,,,,,""
"2021-08-11","'36297EBQ7'","MBS","GNMA I 4.5% 07/39","30yr",,,,,"214380.1",,,,,,""
"2021-08-11","'3140J6C70'","MBS","UMBS MORTPASS 2.5% 09/28","15yr",,,,,"214264.56",,,,,,""
"2021-08-11","'3140QG5U7'","MBS","UMBS MORTPASS 2.5% 02/51","30yr",,,,,"214212.21",,,,,,""
"2021-08-11","'3138WE4M8'","MBS","UMBS MORTPASS 3% 07/30","15yr",,,,,"214206.53",,,,,,""
"2021-08-11","'3140JGZG3'","MBS","UMBS MORTPASS 4% 09/48","30yr",,,,,"214180.36",,,,,,""
"2021-08-11","'36176WE23'","MBS","GNMA I 3.5% 06/42","30yr",,,,,"214163.84",,,,,,""
"2021-08-11","'31416NAX0'","MBS","UMBS MORTPASS 4.5% 03/24","15yr",,,,,"213938.58",,,,,,""
"2021-08-11","'36297CNN5'","MBS","GNMA I 4.5% 04/39","30yr",,,,,"213757.27",,,,,,""
"2021-08-11","'3133D3CA1'","MBS","UMBS MORTPASS 3% 08/39","Other",,,,,"213695.15",,,,,,""
"2021-08-11","'3138XHKP5'","MBS","UMBS MORTPASS 4.5% 02/44","30yr",,,,,"213688.45",,,,,,""
"2021-08-11","'3140H7D20'","MBS","UMBS MORTPASS 3.5% 03/33","15yr",,,,,"213665.49",,,,,,""
"2021-08-11","'3131Y9N58'","MBS","UMBS MORTPASS 2.5% 02/34","15yr",,,,,"213586.8",,,,,,""
"2021-08-11","'3128MMUX9'","MBS","FHLMCGLD 3.5% 04/31","15yr",,,,,"213413.18",,,,,,""
"2021-08-11","'3140JAP36'","MBS","UMBS MORTPASS 3.5% 09/45","30yr",,,,,"213402.56",,,,,,""
"2021-08-11","'36202FMB9'","MBS","GNMA II 4.5% 11/40","30yr",,,,,"213365.75",,,,,,""
"2021-08-11","'3138MAJB5'","MBS","UMBS MORTPASS 3% 08/27","15yr",,,,,"213346.13",,,,,,""
"2021-08-11","'36296LML1'","MBS","GNMA I 4.5% 02/39","30yr",,,,,"213107.57",,,,,,""
"2021-08-11","'3132JMP52'","MBS","FHLMCGLD 3.5% 07/43","30yr",,,,,"213101.06",,,,,,""
"2021-08-11","'31413CSK6'","MBS","UMBS MORTPASS 3% 12/26","15yr",,,,,"213097.34",,,,,,""
"2021-08-11","'36177WJP6'","MBS","GNMA I 3.5% 05/42","30yr",,,,,"213092.62",,,,,,""
"2021-08-11","'36297GT83'","MBS","GNMA I 3.5% 09/42","30yr",,,,,"213041.78",,,,,,""
"2021-08-11","'36178MSR3'","MBS","GNMA I 3.5% 09/42","30yr",,,,,"213021.99",,,,,,""
"2021-08-11","'3140HHT54'","MBS","UMBS MORTPASS 4% 04/48","30yr",,,,,"212824.74",,,,,,""
"2021-08-11","'3138AJQF2'","MBS","UMBS MORTPASS 3% 11/26","15yr",,,,,"212746.81",,,,,,""
"2021-08-11","'3140JKZX7'","MBS","UMBS MORTPASS 3.5% 02/49","30yr",,,,,"212665.21",,,,,,""
"2021-08-11","'3138WECG2'","MBS","UMBS MORTPASS 3.5% 03/45","30yr",,,,,"212593.21",,,,,,""
"2021-08-11","'3620AE2F6'","MBS","GNMA I MORTPASS 5% 11/39","30yr",,,,,"212583.92",,,,,,""
"2021-08-11","'3128PVMC1'","MBS","FHLMCGLD 4% 06/26","15yr",,,,,"212568.83",,,,,,""
"2021-08-11","'3140JN6Z8'","MBS","UMBS MORTPASS 3% 05/49","30yr",,,,,"212546.62",,,,,,""
"2021-08-11","'3138WWMF3'","MBS","UMBS MORTPASS 3% 06/28","15yr",,,,,"212534.11",,,,,,""
"2021-08-11","'36177NTR1'","MBS","GNMA I 3.5% 06/42","30yr",,,,,"212445.81",,,,,,""
"2021-08-11","'3138M4BX9'","MBS","UMBS MORTPASS 2.5% 08/27","15yr",,,,,"212381.23",,,,,,""
"2021-08-11","'3138AN4U4'","MBS","UMBS MORTPASS 3% 09/26","15yr",,,,,"212342.46",,,,,,""
"2021-08-11","'3140HA5W6'","MBS","UMBS MORTPASS 3.5% 04/33","15yr",,,,,"212132.23",,,,,,""
"2021-08-11","'3140QAZ60'","MBS","UMBS MORTPASS 3% 07/48","30yr",,,,,"212118.6",,,,,,""
"2021-08-11","'3138MR4J7'","MBS","UMBS MORTPASS 2.5% 12/27","15yr",,,,,"211978.33",,,,,,""
"2021-08-11","'31307SYC1'","MBS","FHLMCGLD 2.5% 01/32","15yr",,,,,"211904.35",,,,,,""
"2021-08-11","'3138WHQN5'","MBS","UMBS MORTPASS 2.5% 08/46","30yr",,,,,"211750.17",,,,,,""
"2021-08-11","'3138WKK53'","MBS","UMBS MORTPASS 4.5% 03/47","30yr",,,,,"211643.8",,,,,,""
"2021-08-11","'31307HPH4'","MBS","FHLMCGLD 3.5% 07/29","15yr",,,,,"211605.83",,,,,,""
"2021-08-11","'3140JMZZ8'","MBS","UMBS MORTPASS 4% 01/49","30yr",,,,,"211580.12",,,,,,""
"2021-08-11","'3140JGTG0'","MBS","UMBS MORTPASS 3.5% 10/33","15yr",,,,,"211578.14",,,,,,""
"2021-08-11","'31294MFU0'","MBS","FHLMCGLD 4% 04/26","15yr",,,,,"211573.15",,,,,,""
"2021-08-11","'3620AHMY6'","MBS","GNMA I MORTPASS 5% 12/39","30yr",,,,,"211572.55",,,,,,""
"2021-08-11","'3140K0SM1'","MBS","UMBS MORTPASS 3% 12/49","30yr",,,,,"211456.03",,,,,,""
"2021-08-11","'3140K2UA0'","MBS","UMBS MORTPASS 2.5% 11/34","15yr",,,,,"211399.27",,,,,,""
"2021-08-11","'3138EKVU6'","MBS","UMBS MORTPASS 2% 03/23","Other",,,,,"211312.3",,,,,,""
"2021-08-11","'36297GL57'","MBS","GNMA I 4.5% 08/39","30yr",,,,,"211300",,,,,,""
"2021-08-11","'3140HHTM7'","MBS","UMBS MORTPASS 3.5% 04/33","15yr",,,,,"211283.2",,,,,,""
"2021-08-11","'3132D54G4'","MBS","UMBS MORTPASS 2% 10/34","15yr",,,,,"211241.66",,,,,,""
"2021-08-11","'3138YA5G6'","MBS","UMBS MORTPASS 3% 01/30","15yr",,,,,"211206.06",,,,,,""
"2021-08-11","'36297CL72'","MBS","GNMA I 4.5% 08/39","30yr",,,,,"211191.32",,,,,,""
"2021-08-11","'3138MLJK1'","MBS","UMBS MORTPASS 2.5% 11/22","Other",,,,,"211161.86",,,,,,""
"2021-08-11","'3140X9WR2'","MBS","UMBS MORTPASS 2% 02/51","30yr",,,,,"211137.04",,,,,,""
"2021-08-11","'36178VHF1'","MBS","GNMA I 3.5% 04/43","30yr",,,,,"211135.53",,,,,,""
"2021-08-11","'3138XCCG5'","MBS","UMBS MORTPASS 3% 12/26","15yr",,,,,"211110",,,,,,""
"2021-08-11","'3138W6FM3'","MBS","UMBS MORTPASS 2.5% 04/28","15yr",,,,,"211073.23",,,,,,""
"2021-08-11","'36178HY22'","MBS","GNMA I MORTPASS 3% 03/43","30yr",,,,,"210989.51",,,,,,""
"2021-08-11","'3140HEDE9'","MBS","UMBS MORTPASS 3.5% 01/48","30yr",,,,,"210755.43",,,,,,""
"2021-08-11","'31307NGB4'","MBS","FHLMCGLD 3% 06/30","15yr",,,,,"210727.36",,,,,,""
"2021-08-11","'3138Y7NA6'","MBS","UMBS MORTPASS 3.5% 07/29","15yr",,,,,"210649.17",,,,,,""
"2021-08-11","'3138MMEC2'","MBS","UMBS MORTPASS 2.5% 10/27","15yr",,,,,"210628.13",,,,,,""
"2021-08-11","'36179EJ74'","MBS","GNMA I MORTPASS 3% 02/43","30yr",,,,,"210528.74",,,,,,""
"2021-08-11","'3132GTE94'","MBS","FHLMCGLD 3.5% 04/42","30yr",,,,,"210481.71",,,,,,""
"2021-08-11","'36179HTF8'","MBS","GNMA I 3.5% 12/42","30yr",,,,,"210145.47",,,,,,""
"2021-08-11","'3132A7YH8'","MBS","UMBS MORTPASS 3% 07/29","15yr",,,,,"210130.95",,,,,,""
"2021-08-11","'3132A9M87'","MBS","UMBS MORTPASS 2.5% 03/28","15yr",,,,,"210060.07",,,,,,""
"2021-08-11","'3132ADX78'","MBS","UMBS MORTPASS 2.5% 12/33","15yr",,,,,"210007.85",,,,,,""
"2021-08-11","'3140Q8BR5'","MBS","UMBS MORTPASS 3% 12/32","15yr",,,,,"209894.69",,,,,,""
"2021-08-11","'3138M3LA0'","MBS","UMBS MORTPASS 2.5% 09/27","15yr",,,,,"209821.14",,,,,,""
"2021-08-11","'3131YCYD2'","MBS","UMBS MORTPASS 3.5% 05/49","30yr",,,,,"209810.59",,,,,,""
"2021-08-11","'3620A6WH6'","MBS","GNMA I MORTPASS 5% 10/39","30yr",,,,,"209730.49",,,,,,""
"2021-08-11","'3132A7FN6'","MBS","UMBS MORTPASS 3% 03/27","15yr",,,,,"209633.57",,,,,,""
"2021-08-11","'31307GZ51'","MBS","FHLMCGLD 3% 04/29","15yr",,,,,"209622.08",,,,,,""
"2021-08-11","'31418AFD5'","MBS","UMBS MORTPASS 3% 05/22","Other",,,,,"209581.04",,,,,,""
"2021-08-11","'31307LH43'","MBS","FHLMCGLD 2.5% 12/29","15yr",,,,,"209545",,,,,,""
"2021-08-11","'31412UAL4'","MBS","UMBS MORTPASS 4.5% 03/24","15yr",,,,,"209534.96",,,,,,""
"2021-08-11","'36296PVT5'","MBS","GNMA I 4.5% 05/39","30yr",,,,,"209502.76",,,,,,""
"2021-08-11","'31329MGL8'","MBS","UMBS MORTPASS 3% 06/30","15yr",,,,,"209492.57",,,,,,""
"2021-08-11","'31307JHX4'","MBS","FHLMCGLD 2.5% 09/29","15yr",,,,,"209483.17",,,,,,""
"2021-08-11","'31415MDD4'","MBS","UMBS MORTPASS 5% 06/38","30yr",,,,,"209396",,,,,,""
"2021-08-11","'31307GRC5'","MBS","FHLMCGLD 3% 03/29","15yr",,,,,"209390.67",,,,,,""
"2021-08-11","'3140H5TX9'","MBS","UMBS MORTPASS 4% 06/48","30yr",,,,,"209382.98",,,,,,""
"2021-08-11","'3138E92D1'","MBS","UMBS MORTPASS 3% 07/27","15yr",,,,,"209359.46",,,,,,""
"2021-08-11","'3131XAX71'","MBS","UMBS MORTPASS 3.5% 12/24","Other",,,,,"209325.55",,,,,,""
"2021-08-11","'31334YMW4'","MBS","UMBS MORTPASS 3% 08/49","30yr",,,,,"209284.95",,,,,,""
"2021-08-11","'31307PTU3'","MBS","FHLMCGLD 3% 11/30","15yr",,,,,"209255.7",,,,,,""
"2021-08-11","'31307EKG8'","MBS","FHLMCGLD 3% 09/28","15yr",,,,,"209206.44",,,,,,""
"2021-08-11","'31329PRN5'","MBS","UMBS MORTPASS 3.5% 11/48","30yr",,,,,"209197.59",,,,,,""
"2021-08-11","'31417E3D1'","MBS","UMBS MORTPASS 2.5% 02/23","Other",,,,,"209197.34",,,,,,""
"2021-08-11","'3140HMHE7'","MBS","UMBS MORTPASS 3.5% 08/48","30yr",,,,,"209186.24",,,,,,""
"2021-08-11","'3131XDDP7'","MBS","UMBS MORTPASS 3% 12/32","15yr",,,,,"208882.28",,,,,,""
"2021-08-11","'3140X7MQ9'","MBS","UMBS MORTPASS 2% 08/30","Other",,,,,"208855.58",,,,,,""
"2021-08-11","'3131X9EZ3'","MBS","UMBS MORTPASS 2.5% 06/23","Other",,,,,"208831.13",,,,,,""
"2021-08-11","'3138M1VD7'","MBS","UMBS MORTPASS 3% 07/27","15yr",,,,,"208806.95",,,,,,""
"2021-08-11","'3138XFCE3'","MBS","UMBS MORTPASS 3% 01/29","15yr",,,,,"208755.9",,,,,,""
"2021-08-11","'3138WQHC9'","MBS","UMBS MORTPASS 2.5% 05/28","15yr",,,,,"208503.23",,,,,,""
"2021-08-11","'3132WJYR6'","MBS","FHLMCGLD 3.5% 01/45","30yr",,,,,"208440.38",,,,,,""
"2021-08-11","'31417EVQ1'","MBS","UMBS MORTPASS 2.5% 02/28","15yr",,,,,"208408.64",,,,,,""
"2021-08-11","'3138Y4JQ3'","MBS","UMBS MORTPASS 3.5% 09/29","15yr",,,,,"208387.44",,,,,,""
"2021-08-11","'3140Q9DP5'","MBS","UMBS MORTPASS 4.5% 06/48","30yr",,,,,"208371.62",,,,,,""
"2021-08-11","'36297ER49'","MBS","GNMA I MORTPASS 5% 09/39","30yr",,,,,"208280.47",,,,,,""
"2021-08-11","'3133KYSF7'","MBS","UMBS MORTPASS 3.5% 11/39","Other",,,,,"208270.58",,,,,,""
"2021-08-11","'31334YF36'","MBS","UMBS MORTPASS 4.5% 08/49","30yr",,,,,"208264.05",,,,,,""
"2021-08-11","'3132JMFS3'","MBS","FHLMCGLD 4% 06/43","30yr",,,,,"208118.28",,,,,,""
"2021-08-11","'3131YA7G9'","MBS","UMBS MORTPASS 4% 12/48","30yr",,,,,"208078.25",,,,,,""
"2021-08-11","'3138MJ2B4'","MBS","UMBS MORTPASS 3.5% 11/27","15yr",,,,,"208075.12",,,,,,""
"2021-08-11","'3132A8TU3'","MBS","UMBS MORTPASS 3% 10/28","15yr",,,,,"207956.27",,,,,,""
"2021-08-11","'3138Y1DH5'","MBS","UMBS MORTPASS 3.5% 08/29","15yr",,,,,"207856.31",,,,,,""
"2021-08-11","'3140HMG73'","MBS","UMBS MORTPASS 3.5% 08/33","15yr",,,,,"207845.38",,,,,,""
"2021-08-11","'31418AH76'","MBS","UMBS MORTPASS 3% 08/22","Other",,,,,"207750.16",,,,,,""
"2021-08-11","'36176LLJ2'","MBS","GNMA I MORTPASS 4% 07/41","30yr",,,,,"207710.83",,,,,,""
"2021-08-11","'3132A7TQ4'","MBS","UMBS MORTPASS 2.5% 01/24","Other",,,,,"207678.81",,,,,,""
"2021-08-11","'312933PJ7'","MBS","FHLMCGLD 4% 06/39","30yr",,,,,"207597.42",,,,,,""
"2021-08-11","'3138W2JY2'","MBS","UMBS MORTPASS 2.5% 03/28","15yr",,,,,"207586.17",,,,,,""
"2021-08-11","'3138ANRD7'","MBS","UMBS MORTPASS 3% 08/27","15yr",,,,,"207570.55",,,,,,""
"2021-08-11","'36296V6K9'","MBS","GNMA I 4.5% 01/39","30yr",,,,,"207535.61",,,,,,""
"2021-08-11","'31307G2P3'","MBS","FHLMCGLD 3% 04/29","15yr",,,,,"207518.86",,,,,,""
"2021-08-11","'3132GSAP4'","MBS","FHLMCGLD 4% 03/42","30yr",,,,,"207401.18",,,,,,""
"2021-08-11","'31307GJX8'","MBS","FHLMCGLD 3.5% 02/29","15yr",,,,,"207346.87",,,,,,""
"2021-08-11","'3138WD2D2'","MBS","UMBS MORTPASS 3.5% 02/45","30yr",,,,,"207302.43",,,,,,""
"2021-08-11","'3140JPD93'","MBS","UMBS MORTPASS 3% 05/34","15yr",,,,,"207290.42",,,,,,""
"2021-08-11","'36176AHZ5'","MBS","GNMA I MORTPASS 4% 11/40","30yr",,,,,"207278.1",,,,,,""
"2021-08-11","'36180UFE4'","MBS","GNMA I 3.5% 05/43","30yr",,,,,"207256.08",,,,,,""
"2021-08-11","'36297BXX4'","MBS","GNMA I MORTPASS 5% 02/39","30yr",,,,,"207231.45",,,,,,""
"2021-08-11","'36177TLL9'","MBS","GNMA I 3.5% 07/42","30yr",,,,,"207182.5",,,,,,""
"2021-08-11","'3138WGUC6'","MBS","UMBS MORTPASS 3% 03/31","15yr",,,,,"207178",,,,,,""
"2021-08-11","'31416NFL1'","MBS","UMBS MORTPASS 4% 05/24","15yr",,,,,"207162.77",,,,,,""
"2021-08-11","'3140K05J3'","MBS","UMBS MORTPASS 3% 11/49","30yr",,,,,"207144.56",,,,,,""
"2021-08-11","'3138YNTL1'","MBS","UMBS MORTPASS 2.5% 08/30","15yr",,,,,"207095.5",,,,,,""
"2021-08-11","'3132JPQ47'","MBS","FHLMCGLD 4.5% 10/43","30yr",,,,,"207053.43",,,,,,""
"2021-08-11","'31417E3C3'","MBS","UMBS MORTPASS 2% 02/23","Other",,,,,"206872.28",,,,,,""
"2021-08-11","'3140HJQU8'","MBS","UMBS MORTPASS 3.5% 05/48","30yr",,,,,"206658.22",,,,,,""
"2021-08-11","'3140JN7E4'","MBS","UMBS MORTPASS 4% 05/49","30yr",,,,,"206621.74",,,,,,""
"2021-08-11","'3138W0R43'","MBS","UMBS MORTPASS 3% 03/28","15yr",,,,,"206576.11",,,,,,""
"2021-08-11","'3131XDPQ2'","MBS","UMBS MORTPASS 3% 05/28","Other",,,,,"206518.79",,,,,,""
"2021-08-11","'3140H5NW7'","MBS","UMBS MORTPASS 3% 02/33","15yr",,,,,"206504.62",,,,,,""
"2021-08-11","'36180BYD7'","MBS","GNMA I 3.5% 06/43","30yr",,,,,"206444.6",,,,,,""
"2021-08-11","'3138MPNN1'","MBS","UMBS MORTPASS 3% 12/42","30yr",,,,,"206410.34",,,,,,""
"2021-08-11","'36176U4R3'","MBS","GNMA I 3.5% 03/42","30yr",,,,,"206404.11",,,,,,""
"2021-08-11","'3138YFQ72'","MBS","UMBS MORTPASS 3% 01/45","30yr",,,,,"206361.37",,,,,,""
"2021-08-11","'3138M9BJ9'","MBS","UMBS MORTPASS 2.5% 09/27","15yr",,,,,"206264.61",,,,,,""
"2021-08-11","'3138YVEJ4'","MBS","UMBS MORTPASS 3% 11/45","30yr",,,,,"206242.4",,,,,,""
"2021-08-11","'3128MDRV7'","MBS","FHLMCGLD 4% 06/25","15yr",,,,,"206127.77",,,,,,""
"2021-08-11","'3140X85Y9'","MBS","UMBS MORTPASS 2.5% 12/50","30yr",,,,,"206111.87",,,,,,""
"2021-08-11","'36296HN70'","MBS","GNMA I MORTPASS 4% 05/41","30yr",,,,,"206064.27",,,,,,""
"2021-08-11","'36177MCT7'","MBS","GNMA I 3.5% 01/42","30yr",,,,,"206055.57",,,,,,""
"2021-08-11","'31334WY96'","MBS","UMBS MORTPASS 4.5% 01/49","30yr",,,,,"205982.99",,,,,,""
"2021-08-11","'3620ASZF9'","MBS","GNMA I 3.5% 10/41","30yr",,,,,"205944.54",,,,,,""
"2021-08-11","'36297HVR6'","MBS","GNMA I 4.5% 07/39","30yr",,,,,"205935.6",,,,,,""
"2021-08-11","'3128MMTB9'","MBS","FHLMCGLD 3% 03/30","15yr",,,,,"205929.33",,,,,,""
"2021-08-11","'3133A86D4'","MBS","UMBS MORTPASS 2.5% 08/50","30yr",,,,,"205905.53",,,,,,""
"2021-08-11","'31417SXN5'","MBS","UMBS MORTPASS 4.5% 11/24","15yr",,,,,"205856.91",,,,,,""
"2021-08-11","'31307M4M5'","MBS","FHLMCGLD 2.5% 05/30","15yr",,,,,"205548.2",,,,,,""
"2021-08-11","'36176AAR0'","MBS","GNMA I MORTPASS 4% 02/42","30yr",,,,,"205468.69",,,,,,""
"2021-08-11","'3140E8DD7'","MBS","UMBS MORTPASS 2.5% 11/30","15yr",,,,,"205328.06",,,,,,""
"2021-08-11","'3138WFAB2'","MBS","UMBS MORTPASS 2% 07/30","15yr",,,,,"205293.86",,,,,,""
"2021-08-11","'36295AKE4'","MBS","GNMA I MORTPASS 5% 10/39","30yr",,,,,"205199.32",,,,,,""
"2021-08-11","'36176WZW4'","MBS","GNMA I 3.5% 12/41","30yr",,,,,"205175.37",,,,,,""
"2021-08-11","'3138M86Y4'","MBS","UMBS MORTPASS 2.5% 09/27","15yr",,,,,"205055.18",,,,,,""
"2021-08-11","'3133L7GP6'","MBS","UMBS MORTPASS 2.5% 10/34","15yr",,,,,"205040.11",,,,,,""
"2021-08-11","'3138W7X66'","MBS","UMBS MORTPASS 2.5% 03/28","15yr",,,,,"204999.37",,,,,,""
"2021-08-11","'3132A7WM9'","MBS","UMBS MORTPASS 3% 04/24","Other",,,,,"204998.86",,,,,,""
"2021-08-11","'3620AARD2'","MBS","GNMA I 4.5% 08/39","30yr",,,,,"204872.44",,,,,,""
"2021-08-11","'3138W44U2'","MBS","UMBS MORTPASS 2.5% 06/28","15yr",,,,,"204823.38",,,,,,""
"2021-08-11","'36178LS87'","MBS","GNMA I MORTPASS 4% 07/42","30yr",,,,,"204777.98",,,,,,""
"2021-08-11","'31417ELE9'","MBS","UMBS MORTPASS 2% 01/28","15yr",,,,,"204580.38",,,,,,""
"2021-08-11","'3140H5MK4'","MBS","UMBS MORTPASS 2.5% 01/33","15yr",,,,,"204572.06",,,,,,""
"2021-08-11","'3138WW5D7'","MBS","UMBS MORTPASS 2.5% 07/28","15yr",,,,,"204496.03",,,,,,""
"2021-08-11","'3138XZDC2'","MBS","UMBS MORTPASS 3.5% 09/29","15yr",,,,,"204453.5",,,,,,""
"2021-08-11","'3140J8DM2'","MBS","UMBS MORTPASS 2.5% 04/47","30yr",,,,,"204445.18",,,,,,""
"2021-08-11","'3138Y9RV2'","MBS","UMBS MORTPASS 3.5% 02/45","30yr",,,,,"204388.91",,,,,,""
"2021-08-11","'3140JJN62'","MBS","UMBS MORTPASS 4% 12/48","30yr",,,,,"204206.63",,,,,,""
"2021-08-11","'3138EAR66'","MBS","UMBS MORTPASS 3% 04/32","Other",,,,,"204197.29",,,,,,""
"2021-08-11","'36294WW95'","MBS","GNMA I MORTPASS 5% 02/39","30yr",,,,,"204184.26",,,,,,""
"2021-08-11","'3132A9PC5'","MBS","UMBS MORTPASS 3% 03/29","15yr",,,,,"204111.27",,,,,,""
"2021-08-11","'36295MDG1'","MBS","GNMA I 4.5% 03/39","30yr",,,,,"204109.56",,,,,,""
"2021-08-11","'31413CQT9'","MBS","UMBS MORTPASS 4% 08/39","30yr",,,,,"204063.66",,,,,,""
"2021-08-11","'3140HKLQ9'","MBS","UMBS MORTPASS 3% 06/33","15yr",,,,,"203954.54",,,,,,""
"2021-08-11","'3138YNF28'","MBS","UMBS MORTPASS 3.5% 06/30","15yr",,,,,"203950.08",,,,,,""
"2021-08-11","'3138YV4Q9'","MBS","UMBS MORTPASS 2.5% 06/30","15yr",,,,,"203924.89",,,,,,""
"2021-08-11","'3138MCW91'","MBS","UMBS MORTPASS 2% 10/27","15yr",,,,,"203841.38",,,,,,""
"2021-08-11","'3138MFXH5'","MBS","UMBS MORTPASS 3% 10/42","30yr",,,,,"203819.93",,,,,,""
"2021-08-11","'3138WJFK9'","MBS","UMBS MORTPASS 3% 11/46","30yr",,,,,"203725.79",,,,,,""
"2021-08-11","'31417CUM5'","MBS","UMBS MORTPASS 2% 08/27","15yr",,,,,"203653.4",,,,,,""
"2021-08-11","'36297B5G2'","MBS","GNMA I 4.5% 02/39","30yr",,,,,"203633.91",,,,,,""
"2021-08-11","'3138MQHS5'","MBS","UMBS MORTPASS 2.5% 12/27","15yr",,,,,"203563.62",,,,,,""
"2021-08-11","'3138MQVQ3'","MBS","UMBS MORTPASS 3% 12/27","15yr",,,,,"203560.63",,,,,,""
"2021-08-11","'3128MAD55'","MBS","FHLMCGLD 3.5% 01/45","30yr",,,,,"203529.46",,,,,,""
"2021-08-11","'3138MD6G2'","MBS","UMBS MORTPASS 2.5% 10/27","15yr",,,,,"203508.38",,,,,,""
"2021-08-11","'36179UGD8'","MBS","GNMA II 4.5% 11/48","30yr",,,,,"203495.39",,,,,,""
"2021-08-11","'3138W3A78'","MBS","UMBS MORTPASS 3% 02/28","15yr",,,,,"203468.51",,,,,,""
"2021-08-11","'31418CET7'","MBS","UMBS MORTPASS 2% 12/31","15yr",,,,,"203430.86",,,,,,""
"2021-08-11","'3138MCXA7'","MBS","UMBS MORTPASS 2% 10/27","15yr",,,,,"203426.53",,,,,,""
"2021-08-11","'312939GV7'","MBS","FHLMCGLD 4.5% 02/40","30yr",,,,,"203420.64",,,,,,""
"2021-08-11","'3138XT3G8'","MBS","UMBS MORTPASS 3.5% 05/29","15yr",,,,,"203401.8",,,,,,""
"2021-08-11","'3140HAR44'","MBS","UMBS MORTPASS 3.5% 04/48","30yr",,,,,"203383.63",,,,,,""
"2021-08-11","'31416AFA3'","MBS","UMBS MORTPASS 3.5% 05/24","15yr",,,,,"203227.44",,,,,,""
"2021-08-11","'36176WSK8'","MBS","GNMA I MORTPASS 4% 12/41","30yr",,,,,"203170.53",,,,,,""
"2021-08-11","'3138WDU33'","MBS","UMBS MORTPASS 3.5% 12/29","15yr",,,,,"203086.5",,,,,,""
"2021-08-11","'312930U81'","MBS","FHLMCGLD 4.5% 12/37","30yr",,,,,"203057.85",,,,,,""
"2021-08-11","'3138W2KW4'","MBS","UMBS MORTPASS 3% 06/28","15yr",,,,,"203052.39",,,,,,""
"2021-08-11","'31417ED57'","MBS","UMBS MORTPASS 2.5% 12/22","Other",,,,,"203032.72",,,,,,""
"2021-08-11","'3138WFNE2'","MBS","UMBS MORTPASS 2.5% 09/30","15yr",,,,,"202993.22",,,,,,""
"2021-08-11","'3138WJV21'","MBS","UMBS MORTPASS 3.5% 11/31","15yr",,,,,"202869.7",,,,,,""
"2021-08-11","'36230UFG9'","MBS","GNMA I 3.5% 02/41","30yr",,,,,"202818.92",,,,,,""
"2021-08-11","'36296LMG2'","MBS","GNMA I 4.5% 02/39","30yr",,,,,"202698.03",,,,,,""
"2021-08-11","'3133D3E68'","MBS","UMBS MORTPASS 2.5% 01/40","Other",,,,,"202683.56",,,,,,""
"2021-08-11","'3140JLZ56'","MBS","UMBS MORTPASS 4.5% 02/49","30yr",,,,,"202590.87",,,,,,""
"2021-08-11","'36177UGP3'","MBS","GNMA I MORTPASS 4% 03/42","30yr",,,,,"202564.49",,,,,,""
"2021-08-11","'3620AKNJ1'","MBS","GNMA I MORTPASS 5% 02/40","30yr",,,,,"202452.88",,,,,,""
"2021-08-11","'31418DMM1'","MBS","UMBS MORTPASS 2% 01/30","Other",,,,,"202324.44",,,,,,""
"2021-08-11","'3620C6B95'","MBS","GNMA I 3.5% 12/40","30yr",,,,,"202322.94",,,,,,""
"2021-08-11","'3131Y2E61'","MBS","UMBS MORTPASS 4% 07/48","30yr",,,,,"202294.93",,,,,,""
"2021-08-11","'3132A7RC7'","MBS","UMBS MORTPASS 2.5% 03/23","Other",,,,,"202276.79",,,,,,""
"2021-08-11","'36177PNC5'","MBS","GNMA I 3.5% 03/42","30yr",,,,,"202196.38",,,,,,""
"2021-08-11","'36178B6K6'","MBS","GNMA I MORTPASS 3% 08/42","30yr",,,,,"202167.57",,,,,,""
"2021-08-11","'3138M95M9'","MBS","UMBS MORTPASS 2.5% 10/27","15yr",,,,,"202137.18",,,,,,""
"2021-08-11","'3620A7LP8'","MBS","GNMA I MORTPASS 5% 10/39","30yr",,,,,"202125.78",,,,,,""
"2021-08-11","'3620A45Z1'","MBS","GNMA I 4.5% 06/39","30yr",,,,,"202020.72",,,,,,""
"2021-08-11","'3128P7LM3'","MBS","FHLMCGLD 5% 11/28","Other",,,,,"201989.13",,,,,,""
"2021-08-11","'3138XYBW3'","MBS","UMBS MORTPASS 3% 01/22","Other",,,,,"201948.69",,,,,,""
"2021-08-11","'3138NX6B8'","MBS","UMBS MORTPASS 2.5% 02/28","15yr",,,,,"201940.62",,,,,,""
"2021-08-11","'31419KU86'","MBS","UMBS MORTPASS 3% 11/25","15yr",,,,,"201918.06",,,,,,""
"2021-08-11","'3138YNG50'","MBS","UMBS MORTPASS 2.5% 04/45","30yr",,,,,"201885.54",,,,,,""
"2021-08-11","'3132KETU9'","MBS","FHLMCGLD 3% 06/29","15yr",,,,,"201877.05",,,,,,""
"2021-08-11","'3140JHSF1'","MBS","UMBS MORTPASS 4% 09/48","30yr",,,,,"201798.69",,,,,,""
"2021-08-11","'36296QUV9'","MBS","GNMA I 4.5% 06/39","30yr",,,,,"201683.64",,,,,,""
"2021-08-11","'3138X2F66'","MBS","UMBS MORTPASS 3% 08/28","15yr",,,,,"201621.15",,,,,,""
"2021-08-11","'31417ESB8'","MBS","UMBS MORTPASS 2.5% 01/28","15yr",,,,,"201522.41",,,,,,""
"2021-08-11","'3138XCCF7'","MBS","UMBS MORTPASS 2.5% 11/26","15yr",,,,,"201472.02",,,,,,""
"2021-08-11","'3131Y8Y25'","MBS","UMBS MORTPASS 3% 01/34","15yr",,,,,"201395.98",,,,,,""
"2021-08-11","'3620AJLL1'","MBS","GNMA I MORTPASS 5% 03/40","30yr",,,,,"201295.19",,,,,,""
"2021-08-11","'3138ATVZ0'","MBS","UMBS MORTPASS 3% 01/27","15yr",,,,,"201283.54",,,,,,""
"2021-08-11","'36296U7G9'","MBS","GNMA I 4.5% 06/39","30yr",,,,,"201163.6",,,,,,""
"2021-08-11","'36176ERY9'","MBS","GNMA I 3.5% 02/42","30yr",,,,,"201158.85",,,,,,""
"2021-08-11","'36178V5R8'","MBS","GNMA I MORTPASS 3% 01/43","30yr",,,,,"201089.09",,,,,,""
"2021-08-11","'3128MCZ57'","MBS","FHLMCGLD 3.5% 05/26","15yr",,,,,"201084.48",,,,,,""
"2021-08-11","'3132WFPT0'","MBS","FHLMCGLD 3% 08/46","30yr",,,,,"201026.05",,,,,,""
"2021-08-11","'31292SCB4'","MBS","FHLMCGLD 3.5% 10/44","30yr",,,,,"201025.73",,,,,,""
"2021-08-11","'31418CJY1'","MBS","UMBS MORTPASS 3.5% 04/27","Other",,,,,"200992.91",,,,,,""
"2021-08-11","'36176YFV4'","MBS","GNMA I MORTPASS 4% 10/41","30yr",,,,,"200958.62",,,,,,""
"2021-08-11","'3620A7DD4'","MBS","GNMA I 4.5% 12/39","30yr",,,,,"200908.73",,,,,,""
"2021-08-11","'3140Q7NZ6'","MBS","UMBS MORTPASS 3.5% 09/47","30yr",,,,,"200836.69",,,,,,""
"2021-08-11","'31417AVB2'","MBS","UMBS MORTPASS 2.5% 01/27","15yr",,,,,"200831.43",,,,,,""
"2021-08-11","'3132KE6X8'","MBS","FHLMCGLD 2.5% 08/30","15yr",,,,,"200802.52",,,,,,""
"2021-08-11","'3620A4PS5'","MBS","GNMA I MORTPASS 5% 08/39","30yr",,,,,"200791.59",,,,,,""
"2021-08-11","'3140Q7RH2'","MBS","UMBS MORTPASS 3.5% 10/47","30yr",,,,,"200771.9",,,,,,""
"2021-08-11","'3140K0HB7'","MBS","UMBS MORTPASS 2.5% 11/34","15yr",,,,,"200674.96",,,,,,""
"2021-08-11","'31307TTK7'","MBS","FHLMCGLD 3.5% 04/32","15yr",,,,,"200642.16",,,,,,""
"2021-08-11","'31417HCK8'","MBS","UMBS MORTPASS 2% 06/23","Other",,,,,"200603.58",,,,,,""
"2021-08-11","'3140JHEC3'","MBS","UMBS MORTPASS 3.5% 03/49","30yr",,,,,"200589.28",,,,,,""
"2021-08-11","'31418AFA1'","MBS","UMBS MORTPASS 2.5% 05/27","15yr",,,,,"200510.74",,,,,,""
"2021-08-11","'3138X3TR3'","MBS","UMBS MORTPASS 2.5% 09/28","15yr",,,,,"200508.82",,,,,,""
"2021-08-11","'3138E7TS3'","MBS","UMBS MORTPASS 3% 02/27","15yr",,,,,"200489.69",,,,,,""
"2021-08-11","'3138W5FD5'","MBS","UMBS MORTPASS 3% 10/28","15yr",,,,,"200468.02",,,,,,""
"2021-08-11","'36291BCR6'","MBS","GNMA I 4.5% 02/39","30yr",,,,,"200414.01",,,,,,""
"2021-08-11","'36176XPE3'","MBS","GNMA I 3.5% 05/42","30yr",,,,,"200388.51",,,,,,""
"2021-08-11","'3140JNVU1'","MBS","UMBS MORTPASS 4.5% 04/49","30yr",,,,,"200388.09",,,,,,""
"2021-08-11","'3133A4PK6'","MBS","UMBS MORTPASS 2.5% 05/50","30yr",,,,,"200354.94",,,,,,""
"2021-08-11","'3138MKPF7'","MBS","UMBS MORTPASS 2.5% 10/27","15yr",,,,,"200328",,,,,,""
"2021-08-11","'3140H4KQ6'","MBS","UMBS MORTPASS 3% 02/33","15yr",,,,,"200263.97",,,,,,""
"2021-08-11","'3132GLCN2'","MBS","FHLMCGLD 3.5% 12/41","30yr",,,,,"200256.33",,,,,,""
"2021-08-11","'3131XXSM4'","MBS","UMBS MORTPASS 3.5% 09/47","30yr",,,,,"200197.38",,,,,,""
"2021-08-11","'3620AHEA7'","MBS","GNMA I 4.5% 12/39","30yr",,,,,"200148.14",,,,,,""
"2021-08-11","'36181RDB8'","MBS","GNMA I MORTPASS 4% 08/43","30yr",,,,,"200101.2",,,,,,""
"2021-08-11","'31417KWL7'","MBS","UMBS MORTPASS 6% 09/39","30yr",,,,,"200083.9",,,,,,""
"2021-08-11","'36297GQJ2'","MBS","GNMA I MORTPASS 4% 02/41","30yr",,,,,"199836.64",,,,,,""
"2021-08-11","'3138AUDY0'","MBS","UMBS MORTPASS 3.5% 12/41","30yr",,,,,"199808.93",,,,,,""
"2021-08-11","'3140HMG32'","MBS","UMBS MORTPASS 3% 08/33","15yr",,,,,"199802.27",,,,,,""
"2021-08-11","'3132JAVW2'","MBS","FHLMCGLD 3% 06/43","30yr",,,,,"199700.34",,,,,,""
"2021-08-11","'3138MJAS8'","MBS","UMBS MORTPASS 2.5% 10/27","15yr",,,,,"199657.77",,,,,,""
"2021-08-11","'3140E6B27'","MBS","UMBS MORTPASS 3.5% 10/45","30yr",,,,,"199622.17",,,,,,""
"2021-08-11","'3620AAQP6'","MBS","GNMA I MORTPASS 4% 07/41","30yr",,,,,"199459.58",,,,,,""
"2021-08-11","'3620ARY62'","MBS","GNMA I MORTPASS 4% 02/41","30yr",,,,,"199388.15",,,,,,""
"2021-08-11","'3138X7YQ0'","MBS","UMBS MORTPASS 3% 01/29","15yr",,,,,"199297.95",,,,,,""
"2021-08-11","'3131X8B47'","MBS","UMBS MORTPASS 2.5% 10/27","15yr",,,,,"199242.91",,,,,,""
"2021-08-11","'36230SLB8'","MBS","GNMA I MORTPASS 3% 05/42","30yr",,,,,"199210.49",,,,,,""
"2021-08-11","'3133L8D77'","MBS","UMBS MORTPASS 1.5% 04/36","15yr",,,,,"199087.91",,,,,,""
"2021-08-11","'3620AJ4Q9'","MBS","GNMA I MORTPASS 5% 01/40","30yr",,,,,"199006.96",,,,,,""
"2021-08-11","'31418B2P0'","MBS","UMBS MORTPASS 2.5% 04/26","Other",,,,,"199004.15",,,,,,""
"2021-08-11","'3133A0MR2'","MBS","UMBS MORTPASS 3% 01/50","30yr",,,,,"198945.69",,,,,,""
"2021-08-11","'3138YGN65'","MBS","UMBS MORTPASS 3% 04/45","30yr",,,,,"198926.72",,,,,,""
"2021-08-11","'3140E12D4'","MBS","UMBS MORTPASS 4% 09/45","30yr",,,,,"198829.71",,,,,,""
"2021-08-11","'3140JPFD2'","MBS","UMBS MORTPASS 3% 06/49","30yr",,,,,"198766.09",,,,,,""
"2021-08-11","'3140L6AY0'","MBS","UMBS MORTPASS 2.5% 04/51","30yr",,,,,"198569.92",,,,,,""
"2021-08-11","'3140L4C80'","MBS","UMBS MORTPASS 2.5% 03/51","30yr",,,,,"198561.28",,,,,,""
"2021-08-11","'36296FTM5'","MBS","GNMA I MORTPASS 4% 06/39","30yr",,,,,"198478.26",,,,,,""
"2021-08-11","'3132KFH47'","MBS","FHLMCGLD 2.5% 05/31","15yr",,,,,"198422.52",,,,,,""
"2021-08-11","'31418BRW8'","MBS","UMBS MORTPASS 3.5% 04/25","Other",,,,,"198415.39",,,,,,""
"2021-08-11","'36176GWM4'","MBS","GNMA I MORTPASS 4% 06/41","30yr",,,,,"198402.58",,,,,,""
"2021-08-11","'36179VDP2'","MBS","GNMA II 3.5% 01/50","30yr",,,,,"198257.44",,,,,,""
"2021-08-11","'31307JYU1'","MBS","FHLMCGLD 3% 11/29","15yr",,,,,"198160.55",,,,,,""
"2021-08-11","'3620A8VE0'","MBS","GNMA I MORTPASS 5% 01/40","30yr",,,,,"198106.43",,,,,,""
"2021-08-11","'3133KLWQ6'","MBS","UMBS MORTPASS 2% 05/51","30yr",,,,,"198074.2",,,,,,""
"2021-08-11","'3131X8WV4'","MBS","UMBS MORTPASS 2% 03/28","15yr",,,,,"198025.66",,,,,,""
"2021-08-11","'3140H7L39'","MBS","UMBS MORTPASS 4% 05/48","30yr",,,,,"197844.44",,,,,,""
"2021-08-11","'3138MHJD6'","MBS","UMBS MORTPASS 3% 10/27","15yr",,,,,"197831.12",,,,,,""
"2021-08-11","'3138ECF73'","MBS","UMBS MORTPASS 3% 03/27","15yr",,,,,"197742.92",,,,,,""
"2021-08-11","'3131X8MX1'","MBS","UMBS MORTPASS 2.5% 01/28","15yr",,,,,"197708.28",,,,,,""
"2021-08-11","'3138XVDG2'","MBS","UMBS MORTPASS 4% 05/44","30yr",,,,,"197685.33",,,,,,""
"2021-08-11","'3138WGZ31'","MBS","UMBS MORTPASS 3% 04/31","15yr",,,,,"197649.49",,,,,,""
"2021-08-11","'3131Y9ZG1'","MBS","UMBS MORTPASS 3% 02/49","30yr",,,,,"197623.92",,,,,,""
"2021-08-11","'36178LPD9'","MBS","GNMA I MORTPASS 3% 08/42","30yr",,,,,"197596.28",,,,,,""
"2021-08-11","'36297DH42'","MBS","GNMA I MORTPASS 5% 04/39","30yr",,,,,"197550.22",,,,,,""
"2021-08-11","'3132WENV0'","MBS","FHLMCGLD 4% 06/46","30yr",,,,,"197531.45",,,,,,""
"2021-08-11","'3132GMCL4'","MBS","FHLMCGLD 4% 01/42","30yr",,,,,"197458.09",,,,,,""
"2021-08-11","'3138WPSR6'","MBS","UMBS MORTPASS 2.5% 05/28","15yr",,,,,"197450.84",,,,,,""
"2021-08-11","'3128MEUY5'","MBS","FHLMCGLD 3% 04/31","15yr",,,,,"197436.91",,,,,,""
"2021-08-11","'3138APZN1'","MBS","UMBS MORTPASS 4.5% 08/41","30yr",,,,,"197422.89",,,,,,""
"2021-08-11","'3138MFHZ3'","MBS","UMBS MORTPASS 3% 11/27","15yr",,,,,"197354.33",,,,,,""
"2021-08-11","'3138YXTV7'","MBS","UMBS MORTPASS 2.5% 07/30","15yr",,,,,"197347.47",,,,,,""
"2021-08-11","'3620ABKP0'","MBS","GNMA I 4.5% 01/40","30yr",,,,,"197346.11",,,,,,""
"2021-08-11","'3140H8NJ0'","MBS","UMBS MORTPASS 3.5% 03/48","30yr",,,,,"197316.25",,,,,,""
"2021-08-11","'3140KGV26'","MBS","UMBS MORTPASS 2.5% 06/50","30yr",,,,,"197301.12",,,,,,""
"2021-08-11","'36296LNF3'","MBS","GNMA I MORTPASS 4% 04/39","30yr",,,,,"197248.72",,,,,,""
"2021-08-11","'3138XC6K3'","MBS","UMBS MORTPASS 3% 12/28","15yr",,,,,"197193.03",,,,,,""
"2021-08-11","'36297GSD3'","MBS","GNMA I 3.5% 12/41","30yr",,,,,"197185.72",,,,,,""
"2021-08-11","'3140EUE39'","MBS","UMBS MORTPASS 4% 01/46","30yr",,,,,"197113.36",,,,,,""
"2021-08-11","'3620A7B61'","MBS","GNMA I MORTPASS 5% 12/39","30yr",,,,,"197091.11",,,,,,""
"2021-08-11","'3132DMJA4'","MBS","UMBS MORTPASS 3% 01/50","30yr",,,,,"197082.57",,,,,,""
"2021-08-11","'3140HMGH1'","MBS","UMBS MORTPASS 3.5% 07/48","30yr",,,,,"197078.67",,,,,,""
"2021-08-11","'36177NNG1'","MBS","GNMA I 3.5% 04/42","30yr",,,,,"196993.43",,,,,,""
"2021-08-11","'3131X7SW9'","MBS","UMBS MORTPASS 3% 05/27","15yr",,,,,"196923.06",,,,,,""
"2021-08-11","'3620ACGR9'","MBS","GNMA I MORTPASS 5% 01/40","30yr",,,,,"196910.35",,,,,,""
"2021-08-11","'3138W5YA0'","MBS","UMBS MORTPASS 3% 03/28","15yr",,,,,"196860.37",,,,,,""
"2021-08-11","'312945DQ8'","MBS","FHLMCGLD 4% 01/41","30yr",,,,,"196828.77",,,,,,""
"2021-08-11","'3140HEFU1'","MBS","UMBS MORTPASS 3.5% 07/48","30yr",,,,,"196687.73",,,,,,""
"2021-08-11","'3138MQUY7'","MBS","UMBS MORTPASS 2.5% 12/27","15yr",,,,,"196576.62",,,,,,""
"2021-08-11","'3131X7LK2'","MBS","UMBS MORTPASS 3% 02/27","15yr",,,,,"196570.93",,,,,,""
"2021-08-11","'3128M5XK1'","MBS","FHLMCGLD 5% 03/38","30yr",,,,,"196549.71",,,,,,""
"2021-08-11","'3140JGV28'","MBS","UMBS MORTPASS 4% 09/48","30yr",,,,,"196547.73",,,,,,""
"2021-08-11","'36178MAM3'","MBS","GNMA I 3.5% 10/42","30yr",,,,,"196499.61",,,,,,""
"2021-08-11","'3132A7ZD6'","MBS","UMBS MORTPASS 2.5% 11/24","Other",,,,,"196427.4",,,,,,""
"2021-08-11","'36296YBA9'","MBS","GNMA I MORTPASS 5% 12/39","30yr",,,,,"196377.55",,,,,,""
"2021-08-11","'3140K2DA9'","MBS","UMBS MORTPASS 2.5% 11/49","30yr",,,,,"196353.73",,,,,,""
"2021-08-11","'3138W7VY7'","MBS","UMBS MORTPASS 3% 03/28","15yr",,,,,"196327",,,,,,""
"2021-08-11","'31389ECQ6'","MBS","UMBS MORTPASS 6.5% 09/24","30yr",,,,,"196292.09",,,,,,""
"2021-08-11","'36297C3T4'","MBS","GNMA I 4.5% 02/39","30yr",,,,,"196014.2",,,,,,""
"2021-08-11","'3131X8LZ7'","MBS","UMBS MORTPASS 2% 01/23","Other",,,,,"195981.89",,,,,,""
"2021-08-11","'3138Y7PA4'","MBS","UMBS MORTPASS 3% 10/44","30yr",,,,,"195969.52",,,,,,""
"2021-08-11","'3140JWQJ2'","MBS","UMBS MORTPASS 3% 10/49","30yr",,,,,"195932.88",,,,,,""
"2021-08-11","'31418BJF4'","MBS","UMBS MORTPASS 3% 10/29","15yr",,,,,"195855.67",,,,,,""
"2021-08-11","'3131X9D84'","MBS","UMBS MORTPASS 3% 05/23","Other",,,,,"195755.35",,,,,,""
"2021-08-11","'3138XDAW0'","MBS","UMBS MORTPASS 3.5% 12/28","15yr",,,,,"195746.94",,,,,,""
"2021-08-11","'3138MRDF5'","MBS","UMBS MORTPASS 3% 12/27","15yr",,,,,"195714.95",,,,,,""
"2021-08-11","'3131Y3RJ7'","MBS","UMBS MORTPASS 4.5% 10/48","30yr",,,,,"195710.11",,,,,,""
"2021-08-11","'3138ECF32'","MBS","UMBS MORTPASS 3% 03/27","15yr",,,,,"195693.29",,,,,,""
"2021-08-11","'3131X7BF4'","MBS","UMBS MORTPASS 3% 11/26","15yr",,,,,"195685.58",,,,,,""
"2021-08-11","'3140X92S3'","MBS","UMBS MORTPASS 2% 03/51","30yr",,,,,"195587.96",,,,,,""
"2021-08-11","'3140HJL74'","MBS","UMBS MORTPASS 4% 05/48","30yr",,,,,"195559.8",,,,,,""
"2021-08-11","'36180B5Q0'","MBS","GNMA I MORTPASS 3% 02/43","30yr",,,,,"195471.11",,,,,,""
"2021-08-11","'3128MJY38'","MBS","FHLMCGLD 4.5% 09/46","30yr",,,,,"195466.27",,,,,,""
"2021-08-11","'3140JKYY6'","MBS","UMBS MORTPASS 4% 01/49","30yr",,,,,"195444.09",,,,,,""
"2021-08-11","'31417QLK8'","MBS","UMBS MORTPASS 4% 10/24","15yr",,,,,"195326.42",,,,,,""
"2021-08-11","'3140H6N88'","MBS","UMBS MORTPASS 4% 02/48","30yr",,,,,"195250.43",,,,,,""
"2021-08-11","'36296YSH6'","MBS","GNMA I MORTPASS 4% 03/39","30yr",,,,,"195225.42",,,,,,""
"2021-08-11","'3128Q0C54'","MBS","FHLMCGLD 3.5% 05/27","15yr",,,,,"195192.25",,,,,,""
"2021-08-11","'31417D5C3'","MBS","UMBS MORTPASS 2.5% 12/27","15yr",,,,,"195151.4",,,,,,""
"2021-08-11","'3140H73R6'","MBS","UMBS MORTPASS 3.5% 02/48","30yr",,,,,"195095.39",,,,,,""
"2021-08-11","'36296JPY5'","MBS","GNMA I 4.5% 06/39","30yr",,,,,"195041.61",,,,,,""
"2021-08-11","'3138LVA37'","MBS","UMBS MORTPASS 3% 06/27","15yr",,,,,"194981.65",,,,,,""
"2021-08-11","'3132QQPD8'","MBS","FHLMCGLD 3.5% 06/45","30yr",,,,,"194968.61",,,,,,""
"2021-08-11","'3140HPWZ6'","MBS","UMBS MORTPASS 4% 11/48","30yr",,,,,"194865.51",,,,,,""
"2021-08-11","'36176XB81'","MBS","GNMA I 3.5% 02/42","30yr",,,,,"194741.54",,,,,,""
"2021-08-11","'36230SHS6'","MBS","GNMA I MORTPASS 4% 08/41","30yr",,,,,"194652.85",,,,,,""
"2021-08-11","'36297GMZ0'","MBS","GNMA I MORTPASS 4% 12/39","30yr",,,,,"194592.3",,,,,,""
"2021-08-11","'36296HPF0'","MBS","GNMA I MORTPASS 4% 08/41","30yr",,,,,"194543.46",,,,,,""
"2021-08-11","'36297DMC8'","MBS","GNMA I MORTPASS 5% 04/39","30yr",,,,,"194530.15",,,,,,""
"2021-08-11","'3620AGS97'","MBS","GNMA I 4.5% 01/40","30yr",,,,,"194526.64",,,,,,""
"2021-08-11","'3131Y9BS1'","MBS","UMBS MORTPASS 4.5% 01/49","30yr",,,,,"194521.19",,,,,,""
"2021-08-11","'3620A5ZM4'","MBS","GNMA I MORTPASS 5% 10/39","30yr",,,,,"194515.07",,,,,,""
"2021-08-11","'3138MAA73'","MBS","UMBS MORTPASS 3.5% 09/42","30yr",,,,,"194388.94",,,,,,""
"2021-08-11","'31418CHP2'","MBS","UMBS MORTPASS 4% 03/37","Other",,,,,"194280.4",,,,,,""
"2021-08-11","'3128PS6T9'","MBS","FHLMCGLD 3.5% 11/25","15yr",,,,,"194279.98",,,,,,""
"2021-08-11","'36297BX63'","MBS","GNMA I 4.5% 02/39","30yr",,,,,"194262.96",,,,,,""
"2021-08-11","'3140JVMH2'","MBS","UMBS MORTPASS 4.5% 06/49","30yr",,,,,"194151.96",,,,,,""
"2021-08-11","'3131XLZ91'","MBS","UMBS MORTPASS 2.5% 02/43","30yr",,,,,"193925.97",,,,,,""
"2021-08-11","'36177YRH1'","MBS","GNMA I 3.5% 05/42","30yr",,,,,"193871.71",,,,,,""
"2021-08-11","'3132A7QR5'","MBS","UMBS MORTPASS 2.5% 07/23","Other",,,,,"193861.7",,,,,,""
"2021-08-11","'3140Q9VM2'","MBS","UMBS MORTPASS 4.5% 10/48","30yr",,,,,"193806.93",,,,,,""
"2021-08-11","'3132A8VQ9'","MBS","UMBS MORTPASS 3% 08/28","15yr",,,,,"193757.48",,,,,,""
"2021-08-11","'3138YWNQ6'","MBS","UMBS MORTPASS 2.5% 08/30","15yr",,,,,"193723.19",,,,,,""
"2021-08-11","'3128MMVS9'","MBS","FHLMCGLD 3.5% 12/31","15yr",,,,,"193660.36",,,,,,""
"2021-08-11","'31335ACR7'","MBS","FHLMCGLD 3.5% 06/45","30yr",,,,,"193620.13",,,,,,""
"2021-08-11","'3140H6DS5'","MBS","UMBS MORTPASS 3.5% 02/48","30yr",,,,,"193614.69",,,,,,""
"2021-08-11","'36179RBU2'","MBS","GNMA II MORTPASS 2% 08/44","30yr",,,,,"193581.6",,,,,,""
"2021-08-11","'36176E4U2'","MBS","GNMA I 3.5% 11/41","30yr",,,,,"193490.23",,,,,,""
"2021-08-11","'31418BML7'","MBS","UMBS MORTPASS 3.5% 01/25","Other",,,,,"193464.14",,,,,,""
"2021-08-11","'3138WCB69'","MBS","UMBS MORTPASS 2.5% 07/24","Other",,,,,"193434.23",,,,,,""
"2021-08-11","'3140KMTG5'","MBS","UMBS MORTPASS 2% 09/50","30yr",,,,,"193410.51",,,,,,""
"2021-08-11","'3138Y3YR6'","MBS","UMBS MORTPASS 2.5% 10/24","Other",,,,,"193307.46",,,,,,""
"2021-08-11","'3620C16L5'","MBS","GNMA I MORTPASS 4% 12/40","30yr",,,,,"193283.75",,,,,,""
"2021-08-11","'31368HMU4'","MBS","UMBS MORTPASS 6.5% 07/36","30yr",,,,,"193270.13",,,,,,""
"2021-08-11","'31417GM60'","MBS","UMBS MORTPASS 3.5% 04/43","30yr",,,,,"193252.22",,,,,,""
"2021-08-11","'3138YLEM9'","MBS","UMBS MORTPASS 2.5% 04/30","15yr",,,,,"193177.51",,,,,,""
"2021-08-11","'3138XUCK6'","MBS","UMBS MORTPASS 3.5% 06/29","15yr",,,,,"192952.19",,,,,,""
"2021-08-11","'31416SQD6'","MBS","UMBS MORTPASS 4.5% 07/24","15yr",,,,,"192936.87",,,,,,""
"2021-08-11","'3131X7M54'","MBS","UMBS MORTPASS 2.5% 04/22","Other",,,,,"192920.55",,,,,,""
"2021-08-11","'3132L6YJ4'","MBS","FHLMCGLD 3.5% 03/45","30yr",,,,,"192832.39",,,,,,""
"2021-08-11","'3138WGVM3'","MBS","UMBS MORTPASS 3.5% 03/31","15yr",,,,,"192819.99",,,,,,""
"2021-08-11","'3620AVP97'","MBS","GNMA I MORTPASS 5% 04/40","30yr",,,,,"192753.42",,,,,,""
"2021-08-11","'3140HMGN8'","MBS","UMBS MORTPASS 3.5% 08/48","30yr",,,,,"192751.4",,,,,,""
"2021-08-11","'36209FVY2'","MBS","GNMA I MORTPASS 4% 09/41","30yr",,,,,"192699.81",,,,,,""
"2021-08-11","'31418CQN7'","MBS","UMBS MORTPASS 3.5% 10/27","Other",,,,,"192637.54",,,,,,""
"2021-08-11","'3132QN5V7'","MBS","FHLMCGLD 3% 04/45","30yr",,,,,"192587.1",,,,,,""
"2021-08-11","'31417BRN9'","MBS","UMBS MORTPASS 2.5% 04/27","15yr",,,,,"192338.94",,,,,,""
"2021-08-11","'3138Y6X74'","MBS","UMBS MORTPASS 3.5% 10/29","15yr",,,,,"192288.25",,,,,,""
"2021-08-11","'36202E2A6'","MBS","GNMA II MORTPASS 5% 02/39","30yr",,,,,"192226.5",,,,,,""
"2021-08-11","'3131X8XS0'","MBS","UMBS MORTPASS 2% 03/23","Other",,,,,"192219.66",,,,,,""
"2021-08-11","'3138NW6W4'","MBS","UMBS MORTPASS 2% 12/27","15yr",,,,,"192186.8",,,,,,""
"2021-08-11","'312933E75'","MBS","FHLMCGLD 5% 05/39","30yr",,,,,"192185.21",,,,,,""
"2021-08-11","'36177WJN1'","MBS","GNMA I MORTPASS 3% 05/42","30yr",,,,,"192143.23",,,,,,""
"2021-08-11","'3132AECK0'","MBS","UMBS MORTPASS 2.5% 04/34","15yr",,,,,"192077.13",,,,,,""
"2021-08-11","'36297ACT8'","MBS","GNMA I MORTPASS 4% 08/39","30yr",,,,,"191954.38",,,,,,""
"2021-08-11","'3138M54K2'","MBS","UMBS MORTPASS 2.5% 08/27","15yr",,,,,"191949.17",,,,,,""
"2021-08-11","'3620A3GR9'","MBS","GNMA I 4.5% 11/39","30yr",,,,,"191902.81",,,,,,""
"2021-08-11","'3133ABXM7'","MBS","UMBS MORTPASS 2.5% 10/50","30yr",,,,,"191879.68",,,,,,""
"2021-08-11","'36296YSQ6'","MBS","GNMA I MORTPASS 4% 04/39","30yr",,,,,"191876.29",,,,,,""
"2021-08-11","'3132JBLH4'","MBS","FHLMCGLD 3.5% 06/43","30yr",,,,,"191853.89",,,,,,""
"2021-08-11","'3138WC3L5'","MBS","UMBS MORTPASS 2.5% 09/29","15yr",,,,,"191846.28",,,,,,""
"2021-08-11","'31307VQ90'","MBS","FHLMCGLD 3% 01/33","15yr",,,,,"191844.13",,,,,,""
"2021-08-11","'3140HA5L0'","MBS","UMBS MORTPASS 3.5% 02/33","15yr",,,,,"191814.33",,,,,,""
"2021-08-11","'3138MCXC3'","MBS","UMBS MORTPASS 2% 10/27","15yr",,,,,"191645.39",,,,,,""
"2021-08-11","'3620A4W81'","MBS","GNMA I MORTPASS 5% 10/39","30yr",,,,,"191624.29",,,,,,""
"2021-08-11","'3138E8KR2'","MBS","UMBS MORTPASS 3% 03/27","15yr",,,,,"191547.71",,,,,,""
"2021-08-11","'31418AJM1'","MBS","UMBS MORTPASS 2.5% 09/27","15yr",,,,,"191545.63",,,,,,""
"2021-08-11","'3132D6NS5'","MBS","UMBS MORTPASS 2% 08/35","15yr",,,,,"191412.19",,,,,,""
"2021-08-11","'3128MMSK0'","MBS","FHLMCGLD 3.5% 08/29","15yr",,,,,"191369.3",,,,,,""
"2021-08-11","'3138AXCM1'","MBS","UMBS MORTPASS 3% 10/26","15yr",,,,,"191313.93",,,,,,""
"2021-08-11","'36230NVK8'","MBS","GNMA I MORTPASS 4% 09/41","30yr",,,,,"191270.23",,,,,,""
"2021-08-11","'3132QTHA7'","MBS","FHLMCGLD 4.5% 10/45","30yr",,,,,"191210.83",,,,,,""
"2021-08-11","'3138W5AS7'","MBS","UMBS MORTPASS 3% 05/43","30yr",,,,,"191195.63",,,,,,""
"2021-08-11","'3140KRRB7'","MBS","UMBS MORTPASS 2.5% 11/50","30yr",,,,,"191163.56",,,,,,""
"2021-08-11","'3131X7EQ7'","MBS","UMBS MORTPASS 3% 12/26","15yr",,,,,"191131.11",,,,,,""
"2021-08-11","'3133KYR43'","MBS","UMBS MORTPASS 3.5% 09/39","Other",,,,,"191116.13",,,,,,""
"2021-08-11","'3138Y1CQ6'","MBS","UMBS MORTPASS 3.5% 08/29","15yr",,,,,"191056.49",,,,,,""
"2021-08-11","'3140HN4E9'","MBS","UMBS MORTPASS 4% 08/48","30yr",,,,,"191043.99",,,,,,""
"2021-08-11","'3140L4WC9'","MBS","UMBS MORTPASS 2% 02/51","30yr",,,,,"191000.07",,,,,,""
"2021-08-11","'31307W3C6'","MBS","FHLMCGLD 3.5% 11/33","15yr",,,,,"190968.52",,,,,,""
"2021-08-11","'3140H8VP7'","MBS","UMBS MORTPASS 3.5% 07/48","30yr",,,,,"190874.2",,,,,,""
"2021-08-11","'3138ELFD0'","MBS","UMBS MORTPASS 3.5% 05/28","15yr",,,,,"190787.73",,,,,,""
"2021-08-11","'3620AAU55'","MBS","GNMA I MORTPASS 5% 08/39","30yr",,,,,"190755.76",,,,,,""
"2021-08-11","'3138E73M4'","MBS","UMBS MORTPASS 3.5% 02/27","15yr",,,,,"190691.15",,,,,,""
"2021-08-11","'31418CK45'","MBS","UMBS MORTPASS 3.5% 05/27","Other",,,,,"190242.36",,,,,,""
"2021-08-11","'31417BFF9'","MBS","UMBS MORTPASS 2.5% 03/27","15yr",,,,,"190219.84",,,,,,""
"2021-08-11","'3133G7F40'","MBS","UMBS MORTPASS 3% 12/34","15yr",,,,,"190146.3",,,,,,""
"2021-08-11","'3620A6QZ3'","MBS","GNMA I MORTPASS 5% 09/39","30yr",,,,,"190014.9",,,,,,""
"2021-08-11","'3138XWFF0'","MBS","UMBS MORTPASS 3% 06/29","15yr",,,,,"189899.47",,,,,,""
"2021-08-11","'3132M4Y82'","MBS","FHLMCGLD 4% 02/44","30yr",,,,,"189891.95",,,,,,""
"2021-08-11","'31329KRN6'","MBS","UMBS MORTPASS 2.5% 02/33","Other",,,,,"189831.83",,,,,,""
"2021-08-11","'3620ABF50'","MBS","GNMA I MORTPASS 5% 09/39","30yr",,,,,"189727.13",,,,,,""
"2021-08-11","'36297FHJ4'","MBS","GNMA I MORTPASS 4% 06/39","30yr",,,,,"189720.58",,,,,,""
"2021-08-11","'36295LTE1'","MBS","GNMA I MORTPASS 6% 01/39","30yr",,,,,"189694.72",,,,,,""
"2021-08-11","'3138LVHD8'","MBS","UMBS MORTPASS 3% 08/42","30yr",,,,,"189651.56",,,,,,""
"2021-08-11","'36178QEB4'","MBS","GNMA I MORTPASS 3% 08/42","30yr",,,,,"189646.79",,,,,,""
"2021-08-11","'3131X9KL7'","MBS","UMBS MORTPASS 2.5% 07/23","Other",,,,,"189627.1",,,,,,""
"2021-08-11","'3140HJRK9'","MBS","UMBS MORTPASS 3.5% 05/33","15yr",,,,,"189616.64",,,,,,""
"2021-08-11","'3138YB6R9'","MBS","UMBS MORTPASS 3% 04/45","30yr",,,,,"189451.77",,,,,,""
"2021-08-11","'3620AKXF8'","MBS","GNMA I MORTPASS 5% 02/40","30yr",,,,,"189254.37",,,,,,""
"2021-08-11","'31417GYT7'","MBS","UMBS MORTPASS 2% 06/28","15yr",,,,,"189248.01",,,,,,""
"2021-08-11","'36176LVK8'","MBS","GNMA I MORTPASS 4% 08/41","30yr",,,,,"189231.48",,,,,,""
"2021-08-11","'31307GFK0'","MBS","FHLMCGLD 3% 02/29","15yr",,,,,"189223.27",,,,,,""
"2021-08-11","'36178YWL5'","MBS","GNMA I MORTPASS 3% 01/43","30yr",,,,,"189190.51",,,,,,""
"2021-08-11","'31307JVZ3'","MBS","FHLMCGLD 3.5% 10/29","15yr",,,,,"189151.06",,,,,,""
"2021-08-11","'3140Q7KF3'","MBS","UMBS MORTPASS 3% 09/32","15yr",,,,,"189033.94",,,,,,""
"2021-08-11","'3140HD4H4'","MBS","UMBS MORTPASS 3.5% 02/33","15yr",,,,,"189011.98",,,,,,""
"2021-08-11","'36177TAF4'","MBS","GNMA I 3.5% 03/42","30yr",,,,,"188951.78",,,,,,""
"2021-08-11","'31416XHZ6'","MBS","UMBS MORTPASS 3% 01/26","15yr",,,,,"188887.66",,,,,,""
"2021-08-11","'3138A9P65'","MBS","UMBS MORTPASS 3% 10/26","15yr",,,,,"188849.7",,,,,,""
"2021-08-11","'3140FR6S9'","MBS","UMBS MORTPASS 3.5% 07/32","15yr",,,,,"188816.97",,,,,,""
"2021-08-11","'3132QPE91'","MBS","FHLMCGLD 3.5% 04/45","30yr",,,,,"188732.66",,,,,,""
"2021-08-11","'36297CU64'","MBS","GNMA I 4.5% 10/39","30yr",,,,,"188713.55",,,,,,""
"2021-08-11","'31307UMM7'","MBS","FHLMCGLD 2.5% 09/32","15yr",,,,,"188530.26",,,,,,""
"2021-08-11","'3140E7YV6'","MBS","UMBS MORTPASS 4% 10/45","30yr",,,,,"188460.96",,,,,,""
"2021-08-11","'36176E2M2'","MBS","GNMA I MORTPASS 4% 09/41","30yr",,,,,"188458.71",,,,,,""
"2021-08-11","'3140E8KU1'","MBS","UMBS MORTPASS 3.5% 11/45","30yr",,,,,"188394.25",,,,,,""
"2021-08-11","'3131XY4U0'","MBS","UMBS MORTPASS 3.5% 01/48","30yr",,,,,"188360.96",,,,,,""
"2021-08-11","'3620A4G71'","MBS","GNMA I MORTPASS 5% 03/40","30yr",,,,,"188329.62",,,,,,""
"2021-08-11","'36181REN1'","MBS","GNMA I MORTPASS 4% 09/43","30yr",,,,,"188201.16",,,,,,""
"2021-08-11","'3620A8T29'","MBS","GNMA I 4.5% 08/39","30yr",,,,,"188161.36",,,,,,""
"2021-08-11","'3138EDFZ9'","MBS","UMBS MORTPASS 3% 06/27","15yr",,,,,"188112.95",,,,,,""
"2021-08-11","'3138E7J62'","MBS","UMBS MORTPASS 3% 05/27","15yr",,,,,"188061.62",,,,,,""
"2021-08-11","'312939UJ8'","MBS","FHLMCGLD 4.5% 03/40","30yr",,,,,"188035.38",,,,,,""
"2021-08-11","'36297CQX0'","MBS","GNMA I MORTPASS 5% 11/39","30yr",,,,,"188028.47",,,,,,""
"2021-08-11","'3620ABJB3'","MBS","GNMA I 3.5% 08/42","30yr",,,,,"187869.95",,,,,,""
"2021-08-11","'36202EVM8'","MBS","GNMA II MORTPASS 5% 08/38","30yr",,,,,"187857.1",,,,,,""
"2021-08-11","'36297GZ78'","MBS","GNMA I 4.5% 05/39","30yr",,,,,"187814.4",,,,,,""
"2021-08-11","'36296YPZ9'","MBS","GNMA I 4.5% 08/39","30yr",,,,,"187738.55",,,,,,""
"2021-08-11","'31417D6E8'","MBS","UMBS MORTPASS 3% 11/27","15yr",,,,,"187698.75",,,,,,""
"2021-08-11","'31307VZP4'","MBS","FHLMCGLD 3.5% 04/33","15yr",,,,,"187479.55",,,,,,""
"2021-08-11","'3128MFHF8'","MBS","FHLMCGLD 3.5% 08/32","15yr",,,,,"187460.61",,,,,,""
"2021-08-11","'3138W1ZD2'","MBS","UMBS MORTPASS 2.5% 05/28","15yr",,,,,"187450.03",,,,,,""
"2021-08-11","'3140QE6M9'","MBS","UMBS MORTPASS 2% 09/35","15yr",,,,,"187444.79",,,,,,""
"2021-08-11","'3620ADE73'","MBS","GNMA I MORTPASS 5% 09/39","30yr",,,,,"187358.12",,,,,,""
"2021-08-11","'3138LXY29'","MBS","UMBS MORTPASS 3% 06/27","15yr",,,,,"187296.86",,,,,,""
"2021-08-11","'3140E6M66'","MBS","UMBS MORTPASS 2.5% 11/30","15yr",,,,,"187266.39",,,,,,""
"2021-08-11","'3140J83Q4'","MBS","UMBS MORTPASS 2.5% 09/28","15yr",,,,,"187265.76",,,,,,""
"2021-08-11","'3131YCDZ6'","MBS","UMBS MORTPASS 3% 02/48","30yr",,,,,"187259.8",,,,,,""
"2021-08-11","'3140X9FL4'","MBS","UMBS MORTPASS 2% 01/36","15yr",,,,,"187201.17",,,,,,""
"2021-08-11","'3620A1SX7'","MBS","GNMA I 4.5% 08/39","30yr",,,,,"187085.95",,,,,,""
"2021-08-11","'3138ELQL0'","MBS","UMBS MORTPASS 3% 07/23","Other",,,,,"187028.58",,,,,,""
"2021-08-11","'3138M7MA0'","MBS","UMBS MORTPASS 3% 09/27","15yr",,,,,"186939.55",,,,,,""
"2021-08-11","'3128MEC33'","MBS","FHLMCGLD 3.5% 02/30","15yr",,,,,"186888.01",,,,,,""
"2021-08-11","'3133G9BJ7'","MBS","UMBS MORTPASS 1.5% 07/35","15yr",,,,,"186862.44",,,,,,""
"2021-08-11","'31339UTX8'","MBS","UMBS MORTPASS 3% 11/49","30yr",,,,,"186796.35",,,,,,""
"2021-08-11","'3140FS5F6'","MBS","UMBS MORTPASS 3% 02/32","15yr",,,,,"186771.79",,,,,,""
"2021-08-11","'36179R4C0'","MBS","GNMA II 2.5% 03/46","30yr",,,,,"186671.5",,,,,,""
"2021-08-11","'36178DLP4'","MBS","GNMA I 3.5% 10/42","30yr",,,,,"186640.9",,,,,,""
"2021-08-11","'3138XRXR5'","MBS","UMBS MORTPASS 3.5% 06/29","15yr",,,,,"186523.78",,,,,,""
"2021-08-11","'31335BAW6'","MBS","FHLMCGLD 4.5% 02/47","30yr",,,,,"186522.45",,,,,,""
"2021-08-11","'31418CAF1'","MBS","UMBS MORTPASS 3% 08/46","30yr",,,,,"186451.75",,,,,,""
"2021-08-11","'36230RVW3'","MBS","GNMA I 3.5% 11/40","30yr",,,,,"186413.96",,,,,,""
"2021-08-11","'31418CUB8'","MBS","UMBS MORTPASS 4% 02/48","30yr",,,,,"186389.72",,,,,,""
"2021-08-11","'31329MMC1'","MBS","UMBS MORTPASS 2% 03/33","15yr",,,,,"186333",,,,,,""
"2021-08-11","'3140JLQQ0'","MBS","UMBS MORTPASS 4% 12/48","30yr",,,,,"186322.24",,,,,,""
"2021-08-11","'3128MCBD6'","MBS","FHLMCGLD 4.5% 02/24","15yr",,,,,"186293.42",,,,,,""
"2021-08-11","'36201DWN8'","MBS","GNMA I 3.5% 11/41","30yr",,,,,"186284.97",,,,,,""
"2021-08-11","'3132QP2P8'","MBS","FHLMCGLD 3% 05/45","30yr",,,,,"186236.94",,,,,,""
"2021-08-11","'3138W2J97'","MBS","UMBS MORTPASS 3% 04/28","15yr",,,,,"186143.46",,,,,,""
"2021-08-11","'3140JJMU0'","MBS","UMBS MORTPASS 4% 10/48","30yr",,,,,"186085.69",,,,,,""
"2021-08-11","'3138WHVK5'","MBS","UMBS MORTPASS 2.5% 08/46","30yr",,,,,"186066.12",,,,,,""
"2021-08-11","'31418B3S3'","MBS","UMBS MORTPASS 3% 05/46","30yr",,,,,"186043.18",,,,,,""
"2021-08-11","'31417DMD2'","MBS","UMBS MORTPASS 2.5% 10/27","15yr",,,,,"186018.23",,,,,,""
"2021-08-11","'36176HTV6'","MBS","GNMA I 3.5% 05/42","30yr",,,,,"185985.68",,,,,,""
"2021-08-11","'3620C4ZM5'","MBS","GNMA I MORTPASS 4% 11/40","30yr",,,,,"185944.04",,,,,,""
"2021-08-11","'31404EUF1'","MBS","UMBS MORTPASS 5.5% 03/34","30yr",,,,,"185887.15",,,,,,""
"2021-08-11","'31307JDG5'","MBS","FHLMCGLD 3.5% 08/29","15yr",,,,,"185792.82",,,,,,""
"2021-08-11","'31417A6V6'","MBS","UMBS MORTPASS 3% 02/27","15yr",,,,,"185786.72",,,,,,""
"2021-08-11","'3140L0DR5'","MBS","UMBS MORTPASS 2% 01/51","30yr",,,,,"185777.53",,,,,,""
"2021-08-11","'3138ATVJ6'","MBS","UMBS MORTPASS 3% 11/26","15yr",,,,,"185725.12",,,,,,""
"2021-08-11","'36176W2P5'","MBS","GNMA I MORTPASS 4% 12/41","30yr",,,,,"185700.55",,,,,,""
"2021-08-11","'3138XTKM6'","MBS","UMBS MORTPASS 3% 06/29","15yr",,,,,"185671.05",,,,,,""
"2021-08-11","'3140JKXM3'","MBS","UMBS MORTPASS 4.5% 01/49","30yr",,,,,"185611.76",,,,,,""
"2021-08-11","'36296LL99'","MBS","GNMA I 4.5% 02/39","30yr",,,,,"185544.96",,,,,,""
"2021-08-11","'3138YSQK5'","MBS","UMBS MORTPASS 2.5% 06/30","15yr",,,,,"185542.9",,,,,,""
"2021-08-11","'36297G4E7'","MBS","GNMA I MORTPASS 5% 04/39","30yr",,,,,"185502.57",,,,,,""
"2021-08-11","'36292C3J1'","MBS","GNMA I 5.5% 06/38","30yr",,,,,"185487.6",,,,,,""
"2021-08-11","'3140H4YR9'","MBS","UMBS MORTPASS 3% 01/33","15yr",,,,,"185445.98",,,,,,""
"2021-08-11","'36177TTH0'","MBS","GNMA I 3.5% 05/42","30yr",,,,,"185425.2",,,,,,""
"2021-08-11","'3133AKKF6'","MBS","UMBS MORTPASS 1.5% 04/51","30yr",,,,,"185415.77",,,,,,""
"2021-08-11","'3138XK3Q5'","MBS","UMBS MORTPASS 3.5% 02/44","30yr",,,,,"185214.48",,,,,,""
"2021-08-11","'3131X9DK7'","MBS","UMBS MORTPASS 2% 05/23","Other",,,,,"185206.68",,,,,,""
"2021-08-11","'3132A9RK5'","MBS","UMBS MORTPASS 2.5% 12/30","15yr",,,,,"185161.05",,,,,,""
"2021-08-11","'3138WFAK2'","MBS","UMBS MORTPASS 2.5% 07/30","15yr",,,,,"185099.86",,,,,,""
"2021-08-11","'3140JPK95'","MBS","UMBS MORTPASS 3.5% 05/49","30yr",,,,,"185096.46",,,,,,""
"2021-08-11","'31412N6P6'","MBS","UMBS MORTPASS 5% 03/39","30yr",,,,,"185047.49",,,,,,""
"2021-08-11","'3138EQLM2'","MBS","UMBS MORTPASS 3% 09/28","15yr",,,,,"184981.84",,,,,,""
"2021-08-11","'3138YKTW3'","MBS","UMBS MORTPASS 2.5% 06/30","15yr",,,,,"184975.12",,,,,,""
"2021-08-11","'31335HY49'","MBS","FHLMCGLD 5% 11/23","Other",,,,,"184912.94",,,,,,""
"2021-08-11","'3620A1UC0'","MBS","GNMA I MORTPASS 5% 11/39","30yr",,,,,"184721.35",,,,,,""
"2021-08-11","'3140XAFV9'","MBS","UMBS MORTPASS 2.5% 03/51","30yr",,,,,"184507.81",,,,,,""
"2021-08-11","'3140E7KM1'","MBS","UMBS MORTPASS 3.5% 11/30","15yr",,,,,"184402.38",,,,,,""
"2021-08-11","'3132ACMU1'","MBS","UMBS MORTPASS 4.5% 05/48","30yr",,,,,"184363.86",,,,,,""
"2021-08-11","'3620A7XA8'","MBS","GNMA I MORTPASS 5% 11/39","30yr",,,,,"184360.47",,,,,,""
"2021-08-11","'36295T7L2'","MBS","GNMA I MORTPASS 5% 12/39","30yr",,,,,"184216.14",,,,,,""
"2021-08-11","'3132A8MK2'","MBS","UMBS MORTPASS 2.5% 08/23","Other",,,,,"184091.99",,,,,,""
"2021-08-11","'3140JKYL4'","MBS","UMBS MORTPASS 3% 01/34","15yr",,,,,"184076.83",,,,,,""
"2021-08-11","'36296LM31'","MBS","GNMA I MORTPASS 4% 03/39","30yr",,,,,"184044.25",,,,,,""
"2021-08-11","'31418NGN4'","MBS","UMBS MORTPASS 4% 02/25","15yr",,,,,"183934.51",,,,,,""
"2021-08-11","'3140K5J57'","MBS","UMBS MORTPASS 2.5% 02/35","15yr",,,,,"183905.85",,,,,,""
"2021-08-11","'3140FCWQ7'","MBS","UMBS MORTPASS 4% 11/46","30yr",,,,,"183816.18",,,,,,""
"2021-08-11","'3138YL7M7'","MBS","UMBS MORTPASS 3% 04/45","30yr",,,,,"183786.58",,,,,,""
"2021-08-11","'3140JRXF3'","MBS","UMBS MORTPASS 4.5% 04/49","30yr",,,,,"183722.82",,,,,,""
"2021-08-11","'3138LXDX4'","MBS","UMBS MORTPASS 2.5% 07/27","15yr",,,,,"183705.53",,,,,,""
"2021-08-11","'3138E1P76'","MBS","UMBS MORTPASS 3% 01/27","15yr",,,,,"183668.21",,,,,,""
"2021-08-11","'3131Y2TU2'","MBS","UMBS MORTPASS 4.5% 08/48","30yr",,,,,"183651.38",,,,,,""
"2021-08-11","'31418SRQ4'","MBS","UMBS MORTPASS 5% 07/40","30yr",,,,,"183644.99",,,,,,""
"2021-08-11","'3138WD7B1'","MBS","UMBS MORTPASS 2.5% 03/30","15yr",,,,,"183546.74",,,,,,""
"2021-08-11","'31334WD81'","MBS","UMBS MORTPASS 3.5% 06/49","30yr",,,,,"183516.16",,,,,,""
"2021-08-11","'3131YBXY9'","MBS","UMBS MORTPASS 2.5% 05/34","15yr",,,,,"183508.5",,,,,,""
"2021-08-11","'3128PX5B8'","MBS","FHLMCGLD 3% 02/22","15yr",,,,,"183484.15",,,,,,""
"2021-08-11","'3138Y9AR9'","MBS","UMBS MORTPASS 3% 11/29","15yr",,,,,"183323.3",,,,,,""
"2021-08-11","'31418CMF8'","MBS","UMBS MORTPASS 3.5% 07/47","30yr",,,,,"183289.52",,,,,,""
"2021-08-11","'3140Q93G6'","MBS","UMBS MORTPASS 4% 11/48","30yr",,,,,"183147.88",,,,,,""
"2021-08-11","'3138WZJ94'","MBS","UMBS MORTPASS 3% 07/28","15yr",,,,,"183130.01",,,,,,""
"2021-08-11","'3128E5WM7'","MBS","FHLMCGLD 4% 08/31","Other",,,,,"183041.98",,,,,,""
"2021-08-11","'3132CWDW1'","MBS","UMBS MORTPASS 2.5% 11/34","15yr",,,,,"182963.96",,,,,,""
"2021-08-11","'3620A8SL8'","MBS","GNMA I 4.5% 12/39","30yr",,,,,"182902.81",,,,,,""
"2021-08-11","'3140Q8JD8'","MBS","UMBS MORTPASS 3.5% 07/47","30yr",,,,,"182779.04",,,,,,""
"2021-08-11","'3132A7MC2'","MBS","UMBS MORTPASS 2.5% 02/28","15yr",,,,,"182769.06",,,,,,""
"2021-08-11","'3138YYYM9'","MBS","UMBS MORTPASS 3.5% 10/45","30yr",,,,,"182757.73",,,,,,""
"2021-08-11","'3620A4PL0'","MBS","GNMA I MORTPASS 5% 08/39","30yr",,,,,"182668.39",,,,,,""
"2021-08-11","'36297KSK8'","MBS","GNMA I 4.5% 10/39","30yr",,,,,"182643.4",,,,,,""
"2021-08-11","'31419GC44'","MBS","UMBS MORTPASS 4% 10/25","15yr",,,,,"182563.32",,,,,,""
"2021-08-11","'3138WFAD8'","MBS","UMBS MORTPASS 2.5% 07/30","15yr",,,,,"182562.61",,,,,,""
"2021-08-11","'3132QNLU1'","MBS","FHLMCGLD 3% 03/45","30yr",,,,,"182527.86",,,,,,""
"2021-08-11","'31417EVS7'","MBS","UMBS MORTPASS 2% 01/28","15yr",,,,,"182474.3",,,,,,""
"2021-08-11","'31368HMH3'","MBS","UMBS MORTPASS 5% 08/35","30yr",,,,,"182463.07",,,,,,""
"2021-08-11","'3132WQAH8'","MBS","FHLMCGLD 3% 08/47","30yr",,,,,"182319.79",,,,,,""
"2021-08-11","'31307FY47'","MBS","FHLMCGLD 3.5% 01/29","15yr",,,,,"182254.77",,,,,,""
"2021-08-11","'31307VWG7'","MBS","FHLMCGLD 3% 03/33","15yr",,,,,"182195.01",,,,,,""
"2021-08-11","'36209RST1'","MBS","GNMA I MORTPASS 4% 10/41","30yr",,,,,"181944.01",,,,,,""
"2021-08-11","'36295CG62'","MBS","GNMA I MORTPASS 3% 02/43","30yr",,,,,"181936.37",,,,,,""
"2021-08-11","'3140KYGZ1'","MBS","UMBS MORTPASS 2.5% 12/50","30yr",,,,,"181914.45",,,,,,""
"2021-08-11","'3138EKX26'","MBS","UMBS MORTPASS 2.5% 03/28","15yr",,,,,"181885.91",,,,,,""
"2021-08-11","'3138MGWU5'","MBS","UMBS MORTPASS 2.5% 10/27","15yr",,,,,"181864.15",,,,,,""
"2021-08-11","'36297DBW6'","MBS","GNMA I MORTPASS 5% 04/39","30yr",,,,,"181777.93",,,,,,""
"2021-08-11","'31307UK49'","MBS","FHLMCGLD 3% 09/27","15yr",,,,,"181724.92",,,,,,""
"2021-08-11","'3131X77M4'","MBS","UMBS MORTPASS 2.5% 10/27","15yr",,,,,"181665.71",,,,,,""
"2021-08-11","'3138NW6U8'","MBS","UMBS MORTPASS 2% 12/27","15yr",,,,,"181586.83",,,,,,""
"2021-08-11","'3138YXSJ5'","MBS","UMBS MORTPASS 2.5% 09/30","15yr",,,,,"181581.66",,,,,,""
"2021-08-11","'3140JPTE5'","MBS","UMBS MORTPASS 2% 01/36","15yr",,,,,"181511.21",,,,,,""
"2021-08-11","'3620A5DF3'","MBS","GNMA I 4.5% 08/39","30yr",,,,,"181404.36",,,,,,""
"2021-08-11","'31417BL70'","MBS","UMBS MORTPASS 2.5% 04/22","Other",,,,,"181396.45",,,,,,""
"2021-08-11","'3128MD5Z2'","MBS","FHLMCGLD 3% 09/29","15yr",,,,,"181289.76",,,,,,""
"2021-08-11","'3138MJNS4'","MBS","UMBS MORTPASS 3% 03/28","15yr",,,,,"181260",,,,,,""
"2021-08-11","'3132A8D48'","MBS","UMBS MORTPASS 2.5% 12/25","Other",,,,,"181213.51",,,,,,""
"2021-08-11","'3140HNAC6'","MBS","UMBS MORTPASS 4% 07/48","30yr",,,,,"181188.84",,,,,,""
"2021-08-11","'3132CWN67'","MBS","UMBS MORTPASS 2% 09/35","15yr",,,,,"181179.64",,,,,,""
"2021-08-11","'3132CWG32'","MBS","UMBS MORTPASS 3% 10/33","15yr",,,,,"181066.33",,,,,,""
"2021-08-11","'3620AB6Q4'","MBS","GNMA I MORTPASS 5% 01/40","30yr",,,,,"181044.49",,,,,,""
"2021-08-11","'36295CHU8'","MBS","GNMA I MORTPASS 3% 04/43","30yr",,,,,"180900.66",,,,,,""
"2021-08-11","'3131X9XT6'","MBS","UMBS MORTPASS 2% 10/23","Other",,,,,"180874.28",,,,,,""
"2021-08-11","'36297DXU6'","MBS","GNMA I MORTPASS 4% 09/41","30yr",,,,,"180812.08",,,,,,""
"2021-08-11","'36297K4W8'","MBS","GNMA I 4.5% 05/39","30yr",,,,,"180812.08",,,,,,""
"2021-08-11","'3138XYRR7'","MBS","UMBS MORTPASS 3% 08/29","15yr",,,,,"180738.98",,,,,,""
"2021-08-11","'3138X5L54'","MBS","UMBS MORTPASS 3% 09/28","15yr",,,,,"180681.9",,,,,,""
"2021-08-11","'3140H5MW8'","MBS","UMBS MORTPASS 3% 01/48","30yr",,,,,"180616.12",,,,,,""
"2021-08-11","'36176QPB4'","MBS","GNMA I 3.5% 02/42","30yr",,,,,"180530.37",,,,,,""
"2021-08-11","'312939JS1'","MBS","FHLMCGLD 5.5% 02/40","30yr",,,,,"180487.29",,,,,,""
"2021-08-11","'36179BTF1'","MBS","GNMA I MORTPASS 3% 02/43","30yr",,,,,"180482.06",,,,,,""
"2021-08-11","'36176VEW9'","MBS","GNMA I MORTPASS 4% 11/41","30yr",,,,,"180426.42",,,,,,""
"2021-08-11","'3138WPTJ3'","MBS","UMBS MORTPASS 3% 04/28","15yr",,,,,"180412.07",,,,,,""
"2021-08-11","'3140HJL82'","MBS","UMBS MORTPASS 4.5% 05/48","30yr",,,,,"180330.84",,,,,,""
"2021-08-11","'3140GWL68'","MBS","UMBS MORTPASS 3.5% 09/32","15yr",,,,,"180329.38",,,,,,""
"2021-08-11","'3133A0XD1'","MBS","UMBS MORTPASS 3% 01/50","30yr",,,,,"180215.1",,,,,,""
"2021-08-11","'3138YTH56'","MBS","UMBS MORTPASS 3% 09/30","15yr",,,,,"180135.44",,,,,,""
"2021-08-11","'36213FZY2'","MBS","GNMA I MORTPASS 4% 01/42","30yr",,,,,"180121.66",,,,,,""
"2021-08-11","'3138MJY52'","MBS","UMBS MORTPASS 3% 11/27","15yr",,,,,"180118.72",,,,,,""
"2021-08-11","'3138WJXR4'","MBS","UMBS MORTPASS 2% 02/32","15yr",,,,,"180101.25",,,,,,""
"2021-08-11","'3138LYLU9'","MBS","UMBS MORTPASS 3% 08/27","15yr",,,,,"180056.97",,,,,,""
"2021-08-11","'36296MGZ5'","MBS","GNMA I 4.5% 04/39","30yr",,,,,"180053.28",,,,,,""
"2021-08-11","'36230N2Y0'","MBS","GNMA I 3.5% 08/42","30yr",,,,,"179848.24",,,,,,""
"2021-08-11","'3140HAR77'","MBS","UMBS MORTPASS 3.5% 04/48","30yr",,,,,"179775.77",,,,,,""
"2021-08-11","'3138W0NX3'","MBS","UMBS MORTPASS 2.5% 02/28","15yr",,,,,"179736.92",,,,,,""
"2021-08-11","'3620A45M0'","MBS","GNMA I MORTPASS 5% 11/39","30yr",,,,,"179721.28",,,,,,""
"2021-08-11","'31416PZ59'","MBS","UMBS MORTPASS 6% 05/39","30yr",,,,,"179668.24",,,,,,""
"2021-08-11","'3140HAA75'","MBS","UMBS MORTPASS 3.5% 01/48","30yr",,,,,"179663.63",,,,,,""
"2021-08-11","'3138WM4S7'","MBS","UMBS MORTPASS 3% 03/28","15yr",,,,,"179644.9",,,,,,""
"2021-08-11","'3131X8BB1'","MBS","UMBS MORTPASS 2.5% 10/27","15yr",,,,,"179641.39",,,,,,""
"2021-08-11","'3138XUNY4'","MBS","UMBS MORTPASS 3% 05/29","15yr",,,,,"179608.51",,,,,,""
"2021-08-11","'36295RWQ7'","MBS","GNMA I 4.5% 12/39","30yr",,,,,"179602.4",,,,,,""
"2021-08-11","'31417TXP8'","MBS","UMBS MORTPASS 6% 01/40","30yr",,,,,"179522.55",,,,,,""
"2021-08-11","'31307ANB4'","MBS","FHLMCGLD 2% 11/27","15yr",,,,,"179514.89",,,,,,""
"2021-08-11","'3138WJL63'","MBS","UMBS MORTPASS 2% 12/31","15yr",,,,,"179499.5",,,,,,""
"2021-08-11","'3138WAF69'","MBS","UMBS MORTPASS 3.5% 12/42","30yr",,,,,"179482.11",,,,,,""
"2021-08-11","'3140JXJ66'","MBS","UMBS MORTPASS 3% 09/49","30yr",,,,,"179426.29",,,,,,""
"2021-08-11","'36176E6G1'","MBS","GNMA I 3.5% 12/41","30yr",,,,,"179357.2",,,,,,""
"2021-08-11","'3138MCWZ3'","MBS","UMBS MORTPASS 2% 10/27","15yr",,,,,"179277.35",,,,,,""
"2021-08-11","'3140E2R94'","MBS","UMBS MORTPASS 3% 10/30","15yr",,,,,"179262.1",,,,,,""
"2021-08-11","'3138YSMA1'","MBS","UMBS MORTPASS 2.5% 07/30","15yr",,,,,"179180.61",,,,,,""
"2021-08-11","'3132A9PK7'","MBS","UMBS MORTPASS 3% 05/29","15yr",,,,,"178962.61",,,,,,""
"2021-08-11","'3131X6C65'","MBS","UMBS MORTPASS 3% 12/25","15yr",,,,,"178716.22",,,,,,""
"2021-08-11","'36296WTM8'","MBS","GNMA I MORTPASS 5% 05/39","30yr",,,,,"178710.26",,,,,,""
"2021-08-11","'3133KYUU1'","MBS","UMBS MORTPASS 2% 01/41","Other",,,,,"178565.25",,,,,,""
"2021-08-11","'3138MDHS4'","MBS","UMBS MORTPASS 3% 10/27","15yr",,,,,"178489.02",,,,,,""
"2021-08-11","'36207QFQ5'","MBS","GNMA I MORTPASS 4% 11/41","30yr",,,,,"178485.96",,,,,,""
"2021-08-11","'3140JKZP4'","MBS","UMBS MORTPASS 4% 01/49","30yr",,,,,"178327.69",,,,,,""
"2021-08-11","'31412Q4A4'","MBS","UMBS MORTPASS 4.5% 01/40","30yr",,,,,"178309.33",,,,,,""
"2021-08-11","'3132QSFH6'","MBS","FHLMCGLD 3% 08/45","30yr",,,,,"178226.5",,,,,,""
"2021-08-11","'31417B7J0'","MBS","UMBS MORTPASS 3% 06/22","Other",,,,,"178226.45",,,,,,""
"2021-08-11","'36180UEN5'","MBS","GNMA I MORTPASS 3% 04/43","30yr",,,,,"178153.84",,,,,,""
"2021-08-11","'3132QSEB0'","MBS","FHLMCGLD 3.5% 08/45","30yr",,,,,"178104.87",,,,,,""
"2021-08-11","'3138WAZP5'","MBS","UMBS MORTPASS 2.5% 02/24","Other",,,,,"178055.52",,,,,,""
"2021-08-11","'36181ECX0'","MBS","GNMA I MORTPASS 3% 06/43","30yr",,,,,"178027.62",,,,,,""
"2021-08-11","'36181BB74'","MBS","GNMA I 3.5% 06/43","30yr",,,,,"178012.93",,,,,,""
"2021-08-11","'36296WTB2'","MBS","GNMA I 4.5% 07/39","30yr",,,,,"177914.71",,,,,,""
"2021-08-11","'31307QYB7'","MBS","FHLMCGLD 3.5% 05/31","15yr",,,,,"177913.78",,,,,,""
"2021-08-11","'36291UMW2'","MBS","GNMA I MORTPASS 5% 12/38","30yr",,,,,"177788.16",,,,,,""
"2021-08-11","'3138WJVF2'","MBS","UMBS MORTPASS 2.5% 02/32","15yr",,,,,"177784.9",,,,,,""
"2021-08-11","'3138XQPF2'","MBS","UMBS MORTPASS 3% 07/29","15yr",,,,,"177780.25",,,,,,""
"2021-08-11","'3140JNWR7'","MBS","UMBS MORTPASS 4% 05/49","30yr",,,,,"177765.93",,,,,,""
"2021-08-11","'36297HSS8'","MBS","GNMA I 4.5% 06/39","30yr",,,,,"177612.96",,,,,,""
"2021-08-11","'3140HJQC8'","MBS","UMBS MORTPASS 3.5% 05/48","30yr",,,,,"177599.78",,,,,,""
"2021-08-11","'3138X3AY8'","MBS","UMBS MORTPASS 4% 07/43","30yr",,,,,"177489.29",,,,,,""
"2021-08-11","'31307S3H4'","MBS","FHLMCGLD 3.5% 02/32","15yr",,,,,"177456.18",,,,,,""
"2021-08-11","'3140HASE1'","MBS","UMBS MORTPASS 3.5% 05/48","30yr",,,,,"177450.48",,,,,,""
"2021-08-11","'3132A8PP8'","MBS","UMBS MORTPASS 2.5% 01/27","Other",,,,,"177413.78",,,,,,""
"2021-08-11","'36213F2C6'","MBS","GNMA I 3.5% 01/42","30yr",,,,,"177293.66",,,,,,""
"2021-08-11","'3140Q8K87'","MBS","UMBS MORTPASS 4.5% 02/48","30yr",,,,,"177280.42",,,,,,""
"2021-08-11","'3138WJUL0'","MBS","UMBS MORTPASS 3% 01/47","30yr",,,,,"177198.82",,,,,,""
"2021-08-11","'3133KGNV6'","MBS","UMBS MORTPASS 4% 01/49","30yr",,,,,"177170.2",,,,,,""
"2021-08-11","'36202FM86'","MBS","GNMA II 4.5% 12/40","30yr",,,,,"177070.07",,,,,,""
"2021-08-11","'31417URN7'","MBS","UMBS MORTPASS 4.5% 11/24","15yr",,,,,"177037.29",,,,,,""
"2021-08-11","'3140H8KJ3'","MBS","UMBS MORTPASS 3% 01/48","30yr",,,,,"177020.7",,,,,,""
"2021-08-11","'3620AC3F9'","MBS","GNMA I MORTPASS 5% 09/39","30yr",,,,,"176924.2",,,,,,""
"2021-08-11","'36296WT48'","MBS","GNMA I 4.5% 08/39","30yr",,,,,"176913.88",,,,,,""
"2021-08-11","'3140FEZF4'","MBS","UMBS MORTPASS 3.5% 02/47","30yr",,,,,"176907.09",,,,,,""
"2021-08-11","'36180BJZ5'","MBS","GNMA I 3.5% 05/43","30yr",,,,,"176873.97",,,,,,""
"2021-08-11","'3132J8T42'","MBS","FHLMCGLD 3% 04/43","30yr",,,,,"176870.54",,,,,,""
"2021-08-11","'3138EJH27'","MBS","UMBS MORTPASS 3.5% 02/27","15yr",,,,,"176700.26",,,,,,""
"2021-08-11","'3620A1WQ7'","MBS","GNMA I 4.5% 05/39","30yr",,,,,"176593.43",,,,,,""
"2021-08-11","'36177MUC4'","MBS","GNMA I 3.5% 03/42","30yr",,,,,"176462.71",,,,,,""
"2021-08-11","'31417MBD4'","MBS","UMBS MORTPASS 4.5% 08/24","15yr",,,,,"176415.37",,,,,,""
"2021-08-11","'3140KBS21'","MBS","UMBS MORTPASS 1.5% 07/35","15yr",,,,,"176339.59",,,,,,""
"2021-08-11","'3140HEK84'","MBS","UMBS MORTPASS 3.5% 02/48","30yr",,,,,"176240.34",,,,,,""
"2021-08-11","'36295AJ30'","MBS","GNMA I 4.5% 09/39","30yr",,,,,"176234.76",,,,,,""
"2021-08-11","'3138XHRF0'","MBS","UMBS MORTPASS 4% 03/44","30yr",,,,,"176220.99",,,,,,""
"2021-08-11","'3128L4T79'","MBS","FHLMCGLD 6% 01/38","30yr",,,,,"176152.72",,,,,,""
"2021-08-11","'3138Y52L9'","MBS","UMBS MORTPASS 3.5% 10/44","30yr",,,,,"176098.66",,,,,,""
"2021-08-11","'36180CDU0'","MBS","GNMA I MORTPASS 3% 05/43","30yr",,,,,"176091.56",,,,,,""
"2021-08-11","'3140FP5U9'","MBS","UMBS MORTPASS 4.5% 11/46","30yr",,,,,"176068.56",,,,,,""
"2021-08-11","'3138WFSR8'","MBS","UMBS MORTPASS 3% 10/30","15yr",,,,,"175948.59",,,,,,""
"2021-08-11","'31417BHC4'","MBS","UMBS MORTPASS 3% 03/27","15yr",,,,,"175899.51",,,,,,""
"2021-08-11","'36296PVV0'","MBS","GNMA I 4.5% 05/39","30yr",,,,,"175825.71",,,,,,""
"2021-08-11","'31329QN98'","MBS","UMBS MORTPASS 4.5% 04/49","30yr",,,,,"175821.59",,,,,,""
"2021-08-11","'3140QAH29'","MBS","UMBS MORTPASS 4% 09/48","30yr",,,,,"175713.85",,,,,,""
"2021-08-11","'3138WDU58'","MBS","UMBS MORTPASS 2% 01/30","15yr",,,,,"175687.65",,,,,,""
"2021-08-11","'3138EGKU7'","MBS","UMBS MORTPASS 4% 06/26","15yr",,,,,"175656.22",,,,,,""
"2021-08-11","'3128PTJE6'","MBS","FHLMCGLD 3.5% 12/25","15yr",,,,,"175616.36",,,,,,""
"2021-08-11","'31307H3T2'","MBS","FHLMCGLD 3% 08/29","15yr",,,,,"175570.28",,,,,,""
"2021-08-11","'36178MRZ6'","MBS","GNMA I 3.5% 09/42","30yr",,,,,"175522.26",,,,,,""
"2021-08-11","'3140GUPP6'","MBS","UMBS MORTPASS 4% 06/47","30yr",,,,,"175457.99",,,,,,""
"2021-08-11","'36295QJU5'","MBS","GNMA I 5.5% 06/38","30yr",,,,,"175437.43",,,,,,""
"2021-08-11","'3140K07K8'","MBS","UMBS MORTPASS 3% 09/49","30yr",,,,,"175434.36",,,,,,""
"2021-08-11","'31417UCP8'","MBS","UMBS MORTPASS 4% 11/24","15yr",,,,,"175388.03",,,,,,""
"2021-08-11","'31307LSU3'","MBS","FHLMCGLD 3% 01/30","15yr",,,,,"175317.67",,,,,,""
"2021-08-11","'3140QAVP2'","MBS","UMBS MORTPASS 3.5% 04/49","30yr",,,,,"175291.99",,,,,,""
"2021-08-11","'36180CYV5'","MBS","GNMA I 3.5% 01/43","30yr",,,,,"175150.38",,,,,,""
"2021-08-11","'36178CM75'","MBS","GNMA I MORTPASS 4% 07/42","30yr",,,,,"175026.2",,,,,,""
"2021-08-11","'3140JSZH5'","MBS","UMBS MORTPASS 3% 04/34","15yr",,,,,"174975.08",,,,,,""
"2021-08-11","'3140FMFE1'","MBS","UMBS MORTPASS 2.5% 11/31","15yr",,,,,"174966.55",,,,,,""
"2021-08-11","'3128MEMW8'","MBS","FHLMCGLD 4% 10/28","15yr",,,,,"174941.37",,,,,,""
"2021-08-11","'3138X7YA5'","MBS","UMBS MORTPASS 3.5% 09/28","15yr",,,,,"174872.84",,,,,,""
"2021-08-11","'31307HLV7'","MBS","FHLMCGLD 3% 06/29","15yr",,,,,"174852.11",,,,,,""
"2021-08-11","'3620C1WW2'","MBS","GNMA I MORTPASS 4% 01/42","30yr",,,,,"174844.47",,,,,,""
"2021-08-11","'36296AQN7'","MBS","GNMA I MORTPASS 5% 04/39","30yr",,,,,"174839.4",,,,,,""
"2021-08-11","'36176E5Q0'","MBS","GNMA I 3.5% 12/41","30yr",,,,,"174771.19",,,,,,""
"2021-08-11","'3131XBT66'","MBS","UMBS MORTPASS 2.5% 10/25","Other",,,,,"174741.98",,,,,,""
"2021-08-11","'36177TAE7'","MBS","GNMA I 3.5% 03/42","30yr",,,,,"174583.38",,,,,,""
"2021-08-11","'36200THD3'","MBS","GNMA I MORTPASS 5% 09/39","30yr",,,,,"174527.1",,,,,,""
"2021-08-11","'3140X4F68'","MBS","UMBS MORTPASS 3% 12/48","30yr",,,,,"174317.6",,,,,,""
"2021-08-11","'3620AA6Y9'","MBS","GNMA I 4.5% 11/39","30yr",,,,,"174280.7",,,,,,""
"2021-08-11","'3138YD2F5'","MBS","UMBS MORTPASS 3.5% 03/45","30yr",,,,,"174207.7",,,,,,""
"2021-08-11","'31307XBP6'","MBS","FHLMCGLD 3.5% 12/33","15yr",,,,,"174013.43",,,,,,""
"2021-08-11","'3140JNY95'","MBS","UMBS MORTPASS 4% 02/49","30yr",,,,,"173939.3",,,,,,""
"2021-08-11","'31418DV33'","MBS","UMBS MORTPASS 2.5% 01/41","Other",,,,,"173878.82",,,,,,""
"2021-08-11","'36177Y6J0'","MBS","GNMA I 3.5% 07/43","30yr",,,,,"173810.65",,,,,,""
"2021-08-11","'3131YCPN0'","MBS","UMBS MORTPASS 4.5% 05/49","30yr",,,,,"173624.61",,,,,,""
"2021-08-11","'3138X9XP9'","MBS","UMBS MORTPASS 3% 12/28","15yr",,,,,"173618.26",,,,,,""
"2021-08-11","'3133LPSS7'","MBS","UMBS MORTPASS 2.5% 06/30","Other",,,,,"173571.11",,,,,,""
"2021-08-11","'3140HARS1'","MBS","UMBS MORTPASS 3.5% 04/33","15yr",,,,,"173508.43",,,,,,""
"2021-08-11","'3138XU5K4'","MBS","UMBS MORTPASS 3.5% 06/29","15yr",,,,,"173476.58",,,,,,""
"2021-08-11","'3132KEZ99'","MBS","FHLMCGLD 3% 01/30","15yr",,,,,"173447.64",,,,,,""
"2021-08-11","'3131Y1LD0'","MBS","UMBS MORTPASS 4% 05/48","30yr",,,,,"173382.19",,,,,,""
"2021-08-11","'36297AB69'","MBS","GNMA I MORTPASS 6% 01/39","30yr",,,,,"173297.69",,,,,,""
"2021-08-11","'36176UDD4'","MBS","GNMA I MORTPASS 4% 11/41","30yr",,,,,"173180.77",,,,,,""
"2021-08-11","'36180BJ36'","MBS","GNMA I MORTPASS 4% 05/43","30yr",,,,,"172948.42",,,,,,""
"2021-08-11","'3140F92H7'","MBS","UMBS MORTPASS 2.5% 07/46","30yr",,,,,"172882.92",,,,,,""
"2021-08-11","'3140F34K1'","MBS","UMBS MORTPASS 3% 07/31","15yr",,,,,"172835.47",,,,,,""
"2021-08-11","'3140HAQH6'","MBS","UMBS MORTPASS 3.5% 03/48","30yr",,,,,"172744.42",,,,,,""
"2021-08-11","'3140QDCB8'","MBS","UMBS MORTPASS 3% 03/35","15yr",,,,,"172721.05",,,,,,""
"2021-08-11","'3140HBQV3'","MBS","UMBS MORTPASS 4.5% 04/48","30yr",,,,,"172696.24",,,,,,""
"2021-08-11","'3620AB6Y7'","MBS","GNMA I MORTPASS 5% 02/40","30yr",,,,,"172682.17",,,,,,""
"2021-08-11","'3138WWDG1'","MBS","UMBS MORTPASS 3% 05/28","15yr",,,,,"172679.24",,,,,,""
"2021-08-11","'31307CUJ5'","MBS","FHLMCGLD 3% 06/28","15yr",,,,,"172631.41",,,,,,""
"2021-08-11","'3140E8L97'","MBS","UMBS MORTPASS 2% 01/31","15yr",,,,,"172574.28",,,,,,""
"2021-08-11","'31307DVG8'","MBS","FHLMCGLD 3% 08/28","15yr",,,,,"172568.14",,,,,,""
"2021-08-11","'3138ECWW9'","MBS","UMBS MORTPASS 3% 03/27","15yr",,,,,"172561.23",,,,,,""
"2021-08-11","'36295UAN1'","MBS","GNMA I MORTPASS 5% 01/40","30yr",,,,,"172523.85",,,,,,""
"2021-08-11","'3138M0RN2'","MBS","UMBS MORTPASS 3% 06/27","15yr",,,,,"172445.63",,,,,,""
"2021-08-11","'31307DTS5'","MBS","FHLMCGLD 3.5% 08/28","15yr",,,,,"172422.09",,,,,,""
"2021-08-11","'3140HNJG8'","MBS","UMBS MORTPASS 3.5% 07/48","30yr",,,,,"172408.64",,,,,,""
"2021-08-11","'3140HPZY6'","MBS","UMBS MORTPASS 4% 08/48","30yr",,,,,"172406.23",,,,,,""
"2021-08-11","'3620A5D97'","MBS","GNMA I MORTPASS 5% 11/39","30yr",,,,,"172386.55",,,,,,""
"2021-08-11","'31329KXR0'","MBS","UMBS MORTPASS 3% 01/38","Other",,,,,"172366.21",,,,,,""
"2021-08-11","'3620A3DF8'","MBS","GNMA I 4.5% 05/39","30yr",,,,,"172136.93",,,,,,""
"2021-08-11","'3138MRGQ8'","MBS","UMBS MORTPASS 3.5% 01/43","30yr",,,,,"172130.05",,,,,,""
"2021-08-11","'3140EUEF2'","MBS","UMBS MORTPASS 3% 12/30","15yr",,,,,"171967.66",,,,,,""
"2021-08-11","'3138X1YD2'","MBS","UMBS MORTPASS 2.5% 07/28","15yr",,,,,"171923.49",,,,,,""
"2021-08-11","'36202FDC7'","MBS","GNMA II MORTPASS 5% 12/39","30yr",,,,,"171871.07",,,,,,""
"2021-08-11","'3140JQQG1'","MBS","UMBS MORTPASS 2.5% 07/49","30yr",,,,,"171858.43",,,,,,""
"2021-08-11","'3138WKQD0'","MBS","UMBS MORTPASS 3.5% 04/47","30yr",,,,,"171772.61",,,,,,""
"2021-08-11","'3140X4HR0'","MBS","UMBS MORTPASS 3% 09/33","15yr",,,,,"171712.7",,,,,,""
"2021-08-11","'3131XVAZ8'","MBS","UMBS MORTPASS 2.5% 10/46","30yr",,,,,"171666.28",,,,,,""
"2021-08-11","'3140FSLX9'","MBS","UMBS MORTPASS 4% 06/47","30yr",,,,,"171511.39",,,,,,""
"2021-08-11","'31418AF29'","MBS","UMBS MORTPASS 3.5% 06/32","Other",,,,,"171510.75",,,,,,""
"2021-08-11","'36296MDU9'","MBS","GNMA I 4.5% 03/39","30yr",,,,,"171490.82",,,,,,""
"2021-08-11","'3620ABC79'","MBS","GNMA I MORTPASS 5% 12/39","30yr",,,,,"171406.79",,,,,,""
"2021-08-11","'3128M8RT3'","MBS","FHLMCGLD 4% 04/41","30yr",,,,,"171342.47",,,,,,""
"2021-08-11","'3138NXEB9'","MBS","UMBS MORTPASS 3% 01/28","15yr",,,,,"171284.01",,,,,,""
"2021-08-11","'3138E8T51'","MBS","UMBS MORTPASS 3% 07/29","15yr",,,,,"171161.86",,,,,,""
"2021-08-11","'3620A6UP0'","MBS","GNMA I MORTPASS 5% 08/39","30yr",,,,,"171087.28",,,,,,""
"2021-08-11","'36177UDG6'","MBS","GNMA I 3.5% 03/42","30yr",,,,,"170890.22",,,,,,""
"2021-08-11","'3131Y0Q39'","MBS","UMBS MORTPASS 3.5% 03/48","30yr",,,,,"170881.38",,,,,,""
"2021-08-11","'36176FVY1'","MBS","GNMA I 3.5% 06/42","30yr",,,,,"170875.14",,,,,,""
"2021-08-11","'31307HC54'","MBS","FHLMCGLD 3.5% 05/29","15yr",,,,,"170846.19",,,,,,""
"2021-08-11","'36179SYQ4'","MBS","GNMA II 2.5% 03/47","30yr",,,,,"170702.04",,,,,,""
"2021-08-11","'3128MMTK9'","MBS","FHLMCGLD 2.5% 05/30","15yr",,,,,"170574.3",,,,,,""
"2021-08-11","'3131Y9CM3'","MBS","UMBS MORTPASS 4% 01/49","30yr",,,,,"170521.06",,,,,,""
"2021-08-11","'3138XYZN7'","MBS","UMBS MORTPASS 3.5% 08/29","15yr",,,,,"170494.66",,,,,,""
"2021-08-11","'31415AWM9'","MBS","UMBS MORTPASS 4.5% 04/23","15yr",,,,,"170374.3",,,,,,""
"2021-08-11","'31417GSP2'","MBS","UMBS MORTPASS 2% 02/28","15yr",,,,,"170343.94",,,,,,""
"2021-08-11","'3140Q8KD6'","MBS","UMBS MORTPASS 3.5% 11/47","30yr",,,,,"170296.29",,,,,,""
"2021-08-11","'36294UU75'","MBS","GNMA I 3.5% 04/42","30yr",,,,,"170282.44",,,,,,""
"2021-08-11","'3140FKUX6'","MBS","UMBS MORTPASS 4.5% 12/46","30yr",,,,,"170181.06",,,,,,""
"2021-08-11","'3620A1S82'","MBS","GNMA I MORTPASS 5% 09/39","30yr",,,,,"170126.09",,,,,,""
"2021-08-11","'3140F34E5'","MBS","UMBS MORTPASS 2.5% 07/31","15yr",,,,,"170008.45",,,,,,""
"2021-08-11","'3140FPK24'","MBS","UMBS MORTPASS 3% 12/31","15yr",,,,,"169951.76",,,,,,""
"2021-08-11","'3140FLA32'","MBS","UMBS MORTPASS 2.5% 11/31","15yr",,,,,"169872.53",,,,,,""
"2021-08-11","'31414SYE7'","MBS","UMBS MORTPASS 5% 05/38","30yr",,,,,"169840.82",,,,,,""
"2021-08-11","'3138XJZR1'","MBS","UMBS MORTPASS 3% 02/45","30yr",,,,,"169756.72",,,,,,""
"2021-08-11","'3138EA3K1'","MBS","UMBS MORTPASS 3% 03/27","15yr",,,,,"169732.81",,,,,,""
"2021-08-11","'3132KFAC6'","MBS","FHLMCGLD 2.5% 09/30","15yr",,,,,"169580.63",,,,,,""
"2021-08-11","'36180UE96'","MBS","GNMA I MORTPASS 3% 04/43","30yr",,,,,"169561.69",,,,,,""
"2021-08-11","'3620A5WC9'","MBS","GNMA I MORTPASS 5% 11/39","30yr",,,,,"169548.78",,,,,,""
"2021-08-11","'3140E8MM7'","MBS","UMBS MORTPASS 2% 01/31","15yr",,,,,"169543.22",,,,,,""
"2021-08-11","'3132QTX27'","MBS","FHLMCGLD 3% 10/45","30yr",,,,,"169470.18",,,,,,""
"2021-08-11","'36181FB75'","MBS","GNMA I 3.5% 07/43","30yr",,,,,"169453.16",,,,,,""
"2021-08-11","'3620AJM97'","MBS","GNMA I MORTPASS 4% 12/39","30yr",,,,,"169375.08",,,,,,""
"2021-08-11","'3128PUJW3'","MBS","FHLMCGLD 3.5% 03/26","15yr",,,,,"169321.83",,,,,,""
"2021-08-11","'3620A86L2'","MBS","GNMA I MORTPASS 5% 09/39","30yr",,,,,"169305.1",,,,,,""
"2021-08-11","'3140H72B2'","MBS","UMBS MORTPASS 4% 01/48","30yr",,,,,"169266.6",,,,,,""
"2021-08-11","'3140HAC99'","MBS","UMBS MORTPASS 3.5% 01/48","30yr",,,,,"169221.05",,,,,,""
"2021-08-11","'31418DBD3'","MBS","UMBS MORTPASS 4% 04/39","Other",,,,,"169173.97",,,,,,""
"2021-08-11","'36295G7M8'","MBS","GNMA I MORTPASS 6% 10/38","30yr",,,,,"169144.97",,,,,,""
"2021-08-11","'3128MJX62'","MBS","FHLMCGLD 4.5% 03/46","30yr",,,,,"169023.26",,,,,,""
"2021-08-11","'3140E8MB1'","MBS","UMBS MORTPASS 2.5% 01/31","15yr",,,,,"168894.38",,,,,,""
"2021-08-11","'36296AQK3'","MBS","GNMA I 4.5% 03/39","30yr",,,,,"168784.65",,,,,,""
"2021-08-11","'3138WHER9'","MBS","UMBS MORTPASS 3% 06/46","30yr",,,,,"168665.69",,,,,,""
"2021-08-11","'3140HAQX1'","MBS","UMBS MORTPASS 3% 03/33","15yr",,,,,"168617.86",,,,,,""
"2021-08-11","'36206EW68'","MBS","GNMA I MORTPASS 4% 11/41","30yr",,,,,"168585.14",,,,,,""
"2021-08-11","'31418DEY4'","MBS","UMBS MORTPASS 2.5% 06/39","Other",,,,,"168564.7",,,,,,""
"2021-08-11","'3133ABBH2'","MBS","UMBS MORTPASS 2.5% 10/50","30yr",,,,,"168531.01",,,,,,""
"2021-08-11","'3133KJR20'","MBS","UMBS MORTPASS 2% 08/50","30yr",,,,,"168470.98",,,,,,""
"2021-08-11","'36297EAU9'","MBS","GNMA I 4.5% 05/39","30yr",,,,,"168459.63",,,,,,""
"2021-08-11","'31307JUF8'","MBS","FHLMCGLD 3.5% 10/29","15yr",,,,,"168265.42",,,,,,""
"2021-08-11","'3133A0DT8'","MBS","UMBS MORTPASS 3% 12/49","30yr",,,,,"168241.8",,,,,,""
"2021-08-11","'3140F4MN3'","MBS","UMBS MORTPASS 2.5% 07/31","15yr",,,,,"168195.32",,,,,,""
"2021-08-11","'3140H5N80'","MBS","UMBS MORTPASS 3.5% 02/48","30yr",,,,,"168187.97",,,,,,""
"2021-08-11","'3138M9WR8'","MBS","UMBS MORTPASS 2% 07/28","15yr",,,,,"168060.26",,,,,,""
"2021-08-11","'31307L6R4'","MBS","FHLMCGLD 3% 03/30","15yr",,,,,"168042.18",,,,,,""
"2021-08-11","'3131X7PM4'","MBS","UMBS MORTPASS 3% 04/27","15yr",,,,,"168007.04",,,,,,""
"2021-08-11","'31307GGQ6'","MBS","FHLMCGLD 3.5% 03/29","15yr",,,,,"167979.59",,,,,,""
"2021-08-11","'31416YZT8'","MBS","UMBS MORTPASS 4% 08/41","30yr",,,,,"167935.26",,,,,,""
"2021-08-11","'3140JXRT7'","MBS","UMBS MORTPASS 3% 10/49","30yr",,,,,"167898.44",,,,,,""
"2021-08-11","'36295UB59'","MBS","GNMA I MORTPASS 5% 02/40","30yr",,,,,"167857.11",,,,,,""
"2021-08-11","'31329QGF2'","MBS","UMBS MORTPASS 3.5% 03/49","30yr",,,,,"167789.18",,,,,,""
"2021-08-11","'3140F43F1'","MBS","UMBS MORTPASS 2.5% 05/31","15yr",,,,,"167773.77",,,,,,""
"2021-08-11","'3138XQM73'","MBS","UMBS MORTPASS 3% 07/29","15yr",,,,,"167756.15",,,,,,""
"2021-08-11","'31307NZ80'","MBS","FHLMCGLD 2.5% 08/30","15yr",,,,,"167708.23",,,,,,""
"2021-08-11","'3131X9D76'","MBS","UMBS MORTPASS 2.5% 05/23","Other",,,,,"167579.96",,,,,,""
"2021-08-11","'3140KDCH1'","MBS","UMBS MORTPASS 3% 06/50","30yr",,,,,"167490.06",,,,,,""
"2021-08-11","'3138NWUN7'","MBS","UMBS MORTPASS 3% 03/28","15yr",,,,,"167410.94",,,,,,""
"2021-08-11","'3138WFK54'","MBS","UMBS MORTPASS 3% 09/30","15yr",,,,,"167407.02",,,,,,""
"2021-08-11","'3620A1S25'","MBS","GNMA I MORTPASS 5% 09/39","30yr",,,,,"167327.16",,,,,,""
"2021-08-11","'31329LAT9'","MBS","UMBS MORTPASS 2.5% 03/27","15yr",,,,,"167324.86",,,,,,""
"2021-08-11","'36176H2W3'","MBS","GNMA I MORTPASS 3% 11/42","30yr",,,,,"167307.83",,,,,,""
"2021-08-11","'31417W3P4'","MBS","UMBS MORTPASS 4% 01/25","15yr",,,,,"167240.11",,,,,,""
"2021-08-11","'3620ALV84'","MBS","GNMA I MORTPASS 5% 04/40","30yr",,,,,"167212.04",,,,,,""
"2021-08-11","'3138WRUY4'","MBS","UMBS MORTPASS 2.5% 05/28","15yr",,,,,"167170.05",,,,,,""
"2021-08-11","'3128MMT45'","MBS","FHLMCGLD 3.5% 09/30","15yr",,,,,"167092.75",,,,,,""
"2021-08-11","'3131Y0BW1'","MBS","UMBS MORTPASS 3% 01/48","30yr",,,,,"167090.4",,,,,,""
"2021-08-11","'3138E0KH1'","MBS","UMBS MORTPASS 3% 12/26","15yr",,,,,"167089.59",,,,,,""
"2021-08-11","'3620A1UD8'","MBS","GNMA I 4.5% 11/39","30yr",,,,,"167088.86",,,,,,""
"2021-08-11","'3138EFCL8'","MBS","UMBS MORTPASS 3% 04/27","15yr",,,,,"167069.21",,,,,,""
"2021-08-11","'3133ABNU0'","MBS","UMBS MORTPASS 2.5% 11/50","30yr",,,,,"167054.23",,,,,,""
"2021-08-11","'3138YBTD5'","MBS","UMBS MORTPASS 3% 02/30","15yr",,,,,"166957.67",,,,,,""
"2021-08-11","'3140X4TQ9'","MBS","UMBS MORTPASS 4.5% 04/49","30yr",,,,,"166932.1",,,,,,""
"2021-08-11","'3128MJYV6'","MBS","FHLMCGLD 4% 09/46","30yr",,,,,"166915.16",,,,,,""
"2021-08-11","'31418CNV2'","MBS","UMBS MORTPASS 3% 08/27","Other",,,,,"166902.67",,,,,,""
"2021-08-11","'36296YSN3'","MBS","GNMA I 4.5% 04/39","30yr",,,,,"166898.73",,,,,,""
"2021-08-11","'3620A1TJ7'","MBS","GNMA I MORTPASS 5% 11/39","30yr",,,,,"166852.32",,,,,,""
"2021-08-11","'3140HMGS7'","MBS","UMBS MORTPASS 3.5% 08/48","30yr",,,,,"166821.8",,,,,,""
"2021-08-11","'3132A9T23'","MBS","UMBS MORTPASS 3% 09/32","15yr",,,,,"166812.52",,,,,,""
"2021-08-11","'36297KHD6'","MBS","GNMA I 4.5% 05/39","30yr",,,,,"166790.09",,,,,,""
"2021-08-11","'31307LKX5'","MBS","FHLMCGLD 2.5% 12/29","15yr",,,,,"166773.76",,,,,,""
"2021-08-11","'3138WEPF0'","MBS","UMBS MORTPASS 3.5% 05/45","30yr",,,,,"166768.23",,,,,,""
"2021-08-11","'3138WGH56'","MBS","UMBS MORTPASS 3% 01/31","15yr",,,,,"166650.64",,,,,,""
"2021-08-11","'3140HASN1'","MBS","UMBS MORTPASS 3.5% 05/33","15yr",,,,,"166637.78",,,,,,""
"2021-08-11","'31329KWA8'","MBS","UMBS MORTPASS 3% 01/37","Other",,,,,"166621.31",,,,,,""
"2021-08-11","'3140EWJ30'","MBS","UMBS MORTPASS 3% 05/46","30yr",,,,,"166415.56",,,,,,""
"2021-08-11","'3132L7GN3'","MBS","FHLMCGLD 4.5% 10/45","30yr",,,,,"166258.85",,,,,,""
"2021-08-11","'3140H6F38'","MBS","UMBS MORTPASS 3% 01/33","15yr",,,,,"166133.59",,,,,,""
"2021-08-11","'3140JGNQ4'","MBS","UMBS MORTPASS 4% 09/48","30yr",,,,,"166056.87",,,,,,""
"2021-08-11","'36297AJ61'","MBS","GNMA I MORTPASS 5% 12/38","30yr",,,,,"166020.16",,,,,,""
"2021-08-11","'31418AK80'","MBS","UMBS MORTPASS 3% 10/22","Other",,,,,"165932.03",,,,,,""
"2021-08-11","'31307JJJ3'","MBS","FHLMCGLD 3.5% 09/29","15yr",,,,,"165917.67",,,,,,""
"2021-08-11","'3140HATC4'","MBS","UMBS MORTPASS 3.5% 01/48","30yr",,,,,"165880.98",,,,,,""
"2021-08-11","'36178ATU1'","MBS","GNMA I 3.5% 07/42","30yr",,,,,"165855.73",,,,,,""
"2021-08-11","'31418ADY1'","MBS","UMBS MORTPASS 3% 03/27","15yr",,,,,"165821.84",,,,,,""
"2021-08-11","'36296YSK9'","MBS","GNMA I 4.5% 03/39","30yr",,,,,"165778.13",,,,,,""
"2021-08-11","'3131X7TZ1'","MBS","UMBS MORTPASS 2.5% 05/27","15yr",,,,,"165757.64",,,,,,""
"2021-08-11","'3132GTY68'","MBS","FHLMCGLD 4% 05/42","30yr",,,,,"165748.66",,,,,,""
"2021-08-11","'3138XTBJ3'","MBS","UMBS MORTPASS 3% 06/29","15yr",,,,,"165686.98",,,,,,""
"2021-08-11","'3138EKUZ6'","MBS","UMBS MORTPASS 3% 02/28","15yr",,,,,"165636.09",,,,,,""
"2021-08-11","'3131X8L20'","MBS","UMBS MORTPASS 2.5% 01/28","15yr",,,,,"165624.36",,,,,,""
"2021-08-11","'3140GTZY9'","MBS","UMBS MORTPASS 3% 08/32","15yr",,,,,"165551.16",,,,,,""
"2021-08-11","'31329K3L6'","MBS","UMBS MORTPASS 3% 01/26","15yr",,,,,"165544.05",,,,,,""
"2021-08-11","'3140K8H53'","MBS","UMBS MORTPASS 3% 01/40","Other",,,,,"165447.61",,,,,,""
"2021-08-11","'3140GVDV4'","MBS","UMBS MORTPASS 3% 03/33","15yr",,,,,"165165.27",,,,,,""
"2021-08-11","'31329MES5'","MBS","UMBS MORTPASS 2% 08/29","15yr",,,,,"165067.85",,,,,,""
"2021-08-11","'3140H3XP6'","MBS","UMBS MORTPASS 3% 12/37","Other",,,,,"165016.18",,,,,,""
"2021-08-11","'3140HASL5'","MBS","UMBS MORTPASS 3.5% 05/48","30yr",,,,,"165014.91",,,,,,""
"2021-08-11","'31418AEC8'","MBS","UMBS MORTPASS 3% 04/22","Other",,,,,"164996.13",,,,,,""
"2021-08-11","'31418CZU1'","MBS","UMBS MORTPASS 3% 07/28","Other",,,,,"164966.99",,,,,,""
"2021-08-11","'3138WEPZ6'","MBS","UMBS MORTPASS 2.5% 05/30","15yr",,,,,"164959.98",,,,,,""
"2021-08-11","'3131X84D5'","MBS","UMBS MORTPASS 2.5% 04/23","Other",,,,,"164947.55",,,,,,""
"2021-08-11","'31417A6U8'","MBS","UMBS MORTPASS 3% 02/27","15yr",,,,,"164936.63",,,,,,""
"2021-08-11","'3140HESE3'","MBS","UMBS MORTPASS 4.5% 05/48","30yr",,,,,"164922.13",,,,,,""
"2021-08-11","'3138EMH46'","MBS","UMBS MORTPASS 3.5% 01/44","30yr",,,,,"164910.57",,,,,,""
"2021-08-11","'3131XDPH2'","MBS","UMBS MORTPASS 3.5% 05/33","15yr",,,,,"164692.47",,,,,,""
"2021-08-11","'36176VNZ2'","MBS","GNMA I 3.5% 08/42","30yr",,,,,"164665.02",,,,,,""
"2021-08-11","'3620A45X6'","MBS","GNMA I 4.5% 06/39","30yr",,,,,"164547.04",,,,,,""
"2021-08-11","'36176XBP3'","MBS","GNMA I 3.5% 02/42","30yr",,,,,"164531.42",,,,,,""
"2021-08-11","'3133KJ5X6'","MBS","UMBS MORTPASS 2% 09/50","30yr",,,,,"164494.67",,,,,,""
"2021-08-11","'36179UQ21'","MBS","GNMA II 2.5% 04/49","30yr",,,,,"164445.56",,,,,,""
"2021-08-11","'3138YBGZ0'","MBS","UMBS MORTPASS 3.5% 12/29","15yr",,,,,"164356.19",,,,,,""
"2021-08-11","'3138WFAW6'","MBS","UMBS MORTPASS 3% 07/30","15yr",,,,,"164249.13",,,,,,""
"2021-08-11","'3138MGX34'","MBS","UMBS MORTPASS 3% 11/27","15yr",,,,,"164168.44",,,,,,""
"2021-08-11","'3138AV6X8'","MBS","UMBS MORTPASS 3% 12/26","15yr",,,,,"164103.98",,,,,,""
"2021-08-11","'31417DL76'","MBS","UMBS MORTPASS 2.5% 10/27","15yr",,,,,"164083.55",,,,,,""
"2021-08-11","'3128PQUU3'","MBS","FHLMCGLD 4.5% 02/25","15yr",,,,,"163904.47",,,,,,""
"2021-08-11","'3138AWQD8'","MBS","UMBS MORTPASS 3.5% 10/26","15yr",,,,,"163871.86",,,,,,""
"2021-08-11","'36180KEW7'","MBS","GNMA I MORTPASS 3% 04/43","30yr",,,,,"163752.23",,,,,,""
"2021-08-11","'3132M7ZS0'","MBS","FHLMCGLD 4% 07/44","30yr",,,,,"163604.09",,,,,,""
"2021-08-11","'3140HJZU8'","MBS","UMBS MORTPASS 4% 05/48","30yr",,,,,"163436.3",,,,,,""
"2021-08-11","'3140QGE29'","MBS","UMBS MORTPASS 2% 12/45","30yr",,,,,"163409.42",,,,,,""
"2021-08-11","'36180Y7M7'","MBS","GNMA I MORTPASS 3% 06/43","30yr",,,,,"163371.73",,,,,,""
"2021-08-11","'3140H6QZ5'","MBS","UMBS MORTPASS 3.5% 02/48","30yr",,,,,"163208.76",,,,,,""
"2021-08-11","'3140GSPP1'","MBS","UMBS MORTPASS 3% 09/32","15yr",,,,,"163119.74",,,,,,""
"2021-08-11","'3138M53P2'","MBS","UMBS MORTPASS 3% 08/27","15yr",,,,,"163113.18",,,,,,""
"2021-08-11","'3131X7QK7'","MBS","UMBS MORTPASS 3% 04/27","15yr",,,,,"162938.08",,,,,,""
"2021-08-11","'31307PVV8'","MBS","FHLMCGLD 2% 12/30","15yr",,,,,"162926.77",,,,,,""
"2021-08-11","'31418CN83'","MBS","UMBS MORTPASS 2.5% 08/32","15yr",,,,,"162878.9",,,,,,""
"2021-08-11","'31418DSU7'","MBS","UMBS MORTPASS 3% 09/40","Other",,,,,"162801.54",,,,,,""
"2021-08-11","'3128PSES2'","MBS","FHLMCGLD 3.5% 08/25","15yr",,,,,"162501.15",,,,,,""
"2021-08-11","'3131X7MY1'","MBS","UMBS MORTPASS 3% 03/22","Other",,,,,"162498.86",,,,,,""
"2021-08-11","'36178TLE4'","MBS","GNMA I MORTPASS 4% 11/42","30yr",,,,,"162484.68",,,,,,""
"2021-08-11","'3138XJCE5'","MBS","UMBS MORTPASS 3.5% 01/29","15yr",,,,,"162388.31",,,,,,""
"2021-08-11","'3140KF6H3'","MBS","UMBS MORTPASS 2% 08/50","30yr",,,,,"162357.47",,,,,,""
"2021-08-11","'3138X8BZ3'","MBS","UMBS MORTPASS 4% 09/43","30yr",,,,,"162351.21",,,,,,""
"2021-08-11","'3132GK6B7'","MBS","FHLMCGLD 3.5% 11/41","30yr",,,,,"162247.4",,,,,,""
"2021-08-11","'31412RND5'","MBS","UMBS MORTPASS 3.5% 01/41","30yr",,,,,"162129.85",,,,,,""
"2021-08-11","'3620A6NQ6'","MBS","GNMA I MORTPASS 5% 08/39","30yr",,,,,"162103.11",,,,,,""
"2021-08-11","'31307AZA3'","MBS","FHLMCGLD 3% 02/23","15yr",,,,,"162046.08",,,,,,""
"2021-08-11","'3138WDHX2'","MBS","UMBS MORTPASS 3% 11/29","15yr",,,,,"162010.2",,,,,,""
"2021-08-11","'3132VMQ81'","MBS","FHLMCGLD 3.5% 02/49","30yr",,,,,"161778.94",,,,,,""
"2021-08-11","'3138MD6W7'","MBS","UMBS MORTPASS 3% 10/27","15yr",,,,,"161685.37",,,,,,""
"2021-08-11","'3140HJRH6'","MBS","UMBS MORTPASS 3.5% 06/48","30yr",,,,,"161633.63",,,,,,""
"2021-08-11","'3132A9UN5'","MBS","UMBS MORTPASS 2.5% 03/33","15yr",,,,,"161609.99",,,,,,""
"2021-08-11","'3140HMUW2'","MBS","UMBS MORTPASS 4.5% 07/48","30yr",,,,,"161609.43",,,,,,""
"2021-08-11","'3138X9JB6'","MBS","UMBS MORTPASS 3% 09/28","15yr",,,,,"161578.06",,,,,,""
"2021-08-11","'3140Q8E68'","MBS","UMBS MORTPASS 4% 01/48","30yr",,,,,"161559.88",,,,,,""
"2021-08-11","'3131X7DG0'","MBS","UMBS MORTPASS 3% 11/26","15yr",,,,,"161495.47",,,,,,""
"2021-08-11","'3138XM3V0'","MBS","UMBS MORTPASS 3.5% 07/44","30yr",,,,,"161421.55",,,,,,""
"2021-08-11","'3140F33Y2'","MBS","UMBS MORTPASS 3% 07/31","15yr",,,,,"161317.66",,,,,,""
"2021-08-11","'3138EQ6Q0'","MBS","UMBS MORTPASS 3.5% 10/30","15yr",,,,,"161240.06",,,,,,""
"2021-08-11","'3138XQBU4'","MBS","UMBS MORTPASS 4.5% 04/44","30yr",,,,,"161232.21",,,,,,""
"2021-08-11","'3132QV3H2'","MBS","FHLMCGLD 4.5% 02/46","30yr",,,,,"161209.07",,,,,,""
"2021-08-11","'36230SJB1'","MBS","GNMA I MORTPASS 4% 10/41","30yr",,,,,"161099.68",,,,,,""
"2021-08-11","'36291UN84'","MBS","GNMA I 4.5% 05/39","30yr",,,,,"161082.75",,,,,,""
"2021-08-11","'31410LUP5'","MBS","UMBS MORTPASS 3% 08/32","15yr",,,,,"161051.18",,,,,,""
"2021-08-11","'3138W2YK5'","MBS","UMBS MORTPASS 3% 11/43","30yr",,,,,"160990.06",,,,,,""
"2021-08-11","'3138XMBX7'","MBS","UMBS MORTPASS 4.5% 02/44","30yr",,,,,"160944.75",,,,,,""
"2021-08-11","'3140HPXA0'","MBS","UMBS MORTPASS 3% 11/33","15yr",,,,,"160901.43",,,,,,""
"2021-08-11","'31416RHU0'","MBS","UMBS MORTPASS 4.5% 06/24","15yr",,,,,"160810.47",,,,,,""
"2021-08-11","'3138XG4E0'","MBS","UMBS MORTPASS 3% 12/28","15yr",,,,,"160786.3",,,,,,""
"2021-08-11","'36176PTK2'","MBS","GNMA I MORTPASS 4% 09/41","30yr",,,,,"160653.77",,,,,,""
"2021-08-11","'36297KMD0'","MBS","GNMA I 4.5% 05/39","30yr",,,,,"160603.87",,,,,,""
"2021-08-11","'3132A8MN6'","MBS","UMBS MORTPASS 2.5% 02/31","15yr",,,,,"160511.59",,,,,,""
"2021-08-11","'3140FNGB4'","MBS","UMBS MORTPASS 2.5% 11/31","15yr",,,,,"160484.67",,,,,,""
"2021-08-11","'3140HJRE3'","MBS","UMBS MORTPASS 3.5% 06/48","30yr",,,,,"160366.14",,,,,,""
"2021-08-11","'3140X4HL3'","MBS","UMBS MORTPASS 3% 04/48","30yr",,,,,"160282.61",,,,,,""
"2021-08-11","'3132AAMB7'","MBS","UMBS MORTPASS 4% 07/38","Other",,,,,"160200.41",,,,,,""
"2021-08-11","'312934SQ6'","MBS","FHLMCGLD 4% 08/39","30yr",,,,,"160196.57",,,,,,""
"2021-08-11","'3138XL5M0'","MBS","UMBS MORTPASS 3.5% 02/29","15yr",,,,,"160187.77",,,,,,""
"2021-08-11","'31418BYZ3'","MBS","UMBS MORTPASS 2% 01/26","Other",,,,,"160154.8",,,,,,""
"2021-08-11","'3138MC6G4'","MBS","UMBS MORTPASS 2.5% 11/27","15yr",,,,,"160127.84",,,,,,""
"2021-08-11","'36297CW88'","MBS","GNMA I 4.5% 02/39","30yr",,,,,"159995.72",,,,,,""
"2021-08-11","'3140QBZF8'","MBS","UMBS MORTPASS 3% 03/48","30yr",,,,,"159875.92",,,,,,""
"2021-08-11","'36296UKM1'","MBS","GNMA I 4.5% 12/38","30yr",,,,,"159817.85",,,,,,""
"2021-08-11","'3132KEZJ7'","MBS","FHLMCGLD 2.5% 03/30","15yr",,,,,"159814.53",,,,,,""
"2021-08-11","'36207QF93'","MBS","GNMA I 3.5% 03/42","30yr",,,,,"159783.04",,,,,,""
"2021-08-11","'36297EGT6'","MBS","GNMA I 4.5% 01/40","30yr",,,,,"159665.93",,,,,,""
"2021-08-11","'36202EZE2'","MBS","GNMA II 4.5% 01/39","30yr",,,,,"159648.26",,,,,,""
"2021-08-11","'31417GNK8'","MBS","UMBS MORTPASS 2.5% 05/23","Other",,,,,"159576.31",,,,,,""
"2021-08-11","'36296JFS9'","MBS","GNMA I 4.5% 02/39","30yr",,,,,"159550.59",,,,,,""
"2021-08-11","'3140Q9A29'","MBS","UMBS MORTPASS 3.5% 05/33","15yr",,,,,"159484.7",,,,,,""
"2021-08-11","'31417GXX9'","MBS","UMBS MORTPASS 2.5% 06/23","Other",,,,,"159430.79",,,,,,""
"2021-08-11","'3138XQLF6'","MBS","UMBS MORTPASS 3% 05/44","30yr",,,,,"159410.61",,,,,,""
"2021-08-11","'3131XYK99'","MBS","UMBS MORTPASS 3% 11/47","30yr",,,,,"159399.57",,,,,,""
"2021-08-11","'3620AQJB0'","MBS","GNMA I MORTPASS 5% 02/40","30yr",,,,,"159367.85",,,,,,""
"2021-08-11","'3620ABCU8'","MBS","GNMA I 4.5% 10/39","30yr",,,,,"159351.01",,,,,,""
"2021-08-11","'3620A2WR3'","MBS","GNMA I MORTPASS 5% 05/39","30yr",,,,,"159344.06",,,,,,""
"2021-08-11","'31339SX42'","MBS","UMBS MORTPASS 4% 10/49","30yr",,,,,"159225.13",,,,,,""
"2021-08-11","'36290RU35'","MBS","GNMA I 4.5% 08/33","30yr",,,,,"159218.6",,,,,,""
"2021-08-11","'3128PMN89'","MBS","FHLMCGLD 4% 03/24","15yr",,,,,"159157.86",,,,,,""
"2021-08-11","'3140H9GH0'","MBS","UMBS MORTPASS 4.5% 11/48","30yr",,,,,"159149.07",,,,,,""
"2021-08-11","'3138W0MC0'","MBS","UMBS MORTPASS 3% 01/28","15yr",,,,,"159094.78",,,,,,""
"2021-08-11","'3138MDVN9'","MBS","UMBS MORTPASS 2% 10/27","15yr",,,,,"159001.56",,,,,,""
"2021-08-11","'3133G6RR8'","MBS","UMBS MORTPASS 2% 09/34","15yr",,,,,"158846.11",,,,,,""
"2021-08-11","'3138Y2GF4'","MBS","UMBS MORTPASS 3.5% 09/44","30yr",,,,,"158824.4",,,,,,""
"2021-08-11","'3131X8HV1'","MBS","UMBS MORTPASS 2.5% 12/27","15yr",,,,,"158774.38",,,,,,""
"2021-08-11","'3131X8X68'","MBS","UMBS MORTPASS 2.5% 04/23","Other",,,,,"158764.25",,,,,,""
"2021-08-11","'36181KJR2'","MBS","GNMA I 3.5% 07/43","30yr",,,,,"158754.8",,,,,,""
"2021-08-11","'31418BQH2'","MBS","UMBS MORTPASS 2.5% 04/35","Other",,,,,"158684.09",,,,,,""
"2021-08-11","'31416LQX7'","MBS","UMBS MORTPASS 4% 03/24","15yr",,,,,"158620.7",,,,,,""
"2021-08-11","'3140E2UV1'","MBS","UMBS MORTPASS 2.5% 12/30","15yr",,,,,"158620.46",,,,,,""
"2021-08-11","'36176VGD9'","MBS","GNMA I 3.5% 12/41","30yr",,,,,"158594.91",,,,,,""
"2021-08-11","'3140JKX50'","MBS","UMBS MORTPASS 4% 12/48","30yr",,,,,"158542.8",,,,,,""
"2021-08-11","'3620AHDY6'","MBS","GNMA I MORTPASS 5% 12/39","30yr",,,,,"158524.38",,,,,,""
"2021-08-11","'36181BDS6'","MBS","GNMA I 3.5% 06/43","30yr",,,,,"158508.46",,,,,,""
"2021-08-11","'3140XAT44'","MBS","UMBS MORTPASS 2.5% 04/51","30yr",,,,,"158453.15",,,,,,""
"2021-08-11","'3132VMCU7'","MBS","FHLMCGLD 3.5% 01/49","30yr",,,,,"158414.35",,,,,,""
"2021-08-11","'3132QWZ93'","MBS","FHLMCGLD 4.5% 04/46","30yr",,,,,"158366.46",,,,,,""
"2021-08-11","'3128PV7B0'","MBS","FHLMCGLD 3.5% 08/26","15yr",,,,,"158352.03",,,,,,""
"2021-08-11","'3140H7HJ9'","MBS","UMBS MORTPASS 4% 02/48","30yr",,,,,"158310.22",,,,,,""
"2021-08-11","'31329LBK7'","MBS","UMBS MORTPASS 2.5% 05/22","Other",,,,,"158205.24",,,,,,""
"2021-08-11","'3132M8MA1'","MBS","FHLMCGLD 4% 08/44","30yr",,,,,"158023.98",,,,,,""
"2021-08-11","'3131X9CF9'","MBS","UMBS MORTPASS 2.5% 05/28","15yr",,,,,"157981.39",,,,,,""
"2021-08-11","'31307GUA5'","MBS","FHLMCGLD 3.5% 03/29","15yr",,,,,"157896.06",,,,,,""
"2021-08-11","'36178CJQ7'","MBS","GNMA I 3.5% 07/42","30yr",,,,,"157879.78",,,,,,""
"2021-08-11","'31417CAC9'","MBS","UMBS MORTPASS 3% 06/32","Other",,,,,"157768.09",,,,,,""
"2021-08-11","'36296URL6'","MBS","GNMA I MORTPASS 5% 02/39","30yr",,,,,"157488.9",,,,,,""
"2021-08-11","'3138WHVY5'","MBS","UMBS MORTPASS 2.5% 09/31","15yr",,,,,"157409.67",,,,,,""
"2021-08-11","'312942KK0'","MBS","FHLMCGLD 4% 09/40","30yr",,,,,"157307.8",,,,,,""
"2021-08-11","'3140HMHR8'","MBS","UMBS MORTPASS 3.5% 08/48","30yr",,,,,"157263.76",,,,,,""
"2021-08-11","'3132WFEV7'","MBS","FHLMCGLD 4.5% 07/46","30yr",,,,,"157217.65",,,,,,""
"2021-08-11","'3128MEBC4'","MBS","FHLMCGLD 3% 10/29","15yr",,,,,"157195.19",,,,,,""
"2021-08-11","'3140HB6L7'","MBS","UMBS MORTPASS 4.5% 09/49","30yr",,,,,"157186.38",,,,,,""
"2021-08-11","'31417L2R5'","MBS","UMBS MORTPASS 6% 10/39","30yr",,,,,"157120.59",,,,,,""
"2021-08-11","'3140H1N55'","MBS","UMBS MORTPASS 3.5% 10/47","30yr",,,,,"157093.21",,,,,,""
"2021-08-11","'31417BZA8'","MBS","UMBS MORTPASS 3% 05/27","15yr",,,,,"157091.56",,,,,,""
"2021-08-11","'31307SRU9'","MBS","FHLMCGLD 2% 11/31","15yr",,,,,"156932.1",,,,,,""
"2021-08-11","'3128MDKM4'","MBS","FHLMCGLD 3% 11/27","15yr",,,,,"156909.5",,,,,,""
"2021-08-11","'36297HN95'","MBS","GNMA I 4.5% 06/39","30yr",,,,,"156898.11",,,,,,""
"2021-08-11","'36177JTC3'","MBS","GNMA I 3.5% 04/42","30yr",,,,,"156821.94",,,,,,""
"2021-08-11","'3138WFYM2'","MBS","UMBS MORTPASS 2.5% 11/30","15yr",,,,,"156818.47",,,,,,""
"2021-08-11","'31307NWQ3'","MBS","FHLMCGLD 3.5% 08/30","15yr",,,,,"156804.48",,,,,,""
"2021-08-11","'3132WGPN1'","MBS","FHLMCGLD 4.5% 09/46","30yr",,,,,"156726.6",,,,,,""
"2021-08-11","'36297KLT6'","MBS","GNMA I MORTPASS 4% 07/39","30yr",,,,,"156722.09",,,,,,""
"2021-08-11","'3138X1XS0'","MBS","UMBS MORTPASS 2.5% 07/23","Other",,,,,"156590.14",,,,,,""
"2021-08-11","'36297KZH7'","MBS","GNMA I MORTPASS 5% 06/39","30yr",,,,,"156517.75",,,,,,""
"2021-08-11","'36176E4F5'","MBS","GNMA I 3.5% 11/41","30yr",,,,,"156515.95",,,,,,""
"2021-08-11","'3140E66P2'","MBS","UMBS MORTPASS 2% 10/30","15yr",,,,,"156501.91",,,,,,""
"2021-08-11","'31418CQ31'","MBS","UMBS MORTPASS 4% 09/32","15yr",,,,,"156500.47",,,,,,""
"2021-08-11","'36176SQW3'","MBS","GNMA I MORTPASS 4% 12/41","30yr",,,,,"156413.52",,,,,,""
"2021-08-11","'3138XZCJ8'","MBS","UMBS MORTPASS 3.5% 08/29","15yr",,,,,"156334.1",,,,,,""
"2021-08-11","'36202ERR2'","MBS","GNMA II 4.5% 03/38","30yr",,,,,"156308.87",,,,,,""
"2021-08-11","'3128MMR70'","MBS","FHLMCGLD 3.5% 04/29","15yr",,,,,"156240.71",,,,,,""
"2021-08-11","'3138X86H9'","MBS","UMBS MORTPASS 3% 01/29","15yr",,,,,"156235.03",,,,,,""
"2021-08-11","'31307HEQ6'","MBS","FHLMCGLD 3% 05/29","15yr",,,,,"156227.37",,,,,,""
"2021-08-11","'31418CPE8'","MBS","UMBS MORTPASS 3.5% 09/47","30yr",,,,,"156169.38",,,,,,""
"2021-08-11","'31410SBE6'","MBS","UMBS MORTPASS 6.5% 05/36","30yr",,,,,"156159.43",,,,,,""
"2021-08-11","'36292NR28'","MBS","GNMA I MORTPASS 6% 01/39","30yr",,,,,"156051.52",,,,,,""
"2021-08-11","'3128P7Q71'","MBS","FHLMCGLD 4% 06/31","Other",,,,,"156025.26",,,,,,""
"2021-08-11","'3140H5MG3'","MBS","UMBS MORTPASS 3.5% 01/48","30yr",,,,,"156018.84",,,,,,""
"2021-08-11","'31416AFM7'","MBS","UMBS MORTPASS 3.5% 06/24","15yr",,,,,"155946.23",,,,,,""
"2021-08-11","'36177PCU7'","MBS","GNMA I 3.5% 03/42","30yr",,,,,"155870.98",,,,,,""
"2021-08-11","'3138E2UG8'","MBS","UMBS MORTPASS 3% 02/27","15yr",,,,,"155820.57",,,,,,""
"2021-08-11","'31417CTE5'","MBS","UMBS MORTPASS 2.5% 08/22","Other",,,,,"155667.21",,,,,,""
"2021-08-11","'31307GFH7'","MBS","FHLMCGLD 3% 02/29","15yr",,,,,"155629.71",,,,,,""
"2021-08-11","'31414L6F0'","MBS","UMBS MORTPASS 6% 06/38","30yr",,,,,"155612.78",,,,,,""
"2021-08-11","'3620A7CE3'","MBS","GNMA I MORTPASS 5% 12/39","30yr",,,,,"155547.92",,,,,,""
"2021-08-11","'36178YW76'","MBS","GNMA I MORTPASS 4% 09/43","30yr",,,,,"155544.78",,,,,,""
"2021-08-11","'3138WF6J0'","MBS","UMBS MORTPASS 2.5% 12/30","15yr",,,,,"155458.17",,,,,,""
"2021-08-11","'3140JHBF9'","MBS","UMBS MORTPASS 4.5% 12/48","30yr",,,,,"155326.35",,,,,,""
"2021-08-11","'36230N3B9'","MBS","GNMA I 3.5% 08/42","30yr",,,,,"155325.26",,,,,,""
"2021-08-11","'3138EBBC8'","MBS","UMBS MORTPASS 4% 03/42","30yr",,,,,"155244.74",,,,,,""
"2021-08-11","'31417BFH5'","MBS","UMBS MORTPASS 2.5% 03/27","15yr",,,,,"155133.31",,,,,,""
"2021-08-11","'3140X5F99'","MBS","UMBS MORTPASS 4.5% 05/49","30yr",,,,,"155118.37",,,,,,""
"2021-08-11","'3138XUK27'","MBS","UMBS MORTPASS 3% 04/29","15yr",,,,,"155023.51",,,,,,""
"2021-08-11","'3138YYFX6'","MBS","UMBS MORTPASS 2.5% 07/30","15yr",,,,,"155019.18",,,,,,""
"2021-08-11","'3140JQE41'","MBS","UMBS MORTPASS 3% 02/34","15yr",,,,,"155004.85",,,,,,""
"2021-08-11","'3140HMF41'","MBS","UMBS MORTPASS 3.5% 07/48","30yr",,,,,"154999.37",,,,,,""
"2021-08-11","'3138EAJ81'","MBS","UMBS MORTPASS 3% 03/27","15yr",,,,,"154955.18",,,,,,""
"2021-08-11","'36178EEC9'","MBS","GNMA I 3.5% 05/43","30yr",,,,,"154845.66",,,,,,""
"2021-08-11","'31417SXG0'","MBS","UMBS MORTPASS 4% 11/24","15yr",,,,,"154841.92",,,,,,""
"2021-08-11","'3131XDKM6'","MBS","UMBS MORTPASS 2.5% 03/33","15yr",,,,,"154841.79",,,,,,""
"2021-08-11","'36202DYJ4'","MBS","GNMA II 4.5% 07/33","30yr",,,,,"154683.79",,,,,,""
"2021-08-11","'3140HAQR4'","MBS","UMBS MORTPASS 3% 03/33","15yr",,,,,"154635.06",,,,,,""
"2021-08-11","'3132GLY81'","MBS","FHLMCGLD 3.5% 01/42","30yr",,,,,"154623.97",,,,,,""
"2021-08-11","'31418DKA9'","MBS","UMBS MORTPASS 2% 11/29","Other",,,,,"154448.28",,,,,,""
"2021-08-11","'3131Y3YA8'","MBS","UMBS MORTPASS 4.5% 10/48","30yr",,,,,"154279.66",,,,,,""
"2021-08-11","'3132A73R0'","MBS","UMBS MORTPASS 2.5% 03/25","Other",,,,,"154277.93",,,,,,""
"2021-08-11","'3138XKMG6'","MBS","UMBS MORTPASS 3% 01/29","15yr",,,,,"154240.94",,,,,,""
"2021-08-11","'3133G7XE8'","MBS","UMBS 2.5%","15yr",,,,,"154193.82",,,,,,""
"2021-08-11","'3138WNWL9'","MBS","UMBS MORTPASS 2.5% 05/28","15yr",,,,,"154107.77",,,,,,""
"2021-08-11","'3140FCJB5'","MBS","UMBS MORTPASS 2.5% 08/46","30yr",,,,,"153935.4",,,,,,""
"2021-08-11","'3138LS4B3'","MBS","UMBS MORTPASS 2.5% 05/27","15yr",,,,,"153880.79",,,,,,""
"2021-08-11","'36230KUX7'","MBS","GNMA I MORTPASS 4% 02/42","30yr",,,,,"153803.66",,,,,,""
"2021-08-11","'31417CGU3'","MBS","UMBS MORTPASS 2.5% 07/22","Other",,,,,"153627.83",,,,,,""
"2021-08-11","'36202EHD4'","MBS","GNMA II 4.5% 03/36","30yr",,,,,"153594.88",,,,,,""
"2021-08-11","'3138NWYP8'","MBS","UMBS MORTPASS 2.5% 12/27","15yr",,,,,"153454.55",,,,,,""
"2021-08-11","'3138NW6V6'","MBS","UMBS MORTPASS 2% 12/27","15yr",,,,,"153422.14",,,,,,""
"2021-08-11","'3140H7L62'","MBS","UMBS MORTPASS 4% 05/48","30yr",,,,,"153420.17",,,,,,""
"2021-08-11","'36297ENL5'","MBS","GNMA I 4.5% 04/39","30yr",,,,,"153387.25",,,,,,""
"2021-08-11","'3138XHJR3'","MBS","UMBS MORTPASS 3% 01/29","15yr",,,,,"153359.26",,,,,,""
"2021-08-11","'36180CGX1'","MBS","GNMA I 3.5% 06/43","30yr",,,,,"153330.58",,,,,,""
"2021-08-11","'36297CS26'","MBS","GNMA I 4.5% 09/39","30yr",,,,,"153309.45",,,,,,""
"2021-08-11","'3140H5LT6'","MBS","UMBS MORTPASS 3.5% 01/48","30yr",,,,,"153306.35",,,,,,""
"2021-08-11","'36295LE23'","MBS","GNMA I 5.5% 03/38","30yr",,,,,"153264.54",,,,,,""
"2021-08-11","'31307HPJ0'","MBS","FHLMCGLD 3.5% 06/29","15yr",,,,,"153182.44",,,,,,""
"2021-08-11","'31307SMX8'","MBS","FHLMCGLD 2.5% 11/31","15yr",,,,,"153150.06",,,,,,""
"2021-08-11","'3138WE4G1'","MBS","UMBS MORTPASS 2.5% 07/30","15yr",,,,,"153126.75",,,,,,""
"2021-08-11","'3140HMHZ0'","MBS","UMBS MORTPASS 3.5% 09/48","30yr",,,,,"153122.7",,,,,,""
"2021-08-11","'36177TMP9'","MBS","GNMA I 3.5% 09/42","30yr",,,,,"153042.5",,,,,,""
"2021-08-11","'3138M5N88'","MBS","UMBS MORTPASS 3% 09/27","15yr",,,,,"152975.06",,,,,,""
"2021-08-11","'3140HN4X7'","MBS","UMBS MORTPASS 4% 09/48","30yr",,,,,"152884.38",,,,,,""
"2021-08-11","'31417FMN5'","MBS","UMBS MORTPASS 2.5% 02/43","30yr",,,,,"152652.22",,,,,,""
"2021-08-11","'3140Q9H89'","MBS","UMBS MORTPASS 4.5% 07/48","30yr",,,,,"152601.66",,,,,,""
"2021-08-11","'3138AWHQ9'","MBS","UMBS MORTPASS 3.5% 12/26","15yr",,,,,"152597.24",,,,,,""
"2021-08-11","'3138EMWR8'","MBS","UMBS MORTPASS 3% 04/24","Other",,,,,"152498.19",,,,,,""
"2021-08-11","'31417G7K6'","MBS","UMBS MORTPASS 2.5% 07/23","Other",,,,,"152473.06",,,,,,""
"2021-08-11","'36292NS50'","MBS","GNMA I 4.5% 04/39","30yr",,,,,"152422.03",,,,,,""
"2021-08-11","'3138XVQS2'","MBS","UMBS MORTPASS 3% 07/29","15yr",,,,,"152421.67",,,,,,""
"2021-08-11","'3140Q9T29'","MBS","UMBS MORTPASS 4% 09/48","30yr",,,,,"152405.82",,,,,,""
"2021-08-11","'3138AN5H2'","MBS","UMBS MORTPASS 3.5% 09/26","15yr",,,,,"152401.86",,,,,,""
"2021-08-11","'3140J9RM5'","MBS","UMBS MORTPASS 4% 09/48","30yr",,,,,"152251.21",,,,,,""
"2021-08-11","'3138XY6Q2'","MBS","UMBS MORTPASS 3.5% 07/29","15yr",,,,,"152228.34",,,,,,""
"2021-08-11","'36180DER4'","MBS","GNMA I 3.5% 06/43","30yr",,,,,"152212.95",,,,,,""
"2021-08-11","'3620A1YP7'","MBS","GNMA I MORTPASS 4% 06/39","30yr",,,,,"152168.17",,,,,,""
"2021-08-11","'3138ED4Y4'","MBS","UMBS MORTPASS 3% 05/27","15yr",,,,,"152121.51",,,,,,""
"2021-08-11","'3133A5B77'","MBS","UMBS MORTPASS 2.5% 06/50","30yr",,,,,"152116.79",,,,,,""
"2021-08-11","'31339USH4'","MBS","UMBS MORTPASS 3% 11/49","30yr",,,,,"151988.68",,,,,,""
"2021-08-11","'3138YGGG1'","MBS","UMBS MORTPASS 2.5% 01/30","15yr",,,,,"151947.23",,,,,,""
"2021-08-11","'3138WQX64'","MBS","UMBS MORTPASS 2.5% 09/28","15yr",,,,,"151920.44",,,,,,""
"2021-08-11","'3140QAV80'","MBS","UMBS MORTPASS 4% 03/49","30yr",,,,,"151817.59",,,,,,""
"2021-08-11","'3140FWA53'","MBS","UMBS MORTPASS 3.5% 06/47","30yr",,,,,"151816.19",,,,,,""
"2021-08-11","'3620A9HY0'","MBS","GNMA I MORTPASS 5% 10/39","30yr",,,,,"151801.68",,,,,,""
"2021-08-11","'31374CLD6'","MBS","UMBS MORTPASS 6.5% 09/36","30yr",,,,,"151798.96",,,,,,""
"2021-08-11","'3140JGZ81'","MBS","UMBS MORTPASS 4% 02/49","30yr",,,,,"151659.18",,,,,,""
"2021-08-11","'3129325S1'","MBS","FHLMCGLD 4.5% 05/39","30yr",,,,,"151614.42",,,,,,""
"2021-08-11","'31417UEU5'","MBS","UMBS MORTPASS 5% 05/40","30yr",,,,,"151599.77",,,,,,""
"2021-08-11","'3138W1UB1'","MBS","UMBS MORTPASS 3% 02/28","15yr",,,,,"151596.65",,,,,,""
"2021-08-11","'31307LS90'","MBS","FHLMCGLD 2.5% 12/29","15yr",,,,,"151592.15",,,,,,""
"2021-08-11","'36296LMD9'","MBS","GNMA I MORTPASS 4% 02/39","30yr",,,,,"151464.08",,,,,,""
"2021-08-11","'3138WFAN6'","MBS","UMBS MORTPASS 2.5% 07/30","15yr",,,,,"151410.35",,,,,,""
"2021-08-11","'36178DAG6'","MBS","GNMA I 3.5% 06/42","30yr",,,,,"151404.39",,,,,,""
"2021-08-11","'3128P7R39'","MBS","FHLMCGLD 3% 10/31","Other",,,,,"151394.15",,,,,,""
"2021-08-11","'3132A7FR7'","MBS","UMBS MORTPASS 3% 04/27","15yr",,,,,"151221.35",,,,,,""
"2021-08-11","'3140HJTD3'","MBS","UMBS MORTPASS 3.5% 07/48","30yr",,,,,"151213.45",,,,,,""
"2021-08-11","'36202EET2'","MBS","GNMA II 4.5% 08/35","30yr",,,,,"151147.83",,,,,,""
"2021-08-11","'3131Y03D2'","MBS","UMBS MORTPASS 3.5% 04/48","30yr",,,,,"151069.22",,,,,,""
"2021-08-11","'31410LRJ3'","MBS","UMBS MORTPASS 2% 03/30","15yr",,,,,"151020.49",,,,,,""
"2021-08-11","'36180UE54'","MBS","GNMA I MORTPASS 3% 05/43","30yr",,,,,"151015.54",,,,,,""
"2021-08-11","'3138E7XN9'","MBS","UMBS MORTPASS 3% 02/27","15yr",,,,,"150765.65",,,,,,""
"2021-08-11","'3133ABUC2'","MBS","UMBS MORTPASS 2% 11/50","30yr",,,,,"150734.21",,,,,,""
"2021-08-11","'3140HPWV5'","MBS","UMBS MORTPASS 4% 11/48","30yr",,,,,"150698.12",,,,,,""
"2021-08-11","'3138YSQP4'","MBS","UMBS MORTPASS 3% 06/30","15yr",,,,,"150681.97",,,,,,""
"2021-08-11","'3131Y7L39'","MBS","UMBS MORTPASS 4% 11/48","30yr",,,,,"150571.22",,,,,,""
"2021-08-11","'36296PWD9'","MBS","GNMA I 4.5% 05/39","30yr",,,,,"150517.44",,,,,,""
"2021-08-11","'3128P7ZN6'","MBS","FHLMCGLD 3% 04/33","Other",,,,,"150507.37",,,,,,""
"2021-08-11","'31329K2P8'","MBS","UMBS MORTPASS 3% 11/25","15yr",,,,,"150381.8",,,,,,""
"2021-08-11","'3620A24F0'","MBS","GNMA I MORTPASS 4% 12/41","30yr",,,,,"150363.29",,,,,,""
"2021-08-11","'36178MEU1'","MBS","GNMA I 3.5% 10/42","30yr",,,,,"150337.11",,,,,,""
"2021-08-11","'31307F2H3'","MBS","FHLMCGLD 3.5% 01/29","15yr",,,,,"150294.62",,,,,,""
"2021-08-11","'31329QCR0'","MBS","UMBS MORTPASS 4% 03/49","30yr",,,,,"150241.19",,,,,,""
"2021-08-11","'3138AWQL0'","MBS","UMBS MORTPASS 3% 11/26","15yr",,,,,"150224.62",,,,,,""
"2021-08-11","'31414QVJ3'","MBS","UMBS MORTPASS 5.5% 02/38","30yr",,,,,"150189.53",,,,,,""
"2021-08-11","'3133LPR33'","MBS","UMBS MORTPASS 2.5% 09/29","Other",,,,,"150060.79",,,,,,""
"2021-08-11","'36202EE70'","MBS","GNMA II 4.5% 09/35","30yr",,,,,"150013.09",,,,,,""
"2021-08-11","'3131X85S1'","MBS","UMBS MORTPASS 2.5% 04/28","15yr",,,,,"149956.81",,,,,,""
"2021-08-11","'36295R4B1'","MBS","GNMA I MORTPASS 4% 01/39","30yr",,,,,"149931.83",,,,,,""
"2021-08-11","'3131X7PB8'","MBS","UMBS MORTPASS 3% 03/27","15yr",,,,,"149894.6",,,,,,""
"2021-08-11","'31416KN38'","MBS","UMBS MORTPASS 4% 04/24","15yr",,,,,"149763.34",,,,,,""
"2021-08-11","'36181A3B6'","MBS","GNMA I MORTPASS 3% 06/43","30yr",,,,,"149474.46",,,,,,""
"2021-08-11","'3140JKY91'","MBS","UMBS MORTPASS 3% 01/34","15yr",,,,,"149435.31",,,,,,""
"2021-08-11","'3620AB7D2'","MBS","GNMA I MORTPASS 5% 02/40","30yr",,,,,"149405.62",,,,,,""
"2021-08-11","'36180FMM1'","MBS","GNMA I 3.5% 03/43","30yr",,,,,"149367.98",,,,,,""
"2021-08-11","'3138YJKX3'","MBS","UMBS MORTPASS 2% 04/30","15yr",,,,,"149281.42",,,,,,""
"2021-08-11","'3138WD6W6'","MBS","UMBS MORTPASS 2.5% 02/30","15yr",,,,,"149235.37",,,,,,""
"2021-08-11","'31416XQJ2'","MBS","UMBS MORTPASS 3.5% 02/26","15yr",,,,,"149206.82",,,,,,""
"2021-08-11","'3132QML82'","MBS","FHLMCGLD 3% 02/45","30yr",,,,,"149198.17",,,,,,""
"2021-08-11","'3620APZ73'","MBS","GNMA I MORTPASS 4% 10/41","30yr",,,,,"149098.34",,,,,,""
"2021-08-11","'3140E2E23'","MBS","UMBS MORTPASS 3.5% 09/45","30yr",,,,,"149068.6",,,,,,""
"2021-08-11","'3138WJXN3'","MBS","UMBS MORTPASS 3% 02/47","30yr",,,,,"149051.39",,,,,,""
"2021-08-11","'3140JGUU7'","MBS","UMBS MORTPASS 4% 12/48","30yr",,,,,"149031.17",,,,,,""
"2021-08-11","'31417AXK0'","MBS","UMBS MORTPASS 3% 01/27","15yr",,,,,"148927.21",,,,,,""
"2021-08-11","'3620AFD53'","MBS","GNMA I 5.5% 09/39","30yr",,,,,"148901.72",,,,,,""
"2021-08-11","'3138YGMN9'","MBS","UMBS MORTPASS 3.5% 08/26","15yr",,,,,"148733.51",,,,,,""
"2021-08-11","'36297KM57'","MBS","GNMA I 4.5% 07/39","30yr",,,,,"148700.44",,,,,,""
"2021-08-11","'3138YGKV3'","MBS","UMBS MORTPASS 2.5% 01/30","15yr",,,,,"148603.28",,,,,,""
"2021-08-11","'36297BDX6'","MBS","GNMA I 4.5% 03/39","30yr",,,,,"148491.86",,,,,,""
"2021-08-11","'31418AQU5'","MBS","UMBS MORTPASS 3% 03/33","Other",,,,,"148485.91",,,,,,""
"2021-08-11","'31307S2M4'","MBS","FHLMCGLD 3% 01/32","15yr",,,,,"148351.55",,,,,,""
"2021-08-11","'3132WDY24'","MBS","FHLMCGLD 4.5% 05/46","30yr",,,,,"148278.67",,,,,,""
"2021-08-11","'36296E4H6'","MBS","GNMA I 5.5% 06/38","30yr",,,,,"148260.36",,,,,,""
"2021-08-11","'3138A4EW1'","MBS","UMBS MORTPASS 3% 01/26","15yr",,,,,"148245.47",,,,,,""
"2021-08-11","'36180UK73'","MBS","GNMA I MORTPASS 3% 07/43","30yr",,,,,"148120.37",,,,,,""
"2021-08-11","'3140E2XK2'","MBS","UMBS MORTPASS 4% 10/45","30yr",,,,,"148055.68",,,,,,""
"2021-08-11","'31307HAQ0'","MBS","FHLMCGLD 3.5% 05/29","15yr",,,,,"148032.55",,,,,,""
"2021-08-11","'3140GYHV4'","MBS","UMBS MORTPASS 3% 01/33","15yr",,,,,"148010.28",,,,,,""
"2021-08-11","'3620AB6L5'","MBS","GNMA I 4.5% 01/40","30yr",,,,,"147989.6",,,,,,""
"2021-08-11","'36179TE35'","MBS","GNMA II 4.5% 08/47","30yr",,,,,"147974.26",,,,,,""
"2021-08-11","'3138WB5B7'","MBS","UMBS MORTPASS 2% 01/24","Other",,,,,"147970.8",,,,,,""
"2021-08-11","'3132QTSV9'","MBS","FHLMCGLD 3.5% 10/45","30yr",,,,,"147936.63",,,,,,""
"2021-08-11","'3138X82E0'","MBS","UMBS MORTPASS 3% 12/28","15yr",,,,,"147901.14",,,,,,""
"2021-08-11","'31417GXT8'","MBS","UMBS MORTPASS 2% 06/23","Other",,,,,"147898.04",,,,,,""
"2021-08-11","'3140EVE29'","MBS","UMBS MORTPASS 3% 04/31","15yr",,,,,"147895.25",,,,,,""
"2021-08-11","'3138WEZJ1'","MBS","UMBS MORTPASS 3.5% 06/45","30yr",,,,,"147883.63",,,,,,""
"2021-08-11","'36297C3A5'","MBS","GNMA I MORTPASS 5% 02/39","30yr",,,,,"147833.52",,,,,,""
"2021-08-11","'3140HJKB6'","MBS","UMBS MORTPASS 3% 08/33","15yr",,,,,"147830.83",,,,,,""
"2021-08-11","'3132KEWQ4'","MBS","FHLMCGLD 3% 10/29","15yr",,,,,"147798.63",,,,,,""
"2021-08-11","'31412QRN1'","MBS","UMBS MORTPASS 4% 11/24","15yr",,,,,"147668.26",,,,,,""
"2021-08-11","'31329PJU8'","MBS","UMBS MORTPASS 4% 09/48","30yr",,,,,"147655.72",,,,,,""
"2021-08-11","'36297DJU2'","MBS","GNMA I 4.5% 04/39","30yr",,,,,"147652.14",,,,,,""
"2021-08-11","'36178LUL5'","MBS","GNMA I 3.5% 09/42","30yr",,,,,"147612.3",,,,,,""
"2021-08-11","'3138YGL91'","MBS","UMBS MORTPASS 2.5% 09/22","Other",,,,,"147603.12",,,,,,""
"2021-08-11","'36180DSR9'","MBS","GNMA I 3.5% 04/43","30yr",,,,,"147533.57",,,,,,""
"2021-08-11","'36179USR4'","MBS","GNMA II 2.5% 05/49","30yr",,,,,"147404.24",,,,,,""
"2021-08-11","'3132WKUP1'","MBS","FHLMCGLD 3% 01/47","30yr",,,,,"147378.17",,,,,,""
"2021-08-11","'31307PHT9'","MBS","FHLMCGLD 3.5% 10/30","15yr",,,,,"147373.18",,,,,,""
"2021-08-11","'3620C0L30'","MBS","GNMA I 3.5% 03/42","30yr",,,,,"147361.49",,,,,,""
"2021-08-11","'3132HP5L4'","MBS","FHLMCGLD 4% 12/42","30yr",,,,,"147351.85",,,,,,""
"2021-08-11","'36176UUB9'","MBS","GNMA I 3.5% 05/42","30yr",,,,,"147271.22",,,,,,""
"2021-08-11","'36230TF56'","MBS","GNMA I MORTPASS 4% 04/41","30yr",,,,,"147144.56",,,,,,""
"2021-08-11","'3138EQD41'","MBS","UMBS MORTPASS 3% 06/30","15yr",,,,,"147141.45",,,,,,""
"2021-08-11","'36177JQS1'","MBS","GNMA I MORTPASS 4% 12/41","30yr",,,,,"147104.62",,,,,,""
"2021-08-11","'3620A5C23'","MBS","GNMA I 4.5% 07/39","30yr",,,,,"147084.67",,,,,,""
"2021-08-11","'3132WEQB1'","MBS","FHLMCGLD 4.5% 06/46","30yr",,,,,"147067.98",,,,,,""
"2021-08-11","'3138WGPG3'","MBS","UMBS MORTPASS 3% 02/31","15yr",,,,,"147042.65",,,,,,""
"2021-08-11","'3132L6YH8'","MBS","FHLMCGLD 3.5% 04/45","30yr",,,,,"146722.09",,,,,,""
"2021-08-11","'3620C6FP5'","MBS","GNMA I MORTPASS 4% 12/40","30yr",,,,,"146713.7",,,,,,""
"2021-08-11","'3138WHC34'","MBS","UMBS MORTPASS 3.5% 05/31","15yr",,,,,"146706.65",,,,,,""
"2021-08-11","'36202S3G1'","MBS","GNMA I MORTPASS 5% 06/33","30yr",,,,,"146603.98",,,,,,""
"2021-08-11","'3138M4XT4'","MBS","UMBS MORTPASS 3% 08/27","15yr",,,,,"146494.15",,,,,,""
"2021-08-11","'3140FWB86'","MBS","UMBS MORTPASS 4% 07/47","30yr",,,,,"146481.43",,,,,,""
"2021-08-11","'3140H2DS4'","MBS","UMBS MORTPASS 3.5% 12/47","30yr",,,,,"146371.32",,,,,,""
"2021-08-11","'3138YPW81'","MBS","UMBS MORTPASS 3% 05/30","15yr",,,,,"146347.02",,,,,,""
"2021-08-11","'3138WHSR4'","MBS","UMBS MORTPASS 3% 08/46","30yr",,,,,"146315.67",,,,,,""
"2021-08-11","'3138W1YP6'","MBS","UMBS MORTPASS 2.5% 02/28","15yr",,,,,"146283.94",,,,,,""
"2021-08-11","'3138Y5MF0'","MBS","UMBS MORTPASS 3% 01/45","30yr",,,,,"146281.63",,,,,,""
"2021-08-11","'3131X8C79'","MBS","UMBS MORTPASS 2.5% 10/27","15yr",,,,,"146178.86",,,,,,""
"2021-08-11","'31417DLZ4'","MBS","UMBS MORTPASS 2.5% 10/27","15yr",,,,,"146159.77",,,,,,""
"2021-08-11","'3131X9EM2'","MBS","UMBS MORTPASS 2.5% 05/23","Other",,,,,"146148.15",,,,,,""
"2021-08-11","'3132CWBH6'","MBS","UMBS MORTPASS 2.5% 12/33","15yr",,,,,"146111.46",,,,,,""
"2021-08-11","'3131X7CY2'","MBS","UMBS MORTPASS 3% 12/26","15yr",,,,,"145931.16",,,,,,""
"2021-08-11","'3620A64S3'","MBS","GNMA I 4.5% 11/39","30yr",,,,,"145925.02",,,,,,""
"2021-08-11","'3132AEEK8'","MBS","UMBS MORTPASS 4% 02/39","Other",,,,,"145823.39",,,,,,""
"2021-08-11","'36177NS92'","MBS","GNMA I 3.5% 05/42","30yr",,,,,"145821.51",,,,,,""
"2021-08-11","'3620AKFB7'","MBS","GNMA I MORTPASS 5% 01/40","30yr",,,,,"145804.39",,,,,,""
"2021-08-11","'31417KYS0'","MBS","UMBS MORTPASS 6% 08/39","30yr",,,,,"145725.98",,,,,,""
"2021-08-11","'3620A1P69'","MBS","GNMA I MORTPASS 5% 02/40","30yr",,,,,"145693.4",,,,,,""
"2021-08-11","'31414RD69'","MBS","UMBS MORTPASS 5.5% 11/38","30yr",,,,,"145675.62",,,,,,""
"2021-08-11","'3140JVEC2'","MBS","UMBS MORTPASS 4% 08/49","30yr",,,,,"145670.18",,,,,,""
"2021-08-11","'3620C1WM4'","MBS","GNMA I 3.5% 12/41","30yr",,,,,"145643.18",,,,,,""
"2021-08-11","'31346YPV9'","MBS","UMBS MORTPASS 3% 12/49","30yr",,,,,"145582.6",,,,,,""
"2021-08-11","'3138WVTT8'","MBS","UMBS MORTPASS 2.5% 06/28","15yr",,,,,"145546.25",,,,,,""
"2021-08-11","'36178VCK5'","MBS","GNMA I MORTPASS 3% 02/43","30yr",,,,,"145531.08",,,,,,""
"2021-08-11","'3138MG2X2'","MBS","UMBS MORTPASS 2.5% 11/27","15yr",,,,,"145445.37",,,,,,""
"2021-08-11","'36297HR83'","MBS","GNMA I 4.5% 06/39","30yr",,,,,"145445.37",,,,,,""
"2021-08-11","'31417AXA2'","MBS","UMBS MORTPASS 2.5% 01/27","15yr",,,,,"145439.58",,,,,,""
"2021-08-11","'36178GTS3'","MBS","GNMA I MORTPASS 3% 08/42","30yr",,,,,"145372.47",,,,,,""
"2021-08-11","'3128PMQA1'","MBS","FHLMCGLD 4% 03/24","15yr",,,,,"145294.45",,,,,,""
"2021-08-11","'3140X4PK6'","MBS","UMBS MORTPASS 3% 08/34","15yr",,,,,"145266.47",,,,,,""
"2021-08-11","'31329KVS0'","MBS","UMBS MORTPASS 3.5% 08/36","Other",,,,,"145180.06",,,,,,""
"2021-08-11","'3138MK6G6'","MBS","UMBS MORTPASS 3% 11/27","15yr",,,,,"145135.54",,,,,,""
"2021-08-11","'31418CNF7'","MBS","UMBS MORTPASS 3.5% 08/37","Other",,,,,"145129.46",,,,,,""
"2021-08-11","'31307GLZ0'","MBS","FHLMCGLD 3.5% 03/29","15yr",,,,,"145095.87",,,,,,""
"2021-08-11","'36296V6S2'","MBS","GNMA I MORTPASS 4% 02/39","30yr",,,,,"144999.29",,,,,,""
"2021-08-11","'36291X2K4'","MBS","GNMA I MORTPASS 4% 12/41","30yr",,,,,"144986.9",,,,,,""
"2021-08-11","'31418BWL6'","MBS","UMBS MORTPASS 3% 11/25","Other",,,,,"144923.99",,,,,,""
"2021-08-11","'31418BX68'","MBS","UMBS MORTPASS 2% 12/25","Other",,,,,"144737.04",,,,,,""
"2021-08-11","'31418BT89'","MBS","UMBS MORTPASS 3.5% 08/25","Other",,,,,"144707.66",,,,,,""
"2021-08-11","'31307VLU8'","MBS","FHLMCGLD 3% 02/33","15yr",,,,,"144695.34",,,,,,""
"2021-08-11","'31417CUR4'","MBS","UMBS MORTPASS 2.5% 08/27","15yr",,,,,"144666.98",,,,,,""
"2021-08-11","'3140X5UB7'","MBS","UMBS MORTPASS 4.5% 01/49","30yr",,,,,"144626.07",,,,,,""
"2021-08-11","'3140HJQG9'","MBS","UMBS MORTPASS 3.5% 05/48","30yr",,,,,"144584.16",,,,,,""
"2021-08-11","'3140HMH31'","MBS","UMBS MORTPASS 3.5% 09/48","30yr",,,,,"144494.54",,,,,,""
"2021-08-11","'3138XSA72'","MBS","UMBS MORTPASS 3.5% 03/29","15yr",,,,,"144436.07",,,,,,""
"2021-08-11","'31417DLY7'","MBS","UMBS MORTPASS 2% 10/27","15yr",,,,,"144386.31",,,,,,""
"2021-08-11","'3138WQLQ3'","MBS","UMBS MORTPASS 2.5% 04/23","Other",,,,,"144385.33",,,,,,""
"2021-08-11","'3138EEDQ9'","MBS","UMBS MORTPASS 3% 01/26","15yr",,,,,"144333.4",,,,,,""
"2021-08-11","'3138XUAH5'","MBS","UMBS MORTPASS 3.5% 06/29","15yr",,,,,"144326.6",,,,,,""
"2021-08-11","'3138Y6J88'","MBS","UMBS MORTPASS 2.5% 09/29","15yr",,,,,"144307.59",,,,,,""
"2021-08-11","'3140KGWC3'","MBS","UMBS MORTPASS 2.5% 07/50","30yr",,,,,"144224.28",,,,,,""
"2021-08-11","'3138M2CP9'","MBS","UMBS MORTPASS 3% 07/27","15yr",,,,,"144130.03",,,,,,""
"2021-08-11","'31418BRQ1'","MBS","UMBS MORTPASS 3% 06/25","Other",,,,,"144101.15",,,,,,""
"2021-08-11","'31417EK59'","MBS","UMBS MORTPASS 2% 01/23","Other",,,,,"144059.23",,,,,,""
"2021-08-11","'36297ELC7'","MBS","GNMA I 4.5% 02/39","30yr",,,,,"144037.45",,,,,,""
"2021-08-11","'3620A5V22'","MBS","GNMA I MORTPASS 5% 10/39","30yr",,,,,"143906.15",,,,,,""
"2021-08-11","'3132M8R40'","MBS","FHLMCGLD 4.5% 08/44","30yr",,,,,"143901.74",,,,,,""
"2021-08-11","'3138XEVS4'","MBS","UMBS MORTPASS 4.5% 02/44","30yr",,,,,"143843.64",,,,,,""
"2021-08-11","'3140K37F3'","MBS","UMBS MORTPASS 2.5% 11/49","30yr",,,,,"143816.31",,,,,,""
"2021-08-11","'31307MLA2'","MBS","FHLMCGLD 3% 04/30","15yr",,,,,"143786.04",,,,,,""
"2021-08-11","'36296MG85'","MBS","GNMA I 4.5% 04/39","30yr",,,,,"143769.74",,,,,,""
"2021-08-11","'3138WCPQ0'","MBS","UMBS MORTPASS 3.5% 08/29","15yr",,,,,"143768.09",,,,,,""
"2021-08-11","'3620A1TR9'","MBS","GNMA I MORTPASS 5% 09/39","30yr",,,,,"143715.83",,,,,,""
"2021-08-11","'31346YLW1'","MBS","UMBS MORTPASS 3% 11/49","30yr",,,,,"143638.75",,,,,,""
"2021-08-11","'3132QSLZ9'","MBS","FHLMCGLD 3% 08/45","30yr",,,,,"143545.81",,,,,,""
"2021-08-11","'31418CQA5'","MBS","UMBS MORTPASS 3.5% 10/47","30yr",,,,,"143514.23",,,,,,""
"2021-08-11","'36295KKZ5'","MBS","GNMA I MORTPASS 5% 05/38","30yr",,,,,"143467.53",,,,,,""
"2021-08-11","'31307NDJ0'","MBS","FHLMCGLD 3% 06/30","15yr",,,,,"143283.79",,,,,,""
"2021-08-11","'3132WHJY2'","MBS","FHLMCGLD 3% 10/46","30yr",,,,,"143265.16",,,,,,""
"2021-08-11","'31307GGX1'","MBS","FHLMCGLD 3.5% 02/29","15yr",,,,,"143250.82",,,,,,""
"2021-08-11","'36178TK88'","MBS","GNMA I MORTPASS 4% 11/42","30yr",,,,,"143244.31",,,,,,""
"2021-08-11","'3132QRQB9'","MBS","FHLMCGLD 3% 07/45","30yr",,,,,"143218.95",,,,,,""
"2021-08-11","'3138WEJN0'","MBS","UMBS MORTPASS 3% 04/30","15yr",,,,,"143141.01",,,,,,""
"2021-08-11","'3128MECA7'","MBS","FHLMCGLD 3% 01/30","15yr",,,,,"143137.52",,,,,,""
"2021-08-11","'31417DPP2'","MBS","UMBS MORTPASS 2% 10/22","Other",,,,,"143093.11",,,,,,""
"2021-08-11","'3133G6LJ2'","MBS","UMBS MORTPASS 2.5% 07/34","15yr",,,,,"143054.53",,,,,,""
"2021-08-11","'36177JSM2'","MBS","GNMA I MORTPASS 4% 02/42","30yr",,,,,"142984.64",,,,,,""
"2021-08-11","'3138WEQZ5'","MBS","UMBS MORTPASS 3% 05/45","30yr",,,,,"142980.06",,,,,,""
"2021-08-11","'3620ABGJ9'","MBS","GNMA I MORTPASS 5% 02/40","30yr",,,,,"142927.55",,,,,,""
"2021-08-11","'3131XASQ5'","MBS","UMBS MORTPASS 3% 08/29","15yr",,,,,"142879.25",,,,,,""
"2021-08-11","'31417UE92'","MBS","UMBS MORTPASS 4% 05/25","15yr",,,,,"142876.24",,,,,,""
"2021-08-11","'3140EYQG9'","MBS","UMBS MORTPASS 3.5% 04/31","15yr",,,,,"142838.25",,,,,,""
"2021-08-11","'3138WYB46'","MBS","UMBS MORTPASS 2.5% 07/28","15yr",,,,,"142798.38",,,,,,""
"2021-08-11","'3620C66U4'","MBS","GNMA I MORTPASS 4% 08/41","30yr",,,,,"142788.92",,,,,,""
"2021-08-11","'3138XQUW9'","MBS","UMBS MORTPASS 4% 03/44","30yr",,,,,"142758.01",,,,,,""
"2021-08-11","'3620AUME1'","MBS","GNMA I 3.5% 04/42","30yr",,,,,"142731.21",,,,,,""
"2021-08-11","'3620A5ZJ1'","MBS","GNMA I 4.5% 11/39","30yr",,,,,"142690.19",,,,,,""
"2021-08-11","'36176ULJ2'","MBS","GNMA I 3.5% 02/42","30yr",,,,,"142684.31",,,,,,""
"2021-08-11","'3140FPC98'","MBS","UMBS MORTPASS 3.5% 06/47","30yr",,,,,"142643.67",,,,,,""
"2021-08-11","'3620ABC87'","MBS","GNMA I MORTPASS 5% 12/39","30yr",,,,,"142575.11",,,,,,""
"2021-08-11","'3140H2B49'","MBS","UMBS MORTPASS 2.5% 11/32","15yr",,,,,"142559.5",,,,,,""
"2021-08-11","'36296U7F1'","MBS","GNMA I 4.5% 06/39","30yr",,,,,"142522.35",,,,,,""
"2021-08-11","'3138X5S40'","MBS","UMBS MORTPASS 3% 09/28","15yr",,,,,"142464.19",,,,,,""
"2021-08-11","'3620ADS45'","MBS","GNMA I MORTPASS 5% 11/39","30yr",,,,,"142446.21",,,,,,""
"2021-08-11","'3128MMWS8'","MBS","FHLMCGLD 3.5% 08/32","15yr",,,,,"142443.12",,,,,,""
"2021-08-11","'3138WTPW0'","MBS","UMBS MORTPASS 2.5% 05/28","15yr",,,,,"142414.75",,,,,,""
"2021-08-11","'3138XKNM2'","MBS","UMBS MORTPASS 3.5% 03/29","15yr",,,,,"142334.14",,,,,,""
"2021-08-11","'31418BGQ3'","MBS","UMBS MORTPASS 2% 07/24","Other",,,,,"142241.83",,,,,,""
"2021-08-11","'3140Q7B89'","MBS","UMBS MORTPASS 4% 07/47","30yr",,,,,"142228.06",,,,,,""
"2021-08-11","'3140JWPQ7'","MBS","UMBS MORTPASS 2% 09/34","15yr",,,,,"142195.76",,,,,,""
"2021-08-11","'31371N4Q5'","MBS","UMBS MORTPASS 6.5% 10/28","Other",,,,,"142174.9",,,,,,""
"2021-08-11","'3138E3CX9'","MBS","UMBS MORTPASS 4.5% 07/42","30yr",,,,,"142089.12",,,,,,""
"2021-08-11","'3138WPYP3'","MBS","UMBS MORTPASS 3% 05/28","15yr",,,,,"142014.52",,,,,,""
"2021-08-11","'3128MJXE5'","MBS","FHLMCGLD 3.5% 11/45","30yr",,,,,"142009.5",,,,,,""
"2021-08-11","'31418AFZ6'","MBS","UMBS MORTPASS 3% 06/32","Other",,,,,"141994.94",,,,,,""
"2021-08-11","'31418SXY0'","MBS","UMBS MORTPASS 5.5% 04/40","30yr",,,,,"141969.8",,,,,,""
"2021-08-11","'3138W13R6'","MBS","UMBS MORTPASS 2.5% 02/28","15yr",,,,,"141938.58",,,,,,""
"2021-08-11","'31417M3Y7'","MBS","UMBS MORTPASS 6% 08/39","30yr",,,,,"141826.5",,,,,,""
"2021-08-11","'3138X1YE0'","MBS","UMBS MORTPASS 3% 07/28","15yr",,,,,"141777.92",,,,,,""
"2021-08-11","'3138W9Z37'","MBS","UMBS MORTPASS 3% 10/28","15yr",,,,,"141771",,,,,,""
"2021-08-11","'3138EDPH8'","MBS","UMBS MORTPASS 3% 03/27","15yr",,,,,"141626.78",,,,,,""
"2021-08-11","'3138WBWY7'","MBS","UMBS MORTPASS 3% 05/29","15yr",,,,,"141594.8",,,,,,""
"2021-08-11","'3132A7P54'","MBS","UMBS MORTPASS 3% 07/28","15yr",,,,,"141569.26",,,,,,""
"2021-08-11","'36177JSY6'","MBS","GNMA I 3.5% 03/42","30yr",,,,,"141438.7",,,,,,""
"2021-08-11","'3132KESL0'","MBS","FHLMCGLD 3% 04/29","15yr",,,,,"141423.95",,,,,,""
"2021-08-11","'36177KWJ1'","MBS","GNMA I 3.5% 01/42","30yr",,,,,"141354.11",,,,,,""
"2021-08-11","'3138Y5D29'","MBS","UMBS MORTPASS 3.5% 07/27","15yr",,,,,"141351.21",,,,,,""
"2021-08-11","'31416SVZ1'","MBS","UMBS MORTPASS 6% 06/39","30yr",,,,,"141340.36",,,,,,""
"2021-08-11","'36296WDG8'","MBS","GNMA I 4.5% 06/39","30yr",,,,,"141265.64",,,,,,""
"2021-08-11","'3140QDQ56'","MBS","UMBS MORTPASS 3.5% 03/39","Other",,,,,"141151.69",,,,,,""
"2021-08-11","'312932BD7'","MBS","FHLMCGLD 5% 03/39","30yr",,,,,"141039.69",,,,,,""
"2021-08-11","'3131X7B56'","MBS","UMBS MORTPASS 3% 11/26","15yr",,,,,"140901.41",,,,,,""
"2021-08-11","'36295DPC7'","MBS","GNMA I 5.5% 08/39","30yr",,,,,"140875.52",,,,,,""
"2021-08-11","'31418ADU9'","MBS","UMBS MORTPASS 3% 03/22","Other",,,,,"140861.66",,,,,,""
"2021-08-11","'36176E4N8'","MBS","GNMA I 3.5% 11/41","30yr",,,,,"140815.15",,,,,,""
"2021-08-11","'36180KBZ3'","MBS","GNMA I 3.5% 03/43","30yr",,,,,"140755.68",,,,,,""
"2021-08-11","'36178GEE0'","MBS","GNMA I 3.5% 07/42","30yr",,,,,"140715.27",,,,,,""
"2021-08-11","'31418RMQ1'","MBS","UMBS MORTPASS 4% 05/25","15yr",,,,,"140707.72",,,,,,""
"2021-08-11","'3138Y22C6'","MBS","UMBS MORTPASS 2.5% 10/29","15yr",,,,,"140700.98",,,,,,""
"2021-08-11","'3620C1S56'","MBS","GNMA I MORTPASS 4% 10/40","30yr",,,,,"140556",,,,,,""
"2021-08-11","'3138WFKF2'","MBS","UMBS MORTPASS 3% 08/45","30yr",,,,,"140553.03",,,,,,""
"2021-08-11","'3131X9BY9'","MBS","UMBS MORTPASS 2.5% 05/23","Other",,,,,"140486.33",,,,,,""
"2021-08-11","'36179RNY1'","MBS","GNMA II 4.5% 09/45","30yr",,,,,"140346.48",,,,,,""
"2021-08-11","'31413CRT8'","MBS","UMBS MORTPASS 4% 09/40","30yr",,,,,"140247.6",,,,,,""
"2021-08-11","'36201YA48'","MBS","GNMA I MORTPASS 5% 04/40","30yr",,,,,"140242.61",,,,,,""
"2021-08-11","'3138EBCA1'","MBS","UMBS MORTPASS 3% 04/27","15yr",,,,,"140208.71",,,,,,""
"2021-08-11","'36177WA26'","MBS","GNMA I 3.5% 03/42","30yr",,,,,"140137.46",,,,,,""
"2021-08-11","'3138XY2J2'","MBS","UMBS MORTPASS 3.5% 07/29","15yr",,,,,"139947.89",,,,,,""
"2021-08-11","'31416WXZ0'","MBS","UMBS MORTPASS 3% 10/25","15yr",,,,,"139935.24",,,,,,""
"2021-08-11","'3131X9SH8'","MBS","UMBS MORTPASS 2% 08/23","Other",,,,,"139875.71",,,,,,""
"2021-08-11","'3131X8TV8'","MBS","UMBS MORTPASS 2% 03/23","Other",,,,,"139842.24",,,,,,""
"2021-08-11","'3140JACC0'","MBS","UMBS MORTPASS 2.5% 10/43","30yr",,,,,"139739.55",,,,,,""
"2021-08-11","'3128M9NE8'","MBS","FHLMCGLD 3% 11/42","30yr",,,,,"139736.1",,,,,,""
"2021-08-11","'3620AEE22'","MBS","GNMA I MORTPASS 4% 08/41","30yr",,,,,"139542.66",,,,,,""
"2021-08-11","'36179BTB0'","MBS","GNMA I MORTPASS 3% 02/43","30yr",,,,,"139483.69",,,,,,""
"2021-08-11","'3620AAQ68'","MBS","GNMA I MORTPASS 5% 09/39","30yr",,,,,"139469.54",,,,,,""
"2021-08-11","'36179JMR5'","MBS","GNMA I MORTPASS 3% 03/43","30yr",,,,,"139435.78",,,,,,""
"2021-08-11","'3140X4Z41'","MBS","UMBS MORTPASS 3% 05/33","15yr",,,,,"139432.77",,,,,,""
"2021-08-11","'3138WGRV8'","MBS","UMBS MORTPASS 3% 03/31","15yr",,,,,"139423.63",,,,,,""
"2021-08-11","'31307MWC6'","MBS","FHLMCGLD 2.5% 05/30","15yr",,,,,"139407.56",,,,,,""
"2021-08-11","'3131X9NN0'","MBS","UMBS MORTPASS 2% 07/23","Other",,,,,"139403.64",,,,,,""
"2021-08-11","'3138XF6H3'","MBS","UMBS MORTPASS 3.5% 02/29","15yr",,,,,"139270.03",,,,,,""
"2021-08-11","'3620AKA48'","MBS","GNMA I MORTPASS 5% 02/40","30yr",,,,,"139240.02",,,,,,""
"2021-08-11","'3138M2C20'","MBS","UMBS MORTPASS 2.5% 07/27","15yr",,,,,"139216.33",,,,,,""
"2021-08-11","'36296QHN2'","MBS","GNMA I MORTPASS 4% 02/39","30yr",,,,,"139208.88",,,,,,""
"2021-08-11","'36297EUK9'","MBS","GNMA I 4.5% 11/39","30yr",,,,,"139116.25",,,,,,""
"2021-08-11","'3140GXW49'","MBS","UMBS MORTPASS 2.5% 09/32","15yr",,,,,"139113.57",,,,,,""
"2021-08-11","'3620AKT63'","MBS","GNMA I 4.5% 01/40","30yr",,,,,"138987.84",,,,,,""
"2021-08-11","'3138WSQZ4'","MBS","UMBS MORTPASS 3% 05/28","15yr",,,,,"138923.44",,,,,,""
"2021-08-11","'3138ED5D9'","MBS","UMBS MORTPASS 2.5% 04/27","15yr",,,,,"138818.48",,,,,,""
"2021-08-11","'3140HMHD9'","MBS","UMBS MORTPASS 3.5% 08/48","30yr",,,,,"138787.45",,,,,,""
"2021-08-11","'3131X66X3'","MBS","UMBS MORTPASS 3% 10/26","15yr",,,,,"138613.06",,,,,,""
"2021-08-11","'36297C3M9'","MBS","GNMA I MORTPASS 5% 03/39","30yr",,,,,"138605.35",,,,,,""
"2021-08-11","'36230UGG8'","MBS","GNMA I MORTPASS 4% 01/41","30yr",,,,,"138586.86",,,,,,""
"2021-08-11","'31307QQQ3'","MBS","FHLMCGLD 3.5% 03/31","15yr",,,,,"138574.97",,,,,,""
"2021-08-11","'3620ABF92'","MBS","GNMA I 4.5% 12/39","30yr",,,,,"138560.52",,,,,,""
"2021-08-11","'3138LSC81'","MBS","UMBS MORTPASS 2.5% 04/27","15yr",,,,,"138556.07",,,,,,""
"2021-08-11","'3620A5V89'","MBS","GNMA I MORTPASS 5% 11/39","30yr",,,,,"138526.3",,,,,,""
"2021-08-11","'3138X2WY6'","MBS","UMBS MORTPASS 3% 08/28","15yr",,,,,"138464.91",,,,,,""
"2021-08-11","'31419EJP5'","MBS","UMBS MORTPASS 4% 11/25","15yr",,,,,"138454.33",,,,,,""
"2021-08-11","'3140JKDD5'","MBS","UMBS MORTPASS 4.5% 12/48","30yr",,,,,"138419.72",,,,,,""
"2021-08-11","'3138E6BC9'","MBS","UMBS MORTPASS 3% 01/27","15yr",,,,,"138407.49",,,,,,""
"2021-08-11","'3140JJYF0'","MBS","UMBS MORTPASS 4.5% 12/48","30yr",,,,,"138330.25",,,,,,""
"2021-08-11","'31416KB80'","MBS","UMBS MORTPASS 6.5% 02/39","30yr",,,,,"138296.12",,,,,,""
"2021-08-11","'31418AY69'","MBS","UMBS MORTPASS 3.5% 10/23","Other",,,,,"138261.2",,,,,,""
"2021-08-11","'3132A8FN4'","MBS","UMBS MORTPASS 2.5% 07/25","Other",,,,,"138240.76",,,,,,""
"2021-08-11","'3131X7MP0'","MBS","UMBS MORTPASS 2.5% 03/27","15yr",,,,,"138230.64",,,,,,""
"2021-08-11","'36290QPJ8'","MBS","GNMA I MORTPASS 3% 01/43","30yr",,,,,"138203.87",,,,,,""
"2021-08-11","'3140QBWM6'","MBS","UMBS MORTPASS 3.5% 09/49","30yr",,,,,"138132.93",,,,,,""
"2021-08-11","'36180FKT8'","MBS","GNMA I MORTPASS 3% 06/43","30yr",,,,,"138103.32",,,,,,""
"2021-08-11","'3138WEJ42'","MBS","UMBS MORTPASS 3% 04/45","30yr",,,,,"138089.23",,,,,,""
"2021-08-11","'3140Q8FN0'","MBS","UMBS MORTPASS 3.5% 01/48","30yr",,,,,"138080.04",,,,,,""
"2021-08-11","'31418ACR7'","MBS","UMBS MORTPASS 3% 02/22","Other",,,,,"138041.7",,,,,,""
"2021-08-11","'31418CNT7'","MBS","UMBS MORTPASS 4.5% 08/47","30yr",,,,,"137962.26",,,,,,""
"2021-08-11","'3128PRUM9'","MBS","FHLMCGLD 4% 07/25","15yr",,,,,"137955.26",,,,,,""
"2021-08-11","'3620ACBC7'","MBS","GNMA I MORTPASS 5% 03/40","30yr",,,,,"137925.21",,,,,,""
"2021-08-11","'3131XUER4'","MBS","UMBS MORTPASS 4% 04/46","30yr",,,,,"137923.53",,,,,,""
"2021-08-11","'3140X6QT1'","MBS","UMBS MORTPASS 2.5% 12/47","30yr",,,,,"137880.82",,,,,,""
"2021-08-11","'36176KNB9'","MBS","GNMA I 3.5% 11/41","30yr",,,,,"137851.73",,,,,,""
"2021-08-11","'36176WYG0'","MBS","GNMA I MORTPASS 4% 11/41","30yr",,,,,"137844.92",,,,,,""
"2021-08-11","'3140F1U91'","MBS","UMBS MORTPASS 3% 05/31","15yr",,,,,"137823.05",,,,,,""
"2021-08-11","'3140JN7K0'","MBS","UMBS MORTPASS 3.5% 05/49","30yr",,,,,"137811.61",,,,,,""
"2021-08-11","'3140F23E8'","MBS","UMBS MORTPASS 3.5% 04/46","30yr",,,,,"137772.52",,,,,,""
"2021-08-11","'36296WSL1'","MBS","GNMA I 4.5% 06/39","30yr",,,,,"137767.13",,,,,,""
"2021-08-11","'3140K1D60'","MBS","UMBS MORTPASS 4.5% 09/49","30yr",,,,,"137740.24",,,,,,""
"2021-08-11","'3620A7CG8'","MBS","GNMA I MORTPASS 5% 12/39","30yr",,,,,"137728.81",,,,,,""
"2021-08-11","'3138X4GA2'","MBS","UMBS MORTPASS 3% 09/28","15yr",,,,,"137625.26",,,,,,""
"2021-08-11","'3140JNW55'","MBS","UMBS MORTPASS 4% 05/49","30yr",,,,,"137465.83",,,,,,""
"2021-08-11","'3138MFVP9'","MBS","UMBS MORTPASS 3% 10/27","15yr",,,,,"137456.98",,,,,,""
"2021-08-11","'31371QRK6'","MBS","UMBS MORTPASS 6.5% 11/36","30yr",,,,,"137328.65",,,,,,""
"2021-08-11","'3138YACN3'","MBS","UMBS MORTPASS 2.5% 05/30","15yr",,,,,"137314.66",,,,,,""
"2021-08-11","'36202FDU7'","MBS","GNMA II 3.5% 01/40","30yr",,,,,"137310.6",,,,,,""
"2021-08-11","'36295DN39'","MBS","GNMA I MORTPASS 5% 08/39","30yr",,,,,"137301.13",,,,,,""
"2021-08-11","'3131X7VU9'","MBS","UMBS MORTPASS 2.5% 06/27","15yr",,,,,"137192.05",,,,,,""
"2021-08-11","'3138E8KN1'","MBS","UMBS MORTPASS 2.5% 03/27","15yr",,,,,"137180.18",,,,,,""
"2021-08-11","'3138X16F8'","MBS","UMBS MORTPASS 2.5% 10/28","15yr",,,,,"137166.87",,,,,,""
"2021-08-11","'36176SQU7'","MBS","GNMA I MORTPASS 4% 12/41","30yr",,,,,"137111.14",,,,,,""
"2021-08-11","'3132M52U5'","MBS","FHLMCGLD 4.5% 04/44","30yr",,,,,"137066.05",,,,,,""
"2021-08-11","'3140Q9EZ2'","MBS","UMBS MORTPASS 4% 07/48","30yr",,,,,"136998.82",,,,,,""
"2021-08-11","'31417FQF8'","MBS","UMBS MORTPASS 2.5% 03/23","Other",,,,,"136925.47",,,,,,""
"2021-08-11","'31418BCF1'","MBS","UMBS MORTPASS 3.5% 04/24","Other",,,,,"136892.86",,,,,,""
"2021-08-11","'3132A9P50'","MBS","UMBS MORTPASS 3% 11/29","15yr",,,,,"136876.86",,,,,,""
"2021-08-11","'3132A9TZ0'","MBS","UMBS MORTPASS 2.5% 09/32","15yr",,,,,"136773.73",,,,,,""
"2021-08-11","'36297EB61'","MBS","GNMA I MORTPASS 5% 08/39","30yr",,,,,"136772.32",,,,,,""
"2021-08-11","'3138XXFT8'","MBS","UMBS MORTPASS 2.5% 08/29","15yr",,,,,"136771.13",,,,,,""
"2021-08-11","'3620AATA6'","MBS","GNMA I 5.5% 08/39","30yr",,,,,"136732.35",,,,,,""
"2021-08-11","'3128PY4C5'","MBS","FHLMCGLD 3% 05/27","15yr",,,,,"136721.19",,,,,,""
"2021-08-11","'3138MG3L7'","MBS","UMBS MORTPASS 2.5% 11/27","15yr",,,,,"136701.87",,,,,,""
"2021-08-11","'36200A7K9'","MBS","GNMA I 4.5% 08/39","30yr",,,,,"136688.66",,,,,,""
"2021-08-11","'3140XABG6'","MBS","UMBS MORTPASS 2% 02/51","30yr",,,,,"136675.69",,,,,,""
"2021-08-11","'36297FGQ9'","MBS","GNMA I MORTPASS 5% 11/39","30yr",,,,,"136635.34",,,,,,""
"2021-08-11","'3132WFSD2'","MBS","FHLMCGLD 4.5% 07/46","30yr",,,,,"136588.4",,,,,,""
"2021-08-11","'3138WBT62'","MBS","UMBS MORTPASS 3.5% 05/29","15yr",,,,,"136550.99",,,,,,""
"2021-08-11","'3138A55L2'","MBS","UMBS MORTPASS 3% 01/26","15yr",,,,,"136549.16",,,,,,""
"2021-08-11","'36295PCF7'","MBS","GNMA I MORTPASS 6% 10/38","30yr",,,,,"136531.41",,,,,,""
"2021-08-11","'36177UL36'","MBS","GNMA I 3.5% 07/42","30yr",,,,,"136514.47",,,,,,""
"2021-08-11","'36178DBW0'","MBS","GNMA I 3.5% 07/42","30yr",,,,,"136506.54",,,,,,""
"2021-08-11","'36177WLL2'","MBS","GNMA I MORTPASS 3% 05/42","30yr",,,,,"136496.9",,,,,,""
"2021-08-11","'3138X0A57'","MBS","UMBS MORTPASS 2% 07/28","15yr",,,,,"136471.74",,,,,,""
"2021-08-11","'3131X7TM0'","MBS","UMBS MORTPASS 2.5% 05/22","Other",,,,,"136471.47",,,,,,""
"2021-08-11","'3138NXVC8'","MBS","UMBS MORTPASS 4% 12/42","30yr",,,,,"136466.94",,,,,,""
"2021-08-11","'3128KWKD4'","MBS","FHLMCGLD 6% 09/37","30yr",,,,,"136371.9",,,,,,""
"2021-08-11","'3138YUWU1'","MBS","UMBS MORTPASS 3.5% 07/30","15yr",,,,,"136352.4",,,,,,""
"2021-08-11","'3138XSLL9'","MBS","UMBS MORTPASS 3% 04/29","15yr",,,,,"136291.71",,,,,,""
"2021-08-11","'3128P7PU1'","MBS","FHLMCGLD 4% 09/30","Other",,,,,"136238.28",,,,,,""
"2021-08-11","'3131XAFS5'","MBS","UMBS MORTPASS 3% 02/29","15yr",,,,,"136212.42",,,,,,""
"2021-08-11","'36177PND3'","MBS","GNMA I MORTPASS 4% 03/42","30yr",,,,,"136183.61",,,,,,""
"2021-08-11","'3140JKQV1'","MBS","UMBS MORTPASS 3% 12/33","15yr",,,,,"136130.83",,,,,,""
"2021-08-11","'36178MV40'","MBS","GNMA I MORTPASS 3% 05/43","30yr",,,,,"136118.35",,,,,,""
"2021-08-11","'3138W5NF1'","MBS","UMBS MORTPASS 2% 02/28","15yr",,,,,"136027.52",,,,,,""
"2021-08-11","'3140JWSP6'","MBS","UMBS MORTPASS 3.5% 09/49","30yr",,,,,"135977.17",,,,,,""
"2021-08-11","'3128PMP87'","MBS","FHLMCGLD 4% 03/24","15yr",,,,,"135873.7",,,,,,""
"2021-08-11","'3131XBXE4'","MBS","UMBS MORTPASS 2% 12/25","Other",,,,,"135793.12",,,,,,""
"2021-08-11","'3138MLRH9'","MBS","UMBS MORTPASS 3% 08/28","15yr",,,,,"135762.46",,,,,,""
"2021-08-11","'3138XMLX6'","MBS","UMBS MORTPASS 3.5% 03/29","15yr",,,,,"135740.6",,,,,,""
"2021-08-11","'36297KML2'","MBS","GNMA I MORTPASS 4% 05/39","30yr",,,,,"135714.46",,,,,,""
"2021-08-11","'3138Y6KH6'","MBS","UMBS MORTPASS 3.5% 09/29","15yr",,,,,"135640.75",,,,,,""
"2021-08-11","'31335AGJ1'","MBS","FHLMCGLD 4.5% 12/44","30yr",,,,,"135640.55",,,,,,""
"2021-08-11","'36297H5S3'","MBS","GNMA I 4.5% 11/39","30yr",,,,,"135618.1",,,,,,""
"2021-08-11","'3132A9PF8'","MBS","UMBS MORTPASS 3% 04/29","15yr",,,,,"135593.38",,,,,,""
"2021-08-11","'31418DLB6'","MBS","UMBS MORTPASS 4.5% 12/39","Other",,,,,"135511.2",,,,,,""
"2021-08-11","'3620A7AR6'","MBS","GNMA I MORTPASS 5% 12/39","30yr",,,,,"135475.58",,,,,,""
"2021-08-11","'3140E9JN7'","MBS","UMBS MORTPASS 3% 01/31","15yr",,,,,"135462.27",,,,,,""
"2021-08-11","'31329KS88'","MBS","UMBS MORTPASS 3.5% 05/34","Other",,,,,"135446.24",,,,,,""
"2021-08-11","'3133KKVG1'","MBS","UMBS MORTPASS 2% 12/50","30yr",,,,,"135440.07",,,,,,""
"2021-08-11","'3138A62X7'","MBS","UMBS MORTPASS 3.5% 02/26","15yr",,,,,"135416.83",,,,,,""
"2021-08-11","'3620A1TA6'","MBS","GNMA I 4.5% 09/39","30yr",,,,,"135413.57",,,,,,""
"2021-08-11","'3620A3GC2'","MBS","GNMA I MORTPASS 5% 10/39","30yr",,,,,"135388.86",,,,,,""
"2021-08-11","'3620A6DD6'","MBS","GNMA I MORTPASS 5% 07/39","30yr",,,,,"135331.04",,,,,,""
"2021-08-11","'3138AXV57'","MBS","UMBS MORTPASS 3.5% 11/26","15yr",,,,,"135195.98",,,,,,""
"2021-08-11","'3131XWBW2'","MBS","UMBS MORTPASS 3% 03/47","30yr",,,,,"135096.06",,,,,,""
"2021-08-11","'31307GV71'","MBS","FHLMCGLD 3.5% 04/29","15yr",,,,,"135008.63",,,,,,""
"2021-08-11","'36295YJ61'","MBS","GNMA I MORTPASS 5% 03/38","30yr",,,,,"134985.53",,,,,,""
"2021-08-11","'3620ARHT1'","MBS","GNMA I MORTPASS 4% 09/40","30yr",,,,,"134941.63",,,,,,""
"2021-08-11","'31417DUM3'","MBS","UMBS MORTPASS 3% 11/27","15yr",,,,,"134925.37",,,,,,""
"2021-08-11","'3140FM3G9'","MBS","UMBS MORTPASS 3% 10/32","15yr",,,,,"134916.67",,,,,,""
"2021-08-11","'31417EQE4'","MBS","UMBS MORTPASS 2% 01/23","Other",,,,,"134878.87",,,,,,""
"2021-08-11","'3140HE2E1'","MBS","UMBS MORTPASS 3.5% 02/48","30yr",,,,,"134822.15",,,,,,""
"2021-08-11","'3620AGWB7'","MBS","GNMA I MORTPASS 5% 02/40","30yr",,,,,"134813.57",,,,,,""
"2021-08-11","'3620A5YD5'","MBS","GNMA I 5.5% 09/39","30yr",,,,,"134697.22",,,,,,""
"2021-08-11","'36180UL23'","MBS","GNMA I 3.5% 05/43","30yr",,,,,"134653.35",,,,,,""
"2021-08-11","'3138ETNP7'","MBS","UMBS MORTPASS 3% 09/29","15yr",,,,,"134608.38",,,,,,""
"2021-08-11","'36295RXM5'","MBS","GNMA I MORTPASS 5% 03/40","30yr",,,,,"134570.15",,,,,,""
"2021-08-11","'3140H4J88'","MBS","UMBS MORTPASS 2.5% 12/32","15yr",,,,,"134482.12",,,,,,""
"2021-08-11","'36294UWU2'","MBS","GNMA I 3.5% 09/42","30yr",,,,,"134456.08",,,,,,""
"2021-08-11","'31418ANX2'","MBS","UMBS MORTPASS 3% 12/22","Other",,,,,"134345.15",,,,,,""
"2021-08-11","'3128MEWQ0'","MBS","FHLMCGLD 3.5% 01/31","15yr",,,,,"134304.72",,,,,,""
"2021-08-11","'36180DXK8'","MBS","GNMA I 3.5% 06/43","30yr",,,,,"134205.18",,,,,,""
"2021-08-11","'31415BCL1'","MBS","UMBS MORTPASS 6.5% 06/38","30yr",,,,,"134186.1",,,,,,""
"2021-08-11","'3128MMW90'","MBS","FHLMCGLD 3.5% 12/32","15yr",,,,,"134133.77",,,,,,""
"2021-08-11","'3132J9DV7'","MBS","FHLMCGLD 3% 04/43","30yr",,,,,"134064.39",,,,,,""
"2021-08-11","'31307HFD4'","MBS","FHLMCGLD 3% 05/29","15yr",,,,,"134028.16",,,,,,""
"2021-08-11","'3140JKZB5'","MBS","UMBS MORTPASS 4% 01/49","30yr",,,,,"133987.79",,,,,,""
"2021-08-11","'36176D7L1'","MBS","GNMA I MORTPASS 4% 05/41","30yr",,,,,"133972.1",,,,,,""
"2021-08-11","'3140F8KE6'","MBS","UMBS MORTPASS 4% 01/47","30yr",,,,,"133811.37",,,,,,""
"2021-08-11","'3140JKZS8'","MBS","UMBS MORTPASS 4% 02/49","30yr",,,,,"133786.18",,,,,,""
"2021-08-11","'3620AAS82'","MBS","GNMA I MORTPASS 4% 08/39","30yr",,,,,"133761.03",,,,,,""
"2021-08-11","'3140Q7BY2'","MBS","UMBS MORTPASS 2% 06/27","Other",,,,,"133740.85",,,,,,""
"2021-08-11","'36297BDY4'","MBS","GNMA I 4.5% 03/39","30yr",,,,,"133701.58",,,,,,""
"2021-08-11","'3140JKYN0'","MBS","UMBS MORTPASS 3.5% 01/49","30yr",,,,,"133638.39",,,,,,""
"2021-08-11","'31335ADW5'","MBS","FHLMCGLD 3.5% 07/45","30yr",,,,,"133575.05",,,,,,""
"2021-08-11","'36297KU41'","MBS","GNMA I 5.5% 04/39","30yr",,,,,"133569.11",,,,,,""
"2021-08-11","'3128MMUD3'","MBS","FHLMCGLD 3.5% 12/30","15yr",,,,,"133562.05",,,,,,""
"2021-08-11","'3140EVEC7'","MBS","UMBS MORTPASS 3% 03/31","15yr",,,,,"133560.77",,,,,,""
"2021-08-11","'31418UYV0'","MBS","UMBS MORTPASS 4% 05/25","15yr",,,,,"133512.02",,,,,,""
"2021-08-11","'3131YCRW8'","MBS","UMBS MORTPASS 2.5% 05/49","30yr",,,,,"133292.68",,,,,,""
"2021-08-11","'3138WKKT1'","MBS","UMBS MORTPASS 4% 03/37","Other",,,,,"133185.03",,,,,,""
"2021-08-11","'3140E2S28'","MBS","UMBS MORTPASS 4% 11/45","30yr",,,,,"133154.82",,,,,,""
"2021-08-11","'36297BX71'","MBS","GNMA I 4.5% 02/39","30yr",,,,,"133092.89",,,,,,""
"2021-08-11","'31334XG52'","MBS","UMBS MORTPASS 4% 07/49","30yr",,,,,"133091.33",,,,,,""
"2021-08-11","'3132QWLJ6'","MBS","FHLMCGLD 3.5% 03/46","30yr",,,,,"133088.54",,,,,,""
"2021-08-11","'36181FV65'","MBS","GNMA I 3.5% 09/43","30yr",,,,,"132989.46",,,,,,""
"2021-08-11","'31414UTX6'","MBS","UMBS MORTPASS 6.5% 04/38","30yr",,,,,"132940.2",,,,,,""
"2021-08-11","'3128MDPY3'","MBS","FHLMCGLD 3% 04/23","15yr",,,,,"132939.81",,,,,,""
"2021-08-11","'3133KKD48'","MBS","UMBS MORTPASS 2% 10/50","30yr",,,,,"132923.82",,,,,,""
"2021-08-11","'3620A5WJ4'","MBS","GNMA I 4.5% 12/39","30yr",,,,,"132904.75",,,,,,""
"2021-08-11","'36179ME55'","MBS","GNMA II 4.5% 06/42","30yr",,,,,"132866.88",,,,,,""
"2021-08-11","'3138X2F41'","MBS","UMBS MORTPASS 2.5% 08/28","15yr",,,,,"132801.76",,,,,,""
"2021-08-11","'36297ETJ4'","MBS","GNMA I MORTPASS 5% 10/39","30yr",,,,,"132719.16",,,,,,""
"2021-08-11","'3138AHKK1'","MBS","UMBS MORTPASS 3.5% 07/26","15yr",,,,,"132712.18",,,,,,""
"2021-08-11","'3140HD2S2'","MBS","UMBS MORTPASS 3.5% 04/33","15yr",,,,,"132682.46",,,,,,""
"2021-08-11","'3138WQTX0'","MBS","UMBS MORTPASS 2.5% 04/28","15yr",,,,,"132681.99",,,,,,""
"2021-08-11","'31417GEA0'","MBS","UMBS MORTPASS 2.5% 04/28","15yr",,,,,"132614.7",,,,,,""
"2021-08-11","'3140HMFR0'","MBS","UMBS MORTPASS 3% 07/33","15yr",,,,,"132611.67",,,,,,""
"2021-08-11","'36241KQJ0'","MBS","GNMA II 4.5% 01/38","30yr",,,,,"132576.5",,,,,,""
"2021-08-11","'3138LWTU5'","MBS","UMBS MORTPASS 3% 06/27","15yr",,,,,"132529.7",,,,,,""
"2021-08-11","'3620A7K53'","MBS","GNMA I MORTPASS 5% 03/40","30yr",,,,,"132522.42",,,,,,""
"2021-08-11","'312938BV4'","MBS","FHLMCGLD 4.5% 12/39","30yr",,,,,"132520.73",,,,,,""
"2021-08-11","'31307RFV2'","MBS","FHLMCGLD 3% 06/31","15yr",,,,,"132515.66",,,,,,""
"2021-08-11","'3620A6TZ0'","MBS","GNMA I 4.5% 07/39","30yr",,,,,"132460.71",,,,,,""
"2021-08-11","'3133A0KK9'","MBS","UMBS MORTPASS 3% 12/49","30yr",,,,,"132425.47",,,,,,""
"2021-08-11","'36176VEZ2'","MBS","GNMA I MORTPASS 4% 11/41","30yr",,,,,"132374.15",,,,,,""
"2021-08-11","'36176S4Q0'","MBS","GNMA I MORTPASS 4% 09/41","30yr",,,,,"132327.72",,,,,,""
"2021-08-11","'3620A0B25'","MBS","GNMA I 4.5% 07/39","30yr",,,,,"132117.3",,,,,,""
"2021-08-11","'312930K82'","MBS","FHLMCGLD 6.5% 01/39","30yr",,,,,"132093.14",,,,,,""
"2021-08-11","'3138EQA51'","MBS","UMBS MORTPASS 3% 08/30","15yr",,,,,"131955.56",,,,,,""
"2021-08-11","'36178D2Q3'","MBS","GNMA I MORTPASS 3% 03/43","30yr",,,,,"131925.49",,,,,,""
"2021-08-11","'3132WPGL5'","MBS","FHLMCGLD 3% 07/47","30yr",,,,,"131901.66",,,,,,""
"2021-08-11","'3131X8M78'","MBS","UMBS MORTPASS 2.5% 01/28","15yr",,,,,"131870.16",,,,,,""
"2021-08-11","'3138A5FW7'","MBS","UMBS MORTPASS 4% 02/41","30yr",,,,,"131823.52",,,,,,""
"2021-08-11","'3620AB6E1'","MBS","GNMA I 4.5% 12/39","30yr",,,,,"131780.15",,,,,,""
"2021-08-11","'3140E4RM1'","MBS","UMBS MORTPASS 2.5% 09/30","15yr",,,,,"131755.14",,,,,,""
"2021-08-11","'31329K3N2'","MBS","UMBS MORTPASS 3% 01/26","15yr",,,,,"131673.8",,,,,,""
"2021-08-11","'36176UFS9'","MBS","GNMA I 3.5% 12/41","30yr",,,,,"131630.56",,,,,,""
"2021-08-11","'3620A9BV2'","MBS","GNMA I 4.5% 10/39","30yr",,,,,"131618.45",,,,,,""
"2021-08-11","'3132HLRF2'","MBS","FHLMCGLD 4% 08/42","30yr",,,,,"131542.2",,,,,,""
"2021-08-11","'3620A5V48'","MBS","GNMA I MORTPASS 5% 10/39","30yr",,,,,"131541.2",,,,,,""
"2021-08-11","'3138Y3YS4'","MBS","UMBS MORTPASS 3% 10/24","Other",,,,,"131506.98",,,,,,""
"2021-08-11","'3132WEN24'","MBS","FHLMCGLD 3.5% 06/46","30yr",,,,,"131480.18",,,,,,""
"2021-08-11","'36297A4S9'","MBS","GNMA I MORTPASS 6% 02/39","30yr",,,,,"131475.62",,,,,,""
"2021-08-11","'3132A7GC9'","MBS","UMBS MORTPASS 3% 05/22","Other",,,,,"131429.43",,,,,,""
"2021-08-11","'3138EKBV6'","MBS","UMBS MORTPASS 3% 11/27","15yr",,,,,"131384.3",,,,,,""
"2021-08-11","'3620AB2J4'","MBS","GNMA I MORTPASS 5% 09/39","30yr",,,,,"131307.44",,,,,,""
"2021-08-11","'36297J4S0'","MBS","GNMA I MORTPASS 4% 08/39","30yr",,,,,"131291.05",,,,,,""
"2021-08-11","'3128L15U0'","MBS","FHLMCGLD 6% 12/37","30yr",,,,,"131253.44",,,,,,""
"2021-08-11","'3140QFRM3'","MBS","UMBS MORTPASS 1.5% 11/50","30yr",,,,,"131128.97",,,,,,""
"2021-08-11","'36297GND8'","MBS","GNMA I MORTPASS 4% 01/40","30yr",,,,,"131074.33",,,,,,""
"2021-08-11","'3140QGNL7'","MBS","UMBS MORTPASS 2% 01/51","30yr",,,,,"131062.43",,,,,,""
"2021-08-11","'3140KHLY5'","MBS","UMBS MORTPASS 2.5% 07/50","30yr",,,,,"131054.04",,,,,,""
"2021-08-11","'3138WQCK6'","MBS","UMBS MORTPASS 2.5% 05/28","15yr",,,,,"131036.49",,,,,,""
"2021-08-11","'3138WFNN2'","MBS","UMBS MORTPASS 3% 09/30","15yr",,,,,"130989.74",,,,,,""
"2021-08-11","'3140F34C9'","MBS","UMBS MORTPASS 3% 07/31","15yr",,,,,"130921.28",,,,,,""
"2021-08-11","'3138YEDD6'","MBS","UMBS MORTPASS 2.5% 06/30","15yr",,,,,"130850.79",,,,,,""
"2021-08-11","'36180HJG4'","MBS","GNMA I MORTPASS 4% 06/43","30yr",,,,,"130828.9",,,,,,""
"2021-08-11","'36296JGJ8'","MBS","GNMA I 4.5% 02/39","30yr",,,,,"130761.71",,,,,,""
"2021-08-11","'31335AZ68'","MBS","FHLMCGLD 3% 11/46","30yr",,,,,"130739.2",,,,,,""
"2021-08-11","'3138XGS20'","MBS","UMBS MORTPASS 3.5% 02/44","30yr",,,,,"130649.01",,,,,,""
"2021-08-11","'3138MG2Z7'","MBS","UMBS MORTPASS 2.5% 11/27","15yr",,,,,"130636.78",,,,,,""
"2021-08-11","'3128P7QS5'","MBS","FHLMCGLD 4% 04/31","Other",,,,,"130630.64",,,,,,""
"2021-08-11","'31307G4W6'","MBS","FHLMCGLD 3% 05/29","15yr",,,,,"130577.36",,,,,,""
"2021-08-11","'3620A7QR9'","MBS","GNMA I 4.5% 10/39","30yr",,,,,"130571.75",,,,,,""
"2021-08-11","'36177LQX5'","MBS","GNMA I 3.5% 05/42","30yr",,,,,"130536.8",,,,,,""
"2021-08-11","'31416XEF3'","MBS","UMBS MORTPASS 3% 12/25","15yr",,,,,"130511.78",,,,,,""
"2021-08-11","'36297HVL9'","MBS","GNMA I 4.5% 07/39","30yr",,,,,"130457.42",,,,,,""
"2021-08-11","'36297BAP6'","MBS","GNMA I MORTPASS 5% 08/39","30yr",,,,,"130319.77",,,,,,""
"2021-08-11","'36176MGB3'","MBS","GNMA I MORTPASS 4% 10/41","30yr",,,,,"130109.81",,,,,,""
"2021-08-11","'3620A3BN3'","MBS","GNMA I MORTPASS 3% 04/43","30yr",,,,,"130071.85",,,,,,""
"2021-08-11","'31417YH59'","MBS","UMBS MORTPASS 5.5% 10/29","Other",,,,,"129940.97",,,,,,""
"2021-08-11","'3620A7QH1'","MBS","GNMA I 4.5% 12/39","30yr",,,,,"129923.2",,,,,,""
"2021-08-11","'3140FGFE4'","MBS","UMBS MORTPASS 3% 09/31","15yr",,,,,"129890.46",,,,,,""
"2021-08-11","'3132MADD0'","MBS","FHLMCGLD 3.5% 11/44","30yr",,,,,"129811.24",,,,,,""
"2021-08-11","'36297KND9'","MBS","GNMA I MORTPASS 5% 03/39","30yr",,,,,"129805.76",,,,,,""
"2021-08-11","'3140FGWB1'","MBS","UMBS MORTPASS 2.5% 10/31","15yr",,,,,"129802.59",,,,,,""
"2021-08-11","'3128MMJX2'","MBS","FHLMCGLD 4% 07/23","15yr",,,,,"129742.94",,,,,,""
"2021-08-11","'36297JXY5'","MBS","GNMA I MORTPASS 4% 07/39","30yr",,,,,"129735.92",,,,,,""
"2021-08-11","'36178L5P4'","MBS","GNMA I MORTPASS 3% 10/42","30yr",,,,,"129728.49",,,,,,""
"2021-08-11","'31418AB80'","MBS","UMBS MORTPASS 3% 12/31","Other",,,,,"129724.54",,,,,,""
"2021-08-11","'3138YLEF4'","MBS","UMBS MORTPASS 3% 03/45","30yr",,,,,"129644.33",,,,,,""
"2021-08-11","'3620AED49'","MBS","GNMA I MORTPASS 5% 02/40","30yr",,,,,"129579.72",,,,,,""
"2021-08-11","'3140HJS28'","MBS","UMBS MORTPASS 3.5% 06/48","30yr",,,,,"129573.37",,,,,,""
"2021-08-11","'3132WKJW9'","MBS","FHLMCGLD 3% 01/47","30yr",,,,,"129430.65",,,,,,""
"2021-08-11","'3138WEM30'","MBS","UMBS MORTPASS 3% 04/30","15yr",,,,,"129362.46",,,,,,""
"2021-08-11","'3132MATV3'","MBS","FHLMCGLD 3.5% 11/44","30yr",,,,,"129320.42",,,,,,""
"2021-08-11","'3138ABJ67'","MBS","UMBS MORTPASS 4% 03/41","30yr",,,,,"129299.59",,,,,,""
"2021-08-11","'3138WCFQ1'","MBS","UMBS MORTPASS 3% 07/29","15yr",,,,,"129240.18",,,,,,""
"2021-08-11","'36177TAC1'","MBS","GNMA I 3.5% 03/42","30yr",,,,,"129224.75",,,,,,""
"2021-08-11","'3132WHWQ4'","MBS","FHLMCGLD 4.5% 08/46","30yr",,,,,"129213.8",,,,,,""
"2021-08-11","'3140J8SM6'","MBS","UMBS MORTPASS 3% 03/30","15yr",,,,,"129193.47",,,,,,""
"2021-08-11","'31329LAD4'","MBS","UMBS MORTPASS 3% 03/27","15yr",,,,,"129143.8",,,,,,""
"2021-08-11","'3140HE4Q2'","MBS","UMBS MORTPASS 4% 05/48","30yr",,,,,"129097.52",,,,,,""
"2021-08-11","'3128PXCP9'","MBS","FHLMCGLD 3% 12/26","15yr",,,,,"129062.19",,,,,,""
"2021-08-11","'3138Y2RX3'","MBS","UMBS MORTPASS 2.5% 09/29","15yr",,,,,"129030.41",,,,,,""
"2021-08-11","'3620A0B74'","MBS","GNMA I MORTPASS 5% 09/39","30yr",,,,,"128999.34",,,,,,""
"2021-08-11","'36212WQZ3'","MBS","GNMA I MORTPASS 5% 03/40","30yr",,,,,"128934.28",,,,,,""
"2021-08-11","'31335AFR4'","MBS","FHLMCGLD 3.5% 07/45","30yr",,,,,"128851.35",,,,,,""
"2021-08-11","'3128PR3M9'","MBS","FHLMCGLD 4% 07/25","15yr",,,,,"128832.97",,,,,,""
"2021-08-11","'3140J5NF2'","MBS","UMBS MORTPASS 3.5% 06/32","15yr",,,,,"128810.34",,,,,,""
"2021-08-11","'36296PU58'","MBS","GNMA I 4.5% 05/39","30yr",,,,,"128747.8",,,,,,""
"2021-08-11","'3131X9RX4'","MBS","UMBS MORTPASS 2% 08/23","Other",,,,,"128738.45",,,,,,""
"2021-08-11","'3128PKKW3'","MBS","FHLMCGLD 4% 04/23","15yr",,,,,"128610.48",,,,,,""
"2021-08-11","'3140H1PZ7'","MBS","UMBS MORTPASS 3% 10/32","15yr",,,,,"128593.28",,,,,,""
"2021-08-11","'3140HL2P0'","MBS","UMBS MORTPASS 4% 06/48","30yr",,,,,"128584.8",,,,,,""
"2021-08-11","'3138EP7K4'","MBS","UMBS MORTPASS 2.5% 08/29","15yr",,,,,"128558.9",,,,,,""
"2021-08-11","'31416LPN0'","MBS","UMBS MORTPASS 4% 02/39","30yr",,,,,"128463.33",,,,,,""
"2021-08-11","'3138MLLY8'","MBS","UMBS MORTPASS 3% 11/27","15yr",,,,,"128349.75",,,,,,""
"2021-08-11","'3620AD5F5'","MBS","GNMA I MORTPASS 5% 11/39","30yr",,,,,"128294.92",,,,,,""
"2021-08-11","'36297C6V6'","MBS","GNMA I MORTPASS 5% 03/39","30yr",,,,,"128293.11",,,,,,""
"2021-08-11","'3132A5GV1'","MBS","UMBS MORTPASS 3% 04/47","30yr",,,,,"128263.38",,,,,,""
"2021-08-11","'36297FAT9'","MBS","GNMA I 4.5% 05/39","30yr",,,,,"128258.76",,,,,,""
"2021-08-11","'3131X74V7'","MBS","UMBS MORTPASS 2.5% 09/22","Other",,,,,"128247",,,,,,""
"2021-08-11","'3140HAQ78'","MBS","UMBS MORTPASS 3.5% 03/33","15yr",,,,,"128241.83",,,,,,""
"2021-08-11","'3138WHPY2'","MBS","UMBS MORTPASS 2.5% 07/31","15yr",,,,,"128193.82",,,,,,""
"2021-08-11","'3140X8MZ7'","MBS","UMBS MORTPASS 2.5% 11/50","30yr",,,,,"128115.88",,,,,,""
"2021-08-11","'3140HJSR3'","MBS","UMBS MORTPASS 3.5% 06/48","30yr",,,,,"128107.38",,,,,,""
"2021-08-11","'3620A4ZX3'","MBS","GNMA I MORTPASS 5% 11/39","30yr",,,,,"128082.03",,,,,,""
"2021-08-11","'3128MJW55'","MBS","FHLMCGLD 3.5% 09/45","30yr",,,,,"128056.16",,,,,,""
"2021-08-11","'3620C0FZ6'","MBS","GNMA I MORTPASS 4% 07/41","30yr",,,,,"127870.36",,,,,,""
"2021-08-11","'3620AJC56'","MBS","GNMA I MORTPASS 5% 01/40","30yr",,,,,"127743.68",,,,,,""
"2021-08-11","'36297ADY6'","MBS","GNMA I MORTPASS 5% 08/39","30yr",,,,,"127728.64",,,,,,""
"2021-08-11","'31329JP27'","MBS","UMBS MORTPASS 3% 09/42","30yr",,,,,"127699.07",,,,,,""
"2021-08-11","'31292KSF5'","MBS","FHLMCGLD 6% 05/38","30yr",,,,,"127653.75",,,,,,""
"2021-08-11","'3133AA6C1'","MBS","UMBS MORTPASS 2% 10/50","30yr",,,,,"127648.21",,,,,,""
"2021-08-11","'36180DFH5'","MBS","GNMA I MORTPASS 4% 10/43","30yr",,,,,"127641.68",,,,,,""
"2021-08-11","'3138ECW33'","MBS","UMBS MORTPASS 3% 04/27","15yr",,,,,"127596.86",,,,,,""
"2021-08-11","'3132QRA83'","MBS","FHLMCGLD 4% 07/45","30yr",,,,,"127496.95",,,,,,""
"2021-08-11","'36295U3X7'","MBS","GNMA I 4.5% 07/39","30yr",,,,,"127480.25",,,,,,""
"2021-08-11","'36296WUR5'","MBS","GNMA I MORTPASS 5% 12/39","30yr",,,,,"127471.25",,,,,,""
"2021-08-11","'36180CYU7'","MBS","GNMA I 3.5% 01/43","30yr",,,,,"127433.12",,,,,,""
"2021-08-11","'36176RCW0'","MBS","GNMA I MORTPASS 4% 09/41","30yr",,,,,"127426.37",,,,,,""
"2021-08-11","'3138XZ2Y6'","MBS","UMBS MORTPASS 3.5% 07/44","30yr",,,,,"127407.53",,,,,,""
"2021-08-11","'3138WCXC2'","MBS","UMBS MORTPASS 3% 09/44","30yr",,,,,"127352.06",,,,,,""
"2021-08-11","'36296JGB5'","MBS","GNMA I MORTPASS 6% 02/39","30yr",,,,,"127312.66",,,,,,""
"2021-08-11","'36297FLV2'","MBS","GNMA I MORTPASS 5% 11/39","30yr",,,,,"127291.31",,,,,,""
"2021-08-11","'3140KQN72'","MBS","UMBS MORTPASS 2.5% 09/50","30yr",,,,,"127273.01",,,,,,""
"2021-08-11","'31412NLP9'","MBS","UMBS MORTPASS 5.5% 11/38","30yr",,,,,"127265.57",,,,,,""
"2021-08-11","'3131X7QS0'","MBS","UMBS MORTPASS 3% 04/27","15yr",,,,,"127226.21",,,,,,""
"2021-08-11","'36296UJL5'","MBS","GNMA I 4.5% 04/39","30yr",,,,,"127177.6",,,,,,""
"2021-08-11","'3138WFHS8'","MBS","UMBS MORTPASS 3.5% 08/45","30yr",,,,,"127168.41",,,,,,""
"2021-08-11","'31415PCC0'","MBS","UMBS MORTPASS 5% 06/38","30yr",,,,,"127152.14",,,,,,""
"2021-08-11","'31306YKG5'","MBS","FHLMCGLD 3% 11/27","15yr",,,,,"127094.34",,,,,,""
"2021-08-11","'3128P8CA7'","MBS","FHLMCGLD 3.5% 02/36","Other",,,,,"127073.13",,,,,,""
"2021-08-11","'3620A6FH5'","MBS","GNMA I MORTPASS 5% 07/39","30yr",,,,,"127043.96",,,,,,""
"2021-08-11","'3140H5TL5'","MBS","UMBS MORTPASS 3.5% 05/48","30yr",,,,,"126944.36",,,,,,""
"2021-08-11","'3133G9RD3'","MBS","UMBS MORTPASS 2% 08/35","15yr",,,,,"126905.09",,,,,,""
"2021-08-11","'3138XJNS2'","MBS","UMBS MORTPASS 4.5% 01/44","30yr",,,,,"126770.99",,,,,,""
"2021-08-11","'3140EVKC0'","MBS","UMBS MORTPASS 2.5% 06/31","15yr",,,,,"126743.73",,,,,,""
"2021-08-11","'3133A64E8'","MBS","UMBS MORTPASS 2.5% 07/50","30yr",,,,,"126735.54",,,,,,""
"2021-08-11","'3128PMKR0'","MBS","FHLMCGLD 4.5% 02/24","15yr",,,,,"126639.59",,,,,,""
"2021-08-11","'3620A6AC1'","MBS","GNMA I 4.5% 06/39","30yr",,,,,"126614.3",,,,,,""
"2021-08-11","'3140FF5G2'","MBS","UMBS MORTPASS 2.5% 09/31","15yr",,,,,"126558.77",,,,,,""
"2021-08-11","'3140JPDU6'","MBS","UMBS MORTPASS 3.5% 03/34","15yr",,,,,"126557.18",,,,,,""
"2021-08-11","'3140H6RZ4'","MBS","UMBS MORTPASS 3% 12/32","15yr",,,,,"126549.18",,,,,,""
"2021-08-11","'312939FK2'","MBS","FHLMCGLD 5.5% 02/40","30yr",,,,,"126509.33",,,,,,""
"2021-08-11","'31414FYC9'","MBS","UMBS MORTPASS 4.5% 09/38","30yr",,,,,"126504.62",,,,,,""
"2021-08-11","'31329KV68'","MBS","UMBS MORTPASS 2.5% 11/36","Other",,,,,"126498.44",,,,,,""
"2021-08-11","'3138ABF87'","MBS","UMBS MORTPASS 4% 05/41","30yr",,,,,"126494.59",,,,,,""
"2021-08-11","'3620A7BS3'","MBS","GNMA I MORTPASS 5% 12/39","30yr",,,,,"126487.18",,,,,,""
"2021-08-11","'3140J7Y25'","MBS","UMBS MORTPASS 3.5% 01/33","15yr",,,,,"126481.46",,,,,,""
"2021-08-11","'3138ABEM7'","MBS","UMBS MORTPASS 4% 04/41","30yr",,,,,"126422.37",,,,,,""
"2021-08-11","'31418BEF9'","MBS","UMBS MORTPASS 3.5% 06/29","15yr",,,,,"126362.22",,,,,,""
"2021-08-11","'31415YMJ5'","MBS","UMBS MORTPASS 5.5% 01/39","30yr",,,,,"126317.05",,,,,,""
"2021-08-11","'3140HPVT1'","MBS","UMBS MORTPASS 3.5% 10/48","30yr",,,,,"126264.9",,,,,,""
"2021-08-11","'3131X9ZX5'","MBS","UMBS MORTPASS 3.5% 10/23","Other",,,,,"126234.44",,,,,,""
"2021-08-11","'36230MKB2'","MBS","GNMA I MORTPASS 4% 08/41","30yr",,,,,"126128.59",,,,,,""
"2021-08-11","'36296TD75'","MBS","GNMA I 4.5% 03/39","30yr",,,,,"126126.43",,,,,,""
"2021-08-11","'3620A5XJ3'","MBS","GNMA I 4.5% 08/39","30yr",,,,,"126123.2",,,,,,""
"2021-08-11","'36291UPH2'","MBS","GNMA I 4.5% 06/39","30yr",,,,,"126008.95",,,,,,""
"2021-08-11","'3138AVP66'","MBS","UMBS MORTPASS 4% 10/41","30yr",,,,,"125930.68",,,,,,""
"2021-08-11","'3140JN5L0'","MBS","UMBS MORTPASS 4% 04/49","30yr",,,,,"125930.23",,,,,,""
"2021-08-11","'36176UR80'","MBS","GNMA I MORTPASS 4% 02/42","30yr",,,,,"125877.73",,,,,,""
"2021-08-11","'3132A8MD8'","MBS","UMBS MORTPASS 3% 11/31","15yr",,,,,"125801.01",,,,,,""
"2021-08-11","'3138XEVC9'","MBS","UMBS MORTPASS 4.5% 01/44","30yr",,,,,"125682.29",,,,,,""
"2021-08-11","'3620ANDX5'","MBS","GNMA I MORTPASS 4% 06/40","30yr",,,,,"125658.96",,,,,,""
"2021-08-11","'3138Y1GT6'","MBS","UMBS MORTPASS 3% 08/44","30yr",,,,,"125634.52",,,,,,""
"2021-08-11","'3140JQZ22'","MBS","UMBS MORTPASS 3.5% 03/49","30yr",,,,,"125597.08",,,,,,""
"2021-08-11","'3620AD6E7'","MBS","GNMA I 4.5% 12/39","30yr",,,,,"125569.05",,,,,,""
"2021-08-11","'31307JJ61'","MBS","FHLMCGLD 2.5% 09/29","15yr",,,,,"125560.41",,,,,,""
"2021-08-11","'36179FKK0'","MBS","GNMA I 3.5% 05/43","30yr",,,,,"125508.01",,,,,,""
"2021-08-11","'36296V7J1'","MBS","GNMA I 4.5% 04/39","30yr",,,,,"125507.59",,,,,,""
"2021-08-11","'31307CMD7'","MBS","FHLMCGLD 3% 06/28","15yr",,,,,"125493.05",,,,,,""
"2021-08-11","'36176A5H8'","MBS","GNMA I MORTPASS 4% 09/41","30yr",,,,,"125443.6",,,,,,""
"2021-08-11","'36296WSR8'","MBS","GNMA I 4.5% 06/39","30yr",,,,,"125426.19",,,,,,""
"2021-08-11","'36297JCJ1'","MBS","GNMA I MORTPASS 5% 04/39","30yr",,,,,"125354.36",,,,,,""
"2021-08-11","'3620A3JJ4'","MBS","GNMA I MORTPASS 5% 11/39","30yr",,,,,"125198.56",,,,,,""
"2021-08-11","'312932W44'","MBS","FHLMCGLD 5.5% 05/39","30yr",,,,,"125107.19",,,,,,""
"2021-08-11","'31335AEV6'","MBS","FHLMCGLD 4.5% 07/45","30yr",,,,,"125077.97",,,,,,""
"2021-08-11","'31306YX22'","MBS","FHLMCGLD 3% 12/27","15yr",,,,,"125032.19",,,,,,""
"2021-08-11","'3138A1TV3'","MBS","UMBS MORTPASS 3% 12/25","15yr",,,,,"125029.88",,,,,,""
"2021-08-11","'3140JPDM4'","MBS","UMBS MORTPASS 3.5% 03/49","30yr",,,,,"124939.81",,,,,,""
"2021-08-11","'3620ABL46'","MBS","GNMA I 4.5% 01/40","30yr",,,,,"124921.95",,,,,,""
"2021-08-11","'36179BBD5'","MBS","GNMA I MORTPASS 3% 03/43","30yr",,,,,"124877.58",,,,,,""
"2021-08-11","'31339UZT0'","MBS","UMBS MORTPASS 3% 11/49","30yr",,,,,"124807.49",,,,,,""
"2021-08-11","'3140JYCA2'","MBS","UMBS MORTPASS 2.5% 11/34","15yr",,,,,"124788.11",,,,,,""
"2021-08-11","'3140HMJB1'","MBS","UMBS MORTPASS 3.5% 09/48","30yr",,,,,"124709.05",,,,,,""
"2021-08-11","'3140HPW45'","MBS","UMBS MORTPASS 4% 11/48","30yr",,,,,"124621.5",,,,,,""
"2021-08-11","'3133G66M2'","MBS","UMBS MORTPASS 2.5% 11/34","15yr",,,,,"124454.8",,,,,,""
"2021-08-11","'36176E6A4'","MBS","GNMA I 3.5% 12/41","30yr",,,,,"124452.43",,,,,,""
"2021-08-11","'3131X9DB7'","MBS","UMBS MORTPASS 2.5% 05/28","15yr",,,,,"124440.45",,,,,,""
"2021-08-11","'31417EYB1'","MBS","UMBS MORTPASS 2.5% 02/28","15yr",,,,,"124388.75",,,,,,""
"2021-08-11","'3140FF6R7'","MBS","UMBS MORTPASS 2.5% 10/31","15yr",,,,,"124321.9",,,,,,""
"2021-08-11","'3138M95H0'","MBS","UMBS MORTPASS 2.5% 10/27","15yr",,,,,"124305.47",,,,,,""
"2021-08-11","'3131Y15F3'","MBS","UMBS MORTPASS 4% 07/48","30yr",,,,,"124299.25",,,,,,""
"2021-08-11","'3132JBDV2'","MBS","FHLMCGLD 4% 07/43","30yr",,,,,"124266.23",,,,,,""
"2021-08-11","'3138MDAX0'","MBS","UMBS MORTPASS 2.5% 04/28","15yr",,,,,"124229.78",,,,,,""
"2021-08-11","'36179UD74'","MBS","GNMA II MORTPASS 3% 10/48","30yr",,,,,"124156.88",,,,,,""
"2021-08-11","'3620A7KR5'","MBS","GNMA I MORTPASS 5% 08/39","30yr",,,,,"124000.91",,,,,,""
"2021-08-11","'36296WXC5'","MBS","GNMA I 4.5% 06/39","30yr",,,,,"123953.75",,,,,,""
"2021-08-11","'36177UFA7'","MBS","GNMA I 3.5% 09/42","30yr",,,,,"123942.51",,,,,,""
"2021-08-11","'3131YAP20'","MBS","UMBS MORTPASS 4% 03/49","30yr",,,,,"123882.59",,,,,,""
"2021-08-11","'31416XEN6'","MBS","UMBS MORTPASS 3.5% 12/25","15yr",,,,,"123822.75",,,,,,""
"2021-08-11","'3138W7RK2'","MBS","UMBS MORTPASS 3% 04/28","15yr",,,,,"123799.28",,,,,,""
"2021-08-11","'3132A5JH9'","MBS","UMBS MORTPASS 4% 04/48","30yr",,,,,"123781.23",,,,,,""
"2021-08-11","'3138MQN41'","MBS","UMBS MORTPASS 4% 12/42","30yr",,,,,"123772.02",,,,,,""
"2021-08-11","'3140FD2F2'","MBS","UMBS MORTPASS 3% 01/32","15yr",,,,,"123670.47",,,,,,""
"2021-08-11","'36296MGW2'","MBS","GNMA I 4.5% 04/39","30yr",,,,,"123649.33",,,,,,""
"2021-08-11","'3138WD6L0'","MBS","UMBS MORTPASS 3% 02/45","30yr",,,,,"123574.84",,,,,,""
"2021-08-11","'3140Q75Y9'","MBS","UMBS MORTPASS 3.5% 09/47","30yr",,,,,"123531.08",,,,,,""
"2021-08-11","'3128MMSX2'","MBS","FHLMCGLD 2.5% 12/29","15yr",,,,,"123396.89",,,,,,""
"2021-08-11","'3140GYHU6'","MBS","UMBS MORTPASS 2.5% 01/33","15yr",,,,,"123306.86",,,,,,""
"2021-08-11","'31417KYC5'","MBS","UMBS MORTPASS 4% 08/39","30yr",,,,,"123297.7",,,,,,""
"2021-08-11","'3620AMV33'","MBS","GNMA I MORTPASS 4% 02/41","30yr",,,,,"123289.6",,,,,,""
"2021-08-11","'3132CWDA9'","MBS","UMBS MORTPASS 2.5% 10/34","15yr",,,,,"123265.47",,,,,,""
"2021-08-11","'3138Y86T2'","MBS","UMBS MORTPASS 3% 12/29","15yr",,,,,"123249.73",,,,,,""
"2021-08-11","'3138MJKL2'","MBS","UMBS MORTPASS 3% 02/28","15yr",,,,,"123205.36",,,,,,""
"2021-08-11","'36296YZK1'","MBS","GNMA I 4.5% 08/39","30yr",,,,,"123155.71",,,,,,""
"2021-08-11","'36230SM35'","MBS","GNMA I MORTPASS 4% 03/41","30yr",,,,,"123126.7",,,,,,""
"2021-08-11","'3138A3V46'","MBS","UMBS MORTPASS 3% 12/25","15yr",,,,,"123084.3",,,,,,""
"2021-08-11","'3129367L5'","MBS","FHLMCGLD 4.5% 11/39","30yr",,,,,"123055.61",,,,,,""
"2021-08-11","'3131XUTJ6'","MBS","UMBS MORTPASS 4% 07/46","30yr",,,,,"122980.22",,,,,,""
"2021-08-11","'3128MD6Y4'","MBS","FHLMCGLD 3% 09/29","15yr",,,,,"122950.77",,,,,,""
"2021-08-11","'3620A7Q99'","MBS","GNMA I MORTPASS 5% 12/39","30yr",,,,,"122925.41",,,,,,""
"2021-08-11","'3620A9YE5'","MBS","GNMA I 4.5% 12/39","30yr",,,,,"122891.19",,,,,,""
"2021-08-11","'31412RLS4'","MBS","UMBS MORTPASS 3% 12/25","15yr",,,,,"122813.7",,,,,,""
"2021-08-11","'36202E4H9'","MBS","GNMA II MORTPASS 5% 04/39","30yr",,,,,"122768.52",,,,,,""
"2021-08-11","'36230TFS6'","MBS","GNMA I 3.5% 04/41","30yr",,,,,"122740.75",,,,,,""
"2021-08-11","'3132QPA79'","MBS","FHLMCGLD 3% 04/45","30yr",,,,,"122733.24",,,,,,""
"2021-08-11","'36296LMW7'","MBS","GNMA I 4.5% 03/39","30yr",,,,,"122705.32",,,,,,""
"2021-08-11","'3138LRZB1'","MBS","UMBS MORTPASS 3% 05/27","15yr",,,,,"122687.5",,,,,,""
"2021-08-11","'36176UQT5'","MBS","GNMA I MORTPASS 4% 03/42","30yr",,,,,"122609.62",,,,,,""
"2021-08-11","'3138LYCP0'","MBS","UMBS MORTPASS 3% 07/27","15yr",,,,,"122481.91",,,,,,""
"2021-08-11","'36181GHV4'","MBS","GNMA I MORTPASS 3% 07/43","30yr",,,,,"122461.41",,,,,,""
"2021-08-11","'3132WJBZ3'","MBS","FHLMCGLD 4.5% 11/46","30yr",,,,,"122373.15",,,,,,""
"2021-08-11","'31307P4F3'","MBS","FHLMCGLD 2.5% 01/31","15yr",,,,,"122330.64",,,,,,""
"2021-08-11","'3133KGN95'","MBS","UMBS MORTPASS 4.5% 04/49","30yr",,,,,"122169.73",,,,,,""
"2021-08-11","'312935FM6'","MBS","FHLMCGLD 4% 08/39","30yr",,,,,"122093.79",,,,,,""
"2021-08-11","'31417N5N7'","MBS","UMBS MORTPASS 6% 10/39","30yr",,,,,"121884.76",,,,,,""
"2021-08-11","'3131X7QL5'","MBS","UMBS MORTPASS 2.5% 04/22","Other",,,,,"121875.48",,,,,,""
"2021-08-11","'3620ABK39'","MBS","GNMA I 4.5% 01/40","30yr",,,,,"121861.32",,,,,,""
"2021-08-11","'3138ER2Q2'","MBS","UMBS MORTPASS 3% 01/32","15yr",,,,,"121817.16",,,,,,""
"2021-08-11","'3140QBCY2'","MBS","UMBS MORTPASS 4.5% 06/49","30yr",,,,,"121800.99",,,,,,""
"2021-08-11","'3132XS4N7'","MBS","FHLMCGLD 3.5% 09/47","30yr",,,,,"121759.93",,,,,,""
"2021-08-11","'3620A7F34'","MBS","GNMA I 4.5% 08/39","30yr",,,,,"121732.53",,,,,,""
"2021-08-11","'3128PXF43'","MBS","FHLMCGLD 3.5% 12/26","15yr",,,,,"121650.39",,,,,,""
"2021-08-11","'3138A4Y25'","MBS","UMBS MORTPASS 3.5% 01/26","15yr",,,,,"121647.51",,,,,,""
"2021-08-11","'3138LVWU3'","MBS","UMBS MORTPASS 3% 06/27","15yr",,,,,"121622.13",,,,,,""
"2021-08-11","'3140FRQJ7'","MBS","UMBS MORTPASS 4.5% 01/47","30yr",,,,,"121582.93",,,,,,""
"2021-08-11","'36230PEC0'","MBS","GNMA I 3.5% 03/42","30yr",,,,,"121500.84",,,,,,""
"2021-08-11","'31307GN39'","MBS","FHLMCGLD 3.5% 03/29","15yr",,,,,"121454.65",,,,,,""
"2021-08-11","'3140J76U4'","MBS","UMBS MORTPASS 3% 02/33","15yr",,,,,"121451.78",,,,,,""
"2021-08-11","'31407EH30'","MBS","UMBS MORTPASS 5% 07/35","30yr",,,,,"121143.53",,,,,,""
"2021-08-11","'3132A7TV3'","MBS","UMBS MORTPASS 2.5% 05/28","15yr",,,,,"121139.64",,,,,,""
"2021-08-11","'3132M8BA3'","MBS","FHLMCGLD 4% 07/39","30yr",,,,,"121129.97",,,,,,""
"2021-08-11","'3138W4XN6'","MBS","UMBS MORTPASS 2.5% 11/27","15yr",,,,,"121127",,,,,,""
"2021-08-11","'31418WVH0'","MBS","UMBS MORTPASS 5% 06/40","30yr",,,,,"121102.29",,,,,,""
"2021-08-11","'36296JPW9'","MBS","GNMA I 4.5% 06/39","30yr",,,,,"121073.71",,,,,,""
"2021-08-11","'36297KMF5'","MBS","GNMA I 4.5% 05/39","30yr",,,,,"121024.78",,,,,,""
"2021-08-11","'3131Y2AW8'","MBS","UMBS MORTPASS 4.5% 07/48","30yr",,,,,"120971.98",,,,,,""
"2021-08-11","'3138EJRD2'","MBS","UMBS MORTPASS 3% 08/27","15yr",,,,,"120887.56",,,,,,""
"2021-08-11","'3128MMSP9'","MBS","FHLMCGLD 3.5% 09/29","15yr",,,,,"120740.55",,,,,,""
"2021-08-11","'36202EGM5'","MBS","GNMA II 4.5% 01/36","30yr",,,,,"120707.88",,,,,,""
"2021-08-11","'3132GJJK6'","MBS","FHLMCGLD 4% 09/41","30yr",,,,,"120623.12",,,,,,""
"2021-08-11","'36297EN43'","MBS","GNMA I MORTPASS 4% 05/39","30yr",,,,,"120620.37",,,,,,""
"2021-08-11","'36296Q7M5'","MBS","GNMA I 4.5% 08/39","30yr",,,,,"120598.63",,,,,,""
"2021-08-11","'3620A7BN4'","MBS","GNMA I 4.5% 12/39","30yr",,,,,"120585.93",,,,,,""
"2021-08-11","'3140EYCH2'","MBS","UMBS MORTPASS 3% 02/31","15yr",,,,,"120570.74",,,,,,""
"2021-08-11","'3131Y1FV7'","MBS","UMBS MORTPASS 4% 05/48","30yr",,,,,"120540.28",,,,,,""
"2021-08-11","'31307ALB6'","MBS","FHLMCGLD 3.5% 01/28","15yr",,,,,"120519.8",,,,,,""
"2021-08-11","'3138YJZD1'","MBS","UMBS MORTPASS 4% 03/45","30yr",,,,,"120435.2",,,,,,""
"2021-08-11","'36178Q4Z2'","MBS","GNMA I MORTPASS 3% 12/42","30yr",,,,,"120427.26",,,,,,""
"2021-08-11","'36176UFE0'","MBS","GNMA I 3.5% 12/41","30yr",,,,,"120406.41",,,,,,""
"2021-08-11","'3620AB5D4'","MBS","GNMA I MORTPASS 5% 12/39","30yr",,,,,"120368.19",,,,,,""
"2021-08-11","'36210ECY3'","MBS","GNMA I 3.5% 11/41","30yr",,,,,"120307.34",,,,,,""
"2021-08-11","'31417DFN8'","MBS","UMBS MORTPASS 2% 10/27","15yr",,,,,"120295.88",,,,,,""
"2021-08-11","'3138A6C40'","MBS","UMBS MORTPASS 3.5% 03/26","15yr",,,,,"120280.51",,,,,,""
"2021-08-11","'3138YYJ46'","MBS","UMBS MORTPASS 3.5% 10/45","30yr",,,,,"120256.06",,,,,,""
"2021-08-11","'31418DU59'","MBS","UMBS MORTPASS 2.5% 12/40","Other",,,,,"120221.16",,,,,,""
"2021-08-11","'3138X9YM5'","MBS","UMBS MORTPASS 3.5% 06/29","15yr",,,,,"120213.22",,,,,,""
"2021-08-11","'3128MFJR0'","MBS","FHLMCGLD 4% 12/26","15yr",,,,,"120194.76",,,,,,""
"2021-08-11","'3138ER6C9'","MBS","UMBS MORTPASS 2.5% 07/30","15yr",,,,,"120090.86",,,,,,""
"2021-08-11","'3620AGR23'","MBS","GNMA I MORTPASS 5% 03/40","30yr",,,,,"120004.3",,,,,,""
"2021-08-11","'3140J92D2'","MBS","UMBS MORTPASS 4% 07/47","30yr",,,,,"119984.19",,,,,,""
"2021-08-11","'3132AEEC6'","MBS","UMBS MORTPASS 3% 03/33","15yr",,,,,"119962.86",,,,,,""
"2021-08-11","'3138XTZ73'","MBS","UMBS MORTPASS 3% 05/29","15yr",,,,,"119919.4",,,,,,""
"2021-08-11","'3138YN6R3'","MBS","UMBS MORTPASS 2.5% 08/30","15yr",,,,,"119871.44",,,,,,""
"2021-08-11","'36177NFP0'","MBS","GNMA I MORTPASS 4% 01/42","30yr",,,,,"119862.78",,,,,,""
"2021-08-11","'3138XHB67'","MBS","UMBS MORTPASS 3% 01/29","15yr",,,,,"119833.02",,,,,,""
"2021-08-11","'36210BYQ2'","MBS","GNMA I MORTPASS 5% 03/39","30yr",,,,,"119653.4",,,,,,""
"2021-08-11","'31329MFA3'","MBS","UMBS MORTPASS 2% 12/29","15yr",,,,,"119648.14",,,,,,""
"2021-08-11","'36297HVE5'","MBS","GNMA I 4.5% 07/39","30yr",,,,,"119567.18",,,,,,""
"2021-08-11","'3140J75G6'","MBS","UMBS MORTPASS 2.5% 08/27","Other",,,,,"119525.42",,,,,,""
"2021-08-11","'3128PRWQ8'","MBS","FHLMCGLD 4% 06/25","15yr",,,,,"119501.3",,,,,,""
"2021-08-11","'36180FGD8'","MBS","GNMA I 3.5% 05/43","30yr",,,,,"119497.99",,,,,,""
"2021-08-11","'3138X86E6'","MBS","UMBS MORTPASS 2.5% 01/29","15yr",,,,,"119321.17",,,,,,""
"2021-08-11","'3620A7DP7'","MBS","GNMA I 4.5% 01/40","30yr",,,,,"119238.62",,,,,,""
"2021-08-11","'3138WDAE1'","MBS","UMBS MORTPASS 3% 10/29","15yr",,,,,"119194.39",,,,,,""
"2021-08-11","'36297KZR5'","MBS","GNMA I 4.5% 06/39","30yr",,,,,"119140.63",,,,,,""
"2021-08-11","'36176LVZ5'","MBS","GNMA I MORTPASS 4% 11/41","30yr",,,,,"119106.18",,,,,,""
"2021-08-11","'3138EAQ26'","MBS","UMBS MORTPASS 3% 04/27","15yr",,,,,"119016.69",,,,,,""
"2021-08-11","'3140J8TH6'","MBS","UMBS MORTPASS 2.5% 06/32","15yr",,,,,"118975.36",,,,,,""
"2021-08-11","'3138Y3TA9'","MBS","UMBS MORTPASS 3% 08/29","15yr",,,,,"118935.53",,,,,,""
"2021-08-11","'3128MFDP0'","MBS","FHLMCGLD 3.5% 06/32","15yr",,,,,"118910.97",,,,,,""
"2021-08-11","'3138YAUG8'","MBS","UMBS MORTPASS 4% 11/44","30yr",,,,,"118899.82",,,,,,""
"2021-08-11","'31417CAW5'","MBS","UMBS MORTPASS 3% 06/27","15yr",,,,,"118867.38",,,,,,""
"2021-08-11","'3131X9HV9'","MBS","UMBS MORTPASS 2.5% 06/23","Other",,,,,"118860.39",,,,,,""
"2021-08-11","'36177S7C7'","MBS","GNMA I 3.5% 03/42","30yr",,,,,"118826.87",,,,,,""
"2021-08-11","'3620A5WB1'","MBS","GNMA I MORTPASS 5% 11/39","30yr",,,,,"118797.94",,,,,,""
"2021-08-11","'3132GF6Z5'","MBS","FHLMCGLD 4% 08/41","30yr",,,,,"118796.24",,,,,,""
"2021-08-11","'36296RUM7'","MBS","GNMA I MORTPASS 6% 09/38","30yr",,,,,"118721.31",,,,,,""
"2021-08-11","'3620AEQA1'","MBS","GNMA I MORTPASS 5% 03/40","30yr",,,,,"118707.65",,,,,,""
"2021-08-11","'31416XLG3'","MBS","UMBS MORTPASS 3% 01/26","15yr",,,,,"118603.68",,,,,,""
"2021-08-11","'3138XFTK1'","MBS","UMBS MORTPASS 3% 11/28","15yr",,,,,"118597.61",,,,,,""
"2021-08-11","'3138NYR80'","MBS","UMBS MORTPASS 3% 02/28","15yr",,,,,"118587.42",,,,,,""
"2021-08-11","'3132DV6L4'","MBS","UMBS MORTPASS 3.5% 07/50","30yr",,,,,"118576.33",,,,,,""
"2021-08-11","'36297JG40'","MBS","GNMA I 4.5% 02/39","30yr",,,,,"118420.55",,,,,,""
"2021-08-11","'36177XMD7'","MBS","GNMA I 3.5% 07/42","30yr",,,,,"118417.84",,,,,,""
"2021-08-11","'31307BZE3'","MBS","FHLMCGLD 3% 04/28","15yr",,,,,"118318.02",,,,,,""
"2021-08-11","'31417DCK7'","MBS","UMBS MORTPASS 3% 10/27","15yr",,,,,"118214.63",,,,,,""
"2021-08-11","'31412U5U0'","MBS","UMBS MORTPASS 6.5% 09/39","30yr",,,,,"118188.1",,,,,,""
"2021-08-11","'36230UHY8'","MBS","GNMA I MORTPASS 4% 03/41","30yr",,,,,"118184.37",,,,,,""
"2021-08-11","'3138EKQH1'","MBS","UMBS MORTPASS 3% 12/27","15yr",,,,,"118183.31",,,,,,""
"2021-08-11","'3131YCU46'","MBS","UMBS MORTPASS 2.5% 05/34","15yr",,,,,"118159.59",,,,,,""
"2021-08-11","'36297G3U2'","MBS","GNMA I 4.5% 06/39","30yr",,,,,"118140.32",,,,,,""
"2021-08-11","'36180DE86'","MBS","GNMA I MORTPASS 4% 09/43","30yr",,,,,"118083.48",,,,,,""
"2021-08-11","'3620ABF84'","MBS","GNMA I MORTPASS 5% 11/39","30yr",,,,,"118046.34",,,,,,""
"2021-08-11","'3128PQ2S9'","MBS","FHLMCGLD 4.5% 02/25","15yr",,,,,"117982.95",,,,,,""
"2021-08-11","'3140E15Y5'","MBS","UMBS MORTPASS 3% 09/30","15yr",,,,,"117982.5",,,,,,""
"2021-08-11","'36176P3Q7'","MBS","GNMA I 3.5% 05/42","30yr",,,,,"117927.43",,,,,,""
"2021-08-11","'36180ULL1'","MBS","GNMA I MORTPASS 3% 05/43","30yr",,,,,"117911.84",,,,,,""
"2021-08-11","'3140JKYM2'","MBS","UMBS MORTPASS 3.5% 01/49","30yr",,,,,"117863.51",,,,,,""
"2021-08-11","'3132A9N60'","MBS","UMBS MORTPASS 3% 01/29","15yr",,,,,"117850.58",,,,,,""
"2021-08-11","'3131X8Z25'","MBS","UMBS MORTPASS 2% 04/23","Other",,,,,"117835.04",,,,,,""
"2021-08-11","'36296WD86'","MBS","GNMA I MORTPASS 5% 01/39","30yr",,,,,"117767.81",,,,,,""
"2021-08-11","'36241L6P6'","MBS","GNMA II 4.5% 05/41","30yr",,,,,"117579.91",,,,,,""
"2021-08-11","'36177UMM3'","MBS","GNMA I MORTPASS 4% 09/42","30yr",,,,,"117514.81",,,,,,""
"2021-08-11","'3138WCKP7'","MBS","UMBS MORTPASS 3% 08/29","15yr",,,,,"117499.22",,,,,,""
"2021-08-11","'3140J5U98'","MBS","UMBS MORTPASS 2.5% 12/29","15yr",,,,,"117477.99",,,,,,""
"2021-08-11","'3140Q7HV2'","MBS","UMBS MORTPASS 4.5% 08/47","30yr",,,,,"117414.85",,,,,,""
"2021-08-11","'3131X72C1'","MBS","UMBS MORTPASS 2.5% 08/27","15yr",,,,,"117294.49",,,,,,""
"2021-08-11","'3140HNHK1'","MBS","UMBS MORTPASS 2.5% 08/28","Other",,,,,"117198.56",,,,,,""
"2021-08-11","'3132QV3B5'","MBS","FHLMCGLD 4% 02/46","30yr",,,,,"117122.24",,,,,,""
"2021-08-11","'3138WGER1'","MBS","UMBS MORTPASS 3% 12/30","15yr",,,,,"117109.12",,,,,,""
"2021-08-11","'36178NBB4'","MBS","GNMA I MORTPASS 3% 08/42","30yr",,,,,"117038.75",,,,,,""
"2021-08-11","'3132GKZQ2'","MBS","FHLMCGLD 4% 11/41","30yr",,,,,"117015.56",,,,,,""
"2021-08-11","'31307QZJ9'","MBS","FHLMCGLD 3% 05/31","15yr",,,,,"117006.51",,,,,,""
"2021-08-11","'3138Y4Q69'","MBS","UMBS MORTPASS 3.5% 10/29","15yr",,,,,"117006.21",,,,,,""
"2021-08-11","'31418BNS1'","MBS","UMBS MORTPASS 3.5% 02/25","Other",,,,,"116958.5",,,,,,""
"2021-08-11","'36297HUR7'","MBS","GNMA I 4.5% 07/39","30yr",,,,,"116950.52",,,,,,""
"2021-08-11","'3131X9N67'","MBS","UMBS MORTPASS 3% 07/23","Other",,,,,"116894.69",,,,,,""
"2021-08-11","'36296XP99'","MBS","GNMA I 4.5% 09/39","30yr",,,,,"116853.25",,,,,,""
"2021-08-11","'36296VWR5'","MBS","GNMA I MORTPASS 5% 12/38","30yr",,,,,"116731.62",,,,,,""
"2021-08-11","'36291UNR2'","MBS","GNMA I MORTPASS 5% 04/39","30yr",,,,,"116691.84",,,,,,""
"2021-08-11","'36176H5Z3'","MBS","GNMA I 3.5% 06/43","30yr",,,,,"116672.5",,,,,,""
"2021-08-11","'31419JYP7'","MBS","UMBS MORTPASS 3.5% 11/25","15yr",,,,,"116494.12",,,,,,""
"2021-08-11","'36230SM50'","MBS","GNMA I MORTPASS 4% 03/41","30yr",,,,,"116489.82",,,,,,""
"2021-08-11","'36179D5C0'","MBS","GNMA I MORTPASS 3% 04/43","30yr",,,,,"116478.61",,,,,,""
"2021-08-11","'36180NQB4'","MBS","GNMA I MORTPASS 3% 04/43","30yr",,,,,"116465.61",,,,,,""
"2021-08-11","'3138WVWX5'","MBS","UMBS MORTPASS 3% 06/28","15yr",,,,,"116438.28",,,,,,""
"2021-08-11","'3140X4M52'","MBS","UMBS MORTPASS 3% 06/49","30yr",,,,,"116436.95",,,,,,""
"2021-08-11","'3140KDBR0'","MBS","UMBS MORTPASS 2.5% 06/50","30yr",,,,,"116385.76",,,,,,""
"2021-08-11","'3140KB2G8'","MBS","UMBS MORTPASS 2.5% 04/50","30yr",,,,,"116370.82",,,,,,""
"2021-08-11","'36291UNP6'","MBS","GNMA I 4.5% 03/39","30yr",,,,,"116364.81",,,,,,""
"2021-08-11","'36178DYA3'","MBS","GNMA I 3.5% 02/43","30yr",,,,,"116322.7",,,,,,""
"2021-08-11","'3620ACAL8'","MBS","GNMA I MORTPASS 5% 03/40","30yr",,,,,"116296.18",,,,,,""
"2021-08-11","'3620A1SP4'","MBS","GNMA I MORTPASS 5% 09/39","30yr",,,,,"116292.25",,,,,,""
"2021-08-11","'31418BS23'","MBS","UMBS MORTPASS 3.5% 07/25","Other",,,,,"116278.76",,,,,,""
"2021-08-11","'36297H4K1'","MBS","GNMA I MORTPASS 5% 05/39","30yr",,,,,"116267.72",,,,,,""
"2021-08-11","'3140HARC6'","MBS","UMBS MORTPASS 3.5% 04/48","30yr",,,,,"116180.41",,,,,,""
"2021-08-11","'3620AGXG5'","MBS","GNMA I MORTPASS 5% 02/40","30yr",,,,,"116145.14",,,,,,""
"2021-08-11","'36202EBC2'","MBS","GNMA II 4.5% 11/34","30yr",,,,,"115878.9",,,,,,""
"2021-08-11","'31307EPV0'","MBS","FHLMCGLD 3.5% 09/28","15yr",,,,,"115845.37",,,,,,""
"2021-08-11","'3133ADEV4'","MBS","UMBS MORTPASS 2% 12/50","30yr",,,,,"115790.58",,,,,,""
"2021-08-11","'3140QANP1'","MBS","UMBS MORTPASS 4.5% 02/49","30yr",,,,,"115725",,,,,,""
"2021-08-11","'31306YRQ6'","MBS","FHLMCGLD 2% 11/27","15yr",,,,,"115679.72",,,,,,""
"2021-08-11","'31417HDD3'","MBS","UMBS MORTPASS 2% 07/28","15yr",,,,,"115595.15",,,,,,""
"2021-08-11","'31417DS53'","MBS","UMBS MORTPASS 2.5% 11/27","15yr",,,,,"115593.65",,,,,,""
"2021-08-11","'3131Y2YV4'","MBS","UMBS MORTPASS 4% 09/48","30yr",,,,,"115557.63",,,,,,""
"2021-08-11","'3138APNG9'","MBS","UMBS MORTPASS 3% 12/26","15yr",,,,,"115529.66",,,,,,""
"2021-08-11","'3138Y9NM6'","MBS","UMBS MORTPASS 2.5% 01/30","15yr",,,,,"115514.85",,,,,,""
"2021-08-11","'31417AKN8'","MBS","UMBS MORTPASS 3% 11/26","15yr",,,,,"115411.52",,,,,,""
"2021-08-11","'3140JRYF2'","MBS","UMBS MORTPASS 4% 05/49","30yr",,,,,"115400.22",,,,,,""
"2021-08-11","'3138WJKD9'","MBS","UMBS MORTPASS 2.5% 11/31","15yr",,,,,"115368.78",,,,,,""
"2021-08-11","'36179EJ66'","MBS","GNMA I MORTPASS 3% 03/43","30yr",,,,,"115327.17",,,,,,""
"2021-08-11","'31416Y7B8'","MBS","UMBS MORTPASS 3% 09/26","15yr",,,,,"115308.9",,,,,,""
"2021-08-11","'3138W7D68'","MBS","UMBS MORTPASS 3% 03/28","15yr",,,,,"115246.4",,,,,,""
"2021-08-11","'3138LUE76'","MBS","UMBS MORTPASS 3% 05/42","30yr",,,,,"115055.3",,,,,,""
"2021-08-11","'3138XWYD4'","MBS","UMBS MORTPASS 4% 06/44","30yr",,,,,"114977.55",,,,,,""
"2021-08-11","'36297KU82'","MBS","GNMA I 4.5% 04/39","30yr",,,,,"114953.52",,,,,,""
"2021-08-11","'31307LPZ5'","MBS","FHLMCGLD 3.5% 01/30","15yr",,,,,"114934.2",,,,,,""
"2021-08-11","'31413U4A4'","MBS","UMBS MORTPASS 6.5% 10/37","30yr",,,,,"114904.71",,,,,,""
"2021-08-11","'36295J6G6'","MBS","GNMA I MORTPASS 6% 11/37","30yr",,,,,"114859.65",,,,,,""
"2021-08-11","'3138WFM94'","MBS","UMBS MORTPASS 2.5% 09/30","15yr",,,,,"114831.19",,,,,,""
"2021-08-11","'3138WBJZ9'","MBS","UMBS MORTPASS 3% 03/29","15yr",,,,,"114806.55",,,,,,""
"2021-08-11","'31307DZV1'","MBS","FHLMCGLD 3% 08/23","15yr",,,,,"114789.95",,,,,,""
"2021-08-11","'36179HYT2'","MBS","GNMA I MORTPASS 3% 01/43","30yr",,,,,"114782.27",,,,,,""
"2021-08-11","'3140X42Q8'","MBS","UMBS MORTPASS 2.5% 03/29","15yr",,,,,"114752.41",,,,,,""
"2021-08-11","'36177WQD5'","MBS","GNMA I 3.5% 05/42","30yr",,,,,"114682.08",,,,,,""
"2021-08-11","'3138LUBG9'","MBS","UMBS MORTPASS 3% 05/27","15yr",,,,,"114661.84",,,,,,""
"2021-08-11","'3131XANL1'","MBS","UMBS MORTPASS 3% 06/24","Other",,,,,"114638.01",,,,,,""
"2021-08-11","'3138EK6Y6'","MBS","UMBS MORTPASS 3% 03/28","15yr",,,,,"114624.85",,,,,,""
"2021-08-11","'3131X8TQ9'","MBS","UMBS MORTPASS 2.5% 02/23","Other",,,,,"114609.39",,,,,,""
"2021-08-11","'3138MD2H4'","MBS","UMBS MORTPASS 3% 10/27","15yr",,,,,"114552.72",,,,,,""
"2021-08-11","'3620AKFU5'","MBS","GNMA I MORTPASS 5% 04/40","30yr",,,,,"114551.08",,,,,,""
"2021-08-11","'36230UCM9'","MBS","GNMA I MORTPASS 4% 01/41","30yr",,,,,"114525.4",,,,,,""
"2021-08-11","'3132KFB84'","MBS","FHLMCGLD 3% 09/30","15yr",,,,,"114485.69",,,,,,""
"2021-08-11","'3131X6JY7'","MBS","UMBS MORTPASS 3% 02/26","15yr",,,,,"114285.3",,,,,,""
"2021-08-11","'31418XNQ7'","MBS","UMBS MORTPASS 4.5% 06/40","30yr",,,,,"114253.48",,,,,,""
"2021-08-11","'36176AAU3'","MBS","GNMA I MORTPASS 4% 02/42","30yr",,,,,"114222.07",,,,,,""
"2021-08-11","'3140JNVT4'","MBS","UMBS MORTPASS 4% 04/49","30yr",,,,,"114190.19",,,,,,""
"2021-08-11","'3140H3QL3'","MBS","UMBS MORTPASS 3% 12/47","30yr",,,,,"114152.74",,,,,,""
"2021-08-11","'31307EMJ0'","MBS","FHLMCGLD 3.5% 09/28","15yr",,,,,"114139.12",,,,,,""
"2021-08-11","'3140JJFX2'","MBS","UMBS MORTPASS 4% 11/48","30yr",,,,,"114078.84",,,,,,""
"2021-08-11","'3140X8YQ4'","MBS","UMBS MORTPASS 2% 12/50","30yr",,,,,"114066.17",,,,,,""
"2021-08-11","'3140HJQ53'","MBS","UMBS MORTPASS 3.5% 05/48","30yr",,,,,"114043.01",,,,,,""
"2021-08-11","'3131Y2GY8'","MBS","UMBS MORTPASS 4% 07/48","30yr",,,,,"114015.08",,,,,,""
"2021-08-11","'36180DM20'","MBS","GNMA I 3.5% 02/43","30yr",,,,,"113993.84",,,,,,""
"2021-08-11","'3132A9QF7'","MBS","UMBS MORTPASS 3% 02/30","15yr",,,,,"113930.33",,,,,,""
"2021-08-11","'3140HEQU9'","MBS","UMBS MORTPASS 3.5% 04/48","30yr",,,,,"113906.35",,,,,,""
"2021-08-11","'36297A6V0'","MBS","GNMA I MORTPASS 5% 02/39","30yr",,,,,"113892.97",,,,,,""
"2021-08-11","'3132J7L59'","MBS","FHLMCGLD 3.5% 05/43","30yr",,,,,"113880.82",,,,,,""
"2021-08-11","'3132A9UD7'","MBS","UMBS MORTPASS 3.5% 12/32","15yr",,,,,"113861.81",,,,,,""
"2021-08-11","'3138A3UB1'","MBS","UMBS MORTPASS 3% 01/26","15yr",,,,,"113753.93",,,,,,""
"2021-08-11","'3140JRN23'","MBS","UMBS MORTPASS 4% 04/49","30yr",,,,,"113752.45",,,,,,""
"2021-08-11","'3140Q9LG6'","MBS","UMBS MORTPASS 4% 07/33","15yr",,,,,"113686.81",,,,,,""
"2021-08-11","'3140QE4T6'","MBS","UMBS MORTPASS 2% 09/35","15yr",,,,,"113676.66",,,,,,""
"2021-08-11","'3131Y8UC7'","MBS","UMBS MORTPASS 4.5% 01/49","30yr",,,,,"113632.29",,,,,,""
"2021-08-11","'3620A2WH5'","MBS","GNMA I 4.5% 05/39","30yr",,,,,"113582.95",,,,,,""
"2021-08-11","'3138EEGK9'","MBS","UMBS MORTPASS 3% 05/27","15yr",,,,,"113552.66",,,,,,""
"2021-08-11","'312932GH3'","MBS","FHLMCGLD 6% 04/39","30yr",,,,,"113485.06",,,,,,""
"2021-08-11","'3138XBKL7'","MBS","UMBS MORTPASS 3% 11/28","15yr",,,,,"113428.24",,,,,,""
"2021-08-11","'3131Y2QG6'","MBS","UMBS MORTPASS 4.5% 08/48","30yr",,,,,"113375.53",,,,,,""
"2021-08-11","'36230MJL2'","MBS","GNMA I MORTPASS 4% 06/41","30yr",,,,,"113367.01",,,,,,""
"2021-08-11","'3138EA3L9'","MBS","UMBS MORTPASS 3% 03/27","15yr",,,,,"113262.66",,,,,,""
"2021-08-11","'36297DCA3'","MBS","GNMA I MORTPASS 5% 03/39","30yr",,,,,"113198.87",,,,,,""
"2021-08-11","'3132J62U7'","MBS","FHLMCGLD 3% 02/43","30yr",,,,,"113189.77",,,,,,""
"2021-08-11","'3140H5NG2'","MBS","UMBS MORTPASS 2.5% 02/33","15yr",,,,,"113149.03",,,,,,""
"2021-08-11","'3138XBK45'","MBS","UMBS MORTPASS 2.5% 11/28","15yr",,,,,"112991.54",,,,,,""
"2021-08-11","'3138MKLQ7'","MBS","UMBS MORTPASS 2.5% 04/28","15yr",,,,,"112982.65",,,,,,""
"2021-08-11","'3620A8MJ9'","MBS","GNMA I MORTPASS 5% 09/39","30yr",,,,,"112917.86",,,,,,""
"2021-08-11","'3128MMUH4'","MBS","FHLMCGLD 3.5% 01/31","15yr",,,,,"112884.95",,,,,,""
"2021-08-11","'312936VU8'","MBS","FHLMCGLD 5.5% 11/39","30yr",,,,,"112859.98",,,,,,""
"2021-08-11","'3128PRUA5'","MBS","FHLMCGLD 4% 06/25","15yr",,,,,"112849.19",,,,,,""
"2021-08-11","'3138YARV9'","MBS","UMBS MORTPASS 3.5% 12/29","15yr",,,,,"112837.82",,,,,,""
"2021-08-11","'3138ERQ94'","MBS","UMBS MORTPASS 3% 06/31","15yr",,,,,"112836.27",,,,,,""
"2021-08-11","'36176LY82'","MBS","GNMA I 3.5% 12/41","30yr",,,,,"112793.79",,,,,,""
"2021-08-11","'36297EJB2'","MBS","GNMA I MORTPASS 4% 08/41","30yr",,,,,"112710.84",,,,,,""
"2021-08-11","'36296QUY3'","MBS","GNMA I 4.5% 06/39","30yr",,,,,"112635.62",,,,,,""
"2021-08-11","'31307DQZ2'","MBS","FHLMCGLD 3% 08/28","15yr",,,,,"112630.96",,,,,,""
"2021-08-11","'36179BA38'","MBS","GNMA I MORTPASS 3% 03/43","30yr",,,,,"112625",,,,,,""
"2021-08-11","'3620AC6Q2'","MBS","GNMA I 4.5% 10/39","30yr",,,,,"112584.44",,,,,,""
"2021-08-11","'3140X4ZK5'","MBS","UMBS MORTPASS 3% 04/32","15yr",,,,,"112548.55",,,,,,""
"2021-08-11","'36178B4M4'","MBS","GNMA I 3.5% 10/42","30yr",,,,,"112514.32",,,,,,""
"2021-08-11","'3620A8UA9'","MBS","GNMA I 4.5% 09/39","30yr",,,,,"112501.48",,,,,,""
"2021-08-11","'31417GB21'","MBS","UMBS MORTPASS 3.5% 04/43","30yr",,,,,"112471.65",,,,,,""
"2021-08-11","'3620A7NS0'","MBS","GNMA I MORTPASS 5% 01/40","30yr",,,,,"112465.44",,,,,,""
"2021-08-11","'3138E2FK6'","MBS","UMBS MORTPASS 4% 01/42","30yr",,,,,"112383.59",,,,,,""
"2021-08-11","'36297DMR5'","MBS","GNMA I 4.5% 04/39","30yr",,,,,"112376.54",,,,,,""
"2021-08-11","'36292FQY6'","MBS","GNMA I MORTPASS 5% 05/37","30yr",,,,,"112361.16",,,,,,""
"2021-08-11","'36296MAA6'","MBS","GNMA I 4.5% 02/39","30yr",,,,,"112339.22",,,,,,""
"2021-08-11","'3132A7UB5'","MBS","UMBS MORTPASS 2.5% 12/28","15yr",,,,,"112319.15",,,,,,""
"2021-08-11","'3138WREQ9'","MBS","UMBS MORTPASS 2% 04/23","Other",,,,,"112315.83",,,,,,""
"2021-08-11","'31307DQE9'","MBS","FHLMCGLD 2% 07/23","15yr",,,,,"112297.65",,,,,,""
"2021-08-11","'3131Y73G0'","MBS","UMBS MORTPASS 4.5% 12/48","30yr",,,,,"112238.36",,,,,,""
"2021-08-11","'3132QN6D6'","MBS","FHLMCGLD 3% 04/45","30yr",,,,,"112228.83",,,,,,""
"2021-08-11","'36180BDN8'","MBS","GNMA I 3.5% 02/43","30yr",,,,,"112227.26",,,,,,""
"2021-08-11","'36177P6C4'","MBS","GNMA I MORTPASS 4% 01/42","30yr",,,,,"112165.05",,,,,,""
"2021-08-11","'3131X7BB3'","MBS","UMBS MORTPASS 3% 10/26","15yr",,,,,"112161.2",,,,,,""
"2021-08-11","'3140JGSV8'","MBS","UMBS MORTPASS 3.5% 09/33","15yr",,,,,"112140.03",,,,,,""
"2021-08-11","'3140JQQE6'","MBS","UMBS MORTPASS 3% 07/49","30yr",,,,,"112112.73",,,,,,""
"2021-08-11","'31307PR92'","MBS","FHLMCGLD 2.5% 11/30","15yr",,,,,"112093.3",,,,,,""
"2021-08-11","'36297FB35'","MBS","GNMA I 4.5% 06/39","30yr",,,,,"112032.23",,,,,,""
"2021-08-11","'3132XWJX0'","MBS","FHLMCGLD 3.5% 01/48","30yr",,,,,"111995.84",,,,,,""
"2021-08-11","'31329MKX7'","MBS","UMBS MORTPASS 3% 04/32","15yr",,,,,"111986.99",,,,,,""
"2021-08-11","'3140KKGL2'","MBS","UMBS MORTPASS 2.5% 08/50","30yr",,,,,"111942.19",,,,,,""
"2021-08-11","'3128P7S61'","MBS","FHLMCGLD 3% 04/32","Other",,,,,"111903.83",,,,,,""
"2021-08-11","'3140JXUM8'","MBS","UMBS MORTPASS 3% 08/34","15yr",,,,,"111896.62",,,,,,""
"2021-08-11","'3131XB6V6'","MBS","UMBS MORTPASS 3% 06/31","15yr",,,,,"111844.71",,,,,,""
"2021-08-11","'3620A85J8'","MBS","GNMA I MORTPASS 5% 07/39","30yr",,,,,"111825.37",,,,,,""
"2021-08-11","'3140EBRW3'","MBS","UMBS MORTPASS 3% 01/46","30yr",,,,,"111735.7",,,,,,""
"2021-08-11","'3620ABKM7'","MBS","GNMA I 4.5% 01/40","30yr",,,,,"111675.37",,,,,,""
"2021-08-11","'31307GR27'","MBS","FHLMCGLD 3.5% 03/29","15yr",,,,,"111633.04",,,,,,""
"2021-08-11","'31307UUY2'","MBS","FHLMCGLD 3.5% 10/32","15yr",,,,,"111582.09",,,,,,""
"2021-08-11","'3140X4LV6'","MBS","UMBS MORTPASS 3.5% 11/48","30yr",,,,,"111575.41",,,,,,""
"2021-08-11","'3132A5H99'","MBS","UMBS MORTPASS 4% 02/48","30yr",,,,,"111568.35",,,,,,""
"2021-08-11","'3138E8ZD7'","MBS","UMBS MORTPASS 3% 06/27","15yr",,,,,"111505.64",,,,,,""
"2021-08-11","'31307LEJ3'","MBS","FHLMCGLD 3.5% 12/29","15yr",,,,,"111294.61",,,,,,""
"2021-08-11","'3133KYSX8'","MBS","UMBS MORTPASS 3.5% 02/40","Other",,,,,"111244.51",,,,,,""
"2021-08-11","'3131X8RC2'","MBS","UMBS MORTPASS 2% 02/23","Other",,,,,"111219.77",,,,,,""
"2021-08-11","'3131X7AT5'","MBS","UMBS MORTPASS 3% 10/26","15yr",,,,,"111215.54",,,,,,""
"2021-08-11","'36295RNV6'","MBS","GNMA I MORTPASS 4% 05/39","30yr",,,,,"111200.4",,,,,,""
"2021-08-11","'3138EQ6P2'","MBS","UMBS MORTPASS 3.5% 12/29","15yr",,,,,"111191.24",,,,,,""
"2021-08-11","'3620A8P80'","MBS","GNMA I MORTPASS 5% 12/39","30yr",,,,,"111187.22",,,,,,""
"2021-08-11","'3140JVN57'","MBS","UMBS MORTPASS 3.5% 08/49","30yr",,,,,"111175.56",,,,,,""
"2021-08-11","'3132A8ZM4'","MBS","UMBS MORTPASS 3% 01/28","Other",,,,,"111149.74",,,,,,""
"2021-08-11","'3131X8DD5'","MBS","UMBS MORTPASS 2.5% 11/27","15yr",,,,,"111089.5",,,,,,""
"2021-08-11","'3138E0R92'","MBS","UMBS MORTPASS 2.5% 12/26","15yr",,,,,"111037.18",,,,,,""
"2021-08-11","'3140HJN31'","MBS","UMBS MORTPASS 4.5% 06/48","30yr",,,,,"111035",,,,,,""
"2021-08-11","'3138YKY80'","MBS","UMBS MORTPASS 2.5% 12/28","15yr",,,,,"110997.2",,,,,,""
"2021-08-11","'31418BQX7'","MBS","UMBS MORTPASS 2% 04/25","Other",,,,,"110985.25",,,,,,""
"2021-08-11","'3133LPSG3'","MBS","UMBS MORTPASS 3% 02/30","Other",,,,,"110962.94",,,,,,""
"2021-08-11","'3620AGYB5'","MBS","GNMA I MORTPASS 5% 02/40","30yr",,,,,"110909.2",,,,,,""
"2021-08-11","'3131X6Y53'","MBS","UMBS MORTPASS 3% 08/26","15yr",,,,,"110888.44",,,,,,""
"2021-08-11","'3138W42Z3'","MBS","UMBS MORTPASS 2.5% 04/28","15yr",,,,,"110822.05",,,,,,""
"2021-08-11","'36297HJJ8'","MBS","GNMA I 5.5% 04/39","30yr",,,,,"110818.13",,,,,,""
"2021-08-11","'3140FGGU7'","MBS","UMBS MORTPASS 3% 11/31","15yr",,,,,"110801.95",,,,,,""
"2021-08-11","'3140JRSZ5'","MBS","UMBS MORTPASS 3% 06/49","30yr",,,,,"110738.07",,,,,,""
"2021-08-11","'36176WSH5'","MBS","GNMA I 3.5% 01/42","30yr",,,,,"110622.63",,,,,,""
"2021-08-11","'31418AFY9'","MBS","UMBS MORTPASS 3% 06/27","15yr",,,,,"110609.58",,,,,,""
"2021-08-11","'36177Q7F4'","MBS","GNMA I 3.5% 10/42","30yr",,,,,"110575.2",,,,,,""
"2021-08-11","'3140KFPW9'","MBS","UMBS MORTPASS 1.5% 11/35","15yr",,,,,"110521.99",,,,,,""
"2021-08-11","'3620A1TK4'","MBS","GNMA I MORTPASS 5% 09/39","30yr",,,,,"110494.21",,,,,,""
"2021-08-11","'3138LYL54'","MBS","UMBS MORTPASS 3% 08/27","15yr",,,,,"110380.31",,,,,,""
"2021-08-11","'3138WTKB1'","MBS","UMBS MORTPASS 2% 06/28","15yr",,,,,"110343.83",,,,,,""
"2021-08-11","'3131XDQV0'","MBS","UMBS MORTPASS 3.5% 05/28","Other",,,,,"110283.98",,,,,,""
"2021-08-11","'36230RRX6'","MBS","GNMA I MORTPASS 4% 11/40","30yr",,,,,"110274.57",,,,,,""
"2021-08-11","'3138MFPY7'","MBS","UMBS MORTPASS 3% 10/27","15yr",,,,,"110231.04",,,,,,""
"2021-08-11","'3140QEKP6'","MBS","UMBS MORTPASS 2.5% 08/50","30yr",,,,,"110225.81",,,,,,""
"2021-08-11","'3138XR4S5'","MBS","UMBS MORTPASS 3.5% 07/29","15yr",,,,,"110217.73",,,,,,""
"2021-08-11","'3138X15S1'","MBS","UMBS MORTPASS 3% 09/28","15yr",,,,,"110199.26",,,,,,""
"2021-08-11","'3620A1R75'","MBS","GNMA I 4.5% 07/39","30yr",,,,,"110175.6",,,,,,""
"2021-08-11","'36176WHT1'","MBS","GNMA I MORTPASS 4% 01/42","30yr",,,,,"110166.15",,,,,,""
"2021-08-11","'3620A7P66'","MBS","GNMA I 4.5% 11/39","30yr",,,,,"110127.06",,,,,,""
"2021-08-11","'3138MKHT6'","MBS","UMBS MORTPASS 3.5% 11/42","30yr",,,,,"110088.28",,,,,,""
"2021-08-11","'36297EAA3'","MBS","GNMA I 4.5% 04/39","30yr",,,,,"110077.72",,,,,,""
"2021-08-11","'3140HN4U3'","MBS","UMBS MORTPASS 4% 08/48","30yr",,,,,"110035.45",,,,,,""
"2021-08-11","'3138EQKS0'","MBS","UMBS MORTPASS 3.5% 11/30","15yr",,,,,"110015.25",,,,,,""
"2021-08-11","'31419GCW2'","MBS","UMBS MORTPASS 3.5% 10/25","15yr",,,,,"109973.67",,,,,,""
"2021-08-11","'36179RD48'","MBS","GNMA II MORTPASS 2% 12/43","30yr",,,,,"109961.05",,,,,,""
"2021-08-11","'31416XFA3'","MBS","UMBS MORTPASS 4% 12/40","30yr",,,,,"109924.36",,,,,,""
"2021-08-11","'3131XAPX3'","MBS","UMBS MORTPASS 3% 07/24","Other",,,,,"109921.9",,,,,,""
"2021-08-11","'3138XS4U8'","MBS","UMBS MORTPASS 4% 06/44","30yr",,,,,"109843.46",,,,,,""
"2021-08-11","'3620A1RY6'","MBS","GNMA I 4.5% 07/39","30yr",,,,,"109820.18",,,,,,""
"2021-08-11","'3620AGT88'","MBS","GNMA I 4.5% 01/40","30yr",,,,,"109762.32",,,,,,""
"2021-08-11","'3620AACC0'","MBS","GNMA I MORTPASS 5% 11/39","30yr",,,,,"109747.7",,,,,,""
"2021-08-11","'3128PYNV2'","MBS","FHLMCGLD 3% 03/22","15yr",,,,,"109720.69",,,,,,""
"2021-08-11","'3132A9S40'","MBS","UMBS MORTPASS 2% 01/32","15yr",,,,,"109720.35",,,,,,""
"2021-08-11","'36176UEB7'","MBS","GNMA I MORTPASS 4% 11/41","30yr",,,,,"109684.04",,,,,,""
"2021-08-11","'3133GAAJ5'","MBS","UMBS MORTPASS 2% 09/35","15yr",,,,,"109651.78",,,,,,""
"2021-08-11","'3131YCND4'","MBS","UMBS MORTPASS 3% 04/49","30yr",,,,,"109647.36",,,,,,""
"2021-08-11","'31417EU82'","MBS","UMBS MORTPASS 2.5% 02/23","Other",,,,,"109641.57",,,,,,""
"2021-08-11","'36297F2R2'","MBS","GNMA I 4.5% 11/39","30yr",,,,,"109554.84",,,,,,""
"2021-08-11","'3138X1ES1'","MBS","UMBS MORTPASS 3% 07/43","30yr",,,,,"109551.45",,,,,,""
"2021-08-11","'3128PQVD0'","MBS","FHLMCGLD 4% 01/25","15yr",,,,,"109524.6",,,,,,""
"2021-08-11","'31418AXS2'","MBS","UMBS MORTPASS 3.5% 09/23","Other",,,,,"109503.96",,,,,,""
"2021-08-11","'3138X7AH6'","MBS","UMBS MORTPASS 3.5% 09/28","15yr",,,,,"109478.16",,,,,,""
"2021-08-11","'3140HAQL7'","MBS","UMBS MORTPASS 3.5% 03/48","30yr",,,,,"109427.56",,,,,,""
"2021-08-11","'3140KXQ90'","MBS","UMBS MORTPASS 2% 12/50","30yr",,,,,"109379.83",,,,,,""
"2021-08-11","'3138Y8PD6'","MBS","UMBS MORTPASS 3% 12/44","30yr",,,,,"109368.31",,,,,,""
"2021-08-11","'31418CUG7'","MBS","UMBS MORTPASS 2.5% 02/33","15yr",,,,,"109290",,,,,,""
"2021-08-11","'36296MFB9'","MBS","GNMA I 4.5% 03/39","30yr",,,,,"109238.92",,,,,,""
"2021-08-11","'3128M6DV7'","MBS","FHLMCGLD 6% 05/38","30yr",,,,,"109234.3",,,,,,""
"2021-08-11","'3140K46E5'","MBS","UMBS MORTPASS 4% 01/50","30yr",,,,,"109214.19",,,,,,""
"2021-08-11","'3140K3KS0'","MBS","UMBS MORTPASS 3% 01/50","30yr",,,,,"109155.2",,,,,,""
"2021-08-11","'3132JML80'","MBS","FHLMCGLD 3.5% 07/43","30yr",,,,,"109148.89",,,,,,""
"2021-08-11","'3138ETQP4'","MBS","UMBS MORTPASS 3.5% 06/31","15yr",,,,,"109124.94",,,,,,""
"2021-08-11","'36295YB51'","MBS","GNMA I MORTPASS 5% 06/38","30yr",,,,,"109091.58",,,,,,""
"2021-08-11","'36296AGZ1'","MBS","GNMA I 5.5% 03/39","30yr",,,,,"109040.83",,,,,,""
"2021-08-11","'3140EVHT7'","MBS","UMBS MORTPASS 3% 06/46","30yr",,,,,"109037.05",,,,,,""
"2021-08-11","'31346YG56'","MBS","UMBS MORTPASS 2.5% 11/49","30yr",,,,,"108941.25",,,,,,""
"2021-08-11","'36176USM8'","MBS","GNMA I 3.5% 04/42","30yr",,,,,"108806.75",,,,,,""
"2021-08-11","'36206YDK4'","MBS","GNMA I MORTPASS 5% 11/33","30yr",,,,,"108785.17",,,,,,""
"2021-08-11","'36179JPL5'","MBS","GNMA I MORTPASS 3% 02/43","30yr",,,,,"108780.15",,,,,,""
"2021-08-11","'3138X6U78'","MBS","UMBS MORTPASS 3.5% 10/28","15yr",,,,,"108753.69",,,,,,""
"2021-08-11","'3131X8U95'","MBS","UMBS MORTPASS 2.5% 03/28","15yr",,,,,"108700.28",,,,,,""
"2021-08-11","'36200F3W6'","MBS","GNMA I MORTPASS 5% 09/33","30yr",,,,,"108617.72",,,,,,""
"2021-08-11","'3620ACA79'","MBS","GNMA I MORTPASS 5% 12/39","30yr",,,,,"108558.26",,,,,,""
"2021-08-11","'3620A8QY2'","MBS","GNMA I 4.5% 12/39","30yr",,,,,"108530.78",,,,,,""
"2021-08-11","'36176L7E9'","MBS","GNMA I 3.5% 02/42","30yr",,,,,"108505.82",,,,,,""
"2021-08-11","'3133LPR66'","MBS","UMBS MORTPASS 2.5% 10/29","Other",,,,,"108492.49",,,,,,""
"2021-08-11","'31411JR32'","MBS","UMBS MORTPASS 5.5% 01/37","30yr",,,,,"108463.15",,,,,,""
"2021-08-11","'3138X34F6'","MBS","UMBS MORTPASS 2% 10/28","15yr",,,,,"108443.36",,,,,,""
"2021-08-11","'3140HL2T2'","MBS","UMBS MORTPASS 4% 06/48","30yr",,,,,"108312.69",,,,,,""
"2021-08-11","'3138E46Z9'","MBS","UMBS MORTPASS 3% 01/27","15yr",,,,,"108246.16",,,,,,""
"2021-08-11","'3131YAZ52'","MBS","UMBS MORTPASS 3.5% 04/49","30yr",,,,,"108187.8",,,,,,""
"2021-08-11","'36177M5R9'","MBS","GNMA I 3.5% 12/41","30yr",,,,,"108168.74",,,,,,""
"2021-08-11","'3140F1WL2'","MBS","UMBS MORTPASS 3% 06/31","15yr",,,,,"108152.27",,,,,,""
"2021-08-11","'3138WDLQ2'","MBS","UMBS MORTPASS 3% 12/29","15yr",,,,,"108138.54",,,,,,""
"2021-08-11","'3620A1TE8'","MBS","GNMA I MORTPASS 5% 10/39","30yr",,,,,"108063.83",,,,,,""
"2021-08-11","'31417DX32'","MBS","UMBS MORTPASS 2.5% 11/22","Other",,,,,"108031.71",,,,,,""
"2021-08-11","'3128LCND4'","MBS","FHLMCGLD 5.5% 06/38","30yr",,,,,"108031.44",,,,,,""
"2021-08-11","'36296WRN8'","MBS","GNMA I MORTPASS 5% 04/39","30yr",,,,,"107945.34",,,,,,""
"2021-08-11","'3138M56Y0'","MBS","UMBS MORTPASS 2.5% 09/27","15yr",,,,,"107923.87",,,,,,""
"2021-08-11","'3140X8M53'","MBS","UMBS MORTPASS 2.5% 11/50","30yr",,,,,"107913.5",,,,,,""
"2021-08-11","'31418DN99'","MBS","UMBS MORTPASS 2% 04/40","Other",,,,,"107888.09",,,,,,""
"2021-08-11","'3138MJMZ9'","MBS","UMBS MORTPASS 2.5% 10/27","15yr",,,,,"107797.43",,,,,,""
"2021-08-11","'3138YBX73'","MBS","UMBS MORTPASS 3% 07/30","15yr",,,,,"107770.47",,,,,,""
"2021-08-11","'36177TZ59'","MBS","GNMA I MORTPASS 4% 03/42","30yr",,,,,"107762.99",,,,,,""
"2021-08-11","'3140F4TV8'","MBS","UMBS MORTPASS 3% 05/46","30yr",,,,,"107747.03",,,,,,""
"2021-08-11","'3140F5CS0'","MBS","UMBS MORTPASS 3.5% 12/46","30yr",,,,,"107674.96",,,,,,""
"2021-08-11","'3138W2V93'","MBS","UMBS MORTPASS 3% 03/28","15yr",,,,,"107628.68",,,,,,""
"2021-08-11","'3138Y9BK3'","MBS","UMBS MORTPASS 3.5% 11/29","15yr",,,,,"107581.59",,,,,,""
"2021-08-11","'3138LSFH8'","MBS","UMBS MORTPASS 3% 06/27","15yr",,,,,"107555.35",,,,,,""
"2021-08-11","'3140HKLW6'","MBS","UMBS MORTPASS 4% 06/48","30yr",,,,,"107511.56",,,,,,""
"2021-08-11","'36177UJK1'","MBS","GNMA I 3.5% 08/42","30yr",,,,,"107493.33",,,,,,""
"2021-08-11","'3138M6B22'","MBS","UMBS MORTPASS 3% 11/27","15yr",,,,,"107443.8",,,,,,""
"2021-08-11","'3620A56N4'","MBS","GNMA I 4.5% 06/39","30yr",,,,,"107440.57",,,,,,""
"2021-08-11","'3140FLHV3'","MBS","UMBS MORTPASS 4% 12/46","30yr",,,,,"107402.33",,,,,,""
"2021-08-11","'3620A5W70'","MBS","GNMA I 4.5% 09/39","30yr",,,,,"107354.84",,,,,,""
"2021-08-11","'36297DT56'","MBS","GNMA I MORTPASS 6% 03/39","30yr",,,,,"107306.08",,,,,,""
"2021-08-11","'3138MCC85'","MBS","UMBS MORTPASS 3% 09/27","15yr",,,,,"107290.51",,,,,,""
"2021-08-11","'36206ENS0'","MBS","GNMA I 5.5% 06/38","30yr",,,,,"107261.17",,,,,,""
"2021-08-11","'3620ATLW5'","MBS","GNMA I 3.5% 10/41","30yr",,,,,"107202.46",,,,,,""
"2021-08-11","'3140HAQ45'","MBS","UMBS MORTPASS 3.5% 03/48","30yr",,,,,"107197.09",,,,,,""
"2021-08-11","'31334YCS4'","MBS","UMBS MORTPASS 4.5% 08/49","30yr",,,,,"107170.73",,,,,,""
"2021-08-11","'3128P7JL8'","MBS","FHLMCGLD 5% 04/28","Other",,,,,"107155.47",,,,,,""
"2021-08-11","'3140QFS42'","MBS","UMBS MORTPASS 2.5% 11/50","30yr",,,,,"107093.53",,,,,,""
"2021-08-11","'31417JU24'","MBS","UMBS MORTPASS 4.5% 12/24","15yr",,,,,"106936.16",,,,,,""
"2021-08-11","'3138WBKH7'","MBS","UMBS MORTPASS 3% 04/29","15yr",,,,,"106934.54",,,,,,""
"2021-08-11","'36180KRP8'","MBS","GNMA I 3.5% 05/43","30yr",,,,,"106866.73",,,,,,""
"2021-08-11","'31417SN55'","MBS","UMBS MORTPASS 4.5% 04/25","15yr",,,,,"106818.73",,,,,,""
"2021-08-11","'36202FGB6'","MBS","GNMA II 3.5% 05/40","30yr",,,,,"106725.84",,,,,,""
"2021-08-11","'36176QQ80'","MBS","GNMA I 3.5% 05/42","30yr",,,,,"106713.83",,,,,,""
"2021-08-11","'36177Q2X0'","MBS","GNMA I 3.5% 04/42","30yr",,,,,"106691.36",,,,,,""
"2021-08-11","'31417DRD7'","MBS","UMBS MORTPASS 2.5% 11/27","15yr",,,,,"106651.2",,,,,,""
"2021-08-11","'3138WJFL7'","MBS","UMBS MORTPASS 2.5% 11/46","30yr",,,,,"106581.44",,,,,,""
"2021-08-11","'3132A5GP4'","MBS","UMBS MORTPASS 3% 03/47","30yr",,,,,"106580.13",,,,,,""
"2021-08-11","'3128MD4M2'","MBS","FHLMCGLD 4% 07/27","15yr",,,,,"106558.94",,,,,,""
"2021-08-11","'3620A55Q8'","MBS","GNMA I 4.5% 06/39","30yr",,,,,"106548.09",,,,,,""
"2021-08-11","'3620AD5E8'","MBS","GNMA I 4.5% 11/39","30yr",,,,,"106504.83",,,,,,""
"2021-08-11","'3140X5DE0'","MBS","UMBS MORTPASS 2.5% 11/34","15yr",,,,,"106474.03",,,,,,""
"2021-08-11","'3128L9PD9'","MBS","FHLMCGLD 6% 04/38","30yr",,,,,"106473.16",,,,,,""
"2021-08-11","'3620A46J6'","MBS","GNMA I 4.5% 06/39","30yr",,,,,"106458.58",,,,,,""
"2021-08-11","'36294WW79'","MBS","GNMA I 5.5% 02/39","30yr",,,,,"106456.42",,,,,,""
"2021-08-11","'3128MMSA2'","MBS","FHLMCGLD 3% 05/29","15yr",,,,,"106410.21",,,,,,""
"2021-08-11","'3140JGZN8'","MBS","UMBS MORTPASS 4% 10/48","30yr",,,,,"106391.24",,,,,,""
"2021-08-11","'3620A4YB2'","MBS","GNMA I MORTPASS 5% 10/39","30yr",,,,,"106335.51",,,,,,""
"2021-08-11","'3620A2Z82'","MBS","GNMA I 4.5% 05/39","30yr",,,,,"106331.78",,,,,,""
"2021-08-11","'3138ABFV6'","MBS","UMBS MORTPASS 3% 04/26","15yr",,,,,"106290.27",,,,,,""
"2021-08-11","'3140KPZN6'","MBS","UMBS MORTPASS 2% 12/35","15yr",,,,,"105991.49",,,,,,""
"2021-08-11","'3138XQDM0'","MBS","UMBS MORTPASS 4% 05/44","30yr",,,,,"105926.23",,,,,,""
"2021-08-11","'3132A4F94'","MBS","UMBS MORTPASS 2.5% 07/43","30yr",,,,,"105898.45",,,,,,""
"2021-08-11","'3140KFKY0'","MBS","UMBS MORTPASS 2% 11/50","30yr",,,,,"105895",,,,,,""
"2021-08-11","'3140J75N1'","MBS","UMBS MORTPASS 2.5% 08/30","15yr",,,,,"105884.95",,,,,,""
"2021-08-11","'36230MKF3'","MBS","GNMA I MORTPASS 4% 08/41","30yr",,,,,"105850.65",,,,,,""
"2021-08-11","'31412BJN3'","MBS","UMBS MORTPASS 6.5% 09/36","30yr",,,,,"105813.32",,,,,,""
"2021-08-11","'3140FS3Z4'","MBS","UMBS MORTPASS 4.5% 01/47","30yr",,,,,"105810.38",,,,,,""
"2021-08-11","'3131X7GF9'","MBS","UMBS MORTPASS 3% 01/27","15yr",,,,,"105806",,,,,,""
"2021-08-11","'31419ANG8'","MBS","UMBS MORTPASS 4% 09/25","15yr",,,,,"105799.89",,,,,,""
"2021-08-11","'31417G5R3'","MBS","UMBS MORTPASS 3.5% 07/28","15yr",,,,,"105785.75",,,,,,""
"2021-08-11","'36178TKV7'","MBS","GNMA I 3.5% 11/42","30yr",,,,,"105775.31",,,,,,""
"2021-08-11","'3138WEUN7'","MBS","UMBS MORTPASS 2.5% 06/30","15yr",,,,,"105771.67",,,,,,""
"2021-08-11","'36176S7C8'","MBS","GNMA I MORTPASS 3% 10/41","30yr",,,,,"105758.03",,,,,,""
"2021-08-11","'31412MXG8'","MBS","UMBS MORTPASS 6.5% 06/38","30yr",,,,,"105731.36",,,,,,""
"2021-08-11","'3620A24T0'","MBS","GNMA I MORTPASS 4% 01/42","30yr",,,,,"105707.57",,,,,,""
"2021-08-11","'3140H7TA5'","MBS","UMBS MORTPASS 3.5% 01/48","30yr",,,,,"105670.13",,,,,,""
"2021-08-11","'36290SX30'","MBS","GNMA I MORTPASS 5% 05/34","30yr",,,,,"105663.81",,,,,,""
"2021-08-11","'31307LVP0'","MBS","FHLMCGLD 2.5% 02/30","15yr",,,,,"105641.04",,,,,,""
"2021-08-11","'36296MG69'","MBS","GNMA I 4.5% 04/39","30yr",,,,,"105587.37",,,,,,""
"2021-08-11","'3132WELA8'","MBS","FHLMCGLD 4.5% 06/46","30yr",,,,,"105470.7",,,,,,""
"2021-08-11","'36297H5T1'","MBS","GNMA I 4.5% 11/39","30yr",,,,,"105421.2",,,,,,""
"2021-08-11","'36178LPZ0'","MBS","GNMA I 3.5% 08/42","30yr",,,,,"105345",,,,,,""
"2021-08-11","'31415RE59'","MBS","UMBS MORTPASS 5% 07/38","30yr",,,,,"105179.04",,,,,,""
"2021-08-11","'36200N7G0'","MBS","GNMA I MORTPASS 5% 12/34","30yr",,,,,"105158.3",,,,,,""
"2021-08-11","'3128MMS46'","MBS","FHLMCGLD 3.5% 01/30","15yr",,,,,"105151.53",,,,,,""
"2021-08-11","'3140HJQB0'","MBS","UMBS MORTPASS 3.5% 05/48","30yr",,,,,"105111.01",,,,,,""
"2021-08-11","'36296WTQ9'","MBS","GNMA I 4.5% 06/39","30yr",,,,,"105050.42",,,,,,""
"2021-08-11","'3620AB5V4'","MBS","GNMA I 4.5% 12/39","30yr",,,,,"104945.09",,,,,,""
"2021-08-11","'3620AFJA6'","MBS","GNMA I MORTPASS 5% 11/39","30yr",,,,,"104914.04",,,,,,""
"2021-08-11","'36296WQW9'","MBS","GNMA I 4.5% 02/39","30yr",,,,,"104882.59",,,,,,""
"2021-08-11","'31416XEG1'","MBS","UMBS MORTPASS 3% 12/25","15yr",,,,,"104834.67",,,,,,""
"2021-08-11","'3128PQZS3'","MBS","FHLMCGLD 4.5% 02/25","15yr",,,,,"104814.72",,,,,,""
"2021-08-11","'3132GLJ21'","MBS","FHLMCGLD 3.5% 12/41","30yr",,,,,"104757.22",,,,,,""
"2021-08-11","'31416QQ24'","MBS","UMBS MORTPASS 6% 07/39","30yr",,,,,"104614.69",,,,,,""
"2021-08-11","'3138WQTN2'","MBS","UMBS MORTPASS 2.5% 06/23","Other",,,,,"104601.18",,,,,,""
"2021-08-11","'3128LDM92'","MBS","FHLMCGLD 5.5% 07/38","30yr",,,,,"104599.88",,,,,,""
"2021-08-11","'3620AB4L7'","MBS","GNMA I 4.5% 12/39","30yr",,,,,"104480.12",,,,,,""
"2021-08-11","'36296LMJ6'","MBS","GNMA I 4.5% 02/39","30yr",,,,,"104467.09",,,,,,""
"2021-08-11","'3138E8XV9'","MBS","UMBS MORTPASS 3% 03/22","Other",,,,,"104463.16",,,,,,""
"2021-08-11","'3138WFA89'","MBS","UMBS MORTPASS 3% 07/30","15yr",,,,,"104333.56",,,,,,""
"2021-08-11","'3128PSNH6'","MBS","FHLMCGLD 4% 09/25","15yr",,,,,"104314.42",,,,,,""
"2021-08-11","'3140EBHR5'","MBS","UMBS MORTPASS 4.5% 11/45","30yr",,,,,"104282.7",,,,,,""
"2021-08-11","'36176ND81'","MBS","GNMA I MORTPASS 4% 06/41","30yr",,,,,"104189.27",,,,,,""
"2021-08-11","'3132A9LY1'","MBS","UMBS MORTPASS 3% 09/26","15yr",,,,,"104144.06",,,,,,""
"2021-08-11","'36176UEA9'","MBS","GNMA I MORTPASS 4% 11/41","30yr",,,,,"104135.62",,,,,,""
"2021-08-11","'3620ACXY5'","MBS","GNMA I MORTPASS 4% 12/41","30yr",,,,,"104112.96",,,,,,""
"2021-08-11","'31334XCN7'","MBS","UMBS MORTPASS 3.5% 07/49","30yr",,,,,"104112",,,,,,""
"2021-08-11","'3620AGVZ5'","MBS","GNMA I MORTPASS 5% 01/40","30yr",,,,,"104060.16",,,,,,""
"2021-08-11","'3138E2VB8'","MBS","UMBS MORTPASS 3% 03/27","15yr",,,,,"104011.46",,,,,,""
"2021-08-11","'31414DBV7'","MBS","UMBS MORTPASS 5% 04/38","30yr",,,,,"103947.21",,,,,,""
"2021-08-11","'3138LUM69'","MBS","UMBS MORTPASS 3% 05/27","15yr",,,,,"103932.73",,,,,,""
"2021-08-11","'3138EN3E7'","MBS","UMBS MORTPASS 3.5% 11/29","15yr",,,,,"103856.73",,,,,,""
"2021-08-11","'3131X8FY7'","MBS","UMBS MORTPASS 3% 11/27","15yr",,,,,"103808.65",,,,,,""
"2021-08-11","'3131X8KT2'","MBS","UMBS MORTPASS 2.5% 12/27","15yr",,,,,"103745.83",,,,,,""
"2021-08-11","'3138X14D5'","MBS","UMBS MORTPASS 2.5% 08/28","15yr",,,,,"103713.21",,,,,,""
"2021-08-11","'3131Y9CA9'","MBS","UMBS MORTPASS 4.5% 01/49","30yr",,,,,"103676.99",,,,,,""
"2021-08-11","'36297DF51'","MBS","GNMA I 4.5% 04/39","30yr",,,,,"103652.62",,,,,,""
"2021-08-11","'3138YKSJ3'","MBS","UMBS MORTPASS 3% 05/30","15yr",,,,,"103650.72",,,,,,""
"2021-08-11","'3138X3AW2'","MBS","UMBS MORTPASS 3.5% 07/28","15yr",,,,,"103527.47",,,,,,""
"2021-08-11","'3128PRCU1'","MBS","FHLMCGLD 4.5% 03/25","15yr",,,,,"103420.63",,,,,,""
"2021-08-11","'3128P74Q3'","MBS","FHLMCGLD 4% 11/33","Other",,,,,"103420.47",,,,,,""
"2021-08-11","'31414RKQ7'","MBS","UMBS MORTPASS 5.5% 03/38","30yr",,,,,"103420.39",,,,,,""
"2021-08-11","'3620A6R66'","MBS","GNMA I 4.5% 12/39","30yr",,,,,"103407.98",,,,,,""
"2021-08-11","'31418TWC7'","MBS","UMBS MORTPASS 5% 07/40","30yr",,,,,"103363.8",,,,,,""
"2021-08-11","'3132A5HW8'","MBS","UMBS MORTPASS 4.5% 11/47","30yr",,,,,"103335.87",,,,,,""
"2021-08-11","'36177KVR4'","MBS","GNMA I 3.5% 01/42","30yr",,,,,"103266.82",,,,,,""
"2021-08-11","'36297GFW5'","MBS","GNMA I MORTPASS 5% 02/39","30yr",,,,,"103227.2",,,,,,""
"2021-08-11","'3620ABHV1'","MBS","GNMA I 3.5% 01/42","30yr",,,,,"103185.22",,,,,,""
"2021-08-11","'3140JRKB6'","MBS","UMBS MORTPASS 3.5% 05/49","30yr",,,,,"103098.47",,,,,,""
"2021-08-11","'3138WHQK1'","MBS","UMBS MORTPASS 2.5% 08/31","15yr",,,,,"103086.18",,,,,,""
"2021-08-11","'3620ARUN9'","MBS","GNMA I 3.5% 12/40","30yr",,,,,"103075.4",,,,,,""
"2021-08-11","'3131Y0PN6'","MBS","UMBS MORTPASS 3.5% 03/48","30yr",,,,,"103023.02",,,,,,""
"2021-08-11","'3138EEY29'","MBS","UMBS MORTPASS 3% 04/27","15yr",,,,,"103001.26",,,,,,""
"2021-08-11","'3138WWRZ4'","MBS","UMBS MORTPASS 3% 06/28","15yr",,,,,"102928.78",,,,,,""
"2021-08-11","'3138XUBQ4'","MBS","UMBS MORTPASS 3% 05/29","15yr",,,,,"102922.59",,,,,,""
"2021-08-11","'3620A3TN4'","MBS","GNMA I MORTPASS 5% 09/39","30yr",,,,,"102860.18",,,,,,""
"2021-08-11","'36176JQD5'","MBS","GNMA I MORTPASS 4% 07/41","30yr",,,,,"102844.03",,,,,,""
"2021-08-11","'3138MD2D3'","MBS","UMBS MORTPASS 3% 10/27","15yr",,,,,"102830.42",,,,,,""
"2021-08-11","'3138AUQ59'","MBS","UMBS MORTPASS 3.5% 10/26","15yr",,,,,"102824.25",,,,,,""
"2021-08-11","'36295RW61'","MBS","GNMA I MORTPASS 5% 01/40","30yr",,,,,"102801.41",,,,,,""
"2021-08-11","'36179JKA4'","MBS","GNMA I MORTPASS 3% 02/43","30yr",,,,,"102689.8",,,,,,""
"2021-08-11","'31417GSA5'","MBS","UMBS MORTPASS 3.5% 05/43","30yr",,,,,"102550.66",,,,,,""
"2021-08-11","'3620AG3D5'","MBS","GNMA I MORTPASS 5% 03/40","30yr",,,,,"102505.28",,,,,,""
"2021-08-11","'31334YTG2'","MBS","UMBS MORTPASS 3.5% 09/49","30yr",,,,,"102457.17",,,,,,""
"2021-08-11","'3138WZ7F3'","MBS","UMBS MORTPASS 3.5% 09/28","15yr",,,,,"102434.67",,,,,,""
"2021-08-11","'3128K2EU9'","MBS","FHLMCGLD 5.5% 01/36","30yr",,,,,"102398.48",,,,,,""
"2021-08-11","'3138XYG24'","MBS","UMBS MORTPASS 3.5% 08/29","15yr",,,,,"102369.02",,,,,,""
"2021-08-11","'3138WGRK2'","MBS","UMBS MORTPASS 3.5% 03/46","30yr",,,,,"102364.73",,,,,,""
"2021-08-11","'3140H7WK9'","MBS","UMBS MORTPASS 3.5% 03/33","15yr",,,,,"102344.96",,,,,,""
"2021-08-11","'3620AB4R4'","MBS","GNMA I 4.5% 12/39","30yr",,,,,"102320.51",,,,,,""
"2021-08-11","'3138WJF94'","MBS","UMBS MORTPASS 2% 11/31","15yr",,,,,"102318.3",,,,,,""
"2021-08-11","'3138AXFV8'","MBS","UMBS MORTPASS 3% 01/27","15yr",,,,,"102315.09",,,,,,""
"2021-08-11","'31329LFK3'","MBS","UMBS MORTPASS 3% 04/28","15yr",,,,,"102308.38",,,,,,""
"2021-08-11","'31307HSV0'","MBS","FHLMCGLD 3% 07/29","15yr",,,,,"102298.94",,,,,,""
"2021-08-11","'3133KH3V6'","MBS","UMBS MORTPASS 2.5% 05/50","30yr",,,,,"102289.29",,,,,,""
"2021-08-11","'3140HDYC2'","MBS","UMBS MORTPASS 2.5% 02/35","15yr",,,,,"102283.02",,,,,,""
"2021-08-11","'3140EUFY0'","MBS","UMBS MORTPASS 2.5% 01/31","15yr",,,,,"102281.29",,,,,,""
"2021-08-11","'31296LZP9'","MBS","FHLMCGLD 4.5% 08/33","30yr",,,,,"102273.05",,,,,,""
"2021-08-11","'3138WRQV5'","MBS","UMBS MORTPASS 2% 04/28","15yr",,,,,"102260.59",,,,,,""
"2021-08-11","'3128P7XS7'","MBS","FHLMCGLD 3.5% 11/32","Other",,,,,"102216.42",,,,,,""
"2021-08-11","'3128PSVE4'","MBS","FHLMCGLD 4% 10/25","15yr",,,,,"102189.89",,,,,,""
"2021-08-11","'3132M8QG4'","MBS","FHLMCGLD 4% 08/44","30yr",,,,,"102171.22",,,,,,""
"2021-08-11","'3138A8D94'","MBS","UMBS MORTPASS 3.5% 02/26","15yr",,,,,"102163.19",,,,,,""
"2021-08-11","'3132M5E32'","MBS","FHLMCGLD 4% 02/44","30yr",,,,,"102116.45",,,,,,""
"2021-08-11","'36177J3A5'","MBS","GNMA I 3.5% 06/42","30yr",,,,,"102109.3",,,,,,""
"2021-08-11","'31418VEG3'","MBS","UMBS MORTPASS 5% 06/40","30yr",,,,,"102085.87",,,,,,""
"2021-08-11","'36181C4C9'","MBS","GNMA I 3.5% 05/43","30yr",,,,,"102083.66",,,,,,""
"2021-08-11","'3620A7CF0'","MBS","GNMA I MORTPASS 5% 12/39","30yr",,,,,"101921.78",,,,,,""
"2021-08-11","'3138E1HB6'","MBS","UMBS MORTPASS 3% 12/26","15yr",,,,,"101901.19",,,,,,""
"2021-08-11","'31417EHX2'","MBS","UMBS MORTPASS 2% 12/22","Other",,,,,"101897.06",,,,,,""
"2021-08-11","'36297H4B1'","MBS","GNMA I MORTPASS 4% 04/39","30yr",,,,,"101890.09",,,,,,""
"2021-08-11","'31418AHX9'","MBS","UMBS MORTPASS 3% 08/27","15yr",,,,,"101863.06",,,,,,""
"2021-08-11","'3131X7UH9'","MBS","UMBS MORTPASS 2.5% 06/27","15yr",,,,,"101813.69",,,,,,""
"2021-08-11","'36297CWE5'","MBS","GNMA I 5.5% 02/39","30yr",,,,,"101799.98",,,,,,""
"2021-08-11","'36176FPV4'","MBS","GNMA I MORTPASS 4% 05/41","30yr",,,,,"101788.47",,,,,,""
"2021-08-11","'3138EQAZ5'","MBS","UMBS MORTPASS 2.5% 11/28","15yr",,,,,"101754.18",,,,,,""
"2021-08-11","'31335ANJ3'","MBS","FHLMCGLD 3.5% 01/46","30yr",,,,,"101744.45",,,,,,""
"2021-08-11","'31418CEP5'","MBS","UMBS MORTPASS 2.5% 12/36","Other",,,,,"101725.27",,,,,,""
"2021-08-11","'3140HNYL0'","MBS","UMBS MORTPASS 4.5% 08/48","30yr",,,,,"101718.9",,,,,,""
"2021-08-11","'36177S2G3'","MBS","GNMA I 3.5% 02/42","30yr",,,,,"101609.11",,,,,,""
"2021-08-11","'3132A7Y96'","MBS","UMBS MORTPASS 3% 04/29","15yr",,,,,"101495.1",,,,,,""
"2021-08-11","'312933GE8'","MBS","FHLMCGLD 5% 05/39","30yr",,,,,"101460.72",,,,,,""
"2021-08-11","'31307HJV0'","MBS","FHLMCGLD 3.5% 06/29","15yr",,,,,"101393.74",,,,,,""
"2021-08-11","'31374CK96'","MBS","UMBS MORTPASS 5.5% 11/35","30yr",,,,,"101295.45",,,,,,""
"2021-08-11","'3138WP6E9'","MBS","UMBS MORTPASS 2.5% 04/43","30yr",,,,,"101279.12",,,,,,""
"2021-08-11","'31417EX63'","MBS","UMBS MORTPASS 2% 02/28","15yr",,,,,"101261.59",,,,,,""
"2021-08-11","'3132VNKV4'","MBS","FHLMCGLD 3.5% 03/49","30yr",,,,,"101243.77",,,,,,""
"2021-08-11","'3620A4NM0'","MBS","GNMA I MORTPASS 5% 08/39","30yr",,,,,"101226.49",,,,,,""
"2021-08-11","'3138MHS38'","MBS","UMBS MORTPASS 2% 10/27","15yr",,,,,"101208.48",,,,,,""
"2021-08-11","'3138LUQ57'","MBS","UMBS MORTPASS 3% 05/27","15yr",,,,,"101165.03",,,,,,""
"2021-08-11","'3138W2AJ4'","MBS","UMBS MORTPASS 2% 01/28","15yr",,,,,"101080.91",,,,,,""
"2021-08-11","'3138WQA51'","MBS","UMBS MORTPASS 3.5% 05/43","30yr",,,,,"101016.64",,,,,,""
"2021-08-11","'3138XTQL2'","MBS","UMBS MORTPASS 3.5% 08/29","15yr",,,,,"100987.54",,,,,,""
"2021-08-11","'3128MFGR3'","MBS","FHLMCGLD 3.5% 09/32","15yr",,,,,"100933.64",,,,,,""
"2021-08-11","'36201YEJ1'","MBS","GNMA I MORTPASS 5% 08/33","30yr",,,,,"100927.26",,,,,,""
"2021-08-11","'36295YEZ2'","MBS","GNMA I 4.5% 08/39","30yr",,,,,"100886.14",,,,,,""
"2021-08-11","'31334Y2G1'","MBS","UMBS MORTPASS 2.5% 09/49","30yr",,,,,"100831.18",,,,,,""
"2021-08-11","'3138YSMC7'","MBS","UMBS MORTPASS 3% 07/30","15yr",,,,,"100792.11",,,,,,""
"2021-08-11","'3620A8UE1'","MBS","GNMA I MORTPASS 5% 10/39","30yr",,,,,"100757.66",,,,,,""
"2021-08-11","'3138X1VE3'","MBS","UMBS MORTPASS 3% 12/44","30yr",,,,,"100743.61",,,,,,""
"2021-08-11","'36177TA64'","MBS","GNMA I 3.5% 03/42","30yr",,,,,"100737.52",,,,,,""
"2021-08-11","'31410VS50'","MBS","UMBS MORTPASS 5% 11/36","30yr",,,,,"100697.92",,,,,,""
"2021-08-11","'31371NNX9'","MBS","UMBS MORTPASS 5.5% 12/27","Other",,,,,"100616.42",,,,,,""
"2021-08-11","'3140E2VH1'","MBS","UMBS MORTPASS 2.5% 07/30","15yr",,,,,"100581.96",,,,,,""
"2021-08-11","'3620A5S26'","MBS","GNMA I MORTPASS 5% 11/39","30yr",,,,,"100567.41",,,,,,""
"2021-08-11","'36181NND2'","MBS","GNMA I 3.5% 07/43","30yr",,,,,"100524.26",,,,,,""
"2021-08-11","'3138YKW74'","MBS","UMBS MORTPASS 2.5% 05/30","15yr",,,,,"100414.46",,,,,,""
"2021-08-11","'31418QYJ6'","MBS","UMBS MORTPASS 4% 02/25","15yr",,,,,"100354.28",,,,,,""
"2021-08-11","'3138M5QJ1'","MBS","UMBS MORTPASS 2.5% 08/27","15yr",,,,,"100276.23",,,,,,""
"2021-08-11","'312938BR3'","MBS","FHLMCGLD 4.5% 12/39","30yr",,,,,"100193.59",,,,,,""
"2021-08-11","'31307QUH8'","MBS","FHLMCGLD 2.5% 04/31","15yr",,,,,"100148.17",,,,,,""
"2021-08-11","'36296WRU2'","MBS","GNMA I 4.5% 04/39","30yr",,,,,"100109.05",,,,,,""
"2021-08-11","'36177TAN7'","MBS","GNMA I 3.5% 03/42","30yr",,,,,"100105.1",,,,,,""
"2021-08-11","'3131X9CX0'","MBS","UMBS MORTPASS 2.5% 05/28","15yr",,,,,"100078.92",,,,,,""
"2021-08-11","'36294YPH1'","MBS","GNMA I 5.5% 02/37","30yr",,,,,"100078.12",,,,,,""
"2021-08-11","'3138XWPW2'","MBS","UMBS MORTPASS 4% 06/44","30yr",,,,,"100032.72",,,,,,""
"2021-08-11","'3128MD5E9'","MBS","FHLMCGLD 3% 07/29","15yr",,,,,"100004.2",,,,,,""
"2021-08-11","'3133GCVL3'","MBS","UMBS MORTPASS 2% 04/36","15yr",,,,,"99990.8",,,,,,""
"2021-08-11","'3140JGZ24'","MBS","UMBS MORTPASS 4% 12/48","30yr",,,,,"99961.98",,,,,,""
"2021-08-11","'3138LRXJ6'","MBS","UMBS MORTPASS 3% 04/27","15yr",,,,,"99942.91",,,,,,""
"2021-08-11","'3138WEH69'","MBS","UMBS MORTPASS 2.5% 04/30","15yr",,,,,"99919.64",,,,,,""
"2021-08-11","'3138YSFB7'","MBS","UMBS MORTPASS 3.5% 06/30","15yr",,,,,"99918.71",,,,,,""
"2021-08-11","'36295VLD9'","MBS","GNMA I MORTPASS 4% 04/39","30yr",,,,,"99884.72",,,,,,""
"2021-08-11","'3133KJ4A7'","MBS","UMBS MORTPASS 2% 09/50","30yr",,,,,"99877.42",,,,,,""
"2021-08-11","'3131YBST6'","MBS","UMBS MORTPASS 4% 04/49","30yr",,,,,"99851.65",,,,,,""
"2021-08-11","'31413CST7'","MBS","UMBS MORTPASS 3% 03/27","15yr",,,,,"99776.98",,,,,,""
"2021-08-11","'31414BF96'","MBS","UMBS MORTPASS 5.5% 03/38","30yr",,,,,"99775.98",,,,,,""
"2021-08-11","'36176QKS2'","MBS","GNMA I 3.5% 03/42","30yr",,,,,"99765.69",,,,,,""
"2021-08-11","'3138YMZ51'","MBS","UMBS MORTPASS 3% 04/30","15yr",,,,,"99705.94",,,,,,""
"2021-08-11","'3140HPV87'","MBS","UMBS MORTPASS 3% 11/33","15yr",,,,,"99671.53",,,,,,""
"2021-08-11","'31415R3P7'","MBS","UMBS MORTPASS 6.5% 10/38","30yr",,,,,"99620.01",,,,,,""
"2021-08-11","'3138EPE34'","MBS","UMBS MORTPASS 3.5% 10/29","15yr",,,,,"99614.92",,,,,,""
"2021-08-11","'3138WFG83'","MBS","UMBS MORTPASS 3% 08/30","15yr",,,,,"99530.41",,,,,,""
"2021-08-11","'3128MJWL0'","MBS","FHLMCGLD 3.5% 06/45","30yr",,,,,"99521.87",,,,,,""
"2021-08-11","'36297J4Z4'","MBS","GNMA I 4.5% 08/39","30yr",,,,,"99507.28",,,,,,""
"2021-08-11","'36296JUB9'","MBS","GNMA I 4.5% 09/39","30yr",,,,,"99496.86",,,,,,""
"2021-08-11","'3138YWMS3'","MBS","UMBS MORTPASS 3% 06/30","15yr",,,,,"99445.17",,,,,,""
"2021-08-11","'31418AL48'","MBS","UMBS MORTPASS 3% 11/27","15yr",,,,,"99385.98",,,,,,""
"2021-08-11","'36296STZ8'","MBS","GNMA I MORTPASS 5% 11/38","30yr",,,,,"99375.38",,,,,,""
"2021-08-11","'36207A6Z0'","MBS","GNMA I 4.5% 02/39","30yr",,,,,"99364.02",,,,,,""
"2021-08-11","'3128MES69'","MBS","FHLMCGLD 3% 02/31","15yr",,,,,"99341.84",,,,,,""
"2021-08-11","'3132DMT62'","MBS","UMBS MORTPASS 2% 04/51","30yr",,,,,"99334.74",,,,,,""
"2021-08-11","'3132A7XP1'","MBS","UMBS MORTPASS 2.5% 05/24","Other",,,,,"99312.46",,,,,,""
"2021-08-11","'3132QNKW8'","MBS","FHLMCGLD 3% 03/45","30yr",,,,,"99284.86",,,,,,""
"2021-08-11","'3128PQVP3'","MBS","FHLMCGLD 4.5% 01/25","15yr",,,,,"99242.57",,,,,,""
"2021-08-11","'3620AHM75'","MBS","GNMA I MORTPASS 5% 03/40","30yr",,,,,"99212.9",,,,,,""
"2021-08-11","'3140EU7C7'","MBS","UMBS MORTPASS 3.5% 05/46","30yr",,,,,"99203.89",,,,,,""
"2021-08-11","'3138XM4T4'","MBS","UMBS MORTPASS 3.5% 08/29","15yr",,,,,"99195.14",,,,,,""
"2021-08-11","'31417GDB9'","MBS","UMBS MORTPASS 2.5% 04/33","Other",,,,,"99181.88",,,,,,""
"2021-08-11","'31307VT89'","MBS","FHLMCGLD 3% 03/33","15yr",,,,,"99179.77",,,,,,""
"2021-08-11","'3138W1UJ4'","MBS","UMBS MORTPASS 3% 02/28","15yr",,,,,"99162.3",,,,,,""
"2021-08-11","'36296GP88'","MBS","GNMA I 5.5% 06/38","30yr",,,,,"99149.82",,,,,,""
"2021-08-11","'3620A7W84'","MBS","GNMA I 4.5% 11/39","30yr",,,,,"99069.76",,,,,,""
"2021-08-11","'31418ATM0'","MBS","UMBS MORTPASS 3.5% 05/23","Other",,,,,"98992.72",,,,,,""
"2021-08-11","'36177KZF6'","MBS","GNMA I 3.5% 03/42","30yr",,,,,"98898.22",,,,,,""
"2021-08-11","'31307UCQ9'","MBS","FHLMCGLD 2.5% 07/32","15yr",,,,,"98890.96",,,,,,""
"2021-08-11","'36230U4X4'","MBS","GNMA I 3.5% 12/41","30yr",,,,,"98835.35",,,,,,""
"2021-08-11","'3132AAKK9'","MBS","UMBS MORTPASS 4% 05/36","Other",,,,,"98824.28",,,,,,""
"2021-08-11","'3138WFU79'","MBS","UMBS MORTPASS 3.5% 10/45","30yr",,,,,"98752.82",,,,,,""
"2021-08-11","'3132QRL32'","MBS","FHLMCGLD 3% 07/45","30yr",,,,,"98746.85",,,,,,""
"2021-08-11","'3138ERH60'","MBS","UMBS MORTPASS 4% 10/46","30yr",,,,,"98737.11",,,,,,""
"2021-08-11","'36296LNG1'","MBS","GNMA I 4.5% 04/39","30yr",,,,,"98711.61",,,,,,""
"2021-08-11","'3138W4RG8'","MBS","UMBS MORTPASS 3% 02/28","15yr",,,,,"98684.05",,,,,,""
"2021-08-11","'36296UQE3'","MBS","GNMA I MORTPASS 4% 02/39","30yr",,,,,"98646.34",,,,,,""
"2021-08-11","'36181FC58'","MBS","GNMA I 3.5% 06/43","30yr",,,,,"98525.17",,,,,,""
"2021-08-11","'3140HKK80'","MBS","UMBS MORTPASS 3.5% 05/33","15yr",,,,,"98509.34",,,,,,""
"2021-08-11","'36202EFZ7'","MBS","GNMA II 4.5% 11/35","30yr",,,,,"98471.29",,,,,,""
"2021-08-11","'3138WERM3'","MBS","UMBS MORTPASS 3.5% 05/45","30yr",,,,,"98393.66",,,,,,""
"2021-08-11","'3140L4F53'","MBS","UMBS MORTPASS 2% 03/51","30yr",,,,,"98343.71",,,,,,""
"2021-08-11","'3132A8FB0'","MBS","UMBS MORTPASS 2.5% 12/25","Other",,,,,"98313.13",,,,,,""
"2021-08-11","'3132WHLC7'","MBS","FHLMCGLD 4% 10/46","30yr",,,,,"98238.76",,,,,,""
"2021-08-11","'3140X9LZ6'","MBS","UMBS MORTPASS 2.5% 02/51","30yr",,,,,"98183.5",,,,,,""
"2021-08-11","'31417CNQ4'","MBS","UMBS MORTPASS 2.5% 08/22","Other",,,,,"98166.75",,,,,,""
"2021-08-11","'3138X3CJ9'","MBS","UMBS MORTPASS 3.5% 07/43","30yr",,,,,"98164.43",,,,,,""
"2021-08-11","'3138W3XQ1'","MBS","UMBS MORTPASS 3.5% 02/43","30yr",,,,,"98114.54",,,,,,""
"2021-08-11","'3132QPE67'","MBS","FHLMCGLD 3% 04/45","30yr",,,,,"98061.64",,,,,,""
"2021-08-11","'3128MMUN1'","MBS","FHLMCGLD 3.5% 02/31","15yr",,,,,"98028.68",,,,,,""
"2021-08-11","'3138EJJD1'","MBS","UMBS MORTPASS 4% 06/42","30yr",,,,,"98005",,,,,,""
"2021-08-11","'3138EMZT1'","MBS","UMBS MORTPASS 3% 06/28","15yr",,,,,"97989.81",,,,,,""
"2021-08-11","'3140HPVU8'","MBS","UMBS MORTPASS 3.5% 10/48","30yr",,,,,"97934",,,,,,""
"2021-08-11","'3620AB7J9'","MBS","GNMA I MORTPASS 5% 02/40","30yr",,,,,"97917.49",,,,,,""
"2021-08-11","'36179JHD2'","MBS","GNMA I MORTPASS 3% 02/43","30yr",,,,,"97908.15",,,,,,""
"2021-08-11","'36295WH42'","MBS","GNMA I MORTPASS 6% 12/38","30yr",,,,,"97906.68",,,,,,""
"2021-08-11","'31335ARM2'","MBS","FHLMCGLD 4.5% 02/46","30yr",,,,,"97896.69",,,,,,""
"2021-08-11","'3140J5QK8'","MBS","UMBS MORTPASS 4.5% 01/43","30yr",,,,,"97879.47",,,,,,""
"2021-08-11","'3128PNA73'","MBS","FHLMCGLD 4% 06/24","15yr",,,,,"97827.93",,,,,,""
"2021-08-11","'3133G7SX2'","MBS","UMBS MORTPASS 2.5% 01/35","15yr",,,,,"97761.86",,,,,,""
"2021-08-11","'36180DPJ0'","MBS","GNMA I 3.5% 02/43","30yr",,,,,"97748.06",,,,,,""
"2021-08-11","'3138WUTA1'","MBS","UMBS MORTPASS 3% 12/28","15yr",,,,,"97732.13",,,,,,""
"2021-08-11","'3140L3H79'","MBS","UMBS MORTPASS 2% 03/51","30yr",,,,,"97721.66",,,,,,""
"2021-08-11","'31307FDL2'","MBS","FHLMCGLD 2.5% 11/28","15yr",,,,,"97716.56",,,,,,""
"2021-08-11","'3622AAVM3'","MBS","GNMA II MORTPASS 2% 12/50","30yr",,,,,"97664.14",,,,,,""
"2021-08-11","'3138YGE32'","MBS","UMBS MORTPASS 3% 03/45","30yr",,,,,"97602.21",,,,,,""
"2021-08-11","'3620A4RM6'","MBS","GNMA I 4.5% 08/39","30yr",,,,,"97599.93",,,,,,""
"2021-08-11","'3138M8H48'","MBS","UMBS MORTPASS 3.5% 08/27","15yr",,,,,"97591.02",,,,,,""
"2021-08-11","'3131XYG86'","MBS","UMBS MORTPASS 3.5% 11/47","30yr",,,,,"97583.47",,,,,,""
"2021-08-11","'3622AAVK7'","MBS","GNMA II MORTPASS 2% 12/50","30yr",,,,,"97527.47",,,,,,""
"2021-08-11","'36297EL45'","MBS","GNMA I MORTPASS 6% 03/39","30yr",,,,,"97508.71",,,,,,""
"2021-08-11","'3140FCY77'","MBS","UMBS MORTPASS 4% 08/46","30yr",,,,,"97504.34",,,,,,""
"2021-08-11","'31306YP70'","MBS","FHLMCGLD 2% 12/22","15yr",,,,,"97454.01",,,,,,""
"2021-08-11","'3128PRGB9'","MBS","FHLMCGLD 4% 04/25","15yr",,,,,"97424.77",,,,,,""
"2021-08-11","'36176ATV1'","MBS","GNMA I MORTPASS 4% 08/41","30yr",,,,,"97384.75",,,,,,""
"2021-08-11","'3138WEQ28'","MBS","UMBS MORTPASS 3% 05/45","30yr",,,,,"97293.24",,,,,,""
"2021-08-11","'3140J8NF6'","MBS","UMBS MORTPASS 4% 02/48","30yr",,,,,"97230.91",,,,,,""
"2021-08-11","'31415MDZ5'","MBS","UMBS MORTPASS 5% 06/38","30yr",,,,,"97119.74",,,,,,""
"2021-08-11","'3140KRMW6'","MBS","UMBS MORTPASS 2% 11/50","30yr",,,,,"97106.72",,,,,,""
"2021-08-11","'36178BZN8'","MBS","GNMA I 3.5% 11/42","30yr",,,,,"97061.13",,,,,,""
"2021-08-11","'36181RC52'","MBS","GNMA I MORTPASS 4% 08/43","30yr",,,,,"97058.18",,,,,,""
"2021-08-11","'3138LY2D8'","MBS","UMBS MORTPASS 2.5% 06/27","15yr",,,,,"97055.83",,,,,,""
"2021-08-11","'3133AF4T5'","MBS","UMBS MORTPASS 2.5% 02/51","30yr",,,,,"97044.2",,,,,,""
"2021-08-11","'36295RW38'","MBS","GNMA I 4.5% 01/40","30yr",,,,,"97020.69",,,,,,""
"2021-08-11","'3140QHC45'","MBS","UMBS MORTPASS 2.5% 02/51","30yr",,,,,"96988.48",,,,,,""
"2021-08-11","'36202FXW1'","MBS","GNMA II MORTPASS 3% 09/41","30yr",,,,,"96946.72",,,,,,""
"2021-08-11","'36295YU50'","MBS","GNMA I 4.5% 03/38","30yr",,,,,"96839.31",,,,,,""
"2021-08-11","'3140QC3R5'","MBS","UMBS MORTPASS 3% 03/50","30yr",,,,,"96826",,,,,,""
"2021-08-11","'3620AB5A0'","MBS","GNMA I MORTPASS 5% 12/39","30yr",,,,,"96766.24",,,,,,""
"2021-08-11","'3140HHTC9'","MBS","UMBS MORTPASS 3% 04/33","15yr",,,,,"96694.05",,,,,,""
"2021-08-11","'3622AAVL5'","MBS","GNMA II MORTPASS 2% 12/50","30yr",,,,,"96676.38",,,,,,""
"2021-08-11","'3620AGU86'","MBS","GNMA I MORTPASS 5% 01/40","30yr",,,,,"96673.87",,,,,,""
"2021-08-11","'3140L1UL7'","MBS","UMBS MORTPASS 2% 03/51","30yr",,,,,"96661.43",,,,,,""
"2021-08-11","'3140QG3D7'","MBS","UMBS MORTPASS 2.5% 02/51","30yr",,,,,"96613.05",,,,,,""
"2021-08-11","'3140X92W4'","MBS","UMBS MORTPASS 2.5% 03/51","30yr",,,,,"96609.47",,,,,,""
"2021-08-11","'31329K6C3'","MBS","UMBS MORTPASS 3% 10/26","15yr",,,,,"96572.84",,,,,,""
"2021-08-11","'3138WV5J6'","MBS","UMBS MORTPASS 2% 07/23","Other",,,,,"96523.22",,,,,,""
"2021-08-11","'36202DZW4'","MBS","GNMA II 4.5% 10/33","30yr",,,,,"96369.42",,,,,,""
"2021-08-11","'3140QHER2'","MBS","UMBS MORTPASS 2% 02/36","15yr",,,,,"96323.37",,,,,,""
"2021-08-11","'3620ARQP9'","MBS","GNMA I 3.5% 11/40","30yr",,,,,"96315.46",,,,,,""
"2021-08-11","'31418AZ50'","MBS","UMBS MORTPASS 3% 11/28","15yr",,,,,"96270.04",,,,,,""
"2021-08-11","'3138EGKP8'","MBS","UMBS MORTPASS 4% 06/26","15yr",,,,,"96269.81",,,,,,""
"2021-08-11","'3620AR3K5'","MBS","GNMA I MORTPASS 4% 02/41","30yr",,,,,"96246.21",,,,,,""
"2021-08-11","'3128P7MZ3'","MBS","FHLMCGLD 5% 11/29","Other",,,,,"96237.83",,,,,,""
"2021-08-11","'3138MHUC5'","MBS","UMBS MORTPASS 2.5% 12/27","15yr",,,,,"96203.85",,,,,,""
"2021-08-11","'3620A1XJ2'","MBS","GNMA I 4.5% 05/39","30yr",,,,,"96201.97",,,,,,""
"2021-08-11","'3620AB5U6'","MBS","GNMA I MORTPASS 5% 12/39","30yr",,,,,"96193.7",,,,,,""
"2021-08-11","'31307PWW5'","MBS","FHLMCGLD 3% 12/30","15yr",,,,,"96143.39",,,,,,""
"2021-08-11","'312942MQ5'","MBS","FHLMCGLD 3.5% 09/40","30yr",,,,,"96126.44",,,,,,""
"2021-08-11","'36297BAB7'","MBS","GNMA I MORTPASS 5% 05/39","30yr",,,,,"96113.94",,,,,,""
"2021-08-11","'3138LSZL7'","MBS","UMBS MORTPASS 3% 05/27","15yr",,,,,"96096.23",,,,,,""
"2021-08-11","'3140X9H73'","MBS","UMBS MORTPASS 2.5% 01/51","30yr",,,,,"96092.88",,,,,,""
"2021-08-11","'3622AAVN1'","MBS","GNMA II MORTPASS 2% 12/50","30yr",,,,,"96086.82",,,,,,""
"2021-08-11","'3620A5V55'","MBS","GNMA I MORTPASS 5% 10/39","30yr",,,,,"96075.18",,,,,,""
"2021-08-11","'36178GQL1'","MBS","GNMA I 3.5% 08/42","30yr",,,,,"96058.01",,,,,,""
"2021-08-11","'3133KKT82'","MBS","UMBS MORTPASS 2.5% 12/50","30yr",,,,,"96016",,,,,,""
"2021-08-11","'3140X9TA3'","MBS","UMBS MORTPASS 2.5% 01/51","30yr",,,,,"96002.74",,,,,,""
"2021-08-11","'36296S6U4'","MBS","GNMA I 4.5% 02/39","30yr",,,,,"95982.91",,,,,,""
"2021-08-11","'36296YVZ2'","MBS","GNMA I 4.5% 01/39","30yr",,,,,"95979.26",,,,,,""
"2021-08-11","'36178AHT7'","MBS","GNMA I 3.5% 07/42","30yr",,,,,"95978.15",,,,,,""
"2021-08-11","'3138MFPU5'","MBS","UMBS MORTPASS 2.5% 10/27","15yr",,,,,"95943.49",,,,,,""
"2021-08-11","'3140HETF9'","MBS","UMBS MORTPASS 3.5% 03/48","30yr",,,,,"95936.12",,,,,,""
"2021-08-11","'3133ABVV9'","MBS","UMBS MORTPASS 2% 10/50","30yr",,,,,"95839.43",,,,,,""
"2021-08-11","'31307T3T6'","MBS","FHLMCGLD 3% 06/32","15yr",,,,,"95835.43",,,,,,""
"2021-08-11","'3140Q8VC6'","MBS","UMBS MORTPASS 3.5% 04/48","30yr",,,,,"95791",,,,,,""
"2021-08-11","'36177KHV1'","MBS","GNMA I MORTPASS 4% 03/42","30yr",,,,,"95747.92",,,,,,""
"2021-08-11","'3138EMEQ0'","MBS","UMBS MORTPASS 3% 11/27","15yr",,,,,"95720.01",,,,,,""
"2021-08-11","'3132A83F4'","MBS","UMBS MORTPASS 3.5% 04/28","Other",,,,,"95701.94",,,,,,""
"2021-08-11","'3128MCFB6'","MBS","FHLMCGLD 4.5% 05/24","15yr",,,,,"95677.02",,,,,,""
"2021-08-11","'3140JKZ41'","MBS","UMBS MORTPASS 3% 02/34","15yr",,,,,"95671.73",,,,,,""
"2021-08-11","'31416WES7'","MBS","UMBS MORTPASS 4% 05/25","15yr",,,,,"95638.35",,,,,,""
"2021-08-11","'3138LQRE6'","MBS","UMBS MORTPASS 3% 09/27","15yr",,,,,"95608.92",,,,,,""
"2021-08-11","'3138E7K45'","MBS","UMBS MORTPASS 3% 06/27","15yr",,,,,"95593.84",,,,,,""
"2021-08-11","'36297H2X5'","MBS","GNMA I 4.5% 06/39","30yr",,,,,"95513.63",,,,,,""
"2021-08-11","'31339UQE3'","MBS","UMBS MORTPASS 3% 10/49","30yr",,,,,"95449.7",,,,,,""
"2021-08-11","'36180CQ69'","MBS","GNMA I MORTPASS 3% 04/43","30yr",,,,,"95447.93",,,,,,""
"2021-08-11","'3133L8B20'","MBS","UMBS MORTPASS 1.5% 02/36","15yr",,,,,"95360.86",,,,,,""
"2021-08-11","'3620A24S2'","MBS","GNMA I 3.5% 01/42","30yr",,,,,"95321.28",,,,,,""
"2021-08-11","'31418DVT6'","MBS","UMBS MORTPASS 1.5% 01/31","Other",,,,,"95273.13",,,,,,""
"2021-08-11","'3620A1T24'","MBS","GNMA I 4.5% 11/39","30yr",,,,,"95270.01",,,,,,""
"2021-08-11","'3140HARV4'","MBS","UMBS MORTPASS 3.5% 04/48","30yr",,,,,"95263.04",,,,,,""
"2021-08-11","'3140L1QK4'","MBS","UMBS MORTPASS 1.5% 02/51","30yr",,,,,"95262.96",,,,,,""
"2021-08-11","'3132GFYE1'","MBS","FHLMCGLD 4.5% 08/41","30yr",,,,,"95257.86",,,,,,""
"2021-08-11","'3620A1ST6'","MBS","GNMA I MORTPASS 5% 09/39","30yr",,,,,"95229.59",,,,,,""
"2021-08-11","'3132QQTF9'","MBS","FHLMCGLD 3% 06/45","30yr",,,,,"95227.88",,,,,,""
"2021-08-11","'31307W2H6'","MBS","FHLMCGLD 3.5% 10/33","15yr",,,,,"95226.06",,,,,,""
"2021-08-11","'31307JHJ5'","MBS","FHLMCGLD 2.5% 09/29","15yr",,,,,"95220.98",,,,,,""
"2021-08-11","'3138EQNG3'","MBS","UMBS MORTPASS 3.5% 10/45","30yr",,,,,"95197.39",,,,,,""
"2021-08-11","'3128MJXY1'","MBS","FHLMCGLD 4% 02/46","30yr",,,,,"95164.61",,,,,,""
"2021-08-11","'36176VNG4'","MBS","GNMA I 3.5% 07/42","30yr",,,,,"95132.15",,,,,,""
"2021-08-11","'36297DUL9'","MBS","GNMA I 5.5% 04/39","30yr",,,,,"95107.09",,,,,,""
"2021-08-11","'31329MFY1'","MBS","UMBS MORTPASS 2.5% 03/30","15yr",,,,,"94990.77",,,,,,""
"2021-08-11","'36296WQ74'","MBS","GNMA I MORTPASS 5% 02/39","30yr",,,,,"94902.75",,,,,,""
"2021-08-11","'31307MXA9'","MBS","FHLMCGLD 3% 05/30","15yr",,,,,"94867.56",,,,,,""
"2021-08-11","'312941LA3'","MBS","FHLMCGLD 5% 07/40","30yr",,,,,"94745.48",,,,,,""
"2021-08-11","'3131X9MT8'","MBS","UMBS MORTPASS 2.5% 07/23","Other",,,,,"94720.18",,,,,,""
"2021-08-11","'36296JMV4'","MBS","GNMA I MORTPASS 5% 05/39","30yr",,,,,"94719.56",,,,,,""
"2021-08-11","'3140JM4J8'","MBS","UMBS MORTPASS 4% 03/49","30yr",,,,,"94681.45",,,,,,""
"2021-08-11","'3138X6KQ7'","MBS","UMBS MORTPASS 4.5% 01/44","30yr",,,,,"94671.65",,,,,,""
"2021-08-11","'36179UN73'","MBS","GNMA II 2.5% 02/49","30yr",,,,,"94641.9",,,,,,""
"2021-08-11","'3140EAED1'","MBS","UMBS MORTPASS 4% 11/45","30yr",,,,,"94607.51",,,,,,""
"2021-08-11","'31329MB66'","MBS","UMBS MORTPASS 3% 09/28","15yr",,,,,"94602.61",,,,,,""
"2021-08-11","'3133GBTW4'","MBS","UMBS MORTPASS 1.5% 01/36","15yr",,,,,"94547.94",,,,,,""
"2021-08-11","'36201UGP3'","MBS","GNMA I MORTPASS 5% 07/33","30yr",,,,,"94500.21",,,,,,""
"2021-08-11","'36297ETN5'","MBS","GNMA I MORTPASS 5% 10/39","30yr",,,,,"94486.73",,,,,,""
"2021-08-11","'3138W3QW6'","MBS","UMBS MORTPASS 2% 02/28","15yr",,,,,"94472.85",,,,,,""
"2021-08-11","'36177UNY6'","MBS","GNMA I 3.5% 04/42","30yr",,,,,"94361.75",,,,,,""
"2021-08-11","'3138WJRM2'","MBS","UMBS MORTPASS 2% 01/32","15yr",,,,,"94291.18",,,,,,""
"2021-08-11","'3620A6XQ5'","MBS","GNMA I MORTPASS 5% 11/39","30yr",,,,,"94288.58",,,,,,""
"2021-08-11","'3140QHG66'","MBS","UMBS MORTPASS 2% 02/51","30yr",,,,,"94253.97",,,,,,""
"2021-08-11","'3140X9FW0'","MBS","UMBS MORTPASS 1.5% 01/36","15yr",,,,,"94250.06",,,,,,""
"2021-08-11","'3131Y2NA2'","MBS","UMBS MORTPASS 4% 08/48","30yr",,,,,"94240.09",,,,,,""
"2021-08-11","'31417LMX0'","MBS","UMBS MORTPASS 4% 06/39","30yr",,,,,"94204.17",,,,,,""
"2021-08-11","'3138XSKU0'","MBS","UMBS MORTPASS 3.5% 10/29","15yr",,,,,"94153.59",,,,,,""
"2021-08-11","'36177S4X4'","MBS","GNMA I 3.5% 03/42","30yr",,,,,"94142.27",,,,,,""
"2021-08-11","'3140EVMR5'","MBS","UMBS MORTPASS 2.5% 12/30","15yr",,,,,"94131.97",,,,,,""
"2021-08-11","'36179VHT0'","MBS","GNMA II 3.5% 03/50","30yr",,,,,"94067.44",,,,,,""
"2021-08-11","'3138EPP73'","MBS","UMBS MORTPASS 4% 08/44","30yr",,,,,"93996.42",,,,,,""
"2021-08-11","'36297KVH1'","MBS","GNMA I 4.5% 05/39","30yr",,,,,"93989",,,,,,""
"2021-08-11","'3138EHGH9'","MBS","UMBS MORTPASS 3% 12/26","15yr",,,,,"93975.25",,,,,,""
"2021-08-11","'3140H5NU1'","MBS","UMBS MORTPASS 3.5% 02/48","30yr",,,,,"93940.24",,,,,,""
"2021-08-11","'3128LXGZ7'","MBS","FHLMCGLD 5% 11/35","30yr",,,,,"93937.06",,,,,,""
"2021-08-11","'3138EJH92'","MBS","UMBS MORTPASS 3.5% 10/26","15yr",,,,,"93877.1",,,,,,""
"2021-08-11","'3620A7MQ5'","MBS","GNMA I 4.5% 11/39","30yr",,,,,"93859.94",,,,,,""
"2021-08-11","'3138W9KK5'","MBS","UMBS MORTPASS 3% 08/28","15yr",,,,,"93843.18",,,,,,""
"2021-08-11","'3140KLH47'","MBS","UMBS MORTPASS 2.5% 10/50","30yr",,,,,"93771.11",,,,,,""
"2021-08-11","'36177RRD5'","MBS","GNMA I MORTPASS 4% 02/42","30yr",,,,,"93750.81",,,,,,""
"2021-08-11","'36295GVX7'","MBS","GNMA I MORTPASS 5% 07/37","30yr",,,,,"93732.95",,,,,,""
"2021-08-11","'36297GGX2'","MBS","GNMA I 4.5% 05/39","30yr",,,,,"93729.63",,,,,,""
"2021-08-11","'36297HZ35'","MBS","GNMA I MORTPASS 4% 05/39","30yr",,,,,"93714.1",,,,,,""
"2021-08-11","'3620AGT54'","MBS","GNMA I MORTPASS 5% 01/40","30yr",,,,,"93652.04",,,,,,""
"2021-08-11","'3138ENXH7'","MBS","UMBS MORTPASS 3.5% 11/44","30yr",,,,,"93646.66",,,,,,""
"2021-08-11","'3140HM6S8'","MBS","UMBS MORTPASS 3.5% 07/48","30yr",,,,,"93646.59",,,,,,""
"2021-08-11","'3138EPFN9'","MBS","UMBS MORTPASS 2% 03/25","Other",,,,,"93619.11",,,,,,""
"2021-08-11","'3620AGVG7'","MBS","GNMA I MORTPASS 5% 01/40","30yr",,,,,"93577.17",,,,,,""
"2021-08-11","'3138M4YC0'","MBS","UMBS MORTPASS 3% 08/27","15yr",,,,,"93492.97",,,,,,""
"2021-08-11","'3140J8MA8'","MBS","UMBS MORTPASS 3% 02/29","15yr",,,,,"93492.29",,,,,,""
"2021-08-11","'3138MLTR5'","MBS","UMBS MORTPASS 2.5% 12/27","15yr",,,,,"93479.24",,,,,,""
"2021-08-11","'3131X7R83'","MBS","UMBS MORTPASS 3% 05/27","15yr",,,,,"93461.32",,,,,,""
"2021-08-11","'3140HMP24'","MBS","UMBS MORTPASS 3.5% 09/33","15yr",,,,,"93390.22",,,,,,""
"2021-08-11","'36291UPB5'","MBS","GNMA I MORTPASS 4% 05/39","30yr",,,,,"93386.5",,,,,,""
"2021-08-11","'36178KX26'","MBS","GNMA I 3.5% 05/43","30yr",,,,,"93374.99",,,,,,""
"2021-08-11","'36295P3Q3'","MBS","GNMA I MORTPASS 4% 03/38","30yr",,,,,"93354.37",,,,,,""
"2021-08-11","'36296WQZ2'","MBS","GNMA I 4.5% 02/39","30yr",,,,,"93270.31",,,,,,""
"2021-08-11","'36297ER64'","MBS","GNMA I MORTPASS 5% 09/39","30yr",,,,,"93226.02",,,,,,""
"2021-08-11","'36295RUS5'","MBS","GNMA I MORTPASS 5% 04/38","30yr",,,,,"93134.38",,,,,,""
"2021-08-11","'3138Y8U24'","MBS","UMBS MORTPASS 3% 11/29","15yr",,,,,"93084.29",,,,,,""
"2021-08-11","'31335APE2'","MBS","FHLMCGLD 4% 01/46","30yr",,,,,"93069.18",,,,,,""
"2021-08-11","'31418DH88'","MBS","UMBS MORTPASS 4% 11/39","Other",,,,,"92988.98",,,,,,""
"2021-08-11","'36176CH32'","MBS","GNMA I MORTPASS 4% 02/41","30yr",,,,,"92941.7",,,,,,""
"2021-08-11","'3140FNLN2'","MBS","UMBS MORTPASS 2.5% 01/32","15yr",,,,,"92885.67",,,,,,""
"2021-08-11","'3140HN3C4'","MBS","UMBS MORTPASS 4% 10/48","30yr",,,,,"92860.23",,,,,,""
"2021-08-11","'31307TPT2'","MBS","FHLMCGLD 2.5% 03/32","15yr",,,,,"92860.22",,,,,,""
"2021-08-11","'3140X4N28'","MBS","UMBS MORTPASS 2.5% 02/47","30yr",,,,,"92802.49",,,,,,""
"2021-08-11","'31418CS54'","MBS","UMBS MORTPASS 4% 01/48","30yr",,,,,"92797.66",,,,,,""
"2021-08-11","'3138M4GY2'","MBS","UMBS MORTPASS 3% 09/27","15yr",,,,,"92795.65",,,,,,""
"2021-08-11","'3140X8QD2'","MBS","UMBS MORTPASS 1.5% 11/35","15yr",,,,,"92787.62",,,,,,""
"2021-08-11","'3140ECTM1'","MBS","UMBS MORTPASS 3% 07/31","15yr",,,,,"92774.4",,,,,,""
"2021-08-11","'3140JJJ91'","MBS","UMBS MORTPASS 3.5% 10/33","15yr",,,,,"92766.36",,,,,,""
"2021-08-11","'3132A72B6'","MBS","UMBS MORTPASS 3% 11/27","15yr",,,,,"92705.64",,,,,,""
"2021-08-11","'31419JAF5'","MBS","UMBS MORTPASS 3.5% 11/25","15yr",,,,,"92690.16",,,,,,""
"2021-08-11","'36296ME53'","MBS","GNMA I 4.5% 03/39","30yr",,,,,"92642.28",,,,,,""
"2021-08-11","'31410XQM1'","MBS","UMBS MORTPASS 6.5% 09/36","30yr",,,,,"92570.18",,,,,,""
"2021-08-11","'36295YFE8'","MBS","GNMA I 4.5% 09/39","30yr",,,,,"92557.58",,,,,,""
"2021-08-11","'36297ESA4'","MBS","GNMA I MORTPASS 5% 09/39","30yr",,,,,"92539.51",,,,,,""
"2021-08-11","'36296LM23'","MBS","GNMA I 4.5% 03/39","30yr",,,,,"92475.44",,,,,,""
"2021-08-11","'36200THF8'","MBS","GNMA I 4.5% 12/39","30yr",,,,,"92431.61",,,,,,""
"2021-08-11","'36297FK76'","MBS","GNMA I MORTPASS 4% 12/39","30yr",,,,,"92319.44",,,,,,""
"2021-08-11","'31418BHG4'","MBS","UMBS MORTPASS 2% 09/24","Other",,,,,"92314.99",,,,,,""
"2021-08-11","'36297ECP8'","MBS","GNMA I 4.5% 09/39","30yr",,,,,"92312.27",,,,,,""
"2021-08-11","'3140KLVW9'","MBS","UMBS MORTPASS 2% 09/50","30yr",,,,,"92238.92",,,,,,""
"2021-08-11","'3128MJVV9'","MBS","FHLMCGLD 3.5% 02/45","30yr",,,,,"92222.49",,,,,,""
"2021-08-11","'36297FA85'","MBS","GNMA I 4.5% 05/39","30yr",,,,,"92222.08",,,,,,""
"2021-08-11","'3140FME93'","MBS","UMBS MORTPASS 4% 11/46","30yr",,,,,"92202.23",,,,,,""
"2021-08-11","'3131X7D88'","MBS","UMBS MORTPASS 3% 11/26","15yr",,,,,"92193.09",,,,,,""
"2021-08-11","'3140KQQU8'","MBS","UMBS MORTPASS 2% 10/35","15yr",,,,,"92192.73",,,,,,""
"2021-08-11","'3138LRL83'","MBS","UMBS MORTPASS 2.5% 05/27","15yr",,,,,"92155.25",,,,,,""
"2021-08-11","'3128PPMX8'","MBS","FHLMCGLD 4% 07/24","15yr",,,,,"92122.77",,,,,,""
"2021-08-11","'3138AWVD2'","MBS","UMBS MORTPASS 3% 11/26","15yr",,,,,"92120.53",,,,,,""
"2021-08-11","'3140H46U3'","MBS","UMBS MORTPASS 4% 12/47","30yr",,,,,"91987.97",,,,,,""
"2021-08-11","'31416N2G6'","MBS","UMBS MORTPASS 4% 07/24","15yr",,,,,"91971.25",,,,,,""
"2021-08-11","'3138AXJX0'","MBS","UMBS MORTPASS 3.5% 11/26","15yr",,,,,"91913.03",,,,,,""
"2021-08-11","'3620A5X38'","MBS","GNMA I 4.5% 10/39","30yr",,,,,"91910.46",,,,,,""
"2021-08-11","'3132QUDC4'","MBS","FHLMCGLD 3.5% 11/45","30yr",,,,,"91814.55",,,,,,""
"2021-08-11","'3138YEKS5'","MBS","UMBS MORTPASS 3% 01/30","15yr",,,,,"91643.34",,,,,,""
"2021-08-11","'31406GZ36'","MBS","UMBS MORTPASS 5% 03/35","30yr",,,,,"91549.12",,,,,,""
"2021-08-11","'3140J7UA1'","MBS","UMBS MORTPASS 3.5% 12/32","15yr",,,,,"91462",,,,,,""
"2021-08-11","'3140JNWC0'","MBS","UMBS MORTPASS 4.5% 04/49","30yr",,,,,"91449.79",,,,,,""
"2021-08-11","'31417VAB9'","MBS","UMBS MORTPASS 5% 06/36","30yr",,,,,"91433.84",,,,,,""
"2021-08-11","'31402YGE8'","MBS","UMBS MORTPASS 5% 10/33","30yr",,,,,"91429.82",,,,,,""
"2021-08-11","'3128MC7K5'","MBS","FHLMCGLD 4% 07/26","15yr",,,,,"91385.74",,,,,,""
"2021-08-11","'3138ER6D7'","MBS","UMBS MORTPASS 3% 02/32","15yr",,,,,"91336.04",,,,,,""
"2021-08-11","'31419H2G6'","MBS","UMBS MORTPASS 3.5% 12/25","15yr",,,,,"91268.71",,,,,,""
"2021-08-11","'3133KHCR5'","MBS","UMBS MORTPASS 3.5% 12/49","30yr",,,,,"91228.49",,,,,,""
"2021-08-11","'3620A8S38'","MBS","GNMA I MORTPASS 5% 12/39","30yr",,,,,"91207.77",,,,,,""
"2021-08-11","'3140HMFT6'","MBS","UMBS MORTPASS 3.5% 07/48","30yr",,,,,"91204.93",,,,,,""
"2021-08-11","'3132DMPV1'","MBS","UMBS MORTPASS 2.5% 09/50","30yr",,,,,"91181.19",,,,,,""
"2021-08-11","'3128PTDJ1'","MBS","FHLMCGLD 3.5% 12/25","15yr",,,,,"91097.45",,,,,,""
"2021-08-11","'31410S7J0'","MBS","UMBS MORTPASS 6.5% 08/36","30yr",,,,,"91076.79",,,,,,""
"2021-08-11","'31411YLM3'","MBS","UMBS MORTPASS 5.5% 05/37","30yr",,,,,"91072.37",,,,,,""
"2021-08-11","'3138WXRU3'","MBS","UMBS MORTPASS 3% 07/28","15yr",,,,,"91057.94",,,,,,""
"2021-08-11","'3140H7L47'","MBS","UMBS MORTPASS 4% 05/48","30yr",,,,,"91038.86",,,,,,""
"2021-08-11","'36297HXT0'","MBS","GNMA I MORTPASS 5% 04/39","30yr",,,,,"91006.98",,,,,,""
"2021-08-11","'3132A7Z79'","MBS","UMBS MORTPASS 2.5% 10/24","Other",,,,,"91005.25",,,,,,""
"2021-08-11","'3128MMUY7'","MBS","FHLMCGLD 2% 04/31","15yr",,,,,"90985.89",,,,,,""
"2021-08-11","'36180C3Z0'","MBS","GNMA I MORTPASS 3% 02/43","30yr",,,,,"90956.78",,,,,,""
"2021-08-11","'31307LH50'","MBS","FHLMCGLD 2.5% 12/29","15yr",,,,,"90953.93",,,,,,""
"2021-08-11","'36179FX34'","MBS","GNMA I MORTPASS 4% 07/43","30yr",,,,,"90918.98",,,,,,""
"2021-08-11","'36177KVJ2'","MBS","GNMA I 3.5% 01/42","30yr",,,,,"90866.6",,,,,,""
"2021-08-11","'3131Y8ZN8'","MBS","UMBS MORTPASS 4% 01/49","30yr",,,,,"90846.29",,,,,,""
"2021-08-11","'3138WEKG3'","MBS","UMBS MORTPASS 3.5% 04/45","30yr",,,,,"90838.62",,,,,,""
"2021-08-11","'3128MEMM0'","MBS","FHLMCGLD 2% 09/30","15yr",,,,,"90803.67",,,,,,""
"2021-08-11","'3140Q7HS9'","MBS","UMBS MORTPASS 3.5% 08/47","30yr",,,,,"90791.9",,,,,,""
"2021-08-11","'3128PMPX2'","MBS","FHLMCGLD 4% 04/24","15yr",,,,,"90790.9",,,,,,""
"2021-08-11","'3620A5R27'","MBS","GNMA I 4.5% 07/39","30yr",,,,,"90706.64",,,,,,""
"2021-08-11","'3128MDVH3'","MBS","FHLMCGLD 3.5% 01/28","15yr",,,,,"90705.13",,,,,,""
"2021-08-11","'3128CUVG8'","MBS","FHLMCGLD 3% 12/32","Other",,,,,"90615.64",,,,,,""
"2021-08-11","'3620A7D36'","MBS","GNMA I MORTPASS 5% 10/39","30yr",,,,,"90584.15",,,,,,""
"2021-08-11","'36176P6D3'","MBS","GNMA I MORTPASS 4% 08/41","30yr",,,,,"90541.3",,,,,,""
"2021-08-11","'31329QY47'","MBS","UMBS MORTPASS 4.5% 05/49","30yr",,,,,"90534.71",,,,,,""
"2021-08-11","'3132WDDB7'","MBS","FHLMCGLD 4.5% 04/46","30yr",,,,,"90497.5",,,,,,""
"2021-08-11","'3140K15K8'","MBS","UMBS MORTPASS 2% 12/34","15yr",,,,,"90492.35",,,,,,""
"2021-08-11","'31419FEQ5'","MBS","UMBS MORTPASS 4% 10/40","30yr",,,,,"90475.84",,,,,,""
"2021-08-11","'3132A5E76'","MBS","UMBS MORTPASS 3% 04/46","30yr",,,,,"90468.56",,,,,,""
"2021-08-11","'31418CZF4'","MBS","UMBS MORTPASS 4% 08/38","Other",,,,,"90395.49",,,,,,""
"2021-08-11","'3138X1X76'","MBS","UMBS MORTPASS 3% 07/28","15yr",,,,,"90353.61",,,,,,""
"2021-08-11","'3138WFG91'","MBS","UMBS MORTPASS 3% 08/30","15yr",,,,,"90337.9",,,,,,""
"2021-08-11","'3140HL2R6'","MBS","UMBS MORTPASS 4% 06/48","30yr",,,,,"90279.05",,,,,,""
"2021-08-11","'31418BBD7'","MBS","UMBS MORTPASS 3.5% 03/24","Other",,,,,"90272.83",,,,,,""
"2021-08-11","'36297DHH3'","MBS","GNMA I 4.5% 07/39","30yr",,,,,"90223.55",,,,,,""
"2021-08-11","'31417UER2'","MBS","UMBS MORTPASS 5% 05/40","30yr",,,,,"90187.62",,,,,,""
"2021-08-11","'31418C5N0'","MBS","UMBS MORTPASS 3.5% 11/38","Other",,,,,"90122.57",,,,,,""
"2021-08-11","'36178NFM6'","MBS","GNMA I MORTPASS 3% 09/42","30yr",,,,,"89914.16",,,,,,""
"2021-08-11","'3132QWM48'","MBS","FHLMCGLD 4.5% 03/46","30yr",,,,,"89857.14",,,,,,""
"2021-08-11","'3620AGY74'","MBS","GNMA I MORTPASS 5% 03/40","30yr",,,,,"89768.47",,,,,,""
"2021-08-11","'31417JUC2'","MBS","UMBS MORTPASS 4% 11/24","15yr",,,,,"89730.09",,,,,,""
"2021-08-11","'31418DLR1'","MBS","UMBS MORTPASS 3.5% 02/40","Other",,,,,"89719.02",,,,,,""
"2021-08-11","'36296VBH0'","MBS","GNMA I 4.5% 06/39","30yr",,,,,"89701.48",,,,,,""
"2021-08-11","'3133G6UL7'","MBS","UMBS MORTPASS 2.5% 09/34","15yr",,,,,"89689.83",,,,,,""
"2021-08-11","'31339UAQ3'","MBS","UMBS MORTPASS 3% 10/49","30yr",,,,,"89639.63",,,,,,""
"2021-08-11","'3138XQBG5'","MBS","UMBS MORTPASS 3% 04/29","15yr",,,,,"89592.83",,,,,,""
"2021-08-11","'3128MCBF1'","MBS","FHLMCGLD 4.5% 08/23","15yr",,,,,"89549.16",,,,,,""
"2021-08-11","'36176QNN0'","MBS","GNMA I 3.5% 01/42","30yr",,,,,"89548.58",,,,,,""
"2021-08-11","'3138M7MV4'","MBS","UMBS MORTPASS 3.5% 09/37","30yr",,,,,"89526.68",,,,,,""
"2021-08-11","'36202FFR2'","MBS","GNMA II 3.5% 03/40","30yr",,,,,"89403.12",,,,,,""
"2021-08-11","'3140X6VW8'","MBS","UMBS MORTPASS 2.5% 06/50","30yr",,,,,"89378.5",,,,,,""
"2021-08-11","'31307JHD8'","MBS","FHLMCGLD 3.5% 08/29","15yr",,,,,"89321.56",,,,,,""
"2021-08-11","'3132CWDR2'","MBS","UMBS MORTPASS 3% 11/34","15yr",,,,,"89265.89",,,,,,""
"2021-08-11","'3128PVJY7'","MBS","FHLMCGLD 4% 06/26","15yr",,,,,"89244.67",,,,,,""
"2021-08-11","'3131X7TW8'","MBS","UMBS MORTPASS 3% 05/27","15yr",,,,,"89244.35",,,,,,""
"2021-08-11","'3128MJVZ0'","MBS","FHLMCGLD 3% 03/45","30yr",,,,,"89151.98",,,,,,""
"2021-08-11","'3128PQPU9'","MBS","FHLMCGLD 4.5% 12/24","15yr",,,,,"89096.78",,,,,,""
"2021-08-11","'3128MMSE4'","MBS","FHLMCGLD 3.5% 06/29","15yr",,,,,"89085.21",,,,,,""
"2021-08-11","'3138WFAH9'","MBS","UMBS MORTPASS 2.5% 07/30","15yr",,,,,"89075.01",,,,,,""
"2021-08-11","'3620AB7G5'","MBS","GNMA I MORTPASS 5% 02/40","30yr",,,,,"89043.55",,,,,,""
"2021-08-11","'36200TQM3'","MBS","GNMA I MORTPASS 5% 08/33","30yr",,,,,"89035.02",,,,,,""
"2021-08-11","'3138EQQG0'","MBS","UMBS MORTPASS 3% 09/35","Other",,,,,"88971.71",,,,,,""
"2021-08-11","'3140JNXV7'","MBS","UMBS MORTPASS 4% 06/49","30yr",,,,,"88965.67",,,,,,""
"2021-08-11","'3138WHHF2'","MBS","UMBS MORTPASS 2.5% 06/31","15yr",,,,,"88946.71",,,,,,""
"2021-08-11","'3132QVDP3'","MBS","FHLMCGLD 3% 01/46","30yr",,,,,"88946.39",,,,,,""
"2021-08-11","'3140JL2X1'","MBS","UMBS MORTPASS 4% 03/49","30yr",,,,,"88941.22",,,,,,""
"2021-08-11","'3620AF4P9'","MBS","GNMA I MORTPASS 5% 01/40","30yr",,,,,"88917.89",,,,,,""
"2021-08-11","'3138EKNC5'","MBS","UMBS MORTPASS 2.5% 01/28","15yr",,,,,"88871.1",,,,,,""
"2021-08-11","'31329K3H5'","MBS","UMBS MORTPASS 3% 01/26","15yr",,,,,"88798.12",,,,,,""
"2021-08-11","'36177YY91'","MBS","GNMA I 3.5% 04/42","30yr",,,,,"88760.59",,,,,,""
"2021-08-11","'36176N2C4'","MBS","GNMA I MORTPASS 4% 11/41","30yr",,,,,"88746.24",,,,,,""
"2021-08-11","'3138Y3RM5'","MBS","UMBS MORTPASS 2.5% 09/29","15yr",,,,,"88659.73",,,,,,""
"2021-08-11","'3138YHRB8'","MBS","UMBS MORTPASS 4% 02/45","30yr",,,,,"88649.97",,,,,,""
"2021-08-11","'3620A6ER4'","MBS","GNMA I MORTPASS 5% 05/39","30yr",,,,,"88551.88",,,,,,""
"2021-08-11","'36297KMS7'","MBS","GNMA I MORTPASS 4% 05/39","30yr",,,,,"88533.12",,,,,,""
"2021-08-11","'3140KKH80'","MBS","UMBS MORTPASS 2% 08/50","30yr",,,,,"88499.56",,,,,,""
"2021-08-11","'36180FGC0'","MBS","GNMA I MORTPASS 3% 05/43","30yr",,,,,"88405.67",,,,,,""
"2021-08-11","'3620A8PV9'","MBS","GNMA I MORTPASS 5% 12/39","30yr",,,,,"88381.15",,,,,,""
"2021-08-11","'3140FS6J7'","MBS","UMBS MORTPASS 3% 03/32","15yr",,,,,"88349.45",,,,,,""
"2021-08-11","'3138WHNY4'","MBS","UMBS MORTPASS 2.5% 07/31","15yr",,,,,"88297.08",,,,,,""
"2021-08-11","'31418BLJ3'","MBS","UMBS MORTPASS 2.5% 12/29","15yr",,,,,"88257.51",,,,,,""
"2021-08-11","'36177PWD3'","MBS","GNMA I MORTPASS 4% 06/42","30yr",,,,,"88226.87",,,,,,""
"2021-08-11","'31416JYN5'","MBS","UMBS MORTPASS 6.5% 01/39","30yr",,,,,"88165.02",,,,,,""
"2021-08-11","'36295RXD5'","MBS","GNMA I MORTPASS 5% 02/40","30yr",,,,,"88159.84",,,,,,""
"2021-08-11","'3138MJCG2'","MBS","UMBS MORTPASS 2.5% 10/27","15yr",,,,,"88070.29",,,,,,""
"2021-08-11","'3133A2L73'","MBS","UMBS MORTPASS 3% 03/50","30yr",,,,,"88044.71",,,,,,""
"2021-08-11","'36296WEE2'","MBS","GNMA I 4.5% 02/39","30yr",,,,,"88013.05",,,,,,""
"2021-08-11","'3620A4X72'","MBS","GNMA I MORTPASS 5% 10/39","30yr",,,,,"88000.41",,,,,,""
"2021-08-11","'3132CWPT5'","MBS","UMBS MORTPASS 2% 10/35","15yr",,,,,"87886.07",,,,,,""
"2021-08-11","'3132A8XR5'","MBS","UMBS MORTPASS 2.5% 10/32","15yr",,,,,"87880.66",,,,,,""
"2021-08-11","'36297DHP5'","MBS","GNMA I MORTPASS 5% 10/39","30yr",,,,,"87878.02",,,,,,""
"2021-08-11","'31388WXC5'","MBS","UMBS MORTPASS 5.5% 01/32","30yr",,,,,"87865.57",,,,,,""
"2021-08-11","'3129273Q7'","MBS","FHLMCGLD 6.5% 09/38","30yr",,,,,"87841.23",,,,,,""
"2021-08-11","'3138LWCR0'","MBS","UMBS MORTPASS 2.5% 06/27","15yr",,,,,"87827.23",,,,,,""
"2021-08-11","'3140JGYY5'","MBS","UMBS MORTPASS 3.5% 09/33","15yr",,,,,"87806.43",,,,,,""
"2021-08-11","'3138LXVF3'","MBS","UMBS MORTPASS 3% 07/27","15yr",,,,,"87796.99",,,,,,""
"2021-08-11","'36177LW83'","MBS","GNMA I 3.5% 12/41","30yr",,,,,"87681.3",,,,,,""
"2021-08-11","'3138MFQJ9'","MBS","UMBS MORTPASS 2.5% 10/27","15yr",,,,,"87552.32",,,,,,""
"2021-08-11","'31416UAX4'","MBS","UMBS MORTPASS 6% 06/39","30yr",,,,,"87512.68",,,,,,""
"2021-08-11","'31419LKJ1'","MBS","UMBS MORTPASS 3.5% 11/25","15yr",,,,,"87503.13",,,,,,""
"2021-08-11","'3132A9NY9'","MBS","UMBS MORTPASS 3% 11/28","15yr",,,,,"87350.05",,,,,,""
"2021-08-11","'31418ABT4'","MBS","UMBS MORTPASS 3.5% 01/32","Other",,,,,"87212.38",,,,,,""
"2021-08-11","'3140FF4V0'","MBS","UMBS MORTPASS 2.5% 09/31","15yr",,,,,"87171.28",,,,,,""
"2021-08-11","'31335ADG0'","MBS","FHLMCGLD 3.5% 06/45","30yr",,,,,"87127.12",,,,,,""
"2021-08-11","'31371PBE9'","MBS","UMBS MORTPASS 5.5% 01/29","Other",,,,,"87102.29",,,,,,""
"2021-08-11","'3138Y23K7'","MBS","UMBS MORTPASS 2.5% 12/29","15yr",,,,,"87033.05",,,,,,""
"2021-08-11","'36297CQH5'","MBS","GNMA I MORTPASS 5% 10/39","30yr",,,,,"86973.46",,,,,,""
"2021-08-11","'3138MKMN3'","MBS","UMBS MORTPASS 3.5% 09/28","15yr",,,,,"86939.72",,,,,,""
"2021-08-11","'3138Y0BB2'","MBS","UMBS MORTPASS 3% 08/44","30yr",,,,,"86870.15",,,,,,""
"2021-08-11","'31335AYK8'","MBS","FHLMCGLD 4% 01/46","30yr",,,,,"86789.89",,,,,,""
"2021-08-11","'36295CHF1'","MBS","GNMA I MORTPASS 3% 03/43","30yr",,,,,"86783.54",,,,,,""
"2021-08-11","'31329KYF5'","MBS","UMBS MORTPASS 3.5% 06/38","Other",,,,,"86781.4",,,,,,""
"2021-08-11","'36297A3C5'","MBS","GNMA I MORTPASS 5% 01/39","30yr",,,,,"86755.21",,,,,,""
"2021-08-11","'3140JXKV9'","MBS","UMBS MORTPASS 3% 10/34","15yr",,,,,"86721.23",,,,,,""
"2021-08-11","'3138LXJH3'","MBS","UMBS MORTPASS 3% 06/27","15yr",,,,,"86704.24",,,,,,""
"2021-08-11","'3138ELLU5'","MBS","UMBS MORTPASS 3.5% 07/28","15yr",,,,,"86673.15",,,,,,""
"2021-08-11","'36297KLM1'","MBS","GNMA I 5.5% 09/39","30yr",,,,,"86635.09",,,,,,""
"2021-08-11","'3140F85P8'","MBS","UMBS MORTPASS 2.5% 06/31","15yr",,,,,"86613.45",,,,,,""
"2021-08-11","'31418DLN0'","MBS","UMBS MORTPASS 3.5% 02/35","15yr",,,,,"86602.41",,,,,,""
"2021-08-11","'3138WD2K6'","MBS","UMBS MORTPASS 4% 02/45","30yr",,,,,"86588.23",,,,,,""
"2021-08-11","'3131XBNP0'","MBS","UMBS MORTPASS 3% 03/27","15yr",,,,,"86578.5",,,,,,""
"2021-08-11","'3128PL6D9'","MBS","FHLMCGLD 5.5% 12/23","15yr",,,,,"86521.07",,,,,,""
"2021-08-11","'3140E2VU2'","MBS","UMBS MORTPASS 2.5% 08/30","15yr",,,,,"86499.19",,,,,,""
"2021-08-11","'3138E9TH3'","MBS","UMBS MORTPASS 3% 03/27","15yr",,,,,"86461.65",,,,,,""
"2021-08-11","'3128MDXP3'","MBS","FHLMCGLD 3% 01/24","15yr",,,,,"86406.29",,,,,,""
"2021-08-11","'3140F6B75'","MBS","UMBS MORTPASS 4% 07/46","30yr",,,,,"86383.23",,,,,,""
"2021-08-11","'3138ETNR3'","MBS","UMBS MORTPASS 3% 05/30","15yr",,,,,"86370.08",,,,,,""
"2021-08-11","'31307EXS8'","MBS","FHLMCGLD 3.5% 11/28","15yr",,,,,"86354.07",,,,,,""
"2021-08-11","'3138WVUG4'","MBS","UMBS MORTPASS 2.5% 06/28","15yr",,,,,"86291.91",,,,,,""
"2021-08-11","'3138WFGY6'","MBS","UMBS MORTPASS 2.5% 08/30","15yr",,,,,"86274.4",,,,,,""
"2021-08-11","'3138E8P97'","MBS","UMBS MORTPASS 3% 02/27","15yr",,,,,"86236.5",,,,,,""
"2021-08-11","'312944M57'","MBS","FHLMCGLD 4.5% 12/40","30yr",,,,,"86217.76",,,,,,""
"2021-08-11","'3138WJB98'","MBS","UMBS MORTPASS 2.5% 10/26","Other",,,,,"86209.9",,,,,,""
"2021-08-11","'312939VE8'","MBS","FHLMCGLD 4.5% 03/40","30yr",,,,,"86151.86",,,,,,""
"2021-08-11","'3128MDNW9'","MBS","FHLMCGLD 3% 02/23","15yr",,,,,"86151.68",,,,,,""
"2021-08-11","'31329KVY7'","MBS","UMBS MORTPASS 2.5% 09/36","Other",,,,,"86150.66",,,,,,""
"2021-08-11","'3138Y5XW1'","MBS","UMBS MORTPASS 2.5% 01/30","15yr",,,,,"86073.86",,,,,,""
"2021-08-11","'3138YKP64'","MBS","UMBS MORTPASS 2.5% 04/30","15yr",,,,,"86030.68",,,,,,""
"2021-08-11","'3138X16G6'","MBS","UMBS MORTPASS 2.5% 10/28","15yr",,,,,"85908.67",,,,,,""
"2021-08-11","'36181KJS0'","MBS","GNMA I 3.5% 07/43","30yr",,,,,"85853.38",,,,,,""
"2021-08-11","'36294UU91'","MBS","GNMA I MORTPASS 4% 04/42","30yr",,,,,"85830",,,,,,""
"2021-08-11","'3128MMVB6'","MBS","FHLMCGLD 2% 08/31","15yr",,,,,"85815.19",,,,,,""
"2021-08-11","'3140HMGJ7'","MBS","UMBS MORTPASS 3.5% 07/48","30yr",,,,,"85798.36",,,,,,""
"2021-08-11","'3620C5L21'","MBS","GNMA I MORTPASS 4% 05/41","30yr",,,,,"85789.39",,,,,,""
"2021-08-11","'3620A4UJ9'","MBS","GNMA I MORTPASS 5% 09/39","30yr",,,,,"85775",,,,,,""
"2021-08-11","'31335AYV4'","MBS","FHLMCGLD 3% 10/46","30yr",,,,,"85710.92",,,,,,""
"2021-08-11","'36177T3F2'","MBS","GNMA I MORTPASS 4% 04/42","30yr",,,,,"85686.71",,,,,,""
"2021-08-11","'3140X8UM7'","MBS","UMBS MORTPASS 2% 12/50","30yr",,,,,"85597.3",,,,,,""
"2021-08-11","'3138EP4Z4'","MBS","UMBS MORTPASS 3% 07/30","15yr",,,,,"85571.33",,,,,,""
"2021-08-11","'36176ERX1'","MBS","GNMA I 3.5% 02/42","30yr",,,,,"85560.37",,,,,,""
"2021-08-11","'3128PRJW0'","MBS","FHLMCGLD 4.5% 04/25","15yr",,,,,"85371.47",,,,,,""
"2021-08-11","'3620A7ML6'","MBS","GNMA I MORTPASS 5% 11/39","30yr",,,,,"85289.01",,,,,,""
"2021-08-11","'3138LQAY0'","MBS","UMBS MORTPASS 3% 04/27","15yr",,,,,"85266.1",,,,,,""
"2021-08-11","'31307EE67'","MBS","FHLMCGLD 3.5% 09/28","15yr",,,,,"85226.09",,,,,,""
"2021-08-11","'3128ME3K5'","MBS","FHLMCGLD 2.5% 11/31","15yr",,,,,"85204.57",,,,,,""
"2021-08-11","'3138ERPJ3'","MBS","UMBS MORTPASS 3.5% 11/46","30yr",,,,,"85160.28",,,,,,""
"2021-08-11","'36178LQC0'","MBS","GNMA I MORTPASS 3% 08/42","30yr",,,,,"85150.26",,,,,,""
"2021-08-11","'3140FHP35'","MBS","UMBS MORTPASS 2.5% 11/31","15yr",,,,,"85092.6",,,,,,""
"2021-08-11","'3138A5ZG0'","MBS","UMBS MORTPASS 3% 02/26","15yr",,,,,"85078.09",,,,,,""
"2021-08-11","'36177KF84'","MBS","GNMA I 3.5% 02/42","30yr",,,,,"85034.85",,,,,,""
"2021-08-11","'3140X5FK4'","MBS","UMBS MORTPASS 3% 11/49","30yr",,,,,"84999.99",,,,,,""
"2021-08-11","'3138XC4K5'","MBS","UMBS MORTPASS 3% 11/28","15yr",,,,,"84988.32",,,,,,""
"2021-08-11","'312931XA1'","MBS","FHLMCGLD 5.5% 03/39","30yr",,,,,"84902.2",,,,,,""
"2021-08-11","'3140H6BR9'","MBS","UMBS MORTPASS 4% 01/48","30yr",,,,,"84887.45",,,,,,""
"2021-08-11","'36295UAF8'","MBS","GNMA I MORTPASS 5% 12/39","30yr",,,,,"84859.67",,,,,,""
"2021-08-11","'31307PVJ5'","MBS","FHLMCGLD 2.5% 12/30","15yr",,,,,"84827.56",,,,,,""
"2021-08-11","'31417DS87'","MBS","UMBS MORTPASS 3% 11/27","15yr",,,,,"84826.56",,,,,,""
"2021-08-11","'31329LDW9'","MBS","UMBS MORTPASS 2% 02/28","15yr",,,,,"84825.65",,,,,,""
"2021-08-11","'31418BLV6'","MBS","UMBS MORTPASS 2.5% 01/25","Other",,,,,"84799.25",,,,,,""
"2021-08-11","'3132A7ZL8'","MBS","UMBS MORTPASS 3% 11/29","15yr",,,,,"84775.02",,,,,,""
"2021-08-11","'31307JHG1'","MBS","FHLMCGLD 3% 07/29","15yr",,,,,"84751.42",,,,,,""
"2021-08-11","'3131Y0AL6'","MBS","UMBS MORTPASS 3.5% 01/48","30yr",,,,,"84693.65",,,,,,""
"2021-08-11","'36295DMZ9'","MBS","GNMA I MORTPASS 6% 01/39","30yr",,,,,"84690.94",,,,,,""
"2021-08-11","'3138MFN60'","MBS","UMBS MORTPASS 4% 09/42","30yr",,,,,"84660.54",,,,,,""
"2021-08-11","'3138X5WB9'","MBS","UMBS MORTPASS 3.5% 09/28","15yr",,,,,"84647.83",,,,,,""
"2021-08-11","'36296LMT4'","MBS","GNMA I 4.5% 03/39","30yr",,,,,"84599.89",,,,,,""
"2021-08-11","'31307BDJ6'","MBS","FHLMCGLD 2% 03/28","15yr",,,,,"84577.96",,,,,,""
"2021-08-11","'31417MCX9'","MBS","UMBS MORTPASS 4.5% 09/24","15yr",,,,,"84567.53",,,,,,""
"2021-08-11","'36202EEF2'","MBS","GNMA II 4.5% 07/35","30yr",,,,,"84475.75",,,,,,""
"2021-08-11","'3128MMUK7'","MBS","FHLMCGLD 2% 01/31","15yr",,,,,"84474.03",,,,,,""
"2021-08-11","'3138Y14P7'","MBS","UMBS MORTPASS 3% 09/44","30yr",,,,,"84470.85",,,,,,""
"2021-08-11","'3620A1N95'","MBS","GNMA I 4.5% 10/39","30yr",,,,,"84466.34",,,,,,""
"2021-08-11","'3140Q82G9'","MBS","UMBS MORTPASS 3% 12/47","30yr",,,,,"84455.62",,,,,,""
"2021-08-11","'3138WJSC3'","MBS","UMBS MORTPASS 3.5% 01/32","15yr",,,,,"84419.38",,,,,,""
"2021-08-11","'36179UKX9'","MBS","GNMA II MORTPASS 4% 01/49","30yr",,,,,"84392.58",,,,,,""
"2021-08-11","'36297KVC2'","MBS","GNMA I 4.5% 05/39","30yr",,,,,"84373.19",,,,,,""
"2021-08-11","'31417QUE2'","MBS","UMBS MORTPASS 5% 10/39","30yr",,,,,"84373",,,,,,""
"2021-08-11","'3128MDSM6'","MBS","FHLMCGLD 4% 06/26","15yr",,,,,"84305.16",,,,,,""
"2021-08-11","'3138XSQH3'","MBS","UMBS MORTPASS 2% 07/29","15yr",,,,,"84262.8",,,,,,""
"2021-08-11","'3620APYM1'","MBS","GNMA I MORTPASS 5% 03/40","30yr",,,,,"84204.41",,,,,,""
"2021-08-11","'36176EMB4'","MBS","GNMA I MORTPASS 3% 07/43","30yr",,,,,"84198.95",,,,,,""
"2021-08-11","'3140H4X82'","MBS","UMBS MORTPASS 3% 11/32","15yr",,,,,"84168.37",,,,,,""
"2021-08-11","'3132A7HZ7'","MBS","UMBS MORTPASS 3% 08/27","15yr",,,,,"84148.2",,,,,,""
"2021-08-11","'36297HRB6'","MBS","GNMA I 4.5% 06/39","30yr",,,,,"84069.82",,,,,,""
"2021-08-11","'3128PPKZ5'","MBS","FHLMCGLD 4% 07/24","15yr",,,,,"84004.8",,,,,,""
"2021-08-11","'31417UCH6'","MBS","UMBS MORTPASS 4.5% 11/39","30yr",,,,,"83960.56",,,,,,""
"2021-08-11","'3140Q7GK7'","MBS","UMBS MORTPASS 3.5% 08/32","15yr",,,,,"83923.95",,,,,,""
"2021-08-11","'312940SC4'","MBS","FHLMCGLD 5% 05/40","30yr",,,,,"83916.58",,,,,,""
"2021-08-11","'3140HHHT5'","MBS","UMBS MORTPASS 3.5% 04/48","30yr",,,,,"83904.2",,,,,,""
"2021-08-11","'3128MEUF6'","MBS","FHLMCGLD 2.5% 04/26","15yr",,,,,"83882.79",,,,,,""
"2021-08-11","'36297KM81'","MBS","GNMA I 4.5% 07/39","30yr",,,,,"83827.8",,,,,,""
"2021-08-11","'36297DJA6'","MBS","GNMA I 4.5% 04/39","30yr",,,,,"83791.04",,,,,,""
"2021-08-11","'3128PQMG3'","MBS","FHLMCGLD 4% 11/24","15yr",,,,,"83776.74",,,,,,""
"2021-08-11","'31416XH29'","MBS","UMBS MORTPASS 3% 01/26","15yr",,,,,"83746.25",,,,,,""
"2021-08-11","'31418BJK3'","MBS","UMBS MORTPASS 3% 10/34","Other",,,,,"83729.74",,,,,,""
"2021-08-11","'36176E5J6'","MBS","GNMA I 3.5% 11/41","30yr",,,,,"83681.43",,,,,,""
"2021-08-11","'31371N5L5'","MBS","UMBS MORTPASS 5.5% 11/28","Other",,,,,"83650.05",,,,,,""
"2021-08-11","'36295YUJ0'","MBS","GNMA I 5.5% 03/38","30yr",,,,,"83551.28",,,,,,""
"2021-08-11","'36177NMF4'","MBS","GNMA I MORTPASS 4% 02/42","30yr",,,,,"83492.72",,,,,,""
"2021-08-11","'31307UMN5'","MBS","FHLMCGLD 2.5% 09/32","15yr",,,,,"83457.79",,,,,,""
"2021-08-11","'31418B6X9'","MBS","UMBS MORTPASS 3.5% 07/31","15yr",,,,,"83446.98",,,,,,""
"2021-08-11","'36296H4F3'","MBS","GNMA I MORTPASS 5% 10/38","30yr",,,,,"83443.46",,,,,,""
"2021-08-11","'36295E3Q8'","MBS","GNMA I MORTPASS 5% 02/39","30yr",,,,,"83391.54",,,,,,""
"2021-08-11","'3138YTPA6'","MBS","UMBS MORTPASS 2.5% 08/30","15yr",,,,,"83387.15",,,,,,""
"2021-08-11","'3140JGWB7'","MBS","UMBS MORTPASS 4% 09/48","30yr",,,,,"83365.91",,,,,,""
"2021-08-11","'31307HYQ4'","MBS","FHLMCGLD 3% 07/29","15yr",,,,,"83321.23",,,,,,""
"2021-08-11","'3132M4S97'","MBS","FHLMCGLD 4.5% 02/44","30yr",,,,,"83301.34",,,,,,""
"2021-08-11","'31418AEL8'","MBS","UMBS MORTPASS 4% 04/32","Other",,,,,"83291.38",,,,,,""
"2021-08-11","'3140FF4U2'","MBS","UMBS MORTPASS 2.5% 09/31","15yr",,,,,"83272.61",,,,,,""
"2021-08-11","'3128MMTC7'","MBS","FHLMCGLD 3.5% 03/30","15yr",,,,,"83264.5",,,,,,""
"2021-08-11","'3131X9M43'","MBS","UMBS MORTPASS 2% 07/23","Other",,,,,"83226.64",,,,,,""
"2021-08-11","'3128PQDW8'","MBS","FHLMCGLD 4.5% 11/24","15yr",,,,,"83165.06",,,,,,""
"2021-08-11","'3140JXSL3'","MBS","UMBS MORTPASS 2% 10/34","15yr",,,,,"83148.92",,,,,,""
"2021-08-11","'3140X5CS0'","MBS","UMBS MORTPASS 3% 05/33","15yr",,,,,"83145.73",,,,,,""
"2021-08-11","'31418ANK0'","MBS","UMBS MORTPASS 2% 12/27","15yr",,,,,"83140.41",,,,,,""
"2021-08-11","'36297DJL2'","MBS","GNMA I MORTPASS 5% 04/39","30yr",,,,,"83138.28",,,,,,""
"2021-08-11","'31307HQD2'","MBS","FHLMCGLD 3% 07/24","15yr",,,,,"83132.9",,,,,,""
"2021-08-11","'3128MDYE7'","MBS","FHLMCGLD 3% 03/24","15yr",,,,,"83125.27",,,,,,""
"2021-08-11","'3140J7R56'","MBS","UMBS MORTPASS 3% 12/32","15yr",,,,,"83087.1",,,,,,""
"2021-08-11","'31418CU85'","MBS","UMBS MORTPASS 4% 03/48","30yr",,,,,"83079.51",,,,,,""
"2021-08-11","'3620AAMP0'","MBS","GNMA I MORTPASS 5% 11/39","30yr",,,,,"83044.36",,,,,,""
"2021-08-11","'3128P7LX9'","MBS","FHLMCGLD 4% 02/29","Other",,,,,"83021.7",,,,,,""
"2021-08-11","'36176QN42'","MBS","GNMA I 3.5% 01/42","30yr",,,,,"82836.63",,,,,,""
"2021-08-11","'3140XAH47'","MBS","UMBS MORTPASS 2% 03/51","30yr",,,,,"82833.18",,,,,,""
"2021-08-11","'3138EARR0'","MBS","UMBS MORTPASS 2.5% 02/27","15yr",,,,,"82816.82",,,,,,""
"2021-08-11","'31418RMW8'","MBS","UMBS MORTPASS 4.5% 05/40","30yr",,,,,"82787.42",,,,,,""
"2021-08-11","'36201YZ82'","MBS","GNMA I MORTPASS 5% 02/34","30yr",,,,,"82746.24",,,,,,""
"2021-08-11","'3138EJB49'","MBS","UMBS MORTPASS 3% 07/27","15yr",,,,,"82717.19",,,,,,""
"2021-08-11","'3140GTT67'","MBS","UMBS MORTPASS 2.5% 09/32","15yr",,,,,"82711.48",,,,,,""
"2021-08-11","'3138EE3C1'","MBS","UMBS MORTPASS 3% 03/27","15yr",,,,,"82706.96",,,,,,""
"2021-08-11","'3132A7NB3'","MBS","UMBS MORTPASS 2% 04/23","Other",,,,,"82671.16",,,,,,""
"2021-08-11","'3133ACDL9'","MBS","UMBS MORTPASS 2% 11/50","30yr",,,,,"82631.71",,,,,,""
"2021-08-11","'31307D5B8'","MBS","FHLMCGLD 3% 09/28","15yr",,,,,"82587.93",,,,,,""
"2021-08-11","'3131X8YM2'","MBS","UMBS MORTPASS 2.5% 04/23","Other",,,,,"82555.36",,,,,,""
"2021-08-11","'3138WUHY2'","MBS","UMBS MORTPASS 4% 06/43","30yr",,,,,"82532.31",,,,,,""
"2021-08-11","'31417WZ79'","MBS","UMBS MORTPASS 5% 04/40","30yr",,,,,"82389.97",,,,,,""
"2021-08-11","'3140FCQU5'","MBS","UMBS MORTPASS 2.5% 09/31","15yr",,,,,"82312.65",,,,,,""
"2021-08-11","'3128P7P98'","MBS","FHLMCGLD 4% 12/30","Other",,,,,"82257.96",,,,,,""
"2021-08-11","'36291VNN9'","MBS","GNMA I MORTPASS 5% 02/35","30yr",,,,,"82221.66",,,,,,""
"2021-08-11","'3140X6C74'","MBS","UMBS MORTPASS 3% 03/50","30yr",,,,,"82143.82",,,,,,""
"2021-08-11","'36178FEA0'","MBS","GNMA I 3.5% 06/42","30yr",,,,,"82131.04",,,,,,""
"2021-08-11","'3132QQYW6'","MBS","FHLMCGLD 4.5% 06/45","30yr",,,,,"82041.31",,,,,,""
"2021-08-11","'3138XQV81'","MBS","UMBS MORTPASS 3.5% 03/29","15yr",,,,,"82004.35",,,,,,""
"2021-08-11","'36295VHT9'","MBS","GNMA I MORTPASS 5% 12/38","30yr",,,,,"81986.49",,,,,,""
"2021-08-11","'3128L9L50'","MBS","FHLMCGLD 5% 04/38","30yr",,,,,"81851.83",,,,,,""
"2021-08-11","'36181BSH4'","MBS","GNMA I MORTPASS 4% 08/43","30yr",,,,,"81846.37",,,,,,""
"2021-08-11","'31418A4S4'","MBS","UMBS MORTPASS 3.5% 01/24","Other",,,,,"81828.06",,,,,,""
"2021-08-11","'36291GVB9'","MBS","GNMA I MORTPASS 5% 03/34","30yr",,,,,"81822.89",,,,,,""
"2021-08-11","'3140X5BJ1'","MBS","UMBS MORTPASS 3% 07/34","15yr",,,,,"81759.04",,,,,,""
"2021-08-11","'3140JGWX9'","MBS","UMBS MORTPASS 4.5% 09/48","30yr",,,,,"81745.2",,,,,,""
"2021-08-11","'3140JNU81'","MBS","UMBS MORTPASS 4.5% 03/49","30yr",,,,,"81713.91",,,,,,""
"2021-08-11","'3140HDCT9'","MBS","UMBS MORTPASS 4.5% 04/48","30yr",,,,,"81688.96",,,,,,""
"2021-08-11","'36230Q5M6'","MBS","GNMA I MORTPASS 4% 05/42","30yr",,,,,"81688.43",,,,,,""
"2021-08-11","'31418BXQ4'","MBS","UMBS MORTPASS 3.5% 12/30","15yr",,,,,"81625.61",,,,,,""
"2021-08-11","'36201U6P4'","MBS","GNMA I 4.5% 08/33","30yr",,,,,"81619.48",,,,,,""
"2021-08-11","'3140HPNB9'","MBS","UMBS MORTPASS 3% 11/33","15yr",,,,,"81616.22",,,,,,""
"2021-08-11","'36297HQC5'","MBS","GNMA I 4.5% 06/39","30yr",,,,,"81599.85",,,,,,""
"2021-08-11","'3128PNAM0'","MBS","FHLMCGLD 4% 06/24","15yr",,,,,"81577.14",,,,,,""
"2021-08-11","'3138W9LE8'","MBS","UMBS MORTPASS 2.5% 08/23","Other",,,,,"81571.4",,,,,,""
"2021-08-11","'3140FSS61'","MBS","UMBS MORTPASS 2.5% 03/32","15yr",,,,,"81567.7",,,,,,""
"2021-08-11","'3138W4XM8'","MBS","UMBS MORTPASS 3% 12/42","30yr",,,,,"81543.19",,,,,,""
"2021-08-11","'31417LNR2'","MBS","UMBS MORTPASS 4% 07/24","15yr",,,,,"81526.63",,,,,,""
"2021-08-11","'3138A2PJ2'","MBS","UMBS MORTPASS 4% 12/40","30yr",,,,,"81497.17",,,,,,""
"2021-08-11","'3132A63F8'","MBS","UMBS MORTPASS 3% 01/26","15yr",,,,,"81494.55",,,,,,""
"2021-08-11","'3138AYDZ9'","MBS","UMBS MORTPASS 3.5% 12/26","15yr",,,,,"81472.76",,,,,,""
"2021-08-11","'3140HDYF5'","MBS","UMBS MORTPASS 2.5% 02/35","15yr",,,,,"81443.35",,,,,,""
"2021-08-11","'3620ARR45'","MBS","GNMA I MORTPASS 4% 12/40","30yr",,,,,"81435.17",,,,,,""
"2021-08-11","'3133L7V46'","MBS","UMBS MORTPASS 2% 08/35","15yr",,,,,"81418.71",,,,,,""
"2021-08-11","'36180EQK4'","MBS","GNMA I MORTPASS 3% 06/43","30yr",,,,,"81232.16",,,,,,""
"2021-08-11","'31419MBH3'","MBS","UMBS MORTPASS 3% 12/25","15yr",,,,,"81224.28",,,,,,""
"2021-08-11","'3132CJAE3'","MBS","UMBS MORTPASS 3.5% 03/28","Other",,,,,"81153.89",,,,,,""
"2021-08-11","'3620C5LP0'","MBS","GNMA I MORTPASS 4% 05/41","30yr",,,,,"81120.06",,,,,,""
"2021-08-11","'3132HMQC8'","MBS","FHLMCGLD 4% 08/42","30yr",,,,,"81089.66",,,,,,""
"2021-08-11","'36297GGB0'","MBS","GNMA I MORTPASS 5% 02/39","30yr",,,,,"81081.13",,,,,,""
"2021-08-11","'3138AUNR4'","MBS","UMBS MORTPASS 3% 12/26","15yr",,,,,"80979.41",,,,,,""
"2021-08-11","'3620AALC0'","MBS","GNMA I MORTPASS 5% 11/39","30yr",,,,,"80958.9",,,,,,""
"2021-08-11","'3138WE2L2'","MBS","UMBS MORTPASS 2.5% 06/30","15yr",,,,,"80927.23",,,,,,""
"2021-08-11","'3620A1NP9'","MBS","GNMA I MORTPASS 4% 06/39","30yr",,,,,"80912.41",,,,,,""
"2021-08-11","'3128PRC49'","MBS","FHLMCGLD 4.5% 03/25","15yr",,,,,"80881.46",,,,,,""
"2021-08-11","'3140H5NV9'","MBS","UMBS MORTPASS 3% 02/33","15yr",,,,,"80857.21",,,,,,""
"2021-08-11","'3140JMLW0'","MBS","UMBS MORTPASS 3.5% 03/34","15yr",,,,,"80855.58",,,,,,""
"2021-08-11","'3138MFFP7'","MBS","UMBS MORTPASS 3.5% 10/42","30yr",,,,,"80827",,,,,,""
"2021-08-11","'3140KFCK9'","MBS","UMBS MORTPASS 2.5% 08/50","30yr",,,,,"80797.78",,,,,,""
"2021-08-11","'31307M4L7'","MBS","FHLMCGLD 2.5% 05/30","15yr",,,,,"80713.53",,,,,,""
"2021-08-11","'3138XUJ45'","MBS","UMBS MORTPASS 3% 04/29","15yr",,,,,"80622.73",,,,,,""
"2021-08-11","'36178GWF7'","MBS","GNMA I MORTPASS 3% 11/42","30yr",,,,,"80606.6",,,,,,""
"2021-08-11","'31416S2L4'","MBS","UMBS MORTPASS 6.5% 02/39","30yr",,,,,"80599.37",,,,,,""
"2021-08-11","'3138XWCY2'","MBS","UMBS MORTPASS 3% 06/29","15yr",,,,,"80581.35",,,,,,""
"2021-08-11","'3138YD5P0'","MBS","UMBS MORTPASS 3% 01/45","30yr",,,,,"80527.88",,,,,,""
"2021-08-11","'36177TL70'","MBS","GNMA I MORTPASS 3% 09/42","30yr",,,,,"80466.78",,,,,,""
"2021-08-11","'3138WSB72'","MBS","UMBS MORTPASS 3% 08/43","30yr",,,,,"80446.09",,,,,,""
"2021-08-11","'3620AB4P8'","MBS","GNMA I 4.5% 11/39","30yr",,,,,"80445.08",,,,,,""
"2021-08-11","'3132A8JF7'","MBS","UMBS MORTPASS 3% 11/28","15yr",,,,,"80409.27",,,,,,""
"2021-08-11","'3138EJB80'","MBS","UMBS MORTPASS 3% 04/27","15yr",,,,,"80401.32",,,,,,""
"2021-08-11","'3140Q83U7'","MBS","UMBS MORTPASS 4.5% 05/48","30yr",,,,,"80400.31",,,,,,""
"2021-08-11","'3128PMWZ9'","MBS","FHLMCGLD 4% 04/24","15yr",,,,,"80348.06",,,,,,""
"2021-08-11","'31297DTS7'","MBS","FHLMCGLD 4.5% 07/34","30yr",,,,,"80335.79",,,,,,""
"2021-08-11","'36297A2T9'","MBS","GNMA I MORTPASS 6% 12/38","30yr",,,,,"80332.73",,,,,,""
"2021-08-11","'3140X4VJ2'","MBS","UMBS MORTPASS 3% 02/33","15yr",,,,,"80290.2",,,,,,""
"2021-08-11","'36181FDG3'","MBS","GNMA I 3.5% 07/43","30yr",,,,,"80276.82",,,,,,""
"2021-08-11","'3138EJCF3'","MBS","UMBS MORTPASS 3% 06/27","15yr",,,,,"80220.92",,,,,,""
"2021-08-11","'3138WEJ83'","MBS","UMBS MORTPASS 3% 04/45","30yr",,,,,"80018.08",,,,,,""
"2021-08-11","'3131X7RV2'","MBS","UMBS MORTPASS 2.5% 04/27","15yr",,,,,"79949.81",,,,,,""
"2021-08-11","'3620A1TX6'","MBS","GNMA I MORTPASS 5% 10/39","30yr",,,,,"79911.54",,,,,,""
"2021-08-11","'3131XYHD4'","MBS","UMBS MORTPASS 4% 11/47","30yr",,,,,"79907.7",,,,,,""
"2021-08-11","'36297JET7'","MBS","GNMA I 4.5% 03/39","30yr",,,,,"79850.33",,,,,,""
"2021-08-11","'3132A8WY1'","MBS","UMBS MORTPASS 3% 03/32","15yr",,,,,"79762.9",,,,,,""
"2021-08-11","'3620ASZU6'","MBS","GNMA I MORTPASS 4% 10/41","30yr",,,,,"79692.2",,,,,,""
"2021-08-11","'3140HPWM5'","MBS","UMBS MORTPASS 4% 11/48","30yr",,,,,"79686.38",,,,,,""
"2021-08-11","'3140J9G54'","MBS","UMBS MORTPASS 3% 01/31","15yr",,,,,"79665.99",,,,,,""
"2021-08-11","'3132XWHT1'","MBS","FHLMCGLD 3% 01/48","30yr",,,,,"79660.52",,,,,,""
"2021-08-11","'36177WAW0'","MBS","GNMA I 3.5% 04/42","30yr",,,,,"79608.52",,,,,,""
"2021-08-11","'3138MAB64'","MBS","UMBS MORTPASS 3% 09/32","Other",,,,,"79601.96",,,,,,""
"2021-08-11","'36296S7K5'","MBS","GNMA I 4.5% 02/39","30yr",,,,,"79595.01",,,,,,""
"2021-08-11","'3620AB3L8'","MBS","GNMA I MORTPASS 5% 02/40","30yr",,,,,"79535.32",,,,,,""
"2021-08-11","'3138XXQJ8'","MBS","UMBS MORTPASS 3% 06/29","15yr",,,,,"79525.42",,,,,,""
"2021-08-11","'3129365X1'","MBS","FHLMCGLD 6% 11/39","30yr",,,,,"79514.83",,,,,,""
"2021-08-11","'3138WCW58'","MBS","UMBS MORTPASS 3.5% 09/29","15yr",,,,,"79506.07",,,,,,""
"2021-08-11","'3620ABK96'","MBS","GNMA I 4.5% 01/40","30yr",,,,,"79422.6",,,,,,""
"2021-08-11","'3620A6EP8'","MBS","GNMA I 4.5% 04/39","30yr",,,,,"79406.04",,,,,,""
"2021-08-11","'3132ADWK0'","MBS","UMBS MORTPASS 2.5% 07/32","15yr",,,,,"79384.49",,,,,,""
"2021-08-11","'31416N4F6'","MBS","UMBS MORTPASS 5.5% 04/39","30yr",,,,,"79378.4",,,,,,""
"2021-08-11","'3132JBRQ8'","MBS","FHLMCGLD 4% 07/43","30yr",,,,,"79374.21",,,,,,""
"2021-08-11","'3138XRF95'","MBS","UMBS MORTPASS 3% 03/44","30yr",,,,,"79345.88",,,,,,""
"2021-08-11","'36296JFW0'","MBS","GNMA I MORTPASS 5% 02/39","30yr",,,,,"79338.19",,,,,,""
"2021-08-11","'3131X9PW8'","MBS","UMBS MORTPASS 2% 07/23","Other",,,,,"79327.33",,,,,,""
"2021-08-11","'31419AYA9'","MBS","UMBS MORTPASS 4% 01/26","15yr",,,,,"79317.77",,,,,,""
"2021-08-11","'31329KQ56'","MBS","UMBS MORTPASS 2.5% 08/32","Other",,,,,"79296.14",,,,,,""
"2021-08-11","'31329PNA7'","MBS","UMBS MORTPASS 4.5% 10/48","30yr",,,,,"79281.3",,,,,,""
"2021-08-11","'3140HMHL1'","MBS","UMBS MORTPASS 3% 08/33","15yr",,,,,"79263.19",,,,,,""
"2021-08-11","'3133A2BS8'","MBS","UMBS MORTPASS 3% 02/50","30yr",,,,,"79231.49",,,,,,""
"2021-08-11","'3132A9L47'","MBS","UMBS MORTPASS 3% 10/26","15yr",,,,,"79215.94",,,,,,""
"2021-08-11","'3138ALUX3'","MBS","UMBS MORTPASS 3% 10/26","15yr",,,,,"79197.06",,,,,,""
"2021-08-11","'3620ASGY9'","MBS","GNMA I MORTPASS 4% 05/41","30yr",,,,,"79188.87",,,,,,""
"2021-08-11","'312930VU1'","MBS","FHLMCGLD 6% 01/39","30yr",,,,,"79132.84",,,,,,""
"2021-08-11","'3132WKWL8'","MBS","FHLMCGLD 3% 02/47","30yr",,,,,"79118.89",,,,,,""
"2021-08-11","'36297HTT5'","MBS","GNMA I MORTPASS 4% 07/39","30yr",,,,,"78997.3",,,,,,""
"2021-08-11","'3133GBMJ0'","MBS","UMBS MORTPASS 1.5% 01/36","15yr",,,,,"78957.96",,,,,,""
"2021-08-11","'36179EKB3'","MBS","GNMA I MORTPASS 3% 03/43","30yr",,,,,"78955.07",,,,,,""
"2021-08-11","'3620A1SU3'","MBS","GNMA I 4.5% 08/39","30yr",,,,,"78904.26",,,,,,""
"2021-08-11","'3140F5QW6'","MBS","UMBS MORTPASS 3% 06/46","30yr",,,,,"78900.57",,,,,,""
"2021-08-11","'31329KUE2'","MBS","UMBS MORTPASS 2.5% 05/35","Other",,,,,"78892.15",,,,,,""
"2021-08-11","'3140E7FY1'","MBS","UMBS MORTPASS 3% 11/30","15yr",,,,,"78881.32",,,,,,""
"2021-08-11","'31418AVM7'","MBS","UMBS MORTPASS 3% 07/23","Other",,,,,"78878.75",,,,,,""
"2021-08-11","'3138MNW97'","MBS","UMBS MORTPASS 2.5% 01/43","30yr",,,,,"78808.42",,,,,,""
"2021-08-11","'3128PSNM5'","MBS","FHLMCGLD 4% 10/25","15yr",,,,,"78790.62",,,,,,""
"2021-08-11","'3140K1GQ3'","MBS","UMBS MORTPASS 3% 09/49","30yr",,,,,"78776.55",,,,,,""
"2021-08-11","'3620A4U34'","MBS","GNMA I 4.5% 09/39","30yr",,,,,"78771.02",,,,,,""
"2021-08-11","'3138Y9SR0'","MBS","UMBS MORTPASS 2.5% 03/30","15yr",,,,,"78742.04",,,,,,""
"2021-08-11","'31416SMK4'","MBS","UMBS MORTPASS 4% 07/24","15yr",,,,,"78737.69",,,,,,""
"2021-08-11","'3133G6UC7'","MBS","UMBS MORTPASS 3% 09/34","15yr",,,,,"78713.46",,,,,,""
"2021-08-11","'31412QUA5'","MBS","UMBS MORTPASS 4% 11/39","30yr",,,,,"78657.45",,,,,,""
"2021-08-11","'3132CJAP8'","MBS","UMBS MORTPASS 3% 07/28","Other",,,,,"78584.53",,,,,,""
"2021-08-11","'3132A5G25'","MBS","UMBS MORTPASS 3.5% 05/47","30yr",,,,,"78535.81",,,,,,""
"2021-08-11","'3128CURN8'","MBS","FHLMCGLD 4% 07/29","Other",,,,,"78534.43",,,,,,""
"2021-08-11","'36297DPW1'","MBS","GNMA I MORTPASS 5% 05/39","30yr",,,,,"78497.08",,,,,,""
"2021-08-11","'3140KFQV0'","MBS","UMBS MORTPASS 2.5% 12/50","30yr",,,,,"78467.53",,,,,,""
"2021-08-11","'36178MC41'","MBS","GNMA I 3.5% 10/42","30yr",,,,,"78449.99",,,,,,""
"2021-08-11","'3132A8QB8'","MBS","UMBS MORTPASS 3% 08/31","15yr",,,,,"78386.59",,,,,,""
"2021-08-11","'36176LVQ5'","MBS","GNMA I MORTPASS 4% 09/41","30yr",,,,,"78380.76",,,,,,""
"2021-08-11","'36296YNR9'","MBS","GNMA I 4.5% 07/39","30yr",,,,,"78366.76",,,,,,""
"2021-08-11","'3132QTVA1'","MBS","FHLMCGLD 3.5% 10/45","30yr",,,,,"78360.18",,,,,,""
"2021-08-11","'3138M5UL1'","MBS","UMBS MORTPASS 3% 07/27","15yr",,,,,"78327.38",,,,,,""
"2021-08-11","'3132A7ML2'","MBS","UMBS MORTPASS 3% 02/23","Other",,,,,"78327.35",,,,,,""
"2021-08-11","'31335AES3'","MBS","FHLMCGLD 3.5% 08/45","30yr",,,,,"78326.65",,,,,,""
"2021-08-11","'31417YP27'","MBS","UMBS MORTPASS 5.5% 05/40","30yr",,,,,"78322.85",,,,,,""
"2021-08-11","'3128PQCD1'","MBS","FHLMCGLD 4% 07/24","15yr",,,,,"78321.16",,,,,,""
"2021-08-11","'3138WAKX4'","MBS","UMBS MORTPASS 2.5% 12/28","15yr",,,,,"78290.28",,,,,,""
"2021-08-11","'3620A4NL2'","MBS","GNMA I 4.5% 08/39","30yr",,,,,"78288.62",,,,,,""
"2021-08-11","'3133GCBZ4'","MBS","UMBS MORTPASS 2% 03/36","15yr",,,,,"78271.01",,,,,,""
"2021-08-11","'31416XVH0'","MBS","UMBS MORTPASS 3.5% 01/41","30yr",,,,,"78217.82",,,,,,""
"2021-08-11","'3140FBMD9'","MBS","UMBS MORTPASS 3.5% 08/46","30yr",,,,,"78209.77",,,,,,""
"2021-08-11","'3128MMSC8'","MBS","FHLMCGLD 3% 06/29","15yr",,,,,"78181.73",,,,,,""
"2021-08-11","'31307VY67'","MBS","FHLMCGLD 3.5% 03/33","15yr",,,,,"78167.59",,,,,,""
"2021-08-11","'3620ACAG9'","MBS","GNMA I MORTPASS 5% 03/40","30yr",,,,,"78078.74",,,,,,""
"2021-08-11","'3620AB5K8'","MBS","GNMA I MORTPASS 5% 11/39","30yr",,,,,"78041.57",,,,,,""
"2021-08-11","'36291SAT7'","MBS","GNMA I MORTPASS 5% 12/29","30yr",,,,,"77949.26",,,,,,""
"2021-08-11","'36296UZK9'","MBS","GNMA I MORTPASS 5% 06/39","30yr",,,,,"77926.22",,,,,,""
"2021-08-11","'3620AB5Y8'","MBS","GNMA I MORTPASS 5% 12/39","30yr",,,,,"77771.32",,,,,,""
"2021-08-11","'31417QZV9'","MBS","UMBS MORTPASS 4.5% 01/25","15yr",,,,,"77741.29",,,,,,""
"2021-08-11","'3132VLXP7'","MBS","FHLMCGLD 4% 01/49","30yr",,,,,"77729.97",,,,,,""
"2021-08-11","'3620AKTM8'","MBS","GNMA I 4.5% 12/39","30yr",,,,,"77711.49",,,,,,""
"2021-08-11","'36177PDX0'","MBS","GNMA I 3.5% 05/42","30yr",,,,,"77646.61",,,,,,""
"2021-08-11","'36296GQ38'","MBS","GNMA I 5.5% 06/38","30yr",,,,,"77641.7",,,,,,""
"2021-08-11","'3132QNKY4'","MBS","FHLMCGLD 3% 03/45","30yr",,,,,"77592.43",,,,,,""
"2021-08-11","'36296PVU2'","MBS","GNMA I 4.5% 05/39","30yr",,,,,"77543.18",,,,,,""
"2021-08-11","'3138MDFM9'","MBS","UMBS MORTPASS 3% 09/27","15yr",,,,,"77526.49",,,,,,""
"2021-08-11","'3140Q72H9'","MBS","UMBS MORTPASS 2.5% 11/32","15yr",,,,,"77523.51",,,,,,""
"2021-08-11","'3138WPYR9'","MBS","UMBS MORTPASS 3% 05/28","15yr",,,,,"77458.07",,,,,,""
"2021-08-11","'36297FAW2'","MBS","GNMA I 4.5% 06/39","30yr",,,,,"77452.58",,,,,,""
"2021-08-11","'31334Y3A3'","MBS","UMBS MORTPASS 3% 09/49","30yr",,,,,"77443.6",,,,,,""
"2021-08-11","'3140FUWT1'","MBS","UMBS MORTPASS 2.5% 05/32","15yr",,,,,"77394.06",,,,,,""
"2021-08-11","'3131X8DN3'","MBS","UMBS MORTPASS 3% 11/27","15yr",,,,,"77347.52",,,,,,""
"2021-08-11","'31417Y6Z5'","MBS","UMBS MORTPASS 3% 10/26","15yr",,,,,"77345.54",,,,,,""
"2021-08-11","'31417C7D1'","MBS","UMBS MORTPASS 3% 09/27","15yr",,,,,"77342.61",,,,,,""
"2021-08-11","'3620ARV40'","MBS","GNMA I MORTPASS 4% 01/41","30yr",,,,,"77329.29",,,,,,""
"2021-08-11","'3620A6EU7'","MBS","GNMA I 5.5% 07/39","30yr",,,,,"77300.55",,,,,,""
"2021-08-11","'31307GJC4'","MBS","FHLMCGLD 3% 02/29","15yr",,,,,"77295.03",,,,,,""
"2021-08-11","'3138NY4L6'","MBS","UMBS MORTPASS 2.5% 02/43","30yr",,,,,"77258.62",,,,,,""
"2021-08-11","'36213EPQ3'","MBS","GNMA I MORTPASS 6% 12/31","30yr",,,,,"77258.3",,,,,,""
"2021-08-11","'36296TWV1'","MBS","GNMA I MORTPASS 5% 11/38","30yr",,,,,"77232.91",,,,,,""
"2021-08-11","'3138X0DH8'","MBS","UMBS MORTPASS 3.5% 10/23","Other",,,,,"77121.51",,,,,,""
"2021-08-11","'3138MBN69'","MBS","UMBS MORTPASS 2.5% 10/27","15yr",,,,,"77054.99",,,,,,""
"2021-08-11","'3620AB6S0'","MBS","GNMA I MORTPASS 5% 01/40","30yr",,,,,"77034.35",,,,,,""
"2021-08-11","'3140QE4N9'","MBS","UMBS MORTPASS 2% 09/30","Other",,,,,"77006.99",,,,,,""
"2021-08-11","'3140JLP81'","MBS","UMBS MORTPASS 4% 12/48","30yr",,,,,"77005.69",,,,,,""
"2021-08-11","'31307PUC1'","MBS","FHLMCGLD 3% 11/30","15yr",,,,,"76984.21",,,,,,""
"2021-08-11","'3131X7W53'","MBS","UMBS MORTPASS 2.5% 07/22","Other",,,,,"76982.32",,,,,,""
"2021-08-11","'31419JER5'","MBS","UMBS MORTPASS 3.5% 11/25","15yr",,,,,"76976.32",,,,,,""
"2021-08-11","'3138W6QK5'","MBS","UMBS MORTPASS 3% 07/27","15yr",,,,,"76965.06",,,,,,""
"2021-08-11","'3140QFEA3'","MBS","UMBS MORTPASS 2% 10/50","30yr",,,,,"76954.59",,,,,,""
"2021-08-11","'3138YLKN0'","MBS","UMBS MORTPASS 4% 03/45","30yr",,,,,"76950.36",,,,,,""
"2021-08-11","'36177MB76'","MBS","GNMA I MORTPASS 3% 12/41","30yr",,,,,"76913.63",,,,,,""
"2021-08-11","'3138M54M8'","MBS","UMBS MORTPASS 3% 08/27","15yr",,,,,"76893.26",,,,,,""
"2021-08-11","'36202EGB9'","MBS","GNMA II 4.5% 12/35","30yr",,,,,"76774.96",,,,,,""
"2021-08-11","'36296E4W3'","MBS","GNMA I 5.5% 06/38","30yr",,,,,"76738.96",,,,,,""
"2021-08-11","'3140JLUE2'","MBS","UMBS MORTPASS 4% 12/48","30yr",,,,,"76696.79",,,,,,""
"2021-08-11","'36202EKJ7'","MBS","GNMA II MORTPASS 5% 09/36","30yr",,,,,"76660.99",,,,,,""
"2021-08-11","'3620A1S74'","MBS","GNMA I MORTPASS 5% 09/39","30yr",,,,,"76620.88",,,,,,""
"2021-08-11","'3140HJS51'","MBS","UMBS MORTPASS 3% 07/33","15yr",,,,,"76619.46",,,,,,""
"2021-08-11","'3128M9FY3'","MBS","FHLMCGLD 4% 07/42","30yr",,,,,"76573.7",,,,,,""
"2021-08-11","'36297ETL9'","MBS","GNMA I MORTPASS 5% 10/39","30yr",,,,,"76528.6",,,,,,""
"2021-08-11","'3620A9HZ7'","MBS","GNMA I MORTPASS 5% 11/39","30yr",,,,,"76521.92",,,,,,""
"2021-08-11","'31417GHL3'","MBS","UMBS MORTPASS 3.5% 04/28","15yr",,,,,"76521.06",,,,,,""
"2021-08-11","'3138WDDK4'","MBS","UMBS MORTPASS 2.5% 11/24","Other",,,,,"76514.2",,,,,,""
"2021-08-11","'31417ARJ0'","MBS","UMBS MORTPASS 3% 12/26","15yr",,,,,"76458.95",,,,,,""
"2021-08-11","'3138AVAZ8'","MBS","UMBS MORTPASS 3% 11/26","15yr",,,,,"76442.07",,,,,,""
"2021-08-11","'3138MLRP1'","MBS","UMBS MORTPASS 3.5% 10/28","15yr",,,,,"76434.79",,,,,,""
"2021-08-11","'3138WHLL4'","MBS","UMBS MORTPASS 2.5% 07/46","30yr",,,,,"76396.37",,,,,,""
"2021-08-11","'36297DRF6'","MBS","GNMA I 4.5% 08/39","30yr",,,,,"76392.78",,,,,,""
"2021-08-11","'3140F3Z84'","MBS","UMBS MORTPASS 2.5% 05/46","30yr",,,,,"76348.86",,,,,,""
"2021-08-11","'3140J5HM4'","MBS","UMBS MORTPASS 4.5% 07/44","30yr",,,,,"76347.05",,,,,,""
"2021-08-11","'3133A8LC9'","MBS","UMBS MORTPASS 2.5% 08/50","30yr",,,,,"76332.23",,,,,,""
"2021-08-11","'3620A45T5'","MBS","GNMA I 4.5% 12/39","30yr",,,,,"76323.15",,,,,,""
"2021-08-11","'3128MJXC9'","MBS","FHLMCGLD 4.5% 10/45","30yr",,,,,"76308.22",,,,,,""
"2021-08-11","'3138MLUW2'","MBS","UMBS MORTPASS 3% 11/27","15yr",,,,,"76287.35",,,,,,""
"2021-08-11","'36297FCV2'","MBS","GNMA I MORTPASS 5% 03/39","30yr",,,,,"76254.63",,,,,,""
"2021-08-11","'36179VKN9'","MBS","GNMA II MORTPASS 4% 04/50","30yr",,,,,"76232.52",,,,,,""
"2021-08-11","'3133KHJM9'","MBS","UMBS MORTPASS 3.5% 01/50","30yr",,,,,"76225.5",,,,,,""
"2021-08-11","'3138AWL43'","MBS","UMBS MORTPASS 3% 11/26","15yr",,,,,"76209.24",,,,,,""
"2021-08-11","'36297G4Q0'","MBS","GNMA I MORTPASS 5% 04/39","30yr",,,,,"76175.26",,,,,,""
"2021-08-11","'36297EMU6'","MBS","GNMA I 4.5% 04/39","30yr",,,,,"76109.3",,,,,,""
"2021-08-11","'3140QA2F6'","MBS","UMBS MORTPASS 3.5% 05/44","30yr",,,,,"76053.97",,,,,,""
"2021-08-11","'3620A43N0'","MBS","GNMA I MORTPASS 5% 11/39","30yr",,,,,"76043.88",,,,,,""
"2021-08-11","'36176PDE3'","MBS","GNMA I 3.5% 04/42","30yr",,,,,"75997.24",,,,,,""
"2021-08-11","'31307NG73'","MBS","FHLMCGLD 2.5% 06/30","15yr",,,,,"75995.58",,,,,,""
"2021-08-11","'36178DCF6'","MBS","GNMA I 3.5% 12/41","30yr",,,,,"75989.85",,,,,,""
"2021-08-11","'3620A5TN9'","MBS","GNMA I MORTPASS 5% 01/40","30yr",,,,,"75957.98",,,,,,""
"2021-08-11","'36295RH84'","MBS","GNMA I MORTPASS 6% 12/38","30yr",,,,,"75903.34",,,,,,""
"2021-08-11","'3140JKZM1'","MBS","UMBS MORTPASS 3% 01/34","15yr",,,,,"75849.98",,,,,,""
"2021-08-11","'31417UAA3'","MBS","UMBS MORTPASS 4.5% 11/24","15yr",,,,,"75804.66",,,,,,""
"2021-08-11","'3138WVSW2'","MBS","UMBS MORTPASS 2.5% 07/28","15yr",,,,,"75739.36",,,,,,""
"2021-08-11","'312933TT1'","MBS","FHLMCGLD 5% 06/39","30yr",,,,,"75646.54",,,,,,""
"2021-08-11","'3138MGK79'","MBS","UMBS MORTPASS 2.5% 11/27","15yr",,,,,"75561.74",,,,,,""
"2021-08-11","'3140K5AB3'","MBS","UMBS MORTPASS 4% 02/50","30yr",,,,,"75547.93",,,,,,""
"2021-08-11","'3131X7DS4'","MBS","UMBS MORTPASS 3% 11/26","15yr",,,,,"75507.45",,,,,,""
"2021-08-11","'36295DNJ4'","MBS","GNMA I 5.5% 04/39","30yr",,,,,"75504.69",,,,,,""
"2021-08-11","'3140GYGZ6'","MBS","UMBS MORTPASS 3.5% 01/48","30yr",,,,,"75471.76",,,,,,""
"2021-08-11","'36297EQN8'","MBS","GNMA I MORTPASS 5% 07/39","30yr",,,,,"75273.64",,,,,,""
"2021-08-11","'31417F2F4'","MBS","UMBS MORTPASS 2.5% 04/28","15yr",,,,,"75196.12",,,,,,""
"2021-08-11","'31418AAM0'","MBS","UMBS MORTPASS 3% 11/26","15yr",,,,,"75166.43",,,,,,""
"2021-08-11","'3138XPQE6'","MBS","UMBS MORTPASS 3% 02/29","15yr",,,,,"75153.63",,,,,,""
"2021-08-11","'3138WFK47'","MBS","UMBS MORTPASS 3% 09/30","15yr",,,,,"75124.28",,,,,,""
"2021-08-11","'3128PPZJ5'","MBS","FHLMCGLD 4% 09/24","15yr",,,,,"75112.29",,,,,,""
"2021-08-11","'36179HUN9'","MBS","GNMA I MORTPASS 3% 12/42","30yr",,,,,"75045.16",,,,,,""
"2021-08-11","'3140HPWA1'","MBS","UMBS MORTPASS 3.5% 11/48","30yr",,,,,"74993.61",,,,,,""
"2021-08-11","'3132QN5H8'","MBS","FHLMCGLD 3.5% 04/45","30yr",,,,,"74984.82",,,,,,""
"2021-08-11","'31313EK54'","MBS","FHLMCGLD 3.5% 08/25","15yr",,,,,"74974.49",,,,,,""
"2021-08-11","'3138XKWG5'","MBS","UMBS MORTPASS 3.5% 01/29","15yr",,,,,"74953.58",,,,,,""
"2021-08-11","'36176QYS7'","MBS","GNMA I 3.5% 03/42","30yr",,,,,"74944.43",,,,,,""
"2021-08-11","'3138WHD25'","MBS","UMBS MORTPASS 2.5% 06/31","15yr",,,,,"74870.54",,,,,,""
"2021-08-11","'36176USV8'","MBS","GNMA I 3.5% 04/42","30yr",,,,,"74844.38",,,,,,""
"2021-08-11","'3138E0K73'","MBS","UMBS MORTPASS 3% 01/27","15yr",,,,,"74821.81",,,,,,""
"2021-08-11","'36176E4G3'","MBS","GNMA I 3.5% 11/41","30yr",,,,,"74807.81",,,,,,""
"2021-08-11","'3140HPV20'","MBS","UMBS MORTPASS 3.5% 10/48","30yr",,,,,"74807.32",,,,,,""
"2021-08-11","'36297KWV9'","MBS","GNMA I 4.5% 04/39","30yr",,,,,"74790.24",,,,,,""
"2021-08-11","'3620A4ML3'","MBS","GNMA I 4.5% 07/39","30yr",,,,,"74678.95",,,,,,""
"2021-08-11","'3133G7CL5'","MBS","UMBS MORTPASS 2% 11/34","15yr",,,,,"74645.82",,,,,,""
"2021-08-11","'3132A5HQ1'","MBS","UMBS MORTPASS 3.5% 10/47","30yr",,,,,"74637.31",,,,,,""
"2021-08-11","'3138XUHU9'","MBS","UMBS MORTPASS 4.5% 05/44","30yr",,,,,"74623.75",,,,,,""
"2021-08-11","'3620A4PR7'","MBS","GNMA I 4.5% 08/39","30yr",,,,,"74573.89",,,,,,""
"2021-08-11","'36177PVN2'","MBS","GNMA I MORTPASS 4% 05/42","30yr",,,,,"74439.01",,,,,,""
"2021-08-11","'3620A7DK8'","MBS","GNMA I MORTPASS 5% 12/39","30yr",,,,,"74326.32",,,,,,""
"2021-08-11","'3131X7JS8'","MBS","UMBS MORTPASS 3% 01/27","15yr",,,,,"74312.62",,,,,,""
"2021-08-11","'3620A5YX1'","MBS","GNMA I MORTPASS 5% 08/39","30yr",,,,,"74311.8",,,,,,""
"2021-08-11","'3128MEYT2'","MBS","FHLMCGLD 3% 08/31","15yr",,,,,"74310.7",,,,,,""
"2021-08-11","'31307RND3'","MBS","FHLMCGLD 2.5% 07/31","15yr",,,,,"74268.45",,,,,,""
"2021-08-11","'3128MCQR9'","MBS","FHLMCGLD 4% 07/25","15yr",,,,,"74228.35",,,,,,""
"2021-08-11","'36178B2Y0'","MBS","GNMA I 3.5% 06/42","30yr",,,,,"74217.04",,,,,,""
"2021-08-11","'3128M5FY1'","MBS","FHLMCGLD 5.5% 10/37","30yr",,,,,"74214.95",,,,,,""
"2021-08-11","'3620C5NA1'","MBS","GNMA I MORTPASS 4% 07/41","30yr",,,,,"74179.33",,,,,,""
"2021-08-11","'3128MMWK5'","MBS","FHLMCGLD 4% 05/32","15yr",,,,,"74174.8",,,,,,""
"2021-08-11","'36295HYV6'","MBS","GNMA I 5.5% 07/37","30yr",,,,,"74131.82",,,,,,""
"2021-08-11","'3138ERB90'","MBS","UMBS MORTPASS 3.5% 02/31","15yr",,,,,"74123.23",,,,,,""
"2021-08-11","'3132J6TQ7'","MBS","FHLMCGLD 3% 02/43","30yr",,,,,"74093.67",,,,,,""
"2021-08-11","'31307R5U5'","MBS","FHLMCGLD 2.5% 09/31","15yr",,,,,"74082.23",,,,,,""
"2021-08-11","'36176UEP6'","MBS","GNMA I MORTPASS 4% 11/41","30yr",,,,,"74079.82",,,,,,""
"2021-08-11","'31412UAK6'","MBS","UMBS MORTPASS 4.5% 03/24","15yr",,,,,"74038.11",,,,,,""
"2021-08-11","'36177NFJ4'","MBS","GNMA I MORTPASS 4% 12/41","30yr",,,,,"73965.72",,,,,,""
"2021-08-11","'3140KYGX6'","MBS","UMBS MORTPASS 2% 11/50","30yr",,,,,"73929.4",,,,,,""
"2021-08-11","'36292NS76'","MBS","GNMA I 5.5% 04/39","30yr",,,,,"73833.12",,,,,,""
"2021-08-11","'36297FCG5'","MBS","GNMA I MORTPASS 5% 07/39","30yr",,,,,"73811.74",,,,,,""
"2021-08-11","'3131X7KR8'","MBS","UMBS MORTPASS 3% 02/22","Other",,,,,"73805.23",,,,,,""
"2021-08-11","'3132L7CG2'","MBS","FHLMCGLD 4.5% 09/45","30yr",,,,,"73790.56",,,,,,""
"2021-08-11","'3140JPPG4'","MBS","UMBS MORTPASS 3% 06/49","30yr",,,,,"73789.93",,,,,,""
"2021-08-11","'36176SQB9'","MBS","GNMA I MORTPASS 4% 02/42","30yr",,,,,"73769.54",,,,,,""
"2021-08-11","'3138EBK38'","MBS","UMBS MORTPASS 2.5% 04/27","15yr",,,,,"73764.78",,,,,,""
"2021-08-11","'36176WHG9'","MBS","GNMA I MORTPASS 4% 01/42","30yr",,,,,"73718.27",,,,,,""
"2021-08-11","'3138XQBH3'","MBS","UMBS MORTPASS 3% 04/29","15yr",,,,,"73714.69",,,,,,""
"2021-08-11","'3128PMLF5'","MBS","FHLMCGLD 4.5% 02/24","15yr",,,,,"73652.4",,,,,,""
"2021-08-11","'3138WUBX0'","MBS","UMBS MORTPASS 2.5% 10/43","30yr",,,,,"73623.77",,,,,,""
"2021-08-11","'36178HT85'","MBS","GNMA I MORTPASS 3% 07/43","30yr",,,,,"73620.96",,,,,,""
"2021-08-11","'3140J8TK9'","MBS","UMBS MORTPASS 3% 06/33","15yr",,,,,"73620.83",,,,,,""
"2021-08-11","'31418CM27'","MBS","UMBS MORTPASS 2.5% 07/32","15yr",,,,,"73615.8",,,,,,""
"2021-08-11","'36176E4H1'","MBS","GNMA I 3.5% 11/41","30yr",,,,,"73568.27",,,,,,""
"2021-08-11","'3140K44W7'","MBS","UMBS MORTPASS 3% 01/50","30yr",,,,,"73528.06",,,,,,""
"2021-08-11","'36202W4V8'","MBS","GNMA I MORTPASS 5% 09/33","30yr",,,,,"73501.37",,,,,,""
"2021-08-11","'31418CFM1'","MBS","UMBS MORTPASS 3% 01/32","15yr",,,,,"73488.48",,,,,,""
"2021-08-11","'3620ARUP4'","MBS","GNMA I MORTPASS 4% 12/40","30yr",,,,,"73458.24",,,,,,""
"2021-08-11","'3620A8TD5'","MBS","GNMA I 4.5% 12/39","30yr",,,,,"73456.07",,,,,,""
"2021-08-11","'3138WF6U5'","MBS","UMBS MORTPASS 3.5% 12/45","30yr",,,,,"73415.24",,,,,,""
"2021-08-11","'31412MXL7'","MBS","UMBS MORTPASS 5% 06/23","15yr",,,,,"73409.3",,,,,,""
"2021-08-11","'3138LTLA4'","MBS","UMBS MORTPASS 3% 05/27","15yr",,,,,"73378.21",,,,,,""
"2021-08-11","'3128PQ4C2'","MBS","FHLMCGLD 4% 02/25","15yr",,,,,"73347.68",,,,,,""
"2021-08-11","'36296A4X9'","MBS","GNMA I 4.5% 04/38","30yr",,,,,"73296.32",,,,,,""
"2021-08-11","'3133A0G73'","MBS","UMBS MORTPASS 3% 12/49","30yr",,,,,"73277.66",,,,,,""
"2021-08-11","'36212PCX8'","MBS","GNMA I 3.5% 05/42","30yr",,,,,"73264.75",,,,,,""
"2021-08-11","'3128MJUF5'","MBS","FHLMCGLD 3.5% 04/44","30yr",,,,,"73248.13",,,,,,""
"2021-08-11","'3128MFF29'","MBS","FHLMCGLD 3.5% 05/32","15yr",,,,,"73234.58",,,,,,""
"2021-08-11","'3620A1UA4'","MBS","GNMA I MORTPASS 5% 10/39","30yr",,,,,"73175.82",,,,,,""
"2021-08-11","'3131XA6X4'","MBS","UMBS MORTPASS 2.5% 03/25","Other",,,,,"73141.98",,,,,,""
"2021-08-11","'3138XKCB8'","MBS","UMBS MORTPASS 4% 01/44","30yr",,,,,"73103.12",,,,,,""
"2021-08-11","'36176E6F3'","MBS","GNMA I MORTPASS 4% 12/41","30yr",,,,,"72947.96",,,,,,""
"2021-08-11","'3128MEZ61'","MBS","FHLMCGLD 3% 10/31","15yr",,,,,"72942.12",,,,,,""
"2021-08-11","'3128MFG85'","MBS","FHLMCGLD 4% 07/29","15yr",,,,,"72906.14",,,,,,""
"2021-08-11","'31416YXD5'","MBS","UMBS MORTPASS 3% 08/26","15yr",,,,,"72903.28",,,,,,""
"2021-08-11","'3620AHMZ3'","MBS","GNMA I 4.5% 01/40","30yr",,,,,"72891",,,,,,""
"2021-08-11","'3140H47B4'","MBS","UMBS MORTPASS 3% 12/32","15yr",,,,,"72874.77",,,,,,""
"2021-08-11","'36297H6S2'","MBS","GNMA I MORTPASS 5% 02/40","30yr",,,,,"72796.06",,,,,,""
"2021-08-11","'3140EVU96'","MBS","UMBS MORTPASS 4.5% 08/46","30yr",,,,,"72769.99",,,,,,""
"2021-08-11","'36297ETE5'","MBS","GNMA I MORTPASS 5% 10/39","30yr",,,,,"72757.67",,,,,,""
"2021-08-11","'3128KGKK3'","MBS","FHLMCGLD 6.5% 11/36","30yr",,,,,"72751.45",,,,,,""
"2021-08-11","'3128PSZU4'","MBS","FHLMCGLD 3.5% 11/25","15yr",,,,,"72737.31",,,,,,""
"2021-08-11","'3620A86Z1'","MBS","GNMA I 4.5% 10/39","30yr",,,,,"72698.53",,,,,,""
"2021-08-11","'36176XER6'","MBS","GNMA I 3.5% 03/42","30yr",,,,,"72647.69",,,,,,""
"2021-08-11","'3128PRBT5'","MBS","FHLMCGLD 4.5% 03/25","15yr",,,,,"72610.42",,,,,,""
"2021-08-11","'31307VU53'","MBS","FHLMCGLD 3% 03/33","15yr",,,,,"72561.13",,,,,,""
"2021-08-11","'3138YM2B4'","MBS","UMBS MORTPASS 3% 05/30","15yr",,,,,"72559.74",,,,,,""
"2021-08-11","'3128P7LF8'","MBS","FHLMCGLD 6.5% 10/28","Other",,,,,"72547.37",,,,,,""
"2021-08-11","'3138YNTS6'","MBS","UMBS MORTPASS 3.5% 04/45","30yr",,,,,"72523.87",,,,,,""
"2021-08-11","'31419C5K5'","MBS","UMBS MORTPASS 4% 11/40","30yr",,,,,"72496.8",,,,,,""
"2021-08-11","'3138XML24'","MBS","UMBS MORTPASS 3.5% 03/29","15yr",,,,,"72491.96",,,,,,""
"2021-08-11","'3140HFJA8'","MBS","UMBS MORTPASS 3.5% 03/48","30yr",,,,,"72479.02",,,,,,""
"2021-08-11","'31306YEL1'","MBS","FHLMCGLD 3% 11/27","15yr",,,,,"72478.95",,,,,,""
"2021-08-11","'31329NY69'","MBS","UMBS MORTPASS 3% 01/48","30yr",,,,,"72443.6",,,,,,""
"2021-08-11","'36297ET96'","MBS","GNMA I 4.5% 11/39","30yr",,,,,"72414.83",,,,,,""
"2021-08-11","'3128PMNW6'","MBS","FHLMCGLD 4% 04/24","15yr",,,,,"72395.54",,,,,,""
"2021-08-11","'3138E4BK6'","MBS","UMBS MORTPASS 2.5% 07/27","15yr",,,,,"72368.52",,,,,,""
"2021-08-11","'3138YNSU2'","MBS","UMBS MORTPASS 4% 05/45","30yr",,,,,"72365.49",,,,,,""
"2021-08-11","'3138X1BZ8'","MBS","UMBS MORTPASS 3% 09/28","15yr",,,,,"72277.12",,,,,,""
"2021-08-11","'3140JSSC4'","MBS","UMBS MORTPASS 2.5% 06/34","15yr",,,,,"72243.86",,,,,,""
"2021-08-11","'36179JMP9'","MBS","GNMA I MORTPASS 3% 02/43","30yr",,,,,"72234.73",,,,,,""
"2021-08-11","'36178MHJ3'","MBS","GNMA I MORTPASS 3% 11/42","30yr",,,,,"72199.4",,,,,,""
"2021-08-11","'3140J9VK4'","MBS","UMBS MORTPASS 4.5% 11/48","30yr",,,,,"72180.1",,,,,,""
"2021-08-11","'3140E9TN6'","MBS","UMBS MORTPASS 3.5% 01/46","30yr",,,,,"72113.07",,,,,,""
"2021-08-11","'36179E3J5'","MBS","GNMA I MORTPASS 3% 02/43","30yr",,,,,"72097.22",,,,,,""
"2021-08-11","'31412USS0'","MBS","UMBS MORTPASS 6% 07/39","30yr",,,,,"72053.93",,,,,,""
"2021-08-11","'36179FJA4'","MBS","GNMA I MORTPASS 3% 03/43","30yr",,,,,"72021.99",,,,,,""
"2021-08-11","'31417YJ24'","MBS","UMBS MORTPASS 5.5% 11/29","Other",,,,,"71942.76",,,,,,""
"2021-08-11","'36297KVY4'","MBS","GNMA I 4.5% 06/39","30yr",,,,,"71936.47",,,,,,""
"2021-08-11","'36211LE73'","MBS","GNMA I MORTPASS 4% 09/41","30yr",,,,,"71927.14",,,,,,""
"2021-08-11","'3138A2B81'","MBS","UMBS MORTPASS 3% 12/25","15yr",,,,,"71839.51",,,,,,""
"2021-08-11","'3140Q9MT7'","MBS","UMBS MORTPASS 4.5% 08/48","30yr",,,,,"71831.95",,,,,,""
"2021-08-11","'3620A87G2'","MBS","GNMA I MORTPASS 5% 11/39","30yr",,,,,"71690.45",,,,,,""
"2021-08-11","'3132L66Z9'","MBS","FHLMCGLD 4.5% 08/45","30yr",,,,,"71647.78",,,,,,""
"2021-08-11","'36178MWA5'","MBS","GNMA I MORTPASS 3% 06/43","30yr",,,,,"71629.8",,,,,,""
"2021-08-11","'36176H6K5'","MBS","GNMA I 3.5% 07/43","30yr",,,,,"71605.45",,,,,,""
"2021-08-11","'3138Y1X67'","MBS","UMBS MORTPASS 2.5% 08/29","15yr",,,,,"71603.42",,,,,,""
"2021-08-11","'3132M7B64'","MBS","FHLMCGLD 4% 06/44","30yr",,,,,"71581.2",,,,,,""
"2021-08-11","'36296LMB3'","MBS","GNMA I 4.5% 02/39","30yr",,,,,"71576.64",,,,,,""
"2021-08-11","'3138YKBG7'","MBS","UMBS MORTPASS 3% 03/30","15yr",,,,,"71497.6",,,,,,""
"2021-08-11","'3138LY6D4'","MBS","UMBS MORTPASS 2.5% 06/27","15yr",,,,,"71458.64",,,,,,""
"2021-08-11","'36202ERB7'","MBS","GNMA II 4.5% 02/38","30yr",,,,,"71453.52",,,,,,""
"2021-08-11","'36180STA2'","MBS","GNMA I MORTPASS 3% 04/43","30yr",,,,,"71423.82",,,,,,""
"2021-08-11","'31335AYT9'","MBS","FHLMCGLD 3% 10/46","30yr",,,,,"71402.39",,,,,,""
"2021-08-11","'3140JR4G3'","MBS","UMBS MORTPASS 3.5% 06/49","30yr",,,,,"71385.96",,,,,,""
"2021-08-11","'3133GBDT8'","MBS","UMBS MORTPASS 1.5% 12/35","15yr",,,,,"71284.73",,,,,,""
"2021-08-11","'36176NNA5'","MBS","GNMA I MORTPASS 3% 08/42","30yr",,,,,"71278.62",,,,,,""
"2021-08-11","'3138XFYJ8'","MBS","UMBS MORTPASS 3% 11/28","15yr",,,,,"71256.4",,,,,,""
"2021-08-11","'36202X4D6'","MBS","GNMA I MORTPASS 5% 07/33","30yr",,,,,"71229.7",,,,,,""
"2021-08-11","'36295AJ71'","MBS","GNMA I 5.5% 09/39","30yr",,,,,"71164.87",,,,,,""
"2021-08-11","'3140X4MM5'","MBS","UMBS MORTPASS 4.5% 07/49","30yr",,,,,"71082.14",,,,,,""
"2021-08-11","'3133A4NM4'","MBS","UMBS MORTPASS 2% 05/50","30yr",,,,,"71069.31",,,,,,""
"2021-08-11","'3138E9L40'","MBS","UMBS MORTPASS 3% 05/27","15yr",,,,,"71052.87",,,,,,""
"2021-08-11","'3620A3Y57'","MBS","GNMA I MORTPASS 5% 01/40","30yr",,,,,"70998.25",,,,,,""
"2021-08-11","'3140HJSM4'","MBS","UMBS MORTPASS 3.5% 06/48","30yr",,,,,"70968.33",,,,,,""
"2021-08-11","'3132JBDR1'","MBS","FHLMCGLD 4% 07/43","30yr",,,,,"70936.88",,,,,,""
"2021-08-11","'36177LTR5'","MBS","GNMA I MORTPASS 3% 12/41","30yr",,,,,"70917.14",,,,,,""
"2021-08-11","'3128PMVF4'","MBS","FHLMCGLD 4% 04/24","15yr",,,,,"70893.66",,,,,,""
"2021-08-11","'36177L2F0'","MBS","GNMA I 3.5% 12/41","30yr",,,,,"70888.87",,,,,,""
"2021-08-11","'36296UJM3'","MBS","GNMA I 4.5% 04/39","30yr",,,,,"70872.37",,,,,,""
"2021-08-11","'3138ERPX2'","MBS","UMBS MORTPASS 3% 11/31","15yr",,,,,"70868.65",,,,,,""
"2021-08-11","'3140F9WL5'","MBS","UMBS MORTPASS 3.5% 01/47","30yr",,,,,"70857.3",,,,,,""
"2021-08-11","'36177WTV2'","MBS","GNMA I 3.5% 06/42","30yr",,,,,"70787.51",,,,,,""
"2021-08-11","'3138WHBW1'","MBS","UMBS MORTPASS 4.5% 05/46","30yr",,,,,"70778.5",,,,,,""
"2021-08-11","'3128PMPW4'","MBS","FHLMCGLD 4% 03/24","15yr",,,,,"70767.62",,,,,,""
"2021-08-11","'36178LYY3'","MBS","GNMA I 3.5% 09/42","30yr",,,,,"70723.24",,,,,,""
"2021-08-11","'36176E4V0'","MBS","GNMA I 3.5% 11/41","30yr",,,,,"70674.86",,,,,,""
"2021-08-11","'3620A85S8'","MBS","GNMA I MORTPASS 5% 08/39","30yr",,,,,"70632.51",,,,,,""
"2021-08-11","'36201SWB1'","MBS","GNMA I MORTPASS 5% 06/33","30yr",,,,,"70597.87",,,,,,""
"2021-08-11","'31418CEN0'","MBS","UMBS MORTPASS 3.5% 11/31","15yr",,,,,"70553.64",,,,,,""
"2021-08-11","'3138ETEL6'","MBS","UMBS MORTPASS 3.5% 08/30","15yr",,,,,"70532.47",,,,,,""
"2021-08-11","'3132A7QP9'","MBS","UMBS MORTPASS 3% 07/28","15yr",,,,,"70510.97",,,,,,""
"2021-08-11","'3128P7BX0'","MBS","FHLMCGLD 4% 12/25","Other",,,,,"70490.78",,,,,,""
"2021-08-11","'36297KNQ0'","MBS","GNMA I MORTPASS 5% 04/39","30yr",,,,,"70489.48",,,,,,""
"2021-08-11","'3620A7RN7'","MBS","GNMA I MORTPASS 5% 12/39","30yr",,,,,"70480.98",,,,,,""
"2021-08-11","'36297GFB1'","MBS","GNMA I MORTPASS 5% 03/39","30yr",,,,,"70445.12",,,,,,""
"2021-08-11","'3131YBQJ0'","MBS","UMBS MORTPASS 4.5% 04/49","30yr",,,,,"70431.25",,,,,,""
"2021-08-11","'36296WTN6'","MBS","GNMA I 5.5% 05/39","30yr",,,,,"70430.55",,,,,,""
"2021-08-11","'3140F0JX3'","MBS","UMBS MORTPASS 2.5% 10/31","15yr",,,,,"70425.9",,,,,,""
"2021-08-11","'31417MXS7'","MBS","UMBS MORTPASS 4.5% 10/24","15yr",,,,,"70421.03",,,,,,""
"2021-08-11","'3140HEVW9'","MBS","UMBS MORTPASS 3.5% 05/33","15yr",,,,,"70347.17",,,,,,""
"2021-08-11","'31335H4W0'","MBS","FHLMCGLD 5.5% 06/24","Other",,,,,"70340.54",,,,,,""
"2021-08-11","'31417VMN0'","MBS","UMBS MORTPASS 4% 02/25","15yr",,,,,"70314.62",,,,,,""
"2021-08-11","'3132WD3Z5'","MBS","FHLMCGLD 3.5% 06/46","30yr",,,,,"70304.54",,,,,,""
"2021-08-11","'3138ERW63'","MBS","UMBS MORTPASS 3% 10/30","15yr",,,,,"70265.15",,,,,,""
"2021-08-11","'3133LPR58'","MBS","UMBS MORTPASS 3.5% 09/29","Other",,,,,"70245.87",,,,,,""
"2021-08-11","'3131XVYU3'","MBS","UMBS MORTPASS 3% 01/47","30yr",,,,,"70208.44",,,,,,""
"2021-08-11","'31417GNE2'","MBS","UMBS MORTPASS 2% 05/23","Other",,,,,"70171.03",,,,,,""
"2021-08-11","'3620AB3F1'","MBS","GNMA I MORTPASS 5% 02/40","30yr",,,,,"70092.35",,,,,,""
"2021-08-11","'36296QHQ5'","MBS","GNMA I 4.5% 02/39","30yr",,,,,"70077.32",,,,,,""
"2021-08-11","'3131XAC58'","MBS","UMBS MORTPASS 3% 01/29","15yr",,,,,"70065.78",,,,,,""
"2021-08-11","'3132J7EK4'","MBS","FHLMCGLD 3% 03/43","30yr",,,,,"70033.46",,,,,,""
"2021-08-11","'3620A4RY0'","MBS","GNMA I MORTPASS 5% 09/39","30yr",,,,,"69908.82",,,,,,""
"2021-08-11","'3140FBET3'","MBS","UMBS MORTPASS 3% 08/31","15yr",,,,,"69906.67",,,,,,""
"2021-08-11","'36212WQ42'","MBS","GNMA I MORTPASS 5% 03/40","30yr",,,,,"69854.95",,,,,,""
"2021-08-11","'3138YN2X4'","MBS","UMBS MORTPASS 2.5% 04/30","15yr",,,,,"69831.62",,,,,,""
"2021-08-11","'36179S2R7'","MBS","GNMA II 4.5% 04/47","30yr",,,,,"69794.02",,,,,,""
"2021-08-11","'31307JXV0'","MBS","FHLMCGLD 3.5% 11/29","15yr",,,,,"69783.88",,,,,,""
"2021-08-11","'36295NGY7'","MBS","GNMA I 5.5% 04/38","30yr",,,,,"69782.22",,,,,,""
"2021-08-11","'3140Q9E25'","MBS","UMBS MORTPASS 4.5% 06/48","30yr",,,,,"69743.71",,,,,,""
"2021-08-11","'31418DY55'","MBS","UMBS MORTPASS 1.5% 05/31","Other",,,,,"69734.48",,,,,,""
"2021-08-11","'3140JXMR6'","MBS","UMBS MORTPASS 3.5% 08/49","30yr",,,,,"69685.79",,,,,,""
"2021-08-11","'3131Y0MB5'","MBS","UMBS MORTPASS 3.5% 03/48","30yr",,,,,"69656.62",,,,,,""
"2021-08-11","'3138AJQE5'","MBS","UMBS MORTPASS 3% 11/26","15yr",,,,,"69654.45",,,,,,""
"2021-08-11","'3131XAYD7'","MBS","UMBS MORTPASS 3% 12/29","15yr",,,,,"69634.62",,,,,,""
"2021-08-11","'3140K8KN0'","MBS","UMBS MORTPASS 3.5% 01/50","30yr",,,,,"69606.37",,,,,,""
"2021-08-11","'3133A3AC2'","MBS","UMBS MORTPASS 3.5% 03/50","30yr",,,,,"69548.92",,,,,,""
"2021-08-11","'3132QNAV1'","MBS","FHLMCGLD 4% 03/45","30yr",,,,,"69512.39",,,,,,""
"2021-08-11","'3131XLDG9'","MBS","UMBS MORTPASS 2.5% 01/43","30yr",,,,,"69500.85",,,,,,""
"2021-08-11","'3140JRSC6'","MBS","UMBS MORTPASS 3.5% 04/49","30yr",,,,,"69466.63",,,,,,""
"2021-08-11","'3131Y9LK7'","MBS","UMBS MORTPASS 4.5% 12/48","30yr",,,,,"69431.75",,,,,,""
"2021-08-11","'3138YJB47'","MBS","UMBS MORTPASS 3% 02/45","30yr",,,,,"69414.47",,,,,,""
"2021-08-11","'3140Q8GF6'","MBS","UMBS MORTPASS 3% 12/32","15yr",,,,,"69399.42",,,,,,""
"2021-08-11","'31418CA95'","MBS","UMBS MORTPASS 2% 08/26","Other",,,,,"69392.82",,,,,,""
"2021-08-11","'3140JUP99'","MBS","UMBS MORTPASS 3.5% 07/49","30yr",,,,,"69344.08",,,,,,""
"2021-08-11","'3140X4QT6'","MBS","UMBS MORTPASS 3.5% 08/49","30yr",,,,,"69343.28",,,,,,""
"2021-08-11","'36297CVF3'","MBS","GNMA I 4.5% 07/39","30yr",,,,,"69334.9",,,,,,""
"2021-08-11","'3140HJXG1'","MBS","UMBS MORTPASS 3% 05/48","30yr",,,,,"69330.81",,,,,,""
"2021-08-11","'3620C2VQ4'","MBS","GNMA I MORTPASS 4% 12/40","30yr",,,,,"69305.64",,,,,,""
"2021-08-11","'36177Q6L2'","MBS","GNMA I 3.5% 08/42","30yr",,,,,"69265.67",,,,,,""
"2021-08-11","'3140Q7RG4'","MBS","UMBS MORTPASS 3.5% 10/47","30yr",,,,,"69234.84",,,,,,""
"2021-08-11","'36296NGF7'","MBS","GNMA I 5.5% 07/38","30yr",,,,,"69232.57",,,,,,""
"2021-08-11","'36296TDG5'","MBS","GNMA I 4.5% 03/39","30yr",,,,,"69227.39",,,,,,""
"2021-08-11","'3620ARYC9'","MBS","GNMA I 3.5% 01/41","30yr",,,,,"69155.12",,,,,,""
"2021-08-11","'31415VVJ1'","MBS","UMBS MORTPASS 6% 11/38","30yr",,,,,"69096.81",,,,,,""
"2021-08-11","'3140J9SP7'","MBS","UMBS MORTPASS 3% 10/48","30yr",,,,,"69078.59",,,,,,""
"2021-08-11","'31416SAT8'","MBS","UMBS MORTPASS 6% 08/39","30yr",,,,,"69062.22",,,,,,""
"2021-08-11","'31418ARR1'","MBS","UMBS MORTPASS 2.5% 03/33","Other",,,,,"69027.63",,,,,,""
"2021-08-11","'36180HPR3'","MBS","GNMA I 3.5% 09/43","30yr",,,,,"68946.08",,,,,,""
"2021-08-11","'3132QMZK0'","MBS","FHLMCGLD 4% 02/45","30yr",,,,,"68916.96",,,,,,""
"2021-08-11","'3132GFSZ1'","MBS","FHLMCGLD 4.5% 07/41","30yr",,,,,"68912.83",,,,,,""
"2021-08-11","'31307PFM6'","MBS","FHLMCGLD 3.5% 09/30","15yr",,,,,"68891.08",,,,,,""
"2021-08-11","'36202ED30'","MBS","GNMA II 4.5% 06/35","30yr",,,,,"68862.91",,,,,,""
"2021-08-11","'3140J9YJ4'","MBS","UMBS MORTPASS 4.5% 12/48","30yr",,,,,"68862.66",,,,,,""
"2021-08-11","'36179HRW3'","MBS","GNMA I MORTPASS 3% 12/42","30yr",,,,,"68836.04",,,,,,""
"2021-08-11","'36296HPA1'","MBS","GNMA I MORTPASS 4% 06/41","30yr",,,,,"68761.16",,,,,,""
"2021-08-11","'36297GPU8'","MBS","GNMA I 3.5% 10/40","30yr",,,,,"68712.64",,,,,,""
"2021-08-11","'3138YTVV3'","MBS","UMBS MORTPASS 3% 06/30","15yr",,,,,"68674.22",,,,,,""
"2021-08-11","'31416QAX3'","MBS","UMBS MORTPASS 6% 04/39","30yr",,,,,"68631.59",,,,,,""
"2021-08-11","'3620AULG7'","MBS","GNMA I 3.5% 01/42","30yr",,,,,"68614.15",,,,,,""
"2021-08-11","'3140HHM28'","MBS","UMBS MORTPASS 4.5% 05/48","30yr",,,,,"68566.25",,,,,,""
"2021-08-11","'3132J6BQ6'","MBS","FHLMCGLD 3% 12/42","30yr",,,,,"68538.27",,,,,,""
"2021-08-11","'36176PRH1'","MBS","GNMA I 3.5% 11/41","30yr",,,,,"68535.42",,,,,,""
"2021-08-11","'3620A4VN9'","MBS","GNMA I MORTPASS 5% 09/39","30yr",,,,,"68490.93",,,,,,""
"2021-08-11","'31417K5F0'","MBS","UMBS MORTPASS 4.5% 07/24","15yr",,,,,"68480.65",,,,,,""
"2021-08-11","'312938BU6'","MBS","FHLMCGLD 4.5% 12/39","30yr",,,,,"68467.32",,,,,,""
"2021-08-11","'36177WD98'","MBS","GNMA I 3.5% 05/42","30yr",,,,,"68456.33",,,,,,""
"2021-08-11","'3140EW2W4'","MBS","UMBS MORTPASS 2.5% 07/46","30yr",,,,,"68446.2",,,,,,""
"2021-08-11","'36176DV59'","MBS","GNMA I MORTPASS 4% 04/41","30yr",,,,,"68406.03",,,,,,""
"2021-08-11","'36297HBY3'","MBS","GNMA I MORTPASS 5% 08/39","30yr",,,,,"68358.08",,,,,,""
"2021-08-11","'3138ETGS9'","MBS","UMBS MORTPASS 2% 04/26","Other",,,,,"68339.45",,,,,,""
"2021-08-11","'3140GUEJ2'","MBS","UMBS MORTPASS 3% 07/32","15yr",,,,,"68294.35",,,,,,""
"2021-08-11","'31307DQF6'","MBS","FHLMCGLD 2% 08/23","15yr",,,,,"68290.99",,,,,,""
"2021-08-11","'36181AZF2'","MBS","GNMA I 3.5% 12/42","30yr",,,,,"68189.42",,,,,,""
"2021-08-11","'3138WGG65'","MBS","UMBS MORTPASS 3.5% 01/46","30yr",,,,,"68164.63",,,,,,""
"2021-08-11","'3138Y9YH5'","MBS","UMBS MORTPASS 3% 01/45","30yr",,,,,"68135.06",,,,,,""
"2021-08-11","'3128MD7M9'","MBS","FHLMCGLD 3% 04/29","15yr",,,,,"68113.61",,,,,,""
"2021-08-11","'3140JPMK8'","MBS","UMBS MORTPASS 2.5% 05/34","15yr",,,,,"68022.81",,,,,,""
"2021-08-11","'3138YUC90'","MBS","UMBS MORTPASS 3% 09/30","15yr",,,,,"68005.94",,,,,,""
"2021-08-11","'3620AB5P7'","MBS","GNMA I MORTPASS 5% 11/39","30yr",,,,,"67968.04",,,,,,""
"2021-08-11","'31406UHT8'","MBS","UMBS MORTPASS 5% 07/35","30yr",,,,,"67962.1",,,,,,""
"2021-08-11","'3138WCZ71'","MBS","UMBS MORTPASS 3% 10/29","15yr",,,,,"67904.54",,,,,,""
"2021-08-11","'31416YC89'","MBS","UMBS MORTPASS 4% 04/31","Other",,,,,"67888.38",,,,,,""
"2021-08-11","'3138E5KA5'","MBS","UMBS MORTPASS 3% 12/26","15yr",,,,,"67885.24",,,,,,""
"2021-08-11","'3138WXFK8'","MBS","UMBS MORTPASS 2.5% 07/28","15yr",,,,,"67867.24",,,,,,""
"2021-08-11","'3140FDAK2'","MBS","UMBS MORTPASS 2% 10/31","15yr",,,,,"67828.72",,,,,,""
"2021-08-11","'3140JABZ0'","MBS","UMBS MORTPASS 4% 01/49","30yr",,,,,"67779.63",,,,,,""
"2021-08-11","'3131X9K29'","MBS","UMBS MORTPASS 2% 06/23","Other",,,,,"67770.23",,,,,,""
"2021-08-11","'3132AAKN3'","MBS","UMBS MORTPASS 4% 10/37","Other",,,,,"67741.29",,,,,,""
"2021-08-11","'31371MCC9'","MBS","UMBS MORTPASS 5.5% 06/25","Other",,,,,"67668.82",,,,,,""
"2021-08-11","'31307DNB8'","MBS","FHLMCGLD 3% 07/23","15yr",,,,,"67655.71",,,,,,""
"2021-08-11","'3128MJY95'","MBS","FHLMCGLD 4.5% 10/46","30yr",,,,,"67647.56",,,,,,""
"2021-08-11","'36297EFT7'","MBS","GNMA I 4.5% 07/39","30yr",,,,,"67558.96",,,,,,""
"2021-08-11","'3140KKYT5'","MBS","UMBS MORTPASS 2.5% 08/50","30yr",,,,,"67543.17",,,,,,""
"2021-08-11","'36230KVD0'","MBS","GNMA I MORTPASS 4% 03/42","30yr",,,,,"67531.82",,,,,,""
"2021-08-11","'31417CBN4'","MBS","UMBS MORTPASS 3% 02/27","15yr",,,,,"67497.63",,,,,,""
"2021-08-11","'3620AGSU0'","MBS","GNMA I 4.5% 01/40","30yr",,,,,"67473.19",,,,,,""
"2021-08-11","'312933EH3'","MBS","FHLMCGLD 5% 05/39","30yr",,,,,"67372.12",,,,,,""
"2021-08-11","'3140JGLD5'","MBS","UMBS MORTPASS 4.5% 12/48","30yr",,,,,"67280.15",,,,,,""
"2021-08-11","'3140HEWL2'","MBS","UMBS MORTPASS 3.5% 07/33","15yr",,,,,"67266.02",,,,,,""
"2021-08-11","'31417TNA2'","MBS","UMBS MORTPASS 4% 12/24","15yr",,,,,"67256.47",,,,,,""
"2021-08-11","'3620A35L4'","MBS","GNMA I MORTPASS 5% 10/39","30yr",,,,,"67224.29",,,,,,""
"2021-08-11","'3138EMZZ7'","MBS","UMBS MORTPASS 3.5% 05/29","15yr",,,,,"67183.32",,,,,,""
"2021-08-11","'31417VYS6'","MBS","UMBS MORTPASS 6% 01/40","30yr",,,,,"67177.93",,,,,,""
"2021-08-11","'3140Q9E58'","MBS","UMBS MORTPASS 2.5% 04/33","15yr",,,,,"67170.43",,,,,,""
"2021-08-11","'3620ACAE4'","MBS","GNMA I MORTPASS 5% 03/40","30yr",,,,,"67123.82",,,,,,""
"2021-08-11","'31412UPX2'","MBS","UMBS MORTPASS 6% 05/39","30yr",,,,,"67111.79",,,,,,""
"2021-08-11","'31412NXB7'","MBS","UMBS MORTPASS 5% 01/39","30yr",,,,,"67087.29",,,,,,""
"2021-08-11","'3138Y1CU7'","MBS","UMBS MORTPASS 3.5% 08/29","15yr",,,,,"67085.66",,,,,,""
"2021-08-11","'31404MBH0'","MBS","UMBS MORTPASS 5% 04/34","30yr",,,,,"67006.08",,,,,,""
"2021-08-11","'3132M9GN8'","MBS","FHLMCGLD 3.5% 09/44","30yr",,,,,"66998.02",,,,,,""
"2021-08-11","'36180BG96'","MBS","GNMA I MORTPASS 4% 04/43","30yr",,,,,"66987.38",,,,,,""
"2021-08-11","'3138AYLR8'","MBS","UMBS MORTPASS 3.5% 12/26","15yr",,,,,"66903.78",,,,,,""
"2021-08-11","'31413N3D5'","MBS","UMBS MORTPASS 6.5% 10/37","30yr",,,,,"66809.76",,,,,,""
"2021-08-11","'3131X8RU2'","MBS","UMBS MORTPASS 2.5% 02/28","15yr",,,,,"66770.58",,,,,,""
"2021-08-11","'3138AVK20'","MBS","UMBS MORTPASS 3.5% 03/42","30yr",,,,,"66721.96",,,,,,""
"2021-08-11","'3138AVDM4'","MBS","UMBS MORTPASS 3% 10/26","15yr",,,,,"66697.39",,,,,,""
"2021-08-11","'3620A1T73'","MBS","GNMA I MORTPASS 5% 10/39","30yr",,,,,"66634.65",,,,,,""
"2021-08-11","'36295MCL1'","MBS","GNMA I MORTPASS 5% 11/39","30yr",,,,,"66564.86",,,,,,""
"2021-08-11","'3140HPXY8'","MBS","UMBS MORTPASS 3% 12/33","15yr",,,,,"66552.94",,,,,,""
"2021-08-11","'3131X9GV0'","MBS","UMBS MORTPASS 2% 07/23","Other",,,,,"66539.5",,,,,,""
"2021-08-11","'3138XVML1'","MBS","UMBS MORTPASS 4% 06/44","30yr",,,,,"66525.79",,,,,,""
"2021-08-11","'36202EB81'","MBS","GNMA II 4.5% 01/35","30yr",,,,,"66501.84",,,,,,""
"2021-08-11","'3128L3FQ4'","MBS","FHLMCGLD 4.5% 12/36","30yr",,,,,"66472.2",,,,,,""
"2021-08-11","'31418ASW9'","MBS","UMBS MORTPASS 3% 05/33","Other",,,,,"66471.63",,,,,,""
"2021-08-11","'31417C5R2'","MBS","UMBS MORTPASS 2.5% 09/22","Other",,,,,"66393.13",,,,,,""
"2021-08-11","'3620A2LG9'","MBS","GNMA I MORTPASS 5% 04/39","30yr",,,,,"66365.01",,,,,,""
"2021-08-11","'3132QVUG4'","MBS","FHLMCGLD 4% 02/46","30yr",,,,,"66346.37",,,,,,""
"2021-08-11","'3620ABGK6'","MBS","GNMA I MORTPASS 5% 03/40","30yr",,,,,"66331.34",,,,,,""
"2021-08-11","'3138XYYR9'","MBS","UMBS MORTPASS 3% 12/44","30yr",,,,,"66136.37",,,,,,""
"2021-08-11","'3128PNA32'","MBS","FHLMCGLD 4.5% 06/24","15yr",,,,,"66105.69",,,,,,""
"2021-08-11","'3138YD5M7'","MBS","UMBS MORTPASS 3% 12/44","30yr",,,,,"66088.98",,,,,,""
"2021-08-11","'3133KJU75'","MBS","UMBS MORTPASS 2.5% 08/50","30yr",,,,,"66071.63",,,,,,""
"2021-08-11","'36180KMN8'","MBS","GNMA I 3.5% 04/43","30yr",,,,,"66066.67",,,,,,""
"2021-08-11","'36180SB45'","MBS","GNMA I 3.5% 07/43","30yr",,,,,"66049.19",,,,,,""
"2021-08-11","'3140QFS34'","MBS","UMBS MORTPASS 2.5% 11/50","30yr",,,,,"65964.42",,,,,,""
"2021-08-11","'3140H7LY1'","MBS","UMBS MORTPASS 4% 05/48","30yr",,,,,"65934.04",,,,,,""
"2021-08-11","'3138XPM91'","MBS","UMBS MORTPASS 4% 03/44","30yr",,,,,"65897.71",,,,,,""
"2021-08-11","'31329MDK3'","MBS","UMBS MORTPASS 3% 04/29","15yr",,,,,"65886.97",,,,,,""
"2021-08-11","'31418BXR2'","MBS","UMBS MORTPASS 3% 12/45","30yr",,,,,"65857.06",,,,,,""
"2021-08-11","'3128M8VG6'","MBS","FHLMCGLD 4% 06/41","30yr",,,,,"65840.23",,,,,,""
"2021-08-11","'3132L5VN0'","MBS","FHLMCGLD 4% 11/43","30yr",,,,,"65827.56",,,,,,""
"2021-08-11","'3620A8MU4'","MBS","GNMA I 5.5% 09/39","30yr",,,,,"65814.49",,,,,,""
"2021-08-11","'36230MJY4'","MBS","GNMA I MORTPASS 4% 08/41","30yr",,,,,"65798.7",,,,,,""
"2021-08-11","'3140JAQM3'","MBS","UMBS MORTPASS 4% 10/48","30yr",,,,,"65776.77",,,,,,""
"2021-08-11","'3140JKY59'","MBS","UMBS MORTPASS 3.5% 01/49","30yr",,,,,"65733.08",,,,,,""
"2021-08-11","'3133G6ZK4'","MBS","UMBS MORTPASS 2% 10/34","15yr",,,,,"65720.59",,,,,,""
"2021-08-11","'36290UB62'","MBS","GNMA I 5.5% 06/37","30yr",,,,,"65701.41",,,,,,""
"2021-08-11","'3140JMLK6'","MBS","UMBS MORTPASS 4.5% 02/49","30yr",,,,,"65698.07",,,,,,""
"2021-08-11","'36297A6U2'","MBS","GNMA I 4.5% 02/39","30yr",,,,,"65676.91",,,,,,""
"2021-08-11","'3140GWHQ9'","MBS","UMBS MORTPASS 3% 08/47","30yr",,,,,"65615.62",,,,,,""
"2021-08-11","'3128M8MB7'","MBS","FHLMCGLD 4% 04/41","30yr",,,,,"65575.87",,,,,,""
"2021-08-11","'3138WBFS9'","MBS","UMBS MORTPASS 2.5% 03/29","15yr",,,,,"65565.61",,,,,,""
"2021-08-11","'36178FWP7'","MBS","GNMA I MORTPASS 4% 06/42","30yr",,,,,"65543.84",,,,,,""
"2021-08-11","'3140JKEU6'","MBS","UMBS MORTPASS 4% 12/48","30yr",,,,,"65530.62",,,,,,""
"2021-08-11","'3138WHV82'","MBS","UMBS MORTPASS 3% 08/46","30yr",,,,,"65495.87",,,,,,""
"2021-08-11","'31412QJW0'","MBS","UMBS MORTPASS 4.5% 09/24","15yr",,,,,"65403.76",,,,,,""
"2021-08-11","'3131XANG2'","MBS","UMBS MORTPASS 3% 06/29","15yr",,,,,"65328.07",,,,,,""
"2021-08-11","'31414UAJ7'","MBS","UMBS MORTPASS 6% 06/38","30yr",,,,,"65311.37",,,,,,""
"2021-08-11","'3138WGQE7'","MBS","UMBS MORTPASS 3.5% 02/46","30yr",,,,,"65293.12",,,,,,""
"2021-08-11","'3138Y6KK9'","MBS","UMBS MORTPASS 3.5% 09/29","15yr",,,,,"65250.21",,,,,,""
"2021-08-11","'31408CV94'","MBS","UMBS MORTPASS 5% 11/35","30yr",,,,,"65240.79",,,,,,""
"2021-08-11","'3138YBTZ6'","MBS","UMBS MORTPASS 3.5% 03/45","30yr",,,,,"65210.9",,,,,,""
"2021-08-11","'3138WKUB9'","MBS","UMBS MORTPASS 3.5% 05/47","30yr",,,,,"65176.53",,,,,,""
"2021-08-11","'3620AVAG7'","MBS","GNMA I 3.5% 05/42","30yr",,,,,"65167.67",,,,,,""
"2021-08-11","'3140HL4N3'","MBS","UMBS MORTPASS 4% 07/48","30yr",,,,,"65160.03",,,,,,""
"2021-08-11","'3138XMJU5'","MBS","UMBS MORTPASS 3.5% 02/29","15yr",,,,,"65140.7",,,,,,""
"2021-08-11","'31411ETJ6'","MBS","UMBS MORTPASS 6.5% 01/37","30yr",,,,,"65085.24",,,,,,""
"2021-08-11","'31307VYB6'","MBS","FHLMCGLD 3% 04/33","15yr",,,,,"65065.89",,,,,,""
"2021-08-11","'3138MGDW2'","MBS","UMBS MORTPASS 2.5% 10/27","15yr",,,,,"65038.48",,,,,,""
"2021-08-11","'31412SZV0'","MBS","UMBS MORTPASS 6.5% 04/38","30yr",,,,,"65032.46",,,,,,""
"2021-08-11","'3140E7TX8'","MBS","UMBS MORTPASS 3% 10/30","15yr",,,,,"64998.54",,,,,,""
"2021-08-11","'3131Y04A7'","MBS","UMBS MORTPASS 4% 04/48","30yr",,,,,"64994.79",,,,,,""
"2021-08-11","'36177NZZ6'","MBS","GNMA I 3.5% 01/42","30yr",,,,,"64948.13",,,,,,""
"2021-08-11","'3132JPU91'","MBS","FHLMCGLD 4% 10/43","30yr",,,,,"64942.41",,,,,,""
"2021-08-11","'31416SMH1'","MBS","UMBS MORTPASS 4% 06/24","15yr",,,,,"64933.52",,,,,,""
"2021-08-11","'3620AGVY8'","MBS","GNMA I 4.5% 01/40","30yr",,,,,"64914.54",,,,,,""
"2021-08-11","'31307VEP7'","MBS","FHLMCGLD 3% 01/33","15yr",,,,,"64892.19",,,,,,""
"2021-08-11","'3138WDC90'","MBS","UMBS MORTPASS 4% 11/44","30yr",,,,,"64849.11",,,,,,""
"2021-08-11","'3620C6QP3'","MBS","GNMA I MORTPASS 4% 09/41","30yr",,,,,"64846.73",,,,,,""
"2021-08-11","'36291TR67'","MBS","GNMA I 4.5% 01/35","30yr",,,,,"64768.13",,,,,,""
"2021-08-11","'3131X7ZP6'","MBS","UMBS MORTPASS 3% 08/27","15yr",,,,,"64700.73",,,,,,""
"2021-08-11","'3140JN7B0'","MBS","UMBS MORTPASS 4% 04/49","30yr",,,,,"64695.08",,,,,,""
"2021-08-11","'3128MDCL5'","MBS","FHLMCGLD 4% 07/26","15yr",,,,,"64658.23",,,,,,""
"2021-08-11","'3128E5Z93'","MBS","FHLMCGLD 4% 10/30","Other",,,,,"64653.28",,,,,,""
"2021-08-11","'36176AAA7'","MBS","GNMA I MORTPASS 4% 01/42","30yr",,,,,"64621.65",,,,,,""
"2021-08-11","'3620A5EK1'","MBS","GNMA I MORTPASS 5% 12/39","30yr",,,,,"64604.91",,,,,,""
"2021-08-11","'31417BCF2'","MBS","UMBS MORTPASS 3% 03/27","15yr",,,,,"64559.61",,,,,,""
"2021-08-11","'36297DMM6'","MBS","GNMA I 4.5% 05/39","30yr",,,,,"64555.43",,,,,,""
"2021-08-11","'36176Q6A7'","MBS","GNMA I 3.5% 03/42","30yr",,,,,"64507.93",,,,,,""
"2021-08-11","'3128P7MC4'","MBS","FHLMCGLD 4% 06/29","Other",,,,,"64489.65",,,,,,""
"2021-08-11","'36176P2Y1'","MBS","GNMA I MORTPASS 4% 01/42","30yr",,,,,"64488.44",,,,,,""
"2021-08-11","'36291KVL8'","MBS","GNMA I MORTPASS 5% 01/35","30yr",,,,,"64466.08",,,,,,""
"2021-08-11","'31418C3P7'","MBS","UMBS MORTPASS 3% 09/38","Other",,,,,"64402.16",,,,,,""
"2021-08-11","'36178ER68'","MBS","GNMA I 3.5% 10/42","30yr",,,,,"64379.65",,,,,,""
"2021-08-11","'36178A4B0'","MBS","GNMA I MORTPASS 3% 07/42","30yr",,,,,"64356.06",,,,,,""
"2021-08-11","'3128PPSY0'","MBS","FHLMCGLD 4% 08/24","15yr",,,,,"64327.13",,,,,,""
"2021-08-11","'36295VE54'","MBS","GNMA I MORTPASS 5% 08/38","30yr",,,,,"64322.71",,,,,,""
"2021-08-11","'3138W95D8'","MBS","UMBS MORTPASS 3% 10/23","Other",,,,,"64293.28",,,,,,""
"2021-08-11","'3138WQLP5'","MBS","UMBS MORTPASS 2.5% 04/23","Other",,,,,"64223.26",,,,,,""
"2021-08-11","'3620ABDW3'","MBS","GNMA I MORTPASS 5% 03/40","30yr",,,,,"64091.91",,,,,,""
"2021-08-11","'3138MPN27'","MBS","UMBS MORTPASS 2.5% 12/27","15yr",,,,,"64062.11",,,,,,""
"2021-08-11","'36297F2Z4'","MBS","GNMA I MORTPASS 5% 11/39","30yr",,,,,"64042.5",,,,,,""
"2021-08-11","'3132M85B8'","MBS","FHLMCGLD 3.5% 09/44","30yr",,,,,"63967.56",,,,,,""
"2021-08-11","'3140JMQQ8'","MBS","UMBS MORTPASS 4.5% 12/48","30yr",,,,,"63807.22",,,,,,""
"2021-08-11","'3138WEKH1'","MBS","UMBS MORTPASS 3.5% 04/45","30yr",,,,,"63804.76",,,,,,""
"2021-08-11","'3620AAU30'","MBS","GNMA I MORTPASS 4% 08/39","30yr",,,,,"63801.2",,,,,,""
"2021-08-11","'3138XDSJ0'","MBS","UMBS MORTPASS 3% 12/28","15yr",,,,,"63739.02",,,,,,""
"2021-08-11","'3140FPR27'","MBS","UMBS MORTPASS 4.5% 01/47","30yr",,,,,"63733.34",,,,,,""
"2021-08-11","'36179S5J2'","MBS","GNMA II 2.5% 05/47","30yr",,,,,"63696.28",,,,,,""
"2021-08-11","'3140JVQ47'","MBS","UMBS MORTPASS 4.5% 05/49","30yr",,,,,"63656.45",,,,,,""
"2021-08-11","'3138M6WC7'","MBS","UMBS MORTPASS 3% 08/27","15yr",,,,,"63622.42",,,,,,""
"2021-08-11","'31417S2F6'","MBS","UMBS MORTPASS 4.5% 11/24","15yr",,,,,"63576.04",,,,,,""
"2021-08-11","'3132QPFU3'","MBS","FHLMCGLD 3% 04/45","30yr",,,,,"63558.11",,,,,,""
"2021-08-11","'31418TLB1'","MBS","UMBS MORTPASS 4.5% 05/25","15yr",,,,,"63475.32",,,,,,""
"2021-08-11","'36181FBR1'","MBS","GNMA I 3.5% 06/43","30yr",,,,,"63467.15",,,,,,""
"2021-08-11","'3620A5XW4'","MBS","GNMA I MORTPASS 5% 09/39","30yr",,,,,"63460.69",,,,,,""
"2021-08-11","'3140HMFN9'","MBS","UMBS MORTPASS 3.5% 07/48","30yr",,,,,"63396.05",,,,,,""
"2021-08-11","'36179JDL8'","MBS","GNMA I 3.5% 01/43","30yr",,,,,"63378.43",,,,,,""
"2021-08-11","'3140J8EZ2'","MBS","UMBS MORTPASS 3.5% 02/33","15yr",,,,,"63376.72",,,,,,""
"2021-08-11","'3132QUNY5'","MBS","FHLMCGLD 4% 12/45","30yr",,,,,"63356.21",,,,,,""
"2021-08-11","'3131X85R3'","MBS","UMBS MORTPASS 2.5% 04/23","Other",,,,,"63350.54",,,,,,""
"2021-08-11","'3138XVBG4'","MBS","UMBS MORTPASS 3.5% 07/29","15yr",,,,,"63339.45",,,,,,""
"2021-08-11","'3620A47A4'","MBS","GNMA I MORTPASS 5% 07/39","30yr",,,,,"63331.15",,,,,,""
"2021-08-11","'31418QYH0'","MBS","UMBS MORTPASS 4% 02/25","15yr",,,,,"63297.2",,,,,,""
"2021-08-11","'31412MXS2'","MBS","UMBS MORTPASS 5% 06/38","30yr",,,,,"63287.48",,,,,,""
"2021-08-11","'3140X76R5'","MBS","UMBS MORTPASS 2.5% 09/40","Other",,,,,"63284.94",,,,,,""
"2021-08-11","'36177N3Q1'","MBS","GNMA I 3.5% 07/42","30yr",,,,,"63222.34",,,,,,""
"2021-08-11","'36230LQJ1'","MBS","GNMA I MORTPASS 4% 08/41","30yr",,,,,"63218.06",,,,,,""
"2021-08-11","'3620A1T65'","MBS","GNMA I MORTPASS 5% 11/39","30yr",,,,,"63190.51",,,,,,""
"2021-08-11","'3140Q7BW6'","MBS","UMBS MORTPASS 2% 07/32","15yr",,,,,"63048.14",,,,,,""
"2021-08-11","'3128PMWY2'","MBS","FHLMCGLD 4% 04/24","15yr",,,,,"63032.64",,,,,,""
"2021-08-11","'36297DLU9'","MBS","GNMA I 4.5% 04/39","30yr",,,,,"62895.59",,,,,,""
"2021-08-11","'3138WXSC2'","MBS","UMBS MORTPASS 3% 06/28","15yr",,,,,"62873.68",,,,,,""
"2021-08-11","'36178LXD0'","MBS","GNMA I 3.5% 07/42","30yr",,,,,"62852.8",,,,,,""
"2021-08-11","'3132JASZ9'","MBS","FHLMCGLD 4% 06/43","30yr",,,,,"62813",,,,,,""
"2021-08-11","'31307HWR4'","MBS","FHLMCGLD 2.5% 07/29","15yr",,,,,"62755.8",,,,,,""
"2021-08-11","'36178TNA0'","MBS","GNMA I MORTPASS 4% 12/42","30yr",,,,,"62699.57",,,,,,""
"2021-08-11","'3128MD5Y5'","MBS","FHLMCGLD 3% 08/24","15yr",,,,,"62689.2",,,,,,""
"2021-08-11","'3140GUKS5'","MBS","UMBS MORTPASS 3% 10/32","15yr",,,,,"62687.89",,,,,,""
"2021-08-11","'31307CYZ5'","MBS","FHLMCGLD 3% 06/28","15yr",,,,,"62659.14",,,,,,""
"2021-08-11","'36180MUP0'","MBS","GNMA I 3.5% 04/43","30yr",,,,,"62651.53",,,,,,""
"2021-08-11","'36297FLS9'","MBS","GNMA I MORTPASS 5% 10/39","30yr",,,,,"62649.43",,,,,,""
"2021-08-11","'31339SSN6'","MBS","UMBS MORTPASS 3% 10/49","30yr",,,,,"62596.52",,,,,,""
"2021-08-11","'31307M4H6'","MBS","FHLMCGLD 2.5% 05/30","15yr",,,,,"62580.32",,,,,,""
"2021-08-11","'3128MMSV6'","MBS","FHLMCGLD 3% 11/29","15yr",,,,,"62542.19",,,,,,""
"2021-08-11","'3129396H9'","MBS","FHLMCGLD 4% 04/40","30yr",,,,,"62432.81",,,,,,""
"2021-08-11","'31417AAJ8'","MBS","UMBS MORTPASS 3.5% 10/26","15yr",,,,,"62374.19",,,,,,""
"2021-08-11","'31410LUK6'","MBS","UMBS MORTPASS 3.5% 06/32","15yr",,,,,"62360.5",,,,,,""
"2021-08-11","'3138YGYN6'","MBS","UMBS MORTPASS 2.5% 04/30","15yr",,,,,"62316.64",,,,,,""
"2021-08-11","'3620A85B5'","MBS","GNMA I MORTPASS 5% 01/40","30yr",,,,,"62225.92",,,,,,""
"2021-08-11","'3138WHP30'","MBS","UMBS MORTPASS 2.5% 08/31","15yr",,,,,"62181.1",,,,,,""
"2021-08-11","'31410GTR4'","MBS","UMBS MORTPASS 5.5% 10/37","30yr",,,,,"62130.86",,,,,,""
"2021-08-11","'36178LUE1'","MBS","GNMA I MORTPASS 3% 08/42","30yr",,,,,"62114.62",,,,,,""
"2021-08-11","'36296VZU5'","MBS","GNMA I MORTPASS 5% 12/38","30yr",,,,,"62082.68",,,,,,""
"2021-08-11","'3132QQQ62'","MBS","FHLMCGLD 3.5% 06/45","30yr",,,,,"62070.74",,,,,,""
"2021-08-11","'3140GST36'","MBS","UMBS MORTPASS 3.5% 12/47","30yr",,,,,"62067.35",,,,,,""
"2021-08-11","'36202FP59'","MBS","GNMA II 3.5% 02/41","30yr",,,,,"62048.5",,,,,,""
"2021-08-11","'3138EMH79'","MBS","UMBS MORTPASS 3% 01/29","15yr",,,,,"62047.84",,,,,,""
"2021-08-11","'3138XZBR1'","MBS","UMBS MORTPASS 3.5% 07/29","15yr",,,,,"62012.22",,,,,,""
"2021-08-11","'312937C29'","MBS","FHLMCGLD 4.5% 11/39","30yr",,,,,"61961.17",,,,,,""
"2021-08-11","'31418CUC6'","MBS","UMBS MORTPASS 4.5% 02/48","30yr",,,,,"61958.11",,,,,,""
"2021-08-11","'31329QZS3'","MBS","UMBS MORTPASS 3% 06/34","15yr",,,,,"61855.82",,,,,,""
"2021-08-11","'3132MAKE0'","MBS","FHLMCGLD 4% 11/44","30yr",,,,,"61845.02",,,,,,""
"2021-08-11","'3620AQVJ9'","MBS","GNMA I MORTPASS 4% 08/40","30yr",,,,,"61815.43",,,,,,""
"2021-08-11","'36177PVQ5'","MBS","GNMA I 3.5% 05/42","30yr",,,,,"61807.7",,,,,,""
"2021-08-11","'3138EENZ8'","MBS","UMBS MORTPASS 2.5% 04/22","Other",,,,,"61795.71",,,,,,""
"2021-08-11","'36297FLX8'","MBS","GNMA I MORTPASS 5% 12/39","30yr",,,,,"61764.93",,,,,,""
"2021-08-11","'31418QQC0'","MBS","UMBS MORTPASS 4% 02/25","15yr",,,,,"61673.66",,,,,,""
"2021-08-11","'3138WG4D3'","MBS","UMBS MORTPASS 3% 05/31","15yr",,,,,"61564.17",,,,,,""
"2021-08-11","'3138EETJ8'","MBS","UMBS MORTPASS 3% 04/27","15yr",,,,,"61556.4",,,,,,""
"2021-08-11","'31416W6J6'","MBS","UMBS MORTPASS 3% 11/25","15yr",,,,,"61551.86",,,,,,""
"2021-08-11","'36202ER92'","MBS","GNMA II 4.5% 04/38","30yr",,,,,"61550.44",,,,,,""
"2021-08-11","'31294L6V0'","MBS","FHLMCGLD 4.5% 03/25","15yr",,,,,"61500.56",,,,,,""
"2021-08-11","'31417WRD5'","MBS","UMBS MORTPASS 4% 12/24","15yr",,,,,"61498.16",,,,,,""
"2021-08-11","'3138WET82'","MBS","UMBS MORTPASS 2.5% 05/30","15yr",,,,,"61453.82",,,,,,""
"2021-08-11","'3133G76C2'","MBS","UMBS MORTPASS 2.5% 04/35","15yr",,,,,"61447.86",,,,,,""
"2021-08-11","'3620A5RY7'","MBS","GNMA I MORTPASS 5% 07/39","30yr",,,,,"61445.64",,,,,,""
"2021-08-11","'36202EWZ8'","MBS","GNMA II 4.5% 10/38","30yr",,,,,"61370.09",,,,,,""
"2021-08-11","'3620A1TW8'","MBS","GNMA I 4.5% 10/39","30yr",,,,,"61364.77",,,,,,""
"2021-08-11","'3138EHYH9'","MBS","UMBS MORTPASS 3% 04/27","15yr",,,,,"61344.62",,,,,,""
"2021-08-11","'3620A4R95'","MBS","GNMA I 4.5% 08/39","30yr",,,,,"61309.82",,,,,,""
"2021-08-11","'3620A9S36'","MBS","GNMA I MORTPASS 5% 09/39","30yr",,,,,"61307.6",,,,,,""
"2021-08-11","'3132M8SQ0'","MBS","FHLMCGLD 4.5% 08/44","30yr",,,,,"61283.89",,,,,,""
"2021-08-11","'36176QPE8'","MBS","GNMA I 3.5% 02/42","30yr",,,,,"61250.78",,,,,,""
"2021-08-11","'3138WFZG4'","MBS","UMBS MORTPASS 2.5% 11/30","15yr",,,,,"61228.69",,,,,,""
"2021-08-11","'31307S5M1'","MBS","FHLMCGLD 3% 01/32","15yr",,,,,"61210.09",,,,,,""
"2021-08-11","'3620A1TC2'","MBS","GNMA I MORTPASS 5% 10/39","30yr",,,,,"61142.23",,,,,,""
"2021-08-11","'3140QBCL0'","MBS","UMBS MORTPASS 4% 06/49","30yr",,,,,"61134.14",,,,,,""
"2021-08-11","'36179VN55'","MBS","GNMA II MORTPASS 4% 06/50","30yr",,,,,"61120.77",,,,,,""
"2021-08-11","'3140JVMJ8'","MBS","UMBS MORTPASS 3.5% 06/49","30yr",,,,,"61117.25",,,,,,""
"2021-08-11","'3140X4H66'","MBS","UMBS MORTPASS 2.5% 07/33","15yr",,,,,"61008.5",,,,,,""
"2021-08-11","'3620A1RS9'","MBS","GNMA I 4.5% 07/39","30yr",,,,,"60995.72",,,,,,""
"2021-08-11","'3131X7RM2'","MBS","UMBS MORTPASS 2.5% 04/27","15yr",,,,,"60994.13",,,,,,""
"2021-08-11","'3133A2HT0'","MBS","UMBS MORTPASS 3% 03/50","30yr",,,,,"60992.16",,,,,,""
"2021-08-11","'3140KGXT5'","MBS","UMBS MORTPASS 2.5% 07/50","30yr",,,,,"60975.51",,,,,,""
"2021-08-11","'3138XYH64'","MBS","UMBS MORTPASS 3.5% 09/29","15yr",,,,,"60972.68",,,,,,""
"2021-08-11","'3138X5V95'","MBS","UMBS MORTPASS 3% 09/28","15yr",,,,,"60965",,,,,,""
"2021-08-11","'36202EGZ6'","MBS","GNMA II 4.5% 02/36","30yr",,,,,"60952.22",,,,,,""
"2021-08-11","'3138MD2M3'","MBS","UMBS MORTPASS 3% 10/27","15yr",,,,,"60925.36",,,,,,""
"2021-08-11","'36176UE76'","MBS","GNMA I 3.5% 12/41","30yr",,,,,"60746.69",,,,,,""
"2021-08-11","'3620A3TC8'","MBS","GNMA I 5.5% 09/39","30yr",,,,,"60746.69",,,,,,""
"2021-08-11","'3620ANHZ6'","MBS","GNMA I MORTPASS 4% 09/41","30yr",,,,,"60681.15",,,,,,""
"2021-08-11","'3140F5G64'","MBS","UMBS MORTPASS 3.5% 06/31","15yr",,,,,"60657.05",,,,,,""
"2021-08-11","'36297HL30'","MBS","GNMA I MORTPASS 5% 05/39","30yr",,,,,"60653.46",,,,,,""
"2021-08-11","'312944PE5'","MBS","FHLMCGLD 4% 12/40","30yr",,,,,"60572.98",,,,,,""
"2021-08-11","'36176SJX9'","MBS","GNMA I MORTPASS 4% 11/41","30yr",,,,,"60535.62",,,,,,""
"2021-08-11","'3140EU2A6'","MBS","UMBS MORTPASS 4.5% 12/45","30yr",,,,,"60519.3",,,,,,""
"2021-08-11","'36205UAD2'","MBS","GNMA I 4.5% 04/38","30yr",,,,,"60511.88",,,,,,""
"2021-08-11","'3138EPUV4'","MBS","UMBS MORTPASS 3.5% 05/45","30yr",,,,,"60484.46",,,,,,""
"2021-08-11","'3140QFN70'","MBS","UMBS MORTPASS 2% 11/50","30yr",,,,,"60480.63",,,,,,""
"2021-08-11","'3138M9UQ2'","MBS","UMBS MORTPASS 2% 12/27","15yr",,,,,"60381.97",,,,,,""
"2021-08-11","'36177PW27'","MBS","GNMA I MORTPASS 4% 07/42","30yr",,,,,"60361.68",,,,,,""
"2021-08-11","'3620A7W68'","MBS","GNMA I MORTPASS 5% 09/39","30yr",,,,,"60340.84",,,,,,""
"2021-08-11","'36176UF91'","MBS","GNMA I 3.5% 12/41","30yr",,,,,"60310.59",,,,,,""
"2021-08-11","'36297DK89'","MBS","GNMA I MORTPASS 5% 04/39","30yr",,,,,"60219.3",,,,,,""
"2021-08-11","'3140HL3J3'","MBS","UMBS MORTPASS 4% 06/48","30yr",,,,,"60181.72",,,,,,""
"2021-08-11","'312933ZY3'","MBS","FHLMCGLD 5% 06/39","30yr",,,,,"60159.1",,,,,,""
"2021-08-11","'31416J3Z2'","MBS","UMBS MORTPASS 4% 01/39","30yr",,,,,"60150.96",,,,,,""
"2021-08-11","'3131Y33N4'","MBS","UMBS MORTPASS 4% 10/48","30yr",,,,,"60130.46",,,,,,""
"2021-08-11","'3140H5MR9'","MBS","UMBS MORTPASS 3.5% 01/48","30yr",,,,,"60088.32",,,,,,""
"2021-08-11","'3140H9ZZ9'","MBS","UMBS MORTPASS 3% 12/25","Other",,,,,"60074.61",,,,,,""
"2021-08-11","'31388X5Z3'","MBS","UMBS MORTPASS 5% 12/31","30yr",,,,,"60056.23",,,,,,""
"2021-08-11","'3140H7KB2'","MBS","UMBS MORTPASS 4% 02/48","30yr",,,,,"60013.49",,,,,,""
"2021-08-11","'3140JKZ25'","MBS","UMBS MORTPASS 4% 02/49","30yr",,,,,"60009.74",,,,,,""
"2021-08-11","'3138LVNS8'","MBS","UMBS MORTPASS 3% 06/27","15yr",,,,,"59995.79",,,,,,""
"2021-08-11","'31412NUL8'","MBS","UMBS MORTPASS 5% 01/39","30yr",,,,,"59983.68",,,,,,""
"2021-08-11","'31405D6H5'","MBS","UMBS MORTPASS 5.5% 07/34","30yr",,,,,"59959.48",,,,,,""
"2021-08-11","'3622A2E40'","MBS","GNMA II MORTPASS 3% 04/43","30yr",,,,,"59864.21",,,,,,""
"2021-08-11","'3140E2HL8'","MBS","UMBS MORTPASS 3.5% 10/30","15yr",,,,,"59818.63",,,,,,""
"2021-08-11","'31419BDY8'","MBS","UMBS MORTPASS 3% 10/25","15yr",,,,,"59777.84",,,,,,""
"2021-08-11","'3620ANEM8'","MBS","GNMA I MORTPASS 4% 05/40","30yr",,,,,"59775.82",,,,,,""
"2021-08-11","'31307MSF4'","MBS","FHLMCGLD 2.5% 05/30","15yr",,,,,"59714.54",,,,,,""
"2021-08-11","'31417TNN4'","MBS","UMBS MORTPASS 4% 01/25","15yr",,,,,"59642.82",,,,,,""
"2021-08-11","'3140H7YG6'","MBS","UMBS MORTPASS 3.5% 12/47","30yr",,,,,"59628.07",,,,,,""
"2021-08-11","'3138YPKW1'","MBS","UMBS MORTPASS 3.5% 05/30","15yr",,,,,"59593.09",,,,,,""
"2021-08-11","'3138MF5J2'","MBS","UMBS MORTPASS 2.5% 10/27","15yr",,,,,"59576.17",,,,,,""
"2021-08-11","'3132A9TR8'","MBS","UMBS MORTPASS 2% 04/32","15yr",,,,,"59570.19",,,,,,""
"2021-08-11","'31418ALW6'","MBS","UMBS MORTPASS 2.5% 11/27","15yr",,,,,"59521.05",,,,,,""
"2021-08-11","'3138XYZC1'","MBS","UMBS MORTPASS 3.5% 07/29","15yr",,,,,"59515.5",,,,,,""
"2021-08-11","'36176BN52'","MBS","GNMA I MORTPASS 4% 03/41","30yr",,,,,"59490.38",,,,,,""
"2021-08-11","'31414AMF6'","MBS","UMBS MORTPASS 6% 10/37","30yr",,,,,"59452.18",,,,,,""
"2021-08-11","'3138AV6U4'","MBS","UMBS MORTPASS 3% 12/26","15yr",,,,,"59297.86",,,,,,""
"2021-08-11","'36291BCU9'","MBS","GNMA I 4.5% 02/39","30yr",,,,,"59276.52",,,,,,""
"2021-08-11","'3138WQAT9'","MBS","UMBS MORTPASS 2.5% 05/43","30yr",,,,,"59219.1",,,,,,""
"2021-08-11","'31418CFE9'","MBS","UMBS MORTPASS 3.5% 01/47","30yr",,,,,"59106.41",,,,,,""
"2021-08-11","'3132QQE40'","MBS","FHLMCGLD 4% 06/45","30yr",,,,,"59095.91",,,,,,""
"2021-08-11","'3128MJYP9'","MBS","FHLMCGLD 4% 08/46","30yr",,,,,"59092.55",,,,,,""
"2021-08-11","'3132A83S6'","MBS","UMBS MORTPASS 3% 05/33","15yr",,,,,"59086.19",,,,,,""
"2021-08-11","'3138WR7B0'","MBS","UMBS MORTPASS 2.5% 04/28","15yr",,,,,"59082.65",,,,,,""
"2021-08-11","'3132DMQU2'","MBS","UMBS MORTPASS 2% 12/50","30yr",,,,,"59049.35",,,,,,""
"2021-08-11","'3133KYR50'","MBS","UMBS MORTPASS 4% 08/39","Other",,,,,"59029.88",,,,,,""
"2021-08-11","'3133G7GP2'","MBS","UMBS MORTPASS 3% 12/34","15yr",,,,,"58994.66",,,,,,""
"2021-08-11","'31418CXA7'","MBS","UMBS MORTPASS 4% 05/33","15yr",,,,,"58914.99",,,,,,""
"2021-08-11","'3128PMQB9'","MBS","FHLMCGLD 4% 03/24","15yr",,,,,"58905.71",,,,,,""
"2021-08-11","'3140K1Z41'","MBS","UMBS MORTPASS 3% 01/50","30yr",,,,,"58883.11",,,,,,""
"2021-08-11","'3138AYWD7'","MBS","UMBS MORTPASS 3.5% 11/26","15yr",,,,,"58869.11",,,,,,""
"2021-08-11","'3138WH3W0'","MBS","UMBS MORTPASS 2.5% 09/31","15yr",,,,,"58867.83",,,,,,""
"2021-08-11","'31418BCA2'","MBS","UMBS MORTPASS 2% 02/24","Other",,,,,"58850.54",,,,,,""
"2021-08-11","'31411VC72'","MBS","UMBS MORTPASS 5% 03/37","30yr",,,,,"58832.78",,,,,,""
"2021-08-11","'3138ABUJ6'","MBS","UMBS MORTPASS 3% 11/26","15yr",,,,,"58734.04",,,,,,""
"2021-08-11","'3620AJX87'","MBS","GNMA I MORTPASS 5% 12/39","30yr",,,,,"58713.82",,,,,,""
"2021-08-11","'3132A7RM5'","MBS","UMBS MORTPASS 3% 08/23","Other",,,,,"58707.26",,,,,,""
"2021-08-11","'3128Q07L5'","MBS","FHLMCGLD 3% 08/27","15yr",,,,,"58698.08",,,,,,""
"2021-08-11","'3128KGA73'","MBS","FHLMCGLD 6% 10/36","30yr",,,,,"58688.57",,,,,,""
"2021-08-11","'36176QNK6'","MBS","GNMA I 3.5% 01/42","30yr",,,,,"58616.93",,,,,,""
"2021-08-11","'3620A6SA6'","MBS","GNMA I 4.5% 01/40","30yr",,,,,"58609.22",,,,,,""
"2021-08-11","'31417GFL5'","MBS","UMBS MORTPASS 2.5% 05/28","15yr",,,,,"58591.48",,,,,,""
"2021-08-11","'3132WMBT0'","MBS","FHLMCGLD 3% 03/47","30yr",,,,,"58549.61",,,,,,""
"2021-08-11","'3138YRCV8'","MBS","UMBS MORTPASS 3% 06/30","15yr",,,,,"58467.89",,,,,,""
"2021-08-11","'36297H6X1'","MBS","GNMA I MORTPASS 5% 03/40","30yr",,,,,"58462.12",,,,,,""
"2021-08-11","'3128Q0A98'","MBS","FHLMCGLD 3.5% 05/27","15yr",,,,,"58445.22",,,,,,""
"2021-08-11","'36297EFA8'","MBS","GNMA I MORTPASS 5% 04/39","30yr",,,,,"58444.42",,,,,,""
"2021-08-11","'36297DDF1'","MBS","GNMA I MORTPASS 5% 03/39","30yr",,,,,"58421.68",,,,,,""
"2021-08-11","'31307PBS7'","MBS","FHLMCGLD 3.5% 09/30","15yr",,,,,"58420.67",,,,,,""
"2021-08-11","'31402VV56'","MBS","UMBS MORTPASS 6% 10/33","30yr",,,,,"58395.75",,,,,,""
"2021-08-11","'3620AB5M4'","MBS","GNMA I MORTPASS 5% 11/39","30yr",,,,,"58362.19",,,,,,""
"2021-08-11","'3138MNJC5'","MBS","UMBS MORTPASS 2.5% 01/28","15yr",,,,,"58301.58",,,,,,""
"2021-08-11","'3132J6WR1'","MBS","FHLMCGLD 3.5% 02/43","30yr",,,,,"58292",,,,,,""
"2021-08-11","'3129307H7'","MBS","FHLMCGLD 5.5% 02/39","30yr",,,,,"58271.93",,,,,,""
"2021-08-11","'31329QHM6'","MBS","UMBS MORTPASS 4% 03/49","30yr",,,,,"58266.33",,,,,,""
"2021-08-11","'3138ERUG3'","MBS","UMBS MORTPASS 3% 12/31","15yr",,,,,"58261.02",,,,,,""
"2021-08-11","'3140HFGT0'","MBS","UMBS MORTPASS 4% 04/48","30yr",,,,,"58220.29",,,,,,""
"2021-08-11","'36230KTT8'","MBS","GNMA I 3.5% 12/41","30yr",,,,,"58204.71",,,,,,""
"2021-08-11","'3138MLG65'","MBS","UMBS MORTPASS 3% 11/27","15yr",,,,,"58112.22",,,,,,""
"2021-08-11","'3138X0QF8'","MBS","UMBS MORTPASS 3% 07/28","15yr",,,,,"58083.65",,,,,,""
"2021-08-11","'31418ACW6'","MBS","UMBS MORTPASS 2.5% 02/22","Other",,,,,"57998.45",,,,,,""
"2021-08-11","'3133AFNW7'","MBS","UMBS MORTPASS 2.5% 01/51","30yr",,,,,"57933.86",,,,,,""
"2021-08-11","'3140X5DA8'","MBS","UMBS MORTPASS 3% 11/34","15yr",,,,,"57928.75",,,,,,""
"2021-08-11","'3131X7LL0'","MBS","UMBS MORTPASS 3% 03/27","15yr",,,,,"57906.48",,,,,,""
"2021-08-11","'3620A5C31'","MBS","GNMA I MORTPASS 5% 07/39","30yr",,,,,"57893.2",,,,,,""
"2021-08-11","'3132M92U7'","MBS","FHLMCGLD 4.5% 10/44","30yr",,,,,"57873.81",,,,,,""
"2021-08-11","'31418BA22'","MBS","UMBS MORTPASS 3.5% 03/29","15yr",,,,,"57854.01",,,,,,""
"2021-08-11","'3138E9XB1'","MBS","UMBS MORTPASS 3% 03/27","15yr",,,,,"57831.84",,,,,,""
"2021-08-11","'3138WEP86'","MBS","UMBS MORTPASS 2.5% 05/30","15yr",,,,,"57825.42",,,,,,""
"2021-08-11","'3128MJYN4'","MBS","FHLMCGLD 3.5% 08/46","30yr",,,,,"57793.36",,,,,,""
"2021-08-11","'31417WHJ3'","MBS","UMBS MORTPASS 5.5% 06/40","30yr",,,,,"57739.6",,,,,,""
"2021-08-11","'3140JJGB9'","MBS","UMBS MORTPASS 4% 12/48","30yr",,,,,"57737.4",,,,,,""
"2021-08-11","'3128LBSB5'","MBS","FHLMCGLD 6% 06/38","30yr",,,,,"57728.54",,,,,,""
"2021-08-11","'36297DHK6'","MBS","GNMA I MORTPASS 5% 08/39","30yr",,,,,"57691.53",,,,,,""
"2021-08-11","'3620A63D7'","MBS","GNMA I MORTPASS 4% 07/39","30yr",,,,,"57664",,,,,,""
"2021-08-11","'3140EXSE4'","MBS","UMBS MORTPASS 2.5% 04/31","15yr",,,,,"57658.51",,,,,,""
"2021-08-11","'36176FY36'","MBS","GNMA I MORTPASS 4% 07/41","30yr",,,,,"57658.45",,,,,,""
"2021-08-11","'3131YAZR4'","MBS","UMBS MORTPASS 4% 04/49","30yr",,,,,"57592.8",,,,,,""
"2021-08-11","'3140JHEQ2'","MBS","UMBS MORTPASS 4.5% 09/48","30yr",,,,,"57586.74",,,,,,""
"2021-08-11","'36176UCR4'","MBS","GNMA I MORTPASS 4% 11/41","30yr",,,,,"57568.64",,,,,,""
"2021-08-11","'3138M9FD8'","MBS","UMBS MORTPASS 2.5% 09/27","15yr",,,,,"57557.7",,,,,,""
"2021-08-11","'3140F3J25'","MBS","UMBS MORTPASS 4% 08/46","30yr",,,,,"57537.3",,,,,,""
"2021-08-11","'31329P6V0'","MBS","UMBS MORTPASS 4.5% 02/49","30yr",,,,,"57522.85",,,,,,""
"2021-08-11","'3620C5E94'","MBS","GNMA I MORTPASS 4% 02/41","30yr",,,,,"57510.31",,,,,,""
"2021-08-11","'3138MTJA6'","MBS","UMBS MORTPASS 2.5% 05/28","15yr",,,,,"57505.51",,,,,,""
"2021-08-11","'36179S2M8'","MBS","GNMA II 2.5% 04/47","30yr",,,,,"57487.42",,,,,,""
"2021-08-11","'3138WHGK2'","MBS","UMBS MORTPASS 4% 06/46","30yr",,,,,"57474.17",,,,,,""
"2021-08-11","'3138ABFT1'","MBS","UMBS MORTPASS 3.5% 05/26","15yr",,,,,"57470.17",,,,,,""
"2021-08-11","'3131X7K64'","MBS","UMBS MORTPASS 3% 02/27","15yr",,,,,"57468.14",,,,,,""
"2021-08-11","'31409VUK7'","MBS","UMBS MORTPASS 5% 03/36","30yr",,,,,"57465.36",,,,,,""
"2021-08-11","'312928XJ8'","MBS","FHLMCGLD 6.5% 10/38","30yr",,,,,"57419.95",,,,,,""
"2021-08-11","'3140HNZ21'","MBS","UMBS MORTPASS 4% 10/48","30yr",,,,,"57395.65",,,,,,""
"2021-08-11","'3620A9DZ1'","MBS","GNMA I MORTPASS 4% 06/41","30yr",,,,,"57352.48",,,,,,""
"2021-08-11","'31415WEZ2'","MBS","UMBS MORTPASS 6.5% 01/39","30yr",,,,,"57352.39",,,,,,""
"2021-08-11","'31412QXA2'","MBS","UMBS MORTPASS 4% 12/39","30yr",,,,,"57317.84",,,,,,""
"2021-08-11","'3140HPWN3'","MBS","UMBS MORTPASS 4.5% 11/48","30yr",,,,,"57316.31",,,,,,""
"2021-08-11","'3138XSLW5'","MBS","UMBS MORTPASS 4% 04/44","30yr",,,,,"57257.78",,,,,,""
"2021-08-11","'36295NR58'","MBS","GNMA I MORTPASS 5% 10/38","30yr",,,,,"57192.74",,,,,,""
"2021-08-11","'3620ABGA8'","MBS","GNMA I MORTPASS 5% 12/39","30yr",,,,,"57162.44",,,,,,""
"2021-08-11","'36230LVE6'","MBS","GNMA I MORTPASS 4% 11/40","30yr",,,,,"57153.21",,,,,,""
"2021-08-11","'3128E4DL3'","MBS","FHLMCGLD 5% 06/27","Other",,,,,"57084.46",,,,,,""
"2021-08-11","'3620A1TP3'","MBS","GNMA I MORTPASS 5% 09/39","30yr",,,,,"57033.09",,,,,,""
"2021-08-11","'3138MCZW7'","MBS","UMBS MORTPASS 3% 10/27","15yr",,,,,"57012.79",,,,,,""
"2021-08-11","'31307JQV8'","MBS","FHLMCGLD 3.5% 09/29","15yr",,,,,"57001.15",,,,,,""
"2021-08-11","'3620A8UK7'","MBS","GNMA I 4.5% 10/39","30yr",,,,,"56955.03",,,,,,""
"2021-08-11","'3138AWBB8'","MBS","UMBS MORTPASS 3% 11/26","15yr",,,,,"56950.53",,,,,,""
"2021-08-11","'36295VGR4'","MBS","GNMA I MORTPASS 5% 11/38","30yr",,,,,"56921.52",,,,,,""
"2021-08-11","'3138ETCL8'","MBS","UMBS MORTPASS 3.5% 02/46","30yr",,,,,"56849.26",,,,,,""
"2021-08-11","'312933Z31'","MBS","FHLMCGLD 5% 06/39","30yr",,,,,"56821.59",,,,,,""
"2021-08-11","'31418Q5J8'","MBS","UMBS MORTPASS 4.5% 05/25","15yr",,,,,"56801.27",,,,,,""
"2021-08-11","'3128MJYE4'","MBS","FHLMCGLD 4.5% 05/46","30yr",,,,,"56797.52",,,,,,""
"2021-08-11","'36176V2U6'","MBS","GNMA I MORTPASS 4% 11/41","30yr",,,,,"56770.67",,,,,,""
"2021-08-11","'3138XDSK7'","MBS","UMBS MORTPASS 3% 12/28","15yr",,,,,"56769.62",,,,,,""
"2021-08-11","'3128P7LA9'","MBS","FHLMCGLD 6.5% 09/28","Other",,,,,"56685.02",,,,,,""
"2021-08-11","'312979RS8'","MBS","FHLMCGLD 3% 01/48","30yr",,,,,"56678.4",,,,,,""
"2021-08-11","'31411JAP1'","MBS","UMBS MORTPASS 4.5% 11/22","15yr",,,,,"56677.36",,,,,,""
"2021-08-11","'3138EKJY2'","MBS","UMBS MORTPASS 2.5% 12/22","Other",,,,,"56671.16",,,,,,""
"2021-08-11","'3138XGRV7'","MBS","UMBS MORTPASS 3.5% 01/29","15yr",,,,,"56596.54",,,,,,""
"2021-08-11","'31417BX93'","MBS","UMBS MORTPASS 2.5% 05/22","Other",,,,,"56549.28",,,,,,""
"2021-08-11","'36296SP66'","MBS","GNMA I 5.5% 03/39","30yr",,,,,"56524.1",,,,,,""
"2021-08-11","'3128MFNX2'","MBS","FHLMCGLD 3.5% 05/33","15yr",,,,,"56517.51",,,,,,""
"2021-08-11","'31329MGW4'","MBS","UMBS MORTPASS 2.5% 07/30","15yr",,,,,"56514.37",,,,,,""
"2021-08-11","'36294WXS2'","MBS","GNMA I MORTPASS 5% 04/39","30yr",,,,,"56473.54",,,,,,""
"2021-08-11","'3128K0ZW6'","MBS","FHLMCGLD 5.5% 12/35","30yr",,,,,"56468.73",,,,,,""
"2021-08-11","'36295RW46'","MBS","GNMA I 4.5% 01/40","30yr",,,,,"56464.96",,,,,,""
"2021-08-11","'31418CEJ9'","MBS","UMBS MORTPASS 4.5% 12/46","30yr",,,,,"56456.7",,,,,,""
"2021-08-11","'3138WUGZ0'","MBS","UMBS MORTPASS 3% 05/28","15yr",,,,,"56455.97",,,,,,""
"2021-08-11","'3140F1Y71'","MBS","UMBS MORTPASS 2.5% 06/31","15yr",,,,,"56445.67",,,,,,""
"2021-08-11","'3128MEHS3'","MBS","FHLMCGLD 3% 03/30","15yr",,,,,"56433.09",,,,,,""
"2021-08-11","'36207QGA9'","MBS","GNMA I MORTPASS 4% 03/42","30yr",,,,,"56411.78",,,,,,""
"2021-08-11","'3132J92F4'","MBS","FHLMCGLD 4% 05/43","30yr",,,,,"56407.93",,,,,,""
"2021-08-11","'3140JHH55'","MBS","UMBS MORTPASS 4% 10/48","30yr",,,,,"56365.43",,,,,,""
"2021-08-11","'3620A1TY4'","MBS","GNMA I MORTPASS 5% 11/39","30yr",,,,,"56297.49",,,,,,""
"2021-08-11","'3131XALF6'","MBS","UMBS MORTPASS 2.5% 05/24","Other",,,,,"56270.6",,,,,,""
"2021-08-11","'3140GPHR2'","MBS","UMBS MORTPASS 3.5% 04/47","30yr",,,,,"56243.22",,,,,,""
"2021-08-11","'3138WCFL2'","MBS","UMBS MORTPASS 3% 07/29","15yr",,,,,"56241.49",,,,,,""
"2021-08-11","'36295YVP5'","MBS","GNMA I 4.5% 03/38","30yr",,,,,"56216.39",,,,,,""
"2021-08-11","'31418DDS8'","MBS","UMBS MORTPASS 4.5% 06/39","Other",,,,,"56145.19",,,,,,""
"2021-08-11","'3138YV4E6'","MBS","UMBS MORTPASS 4% 07/45","30yr",,,,,"56123.96",,,,,,""
"2021-08-11","'31417HBG8'","MBS","UMBS MORTPASS 3% 07/28","15yr",,,,,"56119.9",,,,,,""
"2021-08-11","'3128MD3D3'","MBS","FHLMCGLD 3.5% 04/24","15yr",,,,,"56087.81",,,,,,""
"2021-08-11","'36297ETV7'","MBS","GNMA I MORTPASS 5% 11/39","30yr",,,,,"56084.71",,,,,,""
"2021-08-11","'36297CNU9'","MBS","GNMA I 4.5% 05/39","30yr",,,,,"56078.75",,,,,,""
"2021-08-11","'31418A5D6'","MBS","UMBS MORTPASS 3% 01/29","15yr",,,,,"56068",,,,,,""
"2021-08-11","'3140QADH0'","MBS","UMBS MORTPASS 4.5% 12/48","30yr",,,,,"56028.16",,,,,,""
"2021-08-11","'36296VFM5'","MBS","GNMA I 5.5% 01/39","30yr",,,,,"56008.77",,,,,,""
"2021-08-11","'312930EH9'","MBS","FHLMCGLD 4.5% 12/38","30yr",,,,,"55980.75",,,,,,""
"2021-08-11","'3138EBHL2'","MBS","UMBS MORTPASS 3% 03/27","15yr",,,,,"55951.42",,,,,,""
"2021-08-11","'31339UG38'","MBS","UMBS MORTPASS 3% 10/49","30yr",,,,,"55947.39",,,,,,""
"2021-08-11","'3128P7H30'","MBS","FHLMCGLD 6.5% 01/28","Other",,,,,"55942.36",,,,,,""
"2021-08-11","'31414TV57'","MBS","UMBS MORTPASS 5.5% 11/38","30yr",,,,,"55932.91",,,,,,""
"2021-08-11","'3128PRBG3'","MBS","FHLMCGLD 4.5% 03/25","15yr",,,,,"55913.77",,,,,,""
"2021-08-11","'31329PSM6'","MBS","UMBS MORTPASS 4.5% 11/48","30yr",,,,,"55891.11",,,,,,""
"2021-08-11","'3620A3KP8'","MBS","GNMA I 4.5% 08/39","30yr",,,,,"55835.56",,,,,,""
"2021-08-11","'3138A4ES0'","MBS","UMBS MORTPASS 4% 01/26","15yr",,,,,"55770.99",,,,,,""
"2021-08-11","'31412QJX8'","MBS","UMBS MORTPASS 4.5% 09/24","15yr",,,,,"55754.1",,,,,,""
"2021-08-11","'36297HTK4'","MBS","GNMA I 4.5% 06/39","30yr",,,,,"55743.58",,,,,,""
"2021-08-11","'3138ENL23'","MBS","UMBS MORTPASS 3.5% 09/29","15yr",,,,,"55682.46",,,,,,""
"2021-08-11","'3131X8L95'","MBS","UMBS MORTPASS 2.5% 01/23","Other",,,,,"55655.69",,,,,,""
"2021-08-11","'3138MMWX6'","MBS","UMBS MORTPASS 2.5% 11/27","15yr",,,,,"55647.75",,,,,,""
"2021-08-11","'3138WEAJ8'","MBS","UMBS MORTPASS 3% 02/30","15yr",,,,,"55645.11",,,,,,""
"2021-08-11","'3138Y16X8'","MBS","UMBS MORTPASS 3.5% 10/44","30yr",,,,,"55587.55",,,,,,""
"2021-08-11","'36176QA53'","MBS","GNMA I MORTPASS 4% 09/41","30yr",,,,,"55560.07",,,,,,""
"2021-08-11","'36297BEW7'","MBS","GNMA I MORTPASS 5% 07/39","30yr",,,,,"55512.97",,,,,,""
"2021-08-11","'3128PQ2Q3'","MBS","FHLMCGLD 4.5% 02/25","15yr",,,,,"55443.68",,,,,,""
"2021-08-11","'3140JXUH9'","MBS","UMBS MORTPASS 3% 08/34","15yr",,,,,"55423.29",,,,,,""
"2021-08-11","'36297BDF5'","MBS","GNMA I 4.5% 02/39","30yr",,,,,"55369.42",,,,,,""
"2021-08-11","'36241LRE8'","MBS","GNMA II 4.5% 09/40","30yr",,,,,"55323.54",,,,,,""
"2021-08-11","'3140JPDN2'","MBS","UMBS MORTPASS 4% 03/49","30yr",,,,,"55227.62",,,,,,""
"2021-08-11","'36202DYK1'","MBS","GNMA II MORTPASS 5% 07/33","30yr",,,,,"55136.12",,,,,,""
"2021-08-11","'36292L6J8'","MBS","GNMA I MORTPASS 5% 05/36","30yr",,,,,"55109.89",,,,,,""
"2021-08-11","'3138WH4C3'","MBS","UMBS MORTPASS 3% 09/31","15yr",,,,,"55108.54",,,,,,""
"2021-08-11","'3140QBSY5'","MBS","UMBS MORTPASS 3% 09/49","30yr",,,,,"55054.62",,,,,,""
"2021-08-11","'3131X9MS0'","MBS","UMBS MORTPASS 2.5% 07/23","Other",,,,,"55049.22",,,,,,""
"2021-08-11","'3138YHFP0'","MBS","UMBS MORTPASS 3.5% 03/45","30yr",,,,,"55042.89",,,,,,""
"2021-08-11","'36297AAZ6'","MBS","GNMA I MORTPASS 6% 12/38","30yr",,,,,"55034.81",,,,,,""
"2021-08-11","'36202W4P1'","MBS","GNMA I MORTPASS 5% 08/33","30yr",,,,,"55023.58",,,,,,""
"2021-08-11","'36294WXJ2'","MBS","GNMA I 4.5% 01/39","30yr",,,,,"55001.4",,,,,,""
"2021-08-11","'31306XHL0'","MBS","FHLMCGLD 2.5% 09/22","15yr",,,,,"54998.23",,,,,,""
"2021-08-11","'31413KRW3'","MBS","UMBS MORTPASS 5.5% 11/37","30yr",,,,,"54995.22",,,,,,""
"2021-08-11","'3128MJXD7'","MBS","FHLMCGLD 3% 11/45","30yr",,,,,"54968.87",,,,,,""
"2021-08-11","'3140J9FS5'","MBS","UMBS MORTPASS 4% 10/48","30yr",,,,,"54963.15",,,,,,""
"2021-08-11","'31329PKC6'","MBS","UMBS MORTPASS 4.5% 09/48","30yr",,,,,"54913.21",,,,,,""
"2021-08-11","'3140H7TH0'","MBS","UMBS MORTPASS 3.5% 09/33","15yr",,,,,"54901.87",,,,,,""
"2021-08-11","'3128MMYU1'","MBS","FHLMCGLD 3% 02/34","15yr",,,,,"54840.54",,,,,,""
"2021-08-11","'3140QADK3'","MBS","UMBS MORTPASS 4.5% 12/48","30yr",,,,,"54820.02",,,,,,""
"2021-08-11","'3620AJDH9'","MBS","GNMA I MORTPASS 5% 02/40","30yr",,,,,"54776.23",,,,,,""
"2021-08-11","'312940RJ0'","MBS","FHLMCGLD 5% 05/40","30yr",,,,,"54746.13",,,,,,""
"2021-08-11","'3128PSYD3'","MBS","FHLMCGLD 3.5% 11/25","15yr",,,,,"54726.6",,,,,,""
"2021-08-11","'3140HMVY7'","MBS","UMBS MORTPASS 4.5% 08/48","30yr",,,,,"54699.69",,,,,,""
"2021-08-11","'3138ERTJ9'","MBS","UMBS MORTPASS 3.5% 08/31","15yr",,,,,"54688.59",,,,,,""
"2021-08-11","'31412H5C9'","MBS","UMBS MORTPASS 6% 05/39","30yr",,,,,"54677.71",,,,,,""
"2021-08-11","'3131X7LA4'","MBS","UMBS MORTPASS 2.5% 02/22","Other",,,,,"54669.15",,,,,,""
"2021-08-11","'3140GQ3C8'","MBS","UMBS MORTPASS 3.5% 08/47","30yr",,,,,"54656.79",,,,,,""
"2021-08-11","'3620AGWL5'","MBS","GNMA I MORTPASS 5% 02/40","30yr",,,,,"54655.95",,,,,,""
"2021-08-11","'312938H97'","MBS","FHLMCGLD 4.5% 12/39","30yr",,,,,"54647.14",,,,,,""
"2021-08-11","'3131X7V62'","MBS","UMBS MORTPASS 2.5% 06/22","Other",,,,,"54608.96",,,,,,""
"2021-08-11","'36177NTA8'","MBS","GNMA I 3.5% 05/42","30yr",,,,,"54546.31",,,,,,""
"2021-08-11","'3620AVA77'","MBS","GNMA I 3.5% 06/43","30yr",,,,,"54541.22",,,,,,""
"2021-08-11","'3132A7SB8'","MBS","UMBS MORTPASS 2.5% 01/28","15yr",,,,,"54487.02",,,,,,""
"2021-08-11","'31307YAF7'","MBS","FHLMCGLD 3.5% 12/33","15yr",,,,,"54442.75",,,,,,""
"2021-08-11","'3138WGAY0'","MBS","UMBS MORTPASS 3% 12/30","15yr",,,,,"54408.08",,,,,,""
"2021-08-11","'36297BDE8'","MBS","GNMA I MORTPASS 4% 02/39","30yr",,,,,"54394.89",,,,,,""
"2021-08-11","'31415Y5B1'","MBS","UMBS MORTPASS 6.5% 09/38","30yr",,,,,"54380.44",,,,,,""
"2021-08-11","'3133A7KT5'","MBS","UMBS MORTPASS 2.5% 07/50","30yr",,,,,"54339",,,,,,""
"2021-08-11","'3140HHGS8'","MBS","UMBS MORTPASS 3.5% 04/48","30yr",,,,,"54323.49",,,,,,""
"2021-08-11","'3133A3NF1'","MBS","UMBS MORTPASS 3% 04/50","30yr",,,,,"54258.43",,,,,,""
"2021-08-11","'36296LM56'","MBS","GNMA I MORTPASS 5% 03/39","30yr",,,,,"54161.02",,,,,,""
"2021-08-11","'36297A7M9'","MBS","GNMA I MORTPASS 5% 05/39","30yr",,,,,"54134.84",,,,,,""
"2021-08-11","'3132QMY54'","MBS","FHLMCGLD 4% 02/45","30yr",,,,,"54079.78",,,,,,""
"2021-08-11","'3138YRZ76'","MBS","UMBS MORTPASS 3% 05/45","30yr",,,,,"54077.61",,,,,,""
"2021-08-11","'3131X8ES1'","MBS","UMBS MORTPASS 2.5% 11/27","15yr",,,,,"54036.75",,,,,,""
"2021-08-11","'36291FAV0'","MBS","GNMA I MORTPASS 5% 04/34","30yr",,,,,"54015.4",,,,,,""
"2021-08-11","'31307LRK6'","MBS","FHLMCGLD 2.5% 01/30","15yr",,,,,"54010.72",,,,,,""
"2021-08-11","'3140X6PH8'","MBS","UMBS MORTPASS 2.5% 03/38","Other",,,,,"54002.17",,,,,,""
"2021-08-11","'31418PLN3'","MBS","UMBS MORTPASS 4.5% 04/25","15yr",,,,,"53971.9",,,,,,""
"2021-08-11","'3128PMP95'","MBS","FHLMCGLD 4% 03/24","15yr",,,,,"53938.41",,,,,,""
"2021-08-11","'3128PP5N9'","MBS","FHLMCGLD 4% 09/24","15yr",,,,,"53920.1",,,,,,""
"2021-08-11","'3620A4VF6'","MBS","GNMA I 4.5% 09/39","30yr",,,,,"53919.6",,,,,,""
"2021-08-11","'3128P7PJ6'","MBS","FHLMCGLD 4% 08/30","Other",,,,,"53868.59",,,,,,""
"2021-08-11","'36178B3E3'","MBS","GNMA I 3.5% 06/42","30yr",,,,,"53746.82",,,,,,""
"2021-08-11","'3131X9P99'","MBS","UMBS MORTPASS 2% 08/23","Other",,,,,"53639.4",,,,,,""
"2021-08-11","'31418BSV9'","MBS","UMBS MORTPASS 3% 07/30","15yr",,,,,"53605.51",,,,,,""
"2021-08-11","'31412H4W6'","MBS","UMBS MORTPASS 6% 04/39","30yr",,,,,"53605.33",,,,,,""
"2021-08-11","'3140HBFS2'","MBS","UMBS MORTPASS 4% 05/48","30yr",,,,,"53576.98",,,,,,""
"2021-08-11","'31329P6Z1'","MBS","UMBS MORTPASS 3.5% 02/39","Other",,,,,"53576.58",,,,,,""
"2021-08-11","'36296FFK4'","MBS","GNMA I 5.5% 07/38","30yr",,,,,"53546.57",,,,,,""
"2021-08-11","'31329MHW3'","MBS","UMBS MORTPASS 2.5% 10/30","15yr",,,,,"53485.56",,,,,,""
"2021-08-11","'3128PUG63'","MBS","FHLMCGLD 4% 03/26","15yr",,,,,"53431.76",,,,,,""
"2021-08-11","'36181BSY7'","MBS","GNMA I MORTPASS 4% 09/43","30yr",,,,,"53404.98",,,,,,""
"2021-08-11","'3138WQW57'","MBS","UMBS MORTPASS 4% 06/43","30yr",,,,,"53404.24",,,,,,""
"2021-08-11","'3128P7AZ6'","MBS","FHLMCGLD 5% 10/25","Other",,,,,"53381.47",,,,,,""
"2021-08-11","'31307LXM5'","MBS","FHLMCGLD 3% 02/30","15yr",,,,,"53343.22",,,,,,""
"2021-08-11","'3140K1DG8'","MBS","UMBS MORTPASS 4% 09/49","30yr",,,,,"53335.59",,,,,,""
"2021-08-11","'3140H5NL1'","MBS","UMBS MORTPASS 3.5% 02/48","30yr",,,,,"53280.25",,,,,,""
"2021-08-11","'36291GXV3'","MBS","GNMA I MORTPASS 5% 05/34","30yr",,,,,"53272.46",,,,,,""
"2021-08-11","'3128PMNX4'","MBS","FHLMCGLD 4% 03/24","15yr",,,,,"53235.27",,,,,,""
"2021-08-11","'36296CEA4'","MBS","GNMA I MORTPASS 6% 05/38","30yr",,,,,"53234.94",,,,,,""
"2021-08-11","'3140QGZQ3'","MBS","UMBS MORTPASS 2% 02/51","30yr",,,,,"53231.12",,,,,,""
"2021-08-11","'3620A4YX4'","MBS","GNMA I MORTPASS 5% 10/39","30yr",,,,,"53224.3",,,,,,""
"2021-08-11","'36179JMQ7'","MBS","GNMA I MORTPASS 3% 03/43","30yr",,,,,"53210.56",,,,,,""
"2021-08-11","'3140X7P37'","MBS","UMBS MORTPASS 2% 08/35","15yr",,,,,"53180.35",,,,,,""
"2021-08-11","'36296QH77'","MBS","GNMA I 5.5% 02/39","30yr",,,,,"53172.95",,,,,,""
"2021-08-11","'36176RXG2'","MBS","GNMA I 3.5% 06/42","30yr",,,,,"53129.48",,,,,,""
"2021-08-11","'36176Q3T9'","MBS","GNMA I 3.5% 12/41","30yr",,,,,"53111.1",,,,,,""
"2021-08-11","'31417GND4'","MBS","UMBS MORTPASS 2% 05/23","Other",,,,,"53109.63",,,,,,""
"2021-08-11","'3620ADQ47'","MBS","GNMA I MORTPASS 5% 11/39","30yr",,,,,"53044.5",,,,,,""
"2021-08-11","'3131X8AA4'","MBS","UMBS MORTPASS 2.5% 10/27","15yr",,,,,"53022.52",,,,,,""
"2021-08-11","'3138EQNL2'","MBS","UMBS MORTPASS 3.5% 08/45","30yr",,,,,"53009.02",,,,,,""
"2021-08-11","'36297FBJ0'","MBS","GNMA I 4.5% 06/39","30yr",,,,,"52997.92",,,,,,""
"2021-08-11","'3133KLA49'","MBS","UMBS MORTPASS 2.5% 02/51","30yr",,,,,"52997.15",,,,,,""
"2021-08-11","'3131Y0K50'","MBS","UMBS MORTPASS 4% 02/48","30yr",,,,,"52996.06",,,,,,""
"2021-08-11","'3140H2YP7'","MBS","UMBS MORTPASS 3% 11/32","15yr",,,,,"52923.54",,,,,,""
"2021-08-11","'36202FDV5'","MBS","GNMA II MORTPASS 4% 01/40","30yr",,,,,"52905.37",,,,,,""
"2021-08-11","'31417AMH9'","MBS","UMBS MORTPASS 2.5% 11/21","Other",,,,,"52904.64",,,,,,""
"2021-08-11","'36297BEC1'","MBS","GNMA I 4.5% 03/39","30yr",,,,,"52895.71",,,,,,""
"2021-08-11","'31306YZ20'","MBS","FHLMCGLD 2% 12/27","15yr",,,,,"52865.69",,,,,,""
"2021-08-11","'36202TK62'","MBS","GNMA I MORTPASS 5% 08/33","30yr",,,,,"52821.3",,,,,,""
"2021-08-11","'3128MAB81'","MBS","FHLMCGLD 4% 10/44","30yr",,,,,"52816.83",,,,,,""
"2021-08-11","'36297ER31'","MBS","GNMA I 4.5% 09/39","30yr",,,,,"52810.87",,,,,,""
"2021-08-11","'3128P7GB3'","MBS","FHLMCGLD 6.5% 09/27","Other",,,,,"52803.05",,,,,,""
"2021-08-11","'3140GSKE1'","MBS","UMBS MORTPASS 3.5% 08/47","30yr",,,,,"52709.75",,,,,,""
"2021-08-11","'3620A5VT3'","MBS","GNMA I MORTPASS 5% 07/39","30yr",,,,,"52697.64",,,,,,""
"2021-08-11","'31418AMU9'","MBS","UMBS MORTPASS 2.5% 11/32","Other",,,,,"52602.35",,,,,,""
"2021-08-11","'31418C6P4'","MBS","UMBS MORTPASS 3% 01/49","30yr",,,,,"52571",,,,,,""
"2021-08-11","'3132HQPT3'","MBS","FHLMCGLD 3.5% 12/42","30yr",,,,,"52534.87",,,,,,""
"2021-08-11","'3128E5WU9'","MBS","FHLMCGLD 4% 09/31","Other",,,,,"52481.82",,,,,,""
"2021-08-11","'3133ACWU8'","MBS","UMBS MORTPASS 2% 12/50","30yr",,,,,"52473.37",,,,,,""
"2021-08-11","'3128M4XA6'","MBS","FHLMCGLD 5.5% 07/37","30yr",,,,,"52415.43",,,,,,""
"2021-08-11","'31329QMR9'","MBS","UMBS MORTPASS 4% 04/49","30yr",,,,,"52410.33",,,,,,""
"2021-08-11","'3138XXFZ4'","MBS","UMBS MORTPASS 3% 08/29","15yr",,,,,"52366",,,,,,""
"2021-08-11","'31413LWR6'","MBS","UMBS MORTPASS 5.5% 02/38","30yr",,,,,"52324.35",,,,,,""
"2021-08-11","'3133AC2G2'","MBS","UMBS MORTPASS 2% 12/50","30yr",,,,,"52268.16",,,,,,""
"2021-08-11","'3128P7SH7'","MBS","FHLMCGLD 3% 01/32","Other",,,,,"52176.97",,,,,,""
"2021-08-11","'3138MBZD1'","MBS","UMBS MORTPASS 3% 09/27","15yr",,,,,"52159.56",,,,,,""
"2021-08-11","'3140HMHB3'","MBS","UMBS MORTPASS 3.5% 08/48","30yr",,,,,"52154.95",,,,,,""
"2021-08-11","'3138WVBT7'","MBS","UMBS MORTPASS 2% 08/28","15yr",,,,,"52149.67",,,,,,""
"2021-08-11","'3132DV6M2'","MBS","UMBS MORTPASS 4% 07/50","30yr",,,,,"52108.91",,,,,,""
"2021-08-11","'3620A4WM0'","MBS","GNMA I 5.5% 10/39","30yr",,,,,"52104.83",,,,,,""
"2021-08-11","'31417GCU8'","MBS","UMBS MORTPASS 2% 04/23","Other",,,,,"52095.31",,,,,,""
"2021-08-11","'31418CKG8'","MBS","UMBS MORTPASS 3.5% 05/47","30yr",,,,,"52065.71",,,,,,""
"2021-08-11","'36297FEK4'","MBS","GNMA I MORTPASS 4% 07/39","30yr",,,,,"52061.1",,,,,,""
"2021-08-11","'31415LGH4'","MBS","UMBS MORTPASS 6.5% 05/38","30yr",,,,,"52054.89",,,,,,""
"2021-08-11","'3138LYPM3'","MBS","UMBS MORTPASS 3% 06/27","15yr",,,,,"52025.67",,,,,,""
"2021-08-11","'31306YNH0'","MBS","FHLMCGLD 3% 12/22","15yr",,,,,"52009.36",,,,,,""
"2021-08-11","'3128KL3Q8'","MBS","FHLMCGLD 6.5% 03/37","30yr",,,,,"51960.32",,,,,,""
"2021-08-11","'3131XX5E7'","MBS","UMBS MORTPASS 4% 10/47","30yr",,,,,"51950.62",,,,,,""
"2021-08-11","'36176KNC7'","MBS","GNMA I MORTPASS 4% 11/41","30yr",,,,,"51883.16",,,,,,""
"2021-08-11","'3132GSQ69'","MBS","FHLMCGLD 4% 04/42","30yr",,,,,"51879.96",,,,,,""
"2021-08-11","'31329KWY6'","MBS","UMBS MORTPASS 3.5% 06/37","Other",,,,,"51853.03",,,,,,""
"2021-08-11","'36297HRP5'","MBS","GNMA I MORTPASS 4% 06/39","30yr",,,,,"51777.93",,,,,,""
"2021-08-11","'3140FUU48'","MBS","UMBS MORTPASS 3.5% 08/32","15yr",,,,,"51766.59",,,,,,""
"2021-08-11","'3138WHKC5'","MBS","UMBS MORTPASS 3.5% 07/46","30yr",,,,,"51751.82",,,,,,""
"2021-08-11","'3131YBUT3'","MBS","UMBS MORTPASS 3.5% 04/49","30yr",,,,,"51748.39",,,,,,""
"2021-08-11","'31412MYU6'","MBS","UMBS MORTPASS 5% 06/38","30yr",,,,,"51685.2",,,,,,""
"2021-08-11","'3131XK5V7'","MBS","UMBS MORTPASS 2.5% 12/42","30yr",,,,,"51645.5",,,,,,""
"2021-08-11","'3138WCWQ2'","MBS","UMBS MORTPASS 3% 09/29","15yr",,,,,"51601.77",,,,,,""
"2021-08-11","'3620A2VF0'","MBS","GNMA I 4.5% 05/39","30yr",,,,,"51562.79",,,,,,""
"2021-08-11","'31417DHV8'","MBS","UMBS MORTPASS 2.5% 10/22","Other",,,,,"51525.24",,,,,,""
"2021-08-11","'3620AC5U4'","MBS","GNMA I 5.5% 09/39","30yr",,,,,"51478.17",,,,,,""
"2021-08-11","'3131X87L4'","MBS","UMBS MORTPASS 2.5% 05/28","15yr",,,,,"51475.05",,,,,,""
"2021-08-11","'3620A16S2'","MBS","GNMA I MORTPASS 5% 07/39","30yr",,,,,"51410.75",,,,,,""
"2021-08-11","'3138A7GX0'","MBS","UMBS MORTPASS 3.5% 02/26","15yr",,,,,"51298.77",,,,,,""
"2021-08-11","'36291QWD2'","MBS","GNMA I MORTPASS 5% 12/34","30yr",,,,,"51287.9",,,,,,""
"2021-08-11","'3140X8KF3'","MBS","UMBS MORTPASS 2% 11/50","30yr",,,,,"51287",,,,,,""
"2021-08-11","'31416SYJ4'","MBS","UMBS MORTPASS 4.5% 05/39","30yr",,,,,"51264.38",,,,,,""
"2021-08-11","'3138M1T65'","MBS","UMBS MORTPASS 3% 07/27","15yr",,,,,"51207.7",,,,,,""
"2021-08-11","'3620AB7B6'","MBS","GNMA I MORTPASS 5% 02/40","30yr",,,,,"51148.76",,,,,,""
"2021-08-11","'3138YV6H7'","MBS","UMBS MORTPASS 3.5% 07/30","15yr",,,,,"51131.78",,,,,,""
"2021-08-11","'3138EKPM1'","MBS","UMBS MORTPASS 2.5% 01/23","Other",,,,,"51114.17",,,,,,""
"2021-08-11","'31417GG75'","MBS","UMBS MORTPASS 2.5% 05/28","15yr",,,,,"51114.08",,,,,,""
"2021-08-11","'3138M0NR7'","MBS","UMBS MORTPASS 2.5% 06/27","15yr",,,,,"51112.05",,,,,,""
"2021-08-11","'3132QL2Y8'","MBS","FHLMCGLD 3.5% 01/45","30yr",,,,,"51107.31",,,,,,""
"2021-08-11","'3140H1V23'","MBS","UMBS MORTPASS 4% 03/48","30yr",,,,,"51100.41",,,,,,""
"2021-08-11","'36297CGD5'","MBS","GNMA I 3.5% 11/40","30yr",,,,,"51047.01",,,,,,""
"2021-08-11","'3132A7J28'","MBS","UMBS MORTPASS 2.5% 10/22","Other",,,,,"51037.44",,,,,,""
"2021-08-11","'312933Z49'","MBS","FHLMCGLD 5% 06/39","30yr",,,,,"51037.08",,,,,,""
"2021-08-11","'3620AG2Q7'","MBS","GNMA I MORTPASS 5% 03/40","30yr",,,,,"51014.26",,,,,,""
"2021-08-11","'3132QUSM6'","MBS","FHLMCGLD 3% 12/45","30yr",,,,,"51011.62",,,,,,""
"2021-08-11","'3131X7BY3'","MBS","UMBS MORTPASS 3% 11/26","15yr",,,,,"50938.19",,,,,,""
"2021-08-11","'31413SLV4'","MBS","UMBS MORTPASS 5.5% 11/37","30yr",,,,,"50877.83",,,,,,""
"2021-08-11","'31418CYZ1'","MBS","UMBS MORTPASS 4% 07/33","15yr",,,,,"50855.16",,,,,,""
"2021-08-11","'3138MQEM1'","MBS","UMBS MORTPASS 2.5% 02/23","Other",,,,,"50853.72",,,,,,""
"2021-08-11","'31418CCK8'","MBS","UMBS MORTPASS 3% 10/36","Other",,,,,"50846.21",,,,,,""
"2021-08-11","'36291FAN8'","MBS","GNMA I MORTPASS 5% 04/34","30yr",,,,,"50841.09",,,,,,""
"2021-08-11","'3140J5M97'","MBS","UMBS MORTPASS 3% 08/31","15yr",,,,,"50833.05",,,,,,""
"2021-08-11","'3140QBPP7'","MBS","UMBS MORTPASS 4% 08/49","30yr",,,,,"50818.14",,,,,,""
"2021-08-11","'3138W9ZY9'","MBS","UMBS MORTPASS 3% 10/28","15yr",,,,,"50797.16",,,,,,""
"2021-08-11","'31417BRK5'","MBS","UMBS MORTPASS 2% 04/27","15yr",,,,,"50783.8",,,,,,""
"2021-08-11","'36296JQD0'","MBS","GNMA I MORTPASS 4% 06/39","30yr",,,,,"50783.23",,,,,,""
"2021-08-11","'31294MAC5'","MBS","FHLMCGLD 4% 07/25","15yr",,,,,"50783.17",,,,,,""
"2021-08-11","'3140K16M3'","MBS","UMBS MORTPASS 3.5% 01/50","30yr",,,,,"50729.76",,,,,,""
"2021-08-11","'31410LV74'","MBS","UMBS MORTPASS 4% 05/33","15yr",,,,,"50684.77",,,,,,""
"2021-08-11","'31418BHH2'","MBS","UMBS MORTPASS 3.5% 09/24","Other",,,,,"50665.51",,,,,,""
"2021-08-11","'3140E7GP9'","MBS","UMBS MORTPASS 4% 11/45","30yr",,,,,"50650.75",,,,,,""
"2021-08-11","'31297HUK3'","MBS","FHLMCGLD 5% 01/35","30yr",,,,,"50631.44",,,,,,""
"2021-08-11","'3138M6YX9'","MBS","UMBS MORTPASS 3% 09/27","15yr",,,,,"50608.3",,,,,,""
"2021-08-11","'3131XYZW2'","MBS","UMBS MORTPASS 3% 01/48","30yr",,,,,"50578.61",,,,,,""
"2021-08-11","'31417MXR9'","MBS","UMBS MORTPASS 4.5% 10/24","15yr",,,,,"50519.55",,,,,,""
"2021-08-11","'3138YGXM9'","MBS","UMBS MORTPASS 3% 04/45","30yr",,,,,"50499.67",,,,,,""
"2021-08-11","'31307NFQ2'","MBS","FHLMCGLD 2% 06/30","15yr",,,,,"50476.47",,,,,,""
"2021-08-11","'31417G2J4'","MBS","UMBS MORTPASS 2.5% 07/28","15yr",,,,,"50394.94",,,,,,""
"2021-08-11","'3138YAVF9'","MBS","UMBS MORTPASS 4% 01/45","30yr",,,,,"50394.89",,,,,,""
"2021-08-11","'3131XDMP7'","MBS","UMBS MORTPASS 3% 04/33","15yr",,,,,"50385.83",,,,,,""
"2021-08-11","'31412UP87'","MBS","UMBS MORTPASS 6% 05/39","30yr",,,,,"50372.36",,,,,,""
"2021-08-11","'3138LRNB4'","MBS","UMBS MORTPASS 3% 10/28","15yr",,,,,"50363.49",,,,,,""
"2021-08-11","'31417A6X2'","MBS","UMBS MORTPASS 3% 02/27","15yr",,,,,"50361.93",,,,,,""
"2021-08-11","'36290VT53'","MBS","GNMA I MORTPASS 5% 05/34","30yr",,,,,"50306.66",,,,,,""
"2021-08-11","'312932LM6'","MBS","FHLMCGLD 6% 04/39","30yr",,,,,"50274.31",,,,,,""
"2021-08-11","'31418AMK1'","MBS","UMBS MORTPASS 3% 11/22","Other",,,,,"50245.54",,,,,,""
"2021-08-11","'31418ACN6'","MBS","UMBS MORTPASS 3.5% 02/32","Other",,,,,"50229.66",,,,,,""
"2021-08-11","'3138WKLB9'","MBS","UMBS MORTPASS 2.5% 03/32","15yr",,,,,"50228.64",,,,,,""
"2021-08-11","'3138E2LF0'","MBS","UMBS MORTPASS 3.5% 01/42","30yr",,,,,"50223.23",,,,,,""
"2021-08-11","'31419CMF7'","MBS","UMBS MORTPASS 4% 03/41","30yr",,,,,"50213.56",,,,,,""
"2021-08-11","'31417A7C7'","MBS","UMBS MORTPASS 3% 02/27","15yr",,,,,"50210.33",,,,,,""
"2021-08-11","'31410QTE1'","MBS","UMBS MORTPASS 6% 10/36","30yr",,,,,"50195.96",,,,,,""
"2021-08-11","'3131X9WS9'","MBS","UMBS MORTPASS 2.5% 09/23","Other",,,,,"50117.67",,,,,,""
"2021-08-11","'3140H7LH8'","MBS","UMBS MORTPASS 4.5% 04/48","30yr",,,,,"50105.89",,,,,,""
"2021-08-11","'3128L94A8'","MBS","FHLMCGLD 6% 04/38","30yr",,,,,"50102.64",,,,,,""
"2021-08-11","'3131X77L6'","MBS","UMBS MORTPASS 2.5% 10/27","15yr",,,,,"50067.24",,,,,,""
"2021-08-11","'3128MMSW4'","MBS","FHLMCGLD 3.5% 11/29","15yr",,,,,"50050.76",,,,,,""
"2021-08-11","'3140F4V86'","MBS","UMBS MORTPASS 3% 07/31","15yr",,,,,"50032.03",,,,,,""
"2021-08-11","'3140JVMY5'","MBS","UMBS MORTPASS 4% 07/49","30yr",,,,,"49954.19",,,,,,""
"2021-08-11","'31307JCY7'","MBS","FHLMCGLD 2.5% 08/29","15yr",,,,,"49944.08",,,,,,""
"2021-08-11","'31307JVS9'","MBS","FHLMCGLD 2.5% 10/29","15yr",,,,,"49942.08",,,,,,""
"2021-08-11","'3128LB6D5'","MBS","FHLMCGLD 6.5% 06/38","30yr",,,,,"49914.53",,,,,,""
"2021-08-11","'36200MTC7'","MBS","GNMA I MORTPASS 4% 08/33","30yr",,,,,"49849.97",,,,,,""
"2021-08-11","'3140FGBW8'","MBS","UMBS MORTPASS 2.5% 12/31","15yr",,,,,"49823.98",,,,,,""
"2021-08-11","'3128PWPC6'","MBS","FHLMCGLD 3.5% 09/26","15yr",,,,,"49823.07",,,,,,""
"2021-08-11","'3138YHVL1'","MBS","UMBS MORTPASS 3% 05/30","15yr",,,,,"49822.01",,,,,,""
"2021-08-11","'3138WBTU9'","MBS","UMBS MORTPASS 3% 05/29","15yr",,,,,"49788.46",,,,,,""
"2021-08-11","'3138YEY50'","MBS","UMBS MORTPASS 3.5% 01/30","15yr",,,,,"49783.95",,,,,,""
"2021-08-11","'31307HPZ4'","MBS","FHLMCGLD 3.5% 07/29","15yr",,,,,"49771.1",,,,,,""
"2021-08-11","'3138X3YG1'","MBS","UMBS MORTPASS 2.5% 08/43","30yr",,,,,"49654.11",,,,,,""
"2021-08-11","'3132M5DY5'","MBS","FHLMCGLD 4.5% 02/44","30yr",,,,,"49589.33",,,,,,""
"2021-08-11","'3620A1UL0'","MBS","GNMA I 4.5% 12/39","30yr",,,,,"49541.62",,,,,,""
"2021-08-11","'3128PKBA1'","MBS","FHLMCGLD 4% 03/23","15yr",,,,,"49509.83",,,,,,""
"2021-08-11","'31417K4P9'","MBS","UMBS MORTPASS 4.5% 10/24","15yr",,,,,"49457.05",,,,,,""
"2021-08-11","'36177PL37'","MBS","GNMA I MORTPASS 4% 01/42","30yr",,,,,"49452.69",,,,,,""
"2021-08-11","'31297GU66'","MBS","FHLMCGLD 5.5% 12/34","30yr",,,,,"49438.17",,,,,,""
"2021-08-11","'3132A7W64'","MBS","UMBS MORTPASS 2.5% 04/28","15yr",,,,,"49387.5",,,,,,""
"2021-08-11","'31418C3F9'","MBS","UMBS MORTPASS 2.5% 08/33","15yr",,,,,"49373.22",,,,,,""
"2021-08-11","'31407MZG3'","MBS","UMBS MORTPASS 5% 10/35","30yr",,,,,"49373.19",,,,,,""
"2021-08-11","'36178CBV4'","MBS","GNMA I 3.5% 10/42","30yr",,,,,"49365.65",,,,,,""
"2021-08-11","'3131XABS9'","MBS","UMBS MORTPASS 3% 01/29","15yr",,,,,"49349.62",,,,,,""
"2021-08-11","'3132J87E4'","MBS","FHLMCGLD 3.5% 04/43","30yr",,,,,"49325.17",,,,,,""
"2021-08-11","'3138WE5U9'","MBS","UMBS MORTPASS 3% 07/30","15yr",,,,,"49322.75",,,,,,""
"2021-08-11","'3138XS2H9'","MBS","UMBS MORTPASS 3.5% 05/29","15yr",,,,,"49320.77",,,,,,""
"2021-08-11","'36296MJU3'","MBS","GNMA I 4.5% 04/39","30yr",,,,,"49307.55",,,,,,""
"2021-08-11","'3138X1XR2'","MBS","UMBS MORTPASS 2% 07/23","Other",,,,,"49264.74",,,,,,""
"2021-08-11","'31417LLP8'","MBS","UMBS MORTPASS 4.5% 07/24","15yr",,,,,"49262.42",,,,,,""
"2021-08-11","'3140QEBQ4'","MBS","UMBS MORTPASS 2.5% 07/50","30yr",,,,,"49261.38",,,,,,""
"2021-08-11","'36179SJR9'","MBS","GNMA II 2.5% 08/46","30yr",,,,,"49247.23",,,,,,""
"2021-08-11","'31307JHE6'","MBS","FHLMCGLD 2.5% 09/29","15yr",,,,,"49126.47",,,,,,""
"2021-08-11","'3138NXW94'","MBS","UMBS MORTPASS 2.5% 02/28","15yr",,,,,"49124.01",,,,,,""
"2021-08-11","'36292LDZ4'","MBS","GNMA I 5.5% 05/36","30yr",,,,,"49117.21",,,,,,""
"2021-08-11","'3128L8RR8'","MBS","FHLMCGLD 4.5% 03/38","30yr",,,,,"49111.36",,,,,,""
"2021-08-11","'3138W65C6'","MBS","UMBS MORTPASS 2.5% 03/23","Other",,,,,"49103.26",,,,,,""
"2021-08-11","'36179Q6L0'","MBS","GNMA II MORTPASS 2% 08/44","30yr",,,,,"49088.23",,,,,,""
"2021-08-11","'31417EUN9'","MBS","UMBS MORTPASS 2.5% 02/43","30yr",,,,,"49084.56",,,,,,""
"2021-08-11","'31418QYC1'","MBS","UMBS MORTPASS 4.5% 02/25","15yr",,,,,"49002.1",,,,,,""
"2021-08-11","'36180CRS0'","MBS","GNMA I MORTPASS 4% 07/43","30yr",,,,,"48933.3",,,,,,""
"2021-08-11","'3138E5JR0'","MBS","UMBS MORTPASS 3% 02/27","15yr",,,,,"48873.42",,,,,,""
"2021-08-11","'3132A83X5'","MBS","UMBS MORTPASS 2.5% 01/28","Other",,,,,"48871.83",,,,,,""
"2021-08-11","'36296GM81'","MBS","GNMA I MORTPASS 6% 05/38","30yr",,,,,"48826.55",,,,,,""
"2021-08-11","'3140KXYM2'","MBS","UMBS MORTPASS 2% 01/51","30yr",,,,,"48746.93",,,,,,""
"2021-08-11","'3138MHUS0'","MBS","UMBS MORTPASS 2.5% 11/27","15yr",,,,,"48741.8",,,,,,""
"2021-08-11","'3140H5LR0'","MBS","UMBS MORTPASS 3.5% 12/47","30yr",,,,,"48735.91",,,,,,""
"2021-08-11","'3128PPT94'","MBS","FHLMCGLD 4% 08/24","15yr",,,,,"48722.42",,,,,,""
"2021-08-11","'3128PP2N2'","MBS","FHLMCGLD 4.5% 09/24","15yr",,,,,"48658.12",,,,,,""
"2021-08-11","'36176MGM9'","MBS","GNMA I MORTPASS 4% 10/41","30yr",,,,,"48637.75",,,,,,""
"2021-08-11","'36295H6Y1'","MBS","GNMA I MORTPASS 5% 08/37","30yr",,,,,"48596.1",,,,,,""
"2021-08-11","'3140FVME3'","MBS","UMBS MORTPASS 3.5% 03/47","30yr",,,,,"48542.03",,,,,,""
"2021-08-11","'36201VAK8'","MBS","GNMA I MORTPASS 5% 09/33","30yr",,,,,"48521.26",,,,,,""
"2021-08-11","'36230U4W6'","MBS","GNMA I MORTPASS 4% 12/41","30yr",,,,,"48506.5",,,,,,""
"2021-08-11","'3128P7LT8'","MBS","FHLMCGLD 5% 01/29","Other",,,,,"48496.22",,,,,,""
"2021-08-11","'3140J5JX8'","MBS","UMBS MORTPASS 3% 12/31","15yr",,,,,"48464.67",,,,,,""
"2021-08-11","'3128P7KF9'","MBS","FHLMCGLD 5% 07/28","Other",,,,,"48459.32",,,,,,""
"2021-08-11","'3140X5JG9'","MBS","UMBS MORTPASS 2.5% 07/33","15yr",,,,,"48432.66",,,,,,""
"2021-08-11","'31307WVS0'","MBS","FHLMCGLD 3.5% 09/33","15yr",,,,,"48430.86",,,,,,""
"2021-08-11","'36211SCW5'","MBS","GNMA I 5.5% 04/35","30yr",,,,,"48405.39",,,,,,""
"2021-08-11","'3128PMA34'","MBS","FHLMCGLD 5.5% 12/23","15yr",,,,,"48384.61",,,,,,""
"2021-08-11","'3128PWBJ6'","MBS","FHLMCGLD 3.5% 08/26","15yr",,,,,"48348.32",,,,,,""
"2021-08-11","'36179CX64'","MBS","GNMA I 3.5% 01/43","30yr",,,,,"48331.69",,,,,,""
"2021-08-11","'3140H5L58'","MBS","UMBS MORTPASS 3.5% 01/48","30yr",,,,,"48309.19",,,,,,""
"2021-08-11","'3128PQ6S5'","MBS","FHLMCGLD 4.5% 03/25","15yr",,,,,"48301.2",,,,,,""
"2021-08-11","'3132AAAE4'","MBS","UMBS MORTPASS 2.5% 02/33","Other",,,,,"48295.64",,,,,,""
"2021-08-11","'36297C2J7'","MBS","GNMA I 4.5% 03/39","30yr",,,,,"48259.64",,,,,,""
"2021-08-11","'3140GQJ98'","MBS","UMBS MORTPASS 4% 05/47","30yr",,,,,"48250.87",,,,,,""
"2021-08-11","'36297GP20'","MBS","GNMA I 3.5% 11/40","30yr",,,,,"48143.69",,,,,,""
"2021-08-11","'3131X9W91'","MBS","UMBS MORTPASS 2% 09/28","15yr",,,,,"48098.3",,,,,,""
"2021-08-11","'36290UAX4'","MBS","GNMA I MORTPASS 6% 05/37","30yr",,,,,"47997.72",,,,,,""
"2021-08-11","'31329K3D4'","MBS","UMBS MORTPASS 3% 12/25","15yr",,,,,"47978.66",,,,,,""
"2021-08-11","'3138M7QL2'","MBS","UMBS MORTPASS 3% 08/27","15yr",,,,,"47866.96",,,,,,""
"2021-08-11","'31329KYT5'","MBS","UMBS MORTPASS 3.5% 09/38","Other",,,,,"47856.77",,,,,,""
"2021-08-11","'36291RPB2'","MBS","GNMA I MORTPASS 5% 11/34","30yr",,,,,"47843.96",,,,,,""
"2021-08-11","'36241KMD7'","MBS","GNMA II MORTPASS 5% 05/37","30yr",,,,,"47810.19",,,,,,""
"2021-08-11","'3140HJK67'","MBS","UMBS MORTPASS 4% 09/48","30yr",,,,,"47777.87",,,,,,""
"2021-08-11","'3620AL4V3'","MBS","GNMA I MORTPASS 4% 01/41","30yr",,,,,"47777.79",,,,,,""
"2021-08-11","'36295PYC0'","MBS","GNMA I MORTPASS 5% 02/38","30yr",,,,,"47774.24",,,,,,""
"2021-08-11","'3138WZLS9'","MBS","UMBS MORTPASS 3% 06/28","15yr",,,,,"47772.47",,,,,,""
"2021-08-11","'36176BCQ8'","MBS","GNMA I MORTPASS 4% 02/41","30yr",,,,,"47752.82",,,,,,""
"2021-08-11","'3138W4XT3'","MBS","UMBS MORTPASS 3% 02/43","30yr",,,,,"47749.8",,,,,,""
"2021-08-11","'3138WEXD6'","MBS","UMBS MORTPASS 3.5% 06/45","30yr",,,,,"47715.68",,,,,,""
"2021-08-11","'3128MBYU5'","MBS","FHLMCGLD 4% 05/23","15yr",,,,,"47703.07",,,,,,""
"2021-08-11","'36292FP68'","MBS","GNMA I MORTPASS 5% 02/37","30yr",,,,,"47682.89",,,,,,""
"2021-08-11","'3132A9MJ3'","MBS","UMBS MORTPASS 2.5% 04/27","15yr",,,,,"47663.89",,,,,,""
"2021-08-11","'31418APY8'","MBS","UMBS MORTPASS 3% 02/33","Other",,,,,"47654.16",,,,,,""
"2021-08-11","'31417YDM6'","MBS","UMBS MORTPASS 5.5% 05/29","Other",,,,,"47646.66",,,,,,""
"2021-08-11","'31414AP48'","MBS","UMBS MORTPASS 5.5% 12/37","30yr",,,,,"47599",,,,,,""
"2021-08-11","'3140HHMJ1'","MBS","UMBS MORTPASS 4% 04/48","30yr",,,,,"47581.96",,,,,,""
"2021-08-11","'31417VFQ1'","MBS","UMBS MORTPASS 4.5% 04/24","15yr",,,,,"47578.13",,,,,,""
"2021-08-11","'36177M6X5'","MBS","GNMA I MORTPASS 4% 01/42","30yr",,,,,"47523.98",,,,,,""
"2021-08-11","'3138EQ2A9'","MBS","UMBS MORTPASS 3% 01/31","15yr",,,,,"47499.06",,,,,,""
"2021-08-11","'31410VZW3'","MBS","UMBS MORTPASS 6% 03/37","30yr",,,,,"47497.4",,,,,,""
"2021-08-11","'3140HJ5U1'","MBS","UMBS MORTPASS 4% 05/48","30yr",,,,,"47493.85",,,,,,""
"2021-08-11","'3138WJCJ5'","MBS","UMBS MORTPASS 2.5% 10/36","Other",,,,,"47473",,,,,,""
"2021-08-11","'3131X8GG5'","MBS","UMBS MORTPASS 2.5% 11/22","Other",,,,,"47437.54",,,,,,""
"2021-08-11","'3138W4NH0'","MBS","UMBS MORTPASS 2.5% 02/23","Other",,,,,"47425.94",,,,,,""
"2021-08-11","'3128PKHE7'","MBS","FHLMCGLD 4% 04/23","15yr",,,,,"47409.28",,,,,,""
"2021-08-11","'3138X6K20'","MBS","UMBS MORTPASS 2.5% 03/24","Other",,,,,"47369.51",,,,,,""
"2021-08-11","'3138M0CZ1'","MBS","UMBS MORTPASS 3% 06/27","15yr",,,,,"47368.78",,,,,,""
"2021-08-11","'3128MML43'","MBS","FHLMCGLD 4.5% 03/25","15yr",,,,,"47355.91",,,,,,""
"2021-08-11","'3138X7KN2'","MBS","UMBS MORTPASS 3% 09/28","15yr",,,,,"47351.32",,,,,,""
"2021-08-11","'3132KERP2'","MBS","FHLMCGLD 3% 02/29","15yr",,,,,"47281.47",,,,,,""
"2021-08-11","'31418CMV3'","MBS","UMBS MORTPASS 4% 07/37","Other",,,,,"47281.18",,,,,,""
"2021-08-11","'36202EVL0'","MBS","GNMA II 4.5% 08/38","30yr",,,,,"47268.18",,,,,,""
"2021-08-11","'36176RK43'","MBS","GNMA I MORTPASS 4% 12/41","30yr",,,,,"47263.58",,,,,,""
"2021-08-11","'3620A23V6'","MBS","GNMA I MORTPASS 4% 11/41","30yr",,,,,"47258.21",,,,,,""
"2021-08-11","'36178GES9'","MBS","GNMA I 3.5% 07/42","30yr",,,,,"47239.91",,,,,,""
"2021-08-11","'3128P7NB5'","MBS","FHLMCGLD 4% 01/30","Other",,,,,"47231.12",,,,,,""
"2021-08-11","'3138MLW67'","MBS","UMBS MORTPASS 3% 11/32","Other",,,,,"47201.35",,,,,,""
"2021-08-11","'3138Y23J0'","MBS","UMBS MORTPASS 3% 11/44","30yr",,,,,"47200.62",,,,,,""
"2021-08-11","'3128K3MJ3'","MBS","FHLMCGLD 6% 02/36","30yr",,,,,"47190.82",,,,,,""
"2021-08-11","'31389JHC1'","MBS","UMBS MORTPASS 5.5% 01/32","30yr",,,,,"47162.71",,,,,,""
"2021-08-11","'3140H1JC5'","MBS","UMBS MORTPASS 4.5% 10/47","30yr",,,,,"47153.17",,,,,,""
"2021-08-11","'31417UFA8'","MBS","UMBS MORTPASS 4% 05/25","15yr",,,,,"47141.71",,,,,,""
"2021-08-11","'31418CLK8'","MBS","UMBS MORTPASS 3% 06/32","15yr",,,,,"47082.83",,,,,,""
"2021-08-11","'3128M9DD1'","MBS","FHLMCGLD 3.5% 04/42","30yr",,,,,"47065.64",,,,,,""
"2021-08-11","'31417C3C7'","MBS","UMBS MORTPASS 2.5% 09/27","15yr",,,,,"47049.01",,,,,,""
"2021-08-11","'3128P7CK7'","MBS","FHLMCGLD 6.5% 04/26","Other",,,,,"47009.52",,,,,,""
"2021-08-11","'31307PGF0'","MBS","FHLMCGLD 2.5% 10/30","15yr",,,,,"46986.73",,,,,,""
"2021-08-11","'3138E8XB3'","MBS","UMBS MORTPASS 3.5% 02/27","15yr",,,,,"46957.97",,,,,,""
"2021-08-11","'36296QBH1'","MBS","GNMA I 4.5% 10/38","30yr",,,,,"46955.53",,,,,,""
"2021-08-11","'3140Q97A5'","MBS","UMBS MORTPASS 3% 04/48","30yr",,,,,"46934.68",,,,,,""
"2021-08-11","'3131X9JL9'","MBS","UMBS MORTPASS 3% 06/23","Other",,,,,"46865.97",,,,,,""
"2021-08-11","'3140FSH22'","MBS","UMBS MORTPASS 3.5% 01/47","30yr",,,,,"46860.22",,,,,,""
"2021-08-11","'3138WHCF7'","MBS","UMBS MORTPASS 2.5% 06/31","15yr",,,,,"46852.73",,,,,,""
"2021-08-11","'36294SMZ7'","MBS","GNMA I 4.5% 11/36","30yr",,,,,"46835.19",,,,,,""
"2021-08-11","'36200QXK5'","MBS","GNMA I MORTPASS 5% 09/35","30yr",,,,,"46795.76",,,,,,""
"2021-08-11","'3140JHAT0'","MBS","UMBS MORTPASS 4% 12/48","30yr",,,,,"46759.69",,,,,,""
"2021-08-11","'3140X9DB8'","MBS","UMBS MORTPASS 2% 12/35","15yr",,,,,"46748.97",,,,,,""
"2021-08-11","'3129325E2'","MBS","FHLMCGLD 5% 05/39","30yr",,,,,"46702.38",,,,,,""
"2021-08-11","'3138AYLM9'","MBS","UMBS MORTPASS 3% 11/26","15yr",,,,,"46675.45",,,,,,""
"2021-08-11","'36177T2H9'","MBS","GNMA I MORTPASS 4% 04/42","30yr",,,,,"46656.42",,,,,,""
"2021-08-11","'31407VXJ9'","MBS","UMBS MORTPASS 5% 09/35","30yr",,,,,"46646.19",,,,,,""
"2021-08-11","'3620ABF43'","MBS","GNMA I 4.5% 09/39","30yr",,,,,"46591.88",,,,,,""
"2021-08-11","'3138YPEQ1'","MBS","UMBS MORTPASS 3.5% 05/45","30yr",,,,,"46591.19",,,,,,""
"2021-08-11","'3128PMVE7'","MBS","FHLMCGLD 4% 04/24","15yr",,,,,"46541.05",,,,,,""
"2021-08-11","'36297EP25'","MBS","GNMA I 4.5% 07/39","30yr",,,,,"46533.77",,,,,,""
"2021-08-11","'3133LPS99'","MBS","UMBS MORTPASS 1.5% 11/30","Other",,,,,"46496.63",,,,,,""
"2021-08-11","'31418CG65'","MBS","UMBS MORTPASS 3% 03/47","30yr",,,,,"46483.4",,,,,,""
"2021-08-11","'3128PQEZ0'","MBS","FHLMCGLD 4.5% 10/24","15yr",,,,,"46469.18",,,,,,""
"2021-08-11","'3132XYHE0'","MBS","FHLMCGLD 4% 04/48","30yr",,,,,"46362.39",,,,,,""
"2021-08-11","'36176CR56'","MBS","GNMA I MORTPASS 4% 05/41","30yr",,,,,"46317.03",,,,,,""
"2021-08-11","'31412VB80'","MBS","UMBS MORTPASS 4% 11/24","15yr",,,,,"46315.96",,,,,,""
"2021-08-11","'31329NTE8'","MBS","UMBS MORTPASS 2.5% 09/47","30yr",,,,,"46294.57",,,,,,""
"2021-08-11","'3131YAFP0'","MBS","UMBS MORTPASS 2.5% 03/34","15yr",,,,,"46287.63",,,,,,""
"2021-08-11","'31410QME8'","MBS","UMBS MORTPASS 6.5% 10/36","30yr",,,,,"46267.73",,,,,,""
"2021-08-11","'36201HMX8'","MBS","GNMA I MORTPASS 5% 07/33","30yr",,,,,"46111.88",,,,,,""
"2021-08-11","'31419LP49'","MBS","UMBS MORTPASS 3.5% 12/25","15yr",,,,,"46095.99",,,,,,""
"2021-08-11","'3620A85X7'","MBS","GNMA I 4.5% 08/39","30yr",,,,,"46066.74",,,,,,""
"2021-08-11","'3620A5VZ9'","MBS","GNMA I 4.5% 10/39","30yr",,,,,"46061.75",,,,,,""
"2021-08-11","'36291ADX4'","MBS","GNMA I MORTPASS 5% 10/33","30yr",,,,,"46029",,,,,,""
"2021-08-11","'36201U4K7'","MBS","GNMA I MORTPASS 5% 08/33","30yr",,,,,"46003.91",,,,,,""
"2021-08-11","'36211RXB0'","MBS","GNMA I 4.5% 04/35","30yr",,,,,"45994.59",,,,,,""
"2021-08-11","'3131X9WW0'","MBS","UMBS MORTPASS 2% 08/28","15yr",,,,,"45984.97",,,,,,""
"2021-08-11","'3620A9WH0'","MBS","GNMA I 4.5% 11/39","30yr",,,,,"45938.95",,,,,,""
"2021-08-11","'3128LCNB8'","MBS","FHLMCGLD 5% 06/38","30yr",,,,,"45935.57",,,,,,""
"2021-08-11","'3128P7AE3'","MBS","FHLMCGLD 4% 04/25","Other",,,,,"45920.53",,,,,,""
"2021-08-11","'3620AACZ9'","MBS","GNMA I MORTPASS 5% 02/40","30yr",,,,,"45909.86",,,,,,""
"2021-08-11","'3138WFLL8'","MBS","UMBS MORTPASS 3% 09/30","15yr",,,,,"45904.07",,,,,,""
"2021-08-11","'3133A1HZ8'","MBS","UMBS MORTPASS 3% 02/50","30yr",,,,,"45895.19",,,,,,""
"2021-08-11","'31334X4T3'","MBS","UMBS MORTPASS 3% 08/49","30yr",,,,,"45859.8",,,,,,""
"2021-08-11","'3140X5NF6'","MBS","UMBS MORTPASS 3.5% 02/48","30yr",,,,,"45836.43",,,,,,""
"2021-08-11","'3131XDNR2'","MBS","UMBS MORTPASS 3% 04/33","15yr",,,,,"45830.78",,,,,,""
"2021-08-11","'3140ECMD8'","MBS","UMBS MORTPASS 3% 08/46","30yr",,,,,"45816.02",,,,,,""
"2021-08-11","'31335ABB3'","MBS","FHLMCGLD 4.5% 02/45","30yr",,,,,"45802.98",,,,,,""
"2021-08-11","'31410LB35'","MBS","UMBS MORTPASS 3% 12/25","15yr",,,,,"45696.03",,,,,,""
"2021-08-11","'3133A2HM5'","MBS","UMBS MORTPASS 3% 03/50","30yr",,,,,"45681.68",,,,,,""
"2021-08-11","'36202DVX6'","MBS","GNMA II 4.5% 12/32","30yr",,,,,"45681.05",,,,,,""
"2021-08-11","'3138E2BK0'","MBS","UMBS MORTPASS 3.5% 12/26","15yr",,,,,"45553.31",,,,,,""
"2021-08-11","'3620A6SD0'","MBS","GNMA I MORTPASS 5% 01/40","30yr",,,,,"45481.53",,,,,,""
"2021-08-11","'3138WHP22'","MBS","UMBS MORTPASS 3% 07/31","15yr",,,,,"45474.45",,,,,,""
"2021-08-11","'3132QMNB3'","MBS","FHLMCGLD 3.5% 02/45","30yr",,,,,"45449.43",,,,,,""
"2021-08-11","'3128E4MM1'","MBS","FHLMCGLD 5% 01/28","Other",,,,,"45447.9",,,,,,""
"2021-08-11","'3620AUSU9'","MBS","GNMA I MORTPASS 5% 03/40","30yr",,,,,"45432.25",,,,,,""
"2021-08-11","'31418CBY9'","MBS","UMBS MORTPASS 3% 09/26","Other",,,,,"45408.07",,,,,,""
"2021-08-11","'3128P7NA7'","MBS","FHLMCGLD 5% 01/30","Other",,,,,"45334.93",,,,,,""
"2021-08-11","'3128PM7H7'","MBS","FHLMCGLD 4% 06/24","15yr",,,,,"45333.19",,,,,,""
"2021-08-11","'3620A7DV4'","MBS","GNMA I MORTPASS 5% 01/40","30yr",,,,,"45315.84",,,,,,""
"2021-08-11","'3620A5Y29'","MBS","GNMA I 5.5% 09/39","30yr",,,,,"45277.42",,,,,,""
"2021-08-11","'31403DJG5'","MBS","UMBS MORTPASS 5.5% 08/34","30yr",,,,,"45238.35",,,,,,""
"2021-08-11","'3138XSCG0'","MBS","UMBS MORTPASS 4% 03/44","30yr",,,,,"45223.65",,,,,,""
"2021-08-11","'3140Q86L4'","MBS","UMBS MORTPASS 4% 12/47","30yr",,,,,"45218.98",,,,,,""
"2021-08-11","'3620A24G8'","MBS","GNMA I 3.5% 12/41","30yr",,,,,"45218.37",,,,,,""
"2021-08-11","'3138YBS38'","MBS","UMBS MORTPASS 2.5% 02/30","15yr",,,,,"45194.8",,,,,,""
"2021-08-11","'3128PT6Z3'","MBS","FHLMCGLD 3.5% 02/26","15yr",,,,,"45167.92",,,,,,""
"2021-08-11","'3138ERLD0'","MBS","UMBS MORTPASS 2.5% 10/31","15yr",,,,,"45107.24",,,,,,""
"2021-08-11","'36177UYU2'","MBS","GNMA I 3.5% 10/42","30yr",,,,,"45091.32",,,,,,""
"2021-08-11","'3138ASCE0'","MBS","UMBS MORTPASS 3% 09/26","15yr",,,,,"45089.68",,,,,,""
"2021-08-11","'36296QNZ8'","MBS","GNMA I MORTPASS 4% 01/39","30yr",,,,,"45086.44",,,,,,""
"2021-08-11","'3140F1VG4'","MBS","UMBS MORTPASS 3.5% 05/46","30yr",,,,,"45043.68",,,,,,""
"2021-08-11","'3138YW3F2'","MBS","UMBS MORTPASS 2.5% 06/30","15yr",,,,,"45024.76",,,,,,""
"2021-08-11","'36295VGQ6'","MBS","GNMA I MORTPASS 5% 11/38","30yr",,,,,"44998.46",,,,,,""
"2021-08-11","'3140EW4N2'","MBS","UMBS MORTPASS 2.5% 11/31","15yr",,,,,"44977.29",,,,,,""
"2021-08-11","'36290SVN8'","MBS","GNMA I MORTPASS 5% 03/34","30yr",,,,,"44894.91",,,,,,""
"2021-08-11","'3131X9CM4'","MBS","UMBS MORTPASS 3.5% 05/23","Other",,,,,"44879.63",,,,,,""
"2021-08-11","'31417AKP3'","MBS","UMBS MORTPASS 3% 11/26","15yr",,,,,"44864.7",,,,,,""
"2021-08-11","'3128MJX54'","MBS","FHLMCGLD 4% 03/46","30yr",,,,,"44864.16",,,,,,""
"2021-08-11","'31418APD4'","MBS","UMBS MORTPASS 3% 01/28","15yr",,,,,"44850.99",,,,,,""
"2021-08-11","'3620A3D76'","MBS","GNMA I 4.5% 06/39","30yr",,,,,"44772.36",,,,,,""
"2021-08-11","'3140J7YM1'","MBS","UMBS MORTPASS 2.5% 02/47","30yr",,,,,"44734.59",,,,,,""
"2021-08-11","'3131X86E1'","MBS","UMBS MORTPASS 3% 04/23","Other",,,,,"44728.35",,,,,,""
"2021-08-11","'3138EKPX7'","MBS","UMBS MORTPASS 3% 01/23","Other",,,,,"44720.73",,,,,,""
"2021-08-11","'3138WAP50'","MBS","UMBS MORTPASS 3.5% 12/23","Other",,,,,"44715.13",,,,,,""
"2021-08-11","'3138WFGZ3'","MBS","UMBS MORTPASS 2.5% 08/30","15yr",,,,,"44661.21",,,,,,""
"2021-08-11","'31418DU26'","MBS","UMBS MORTPASS 1.5% 12/30","Other",,,,,"44655.26",,,,,,""
"2021-08-11","'36200CXT7'","MBS","GNMA I MORTPASS 5% 07/33","30yr",,,,,"44596.62",,,,,,""
"2021-08-11","'31307BDC1'","MBS","FHLMCGLD 2% 03/28","15yr",,,,,"44577.38",,,,,,""
"2021-08-11","'3128MEU90'","MBS","FHLMCGLD 3.5% 03/31","15yr",,,,,"44552.95",,,,,,""
"2021-08-11","'36295VMB2'","MBS","GNMA I MORTPASS 5% 08/39","30yr",,,,,"44543.25",,,,,,""
"2021-08-11","'3132JADY8'","MBS","FHLMCGLD 3.5% 06/43","30yr",,,,,"44541.15",,,,,,""
"2021-08-11","'36291KXU6'","MBS","GNMA I MORTPASS 6% 10/38","30yr",,,,,"44535.09",,,,,,""
"2021-08-11","'31418Q3B7'","MBS","UMBS MORTPASS 5.5% 04/40","30yr",,,,,"44527.01",,,,,,""
"2021-08-11","'36213SA88'","MBS","GNMA I MORTPASS 5% 03/34","30yr",,,,,"44514.88",,,,,,""
"2021-08-11","'3140FRNP6'","MBS","UMBS MORTPASS 2.5% 02/47","30yr",,,,,"44512.19",,,,,,""
"2021-08-11","'36290T6G9'","MBS","GNMA I 5.5% 04/37","30yr",,,,,"44504.83",,,,,,""
"2021-08-11","'3620ACAB0'","MBS","GNMA I MORTPASS 5% 03/40","30yr",,,,,"44498.04",,,,,,""
"2021-08-11","'3132A8SK6'","MBS","UMBS MORTPASS 2.5% 01/30","15yr",,,,,"44476.63",,,,,,""
"2021-08-11","'3132M7N46'","MBS","FHLMCGLD 4% 07/44","30yr",,,,,"44463.05",,,,,,""
"2021-08-11","'3140F0JL9'","MBS","UMBS MORTPASS 4.5% 10/46","30yr",,,,,"44458.75",,,,,,""
"2021-08-11","'3128KWWE9'","MBS","FHLMCGLD 5.5% 06/37","30yr",,,,,"44443.09",,,,,,""
"2021-08-11","'36296AG99'","MBS","GNMA I MORTPASS 5% 05/39","30yr",,,,,"44404.99",,,,,,""
"2021-08-11","'36297HRZ3'","MBS","GNMA I MORTPASS 4% 06/39","30yr",,,,,"44404.74",,,,,,""
"2021-08-11","'36295GRA2'","MBS","GNMA I MORTPASS 6% 04/39","30yr",,,,,"44391.62",,,,,,""
"2021-08-11","'36297H2C1'","MBS","GNMA I 4.5% 03/39","30yr",,,,,"44336.9",,,,,,""
"2021-08-11","'31417BBT3'","MBS","UMBS MORTPASS 2.5% 03/22","Other",,,,,"44325.85",,,,,,""
"2021-08-11","'3140HER61'","MBS","UMBS MORTPASS 3.5% 03/33","15yr",,,,,"44325.67",,,,,,""
"2021-08-11","'36176P4P8'","MBS","GNMA I MORTPASS 4% 08/41","30yr",,,,,"44317.7",,,,,,""
"2021-08-11","'31307HWC7'","MBS","FHLMCGLD 3.5% 07/29","15yr",,,,,"44313.58",,,,,,""
"2021-08-11","'3138YXEQ4'","MBS","UMBS MORTPASS 3.5% 08/45","30yr",,,,,"44313.36",,,,,,""
"2021-08-11","'3128MCKG9'","MBS","FHLMCGLD 4% 09/24","15yr",,,,,"44282.72",,,,,,""
"2021-08-11","'36202FJQ0'","MBS","GNMA II 4.5% 08/40","30yr",,,,,"44260.96",,,,,,""
"2021-08-11","'31419JMC9'","MBS","UMBS MORTPASS 3.5% 11/40","30yr",,,,,"44250.2",,,,,,""
"2021-08-11","'36230NUY9'","MBS","GNMA I MORTPASS 4% 09/41","30yr",,,,,"44230.94",,,,,,""
"2021-08-11","'3131X9PD0'","MBS","UMBS MORTPASS 3% 07/28","15yr",,,,,"44215.88",,,,,,""
"2021-08-11","'3138ETFM3'","MBS","UMBS MORTPASS 3.5% 04/31","15yr",,,,,"44182.08",,,,,,""
"2021-08-11","'36176XP52'","MBS","GNMA I MORTPASS 4% 05/42","30yr",,,,,"44181.95",,,,,,""
"2021-08-11","'3132DVLA1'","MBS","UMBS MORTPASS 2.5% 07/50","30yr",,,,,"44168.06",,,,,,""
"2021-08-11","'3138X9LP2'","MBS","UMBS MORTPASS 2% 10/28","15yr",,,,,"44144.05",,,,,,""
"2021-08-11","'31414JLH4'","MBS","UMBS MORTPASS 5% 12/37","30yr",,,,,"44138.97",,,,,,""
"2021-08-11","'3140F1VB5'","MBS","UMBS MORTPASS 3.5% 05/46","30yr",,,,,"44104.52",,,,,,""
"2021-08-11","'36210B3X1'","MBS","GNMA I 4.5% 03/39","30yr",,,,,"44053.1",,,,,,""
"2021-08-11","'3132A7U82'","MBS","UMBS MORTPASS 3% 03/24","Other",,,,,"44037.92",,,,,,""
"2021-08-11","'36176UR23'","MBS","GNMA I MORTPASS 4% 03/42","30yr",,,,,"43983.56",,,,,,""
"2021-08-11","'3140FTAP6'","MBS","UMBS MORTPASS 4% 04/47","30yr",,,,,"43975.64",,,,,,""
"2021-08-11","'36202ERS0'","MBS","GNMA II MORTPASS 5% 03/38","30yr",,,,,"43866.53",,,,,,""
"2021-08-11","'3138LTBJ6'","MBS","UMBS MORTPASS 2.5% 05/27","15yr",,,,,"43861.46",,,,,,""
"2021-08-11","'36179RU98'","MBS","GNMA II 2.5% 12/45","30yr",,,,,"43861.44",,,,,,""
"2021-08-11","'3131XCM38'","MBS","UMBS MORTPASS 2.5% 01/32","15yr",,,,,"43857.72",,,,,,""
"2021-08-11","'3128PQ6V8'","MBS","FHLMCGLD 4.5% 02/25","15yr",,,,,"43838.96",,,,,,""
"2021-08-11","'3620A1UM8'","MBS","GNMA I 4.5% 11/39","30yr",,,,,"43826.13",,,,,,""
"2021-08-11","'3138ER5G1'","MBS","UMBS MORTPASS 4.5% 02/47","30yr",,,,,"43774.79",,,,,,""
"2021-08-11","'36294NCJ5'","MBS","GNMA I MORTPASS 6% 11/38","30yr",,,,,"43765.56",,,,,,""
"2021-08-11","'3140HPVZ7'","MBS","UMBS MORTPASS 3% 10/33","15yr",,,,,"43757.93",,,,,,""
"2021-08-11","'3620AB6J0'","MBS","GNMA I MORTPASS 5% 01/40","30yr",,,,,"43743.01",,,,,,""
"2021-08-11","'31418C7D0'","MBS","UMBS MORTPASS 4.5% 02/39","Other",,,,,"43741.36",,,,,,""
"2021-08-11","'3138EH5G3'","MBS","UMBS MORTPASS 3.5% 03/27","15yr",,,,,"43699.2",,,,,,""
"2021-08-11","'3138XQHZ7'","MBS","UMBS MORTPASS 3.5% 03/29","15yr",,,,,"43669.68",,,,,,""
"2021-08-11","'3133KHUB0'","MBS","UMBS MORTPASS 4.5% 12/49","30yr",,,,,"43653.3",,,,,,""
"2021-08-11","'3128PQXZ9'","MBS","FHLMCGLD 4.5% 02/25","15yr",,,,,"43615.51",,,,,,""
"2021-08-11","'36178GQN7'","MBS","GNMA I 3.5% 08/42","30yr",,,,,"43601.17",,,,,,""
"2021-08-11","'31411HVH0'","MBS","UMBS MORTPASS 5.5% 04/37","30yr",,,,,"43556.79",,,,,,""
"2021-08-11","'3131X9R71'","MBS","UMBS MORTPASS 3% 08/28","15yr",,,,,"43544.73",,,,,,""
"2021-08-11","'36297FLZ3'","MBS","GNMA I 4.5% 01/40","30yr",,,,,"43542.9",,,,,,""
"2021-08-11","'3620C5RC3'","MBS","GNMA I 3.5% 11/41","30yr",,,,,"43506.64",,,,,,""
"2021-08-11","'36294XAK2'","MBS","GNMA I MORTPASS 5% 07/37","30yr",,,,,"43455.28",,,,,,""
"2021-08-11","'36180TG97'","MBS","GNMA I 3.5% 08/43","30yr",,,,,"43416.23",,,,,,""
"2021-08-11","'31418AFC7'","MBS","UMBS MORTPASS 3% 05/27","15yr",,,,,"43360.48",,,,,,""
"2021-08-11","'3140FPP29'","MBS","UMBS MORTPASS 4.5% 12/46","30yr",,,,,"43358.36",,,,,,""
"2021-08-11","'3620ARLM1'","MBS","GNMA I MORTPASS 4% 10/40","30yr",,,,,"43354.67",,,,,,""
"2021-08-11","'3140GUR25'","MBS","UMBS MORTPASS 3% 08/32","15yr",,,,,"43299.72",,,,,,""
"2021-08-11","'36180C4J5'","MBS","GNMA I 3.5% 02/43","30yr",,,,,"43247.36",,,,,,""
"2021-08-11","'3138YBDZ3'","MBS","UMBS MORTPASS 3.5% 12/29","15yr",,,,,"43222.51",,,,,,""
"2021-08-11","'3138EQ2B7'","MBS","UMBS MORTPASS 3% 02/31","15yr",,,,,"43208.24",,,,,,""
"2021-08-11","'3140X7X46'","MBS","UMBS MORTPASS 2.5% 09/50","30yr",,,,,"43158.51",,,,,,""
"2021-08-11","'3138WHFL1'","MBS","UMBS MORTPASS 3% 06/46","30yr",,,,,"43145.46",,,,,,""
"2021-08-11","'3132GKQN9'","MBS","FHLMCGLD 3.5% 11/41","30yr",,,,,"43108.42",,,,,,""
"2021-08-11","'3140QEAE2'","MBS","UMBS MORTPASS 2.5% 07/50","30yr",,,,,"43102.21",,,,,,""
"2021-08-11","'3140H73Y1'","MBS","UMBS MORTPASS 3.5% 03/48","30yr",,,,,"43085.43",,,,,,""
"2021-08-11","'3132A7MV0'","MBS","UMBS MORTPASS 2.5% 03/23","Other",,,,,"43050.85",,,,,,""
"2021-08-11","'31410PEU3'","MBS","UMBS MORTPASS 6.5% 11/36","30yr",,,,,"43000.9",,,,,,""
"2021-08-11","'36178EAH2'","MBS","GNMA I 3.5% 04/43","30yr",,,,,"42945.81",,,,,,""
"2021-08-11","'3132A5G33'","MBS","UMBS MORTPASS 4% 05/47","30yr",,,,,"42926.84",,,,,,""
"2021-08-11","'36202VE80'","MBS","GNMA I MORTPASS 5% 08/33","30yr",,,,,"42897.69",,,,,,""
"2021-08-11","'3138YTPD0'","MBS","UMBS MORTPASS 3% 09/30","15yr",,,,,"42884.29",,,,,,""
"2021-08-11","'3131X7HN1'","MBS","UMBS MORTPASS 3% 01/27","15yr",,,,,"42875.02",,,,,,""
"2021-08-11","'31418TLF2'","MBS","UMBS MORTPASS 4% 05/25","15yr",,,,,"42844.4",,,,,,""
"2021-08-11","'3140HMHH0'","MBS","UMBS MORTPASS 3% 08/33","15yr",,,,,"42713.98",,,,,,""
"2021-08-11","'312940FU8'","MBS","FHLMCGLD 5% 04/40","30yr",,,,,"42712.18",,,,,,""
"2021-08-11","'312946LR5'","MBS","FHLMCGLD 4.5% 03/41","30yr",,,,,"42707.89",,,,,,""
"2021-08-11","'3140EV7C5'","MBS","UMBS MORTPASS 2.5% 03/31","15yr",,,,,"42696.19",,,,,,""
"2021-08-11","'31335H5Y5'","MBS","FHLMCGLD 5% 11/24","Other",,,,,"42662.52",,,,,,""
"2021-08-11","'31411U4M0'","MBS","UMBS MORTPASS 5.5% 03/37","30yr",,,,,"42641.12",,,,,,""
"2021-08-11","'36296S5D3'","MBS","GNMA I MORTPASS 5% 02/39","30yr",,,,,"42635.6",,,,,,""
"2021-08-11","'3138NYAH8'","MBS","UMBS MORTPASS 3% 11/27","15yr",,,,,"42601.61",,,,,,""
"2021-08-11","'36230MHV2'","MBS","GNMA I MORTPASS 4% 05/41","30yr",,,,,"42564.63",,,,,,""
"2021-08-11","'36290NAM4'","MBS","GNMA I 4.5% 08/33","30yr",,,,,"42560.03",,,,,,""
"2021-08-11","'3131XCN29'","MBS","UMBS MORTPASS 2.5% 01/32","15yr",,,,,"42550.78",,,,,,""
"2021-08-11","'3620A85T6'","MBS","GNMA I 5.5% 08/39","30yr",,,,,"42545.95",,,,,,""
"2021-08-11","'31307ULW6'","MBS","FHLMCGLD 3.5% 09/32","15yr",,,,,"42532.98",,,,,,""
"2021-08-11","'3138YSQF6'","MBS","UMBS MORTPASS 2.5% 06/30","15yr",,,,,"42523.21",,,,,,""
"2021-08-11","'31412RK71'","MBS","UMBS MORTPASS 3.5% 10/25","15yr",,,,,"42515.83",,,,,,""
"2021-08-11","'3132A8QQ5'","MBS","UMBS MORTPASS 2.5% 02/32","15yr",,,,,"42497.88",,,,,,""
"2021-08-11","'3138AXSX0'","MBS","UMBS MORTPASS 3% 12/26","15yr",,,,,"42495.82",,,,,,""
"2021-08-11","'36178ML66'","MBS","GNMA I 3.5% 11/42","30yr",,,,,"42474.95",,,,,,""
"2021-08-11","'3140HPWJ2'","MBS","UMBS MORTPASS 3.5% 11/48","30yr",,,,,"42444.28",,,,,,""
"2021-08-11","'36176JF70'","MBS","GNMA I MORTPASS 4% 02/42","30yr",,,,,"42443.42",,,,,,""
"2021-08-11","'36178MDW8'","MBS","GNMA I 3.5% 10/42","30yr",,,,,"42370.61",,,,,,""
"2021-08-11","'36290RZP1'","MBS","GNMA I MORTPASS 5% 09/33","30yr",,,,,"42363.79",,,,,,""
"2021-08-11","'3140H22R8'","MBS","UMBS MORTPASS 3% 12/32","15yr",,,,,"42308.48",,,,,,""
"2021-08-11","'36177VB68'","MBS","GNMA I 3.5% 03/42","30yr",,,,,"42299.71",,,,,,""
"2021-08-11","'31329K2Z6'","MBS","UMBS MORTPASS 3% 11/25","15yr",,,,,"42295.25",,,,,,""
"2021-08-11","'31418CRD8'","MBS","UMBS MORTPASS 4% 11/47","30yr",,,,,"42287.87",,,,,,""
"2021-08-11","'3620C5E52'","MBS","GNMA I MORTPASS 4% 12/40","30yr",,,,,"42139.54",,,,,,""
"2021-08-11","'3131XFKR0'","MBS","UMBS MORTPASS 3.5% 11/37","Other",,,,,"42085.87",,,,,,""
"2021-08-11","'3138YCCF6'","MBS","UMBS MORTPASS 3.5% 12/29","15yr",,,,,"42071.73",,,,,,""
"2021-08-11","'3128MFAJ7'","MBS","FHLMCGLD 2.5% 05/31","15yr",,,,,"42017.09",,,,,,""
"2021-08-11","'3128LBX78'","MBS","FHLMCGLD 5% 06/38","30yr",,,,,"41971.54",,,,,,""
"2021-08-11","'3138XJYN1'","MBS","UMBS MORTPASS 2.5% 10/29","15yr",,,,,"41968.51",,,,,,""
"2021-08-11","'31418B6H4'","MBS","UMBS MORTPASS 3.5% 07/46","30yr",,,,,"41954.13",,,,,,""
"2021-08-11","'36297KL74'","MBS","GNMA I 4.5% 04/39","30yr",,,,,"41951",,,,,,""
"2021-08-11","'3620AB3B0'","MBS","GNMA I MORTPASS 5% 02/40","30yr",,,,,"41937.76",,,,,,""
"2021-08-11","'3140F9WA9'","MBS","UMBS MORTPASS 3.5% 01/47","30yr",,,,,"41919.51",,,,,,""
"2021-08-11","'3132CWDD3'","MBS","UMBS MORTPASS 2.5% 10/34","15yr",,,,,"41917.57",,,,,,""
"2021-08-11","'3138Y7EB4'","MBS","UMBS MORTPASS 2.5% 07/31","15yr",,,,,"41849.88",,,,,,""
"2021-08-11","'31411JFK7'","MBS","UMBS MORTPASS 5% 01/37","30yr",,,,,"41842.75",,,,,,""
"2021-08-11","'3140QA2J8'","MBS","UMBS MORTPASS 3.5% 05/49","30yr",,,,,"41788.12",,,,,,""
"2021-08-11","'3128MMSZ7'","MBS","FHLMCGLD 3.5% 12/29","15yr",,,,,"41777.46",,,,,,""
"2021-08-11","'31329LA85'","MBS","UMBS MORTPASS 2.5% 04/22","Other",,,,,"41725.71",,,,,,""
"2021-08-11","'3131X8PB6'","MBS","UMBS MORTPASS 2.5% 01/28","15yr",,,,,"41689.38",,,,,,""
"2021-08-11","'3140X4Z25'","MBS","UMBS MORTPASS 3% 08/32","15yr",,,,,"41635.64",,,,,,""
"2021-08-11","'3128L1XK1'","MBS","FHLMCGLD 5.5% 12/37","30yr",,,,,"41629.62",,,,,,""
"2021-08-11","'31335HZ63'","MBS","FHLMCGLD 5% 12/23","Other",,,,,"41627.75",,,,,,""
"2021-08-11","'3138WJEN4'","MBS","UMBS MORTPASS 2.5% 11/31","15yr",,,,,"41519.76",,,,,,""
"2021-08-11","'3140FMJT4'","MBS","UMBS MORTPASS 2.5% 11/31","15yr",,,,,"41511.46",,,,,,""
"2021-08-11","'36297ENM3'","MBS","GNMA I MORTPASS 5% 04/39","30yr",,,,,"41508.04",,,,,,""
"2021-08-11","'3133G7BU6'","MBS","UMBS MORTPASS 2.5% 11/34","15yr",,,,,"41432.59",,,,,,""
"2021-08-11","'3140HEQ47'","MBS","UMBS MORTPASS 4.5% 05/48","30yr",,,,,"41424.85",,,,,,""
"2021-08-11","'36297BX48'","MBS","GNMA I 4.5% 02/39","30yr",,,,,"41421.75",,,,,,""
"2021-08-11","'36295NTT4'","MBS","GNMA I MORTPASS 5% 11/38","30yr",,,,,"41401.3",,,,,,""
"2021-08-11","'31307PWL9'","MBS","FHLMCGLD 3.5% 11/30","15yr",,,,,"41380.25",,,,,,""
"2021-08-11","'3140E9HP4'","MBS","UMBS MORTPASS 4% 12/45","30yr",,,,,"41380.18",,,,,,""
"2021-08-11","'31412DTA6'","MBS","UMBS MORTPASS 5% 12/36","30yr",,,,,"41371.05",,,,,,""
"2021-08-11","'31414SAA1'","MBS","UMBS MORTPASS 4.5% 04/23","15yr",,,,,"41358.43",,,,,,""
"2021-08-11","'36294UVP4'","MBS","GNMA I MORTPASS 4% 05/42","30yr",,,,,"41321.87",,,,,,""
"2021-08-11","'31334Y3N5'","MBS","UMBS MORTPASS 3.5% 09/49","30yr",,,,,"41310.54",,,,,,""
"2021-08-11","'3140JMG22'","MBS","UMBS MORTPASS 4.5% 02/49","30yr",,,,,"41283.51",,,,,,""
"2021-08-11","'3132KEC78'","MBS","FHLMCGLD 3.5% 02/25","15yr",,,,,"41243.39",,,,,,""
"2021-08-11","'31307GR76'","MBS","FHLMCGLD 3.5% 03/29","15yr",,,,,"41241.53",,,,,,""
"2021-08-11","'36294WXT0'","MBS","GNMA I 4.5% 02/39","30yr",,,,,"41241.47",,,,,,""
"2021-08-11","'3128KEZ55'","MBS","FHLMCGLD 6.5% 09/36","30yr",,,,,"41240.06",,,,,,""
"2021-08-11","'31307PV63'","MBS","FHLMCGLD 2.5% 12/30","15yr",,,,,"41204.75",,,,,,""
"2021-08-11","'3140H3DG8'","MBS","UMBS MORTPASS 3% 11/47","30yr",,,,,"41196.14",,,,,,""
"2021-08-11","'31413RHR0'","MBS","UMBS MORTPASS 4% 05/23","15yr",,,,,"41194.73",,,,,,""
"2021-08-11","'3132A7UE9'","MBS","UMBS MORTPASS 3.5% 01/24","Other",,,,,"41194.6",,,,,,""
"2021-08-11","'3138WRYZ7'","MBS","UMBS MORTPASS 3.5% 07/43","30yr",,,,,"41186.4",,,,,,""
"2021-08-11","'36176JM64'","MBS","GNMA I MORTPASS 4% 08/41","30yr",,,,,"41178.15",,,,,,""
"2021-08-11","'31417FYA0'","MBS","UMBS MORTPASS 2.5% 03/43","30yr",,,,,"41177.18",,,,,,""
"2021-08-11","'3138ASNZ1'","MBS","UMBS MORTPASS 3% 10/26","15yr",,,,,"41077.13",,,,,,""
"2021-08-11","'36290R2Q5'","MBS","GNMA I MORTPASS 5% 09/33","30yr",,,,,"41055.26",,,,,,""
"2021-08-11","'31408B5L8'","MBS","UMBS MORTPASS 6.5% 01/36","30yr",,,,,"40993.09",,,,,,""
"2021-08-11","'3138EQU26'","MBS","UMBS MORTPASS 2.5% 11/30","15yr",,,,,"40912.97",,,,,,""
"2021-08-11","'36297GSZ4'","MBS","GNMA I MORTPASS 3% 03/42","30yr",,,,,"40908.25",,,,,,""
"2021-08-11","'31410DB82'","MBS","UMBS MORTPASS 6.5% 06/36","30yr",,,,,"40891.89",,,,,,""
"2021-08-11","'3138AXCP4'","MBS","UMBS MORTPASS 3% 11/26","15yr",,,,,"40838.08",,,,,,""
"2021-08-11","'31418CHG2'","MBS","UMBS MORTPASS 4% 03/47","30yr",,,,,"40836.67",,,,,,""
"2021-08-11","'3140QEA28'","MBS","UMBS MORTPASS 2.5% 07/50","30yr",,,,,"40813.72",,,,,,""
"2021-08-11","'36295BBE2'","MBS","GNMA I 5.5% 04/37","30yr",,,,,"40793.83",,,,,,""
"2021-08-11","'36290QAG0'","MBS","GNMA I MORTPASS 5% 10/33","30yr",,,,,"40779.01",,,,,,""
"2021-08-11","'3140H6F20'","MBS","UMBS MORTPASS 2.5% 01/33","15yr",,,,,"40776.79",,,,,,""
"2021-08-11","'3132A7LV1'","MBS","UMBS MORTPASS 2.5% 02/28","15yr",,,,,"40748.62",,,,,,""
"2021-08-11","'3138WDUM1'","MBS","UMBS MORTPASS 2.5% 01/30","15yr",,,,,"40718.41",,,,,,""
"2021-08-11","'36297G3Y4'","MBS","GNMA I 4.5% 03/39","30yr",,,,,"40695.75",,,,,,""
"2021-08-11","'3140X4Y26'","MBS","UMBS MORTPASS 3.5% 09/33","15yr",,,,,"40688.72",,,,,,""
"2021-08-11","'3140Q95B5'","MBS","UMBS MORTPASS 4.5% 11/48","30yr",,,,,"40625.72",,,,,,""
"2021-08-11","'36179RD97'","MBS","GNMA II 4.5% 05/45","30yr",,,,,"40601.02",,,,,,""
"2021-08-11","'3140Q8N43'","MBS","UMBS MORTPASS 3% 10/27","Other",,,,,"40596.07",,,,,,""
"2021-08-11","'312931A99'","MBS","FHLMCGLD 5% 02/39","30yr",,,,,"40592.77",,,,,,""
"2021-08-11","'3140QCT48'","MBS","UMBS MORTPASS 3% 01/35","15yr",,,,,"40559.33",,,,,,""
"2021-08-11","'36207WLB8'","MBS","GNMA I MORTPASS 5% 04/40","30yr",,,,,"40557.81",,,,,,""
"2021-08-11","'3140HKYH5'","MBS","UMBS MORTPASS 4% 07/48","30yr",,,,,"40555.6",,,,,,""
"2021-08-11","'3138A45S0'","MBS","UMBS MORTPASS 3.5% 02/26","15yr",,,,,"40505.05",,,,,,""
"2021-08-11","'36296ML22'","MBS","GNMA I MORTPASS 5% 09/38","30yr",,,,,"40473.64",,,,,,""
"2021-08-11","'3132M5VZ2'","MBS","FHLMCGLD 4.5% 03/44","30yr",,,,,"40465.56",,,,,,""
"2021-08-11","'3140HPWU7'","MBS","UMBS MORTPASS 3% 11/33","15yr",,,,,"40443.75",,,,,,""
"2021-08-11","'36202WEL9'","MBS","GNMA I MORTPASS 5% 11/33","30yr",,,,,"40395.86",,,,,,""
"2021-08-11","'3131X9FR0'","MBS","UMBS MORTPASS 2% 05/23","Other",,,,,"40387.24",,,,,,""
"2021-08-11","'3138Y9AV0'","MBS","UMBS MORTPASS 3.5% 11/29","15yr",,,,,"40370.16",,,,,,""
"2021-08-11","'3138WKUZ6'","MBS","UMBS MORTPASS 4% 04/47","30yr",,,,,"40367.54",,,,,,""
"2021-08-11","'31415LSK4'","MBS","UMBS MORTPASS 5% 04/38","30yr",,,,,"40367.05",,,,,,""
"2021-08-11","'3128MMKG7'","MBS","FHLMCGLD 5.5% 01/24","15yr",,,,,"40333.07",,,,,,""
"2021-08-11","'36202EJT7'","MBS","GNMA II 4.5% 07/36","30yr",,,,,"40281.03",,,,,,""
"2021-08-11","'31418NG46'","MBS","UMBS MORTPASS 4% 01/25","15yr",,,,,"40277.99",,,,,,""
"2021-08-11","'3140F8UT2'","MBS","UMBS MORTPASS 2.5% 09/31","15yr",,,,,"40270.1",,,,,,""
"2021-08-11","'3128MMYS6'","MBS","FHLMCGLD 3.5% 01/34","15yr",,,,,"40258.15",,,,,,""
"2021-08-11","'36297C4M8'","MBS","GNMA I 4.5% 02/39","30yr",,,,,"40205.56",,,,,,""
"2021-08-11","'3131YC7K6'","MBS","UMBS MORTPASS 4% 05/49","30yr",,,,,"40167.21",,,,,,""
"2021-08-11","'3131X8XW1'","MBS","UMBS MORTPASS 2.5% 03/28","15yr",,,,,"40148.69",,,,,,""
"2021-08-11","'36292GZP3'","MBS","GNMA I MORTPASS 5% 10/35","30yr",,,,,"40145.34",,,,,,""
"2021-08-11","'3138WARW9'","MBS","UMBS MORTPASS 2% 08/23","Other",,,,,"40086.28",,,,,,""
"2021-08-11","'31418BDL7'","MBS","UMBS MORTPASS 3.5% 05/24","Other",,,,,"40066.24",,,,,,""
"2021-08-11","'31307GAC3'","MBS","FHLMCGLD 3% 01/24","15yr",,,,,"40063.66",,,,,,""
"2021-08-11","'3140H7P68'","MBS","UMBS MORTPASS 4.5% 04/48","30yr",,,,,"40034.48",,,,,,""
"2021-08-11","'3138YTMU5'","MBS","UMBS MORTPASS 2.5% 07/30","15yr",,,,,"40025.78",,,,,,""
"2021-08-11","'3620A9A68'","MBS","GNMA I MORTPASS 5% 12/39","30yr",,,,,"40010.63",,,,,,""
"2021-08-11","'31404BNC2'","MBS","UMBS MORTPASS 6% 01/34","30yr",,,,,"39999.97",,,,,,""
"2021-08-11","'3138YUCG4'","MBS","UMBS MORTPASS 2.5% 06/30","15yr",,,,,"39991.74",,,,,,""
"2021-08-11","'31417YFB8'","MBS","UMBS MORTPASS 6% 07/39","30yr",,,,,"39987.66",,,,,,""
"2021-08-11","'31418BW28'","MBS","UMBS MORTPASS 3.5% 10/30","15yr",,,,,"39949.56",,,,,,""
"2021-08-11","'3128MMS61'","MBS","FHLMCGLD 2.5% 02/30","15yr",,,,,"39928.68",,,,,,""
"2021-08-11","'3140FFTS0'","MBS","UMBS MORTPASS 4.5% 08/46","30yr",,,,,"39902.29",,,,,,""
"2021-08-11","'3138WEPA1'","MBS","UMBS MORTPASS 3% 05/30","15yr",,,,,"39891.89",,,,,,""
"2021-08-11","'31374CK54'","MBS","UMBS MORTPASS 6% 04/37","30yr",,,,,"39888.07",,,,,,""
"2021-08-11","'3620AEMV9'","MBS","GNMA I 4.5% 09/39","30yr",,,,,"39880.8",,,,,,""
"2021-08-11","'3138YPSF0'","MBS","UMBS MORTPASS 3% 05/45","30yr",,,,,"39856.9",,,,,,""
"2021-08-11","'36296EDA1'","MBS","GNMA I 5.5% 06/38","30yr",,,,,"39828.65",,,,,,""
"2021-08-11","'3131X8YA8'","MBS","UMBS MORTPASS 2.5% 03/23","Other",,,,,"39755.37",,,,,,""
"2021-08-11","'3128MJYK0'","MBS","FHLMCGLD 4.5% 06/46","30yr",,,,,"39738.84",,,,,,""
"2021-08-11","'3138XGCN1'","MBS","UMBS MORTPASS 3.5% 03/29","15yr",,,,,"39710.69",,,,,,""
"2021-08-11","'3138X4KY5'","MBS","UMBS MORTPASS 2.5% 09/28","15yr",,,,,"39696.67",,,,,,""
"2021-08-11","'3620A7WV3'","MBS","GNMA I 4.5% 08/39","30yr",,,,,"39667.45",,,,,,""
"2021-08-11","'36209VLE2'","MBS","GNMA I MORTPASS 6% 11/28","30yr",,,,,"39541.34",,,,,,""
"2021-08-11","'3132WFET2'","MBS","FHLMCGLD 4.5% 07/46","30yr",,,,,"39524.3",,,,,,""
"2021-08-11","'3131X8JK3'","MBS","UMBS MORTPASS 2.5% 12/27","15yr",,,,,"39506.56",,,,,,""
"2021-08-11","'31403DDV8'","MBS","UMBS MORTPASS 4.5% 10/23","Other",,,,,"39484.93",,,,,,""
"2021-08-11","'3132JASV8'","MBS","FHLMCGLD 4% 06/43","30yr",,,,,"39451.34",,,,,,""
"2021-08-11","'31307M2W5'","MBS","FHLMCGLD 3% 05/30","15yr",,,,,"39365.23",,,,,,""
"2021-08-11","'3140JNYX2'","MBS","UMBS MORTPASS 4.5% 02/49","30yr",,,,,"39359.14",,,,,,""
"2021-08-11","'31329LAU6'","MBS","UMBS MORTPASS 2.5% 03/27","15yr",,,,,"39317.26",,,,,,""
"2021-08-11","'3140HD3A0'","MBS","UMBS MORTPASS 3.5% 04/48","30yr",,,,,"39312.5",,,,,,""
"2021-08-11","'3128MFQR2'","MBS","FHLMCGLD 4% 12/28","15yr",,,,,"39304.03",,,,,,""
"2021-08-11","'36202DWT4'","MBS","GNMA II 4.5% 03/33","30yr",,,,,"39261.99",,,,,,""
"2021-08-11","'3138A6Y20'","MBS","UMBS MORTPASS 3.5% 01/26","15yr",,,,,"39223.01",,,,,,""
"2021-08-11","'3140EWEL5'","MBS","UMBS MORTPASS 3.5% 02/31","15yr",,,,,"39203.01",,,,,,""
"2021-08-11","'3128PRV48'","MBS","FHLMCGLD 4% 06/25","15yr",,,,,"39163.06",,,,,,""
"2021-08-11","'36176L5Q4'","MBS","GNMA I MORTPASS 4% 09/41","30yr",,,,,"39146.45",,,,,,""
"2021-08-11","'36291AQ69'","MBS","GNMA I MORTPASS 5% 09/33","30yr",,,,,"39110.23",,,,,,""
"2021-08-11","'3620A54C0'","MBS","GNMA I MORTPASS 4% 09/41","30yr",,,,,"39100.39",,,,,,""
"2021-08-11","'3138WJX29'","MBS","UMBS MORTPASS 3% 02/47","30yr",,,,,"39097.32",,,,,,""
"2021-08-11","'312938WU3'","MBS","FHLMCGLD 4.5% 01/40","30yr",,,,,"39055.6",,,,,,""
"2021-08-11","'3140GR3K8'","MBS","UMBS MORTPASS 3.5% 02/48","30yr",,,,,"39012.65",,,,,,""
"2021-08-11","'3138YYBN2'","MBS","UMBS MORTPASS 2.5% 07/30","15yr",,,,,"38974.52",,,,,,""
"2021-08-11","'3138Y5BJ4'","MBS","UMBS MORTPASS 4% 09/44","30yr",,,,,"38940.9",,,,,,""
"2021-08-11","'3138Y8N89'","MBS","UMBS MORTPASS 3% 12/44","30yr",,,,,"38932.21",,,,,,""
"2021-08-11","'31306YJD4'","MBS","FHLMCGLD 2.5% 11/22","15yr",,,,,"38902.29",,,,,,""
"2021-08-11","'3131X8YB6'","MBS","UMBS MORTPASS 2.5% 03/23","Other",,,,,"38865.42",,,,,,""
"2021-08-11","'3620AG2B0'","MBS","GNMA I MORTPASS 5% 03/40","30yr",,,,,"38851.42",,,,,,""
"2021-08-11","'3131YC6E1'","MBS","UMBS MORTPASS 4.5% 05/49","30yr",,,,,"38820.21",,,,,,""
"2021-08-11","'3138XMQC7'","MBS","UMBS MORTPASS 3.5% 03/29","15yr",,,,,"38813.4",,,,,,""
"2021-08-11","'3140KKHN7'","MBS","UMBS MORTPASS 2.5% 08/50","30yr",,,,,"38807.77",,,,,,""
"2021-08-11","'3128KKQX0'","MBS","FHLMCGLD 5.5% 01/37","30yr",,,,,"38799.4",,,,,,""
"2021-08-11","'3138W9ZZ6'","MBS","UMBS MORTPASS 3% 10/28","15yr",,,,,"38793.51",,,,,,""
"2021-08-11","'3138ATJJ0'","MBS","UMBS MORTPASS 3% 10/26","15yr",,,,,"38777.23",,,,,,""
"2021-08-11","'36213CZY9'","MBS","GNMA I 5.5% 12/35","30yr",,,,,"38765.59",,,,,,""
"2021-08-11","'36230MKE6'","MBS","GNMA I MORTPASS 4% 09/41","30yr",,,,,"38750.71",,,,,,""
"2021-08-11","'3620AHE33'","MBS","GNMA I MORTPASS 4% 12/39","30yr",,,,,"38748.88",,,,,,""
"2021-08-11","'3132GTA23'","MBS","FHLMCGLD 3.5% 04/42","30yr",,,,,"38709.68",,,,,,""
"2021-08-11","'3138LUNA9'","MBS","UMBS MORTPASS 2.5% 06/27","15yr",,,,,"38688.26",,,,,,""
"2021-08-11","'3138XU2X9'","MBS","UMBS MORTPASS 3.5% 05/29","15yr",,,,,"38665.1",,,,,,""
"2021-08-11","'3132A7WL1'","MBS","UMBS MORTPASS 2.5% 04/24","Other",,,,,"38622.44",,,,,,""
"2021-08-11","'3132JMGP8'","MBS","FHLMCGLD 3.5% 07/43","30yr",,,,,"38619.89",,,,,,""
"2021-08-11","'31307H5X1'","MBS","FHLMCGLD 2.5% 08/29","15yr",,,,,"38612.18",,,,,,""
"2021-08-11","'3138WJB23'","MBS","UMBS MORTPASS 4.5% 10/46","30yr",,,,,"38609.28",,,,,,""
"2021-08-11","'3138WXVB0'","MBS","UMBS MORTPASS 3% 06/23","Other",,,,,"38520.38",,,,,,""
"2021-08-11","'3140JR3Y5'","MBS","UMBS MORTPASS 3.5% 06/49","30yr",,,,,"38496.34",,,,,,""
"2021-08-11","'36295RWD6'","MBS","GNMA I 4.5% 11/39","30yr",,,,,"38473.41",,,,,,""
"2021-08-11","'3140JNW30'","MBS","UMBS MORTPASS 4.5% 05/49","30yr",,,,,"38427.02",,,,,,""
"2021-08-11","'3138NYHV0'","MBS","UMBS MORTPASS 2.5% 01/28","15yr",,,,,"38414.64",,,,,,""
"2021-08-11","'31410LEX6'","MBS","UMBS MORTPASS 3% 11/26","15yr",,,,,"38399.46",,,,,,""
"2021-08-11","'36296QYH6'","MBS","GNMA I MORTPASS 4% 05/39","30yr",,,,,"38337.22",,,,,,""
"2021-08-11","'31416NAU6'","MBS","UMBS MORTPASS 4% 03/24","15yr",,,,,"38331.84",,,,,,""
"2021-08-11","'31294MAK7'","MBS","FHLMCGLD 4% 08/25","15yr",,,,,"38316.42",,,,,,""
"2021-08-11","'31307RLW3'","MBS","FHLMCGLD 2% 08/31","15yr",,,,,"38298.65",,,,,,""
"2021-08-11","'36291XZ36'","MBS","GNMA I MORTPASS 4% 09/41","30yr",,,,,"38293.38",,,,,,""
"2021-08-11","'3132XXQJ1'","MBS","FHLMCGLD 4% 03/48","30yr",,,,,"38292.55",,,,,,""
"2021-08-11","'31418CNE0'","MBS","UMBS MORTPASS 4% 08/47","30yr",,,,,"38276.2",,,,,,""
"2021-08-11","'31417WRC7'","MBS","UMBS MORTPASS 4% 12/24","15yr",,,,,"38265.11",,,,,,""
"2021-08-11","'31415VHD0'","MBS","UMBS MORTPASS 5.5% 09/38","30yr",,,,,"38217.45",,,,,,""
"2021-08-11","'36181NPG3'","MBS","GNMA I MORTPASS 4% 10/43","30yr",,,,,"38206.53",,,,,,""
"2021-08-11","'3138ECGT4'","MBS","UMBS MORTPASS 3% 03/27","15yr",,,,,"38140.08",,,,,,""
"2021-08-11","'31292LK95'","MBS","FHLMCGLD 3.5% 05/42","30yr",,,,,"38099.07",,,,,,""
"2021-08-11","'3128MECV1'","MBS","FHLMCGLD 3% 02/30","15yr",,,,,"38096.7",,,,,,""
"2021-08-11","'3138YP2C5'","MBS","UMBS MORTPASS 4% 05/45","30yr",,,,,"38065.89",,,,,,""
"2021-08-11","'3132KFAB8'","MBS","FHLMCGLD 2.5% 08/30","15yr",,,,,"38041.94",,,,,,""
"2021-08-11","'31415PCB2'","MBS","UMBS MORTPASS 5% 06/38","30yr",,,,,"38031.48",,,,,,""
"2021-08-11","'3140HP2K2'","MBS","UMBS MORTPASS 4% 09/48","30yr",,,,,"38027.64",,,,,,""
"2021-08-11","'31415REW0'","MBS","UMBS MORTPASS 6.5% 07/38","30yr",,,,,"38017.53",,,,,,""
"2021-08-11","'36296BHG0'","MBS","GNMA I MORTPASS 6% 04/38","30yr",,,,,"38010.84",,,,,,""
"2021-08-11","'31307PVG1'","MBS","FHLMCGLD 3% 12/30","15yr",,,,,"37981",,,,,,""
"2021-08-11","'3138M6RD1'","MBS","UMBS MORTPASS 2.5% 07/27","15yr",,,,,"37949.51",,,,,,""
"2021-08-11","'3138EMJY8'","MBS","UMBS MORTPASS 4% 10/32","Other",,,,,"37936.88",,,,,,""
"2021-08-11","'3620AQT86'","MBS","GNMA I MORTPASS 4% 06/40","30yr",,,,,"37918.06",,,,,,""
"2021-08-11","'3138NYG66'","MBS","UMBS MORTPASS 3.5% 02/43","30yr",,,,,"37906.75",,,,,,""
"2021-08-11","'31371LXW4'","MBS","UMBS MORTPASS 5.5% 11/24","Other",,,,,"37893.54",,,,,,""
"2021-08-11","'3138YNDY0'","MBS","UMBS MORTPASS 4% 05/45","30yr",,,,,"37834.7",,,,,,""
"2021-08-11","'31371LM71'","MBS","UMBS MORTPASS 5.5% 04/24","Other",,,,,"37830.23",,,,,,""
"2021-08-11","'3138W5SK5'","MBS","UMBS MORTPASS 2.5% 02/28","15yr",,,,,"37813.14",,,,,,""
"2021-08-11","'31417GWY8'","MBS","UMBS MORTPASS 3% 06/43","30yr",,,,,"37808.71",,,,,,""
"2021-08-11","'3138WCFY4'","MBS","UMBS MORTPASS 3.5% 07/29","15yr",,,,,"37799.79",,,,,,""
"2021-08-11","'3138WABK2'","MBS","UMBS MORTPASS 2.5% 11/28","15yr",,,,,"37788.94",,,,,,""
"2021-08-11","'3140JN4Q0'","MBS","UMBS MORTPASS 3.5% 04/49","30yr",,,,,"37765.28",,,,,,""
"2021-08-11","'3138AYCZ0'","MBS","UMBS MORTPASS 3% 12/26","15yr",,,,,"37763.81",,,,,,""
"2021-08-11","'31307N5N0'","MBS","FHLMCGLD 3.5% 08/30","15yr",,,,,"37745.01",,,,,,""
"2021-08-11","'3128L5X97'","MBS","FHLMCGLD 5% 02/38","30yr",,,,,"37723.96",,,,,,""
"2021-08-11","'3138EMZA2'","MBS","UMBS MORTPASS 2.5% 01/24","Other",,,,,"37696.26",,,,,,""
"2021-08-11","'3132CWG24'","MBS","UMBS MORTPASS 3% 01/33","15yr",,,,,"37673.32",,,,,,""
"2021-08-11","'3620C5NE3'","MBS","GNMA I MORTPASS 4% 08/41","30yr",,,,,"37668.06",,,,,,""
"2021-08-11","'3128P7TX1'","MBS","FHLMCGLD 3% 07/32","Other",,,,,"37665.92",,,,,,""
"2021-08-11","'31419G6J8'","MBS","UMBS MORTPASS 3% 10/25","15yr",,,,,"37662.53",,,,,,""
"2021-08-11","'3128PNCA4'","MBS","FHLMCGLD 4% 06/24","15yr",,,,,"37661.39",,,,,,""
"2021-08-11","'3138W1LP0'","MBS","UMBS MORTPASS 2.5% 03/28","15yr",,,,,"37658.32",,,,,,""
"2021-08-11","'3138WKLG8'","MBS","UMBS MORTPASS 3% 03/32","15yr",,,,,"37648.38",,,,,,""
"2021-08-11","'36295AKF1'","MBS","GNMA I MORTPASS 5% 10/39","30yr",,,,,"37611.38",,,,,,""
"2021-08-11","'3620AGZW8'","MBS","GNMA I MORTPASS 5% 03/40","30yr",,,,,"37589.25",,,,,,""
"2021-08-11","'3133AC5F1'","MBS","UMBS MORTPASS 2% 12/50","30yr",,,,,"37575.13",,,,,,""
"2021-08-11","'3131XAK91'","MBS","UMBS MORTPASS 3% 05/29","15yr",,,,,"37573.25",,,,,,""
"2021-08-11","'3140FKU40'","MBS","UMBS MORTPASS 4% 12/46","30yr",,,,,"37546.34",,,,,,""
"2021-08-11","'31417VXA6'","MBS","UMBS MORTPASS 4% 12/24","15yr",,,,,"37453.18",,,,,,""
"2021-08-11","'36297HPJ1'","MBS","GNMA I 4.5% 05/39","30yr",,,,,"37427.52",,,,,,""
"2021-08-11","'36291BQW0'","MBS","GNMA I MORTPASS 5% 01/34","30yr",,,,,"37373.59",,,,,,""
"2021-08-11","'36177KV29'","MBS","GNMA I MORTPASS 4% 01/42","30yr",,,,,"37366.86",,,,,,""
"2021-08-11","'3138WW5K1'","MBS","UMBS MORTPASS 3% 06/28","15yr",,,,,"37360.91",,,,,,""
"2021-08-11","'3131XCET0'","MBS","UMBS MORTPASS 2.5% 09/31","15yr",,,,,"37358.31",,,,,,""
"2021-08-11","'3128PQBZ3'","MBS","FHLMCGLD 4.5% 10/24","15yr",,,,,"37349.59",,,,,,""
"2021-08-11","'36176RHJ4'","MBS","GNMA I 3.5% 09/41","30yr",,,,,"37312.81",,,,,,""
"2021-08-11","'3128PQG21'","MBS","FHLMCGLD 4% 10/24","15yr",,,,,"37296.54",,,,,,""
"2021-08-11","'3140QFBK4'","MBS","UMBS MORTPASS 2.5% 10/50","30yr",,,,,"37249.02",,,,,,""
"2021-08-11","'3140XAD74'","MBS","UMBS MORTPASS 2% 01/51","30yr",,,,,"37224.68",,,,,,""
"2021-08-11","'3140E0E76'","MBS","UMBS MORTPASS 4.5% 11/45","30yr",,,,,"37223.26",,,,,,""
"2021-08-11","'36296WTX4'","MBS","GNMA I MORTPASS 5% 07/39","30yr",,,,,"37209.63",,,,,,""
"2021-08-11","'3128PP3N1'","MBS","FHLMCGLD 4.5% 10/24","15yr",,,,,"37207.07",,,,,,""
"2021-08-11","'3132FCC37'","MBS","FHLMCGLD 4.5% 09/44","30yr",,,,,"37201.6",,,,,,""
"2021-08-11","'3128MMKR3'","MBS","FHLMCGLD 4.5% 03/24","15yr",,,,,"37188.39",,,,,,""
"2021-08-11","'3140KTER2'","MBS","UMBS MORTPASS 2.5% 11/50","30yr",,,,,"37172.49",,,,,,""
"2021-08-11","'31414MVP8'","MBS","UMBS MORTPASS 6.5% 10/38","30yr",,,,,"37141.55",,,,,,""
"2021-08-11","'36202DXR7'","MBS","GNMA II 4.5% 05/33","30yr",,,,,"37082.2",,,,,,""
"2021-08-11","'3140QB7B8'","MBS","UMBS MORTPASS 3% 08/34","15yr",,,,,"37005.61",,,,,,""
"2021-08-11","'3140EVTK3'","MBS","UMBS MORTPASS 4.5% 07/46","30yr",,,,,"36994.69",,,,,,""
"2021-08-11","'31307VXG6'","MBS","FHLMCGLD 3% 03/33","15yr",,,,,"36966.05",,,,,,""
"2021-08-11","'36202ES83'","MBS","GNMA II MORTPASS 5% 05/38","30yr",,,,,"36955.08",,,,,,""
"2021-08-11","'3131X8QA7'","MBS","UMBS MORTPASS 2.5% 02/28","15yr",,,,,"36947.01",,,,,,""
"2021-08-11","'312944PM7'","MBS","FHLMCGLD 4.5% 12/40","30yr",,,,,"36936.24",,,,,,""
"2021-08-11","'31417YEQ6'","MBS","UMBS MORTPASS 4% 08/29","Other",,,,,"36930.29",,,,,,""
"2021-08-11","'3138X3SW3'","MBS","UMBS MORTPASS 3% 08/28","15yr",,,,,"36913.23",,,,,,""
"2021-08-11","'36210BYH2'","MBS","GNMA I 5.5% 03/39","30yr",,,,,"36874.11",,,,,,""
"2021-08-11","'3138Y86U9'","MBS","UMBS MORTPASS 3% 12/29","15yr",,,,,"36873.84",,,,,,""
"2021-08-11","'312938WQ2'","MBS","FHLMCGLD 4% 01/40","30yr",,,,,"36872.48",,,,,,""
"2021-08-11","'31417FQT8'","MBS","UMBS MORTPASS 2% 03/23","Other",,,,,"36830.01",,,,,,""
"2021-08-11","'31306YAG6'","MBS","FHLMCGLD 3% 11/22","15yr",,,,,"36827.39",,,,,,""
"2021-08-11","'3131X8CY0'","MBS","UMBS MORTPASS 3% 11/22","Other",,,,,"36827.39",,,,,,""
"2021-08-11","'36294NY77'","MBS","GNMA I MORTPASS 5% 04/36","30yr",,,,,"36750.19",,,,,,""
"2021-08-11","'3138WGA61'","MBS","UMBS MORTPASS 3.5% 12/45","30yr",,,,,"36732.51",,,,,,""
"2021-08-11","'3138X6WU5'","MBS","UMBS MORTPASS 3% 10/28","15yr",,,,,"36700.68",,,,,,""
"2021-08-11","'31406FDB4'","MBS","UMBS MORTPASS 5% 02/35","30yr",,,,,"36664.74",,,,,,""
"2021-08-11","'36297GRK8'","MBS","GNMA I 3.5% 09/41","30yr",,,,,"36629.54",,,,,,""
"2021-08-11","'3138MKYG5'","MBS","UMBS MORTPASS 2.5% 11/27","15yr",,,,,"36629.15",,,,,,""
"2021-08-11","'3138LSTQ3'","MBS","UMBS MORTPASS 3% 05/22","Other",,,,,"36600.93",,,,,,""
"2021-08-11","'31335NCU2'","MBS","FHLMCGLD 3% 04/32","Other",,,,,"36558.03",,,,,,""
"2021-08-11","'3128PMKP4'","MBS","FHLMCGLD 4.5% 02/24","15yr",,,,,"36538.88",,,,,,""
"2021-08-11","'3138WFLK0'","MBS","UMBS MORTPASS 3% 09/30","15yr",,,,,"36536.69",,,,,,""
"2021-08-11","'36296QSH3'","MBS","GNMA I 4.5% 05/39","30yr",,,,,"36528.55",,,,,,""
"2021-08-11","'3138XYQJ6'","MBS","UMBS MORTPASS 3.5% 08/44","30yr",,,,,"36522.23",,,,,,""
"2021-08-11","'3138Y4WV7'","MBS","UMBS MORTPASS 2.5% 12/30","15yr",,,,,"36482.12",,,,,,""
"2021-08-11","'36297JCK8'","MBS","GNMA I MORTPASS 5% 04/39","30yr",,,,,"36465.98",,,,,,""
"2021-08-11","'3128MMVJ9'","MBS","FHLMCGLD 2% 09/31","15yr",,,,,"36447.48",,,,,,""
"2021-08-11","'3140EVLE5'","MBS","UMBS MORTPASS 2.5% 12/30","15yr",,,,,"36438.82",,,,,,""
"2021-08-11","'3140E2HF1'","MBS","UMBS MORTPASS 4% 10/45","30yr",,,,,"36437.89",,,,,,""
"2021-08-11","'3128MEXW6'","MBS","FHLMCGLD 3% 10/30","15yr",,,,,"36409.78",,,,,,""
"2021-08-11","'31418CGE8'","MBS","UMBS MORTPASS 3.5% 02/47","30yr",,,,,"36355.52",,,,,,""
"2021-08-11","'312939DG3'","MBS","FHLMCGLD 4.5% 02/40","30yr",,,,,"36348.19",,,,,,""
"2021-08-11","'3128LA3T5'","MBS","FHLMCGLD 6% 05/38","30yr",,,,,"36346.39",,,,,,""
"2021-08-11","'36297JKC7'","MBS","GNMA I 4.5% 04/39","30yr",,,,,"36327.11",,,,,,""
"2021-08-11","'3138WEGR4'","MBS","UMBS MORTPASS 3.5% 04/45","30yr",,,,,"36316.88",,,,,,""
"2021-08-11","'36296TYB3'","MBS","GNMA I MORTPASS 6% 12/38","30yr",,,,,"36298.24",,,,,,""
"2021-08-11","'3140K0YG7'","MBS","UMBS MORTPASS 3% 01/50","30yr",,,,,"36286.45",,,,,,""
"2021-08-11","'3128MMRY1'","MBS","FHLMCGLD 3% 02/29","15yr",,,,,"36277.22",,,,,,""
"2021-08-11","'36178RTM2'","MBS","GNMA I 3.5% 03/43","30yr",,,,,"36275.06",,,,,,""
"2021-08-11","'3620AGYZ2'","MBS","GNMA I MORTPASS 5% 03/40","30yr",,,,,"36272.68",,,,,,""
"2021-08-11","'3128MJK66'","MBS","FHLMCGLD 6.5% 01/39","30yr",,,,,"36252.62",,,,,,""
"2021-08-11","'3128PSET0'","MBS","FHLMCGLD 3.5% 08/25","15yr",,,,,"36242.71",,,,,,""
"2021-08-11","'3128MMLS0'","MBS","FHLMCGLD 4% 01/25","15yr",,,,,"36231.81",,,,,,""
"2021-08-11","'3140X42G0'","MBS","UMBS MORTPASS 3% 09/34","15yr",,,,,"36219.38",,,,,,""
"2021-08-11","'36295RNH7'","MBS","GNMA I 5.5% 02/39","30yr",,,,,"36213.19",,,,,,""
"2021-08-11","'36296XH56'","MBS","GNMA I 5.5% 12/38","30yr",,,,,"36179.99",,,,,,""
"2021-08-11","'3138WHJ29'","MBS","UMBS MORTPASS 2% 07/31","15yr",,,,,"36141.51",,,,,,""
"2021-08-11","'3138XJZ91'","MBS","UMBS MORTPASS 2% 05/30","15yr",,,,,"36119.39",,,,,,""
"2021-08-11","'3132A9LL9'","MBS","UMBS MORTPASS 3% 05/26","15yr",,,,,"36118.61",,,,,,""
"2021-08-11","'3138XCTC6'","MBS","UMBS MORTPASS 3% 10/28","15yr",,,,,"36098.55",,,,,,""
"2021-08-11","'36202EH28'","MBS","GNMA II 4.5% 05/36","30yr",,,,,"36048.41",,,,,,""
"2021-08-11","'36177QJJ3'","MBS","GNMA I 3.5% 06/42","30yr",,,,,"36018",,,,,,""
"2021-08-11","'3132A8HT9'","MBS","UMBS MORTPASS 2% 03/26","Other",,,,,"35977.22",,,,,,""
"2021-08-11","'312978TK5'","MBS","FHLMCGLD 5.5% 11/33","30yr",,,,,"35906.54",,,,,,""
"2021-08-11","'3140HPW60'","MBS","UMBS MORTPASS 4% 11/48","30yr",,,,,"35850.87",,,,,,""
"2021-08-11","'3132M9DD3'","MBS","FHLMCGLD 4% 09/44","30yr",,,,,"35850.05",,,,,,""
"2021-08-11","'36176ATB5'","MBS","GNMA I MORTPASS 4% 06/41","30yr",,,,,"35847.07",,,,,,""
"2021-08-11","'3131Y03K6'","MBS","UMBS MORTPASS 4% 04/48","30yr",,,,,"35821.05",,,,,,""
"2021-08-11","'3128P7P49'","MBS","FHLMCGLD 4% 11/30","Other",,,,,"35809.98",,,,,,""
"2021-08-11","'3132QTAQ9'","MBS","FHLMCGLD 4.5% 09/45","30yr",,,,,"35798.73",,,,,,""
"2021-08-11","'31307RDV4'","MBS","FHLMCGLD 3% 05/31","15yr",,,,,"35777.02",,,,,,""
"2021-08-11","'3128P7JE4'","MBS","FHLMCGLD 5% 02/28","Other",,,,,"35771.07",,,,,,""
"2021-08-11","'3140H6VG1'","MBS","UMBS MORTPASS 4% 12/47","30yr",,,,,"35758.85",,,,,,""
"2021-08-11","'36292FSX6'","MBS","GNMA I MORTPASS 5% 08/35","30yr",,,,,"35735.1",,,,,,""
"2021-08-11","'3128KUPN1'","MBS","FHLMCGLD 4.5% 08/37","30yr",,,,,"35724.53",,,,,,""
"2021-08-11","'3138YXLC7'","MBS","UMBS MORTPASS 3.5% 09/30","15yr",,,,,"35699",,,,,,""
"2021-08-11","'3140GVWA9'","MBS","UMBS MORTPASS 3.5% 08/47","30yr",,,,,"35694.43",,,,,,""
"2021-08-11","'36295QJS0'","MBS","GNMA I MORTPASS 5% 06/38","30yr",,,,,"35644.63",,,,,,""
"2021-08-11","'3133GAK47'","MBS","UMBS MORTPASS 1.5% 10/35","15yr",,,,,"35638.55",,,,,,""
"2021-08-11","'36202EL98'","MBS","GNMA II MORTPASS 5% 02/37","30yr",,,,,"35561.99",,,,,,""
"2021-08-11","'3133GAXF8'","MBS","UMBS MORTPASS 2% 11/35","15yr",,,,,"35558.61",,,,,,""
"2021-08-11","'3140KLN57'","MBS","UMBS MORTPASS 2% 08/50","30yr",,,,,"35558.48",,,,,,""
"2021-08-11","'36295PSA1'","MBS","GNMA I 4.5% 02/38","30yr",,,,,"35558.26",,,,,,""
"2021-08-11","'3140EBVZ1'","MBS","UMBS MORTPASS 3.5% 02/46","30yr",,,,,"35525.54",,,,,,""
"2021-08-11","'3140QBW53'","MBS","UMBS MORTPASS 3% 09/34","15yr",,,,,"35496.73",,,,,,""
"2021-08-11","'3620A9YX3'","MBS","GNMA I 4.5% 12/39","30yr",,,,,"35480.16",,,,,,""
"2021-08-11","'3128MJX47'","MBS","FHLMCGLD 3.5% 03/46","30yr",,,,,"35477.94",,,,,,""
"2021-08-11","'3620AG3E3'","MBS","GNMA I MORTPASS 5% 04/40","30yr",,,,,"35433.87",,,,,,""
"2021-08-11","'3138WFQ25'","MBS","UMBS MORTPASS 2.5% 09/30","15yr",,,,,"35426.33",,,,,,""
"2021-08-11","'3140KNKP2'","MBS","UMBS MORTPASS 2.5% 10/50","30yr",,,,,"35426.02",,,,,,""
"2021-08-11","'3128PMSW1'","MBS","FHLMCGLD 4% 04/24","15yr",,,,,"35422.71",,,,,,""
"2021-08-11","'3140FCTC2'","MBS","UMBS MORTPASS 3.5% 02/47","30yr",,,,,"35398.89",,,,,,""
"2021-08-11","'36209RYC1'","MBS","GNMA I MORTPASS 4% 10/41","30yr",,,,,"35388.89",,,,,,""
"2021-08-11","'31417KXM4'","MBS","UMBS MORTPASS 4.5% 07/24","15yr",,,,,"35345.36",,,,,,""
"2021-08-11","'31307MHJ8'","MBS","FHLMCGLD 2.5% 03/25","15yr",,,,,"35331.98",,,,,,""
"2021-08-11","'3131X9WF7'","MBS","UMBS MORTPASS 2.5% 09/28","15yr",,,,,"35298.54",,,,,,""
"2021-08-11","'36296FWM1'","MBS","GNMA I 5.5% 08/38","30yr",,,,,"35292.45",,,,,,""
"2021-08-11","'3138E5EC8'","MBS","UMBS MORTPASS 2.5% 01/27","15yr",,,,,"35262.51",,,,,,""
"2021-08-11","'36296TCV3'","MBS","GNMA I 5.5% 03/39","30yr",,,,,"35226.69",,,,,,""
"2021-08-11","'3128MDUF8'","MBS","FHLMCGLD 3.5% 10/23","15yr",,,,,"35210.03",,,,,,""
"2021-08-11","'36292NSG6'","MBS","GNMA I 5.5% 02/39","30yr",,,,,"35189.09",,,,,,""
"2021-08-11","'36178NF46'","MBS","GNMA I MORTPASS 4% 09/42","30yr",,,,,"35187.14",,,,,,""
"2021-08-11","'36201U6E9'","MBS","GNMA I MORTPASS 5% 07/33","30yr",,,,,"35167.13",,,,,,""
"2021-08-11","'36297GMS6'","MBS","GNMA I MORTPASS 4% 11/39","30yr",,,,,"35158.93",,,,,,""
"2021-08-11","'3132A5HB4'","MBS","UMBS MORTPASS 3.5% 07/47","30yr",,,,,"35136.37",,,,,,""
"2021-08-11","'3140X4QE9'","MBS","UMBS MORTPASS 3.5% 08/44","30yr",,,,,"35094.04",,,,,,""
"2021-08-11","'31410LR79'","MBS","UMBS MORTPASS 3% 02/31","15yr",,,,,"35090.69",,,,,,""
"2021-08-11","'31416XJT8'","MBS","UMBS MORTPASS 3.5% 01/41","30yr",,,,,"35089.04",,,,,,""
"2021-08-11","'3128MMTF0'","MBS","FHLMCGLD 2.5% 04/30","15yr",,,,,"35057.83",,,,,,""
"2021-08-11","'31417CRL1'","MBS","UMBS MORTPASS 3% 08/27","15yr",,,,,"34983.53",,,,,,""
"2021-08-11","'3138EEFK0'","MBS","UMBS MORTPASS 3% 04/27","15yr",,,,,"34981.5",,,,,,""
"2021-08-11","'3138WQS60'","MBS","UMBS MORTPASS 2.5% 06/28","15yr",,,,,"34949.25",,,,,,""
"2021-08-11","'31307RUQ6'","MBS","FHLMCGLD 2.5% 08/26","15yr",,,,,"34938.41",,,,,,""
"2021-08-11","'3128PMGP9'","MBS","FHLMCGLD 5% 01/24","15yr",,,,,"34935.26",,,,,,""
"2021-08-11","'31417MTF0'","MBS","UMBS MORTPASS 4% 09/39","30yr",,,,,"34918.83",,,,,,""
"2021-08-11","'36178QN32'","MBS","GNMA I MORTPASS 3% 06/43","30yr",,,,,"34862.91",,,,,,""
"2021-08-11","'31417YN52'","MBS","UMBS MORTPASS 4% 05/30","Other",,,,,"34806.49",,,,,,""
"2021-08-11","'31418AAK4'","MBS","UMBS MORTPASS 3% 11/21","Other",,,,,"34786.88",,,,,,""
"2021-08-11","'3138WF2G0'","MBS","UMBS MORTPASS 3.5% 11/30","15yr",,,,,"34763.62",,,,,,""
"2021-08-11","'3138E1BZ9'","MBS","UMBS MORTPASS 3% 12/26","15yr",,,,,"34758.3",,,,,,""
"2021-08-11","'3138WFZF6'","MBS","UMBS MORTPASS 2.5% 11/30","15yr",,,,,"34736.62",,,,,,""
"2021-08-11","'36297DH59'","MBS","GNMA I 5.5% 04/39","30yr",,,,,"34687.46",,,,,,""
"2021-08-11","'31412PC33'","MBS","UMBS MORTPASS 5% 08/35","30yr",,,,,"34670.48",,,,,,""
"2021-08-11","'31417CR56'","MBS","UMBS MORTPASS 3% 08/27","15yr",,,,,"34636.67",,,,,,""
"2021-08-11","'36201FBK2'","MBS","GNMA I MORTPASS 5% 07/33","30yr",,,,,"34621.01",,,,,,""
"2021-08-11","'3138YGL75'","MBS","UMBS MORTPASS 2.5% 07/22","Other",,,,,"34616.62",,,,,,""
"2021-08-11","'3128PQGY1'","MBS","FHLMCGLD 5% 11/24","15yr",,,,,"34609.05",,,,,,""
"2021-08-11","'36296MDT2'","MBS","GNMA I MORTPASS 4% 02/39","30yr",,,,,"34569.82",,,,,,""
"2021-08-11","'3131Y0SH6'","MBS","UMBS MORTPASS 3.5% 03/48","30yr",,,,,"34467.3",,,,,,""
"2021-08-11","'3128E4NY4'","MBS","FHLMCGLD 5% 03/28","Other",,,,,"34457.05",,,,,,""
"2021-08-11","'36291SQ45'","MBS","GNMA I MORTPASS 5% 12/34","30yr",,,,,"34437.21",,,,,,""
"2021-08-11","'31307VR81'","MBS","FHLMCGLD 3% 02/33","15yr",,,,,"34413.05",,,,,,""
"2021-08-11","'31416TRB7'","MBS","UMBS MORTPASS 4.5% 06/39","30yr",,,,,"34402.63",,,,,,""
"2021-08-11","'3138WFHA7'","MBS","UMBS MORTPASS 3% 08/30","15yr",,,,,"34327.14",,,,,,""
"2021-08-11","'36296YSJ2'","MBS","GNMA I MORTPASS 5% 03/39","30yr",,,,,"34309.2",,,,,,""
"2021-08-11","'36290RU43'","MBS","GNMA I 4.5% 08/33","30yr",,,,,"34305.07",,,,,,""
"2021-08-11","'31329JQW0'","MBS","UMBS MORTPASS 4% 12/43","30yr",,,,,"34304.14",,,,,,""
"2021-08-11","'3138XMKM1'","MBS","UMBS MORTPASS 3.5% 02/29","15yr",,,,,"34301.39",,,,,,""
"2021-08-11","'31417G4B9'","MBS","UMBS MORTPASS 2.5% 07/28","15yr",,,,,"34280.2",,,,,,""
"2021-08-11","'31418AB98'","MBS","UMBS MORTPASS 2.5% 01/22","Other",,,,,"34259.48",,,,,,""
"2021-08-11","'3128P7H48'","MBS","FHLMCGLD 5% 12/27","Other",,,,,"34180.68",,,,,,""
"2021-08-11","'31416L4Q6'","MBS","UMBS MORTPASS 4.5% 02/24","15yr",,,,,"34151.39",,,,,,""
"2021-08-11","'3140FSAC7'","MBS","UMBS MORTPASS 3% 08/32","15yr",,,,,"34129.14",,,,,,""
"2021-08-11","'36295CLG4'","MBS","GNMA I 3.5% 06/42","30yr",,,,,"34102.4",,,,,,""
"2021-08-11","'3620AL4K7'","MBS","GNMA I MORTPASS 4% 12/40","30yr",,,,,"34089.24",,,,,,""
"2021-08-11","'3140HHEE1'","MBS","UMBS MORTPASS 3% 04/48","30yr",,,,,"34083.57",,,,,,""
"2021-08-11","'3140JHJR5'","MBS","UMBS MORTPASS 4.5% 11/48","30yr",,,,,"34081.38",,,,,,""
"2021-08-11","'3138EQVV1'","MBS","UMBS MORTPASS 3.5% 12/45","30yr",,,,,"34074.82",,,,,,""
"2021-08-11","'31418P6Y6'","MBS","UMBS MORTPASS 4.5% 04/25","15yr",,,,,"34062.02",,,,,,""
"2021-08-11","'31418CLY8'","MBS","UMBS MORTPASS 2.5% 06/32","15yr",,,,,"34046.1",,,,,,""
"2021-08-11","'3138WCPN7'","MBS","UMBS MORTPASS 3.5% 08/29","15yr",,,,,"34040.29",,,,,,""
"2021-08-11","'3132QTW69'","MBS","FHLMCGLD 3.5% 10/45","30yr",,,,,"34009.7",,,,,,""
"2021-08-11","'3128MEK91'","MBS","FHLMCGLD 3% 07/30","15yr",,,,,"33996.62",,,,,,""
"2021-08-11","'3128PT7F6'","MBS","FHLMCGLD 4% 02/26","15yr",,,,,"33989.02",,,,,,""
"2021-08-11","'3128PMSY7'","MBS","FHLMCGLD 4% 04/24","15yr",,,,,"33970.62",,,,,,""
"2021-08-11","'3138EPQP2'","MBS","UMBS MORTPASS 3% 05/30","15yr",,,,,"33950.04",,,,,,""
"2021-08-11","'3132WJEV9'","MBS","FHLMCGLD 3% 12/46","30yr",,,,,"33931.78",,,,,,""
"2021-08-11","'3138WQPE6'","MBS","UMBS MORTPASS 2.5% 04/28","15yr",,,,,"33918.05",,,,,,""
"2021-08-11","'36211A2R6'","MBS","GNMA I MORTPASS 4% 06/41","30yr",,,,,"33910.7",,,,,,""
"2021-08-11","'3140JKZL3'","MBS","UMBS MORTPASS 4% 01/49","30yr",,,,,"33906.45",,,,,,""
"2021-08-11","'36291FFA1'","MBS","GNMA I MORTPASS 5% 03/34","30yr",,,,,"33869.93",,,,,,""
"2021-08-11","'3128MBS81'","MBS","FHLMCGLD 5.5% 02/23","15yr",,,,,"33868.08",,,,,,""
"2021-08-11","'3140X5ZQ9'","MBS","UMBS MORTPASS 2.5% 07/33","15yr",,,,,"33866.31",,,,,,""
"2021-08-11","'36292FWA1'","MBS","GNMA I MORTPASS 5% 10/35","30yr",,,,,"33839.91",,,,,,""
"2021-08-11","'3138YTMZ4'","MBS","UMBS MORTPASS 3% 08/30","15yr",,,,,"33826.5",,,,,,""
"2021-08-11","'3140H2ZA9'","MBS","UMBS MORTPASS 3.5% 11/47","30yr",,,,,"33825.89",,,,,,""
"2021-08-11","'3138X2TZ7'","MBS","UMBS MORTPASS 3.5% 08/43","30yr",,,,,"33813.26",,,,,,""
"2021-08-11","'3140Q8YR0'","MBS","UMBS MORTPASS 2.5% 03/33","15yr",,,,,"33799.73",,,,,,""
"2021-08-11","'3138NXKJ5'","MBS","UMBS MORTPASS 3% 01/43","30yr",,,,,"33729.47",,,,,,""
"2021-08-11","'3132D54F6'","MBS","UMBS MORTPASS 3.5% 12/34","15yr",,,,,"33722.49",,,,,,""
"2021-08-11","'31335HX81'","MBS","FHLMCGLD 4% 07/23","Other",,,,,"33718.91",,,,,,""
"2021-08-11","'3620A85M1'","MBS","GNMA I MORTPASS 5% 08/39","30yr",,,,,"33713.1",,,,,,""
"2021-08-11","'31417G3L8'","MBS","UMBS MORTPASS 2.5% 07/23","Other",,,,,"33690.5",,,,,,""
"2021-08-11","'31413DUF2'","MBS","UMBS MORTPASS 5.5% 08/37","30yr",,,,,"33682.39",,,,,,""
"2021-08-11","'31417ED40'","MBS","UMBS MORTPASS 2.5% 12/22","Other",,,,,"33637.34",,,,,,""
"2021-08-11","'3128PMRD4'","MBS","FHLMCGLD 4.5% 04/24","15yr",,,,,"33602.25",,,,,,""
"2021-08-11","'3138EN3M9'","MBS","UMBS MORTPASS 3.5% 07/28","15yr",,,,,"33595.83",,,,,,""
"2021-08-11","'36230MGN1'","MBS","GNMA I MORTPASS 4% 02/41","30yr",,,,,"33580.29",,,,,,""
"2021-08-11","'36295WA31'","MBS","GNMA I 4.5% 03/38","30yr",,,,,"33569.74",,,,,,""
"2021-08-11","'3132HQBB7'","MBS","FHLMCGLD 3% 11/42","30yr",,,,,"33540.01",,,,,,""
"2021-08-11","'31418S2Y4'","MBS","UMBS MORTPASS 5.5% 04/40","30yr",,,,,"33524.57",,,,,,""
"2021-08-11","'36297ERP2'","MBS","GNMA I 5.5% 09/39","30yr",,,,,"33511.56",,,,,,""
"2021-08-11","'3138W5GP7'","MBS","UMBS MORTPASS 4% 06/43","30yr",,,,,"33509.83",,,,,,""
"2021-08-11","'36178QLJ9'","MBS","GNMA I 3.5% 03/43","30yr",,,,,"33488.88",,,,,,""
"2021-08-11","'3138WEMN6'","MBS","UMBS MORTPASS 2.5% 05/30","15yr",,,,,"33486.96",,,,,,""
"2021-08-11","'3138XYH56'","MBS","UMBS MORTPASS 3% 09/29","15yr",,,,,"33481.06",,,,,,""
"2021-08-11","'31335H2L6'","MBS","FHLMCGLD 5% 01/24","Other",,,,,"33429.32",,,,,,""
"2021-08-11","'3140JMAQ5'","MBS","UMBS MORTPASS 4% 01/49","30yr",,,,,"33425.51",,,,,,""
"2021-08-11","'3132QUZT3'","MBS","FHLMCGLD 3.5% 12/45","30yr",,,,,"33417.1",,,,,,""
"2021-08-11","'31371LDV8'","MBS","UMBS MORTPASS 5.5% 09/23","Other",,,,,"33375.26",,,,,,""
"2021-08-11","'31414EXB5'","MBS","UMBS MORTPASS 6% 07/38","30yr",,,,,"33360.3",,,,,,""
"2021-08-11","'3620ADBT8'","MBS","GNMA I MORTPASS 5% 10/39","30yr",,,,,"33358.86",,,,,,""
"2021-08-11","'36230MKC0'","MBS","GNMA I MORTPASS 4% 08/41","30yr",,,,,"33358.51",,,,,,""
"2021-08-11","'36297DBB2'","MBS","GNMA I MORTPASS 5% 04/39","30yr",,,,,"33343.21",,,,,,""
"2021-08-11","'31371LHF9'","MBS","UMBS MORTPASS 5.5% 12/23","Other",,,,,"33341.86",,,,,,""
"2021-08-11","'36297CXU8'","MBS","GNMA I 4.5% 02/39","30yr",,,,,"33339.96",,,,,,""
"2021-08-11","'3138AYDT3'","MBS","UMBS MORTPASS 3.5% 11/26","15yr",,,,,"33293.57",,,,,,""
"2021-08-11","'36295SFA9'","MBS","GNMA I 5.5% 06/38","30yr",,,,,"33281.41",,,,,,""
"2021-08-11","'3138WNZ93'","MBS","UMBS MORTPASS 2.5% 04/28","15yr",,,,,"33279.96",,,,,,""
"2021-08-11","'312939MQ1'","MBS","FHLMCGLD 4.5% 02/40","30yr",,,,,"33240.16",,,,,,""
"2021-08-11","'31307M2M7'","MBS","FHLMCGLD 2.5% 05/30","15yr",,,,,"33177.45",,,,,,""
"2021-08-11","'3620A35G5'","MBS","GNMA I MORTPASS 5% 11/39","30yr",,,,,"33147.95",,,,,,""
"2021-08-11","'3138WCLM3'","MBS","UMBS MORTPASS 3.5% 08/44","30yr",,,,,"33099.1",,,,,,""
"2021-08-11","'36178WLC1'","MBS","GNMA I 3.5% 09/42","30yr",,,,,"33081.19",,,,,,""
"2021-08-11","'3138XZG39'","MBS","UMBS MORTPASS 3.5% 08/44","30yr",,,,,"33076.37",,,,,,""
"2021-08-11","'3131XYQ36'","MBS","UMBS MORTPASS 4% 12/47","30yr",,,,,"33072.8",,,,,,""
"2021-08-11","'3128PQZX2'","MBS","FHLMCGLD 4% 02/25","15yr",,,,,"33048.79",,,,,,""
"2021-08-11","'3128KXWK3'","MBS","FHLMCGLD 6% 10/37","30yr",,,,,"32985.79",,,,,,""
"2021-08-11","'36297HWZ7'","MBS","GNMA I MORTPASS 5% 05/39","30yr",,,,,"32968.06",,,,,,""
"2021-08-11","'3140KGYL1'","MBS","UMBS MORTPASS 2.5% 07/50","30yr",,,,,"32943.33",,,,,,""
"2021-08-11","'36180UE88'","MBS","GNMA I MORTPASS 3% 05/43","30yr",,,,,"32929.97",,,,,,""
"2021-08-11","'3128M6NU8'","MBS","FHLMCGLD 5.5% 12/37","30yr",,,,,"32918.68",,,,,,""
"2021-08-11","'3138X9M22'","MBS","UMBS MORTPASS 3.5% 11/23","Other",,,,,"32895.44",,,,,,""
"2021-08-11","'36202WD22'","MBS","GNMA I MORTPASS 5% 07/33","30yr",,,,,"32838.78",,,,,,""
"2021-08-11","'3138ASXQ0'","MBS","UMBS MORTPASS 3% 10/26","15yr",,,,,"32794.23",,,,,,""
"2021-08-11","'3620A5CH0'","MBS","GNMA I MORTPASS 5% 05/39","30yr",,,,,"32770.47",,,,,,""
"2021-08-11","'31418CS96'","MBS","UMBS MORTPASS 3.5% 01/38","Other",,,,,"32758.96",,,,,,""
"2021-08-11","'3140X47B6'","MBS","UMBS MORTPASS 3% 11/49","30yr",,,,,"32737.38",,,,,,""
"2021-08-11","'31415VV77'","MBS","UMBS MORTPASS 5.5% 09/38","30yr",,,,,"32699.3",,,,,,""
"2021-08-11","'3138WF6E1'","MBS","UMBS MORTPASS 2.5% 12/30","15yr",,,,,"32682.63",,,,,,""
"2021-08-11","'31417DFR9'","MBS","UMBS MORTPASS 2% 10/27","15yr",,,,,"32675.29",,,,,,""
"2021-08-11","'36297CYG8'","MBS","GNMA I MORTPASS 5% 02/39","30yr",,,,,"32653.67",,,,,,""
"2021-08-11","'3132JAWQ4'","MBS","FHLMCGLD 4% 06/43","30yr",,,,,"32647.67",,,,,,""
"2021-08-11","'3131X75U8'","MBS","UMBS MORTPASS 2.5% 09/27","15yr",,,,,"32638.85",,,,,,""
"2021-08-11","'31414REB7'","MBS","UMBS MORTPASS 5.5% 01/39","30yr",,,,,"32637.67",,,,,,""
"2021-08-11","'31413BGT2'","MBS","UMBS MORTPASS 5% 06/37","30yr",,,,,"32614.2",,,,,,""
"2021-08-11","'31416HVX0'","MBS","UMBS MORTPASS 4% 04/24","15yr",,,,,"32565.77",,,,,,""
"2021-08-11","'36202EUR8'","MBS","GNMA II 4.5% 07/38","30yr",,,,,"32549.33",,,,,,""
"2021-08-11","'3140EUE70'","MBS","UMBS MORTPASS 3.5% 01/46","30yr",,,,,"32527.51",,,,,,""
"2021-08-11","'36202DX55'","MBS","GNMA II MORTPASS 4% 05/33","30yr",,,,,"32501.26",,,,,,""
"2021-08-11","'3132D55P3'","MBS","UMBS MORTPASS 3% 07/35","15yr",,,,,"32488.74",,,,,,""
"2021-08-11","'3138ELYP2'","MBS","UMBS MORTPASS 3% 11/28","15yr",,,,,"32484.12",,,,,,""
"2021-08-11","'36290SMQ1'","MBS","GNMA I MORTPASS 5% 11/33","30yr",,,,,"32475.94",,,,,,""
"2021-08-11","'3132QT5Z5'","MBS","FHLMCGLD 3.5% 11/45","30yr",,,,,"32453.86",,,,,,""
"2021-08-11","'36297CWR6'","MBS","GNMA I MORTPASS 5% 01/39","30yr",,,,,"32450.76",,,,,,""
"2021-08-11","'3138WBXQ3'","MBS","UMBS MORTPASS 4% 05/44","30yr",,,,,"32444.44",,,,,,""
"2021-08-11","'3138M8YB3'","MBS","UMBS MORTPASS 2.5% 09/27","15yr",,,,,"32421.63",,,,,,""
"2021-08-11","'3138XF6K6'","MBS","UMBS MORTPASS 2.5% 06/22","Other",,,,,"32397.72",,,,,,""
"2021-08-11","'3131X9P57'","MBS","UMBS MORTPASS 3% 08/28","15yr",,,,,"32358.64",,,,,,""
"2021-08-11","'36241L2A3'","MBS","GNMA II 4.5% 10/41","30yr",,,,,"32326.25",,,,,,""
"2021-08-11","'3140HLG91'","MBS","UMBS MORTPASS 4.5% 06/48","30yr",,,,,"32289.41",,,,,,""
"2021-08-11","'31417W3R0'","MBS","UMBS MORTPASS 4.5% 02/25","15yr",,,,,"32272.27",,,,,,""
"2021-08-11","'3138XJJX6'","MBS","UMBS MORTPASS 4% 03/44","30yr",,,,,"32247.68",,,,,,""
"2021-08-11","'3128MEE31'","MBS","FHLMCGLD 2.5% 05/30","15yr",,,,,"32215.09",,,,,,""
"2021-08-11","'3620A4YT3'","MBS","GNMA I 4.5% 10/39","30yr",,,,,"32179.98",,,,,,""
"2021-08-11","'36296TC76'","MBS","GNMA I MORTPASS 5% 03/39","30yr",,,,,"32162.06",,,,,,""
"2021-08-11","'31412UUN8'","MBS","UMBS MORTPASS 4% 07/32","30yr",,,,,"32133.83",,,,,,""
"2021-08-11","'31408CXK7'","MBS","UMBS MORTPASS 5% 11/35","30yr",,,,,"32125.03",,,,,,""
"2021-08-11","'3140HJR29'","MBS","UMBS MORTPASS 3.5% 06/48","30yr",,,,,"32113.64",,,,,,""
"2021-08-11","'36290NA44'","MBS","GNMA I MORTPASS 5% 08/33","30yr",,,,,"32107.67",,,,,,""
"2021-08-11","'36180DSS7'","MBS","GNMA I 3.5% 04/43","30yr",,,,,"32088.15",,,,,,""
"2021-08-11","'3140JR4J7'","MBS","UMBS MORTPASS 4.5% 06/49","30yr",,,,,"32074.64",,,,,,""
"2021-08-11","'31306YZD6'","MBS","FHLMCGLD 2.5% 12/22","15yr",,,,,"32065.43",,,,,,""
"2021-08-11","'3140HN5B4'","MBS","UMBS MORTPASS 4.5% 08/48","30yr",,,,,"32047.8",,,,,,""
"2021-08-11","'3620A7BJ3'","MBS","GNMA I MORTPASS 5% 12/39","30yr",,,,,"32021.34",,,,,,""
"2021-08-11","'3138YPAC6'","MBS","UMBS MORTPASS 3% 04/45","30yr",,,,,"31984.45",,,,,,""
"2021-08-11","'31417GY67'","MBS","UMBS MORTPASS 2.5% 06/28","15yr",,,,,"31914.9",,,,,,""
"2021-08-11","'3620A9S28'","MBS","GNMA I 4.5% 09/39","30yr",,,,,"31872.65",,,,,,""
"2021-08-11","'3128PW2F4'","MBS","FHLMCGLD 3% 11/26","15yr",,,,,"31843.52",,,,,,""
"2021-08-11","'3138Y2M91'","MBS","UMBS MORTPASS 3.5% 08/29","15yr",,,,,"31827.17",,,,,,""
"2021-08-11","'3128MDXD0'","MBS","FHLMCGLD 3% 11/23","15yr",,,,,"31812.49",,,,,,""
"2021-08-11","'36294SXH5'","MBS","GNMA I 5.5% 04/37","30yr",,,,,"31794.57",,,,,,""
"2021-08-11","'3132QVM32'","MBS","FHLMCGLD 4.5% 01/46","30yr",,,,,"31757.45",,,,,,""
"2021-08-11","'3138WDJ85'","MBS","UMBS MORTPASS 2.5% 11/24","Other",,,,,"31720.57",,,,,,""
"2021-08-11","'36176PR24'","MBS","GNMA I 3.5% 12/41","30yr",,,,,"31708.92",,,,,,""
"2021-08-11","'3128PX7L4'","MBS","FHLMCGLD 3% 03/27","15yr",,,,,"31693.8",,,,,,""
"2021-08-11","'3138A36R3'","MBS","UMBS MORTPASS 3.5% 12/25","15yr",,,,,"31675.03",,,,,,""
"2021-08-11","'3138W6VG8'","MBS","UMBS MORTPASS 2.5% 04/28","15yr",,,,,"31647.42",,,,,,""
"2021-08-11","'3620AATP3'","MBS","GNMA I 4.5% 09/39","30yr",,,,,"31641.67",,,,,,""
"2021-08-11","'31418BX84'","MBS","UMBS MORTPASS 3.5% 12/25","Other",,,,,"31622",,,,,,""
"2021-08-11","'3138ETN51'","MBS","UMBS MORTPASS 3.5% 05/31","15yr",,,,,"31563.88",,,,,,""
"2021-08-11","'3140GXCH2'","MBS","UMBS MORTPASS 4.5% 08/47","30yr",,,,,"31552.27",,,,,,""
"2021-08-11","'312930NP1'","MBS","FHLMCGLD 6% 01/39","30yr",,,,,"31536.01",,,,,,""
"2021-08-11","'3620A5Y78'","MBS","GNMA I 5.5% 09/39","30yr",,,,,"31475.46",,,,,,""
"2021-08-11","'3128MFBJ6'","MBS","FHLMCGLD 3.5% 04/27","15yr",,,,,"31474.63",,,,,,""
"2021-08-11","'31417Y5S2'","MBS","UMBS MORTPASS 3% 09/26","15yr",,,,,"31442.44",,,,,,""
"2021-08-11","'31418AKY3'","MBS","UMBS MORTPASS 2.5% 10/27","15yr",,,,,"31415.92",,,,,,""
"2021-08-11","'3138WHSK9'","MBS","UMBS MORTPASS 3.5% 08/31","15yr",,,,,"31370.83",,,,,,""
"2021-08-11","'3140HARY8'","MBS","UMBS MORTPASS 3% 04/33","15yr",,,,,"31331.17",,,,,,""
"2021-08-11","'3138WN6S3'","MBS","UMBS MORTPASS 3.5% 04/28","15yr",,,,,"31308.49",,,,,,""
"2021-08-11","'3128MDQB2'","MBS","FHLMCGLD 3.5% 05/28","15yr",,,,,"31301.53",,,,,,""
"2021-08-11","'3131Y1E63'","MBS","UMBS MORTPASS 3.5% 05/48","30yr",,,,,"31287.33",,,,,,""
"2021-08-11","'36297KR29'","MBS","GNMA I MORTPASS 5% 07/39","30yr",,,,,"31261.44",,,,,,""
"2021-08-11","'3140K2BU7'","MBS","UMBS MORTPASS 3% 12/49","30yr",,,,,"31248.3",,,,,,""
"2021-08-11","'3620ARHJ3'","MBS","GNMA I MORTPASS 4% 09/40","30yr",,,,,"31235.74",,,,,,""
"2021-08-11","'31329LBD3'","MBS","UMBS MORTPASS 3% 04/27","15yr",,,,,"31217.94",,,,,,""
"2021-08-11","'3140J8ZE6'","MBS","UMBS MORTPASS 3% 03/47","30yr",,,,,"31210",,,,,,""
"2021-08-11","'31296J5M4'","MBS","FHLMCGLD 5% 07/33","30yr",,,,,"31202.65",,,,,,""
"2021-08-11","'3128PQVF5'","MBS","FHLMCGLD 4.5% 01/25","15yr",,,,,"31199.53",,,,,,""
"2021-08-11","'3138WCPB3'","MBS","UMBS MORTPASS 3% 08/29","15yr",,,,,"31192.29",,,,,,""
"2021-08-11","'3128PML73'","MBS","FHLMCGLD 5.5% 02/24","15yr",,,,,"31189.24",,,,,,""
"2021-08-11","'3140X4US3'","MBS","UMBS MORTPASS 3% 11/33","15yr",,,,,"31152.93",,,,,,""
"2021-08-11","'36295WET0'","MBS","GNMA I MORTPASS 5% 11/39","30yr",,,,,"31148.22",,,,,,""
"2021-08-11","'3128MFDL9'","MBS","FHLMCGLD 3.5% 07/32","15yr",,,,,"31131.08",,,,,,""
"2021-08-11","'3128PWVV7'","MBS","FHLMCGLD 3% 10/21","15yr",,,,,"31118.7",,,,,,""
"2021-08-11","'36297A7L1'","MBS","GNMA I 4.5% 05/39","30yr",,,,,"31048.67",,,,,,""
"2021-08-11","'3131XAJB8'","MBS","UMBS MORTPASS 3% 03/29","15yr",,,,,"31028.89",,,,,,""
"2021-08-11","'3128E4YG1'","MBS","FHLMCGLD 5% 07/28","Other",,,,,"30988",,,,,,""
"2021-08-11","'31417DK77'","MBS","UMBS MORTPASS 3.5% 10/42","30yr",,,,,"30987.04",,,,,,""
"2021-08-11","'312939TV3'","MBS","FHLMCGLD 4.5% 03/40","30yr",,,,,"30986.1",,,,,,""
"2021-08-11","'3132JM7L7'","MBS","FHLMCGLD 4.5% 08/43","30yr",,,,,"30974.81",,,,,,""
"2021-08-11","'3133G64X0'","MBS","UMBS MORTPASS 2% 10/34","15yr",,,,,"30964.01",,,,,,""
"2021-08-11","'3620C66X8'","MBS","GNMA I MORTPASS 4% 09/41","30yr",,,,,"30915.14",,,,,,""
"2021-08-11","'36202D2T7'","MBS","GNMA II 4.5% 12/33","30yr",,,,,"30905.99",,,,,,""
"2021-08-11","'3131XBUE7'","MBS","UMBS MORTPASS 3% 09/29","15yr",,,,,"30903.34",,,,,,""
"2021-08-11","'3140HA5K2'","MBS","UMBS MORTPASS 3.5% 02/33","15yr",,,,,"30867.51",,,,,,""
"2021-08-11","'3140HFFE4'","MBS","UMBS MORTPASS 4% 03/48","30yr",,,,,"30841.16",,,,,,""
"2021-08-11","'3620C5GJ0'","MBS","GNMA I MORTPASS 4% 07/41","30yr",,,,,"30824.61",,,,,,""
"2021-08-11","'3138ER2E9'","MBS","UMBS MORTPASS 3% 09/26","Other",,,,,"30773.39",,,,,,""
"2021-08-11","'3131XDFL4'","MBS","UMBS MORTPASS 2.5% 12/32","15yr",,,,,"30760.6",,,,,,""
"2021-08-11","'3140J7X91'","MBS","UMBS MORTPASS 2.5% 02/30","15yr",,,,,"30741.95",,,,,,""
"2021-08-11","'36295UAC5'","MBS","GNMA I 5.5% 12/39","30yr",,,,,"30725",,,,,,""
"2021-08-11","'31415LSP3'","MBS","UMBS MORTPASS 5% 05/38","30yr",,,,,"30718.31",,,,,,""
"2021-08-11","'3140F46J0'","MBS","UMBS MORTPASS 3% 07/46","30yr",,,,,"30713.75",,,,,,""
"2021-08-11","'3140F3QK7'","MBS","UMBS MORTPASS 3% 04/31","15yr",,,,,"30667.89",,,,,,""
"2021-08-11","'3140X6DY4'","MBS","UMBS MORTPASS 3% 04/35","15yr",,,,,"30660.47",,,,,,""
"2021-08-11","'3138XZMN8'","MBS","UMBS MORTPASS 2.5% 02/30","15yr",,,,,"30652.36",,,,,,""
"2021-08-11","'3128LCS31'","MBS","FHLMCGLD 6% 06/38","30yr",,,,,"30646.92",,,,,,""
"2021-08-11","'3620C6YY5'","MBS","GNMA I 3.5% 12/40","30yr",,,,,"30596.62",,,,,,""
"2021-08-11","'3138NW3E7'","MBS","UMBS MORTPASS 2.5% 01/43","30yr",,,,,"30591.84",,,,,,""
"2021-08-11","'31371PC99'","MBS","UMBS MORTPASS 5.5% 02/29","Other",,,,,"30555.26",,,,,,""
"2021-08-11","'3140JV6C1'","MBS","UMBS MORTPASS 4.5% 07/49","30yr",,,,,"30507.1",,,,,,""
"2021-08-11","'36200Q3U6'","MBS","GNMA I 4.5% 09/35","30yr",,,,,"30494.07",,,,,,""
"2021-08-11","'36295UAJ0'","MBS","GNMA I MORTPASS 5% 01/40","30yr",,,,,"30468.9",,,,,,""
"2021-08-11","'31418BYG5'","MBS","UMBS MORTPASS 2.5% 01/31","15yr",,,,,"30466.31",,,,,,""
"2021-08-11","'3128M5B33'","MBS","FHLMCGLD 5.5% 08/37","30yr",,,,,"30457.89",,,,,,""
"2021-08-11","'31414T3Z2'","MBS","UMBS MORTPASS 6% 04/38","30yr",,,,,"30454.12",,,,,,""
"2021-08-11","'31371NXK6'","MBS","UMBS MORTPASS 5.5% 07/28","Other",,,,,"30453.48",,,,,,""
"2021-08-11","'3138MCMN1'","MBS","UMBS MORTPASS 2% 11/22","Other",,,,,"30450.01",,,,,,""
"2021-08-11","'36296PMD0'","MBS","GNMA I 5.5% 01/39","30yr",,,,,"30447.39",,,,,,""
"2021-08-11","'36290WZM7'","MBS","GNMA I MORTPASS 5% 05/34","30yr",,,,,"30369.17",,,,,,""
"2021-08-11","'3138MKMP8'","MBS","UMBS MORTPASS 2.5% 09/28","15yr",,,,,"30359.4",,,,,,""
"2021-08-11","'36202ES75'","MBS","GNMA II 4.5% 05/38","30yr",,,,,"30344.46",,,,,,""
"2021-08-11","'3132A9P84'","MBS","UMBS MORTPASS 3% 12/29","15yr",,,,,"30290.98",,,,,,""
"2021-08-11","'3131Y1ZD5'","MBS","UMBS MORTPASS 4% 06/48","30yr",,,,,"30283.05",,,,,,""
"2021-08-11","'3138WJGA0'","MBS","UMBS MORTPASS 2.5% 11/31","15yr",,,,,"30272.69",,,,,,""
"2021-08-11","'31368HL92'","MBS","UMBS MORTPASS 5.5% 08/34","30yr",,,,,"30235.45",,,,,,""
"2021-08-11","'36291TCC0'","MBS","GNMA I MORTPASS 5% 12/34","30yr",,,,,"30216.16",,,,,,""
"2021-08-11","'36296TD91'","MBS","GNMA I MORTPASS 5% 03/39","30yr",,,,,"30198.57",,,,,,""
"2021-08-11","'3140JWQL7'","MBS","UMBS MORTPASS 3% 10/49","30yr",,,,,"30150.4",,,,,,""
"2021-08-11","'31307VYU4'","MBS","FHLMCGLD 3.5% 04/33","15yr",,,,,"30142.26",,,,,,""
"2021-08-11","'31418APG7'","MBS","UMBS MORTPASS 3% 01/23","Other",,,,,"30124.5",,,,,,""
"2021-08-11","'3138WDH61'","MBS","UMBS MORTPASS 3% 11/44","30yr",,,,,"30103.55",,,,,,""
"2021-08-11","'3620A46R8'","MBS","GNMA I MORTPASS 5% 07/39","30yr",,,,,"30103.2",,,,,,""
"2021-08-11","'3140FBCU2'","MBS","UMBS MORTPASS 3.5% 07/31","15yr",,,,,"30078.03",,,,,,""
"2021-08-11","'3132GVGT3'","MBS","FHLMCGLD 3.5% 08/42","30yr",,,,,"30038.28",,,,,,""
"2021-08-11","'36202SDL9'","MBS","GNMA I MORTPASS 5% 02/33","30yr",,,,,"29954.35",,,,,,""
"2021-08-11","'31417WCM1'","MBS","UMBS MORTPASS 4.5% 12/24","15yr",,,,,"29943.4",,,,,,""
"2021-08-11","'31417LNS0'","MBS","UMBS MORTPASS 4% 06/24","15yr",,,,,"29913.23",,,,,,""
"2021-08-11","'36177KVK9'","MBS","GNMA I MORTPASS 4% 01/42","30yr",,,,,"29904.05",,,,,,""
"2021-08-11","'36290U4M5'","MBS","GNMA I MORTPASS 5% 05/36","30yr",,,,,"29890.7",,,,,,""
"2021-08-11","'3138W9BR0'","MBS","UMBS MORTPASS 2.5% 07/28","15yr",,,,,"29870.79",,,,,,""
"2021-08-11","'31412LN63'","MBS","UMBS MORTPASS 6.5% 06/37","30yr",,,,,"29832.51",,,,,,""
"2021-08-11","'3140QBTM0'","MBS","UMBS MORTPASS 3.5% 02/48","30yr",,,,,"29829.83",,,,,,""
"2021-08-11","'3140HDRE6'","MBS","UMBS MORTPASS 2.5% 12/49","30yr",,,,,"29786.18",,,,,,""
"2021-08-11","'3140EVMF1'","MBS","UMBS MORTPASS 2.5% 12/30","15yr",,,,,"29765.13",,,,,,""
"2021-08-11","'36202SB31'","MBS","GNMA I 5.5% 02/33","30yr",,,,,"29759.22",,,,,,""
"2021-08-11","'3140J5ST7'","MBS","UMBS MORTPASS 4% 12/46","30yr",,,,,"29754.59",,,,,,""
"2021-08-11","'36295DMX4'","MBS","GNMA I MORTPASS 6% 01/39","30yr",,,,,"29739.45",,,,,,""
"2021-08-11","'3620C4QW3'","MBS","GNMA I 3.5% 08/40","30yr",,,,,"29733.66",,,,,,""
"2021-08-11","'36230UCL1'","MBS","GNMA I MORTPASS 4% 01/41","30yr",,,,,"29728.1",,,,,,""
"2021-08-11","'3138MDVT6'","MBS","UMBS MORTPASS 2.5% 10/27","15yr",,,,,"29721.48",,,,,,""
"2021-08-11","'36295YFG3'","MBS","GNMA I 5.5% 09/39","30yr",,,,,"29704.46",,,,,,""
"2021-08-11","'3133KLS65'","MBS","UMBS MORTPASS 2% 04/51","30yr",,,,,"29699.79",,,,,,""
"2021-08-11","'31417DUL5'","MBS","UMBS MORTPASS 3% 11/27","15yr",,,,,"29675.87",,,,,,""
"2021-08-11","'3138XQL58'","MBS","UMBS MORTPASS 3% 05/29","15yr",,,,,"29644.93",,,,,,""
"2021-08-11","'3140F2EK2'","MBS","UMBS MORTPASS 2.5% 04/46","30yr",,,,,"29640.34",,,,,,""
"2021-08-11","'31416RLB7'","MBS","UMBS MORTPASS 6% 06/39","30yr",,,,,"29637.62",,,,,,""
"2021-08-11","'31414TUJ8'","MBS","UMBS MORTPASS 5.5% 07/38","30yr",,,,,"29635.22",,,,,,""
"2021-08-11","'36201NCP3'","MBS","GNMA I MORTPASS 5% 02/34","30yr",,,,,"29568.55",,,,,,""
"2021-08-11","'3138WAY76'","MBS","UMBS MORTPASS 3% 02/29","15yr",,,,,"29548.95",,,,,,""
"2021-08-11","'31296MN88'","MBS","FHLMCGLD 4.5% 08/33","30yr",,,,,"29524.57",,,,,,""
"2021-08-11","'3138XJYR2'","MBS","UMBS MORTPASS 3% 10/44","30yr",,,,,"29504.19",,,,,,""
"2021-08-11","'3132ADVT2'","MBS","UMBS MORTPASS 4% 11/48","30yr",,,,,"29484.3",,,,,,""
"2021-08-11","'3140X7ZG7'","MBS","UMBS MORTPASS 2.5% 09/50","30yr",,,,,"29469.7",,,,,,""
"2021-08-11","'36290WJH6'","MBS","GNMA I MORTPASS 5% 09/33","30yr",,,,,"29469.21",,,,,,""
"2021-08-11","'3140JANZ7'","MBS","UMBS MORTPASS 3.5% 04/48","30yr",,,,,"29468.2",,,,,,""
"2021-08-11","'3138LTK98'","MBS","UMBS MORTPASS 2.5% 05/27","15yr",,,,,"29461.82",,,,,,""
"2021-08-11","'3128MBXK8'","MBS","FHLMCGLD 5.5% 04/23","15yr",,,,,"29451.14",,,,,,""
"2021-08-11","'3128MCFZ3'","MBS","FHLMCGLD 4.5% 06/24","15yr",,,,,"29448.12",,,,,,""
"2021-08-11","'3140HHTS4'","MBS","UMBS MORTPASS 4% 05/48","30yr",,,,,"29447.11",,,,,,""
"2021-08-11","'3132A5F91'","MBS","UMBS MORTPASS 2.5% 12/46","30yr",,,,,"29429.12",,,,,,""
"2021-08-11","'3132WGJY4'","MBS","FHLMCGLD 4.5% 09/46","30yr",,,,,"29415.01",,,,,,""
"2021-08-11","'3132A7W98'","MBS","UMBS MORTPASS 2.5% 06/24","Other",,,,,"29406.65",,,,,,""
"2021-08-11","'3138M1Y93'","MBS","UMBS MORTPASS 3% 08/27","15yr",,,,,"29400.24",,,,,,""
"2021-08-11","'3132QMFG1'","MBS","FHLMCGLD 4% 02/45","30yr",,,,,"29342.98",,,,,,""
"2021-08-11","'36176S4R8'","MBS","GNMA I MORTPASS 4% 09/41","30yr",,,,,"29300.32",,,,,,""
"2021-08-11","'3140H4BW3'","MBS","UMBS MORTPASS 4% 05/48","30yr",,,,,"29262.18",,,,,,""
"2021-08-11","'31412QT66'","MBS","UMBS MORTPASS 4% 11/24","15yr",,,,,"29179",,,,,,""
"2021-08-11","'3131YC3U8'","MBS","UMBS MORTPASS 4% 05/49","30yr",,,,,"29173.56",,,,,,""
"2021-08-11","'36295DMD8'","MBS","GNMA I MORTPASS 6% 11/38","30yr",,,,,"29151.49",,,,,,""
"2021-08-11","'31416PRQ2'","MBS","UMBS MORTPASS 6% 08/39","30yr",,,,,"29098.96",,,,,,""
"2021-08-11","'3138LTJT6'","MBS","UMBS MORTPASS 3.5% 05/42","30yr",,,,,"29090.7",,,,,,""
"2021-08-11","'3132A7XK2'","MBS","UMBS MORTPASS 3.5% 06/24","Other",,,,,"29052.01",,,,,,""
"2021-08-11","'3132A5HZ1'","MBS","UMBS MORTPASS 4% 12/47","30yr",,,,,"29044.34",,,,,,""
"2021-08-11","'36176FWD6'","MBS","GNMA I 3.5% 07/42","30yr",,,,,"29043.72",,,,,,""
"2021-08-11","'3138A8V45'","MBS","UMBS MORTPASS 3.5% 02/26","15yr",,,,,"29035.43",,,,,,""
"2021-08-11","'36296MDD7'","MBS","GNMA I MORTPASS 5% 02/39","30yr",,,,,"29020.19",,,,,,""
"2021-08-11","'36296S5S0'","MBS","GNMA I MORTPASS 5% 02/39","30yr",,,,,"29011.58",,,,,,""
"2021-08-11","'31329NBY3'","MBS","UMBS MORTPASS 4% 05/45","30yr",,,,,"29011.22",,,,,,""
"2021-08-11","'3131YBJH2'","MBS","UMBS MORTPASS 4% 04/49","30yr",,,,,"29004.71",,,,,,""
"2021-08-11","'31417Y6B8'","MBS","UMBS MORTPASS 3% 10/21","Other",,,,,"29000.09",,,,,,""
"2021-08-11","'36201VAJ1'","MBS","GNMA I MORTPASS 5% 09/33","30yr",,,,,"28990.22",,,,,,""
"2021-08-11","'31307U4V7'","MBS","FHLMCGLD 2.5% 11/32","15yr",,,,,"28980.25",,,,,,""
"2021-08-11","'3138WCLQ4'","MBS","UMBS MORTPASS 3.5% 08/44","30yr",,,,,"28964.81",,,,,,""
"2021-08-11","'3140H7TP2'","MBS","UMBS MORTPASS 4% 04/48","30yr",,,,,"28942.77",,,,,,""
"2021-08-11","'3138WHNX6'","MBS","UMBS MORTPASS 2.5% 07/31","15yr",,,,,"28940",,,,,,""
"2021-08-11","'3138XPA78'","MBS","UMBS MORTPASS 3.5% 07/44","30yr",,,,,"28934.16",,,,,,""
"2021-08-11","'36177PPH2'","MBS","GNMA I 3.5% 04/42","30yr",,,,,"28926.87",,,,,,""
"2021-08-11","'3128P7LL5'","MBS","FHLMCGLD 6.5% 01/29","Other",,,,,"28924.98",,,,,,""
"2021-08-11","'3140F0CW2'","MBS","UMBS MORTPASS 2.5% 03/46","30yr",,,,,"28897.82",,,,,,""
"2021-08-11","'3140JRRD5'","MBS","UMBS MORTPASS 3% 08/34","15yr",,,,,"28850.15",,,,,,""
"2021-08-11","'36180E4E2'","MBS","GNMA I MORTPASS 3% 03/43","30yr",,,,,"28848.43",,,,,,""
"2021-08-11","'3128PMSU5'","MBS","FHLMCGLD 4% 03/24","15yr",,,,,"28829.41",,,,,,""
"2021-08-11","'3620ARLQ2'","MBS","GNMA I MORTPASS 4% 10/40","30yr",,,,,"28792.91",,,,,,""
"2021-08-11","'31307LYU6'","MBS","FHLMCGLD 3.5% 02/30","15yr",,,,,"28759.49",,,,,,""
"2021-08-11","'31413TUJ9'","MBS","UMBS MORTPASS 5.5% 11/37","30yr",,,,,"28694.81",,,,,,""
"2021-08-11","'31418BTJ5'","MBS","UMBS MORTPASS 3.5% 08/45","30yr",,,,,"28668.92",,,,,,""
"2021-08-11","'3140F85U7'","MBS","UMBS MORTPASS 3% 06/31","15yr",,,,,"28655.18",,,,,,""
"2021-08-11","'36178UHJ5'","MBS","GNMA I MORTPASS 4% 10/42","30yr",,,,,"28634.79",,,,,,""
"2021-08-11","'36297BAK7'","MBS","GNMA I MORTPASS 4% 06/39","30yr",,,,,"28589.38",,,,,,""
"2021-08-11","'31418AT32'","MBS","UMBS MORTPASS 3% 06/28","15yr",,,,,"28564.17",,,,,,""
"2021-08-11","'3138X6HH1'","MBS","UMBS MORTPASS 2% 09/28","15yr",,,,,"28552.41",,,,,,""
"2021-08-11","'3138WG4K7'","MBS","UMBS MORTPASS 2.5% 05/46","30yr",,,,,"28419.93",,,,,,""
"2021-08-11","'36290WKB7'","MBS","GNMA I MORTPASS 5% 08/33","30yr",,,,,"28411.3",,,,,,""
"2021-08-11","'3128MCMQ5'","MBS","FHLMCGLD 4% 03/25","15yr",,,,,"28404.07",,,,,,""
"2021-08-11","'3138YSHE9'","MBS","UMBS MORTPASS 3.5% 07/45","30yr",,,,,"28385.65",,,,,,""
"2021-08-11","'3128MD6C2'","MBS","FHLMCGLD 3.5% 08/29","15yr",,,,,"28375.72",,,,,,""
"2021-08-11","'36205F6V0'","MBS","GNMA I MORTPASS 5% 12/32","30yr",,,,,"28356.76",,,,,,""
"2021-08-11","'3138WE2E8'","MBS","UMBS MORTPASS 3.5% 06/45","30yr",,,,,"28333.04",,,,,,""
"2021-08-11","'36294XV37'","MBS","GNMA I 5.5% 03/37","30yr",,,,,"28293.28",,,,,,""
"2021-08-11","'31417CZZ1'","MBS","UMBS MORTPASS 2.5% 09/22","Other",,,,,"28292.21",,,,,,""
"2021-08-11","'3140JN4Y3'","MBS","UMBS MORTPASS 4.5% 04/49","30yr",,,,,"28277.97",,,,,,""
"2021-08-11","'3128PMRR3'","MBS","FHLMCGLD 4.5% 04/24","15yr",,,,,"28226.94",,,,,,""
"2021-08-11","'3620A1RZ3'","MBS","GNMA I MORTPASS 5% 08/39","30yr",,,,,"28194.15",,,,,,""
"2021-08-11","'3132M8LY0'","MBS","FHLMCGLD 3.5% 08/44","30yr",,,,,"28189.24",,,,,,""
"2021-08-11","'36297HWY0'","MBS","GNMA I 4.5% 05/39","30yr",,,,,"28187.12",,,,,,""
"2021-08-11","'3140F9TP0'","MBS","UMBS MORTPASS 4.5% 07/46","30yr",,,,,"28171.69",,,,,,""
"2021-08-11","'36201UHV9'","MBS","GNMA I MORTPASS 5% 08/33","30yr",,,,,"28159.06",,,,,,""
"2021-08-11","'36291JHF0'","MBS","GNMA I MORTPASS 5% 05/34","30yr",,,,,"28139.71",,,,,,""
"2021-08-11","'3140H2CX4'","MBS","UMBS MORTPASS 3.5% 11/47","30yr",,,,,"28132.24",,,,,,""
"2021-08-11","'3140X4VV5'","MBS","UMBS MORTPASS 3% 02/49","30yr",,,,,"28130.88",,,,,,""
"2021-08-11","'3132XXQE2'","MBS","FHLMCGLD 4% 03/48","30yr",,,,,"28115.38",,,,,,""
"2021-08-11","'3140GY3K3'","MBS","UMBS MORTPASS 3% 01/48","30yr",,,,,"28056.14",,,,,,""
"2021-08-11","'3131X8B62'","MBS","UMBS MORTPASS 2% 10/22","Other",,,,,"28044",,,,,,""
"2021-08-11","'3140F43E4'","MBS","UMBS MORTPASS 2.5% 05/31","15yr",,,,,"28000.61",,,,,,""
"2021-08-11","'31412EKT2'","MBS","UMBS MORTPASS 5.5% 02/37","30yr",,,,,"27988.58",,,,,,""
"2021-08-11","'3128MMTP8'","MBS","FHLMCGLD 3% 06/30","15yr",,,,,"27988.25",,,,,,""
"2021-08-11","'31307PPK9'","MBS","FHLMCGLD 3% 11/30","15yr",,,,,"27984.85",,,,,,""
"2021-08-11","'3620AJ4E6'","MBS","GNMA I MORTPASS 5% 12/39","30yr",,,,,"27984.47",,,,,,""
"2021-08-11","'3138ETU53'","MBS","UMBS MORTPASS 3% 02/30","15yr",,,,,"27959.85",,,,,,""
"2021-08-11","'31418AP28'","MBS","UMBS MORTPASS 2.5% 02/43","30yr",,,,,"27873.84",,,,,,""
"2021-08-11","'3138Y4LT4'","MBS","UMBS MORTPASS 3% 09/29","15yr",,,,,"27869.68",,,,,,""
"2021-08-11","'31417DQC0'","MBS","UMBS MORTPASS 3% 10/32","Other",,,,,"27852.28",,,,,,""
"2021-08-11","'3128MMR39'","MBS","FHLMCGLD 3% 03/29","15yr",,,,,"27833.35",,,,,,""
"2021-08-11","'36230MYV3'","MBS","GNMA I MORTPASS 4% 12/40","30yr",,,,,"27800.43",,,,,,""
"2021-08-11","'36296CH86'","MBS","GNMA I MORTPASS 5% 07/38","30yr",,,,,"27799.56",,,,,,""
"2021-08-11","'31413KSY8'","MBS","UMBS MORTPASS 4% 10/22","15yr",,,,,"27770.31",,,,,,""
"2021-08-11","'3138LU6U4'","MBS","UMBS MORTPASS 3% 05/27","15yr",,,,,"27748.78",,,,,,""
"2021-08-11","'31418BXZ4'","MBS","UMBS MORTPASS 3.5% 01/46","30yr",,,,,"27726.48",,,,,,""
"2021-08-11","'31417FXX1'","MBS","UMBS MORTPASS 2.5% 03/28","15yr",,,,,"27723.29",,,,,,""
"2021-08-11","'36176JNG1'","MBS","GNMA I MORTPASS 4% 07/41","30yr",,,,,"27715.89",,,,,,""
"2021-08-11","'36295YJ79'","MBS","GNMA I 5.5% 03/38","30yr",,,,,"27691",,,,,,""
"2021-08-11","'36295EYU5'","MBS","GNMA I 5.5% 06/38","30yr",,,,,"27651.97",,,,,,""
"2021-08-11","'3132A5FS9'","MBS","UMBS MORTPASS 3% 09/46","30yr",,,,,"27646.92",,,,,,""
"2021-08-11","'31418C6M1'","MBS","UMBS MORTPASS 3.5% 12/38","Other",,,,,"27619.14",,,,,,""
"2021-08-11","'31416WK84'","MBS","UMBS MORTPASS 3.5% 07/25","15yr",,,,,"27570.7",,,,,,""
"2021-08-11","'3138WUVT7'","MBS","UMBS MORTPASS 2.5% 06/28","15yr",,,,,"27570.59",,,,,,""
"2021-08-11","'36296BAY8'","MBS","GNMA I 5.5% 06/38","30yr",,,,,"27539.66",,,,,,""
"2021-08-11","'3138EKVV4'","MBS","UMBS MORTPASS 2.5% 04/23","Other",,,,,"27533.59",,,,,,""
"2021-08-11","'3128PMU24'","MBS","FHLMCGLD 4.5% 04/24","15yr",,,,,"27530.02",,,,,,""
"2021-08-11","'3128LXFW5'","MBS","FHLMCGLD 5% 12/35","30yr",,,,,"27474.15",,,,,,""
"2021-08-11","'31329MCF5'","MBS","UMBS MORTPASS 3% 10/28","15yr",,,,,"27469.29",,,,,,""
"2021-08-11","'3620AEC32'","MBS","GNMA I MORTPASS 4% 02/40","30yr",,,,,"27454.19",,,,,,""
"2021-08-11","'36179TAM7'","MBS","GNMA II 4.5% 06/47","30yr",,,,,"27448.15",,,,,,""
"2021-08-11","'31417YBQ9'","MBS","UMBS MORTPASS 4% 04/29","Other",,,,,"27428.04",,,,,,""
"2021-08-11","'31418A7E2'","MBS","UMBS MORTPASS 3.5% 02/24","Other",,,,,"27416.78",,,,,,""
"2021-08-11","'3140EUFD6'","MBS","UMBS MORTPASS 3.5% 01/46","30yr",,,,,"27391.58",,,,,,""
"2021-08-11","'3131XDFR1'","MBS","UMBS MORTPASS 2.5% 01/33","15yr",,,,,"27344.89",,,,,,""
"2021-08-11","'3138WCC76'","MBS","UMBS MORTPASS 3% 07/29","15yr",,,,,"27340.11",,,,,,""
"2021-08-11","'36176LVM4'","MBS","GNMA I MORTPASS 4% 08/41","30yr",,,,,"27289.21",,,,,,""
"2021-08-11","'3620ARVY4'","MBS","GNMA I MORTPASS 4% 01/41","30yr",,,,,"27263.82",,,,,,""
"2021-08-11","'3138EDPJ4'","MBS","UMBS MORTPASS 3% 03/27","15yr",,,,,"27262.74",,,,,,""
"2021-08-11","'36202ESA8'","MBS","GNMA II MORTPASS 5% 04/38","30yr",,,,,"27260.29",,,,,,""
"2021-08-11","'31329MCB4'","MBS","UMBS MORTPASS 2% 09/28","15yr",,,,,"27249.3",,,,,,""
"2021-08-11","'3138ERD49'","MBS","UMBS MORTPASS 4% 03/30","15yr",,,,,"27249.21",,,,,,""
"2021-08-11","'3132QUT60'","MBS","FHLMCGLD 3% 12/45","30yr",,,,,"27236.11",,,,,,""
"2021-08-11","'3140H7ER4'","MBS","UMBS MORTPASS 3% 06/34","15yr",,,,,"27201.79",,,,,,""
"2021-08-11","'36297ERS6'","MBS","GNMA I 5.5% 09/39","30yr",,,,,"27171.62",,,,,,""
"2021-08-11","'3138W9VS6'","MBS","UMBS MORTPASS 3% 10/28","15yr",,,,,"27169.92",,,,,,""
"2021-08-11","'3128KKPS2'","MBS","FHLMCGLD 6% 01/37","30yr",,,,,"27114.8",,,,,,""
"2021-08-11","'3620A4V74'","MBS","GNMA I 4.5% 10/39","30yr",,,,,"27093.76",,,,,,""
"2021-08-11","'31412S3B9'","MBS","UMBS MORTPASS 5% 05/38","30yr",,,,,"27056.96",,,,,,""
"2021-08-11","'31412VBJ6'","MBS","UMBS MORTPASS 4.5% 10/24","15yr",,,,,"27041.08",,,,,,""
"2021-08-11","'3140E75F3'","MBS","UMBS MORTPASS 3% 12/30","15yr",,,,,"27035.91",,,,,,""
"2021-08-11","'3140H5MQ1'","MBS","UMBS MORTPASS 3.5% 01/48","30yr",,,,,"27009.67",,,,,,""
"2021-08-11","'3140H4AE4'","MBS","UMBS MORTPASS 3% 04/33","15yr",,,,,"27008.67",,,,,,""
"2021-08-11","'31326SCG3'","MBS","UMBS MORTPASS 3% 07/26","Other",,,,,"26965.11",,,,,,""
"2021-08-11","'31416JHY0'","MBS","UMBS MORTPASS 6.5% 12/38","30yr",,,,,"26954.44",,,,,,""
"2021-08-11","'3128MMKQ5'","MBS","FHLMCGLD 4% 03/24","15yr",,,,,"26910.05",,,,,,""
"2021-08-11","'31414VDK9'","MBS","UMBS MORTPASS 6.5% 04/38","30yr",,,,,"26856.29",,,,,,""
"2021-08-11","'3128L9PS6'","MBS","FHLMCGLD 5% 04/38","30yr",,,,,"26853.68",,,,,,""
"2021-08-11","'36202EB73'","MBS","GNMA II 3.5% 05/34","30yr",,,,,"26846.21",,,,,,""
"2021-08-11","'3140J8ZC0'","MBS","UMBS MORTPASS 2.5% 01/33","15yr",,,,,"26846.11",,,,,,""
"2021-08-11","'3132QL6E8'","MBS","FHLMCGLD 3.5% 01/45","30yr",,,,,"26792.9",,,,,,""
"2021-08-11","'36290UDP8'","MBS","GNMA I MORTPASS 6% 07/37","30yr",,,,,"26767.87",,,,,,""
"2021-08-11","'31412H6A2'","MBS","UMBS MORTPASS 6% 08/39","30yr",,,,,"26699.19",,,,,,""
"2021-08-11","'3128L9WD1'","MBS","FHLMCGLD 5.5% 04/38","30yr",,,,,"26698.51",,,,,,""
"2021-08-11","'3620A3TJ3'","MBS","GNMA I 4.5% 09/39","30yr",,,,,"26695.88",,,,,,""
"2021-08-11","'3140KG5D1'","MBS","UMBS MORTPASS 2% 07/35","15yr",,,,,"26653.8",,,,,,""
"2021-08-11","'3140H8ZR9'","MBS","UMBS MORTPASS 3% 07/33","15yr",,,,,"26644.37",,,,,,""
"2021-08-11","'36297DKC0'","MBS","GNMA I MORTPASS 5% 04/39","30yr",,,,,"26616.27",,,,,,""
"2021-08-11","'36297ELU7'","MBS","GNMA I 5.5% 02/39","30yr",,,,,"26603.17",,,,,,""
"2021-08-11","'31417UZQ1'","MBS","UMBS MORTPASS 4% 01/25","15yr",,,,,"26584.13",,,,,,""
"2021-08-11","'3140EXRV7'","MBS","UMBS MORTPASS 3.5% 04/46","30yr",,,,,"26577.89",,,,,,""
"2021-08-11","'36291DNQ2'","MBS","GNMA I MORTPASS 5% 03/34","30yr",,,,,"26564.25",,,,,,""
"2021-08-11","'3138YSLD6'","MBS","UMBS MORTPASS 3.5% 06/45","30yr",,,,,"26558.54",,,,,,""
"2021-08-11","'3620AKX43'","MBS","GNMA I MORTPASS 5% 04/40","30yr",,,,,"26545.52",,,,,,""
"2021-08-11","'31294MKW0'","MBS","FHLMCGLD 3% 12/21","15yr",,,,,"26540.24",,,,,,""
"2021-08-11","'3140HJSF9'","MBS","UMBS MORTPASS 4% 06/48","30yr",,,,,"26529.1",,,,,,""
"2021-08-11","'3138WJ6C7'","MBS","UMBS MORTPASS 4% 03/47","30yr",,,,,"26513.18",,,,,,""
"2021-08-11","'3131Y3JX5'","MBS","UMBS MORTPASS 3.5% 09/48","30yr",,,,,"26511.36",,,,,,""
"2021-08-11","'3138WPYN8'","MBS","UMBS MORTPASS 3% 05/28","15yr",,,,,"26500.84",,,,,,""
"2021-08-11","'3128MB4E4'","MBS","FHLMCGLD 4% 04/23","15yr",,,,,"26497.56",,,,,,""
"2021-08-11","'3140EUEE5'","MBS","UMBS MORTPASS 2.5% 12/30","15yr",,,,,"26486.87",,,,,,""
"2021-08-11","'3620A7L86'","MBS","GNMA I 5.5% 09/39","30yr",,,,,"26462.75",,,,,,""
"2021-08-11","'31371N4H5'","MBS","UMBS MORTPASS 5.5% 10/28","Other",,,,,"26451.68",,,,,,""
"2021-08-11","'3140K4N22'","MBS","UMBS MORTPASS 3% 12/49","30yr",,,,,"26445.59",,,,,,""
"2021-08-11","'36290X5W6'","MBS","GNMA I MORTPASS 5% 02/37","30yr",,,,,"26431.68",,,,,,""
"2021-08-11","'36180J7L2'","MBS","GNMA I MORTPASS 3% 02/43","30yr",,,,,"26429.01",,,,,,""
"2021-08-11","'3140F3QM3'","MBS","UMBS MORTPASS 2.5% 04/31","15yr",,,,,"26424.83",,,,,,""
"2021-08-11","'3138MGB38'","MBS","UMBS MORTPASS 2.5% 12/27","15yr",,,,,"26406.27",,,,,,""
"2021-08-11","'3131XAWC1'","MBS","UMBS MORTPASS 2.5% 10/29","15yr",,,,,"26403.79",,,,,,""
"2021-08-11","'3138E7Y57'","MBS","UMBS MORTPASS 3% 02/27","15yr",,,,,"26386.8",,,,,,""
"2021-08-11","'3129366V4'","MBS","FHLMCGLD 6% 11/39","30yr",,,,,"26352.59",,,,,,""
"2021-08-11","'31307W3Y8'","MBS","FHLMCGLD 3.5% 11/33","15yr",,,,,"26340.22",,,,,,""
"2021-08-11","'3128MJ6C9'","MBS","FHLMCGLD 4% 03/49","30yr",,,,,"26319.27",,,,,,""
"2021-08-11","'3128MDFZ1'","MBS","FHLMCGLD 4% 07/26","15yr",,,,,"26310.3",,,,,,""
"2021-08-11","'3140F4KH8'","MBS","UMBS MORTPASS 2.5% 05/46","30yr",,,,,"26305.88",,,,,,""
"2021-08-11","'31418C6S8'","MBS","UMBS MORTPASS 3% 11/38","Other",,,,,"26289.09",,,,,,""
"2021-08-11","'3140FQM53'","MBS","UMBS MORTPASS 2.5% 12/31","15yr",,,,,"26262.64",,,,,,""
"2021-08-11","'3138X1SA5'","MBS","UMBS MORTPASS 3% 12/28","15yr",,,,,"26210.62",,,,,,""
"2021-08-11","'36294WY44'","MBS","GNMA I MORTPASS 6% 04/37","30yr",,,,,"26210.58",,,,,,""
"2021-08-11","'312938BT9'","MBS","FHLMCGLD 4.5% 12/39","30yr",,,,,"26175.93",,,,,,""
"2021-08-11","'3128E5M97'","MBS","FHLMCGLD 4% 12/30","Other",,,,,"26168.17",,,,,,""
"2021-08-11","'36200K6K8'","MBS","GNMA I MORTPASS 5% 02/33","30yr",,,,,"26161.34",,,,,,""
"2021-08-11","'31412DNQ7'","MBS","UMBS MORTPASS 5.5% 03/37","30yr",,,,,"26141.4",,,,,,""
"2021-08-11","'31418CSG0'","MBS","UMBS MORTPASS 3% 12/32","15yr",,,,,"26116.32",,,,,,""
"2021-08-11","'3138M6GG6'","MBS","UMBS MORTPASS 2.5% 08/27","15yr",,,,,"26091.68",,,,,,""
"2021-08-11","'3138WATK3'","MBS","UMBS MORTPASS 3.5% 01/44","30yr",,,,,"26089.23",,,,,,""
"2021-08-11","'31415RE75'","MBS","UMBS MORTPASS 5% 07/38","30yr",,,,,"26088.28",,,,,,""
"2021-08-11","'3140J5DM8'","MBS","UMBS MORTPASS 2.5% 03/32","15yr",,,,,"26086.29",,,,,,""
"2021-08-11","'31417KWX1'","MBS","UMBS MORTPASS 4.5% 10/24","15yr",,,,,"26077.74",,,,,,""
"2021-08-11","'36292KZT6'","MBS","GNMA I MORTPASS 6% 03/36","30yr",,,,,"26036.04",,,,,,""
"2021-08-11","'3138ABZU6'","MBS","UMBS MORTPASS 3.5% 04/26","15yr",,,,,"26016.04",,,,,,""
"2021-08-11","'312932K47'","MBS","FHLMCGLD 5% 04/39","30yr",,,,,"26010.39",,,,,,""
"2021-08-11","'31329KRL0'","MBS","UMBS MORTPASS 3.5% 01/33","Other",,,,,"25998.41",,,,,,""
"2021-08-11","'3131XWLY7'","MBS","UMBS MORTPASS 4% 04/47","30yr",,,,,"25990.08",,,,,,""
"2021-08-11","'31418CN75'","MBS","UMBS MORTPASS 4% 07/32","15yr",,,,,"25943.86",,,,,,""
"2021-08-11","'3140FCY69'","MBS","UMBS MORTPASS 4.5% 08/46","30yr",,,,,"25932.87",,,,,,""
"2021-08-11","'3140H5M24'","MBS","UMBS MORTPASS 3% 01/48","30yr",,,,,"25931.96",,,,,,""
"2021-08-11","'3132M6EB2'","MBS","FHLMCGLD 4% 04/44","30yr",,,,,"25915.51",,,,,,""
"2021-08-11","'3138ED5H0'","MBS","UMBS MORTPASS 3% 04/27","15yr",,,,,"25880.1",,,,,,""
"2021-08-11","'36207QFY8'","MBS","GNMA I MORTPASS 4% 01/42","30yr",,,,,"25876.03",,,,,,""
"2021-08-11","'36297GM80'","MBS","GNMA I MORTPASS 4% 01/40","30yr",,,,,"25874.59",,,,,,""
"2021-08-11","'3620A44N9'","MBS","GNMA I 4.5% 11/39","30yr",,,,,"25805.9",,,,,,""
"2021-08-11","'3138MM7C0'","MBS","UMBS MORTPASS 3% 12/32","Other",,,,,"25794.87",,,,,,""
"2021-08-11","'36176SBX7'","MBS","GNMA I 3.5% 09/42","30yr",,,,,"25780.13",,,,,,""
"2021-08-11","'36295RXN3'","MBS","GNMA I MORTPASS 5% 03/40","30yr",,,,,"25778.48",,,,,,""
"2021-08-11","'3140X4QC3'","MBS","UMBS MORTPASS 3% 08/49","30yr",,,,,"25777.57",,,,,,""
"2021-08-11","'3132A5HE8'","MBS","UMBS MORTPASS 3% 08/47","30yr",,,,,"25760.8",,,,,,""
"2021-08-11","'31417GRM0'","MBS","UMBS MORTPASS 2.5% 05/28","15yr",,,,,"25739.81",,,,,,""
"2021-08-11","'36296YZT2'","MBS","GNMA I 5.5% 10/39","30yr",,,,,"25734.26",,,,,,""
"2021-08-11","'31307GKU2'","MBS","FHLMCGLD 3% 02/24","15yr",,,,,"25733.41",,,,,,""
"2021-08-11","'3140F8WB9'","MBS","UMBS MORTPASS 3% 06/31","15yr",,,,,"25696.88",,,,,,""
"2021-08-11","'3128PMSK7'","MBS","FHLMCGLD 4.5% 03/24","15yr",,,,,"25685.59",,,,,,""
"2021-08-11","'31306YSC6'","MBS","FHLMCGLD 3% 12/22","15yr",,,,,"25676.59",,,,,,""
"2021-08-11","'3131XWP72'","MBS","UMBS MORTPASS 4% 05/47","30yr",,,,,"25668.71",,,,,,""
"2021-08-11","'36209R2Q5'","MBS","GNMA I MORTPASS 4% 10/41","30yr",,,,,"25661.45",,,,,,""
"2021-08-11","'36211LE65'","MBS","GNMA I MORTPASS 4% 11/41","30yr",,,,,"25633.53",,,,,,""
"2021-08-11","'3128PM6C9'","MBS","FHLMCGLD 4% 06/24","15yr",,,,,"25632",,,,,,""
"2021-08-11","'312929QT2'","MBS","FHLMCGLD 6.5% 11/38","30yr",,,,,"25610.93",,,,,,""
"2021-08-11","'3140K6CR4'","MBS","UMBS MORTPASS 3% 12/49","30yr",,,,,"25598.2",,,,,,""
"2021-08-11","'3128MEA50'","MBS","FHLMCGLD 3.5% 07/29","15yr",,,,,"25596.8",,,,,,""
"2021-08-11","'31412USD3'","MBS","UMBS MORTPASS 6% 07/39","30yr",,,,,"25594.85",,,,,,""
"2021-08-11","'3138ELCQ4'","MBS","UMBS MORTPASS 3.5% 05/28","15yr",,,,,"25579.54",,,,,,""
"2021-08-11","'36296N3M6'","MBS","GNMA I 5.5% 08/38","30yr",,,,,"25578.22",,,,,,""
"2021-08-11","'31416TZZ5'","MBS","UMBS MORTPASS 6% 07/39","30yr",,,,,"25571.86",,,,,,""
"2021-08-11","'3140EY3T6'","MBS","UMBS MORTPASS 3% 03/31","15yr",,,,,"25540.99",,,,,,""
"2021-08-11","'3138WTG42'","MBS","UMBS MORTPASS 3.5% 05/28","15yr",,,,,"25526.94",,,,,,""
"2021-08-11","'31417YUM7'","MBS","UMBS MORTPASS 4% 12/30","Other",,,,,"25500.4",,,,,,""
"2021-08-11","'3138XHER8'","MBS","UMBS MORTPASS 2.5% 01/29","15yr",,,,,"25497.09",,,,,,""
"2021-08-11","'3128CUWF9'","MBS","FHLMCGLD 3% 05/33","Other",,,,,"25454.82",,,,,,""
"2021-08-11","'312939U25'","MBS","FHLMCGLD 5.5% 03/40","30yr",,,,,"25453.88",,,,,,""
"2021-08-11","'31418DXN7'","MBS","UMBS MORTPASS 1.5% 03/31","Other",,,,,"25396.62",,,,,,""
"2021-08-11","'3132KE2B0'","MBS","FHLMCGLD 2.5% 03/30","15yr",,,,,"25394.36",,,,,,""
"2021-08-11","'31415MEP6'","MBS","UMBS MORTPASS 5% 06/38","30yr",,,,,"25389.78",,,,,,""
"2021-08-11","'3138WFNK8'","MBS","UMBS MORTPASS 3% 09/30","15yr",,,,,"25389.31",,,,,,""
"2021-08-11","'36291VM59'","MBS","GNMA I MORTPASS 5% 01/35","30yr",,,,,"25386.21",,,,,,""
"2021-08-11","'31415MSG1'","MBS","UMBS MORTPASS 5% 06/38","30yr",,,,,"25372.39",,,,,,""
"2021-08-11","'3620ACKX1'","MBS","GNMA I MORTPASS 4% 11/39","30yr",,,,,"25364.48",,,,,,""
"2021-08-11","'3131XXTU5'","MBS","UMBS MORTPASS 3% 09/47","30yr",,,,,"25345.04",,,,,,""
"2021-08-11","'3138EPSP0'","MBS","UMBS MORTPASS 3% 05/30","15yr",,,,,"25319.58",,,,,,""
"2021-08-11","'31416KHL5'","MBS","UMBS MORTPASS 4.5% 01/24","15yr",,,,,"25316.18",,,,,,""
"2021-08-11","'3132A5GD1'","MBS","UMBS MORTPASS 2.5% 12/46","30yr",,,,,"25307.19",,,,,,""
"2021-08-11","'3131X65K2'","MBS","UMBS MORTPASS 3% 09/21","Other",,,,,"25250.51",,,,,,""
"2021-08-11","'3128MDXF5'","MBS","FHLMCGLD 3.5% 01/24","15yr",,,,,"25226.85",,,,,,""
"2021-08-11","'36179NQZ4'","MBS","GNMA II MORTPASS 2% 03/43","30yr",,,,,"25214.31",,,,,,""
"2021-08-11","'36295RK23'","MBS","GNMA I 4.5% 02/39","30yr",,,,,"25207.04",,,,,,""
"2021-08-11","'31418BR73'","MBS","UMBS MORTPASS 3.5% 06/30","15yr",,,,,"25176.38",,,,,,""
"2021-08-11","'31416XWX4'","MBS","UMBS MORTPASS 4% 03/41","30yr",,,,,"25169.1",,,,,,""
"2021-08-11","'31329NY51'","MBS","UMBS MORTPASS 3% 01/48","30yr",,,,,"25131.77",,,,,,""
"2021-08-11","'3140EW4R3'","MBS","UMBS MORTPASS 2.5% 11/31","15yr",,,,,"25116.02",,,,,,""
"2021-08-11","'3131X9QK3'","MBS","UMBS MORTPASS 3% 08/28","15yr",,,,,"25071.84",,,,,,""
"2021-08-11","'3138EHUF7'","MBS","UMBS MORTPASS 3% 03/27","15yr",,,,,"25014.26",,,,,,""
"2021-08-11","'3133A7VP1'","MBS","UMBS MORTPASS 2.5% 07/50","30yr",,,,,"25004.73",,,,,,""
"2021-08-11","'3140J8GY3'","MBS","UMBS MORTPASS 2.5% 12/31","15yr",,,,,"24932.38",,,,,,""
"2021-08-11","'31418BYU4'","MBS","UMBS MORTPASS 3.5% 02/46","30yr",,,,,"24920.8",,,,,,""
"2021-08-11","'31307SM91'","MBS","FHLMCGLD 2.5% 11/31","15yr",,,,,"24920.62",,,,,,""
"2021-08-11","'3131X7SY5'","MBS","UMBS MORTPASS 3% 05/27","15yr",,,,,"24901.64",,,,,,""
"2021-08-11","'3128K8MU7'","MBS","FHLMCGLD 5% 11/35","30yr",,,,,"24868.95",,,,,,""
"2021-08-11","'31419CX24'","MBS","UMBS MORTPASS 4.5% 09/40","30yr",,,,,"24799.59",,,,,,""
"2021-08-11","'36297H4H8'","MBS","GNMA I MORTPASS 4% 05/39","30yr",,,,,"24787.32",,,,,,""
"2021-08-11","'31339UQD5'","MBS","UMBS MORTPASS 3% 10/49","30yr",,,,,"24773.05",,,,,,""
"2021-08-11","'3138XYC28'","MBS","UMBS MORTPASS 3.5% 09/44","30yr",,,,,"24764.56",,,,,,""
"2021-08-11","'3128CUJD9'","MBS","FHLMCGLD 4% 05/24","Other",,,,,"24749.1",,,,,,""
"2021-08-11","'3138M6YH4'","MBS","UMBS MORTPASS 3.5% 08/27","15yr",,,,,"24737.76",,,,,,""
"2021-08-11","'3128L0Q88'","MBS","FHLMCGLD 6% 11/37","30yr",,,,,"24711.92",,,,,,""
"2021-08-11","'3620A4P30'","MBS","GNMA I MORTPASS 5% 08/39","30yr",,,,,"24710.74",,,,,,""
"2021-08-11","'36230RXU5'","MBS","GNMA I MORTPASS 4% 12/40","30yr",,,,,"24652.25",,,,,,""
"2021-08-11","'3128MFDY1'","MBS","FHLMCGLD 3% 03/32","15yr",,,,,"24649.33",,,,,,""
"2021-08-11","'3138YSUU8'","MBS","UMBS MORTPASS 4% 09/45","30yr",,,,,"24636.44",,,,,,""
"2021-08-11","'31418SBE8'","MBS","UMBS MORTPASS 4% 03/25","15yr",,,,,"24623.14",,,,,,""
"2021-08-11","'3132A8GH6'","MBS","UMBS MORTPASS 2.5% 04/26","Other",,,,,"24598.27",,,,,,""
"2021-08-11","'3132QVPQ8'","MBS","FHLMCGLD 4.5% 02/46","30yr",,,,,"24568.9",,,,,,""
"2021-08-11","'3138W0Q51'","MBS","UMBS MORTPASS 2.5% 02/28","15yr",,,,,"24553.09",,,,,,""
"2021-08-11","'36201TUH8'","MBS","GNMA I 5.5% 05/36","30yr",,,,,"24526.09",,,,,,""
"2021-08-11","'3138XUW65'","MBS","UMBS MORTPASS 2% 04/28","15yr",,,,,"24524.26",,,,,,""
"2021-08-11","'3128LD3D4'","MBS","FHLMCGLD 5% 07/38","30yr",,,,,"24513.84",,,,,,""
"2021-08-11","'3140J7UF0'","MBS","UMBS MORTPASS 3.5% 01/48","30yr",,,,,"24505.79",,,,,,""
"2021-08-11","'3132WDM35'","MBS","FHLMCGLD 4.5% 05/46","30yr",,,,,"24495.7",,,,,,""
"2021-08-11","'3140GXNT4'","MBS","UMBS MORTPASS 3% 11/32","15yr",,,,,"24484.39",,,,,,""
"2021-08-11","'31416TW62'","MBS","UMBS MORTPASS 4.5% 07/24","15yr",,,,,"24479.83",,,,,,""
"2021-08-11","'3140KHGB1'","MBS","UMBS MORTPASS 2% 08/35","15yr",,,,,"24473.25",,,,,,""
"2021-08-11","'3138W5Q76'","MBS","UMBS MORTPASS 2.5% 02/28","15yr",,,,,"24468.96",,,,,,""
"2021-08-11","'3128MCR56'","MBS","FHLMCGLD 4% 10/25","15yr",,,,,"24435.55",,,,,,""
"2021-08-11","'31368HML4'","MBS","UMBS MORTPASS 5.5% 11/35","30yr",,,,,"24407",,,,,,""
"2021-08-11","'36291GYJ9'","MBS","GNMA I MORTPASS 5% 05/34","30yr",,,,,"24401.94",,,,,,""
"2021-08-11","'36290VCT9'","MBS","GNMA I MORTPASS 5% 08/33","30yr",,,,,"24341.09",,,,,,""
"2021-08-11","'36290XL40'","MBS","GNMA I MORTPASS 5% 08/33","30yr",,,,,"24316.35",,,,,,""
"2021-08-11","'3138EBG74'","MBS","UMBS MORTPASS 3% 03/27","15yr",,,,,"24290.16",,,,,,""
"2021-08-11","'3138Y9XR4'","MBS","UMBS MORTPASS 4% 12/44","30yr",,,,,"24286.7",,,,,,""
"2021-08-11","'36201TWP8'","MBS","GNMA I 5.5% 02/37","30yr",,,,,"24223.01",,,,,,""
"2021-08-11","'3140HHFD2'","MBS","UMBS MORTPASS 3% 06/33","15yr",,,,,"24215.9",,,,,,""
"2021-08-11","'3132A8L23'","MBS","UMBS MORTPASS 2.5% 11/31","15yr",,,,,"24192.07",,,,,,""
"2021-08-11","'31407EAH6'","MBS","UMBS MORTPASS 5% 07/35","30yr",,,,,"24174.03",,,,,,""
"2021-08-11","'3138WCKF9'","MBS","UMBS MORTPASS 3.5% 08/29","15yr",,,,,"24168.94",,,,,,""
"2021-08-11","'3128PYJM7'","MBS","FHLMCGLD 3% 03/22","15yr",,,,,"24159.53",,,,,,""
"2021-08-11","'3138ERJC5'","MBS","UMBS MORTPASS 3.5% 10/30","15yr",,,,,"24134.86",,,,,,""
"2021-08-11","'31414AK35'","MBS","UMBS MORTPASS 6.5% 12/37","30yr",,,,,"24118.64",,,,,,""
"2021-08-11","'3131X9TV6'","MBS","UMBS MORTPASS 2% 09/23","Other",,,,,"24106.21",,,,,,""
"2021-08-11","'36297E6T7'","MBS","GNMA I MORTPASS 5% 03/39","30yr",,,,,"24098.29",,,,,,""
"2021-08-11","'31417B5U7'","MBS","UMBS MORTPASS 2.5% 06/27","15yr",,,,,"24063.81",,,,,,""
"2021-08-11","'3140KYH98'","MBS","UMBS MORTPASS 2% 12/50","30yr",,,,,"24037.32",,,,,,""
"2021-08-11","'31380ENW0'","MBS","UMBS MORTPASS 5.5% 12/24","30yr",,,,,"24027.22",,,,,,""
"2021-08-11","'3131X9Y57'","MBS","UMBS MORTPASS 2.5% 10/28","15yr",,,,,"24005.78",,,,,,""
"2021-08-11","'3138LUSV8'","MBS","UMBS MORTPASS 3.5% 06/42","30yr",,,,,"24003.91",,,,,,""
"2021-08-11","'3133ADUS3'","MBS","UMBS MORTPASS 2% 12/50","30yr",,,,,"23997.73",,,,,,""
"2021-08-11","'3128MJWB2'","MBS","FHLMCGLD 3.5% 05/45","30yr",,,,,"23968.21",,,,,,""
"2021-08-11","'3140H5UD1'","MBS","UMBS MORTPASS 4% 07/48","30yr",,,,,"23960.21",,,,,,""
"2021-08-11","'36230T5M0'","MBS","GNMA I 3.5% 10/41","30yr",,,,,"23955.12",,,,,,""
"2021-08-11","'31410KXQ2'","MBS","UMBS MORTPASS 5.5% 08/38","30yr",,,,,"23929.49",,,,,,""
"2021-08-11","'3140FMNJ1'","MBS","UMBS MORTPASS 4.5% 12/46","30yr",,,,,"23913.13",,,,,,""
"2021-08-11","'36241KVY1'","MBS","GNMA II MORTPASS 5% 10/38","30yr",,,,,"23834.93",,,,,,""
"2021-08-11","'31307VFS0'","MBS","FHLMCGLD 2.5% 01/33","15yr",,,,,"23833.33",,,,,,""
"2021-08-11","'3138ELFC2'","MBS","UMBS MORTPASS 3% 06/23","Other",,,,,"23818.99",,,,,,""
"2021-08-11","'36176WSJ1'","MBS","GNMA I MORTPASS 4% 12/41","30yr",,,,,"23816.87",,,,,,""
"2021-08-11","'31417DTT0'","MBS","UMBS MORTPASS 3% 11/32","Other",,,,,"23738.92",,,,,,""
"2021-08-11","'3131Y2FE3'","MBS","UMBS MORTPASS 4.5% 07/48","30yr",,,,,"23728.41",,,,,,""
"2021-08-11","'31417AQX0'","MBS","UMBS MORTPASS 2.5% 12/21","Other",,,,,"23720.11",,,,,,""
"2021-08-11","'36177TAU1'","MBS","GNMA I 3.5% 03/42","30yr",,,,,"23697.08",,,,,,""
"2021-08-11","'36297DFW2'","MBS","GNMA I 4.5% 04/39","30yr",,,,,"23667.96",,,,,,""
"2021-08-11","'3132WFUP2'","MBS","FHLMCGLD 3% 08/46","30yr",,,,,"23652.13",,,,,,""
"2021-08-11","'31417DWS8'","MBS","UMBS MORTPASS 3% 11/32","Other",,,,,"23588.65",,,,,,""
"2021-08-11","'36206FCX8'","MBS","GNMA I MORTPASS 5% 07/38","30yr",,,,,"23570.93",,,,,,""
"2021-08-11","'36296NNB8'","MBS","GNMA I MORTPASS 6% 08/38","30yr",,,,,"23556.18",,,,,,""
"2021-08-11","'31412P3Q2'","MBS","UMBS MORTPASS 4.5% 07/39","30yr",,,,,"23545.27",,,,,,""
"2021-08-11","'36177PCT0'","MBS","GNMA I 3.5% 03/42","30yr",,,,,"23533.88",,,,,,""
"2021-08-11","'3140JVEU2'","MBS","UMBS MORTPASS 3% 09/49","30yr",,,,,"23506.96",,,,,,""
"2021-08-11","'3140EWW84'","MBS","UMBS MORTPASS 3.5% 02/46","30yr",,,,,"23505.9",,,,,,""
"2021-08-11","'3138EPWN0'","MBS","UMBS MORTPASS 3% 06/45","30yr",,,,,"23497.89",,,,,,""
"2021-08-11","'36177TK63'","MBS","GNMA I MORTPASS 3% 06/42","30yr",,,,,"23497",,,,,,""
"2021-08-11","'31409YDZ7'","MBS","UMBS MORTPASS 6.5% 09/36","30yr",,,,,"23486.43",,,,,,""
"2021-08-11","'3138X5PC5'","MBS","UMBS MORTPASS 2.5% 08/28","15yr",,,,,"23486.24",,,,,,""
"2021-08-11","'3138WFZM1'","MBS","UMBS MORTPASS 2.5% 11/30","15yr",,,,,"23470.03",,,,,,""
"2021-08-11","'3140X4MG8'","MBS","UMBS MORTPASS 4% 07/49","30yr",,,,,"23428.58",,,,,,""
"2021-08-11","'31329MJD3'","MBS","UMBS MORTPASS 3% 07/29","15yr",,,,,"23416.15",,,,,,""
"2021-08-11","'31412NM60'","MBS","UMBS MORTPASS 6.5% 11/38","30yr",,,,,"23403.81",,,,,,""
"2021-08-11","'31416HRT4'","MBS","UMBS MORTPASS 6.5% 02/39","30yr",,,,,"23377.94",,,,,,""
"2021-08-11","'3138EJXU7'","MBS","UMBS MORTPASS 3.5% 09/32","Other",,,,,"23321.43",,,,,,""
"2021-08-11","'3140X8BP1'","MBS","UMBS MORTPASS 2.5% 10/50","30yr",,,,,"23314.69",,,,,,""
"2021-08-11","'36202ERC5'","MBS","GNMA II MORTPASS 5% 02/38","30yr",,,,,"23301.11",,,,,,""
"2021-08-11","'31418BTF3'","MBS","UMBS MORTPASS 2.5% 06/45","30yr",,,,,"23279.58",,,,,,""
"2021-08-11","'3138ET4G8'","MBS","UMBS MORTPASS 3% 05/30","15yr",,,,,"23275.34",,,,,,""
"2021-08-11","'31418PB38'","MBS","UMBS MORTPASS 4% 01/25","15yr",,,,,"23260.01",,,,,,""
"2021-08-11","'3140Q8M69'","MBS","UMBS MORTPASS 3% 02/33","15yr",,,,,"23235.03",,,,,,""
"2021-08-11","'3131XCKL0'","MBS","UMBS MORTPASS 2.5% 11/31","15yr",,,,,"23224.98",,,,,,""
"2021-08-11","'3140FBFY1'","MBS","UMBS MORTPASS 2.5% 07/46","30yr",,,,,"23194.85",,,,,,""
"2021-08-11","'3140HPV95'","MBS","UMBS MORTPASS 3.5% 11/48","30yr",,,,,"23184.77",,,,,,""
"2021-08-11","'3140JKZ58'","MBS","UMBS MORTPASS 3.5% 02/49","30yr",,,,,"23184.48",,,,,,""
"2021-08-11","'36295DN88'","MBS","GNMA I MORTPASS 5% 09/39","30yr",,,,,"23179.31",,,,,,""
"2021-08-11","'3620A5SS9'","MBS","GNMA I 5.5% 10/39","30yr",,,,,"23175.72",,,,,,""
"2021-08-11","'3131X9NK6'","MBS","UMBS MORTPASS 2.5% 07/28","15yr",,,,,"23172.71",,,,,,""
"2021-08-11","'3140H7NN3'","MBS","UMBS MORTPASS 4.5% 03/48","30yr",,,,,"23162.62",,,,,,""
"2021-08-11","'3138YTM35'","MBS","UMBS MORTPASS 2% 07/30","15yr",,,,,"23127.19",,,,,,""
"2021-08-11","'3131X92J2'","MBS","UMBS MORTPASS 2.5% 11/28","15yr",,,,,"23090.12",,,,,,""
"2021-08-11","'36207QWW3'","MBS","GNMA I MORTPASS 6% 01/39","30yr",,,,,"23066.46",,,,,,""
"2021-08-11","'31406UJV1'","MBS","UMBS MORTPASS 5% 07/35","30yr",,,,,"23037.25",,,,,,""
"2021-08-11","'36202EH36'","MBS","GNMA II MORTPASS 5% 05/36","30yr",,,,,"23021.48",,,,,,""
"2021-08-11","'3128KUNG8'","MBS","FHLMCGLD 5% 07/37","30yr",,,,,"23015.1",,,,,,""
"2021-08-11","'3138WZSW3'","MBS","UMBS MORTPASS 2.5% 08/23","Other",,,,,"23006.81",,,,,,""
"2021-08-11","'3128MJXX3'","MBS","FHLMCGLD 3.5% 03/46","30yr",,,,,"23001.93",,,,,,""
"2021-08-11","'36202DX63'","MBS","GNMA II 4.5% 06/33","30yr",,,,,"22995.61",,,,,,""
"2021-08-11","'3140H6L80'","MBS","UMBS MORTPASS 3.5% 02/33","15yr",,,,,"22954.99",,,,,,""
"2021-08-11","'3140FDAQ9'","MBS","UMBS MORTPASS 2% 11/31","15yr",,,,,"22950.59",,,,,,""
"2021-08-11","'3138EPKL7'","MBS","UMBS MORTPASS 3.5% 04/30","15yr",,,,,"22932.97",,,,,,""
"2021-08-11","'31307VSA5'","MBS","FHLMCGLD 3% 02/33","15yr",,,,,"22931.82",,,,,,""
"2021-08-11","'3128MJMH0'","MBS","FHLMCGLD 6% 07/39","30yr",,,,,"22905.43",,,,,,""
"2021-08-11","'3138X4QS2'","MBS","UMBS MORTPASS 2% 08/23","Other",,,,,"22859.15",,,,,,""
"2021-08-11","'36202EYJ2'","MBS","GNMA II 4.5% 12/38","30yr",,,,,"22845.7",,,,,,""
"2021-08-11","'3138W4AY7'","MBS","UMBS MORTPASS 2.5% 02/43","30yr",,,,,"22835.36",,,,,,""
"2021-08-11","'3128KKEM7'","MBS","FHLMCGLD 5% 01/37","30yr",,,,,"22821.63",,,,,,""
"2021-08-11","'31418BQ66'","MBS","UMBS MORTPASS 2.5% 04/45","30yr",,,,,"22820.31",,,,,,""
"2021-08-11","'31417JFR6'","MBS","UMBS MORTPASS 6% 08/39","30yr",,,,,"22818.73",,,,,,""
"2021-08-11","'3140H2F78'","MBS","UMBS MORTPASS 3.5% 02/48","30yr",,,,,"22817.81",,,,,,""
"2021-08-11","'3138WVY39'","MBS","UMBS MORTPASS 2.5% 07/43","30yr",,,,,"22787.49",,,,,,""
"2021-08-11","'3140HAMH0'","MBS","UMBS MORTPASS 3% 08/49","30yr",,,,,"22778.9",,,,,,""
"2021-08-11","'3138XJZC4'","MBS","UMBS MORTPASS 2.5% 01/30","15yr",,,,,"22778.62",,,,,,""
"2021-08-11","'3620A6VY0'","MBS","GNMA I 5.5% 09/39","30yr",,,,,"22778.25",,,,,,""
"2021-08-11","'3140HEKH4'","MBS","UMBS MORTPASS 3.5% 02/48","30yr",,,,,"22767.41",,,,,,""
"2021-08-11","'3140JSZF9'","MBS","UMBS MORTPASS 3.5% 04/49","30yr",,,,,"22748.68",,,,,,""
"2021-08-11","'31414UMQ8'","MBS","UMBS MORTPASS 4% 03/23","15yr",,,,,"22744.01",,,,,,""
"2021-08-11","'36210BWA9'","MBS","GNMA I MORTPASS 5% 02/39","30yr",,,,,"22743.14",,,,,,""
"2021-08-11","'3138WJMJ4'","MBS","UMBS MORTPASS 3.5% 12/46","30yr",,,,,"22656.76",,,,,,""
"2021-08-11","'36295HAF7'","MBS","GNMA I MORTPASS 6% 06/39","30yr",,,,,"22644.97",,,,,,""
"2021-08-11","'3620AEE63'","MBS","GNMA I MORTPASS 4% 08/41","30yr",,,,,"22634.81",,,,,,""
"2021-08-11","'3138WYCK9'","MBS","UMBS MORTPASS 2.5% 06/28","15yr",,,,,"22630.23",,,,,,""
"2021-08-11","'36176APV5'","MBS","GNMA I MORTPASS 4% 08/41","30yr",,,,,"22614.26",,,,,,""
"2021-08-11","'3140FM3L8'","MBS","UMBS MORTPASS 3% 12/32","15yr",,,,,"22597.88",,,,,,""
"2021-08-11","'36202DYY1'","MBS","GNMA II 4.5% 08/33","30yr",,,,,"22579.29",,,,,,""
"2021-08-11","'3140FLZG6'","MBS","UMBS MORTPASS 4.5% 11/46","30yr",,,,,"22564.19",,,,,,""
"2021-08-11","'3132QVXL0'","MBS","FHLMCGLD 4% 02/46","30yr",,,,,"22547.46",,,,,,""
"2021-08-11","'3133KGN53'","MBS","UMBS MORTPASS 3.5% 02/49","30yr",,,,,"22501.5",,,,,,""
"2021-08-11","'3140Q7TF4'","MBS","UMBS MORTPASS 4% 10/47","30yr",,,,,"22477.03",,,,,,""
"2021-08-11","'3128MMJ79'","MBS","FHLMCGLD 4.5% 09/23","15yr",,,,,"22468.72",,,,,,""
"2021-08-11","'3131X9UT9'","MBS","UMBS MORTPASS 2.5% 09/28","15yr",,,,,"22467.36",,,,,,""
"2021-08-11","'36200FDX3'","MBS","GNMA I MORTPASS 5% 10/35","30yr",,,,,"22466.91",,,,,,""
"2021-08-11","'31416P2L0'","MBS","UMBS MORTPASS 5.5% 06/39","30yr",,,,,"22464.54",,,,,,""
"2021-08-11","'3140KEQH4'","MBS","UMBS MORTPASS 1.5% 09/35","15yr",,,,,"22384.08",,,,,,""
"2021-08-11","'3128M7FP6'","MBS","FHLMCGLD 5.5% 07/37","30yr",,,,,"22378.67",,,,,,""
"2021-08-11","'3138WA5S2'","MBS","UMBS MORTPASS 3.5% 02/29","15yr",,,,,"22356.53",,,,,,""
"2021-08-11","'31416RJ79'","MBS","UMBS MORTPASS 6% 05/39","30yr",,,,,"22329.05",,,,,,""
"2021-08-11","'3140JHFS7'","MBS","UMBS MORTPASS 3.5% 12/48","30yr",,,,,"22318.86",,,,,,""
"2021-08-11","'31417TNP9'","MBS","UMBS MORTPASS 4% 01/25","15yr",,,,,"22317.56",,,,,,""
"2021-08-11","'3138WB3B9'","MBS","UMBS MORTPASS 3.5% 06/44","30yr",,,,,"22311.49",,,,,,""
"2021-08-11","'3128P7GW7'","MBS","FHLMCGLD 6.5% 10/27","Other",,,,,"22309.94",,,,,,""
"2021-08-11","'31406A4F6'","MBS","UMBS MORTPASS 5.5% 12/34","30yr",,,,,"22283.44",,,,,,""
"2021-08-11","'3131XU6F9'","MBS","UMBS MORTPASS 2.5% 09/46","30yr",,,,,"22230.79",,,,,,""
"2021-08-11","'36202ULD3'","MBS","GNMA I MORTPASS 5% 05/34","30yr",,,,,"22194.17",,,,,,""
"2021-08-11","'31329KA87'","MBS","UMBS MORTPASS 4.5% 05/24","Other",,,,,"22183.43",,,,,,""
"2021-08-11","'3138YGGD8'","MBS","UMBS MORTPASS 2.5% 01/30","15yr",,,,,"22173.83",,,,,,""
"2021-08-11","'3128MFTF5'","MBS","FHLMCGLD 3.5% 11/28","15yr",,,,,"22143.03",,,,,,""
"2021-08-11","'3132A9TA5'","MBS","UMBS MORTPASS 2.5% 03/32","15yr",,,,,"22138.66",,,,,,""
"2021-08-11","'31404DGE2'","MBS","UMBS MORTPASS 5% 03/34","30yr",,,,,"22108.27",,,,,,""
"2021-08-11","'31417MLZ4'","MBS","UMBS MORTPASS 4.5% 08/24","15yr",,,,,"22106.23",,,,,,""
"2021-08-11","'3138W4XZ9'","MBS","UMBS MORTPASS 3% 01/43","30yr",,,,,"22105.5",,,,,,""
"2021-08-11","'31407EAL7'","MBS","UMBS MORTPASS 5% 07/35","30yr",,,,,"22065.68",,,,,,""
"2021-08-11","'3140J7XZ3'","MBS","UMBS MORTPASS 4% 10/22","Other",,,,,"22063.94",,,,,,""
"2021-08-11","'3620C5NF0'","MBS","GNMA I MORTPASS 4% 08/41","30yr",,,,,"22061.82",,,,,,""
"2021-08-11","'312933JA3'","MBS","FHLMCGLD 5.5% 06/39","30yr",,,,,"21976.82",,,,,,""
"2021-08-11","'3140HHNC5'","MBS","UMBS MORTPASS 4.5% 05/48","30yr",,,,,"21952.45",,,,,,""
"2021-08-11","'36296RUN5'","MBS","GNMA I 5.5% 09/38","30yr",,,,,"21920.43",,,,,,""
"2021-08-11","'36230QTN8'","MBS","GNMA I MORTPASS 4% 01/41","30yr",,,,,"21910.5",,,,,,""
"2021-08-11","'3140JGK53'","MBS","UMBS MORTPASS 4.5% 11/48","30yr",,,,,"21844.77",,,,,,""
"2021-08-11","'31405YVA6'","MBS","UMBS MORTPASS 6% 11/34","30yr",,,,,"21843.41",,,,,,""
"2021-08-11","'31418ACQ9'","MBS","UMBS MORTPASS 3% 02/27","15yr",,,,,"21780.27",,,,,,""
"2021-08-11","'3128PQ5E7'","MBS","FHLMCGLD 4.5% 03/25","15yr",,,,,"21754.64",,,,,,""
"2021-08-11","'31415X4Q1'","MBS","UMBS MORTPASS 4% 03/24","15yr",,,,,"21748.98",,,,,,""
"2021-08-11","'3138YNLK1'","MBS","UMBS MORTPASS 3.5% 08/45","30yr",,,,,"21746.8",,,,,,""
"2021-08-11","'36297BX55'","MBS","GNMA I 4.5% 02/39","30yr",,,,,"21730.75",,,,,,""
"2021-08-11","'3128CUXV3'","MBS","FHLMCGLD 3.5% 08/34","Other",,,,,"21684.54",,,,,,""
"2021-08-11","'36297EK61'","MBS","GNMA I MORTPASS 6% 01/39","30yr",,,,,"21658.48",,,,,,""
"2021-08-11","'31418BW93'","MBS","UMBS MORTPASS 3.5% 12/45","30yr",,,,,"21658.08",,,,,,""
"2021-08-11","'3140JG3A1'","MBS","UMBS MORTPASS 4% 09/49","30yr",,,,,"21657.63",,,,,,""
"2021-08-11","'31416W6G2'","MBS","UMBS MORTPASS 3% 11/25","15yr",,,,,"21649.67",,,,,,""
"2021-08-11","'3132QTAT3'","MBS","FHLMCGLD 4.5% 09/45","30yr",,,,,"21619.78",,,,,,""
"2021-08-11","'31414UG44'","MBS","UMBS MORTPASS 4.5% 03/23","15yr",,,,,"21605.39",,,,,,""
"2021-08-11","'3128MCPJ8'","MBS","FHLMCGLD 4% 05/25","15yr",,,,,"21599.63",,,,,,""
"2021-08-11","'3138XVDU1'","MBS","UMBS MORTPASS 3% 05/29","15yr",,,,,"21567.09",,,,,,""
"2021-08-11","'3132WEGS5'","MBS","FHLMCGLD 4.5% 04/46","30yr",,,,,"21565.06",,,,,,""
"2021-08-11","'31329MHP8'","MBS","UMBS MORTPASS 3% 08/30","15yr",,,,,"21520.55",,,,,,""
"2021-08-11","'36295WJD0'","MBS","GNMA I MORTPASS 5% 04/40","30yr",,,,,"21494.09",,,,,,""
"2021-08-11","'36296RWE3'","MBS","GNMA I 5.5% 09/38","30yr",,,,,"21473.46",,,,,,""
"2021-08-11","'3620AB5E2'","MBS","GNMA I MORTPASS 5% 11/39","30yr",,,,,"21470.57",,,,,,""
"2021-08-11","'36176XFS3'","MBS","GNMA I MORTPASS 4% 03/42","30yr",,,,,"21418.14",,,,,,""
"2021-08-11","'31417BT98'","MBS","UMBS MORTPASS 2.5% 05/22","Other",,,,,"21417.31",,,,,,""
"2021-08-11","'3138WJU22'","MBS","UMBS MORTPASS 4.5% 01/47","30yr",,,,,"21406.64",,,,,,""
"2021-08-11","'3140JXGF9'","MBS","UMBS MORTPASS 4% 07/49","30yr",,,,,"21398.39",,,,,,""
"2021-08-11","'3138W0X87'","MBS","UMBS MORTPASS 2.5% 01/28","15yr",,,,,"21390.35",,,,,,""
"2021-08-11","'3620AFGK7'","MBS","GNMA I MORTPASS 5% 11/39","30yr",,,,,"21333.38",,,,,,""
"2021-08-11","'3138XLZ47'","MBS","UMBS MORTPASS 4% 11/44","30yr",,,,,"21328.71",,,,,,""
"2021-08-11","'3128PGC92'","MBS","FHLMCGLD 4% 04/22","15yr",,,,,"21322.05",,,,,,""
"2021-08-11","'36295DQB8'","MBS","GNMA I MORTPASS 5% 04/37","30yr",,,,,"21318.15",,,,,,""
"2021-08-11","'31412QV48'","MBS","UMBS MORTPASS 4.5% 11/24","15yr",,,,,"21296.65",,,,,,""
"2021-08-11","'36200NXW6'","MBS","GNMA I MORTPASS 5% 12/34","30yr",,,,,"21282.35",,,,,,""
"2021-08-11","'31406ETU8'","MBS","UMBS MORTPASS 5% 01/35","30yr",,,,,"21266.38",,,,,,""
"2021-08-11","'3132A5EX9'","MBS","UMBS MORTPASS 3% 02/46","30yr",,,,,"21257.8",,,,,,""
"2021-08-11","'31414YDE7'","MBS","UMBS MORTPASS 6.5% 05/38","30yr",,,,,"21254.73",,,,,,""
"2021-08-11","'3138WEPW3'","MBS","UMBS MORTPASS 2.5% 05/30","15yr",,,,,"21232.41",,,,,,""
"2021-08-11","'36202VDN8'","MBS","GNMA I MORTPASS 5% 08/33","30yr",,,,,"21216.91",,,,,,""
"2021-08-11","'31371NP82'","MBS","UMBS MORTPASS 5.5% 01/28","Other",,,,,"21161.71",,,,,,""
"2021-08-11","'3138WEUQ0'","MBS","UMBS MORTPASS 2.5% 06/30","15yr",,,,,"21160.42",,,,,,""
"2021-08-11","'36290R4E0'","MBS","GNMA I MORTPASS 5% 09/33","30yr",,,,,"21140.02",,,,,,""
"2021-08-11","'3131XXZS3'","MBS","UMBS MORTPASS 4% 10/47","30yr",,,,,"21104.71",,,,,,""
"2021-08-11","'3140H7PW1'","MBS","UMBS MORTPASS 4% 06/48","30yr",,,,,"21100.11",,,,,,""
"2021-08-11","'31412QWP0'","MBS","UMBS MORTPASS 4% 12/24","15yr",,,,,"21084.45",,,,,,""
"2021-08-11","'31411CAR2'","MBS","UMBS MORTPASS 6% 10/36","30yr",,,,,"21070.76",,,,,,""
"2021-08-11","'3138YHU65'","MBS","UMBS MORTPASS 3.5% 05/45","30yr",,,,,"21056.16",,,,,,""
"2021-08-11","'3131Y0QL9'","MBS","UMBS MORTPASS 3.5% 03/48","30yr",,,,,"21051.14",,,,,,""
"2021-08-11","'31418BM37'","MBS","UMBS MORTPASS 4% 02/35","Other",,,,,"21050.25",,,,,,""
"2021-08-11","'36296QDE6'","MBS","GNMA I 5.5% 12/38","30yr",,,,,"21046.17",,,,,,""
"2021-08-11","'31307FWY3'","MBS","FHLMCGLD 3% 01/29","15yr",,,,,"21004.8",,,,,,""
"2021-08-11","'36297E6M2'","MBS","GNMA I MORTPASS 5% 03/39","30yr",,,,,"20978.34",,,,,,""
"2021-08-11","'36295RKN7'","MBS","GNMA I MORTPASS 6% 01/39","30yr",,,,,"20944.47",,,,,,""
"2021-08-11","'36202TEK8'","MBS","GNMA I MORTPASS 5% 07/34","30yr",,,,,"20939.47",,,,,,""
"2021-08-11","'31329JQC4'","MBS","UMBS MORTPASS 2.5% 02/43","30yr",,,,,"20836.44",,,,,,""
"2021-08-11","'3620AG3V5'","MBS","GNMA I MORTPASS 5% 04/40","30yr",,,,,"20819.85",,,,,,""
"2021-08-11","'3138WAHW0'","MBS","UMBS MORTPASS 2.5% 11/23","Other",,,,,"20802.26",,,,,,""
"2021-08-11","'31418ARC4'","MBS","UMBS MORTPASS 3% 03/28","15yr",,,,,"20779.78",,,,,,""
"2021-08-11","'3620A9SG7'","MBS","GNMA I 4.5% 09/39","30yr",,,,,"20775.96",,,,,,""
"2021-08-11","'3128MBGT8'","MBS","FHLMCGLD 5.5% 07/22","15yr",,,,,"20770.93",,,,,,""
"2021-08-11","'3138WGU44'","MBS","UMBS MORTPASS 2.5% 12/30","15yr",,,,,"20757.15",,,,,,""
"2021-08-11","'36294UUW0'","MBS","GNMA I 3.5% 03/42","30yr",,,,,"20754.52",,,,,,""
"2021-08-11","'3132A8DA4'","MBS","UMBS MORTPASS 3% 07/27","15yr",,,,,"20726.17",,,,,,""
"2021-08-11","'3138Y2PT4'","MBS","UMBS MORTPASS 3.5% 09/29","15yr",,,,,"20726.03",,,,,,""
"2021-08-11","'3138WDHT1'","MBS","UMBS MORTPASS 3% 11/29","15yr",,,,,"20710.39",,,,,,""
"2021-08-11","'3138X2ME1'","MBS","UMBS MORTPASS 3.5% 09/28","15yr",,,,,"20700.65",,,,,,""
"2021-08-11","'31335AWW4'","MBS","FHLMCGLD 4% 07/46","30yr",,,,,"20686.45",,,,,,""
"2021-08-11","'31407Y3P2'","MBS","UMBS MORTPASS 5% 05/36","30yr",,,,,"20680.82",,,,,,""
"2021-08-11","'3132A7G62'","MBS","UMBS MORTPASS 3% 06/27","15yr",,,,,"20600.43",,,,,,""
"2021-08-11","'36241L3W4'","MBS","GNMA II MORTPASS 4% 09/41","30yr",,,,,"20580.03",,,,,,""
"2021-08-11","'3132QRM23'","MBS","FHLMCGLD 4.5% 07/45","30yr",,,,,"20565.39",,,,,,""
"2021-08-11","'31412QT58'","MBS","UMBS MORTPASS 4% 11/24","15yr",,,,,"20561.26",,,,,,""
"2021-08-11","'3128MDE25'","MBS","FHLMCGLD 4% 06/26","15yr",,,,,"20536.95",,,,,,""
"2021-08-11","'3138LYPN1'","MBS","UMBS MORTPASS 3% 06/27","15yr",,,,,"20526.22",,,,,,""
"2021-08-11","'3140F7PF0'","MBS","UMBS MORTPASS 4% 06/46","30yr",,,,,"20520.79",,,,,,""
"2021-08-11","'3620A3RG1'","MBS","GNMA I MORTPASS 5% 08/39","30yr",,,,,"20510.03",,,,,,""
"2021-08-11","'3138MRFJ5'","MBS","UMBS MORTPASS 2.5% 12/27","15yr",,,,,"20502.24",,,,,,""
"2021-08-11","'36230MJ24'","MBS","GNMA I MORTPASS 4% 07/41","30yr",,,,,"20471.87",,,,,,""
"2021-08-11","'3138LSB90'","MBS","UMBS MORTPASS 2.5% 04/22","Other",,,,,"20470.44",,,,,,""
"2021-08-11","'3128PYL51'","MBS","FHLMCGLD 3% 04/22","15yr",,,,,"20450.97",,,,,,""
"2021-08-11","'3138WEUT4'","MBS","UMBS MORTPASS 2.5% 06/30","15yr",,,,,"20429.09",,,,,,""
"2021-08-11","'3138YBS46'","MBS","UMBS MORTPASS 3% 02/30","15yr",,,,,"20423.81",,,,,,""
"2021-08-11","'3133A2DP2'","MBS","UMBS 3.0%","30yr",,,,,"20412.72",,,,,,""
"2021-08-11","'36179TZ24'","MBS","GNMA II 2.5% 05/48","30yr",,,,,"20408.88",,,,,,""
"2021-08-11","'3138WC4T7'","MBS","UMBS MORTPASS 3% 10/44","30yr",,,,,"20405.08",,,,,,""
"2021-08-11","'3140X45Y8'","MBS","UMBS MORTPASS 3.5% 09/49","30yr",,,,,"20366.28",,,,,,""
"2021-08-11","'3131XAAD3'","MBS","UMBS MORTPASS 3% 12/28","15yr",,,,,"20359.55",,,,,,""
"2021-08-11","'3132QQTQ5'","MBS","FHLMCGLD 3% 06/45","30yr",,,,,"20351.72",,,,,,""
"2021-08-11","'31407NP80'","MBS","UMBS MORTPASS 5% 08/35","30yr",,,,,"20333.09",,,,,,""
"2021-08-11","'31412TMV2'","MBS","UMBS MORTPASS 5% 06/38","30yr",,,,,"20328.53",,,,,,""
"2021-08-11","'31410LR46'","MBS","UMBS MORTPASS 2.5% 02/31","15yr",,,,,"20310.12",,,,,,""
"2021-08-11","'31400GV85'","MBS","UMBS MORTPASS 5% 02/33","30yr",,,,,"20300.7",,,,,,""
"2021-08-11","'3620A2XC5'","MBS","GNMA I 4.5% 06/39","30yr",,,,,"20290.96",,,,,,""
"2021-08-11","'3138WFF27'","MBS","UMBS MORTPASS 2.5% 08/30","15yr",,,,,"20238.89",,,,,,""
"2021-08-11","'36297DDE4'","MBS","GNMA I 4.5% 03/39","30yr",,,,,"20238.78",,,,,,""
"2021-08-11","'3138MBK70'","MBS","UMBS MORTPASS 3% 09/27","15yr",,,,,"20237.16",,,,,,""
"2021-08-11","'3138W25C5'","MBS","UMBS MORTPASS 2.5% 02/33","Other",,,,,"20224.63",,,,,,""
"2021-08-11","'31418BY75'","MBS","UMBS MORTPASS 2% 01/31","15yr",,,,,"20210.58",,,,,,""
"2021-08-11","'36292FT64'","MBS","GNMA I MORTPASS 5% 09/35","30yr",,,,,"20210.36",,,,,,""
"2021-08-11","'3131XLGV3'","MBS","UMBS MORTPASS 2.5% 01/43","30yr",,,,,"20209.09",,,,,,""
"2021-08-11","'31371PBT6'","MBS","UMBS MORTPASS 5% 01/24","15yr",,,,,"20200.03",,,,,,""
"2021-08-11","'36296YZG0'","MBS","GNMA I MORTPASS 5% 07/39","30yr",,,,,"20178.52",,,,,,""
"2021-08-11","'31417EF97'","MBS","UMBS MORTPASS 2.5% 12/42","30yr",,,,,"20174.47",,,,,,""
"2021-08-11","'3128PWNX2'","MBS","FHLMCGLD 3% 09/21","15yr",,,,,"20125.65",,,,,,""
"2021-08-11","'36292AWJ3'","MBS","GNMA I MORTPASS 5% 09/35","30yr",,,,,"20092.66",,,,,,""
"2021-08-11","'3128P7BN2'","MBS","FHLMCGLD 5% 01/26","Other",,,,,"20091.54",,,,,,""
"2021-08-11","'36176D6Z1'","MBS","GNMA I MORTPASS 4% 03/41","30yr",,,,,"20089.3",,,,,,""
"2021-08-11","'3138WFRN8'","MBS","UMBS MORTPASS 3.5% 10/45","30yr",,,,,"20078.88",,,,,,""
"2021-08-11","'31404R3R6'","MBS","UMBS MORTPASS 5% 05/34","30yr",,,,,"20064.83",,,,,,""
"2021-08-11","'3128M6Q92'","MBS","FHLMCGLD 5.5% 08/38","30yr",,,,,"20061.28",,,,,,""
"2021-08-11","'36295GRJ3'","MBS","GNMA I MORTPASS 5% 04/39","30yr",,,,,"20046.8",,,,,,""
"2021-08-11","'3140X4P83'","MBS","UMBS MORTPASS 3% 08/49","30yr",,,,,"20045.7",,,,,,""
"2021-08-11","'3131XCLE5'","MBS","UMBS MORTPASS 2.5% 12/31","15yr",,,,,"20044.56",,,,,,""
"2021-08-11","'36176NVX6'","MBS","GNMA I 3.5% 04/43","30yr",,,,,"20014.33",,,,,,""
"2021-08-11","'3620A7QV0'","MBS","GNMA I 4.5% 11/39","30yr",,,,,"20000.95",,,,,,""
"2021-08-11","'3128KJHV7'","MBS","FHLMCGLD 5.5% 12/36","30yr",,,,,"19998.52",,,,,,""
"2021-08-11","'3131X7RD2'","MBS","UMBS MORTPASS 2.5% 04/27","15yr",,,,,"19963.65",,,,,,""
"2021-08-11","'36296WTF3'","MBS","GNMA I 5.5% 07/39","30yr",,,,,"19958.8",,,,,,""
"2021-08-11","'31417W7K1'","MBS","UMBS MORTPASS 4.5% 04/25","15yr",,,,,"19956.53",,,,,,""
"2021-08-11","'312944BN0'","MBS","FHLMCGLD 4% 12/40","30yr",,,,,"19953.12",,,,,,""
"2021-08-11","'3140J7ZZ1'","MBS","UMBS MORTPASS 3.5% 02/33","15yr",,,,,"19939.46",,,,,,""
"2021-08-11","'3620A1X94'","MBS","GNMA I 4.5% 06/39","30yr",,,,,"19917.58",,,,,,""
"2021-08-11","'36292LKE3'","MBS","GNMA I MORTPASS 5% 05/36","30yr",,,,,"19914.54",,,,,,""
"2021-08-11","'3138ERQN3'","MBS","UMBS MORTPASS 2.5% 11/31","15yr",,,,,"19911.69",,,,,,""
"2021-08-11","'36200CSK2'","MBS","GNMA I MORTPASS 5% 03/33","30yr",,,,,"19908.98",,,,,,""
"2021-08-11","'31410LHE5'","MBS","UMBS MORTPASS 3% 05/22","Other",,,,,"19907.16",,,,,,""
"2021-08-11","'3140HHFR1'","MBS","UMBS MORTPASS 4% 08/33","15yr",,,,,"19899.6",,,,,,""
"2021-08-11","'3138XYQK3'","MBS","UMBS MORTPASS 3.5% 08/44","30yr",,,,,"19899.25",,,,,,""
"2021-08-11","'36202EHR3'","MBS","GNMA II MORTPASS 5% 04/36","30yr",,,,,"19887.83",,,,,,""
"2021-08-11","'31418CCA0'","MBS","UMBS MORTPASS 2.5% 09/46","30yr",,,,,"19875.11",,,,,,""
"2021-08-11","'3131X7NW4'","MBS","UMBS MORTPASS 2.5% 04/22","Other",,,,,"19862.24",,,,,,""
"2021-08-11","'3140J7W35'","MBS","UMBS MORTPASS 2.5% 01/33","15yr",,,,,"19852.77",,,,,,""
"2021-08-11","'31410GTY9'","MBS","UMBS MORTPASS 6% 12/37","30yr",,,,,"19850.58",,,,,,""
"2021-08-11","'3131X9RW6'","MBS","UMBS MORTPASS 3% 08/23","Other",,,,,"19818.22",,,,,,""
"2021-08-11","'36297DKT3'","MBS","GNMA I MORTPASS 4% 04/39","30yr",,,,,"19817.96",,,,,,""
"2021-08-11","'3138WFHL3'","MBS","UMBS MORTPASS 3% 08/45","30yr",,,,,"19817.25",,,,,,""
"2021-08-11","'3138AFHD5'","MBS","UMBS MORTPASS 4.5% 05/41","30yr",,,,,"19810.55",,,,,,""
"2021-08-11","'3133A1TX0'","MBS","UMBS MORTPASS 3% 02/50","30yr",,,,,"19806.57",,,,,,""
"2021-08-11","'31418N5E6'","MBS","UMBS MORTPASS 4% 01/25","15yr",,,,,"19782.68",,,,,,""
"2021-08-11","'3131X9ZP2'","MBS","UMBS MORTPASS 3% 10/28","15yr",,,,,"19779.9",,,,,,""
"2021-08-11","'3132QTXA9'","MBS","FHLMCGLD 4% 10/45","30yr",,,,,"19773.34",,,,,,""
"2021-08-11","'3140JGCJ2'","MBS","UMBS MORTPASS 4% 09/48","30yr",,,,,"19767.34",,,,,,""
"2021-08-11","'31371N5K7'","MBS","UMBS MORTPASS 6.5% 11/38","30yr",,,,,"19742.33",,,,,,""
"2021-08-11","'36177MDJ8'","MBS","GNMA I MORTPASS 4% 12/41","30yr",,,,,"19731.26",,,,,,""
"2021-08-11","'31307MK88'","MBS","FHLMCGLD 2% 04/30","15yr",,,,,"19708.99",,,,,,""
"2021-08-11","'3138X0BT4'","MBS","UMBS MORTPASS 3.5% 08/43","30yr",,,,,"19679.26",,,,,,""
"2021-08-11","'31418CCW2'","MBS","UMBS MORTPASS 4% 10/46","30yr",,,,,"19675.64",,,,,,""
"2021-08-11","'31371LF38'","MBS","UMBS MORTPASS 5.5% 11/23","Other",,,,,"19658.01",,,,,,""
"2021-08-11","'31413QW38'","MBS","UMBS MORTPASS 5.5% 09/37","30yr",,,,,"19656.1",,,,,,""
"2021-08-11","'31334YAV9'","MBS","UMBS MORTPASS 3.5% 08/49","30yr",,,,,"19624.94",,,,,,""
"2021-08-11","'36297FK92'","MBS","GNMA I MORTPASS 5% 01/40","30yr",,,,,"19617.96",,,,,,""
"2021-08-11","'3140HGPN1'","MBS","UMBS MORTPASS 3% 03/33","15yr",,,,,"19612.06",,,,,,""
"2021-08-11","'3128PMJ84'","MBS","FHLMCGLD 4.5% 02/24","15yr",,,,,"19597.52",,,,,,""
"2021-08-11","'3132A7HW4'","MBS","UMBS MORTPASS 2.5% 08/22","Other",,,,,"19569.71",,,,,,""
"2021-08-11","'31418B6V3'","MBS","UMBS MORTPASS 4% 07/46","30yr",,,,,"19552.82",,,,,,""
"2021-08-11","'3138Y14Q5'","MBS","UMBS MORTPASS 3.5% 09/44","30yr",,,,,"19539.23",,,,,,""
"2021-08-11","'36201XEJ3'","MBS","GNMA I MORTPASS 5% 10/33","30yr",,,,,"19486.7",,,,,,""
"2021-08-11","'3131X9SJ4'","MBS","UMBS MORTPASS 3% 08/23","Other",,,,,"19473.08",,,,,,""
"2021-08-11","'36297HL48'","MBS","GNMA I 5.5% 05/39","30yr",,,,,"19468.77",,,,,,""
"2021-08-11","'31307HHR1'","MBS","FHLMCGLD 3% 06/29","15yr",,,,,"19457.72",,,,,,""
"2021-08-11","'3138WGLH5'","MBS","UMBS MORTPASS 4.5% 02/46","30yr",,,,,"19455.51",,,,,,""
"2021-08-11","'3138WHJH6'","MBS","UMBS MORTPASS 3% 05/31","15yr",,,,,"19421.22",,,,,,""
"2021-08-11","'3132WJSN2'","MBS","FHLMCGLD 3.5% 12/46","30yr",,,,,"19414.46",,,,,,""
"2021-08-11","'3132A9QX8'","MBS","UMBS MORTPASS 3% 06/30","15yr",,,,,"19397.79",,,,,,""
"2021-08-11","'3128PQ3X7'","MBS","FHLMCGLD 4.5% 02/25","15yr",,,,,"19394.56",,,,,,""
"2021-08-11","'3138LWCP4'","MBS","UMBS MORTPASS 2.5% 06/27","15yr",,,,,"19393.67",,,,,,""
"2021-08-11","'31417AXL8'","MBS","UMBS MORTPASS 3% 01/27","15yr",,,,,"19379",,,,,,""
"2021-08-11","'3138A8LC8'","MBS","UMBS MORTPASS 4% 03/41","30yr",,,,,"19367.09",,,,,,""
"2021-08-11","'3128MD6R9'","MBS","FHLMCGLD 3.5% 09/29","15yr",,,,,"19356.16",,,,,,""
"2021-08-11","'3620A4RV6'","MBS","GNMA I MORTPASS 5% 08/39","30yr",,,,,"19354.32",,,,,,""
"2021-08-11","'3140HLJX5'","MBS","UMBS MORTPASS 4.5% 07/48","30yr",,,,,"19327.12",,,,,,""
"2021-08-11","'3132M45M3'","MBS","FHLMCGLD 3.5% 02/44","30yr",,,,,"19321.45",,,,,,""
"2021-08-11","'3140X5BW2'","MBS","UMBS MORTPASS 3% 07/33","15yr",,,,,"19297.16",,,,,,""
"2021-08-11","'3138W9KB5'","MBS","UMBS MORTPASS 2.5% 08/28","15yr",,,,,"19289.06",,,,,,""
"2021-08-11","'36179FRH0'","MBS","GNMA I MORTPASS 4% 08/43","30yr",,,,,"19289.04",,,,,,""
"2021-08-11","'3131X7NN4'","MBS","UMBS MORTPASS 2.5% 04/22","Other",,,,,"19205.23",,,,,,""
"2021-08-11","'3138EMU66'","MBS","UMBS MORTPASS 2.5% 02/28","15yr",,,,,"19198.65",,,,,,""
"2021-08-11","'3620C6SS5'","MBS","GNMA I MORTPASS 4% 11/40","30yr",,,,,"19196.76",,,,,,""
"2021-08-11","'31415AWN7'","MBS","UMBS MORTPASS 4.5% 04/23","15yr",,,,,"19196.34",,,,,,""
"2021-08-11","'3128M7H74'","MBS","FHLMCGLD 5% 03/39","30yr",,,,,"19173.57",,,,,,""
"2021-08-11","'31417NAC5'","MBS","UMBS MORTPASS 4.5% 08/24","15yr",,,,,"19152.12",,,,,,""
"2021-08-11","'3128P7LW1'","MBS","FHLMCGLD 5% 03/29","Other",,,,,"19140.63",,,,,,""
"2021-08-11","'36296E3Y0'","MBS","GNMA I 5.5% 06/38","30yr",,,,,"19131.66",,,,,,""
"2021-08-11","'3131X8BT2'","MBS","UMBS MORTPASS 2.5% 10/27","15yr",,,,,"19092.17",,,,,,""
"2021-08-11","'31334YZU4'","MBS","UMBS MORTPASS 3% 09/49","30yr",,,,,"19059.27",,,,,,""
"2021-08-11","'3138WDHL8'","MBS","UMBS MORTPASS 2.5% 11/29","15yr",,,,,"19056.47",,,,,,""
"2021-08-11","'3128MMS38'","MBS","FHLMCGLD 3% 01/30","15yr",,,,,"19040.06",,,,,,""
"2021-08-11","'36177WLN8'","MBS","GNMA I MORTPASS 4% 05/42","30yr",,,,,"19033.11",,,,,,""
"2021-08-11","'36295ALF0'","MBS","GNMA I MORTPASS 6% 03/37","30yr",,,,,"19009.63",,,,,,""
"2021-08-11","'3620A2C95'","MBS","GNMA I MORTPASS 5% 08/39","30yr",,,,,"18978.74",,,,,,""
"2021-08-11","'31418AAX6'","MBS","UMBS MORTPASS 3% 12/21","Other",,,,,"18976.12",,,,,,""
"2021-08-11","'3138XTPE9'","MBS","UMBS MORTPASS 3.5% 05/24","Other",,,,,"18945.19",,,,,,""
"2021-08-11","'3620A54L0'","MBS","GNMA I MORTPASS 4% 10/41","30yr",,,,,"18936.79",,,,,,""
"2021-08-11","'3128M4XV0'","MBS","FHLMCGLD 5.5% 07/37","30yr",,,,,"18930.56",,,,,,""
"2021-08-11","'3128E4DJ8'","MBS","FHLMCGLD 5% 06/27","Other",,,,,"18925.56",,,,,,""
"2021-08-11","'31417BL47'","MBS","UMBS MORTPASS 2.5% 04/22","Other",,,,,"18914.64",,,,,,""
"2021-08-11","'31307NFE9'","MBS","FHLMCGLD 3.5% 06/30","15yr",,,,,"18912.57",,,,,,""
"2021-08-11","'3138WFBK1'","MBS","UMBS MORTPASS 2.5% 07/45","30yr",,,,,"18904.21",,,,,,""
"2021-08-11","'3132QTAF3'","MBS","FHLMCGLD 3.5% 09/45","30yr",,,,,"18886.94",,,,,,""
"2021-08-11","'31412QX61'","MBS","UMBS MORTPASS 5.5% 12/39","30yr",,,,,"18878.38",,,,,,""
"2021-08-11","'3138WFHF6'","MBS","UMBS MORTPASS 3.5% 08/45","30yr",,,,,"18832.43",,,,,,""
"2021-08-11","'31416NCJ9'","MBS","UMBS MORTPASS 6.5% 03/39","30yr",,,,,"18829.29",,,,,,""
"2021-08-11","'3128PRA33'","MBS","FHLMCGLD 4.5% 03/25","15yr",,,,,"18829.2",,,,,,""
"2021-08-11","'31413JRJ5'","MBS","UMBS MORTPASS 5% 07/37","30yr",,,,,"18828.67",,,,,,""
"2021-08-11","'3138WE6A2'","MBS","UMBS MORTPASS 3.5% 07/45","30yr",,,,,"18817.24",,,,,,""
"2021-08-11","'36180MXG7'","MBS","GNMA I MORTPASS 3% 03/43","30yr",,,,,"18797.92",,,,,,""
"2021-08-11","'3131X76V5'","MBS","UMBS MORTPASS 3% 09/22","Other",,,,,"18750.23",,,,,,""
"2021-08-11","'3128M44Q3'","MBS","FHLMCGLD 5.5% 08/37","30yr",,,,,"18745.92",,,,,,""
"2021-08-11","'3128MJYC8'","MBS","FHLMCGLD 3.5% 05/46","30yr",,,,,"18711.63",,,,,,""
"2021-08-11","'36200KQB6'","MBS","GNMA I MORTPASS 5% 03/33","30yr",,,,,"18699.75",,,,,,""
"2021-08-11","'3140Q86B6'","MBS","UMBS MORTPASS 3.5% 12/47","30yr",,,,,"18690.44",,,,,,""
"2021-08-11","'31412DSP4'","MBS","UMBS MORTPASS 5% 12/36","30yr",,,,,"18688.56",,,,,,""
"2021-08-11","'31335HX99'","MBS","FHLMCGLD 4% 08/23","Other",,,,,"18679.98",,,,,,""
"2021-08-11","'3140X5WG4'","MBS","UMBS MORTPASS 3.5% 02/50","30yr",,,,,"18665.01",,,,,,""
"2021-08-11","'36181MMY9'","MBS","GNMA I MORTPASS 4% 10/43","30yr",,,,,"18660.79",,,,,,""
"2021-08-11","'3138W13U9'","MBS","UMBS MORTPASS 2.5% 02/28","15yr",,,,,"18658.41",,,,,,""
"2021-08-11","'31339SVK8'","MBS","UMBS MORTPASS 3% 10/49","30yr",,,,,"18652.59",,,,,,""
"2021-08-11","'36290VQ80'","MBS","GNMA I MORTPASS 5% 09/33","30yr",,,,,"18639.16",,,,,,""
"2021-08-11","'3620AAU48'","MBS","GNMA I MORTPASS 5% 08/39","30yr",,,,,"18632.06",,,,,,""
"2021-08-11","'3128P76D0'","MBS","FHLMCGLD 3.5% 07/34","Other",,,,,"18631.56",,,,,,""
"2021-08-11","'3140EUKZ1'","MBS","UMBS MORTPASS 4.5% 03/46","30yr",,,,,"18627.45",,,,,,""
"2021-08-11","'31412QRR2'","MBS","UMBS MORTPASS 4% 11/24","15yr",,,,,"18587.6",,,,,,""
"2021-08-11","'36296ST39'","MBS","GNMA I MORTPASS 6% 12/38","30yr",,,,,"18572.63",,,,,,""
"2021-08-11","'31307SW82'","MBS","FHLMCGLD 2.5% 01/32","15yr",,,,,"18572.46",,,,,,""
"2021-08-11","'31417MYE7'","MBS","UMBS MORTPASS 6.5% 10/39","30yr",,,,,"18541.1",,,,,,""
"2021-08-11","'312933YU2'","MBS","FHLMCGLD 4.5% 07/39","30yr",,,,,"18526.3",,,,,,""
"2021-08-11","'31297CEH9'","MBS","FHLMCGLD 6.5% 07/34","30yr",,,,,"18501.38",,,,,,""
"2021-08-11","'36296TCU5'","MBS","GNMA I MORTPASS 5% 03/39","30yr",,,,,"18495.79",,,,,,""
"2021-08-11","'3140HMH64'","MBS","UMBS MORTPASS 3% 09/33","15yr",,,,,"18491.31",,,,,,""
"2021-08-11","'3128P8CD1'","MBS","FHLMCGLD 3.5% 04/36","Other",,,,,"18471.88",,,,,,""
"2021-08-11","'3140JN6V7'","MBS","UMBS MORTPASS 3.5% 04/49","30yr",,,,,"18449.62",,,,,,""
"2021-08-11","'36176PRL2'","MBS","GNMA I 3.5% 11/41","30yr",,,,,"18447.8",,,,,,""
"2021-08-11","'31415AU33'","MBS","UMBS MORTPASS 5% 06/38","30yr",,,,,"18442.46",,,,,,""
"2021-08-11","'36291YTX5'","MBS","GNMA I MORTPASS 5% 08/35","30yr",,,,,"18429.19",,,,,,""
"2021-08-11","'3140FNCY8'","MBS","UMBS MORTPASS 4.5% 11/47","30yr",,,,,"18426.94",,,,,,""
"2021-08-11","'31307LAL2'","MBS","FHLMCGLD 3.5% 10/29","15yr",,,,,"18425.2",,,,,,""
"2021-08-11","'3138X5A64'","MBS","UMBS MORTPASS 3.5% 08/28","15yr",,,,,"18404.56",,,,,,""
"2021-08-11","'36212LUZ2'","MBS","GNMA I 4.5% 01/39","30yr",,,,,"18401.81",,,,,,""
"2021-08-11","'31334XJS9'","MBS","UMBS MORTPASS 4% 07/49","30yr",,,,,"18384.8",,,,,,""
"2021-08-11","'3138WCWR0'","MBS","UMBS MORTPASS 3% 09/29","15yr",,,,,"18376.59",,,,,,""
"2021-08-11","'3140GYKR9'","MBS","UMBS MORTPASS 3.5% 02/33","15yr",,,,,"18374.59",,,,,,""
"2021-08-11","'31416SVD0'","MBS","UMBS MORTPASS 6.5% 06/39","30yr",,,,,"18362.96",,,,,,""
"2021-08-11","'3140FDFG6'","MBS","UMBS MORTPASS 3% 11/46","30yr",,,,,"18354.05",,,,,,""
"2021-08-11","'3138WHP55'","MBS","UMBS MORTPASS 2.5% 08/31","15yr",,,,,"18331.97",,,,,,""
"2021-08-11","'36177SWZ8'","MBS","GNMA I 3.5% 02/42","30yr",,,,,"18298.84",,,,,,""
"2021-08-11","'31417N2X8'","MBS","UMBS MORTPASS 4% 07/39","30yr",,,,,"18293.91",,,,,,""
"2021-08-11","'3128P7MQ3'","MBS","FHLMCGLD 5% 09/29","Other",,,,,"18254.84",,,,,,""
"2021-08-11","'3131X8NY8'","MBS","UMBS MORTPASS 2.5% 01/28","15yr",,,,,"18246.98",,,,,,""
"2021-08-11","'36179BB45'","MBS","GNMA I MORTPASS 3% 05/43","30yr",,,,,"18206.56",,,,,,""
"2021-08-11","'3128MDNH2'","MBS","FHLMCGLD 3% 02/23","15yr",,,,,"18205.28",,,,,,""
"2021-08-11","'3138M2C46'","MBS","UMBS MORTPASS 2.5% 07/27","15yr",,,,,"18200.01",,,,,,""
"2021-08-11","'3140HMGF5'","MBS","UMBS MORTPASS 3.5% 07/48","30yr",,,,,"18162.05",,,,,,""
"2021-08-11","'3138EJCJ5'","MBS","UMBS MORTPASS 3% 06/22","Other",,,,,"18151.47",,,,,,""
"2021-08-11","'3132KFMW9'","MBS","FHLMCGLD 2.5% 08/31","15yr",,,,,"18143.14",,,,,,""
"2021-08-11","'36230ND51'","MBS","GNMA I 3.5% 10/40","30yr",,,,,"18111.67",,,,,,""
"2021-08-11","'3138MFPX9'","MBS","UMBS MORTPASS 2.5% 10/27","15yr",,,,,"18101.22",,,,,,""
"2021-08-11","'36178TKX3'","MBS","GNMA I MORTPASS 4% 11/42","30yr",,,,,"18097.42",,,,,,""
"2021-08-11","'3138Y7SQ6'","MBS","UMBS MORTPASS 3.5% 10/29","15yr",,,,,"18094.29",,,,,,""
"2021-08-11","'3138WJJ33'","MBS","UMBS MORTPASS 4.5% 11/46","30yr",,,,,"18093.53",,,,,,""
"2021-08-11","'3131Y2WJ3'","MBS","UMBS MORTPASS 4% 08/48","30yr",,,,,"18083.58",,,,,,""
"2021-08-11","'3131XXMQ1'","MBS","UMBS MORTPASS 3.5% 08/47","30yr",,,,,"18077.29",,,,,,""
"2021-08-11","'36297HUS5'","MBS","GNMA I MORTPASS 5% 07/39","30yr",,,,,"18050.33",,,,,,""
"2021-08-11","'3620AGW27'","MBS","GNMA I MORTPASS 5% 02/40","30yr",,,,,"18037.17",,,,,,""
"2021-08-11","'31329PCM3'","MBS","UMBS MORTPASS 4.5% 06/48","30yr",,,,,"18021.58",,,,,,""
"2021-08-11","'3131X7VH8'","MBS","UMBS MORTPASS 3% 06/22","Other",,,,,"18004.75",,,,,,""
"2021-08-11","'3128PPMF7'","MBS","FHLMCGLD 4.5% 07/24","15yr",,,,,"17995.6",,,,,,""
"2021-08-11","'31416K6K9'","MBS","UMBS MORTPASS 4% 03/24","15yr",,,,,"17990.26",,,,,,""
"2021-08-11","'3138W9NP1'","MBS","UMBS MORTPASS 3% 09/28","15yr",,,,,"17970.24",,,,,,""
"2021-08-11","'3140JKY26'","MBS","UMBS MORTPASS 3.5% 01/49","30yr",,,,,"17962.91",,,,,,""
"2021-08-11","'3138XKN67'","MBS","UMBS MORTPASS 3% 05/24","Other",,,,,"17960.86",,,,,,""
"2021-08-11","'3138MGMS1'","MBS","UMBS MORTPASS 2.5% 01/28","15yr",,,,,"17959.54",,,,,,""
"2021-08-11","'36295GUD2'","MBS","GNMA I MORTPASS 6% 08/37","30yr",,,,,"17909.09",,,,,,""
"2021-08-11","'3131X62L3'","MBS","UMBS MORTPASS 3% 08/26","15yr",,,,,"17889.58",,,,,,""
"2021-08-11","'31418CG40'","MBS","UMBS MORTPASS 2.5% 01/47","30yr",,,,,"17871.91",,,,,,""
"2021-08-11","'31415YWC9'","MBS","UMBS MORTPASS 6.5% 11/38","30yr",,,,,"17816.62",,,,,,""
"2021-08-11","'31307HFF9'","MBS","FHLMCGLD 3% 05/29","15yr",,,,,"17815.23",,,,,,""
"2021-08-11","'3132ACSJ0'","MBS","UMBS MORTPASS 4% 09/48","30yr",,,,,"17813.99",,,,,,""
"2021-08-11","'3128Q1BC8'","MBS","FHLMCGLD 2.5% 08/22","15yr",,,,,"17802.34",,,,,,""
"2021-08-11","'3140E8YS1'","MBS","UMBS MORTPASS 3.5% 11/45","30yr",,,,,"17802.25",,,,,,""
"2021-08-11","'3128PK3J1'","MBS","FHLMCGLD 5% 06/23","15yr",,,,,"17790.02",,,,,,""
"2021-08-11","'3138X5CX3'","MBS","UMBS MORTPASS 3.5% 05/29","15yr",,,,,"17761.31",,,,,,""
"2021-08-11","'31410LLP5'","MBS","UMBS MORTPASS 3% 04/23","Other",,,,,"17746.69",,,,,,""
"2021-08-11","'3138E1QJ9'","MBS","UMBS MORTPASS 3% 02/27","15yr",,,,,"17740.47",,,,,,""
"2021-08-11","'31412RLN5'","MBS","UMBS MORTPASS 3.5% 11/25","15yr",,,,,"17734.21",,,,,,""
"2021-08-11","'3140J5Q85'","MBS","UMBS MORTPASS 4% 08/24","Other",,,,,"17729.85",,,,,,""
"2021-08-11","'3128PMLC2'","MBS","FHLMCGLD 4.5% 02/24","15yr",,,,,"17713.25",,,,,,""
"2021-08-11","'31388QPA1'","MBS","UMBS MORTPASS 5% 01/32","30yr",,,,,"17647.27",,,,,,""
"2021-08-11","'3132M6W48'","MBS","FHLMCGLD 4% 05/44","30yr",,,,,"17596.58",,,,,,""
"2021-08-11","'3140X4JD9'","MBS","UMBS MORTPASS 4.5% 02/48","30yr",,,,,"17595.51",,,,,,""
"2021-08-11","'36296US27'","MBS","GNMA I MORTPASS 5% 03/39","30yr",,,,,"17594.83",,,,,,""
"2021-08-11","'3138ERJL5'","MBS","UMBS MORTPASS 3% 10/46","30yr",,,,,"17586.29",,,,,,""
"2021-08-11","'3128Q03C9'","MBS","FHLMCGLD 3.5% 07/27","15yr",,,,,"17576.2",,,,,,""
"2021-08-11","'31419A4N4'","MBS","UMBS MORTPASS 3.5% 02/41","30yr",,,,,"17535.92",,,,,,""
"2021-08-11","'3138LTBL1'","MBS","UMBS MORTPASS 3% 05/27","15yr",,,,,"17525.54",,,,,,""
"2021-08-11","'3140J5RW1'","MBS","UMBS MORTPASS 3.5% 04/29","15yr",,,,,"17510.93",,,,,,""
"2021-08-11","'3132GKCD6'","MBS","FHLMCGLD 3.5% 10/41","30yr",,,,,"17509.65",,,,,,""
"2021-08-11","'3128K5GR7'","MBS","FHLMCGLD 5% 04/36","30yr",,,,,"17504.64",,,,,,""
"2021-08-11","'31416QY74'","MBS","UMBS MORTPASS 4% 06/39","30yr",,,,,"17501.79",,,,,,""
"2021-08-11","'3138EJBX5'","MBS","UMBS MORTPASS 3% 06/27","15yr",,,,,"17492.82",,,,,,""
"2021-08-11","'3140FKCG3'","MBS","UMBS MORTPASS 2.5% 11/31","15yr",,,,,"17470.82",,,,,,""
"2021-08-11","'3138NWAN9'","MBS","UMBS MORTPASS 3% 02/43","30yr",,,,,"17434.6",,,,,,""
"2021-08-11","'3138APPB8'","MBS","UMBS MORTPASS 3% 02/22","Other",,,,,"17398.45",,,,,,""
"2021-08-11","'36296MG44'","MBS","GNMA I 5.5% 04/39","30yr",,,,,"17384.72",,,,,,""
"2021-08-11","'3140Q8AB1'","MBS","UMBS MORTPASS 3% 12/32","15yr",,,,,"17372.06",,,,,,""
"2021-08-11","'36180SCK8'","MBS","GNMA I MORTPASS 4% 08/43","30yr",,,,,"17343.97",,,,,,""
"2021-08-11","'31412D6G8'","MBS","UMBS MORTPASS 5.5% 12/26","Other",,,,,"17285.53",,,,,,""
"2021-08-11","'31410G7C1'","MBS","UMBS MORTPASS 5% 04/23","15yr",,,,,"17283.61",,,,,,""
"2021-08-11","'36179UH54'","MBS","GNMA II 4.5% 12/48","30yr",,,,,"17281.52",,,,,,""
"2021-08-11","'3138WC7G2'","MBS","UMBS MORTPASS 3% 10/29","15yr",,,,,"17278.87",,,,,,""
"2021-08-11","'3132QL3F8'","MBS","FHLMCGLD 3.5% 01/45","30yr",,,,,"17265.08",,,,,,""
"2021-08-11","'3620AASQ2'","MBS","GNMA I MORTPASS 5% 08/39","30yr",,,,,"17264.53",,,,,,""
"2021-08-11","'3131XCA31'","MBS","UMBS MORTPASS 2.5% 07/31","15yr",,,,,"17248.47",,,,,,""
"2021-08-11","'3128E3WG5'","MBS","FHLMCGLD 5.5% 03/26","Other",,,,,"17243.65",,,,,,""
"2021-08-11","'3132QNRP6'","MBS","FHLMCGLD 3% 03/45","30yr",,,,,"17231.77",,,,,,""
"2021-08-11","'31371N7M1'","MBS","UMBS MORTPASS 6% 11/28","Other",,,,,"17229.71",,,,,,""
"2021-08-11","'31417YCJ4'","MBS","UMBS MORTPASS 4% 05/29","Other",,,,,"17221.11",,,,,,""
"2021-08-11","'3131XAF30'","MBS","UMBS MORTPASS 3% 02/29","15yr",,,,,"17200.65",,,,,,""
"2021-08-11","'3131XYSU4'","MBS","UMBS MORTPASS 3.5% 12/47","30yr",,,,,"17190.02",,,,,,""
"2021-08-11","'31416NDW9'","MBS","UMBS MORTPASS 6.5% 04/39","30yr",,,,,"17188.67",,,,,,""
"2021-08-11","'31418BQK5'","MBS","UMBS MORTPASS 3% 05/45","30yr",,,,,"17178.46",,,,,,""
"2021-08-11","'3620ABC46'","MBS","GNMA I MORTPASS 4% 12/39","30yr",,,,,"17137.67",,,,,,""
"2021-08-11","'3138XTY41'","MBS","UMBS MORTPASS 3.5% 04/29","15yr",,,,,"17124.83",,,,,,""
"2021-08-11","'3138XMF54'","MBS","UMBS MORTPASS 4% 03/44","30yr",,,,,"17104.9",,,,,,""
"2021-08-11","'3128PRA66'","MBS","FHLMCGLD 4% 03/25","15yr",,,,,"17095.19",,,,,,""
"2021-08-11","'3140GTSQ4'","MBS","UMBS MORTPASS 2.5% 08/32","15yr",,,,,"17094.88",,,,,,""
"2021-08-11","'3138WEUU1'","MBS","UMBS MORTPASS 2.5% 06/30","15yr",,,,,"17088.81",,,,,,""
"2021-08-11","'3138MKNA0'","MBS","UMBS MORTPASS 3.5% 11/28","15yr",,,,,"17079.58",,,,,,""
"2021-08-11","'31419KKX2'","MBS","UMBS MORTPASS 3% 11/25","15yr",,,,,"17061.14",,,,,,""
"2021-08-11","'36291UNH4'","MBS","GNMA I 4.5% 03/39","30yr",,,,,"17056.99",,,,,,""
"2021-08-11","'31307YAK6'","MBS","FHLMCGLD 3% 12/33","15yr",,,,,"17034.52",,,,,,""
"2021-08-11","'36230SHV9'","MBS","GNMA I MORTPASS 4% 09/41","30yr",,,,,"17029.45",,,,,,""
"2021-08-11","'3140EBHJ3'","MBS","UMBS MORTPASS 2.5% 01/31","15yr",,,,,"16996.53",,,,,,""
"2021-08-11","'3138EMYK1'","MBS","UMBS MORTPASS 4.5% 04/44","30yr",,,,,"16980.94",,,,,,""
"2021-08-11","'31418CJD7'","MBS","UMBS MORTPASS 3.5% 04/47","30yr",,,,,"16978.03",,,,,,""
"2021-08-11","'3128CULR5'","MBS","FHLMCGLD 5.5% 08/27","Other",,,,,"16975.97",,,,,,""
"2021-08-11","'3133KHMS2'","MBS","UMBS MORTPASS 3% 03/50","30yr",,,,,"16968.26",,,,,,""
"2021-08-11","'3620A6QP5'","MBS","GNMA I 5.5% 08/39","30yr",,,,,"16940.86",,,,,,""
"2021-08-11","'31294MLS8'","MBS","FHLMCGLD 3% 02/22","15yr",,,,,"16926.29",,,,,,""
"2021-08-11","'36295FJ70'","MBS","GNMA I 5.5% 06/37","30yr",,,,,"16895.49",,,,,,""
"2021-08-11","'3131XAPM7'","MBS","UMBS MORTPASS 3% 06/29","15yr",,,,,"16883.62",,,,,,""
"2021-08-11","'3140JN2X7'","MBS","UMBS MORTPASS 4.5% 03/49","30yr",,,,,"16864.45",,,,,,""
"2021-08-11","'36176GVV5'","MBS","GNMA I MORTPASS 4% 05/41","30yr",,,,,"16863.02",,,,,,""
"2021-08-11","'3138WCZ63'","MBS","UMBS MORTPASS 3% 10/29","15yr",,,,,"16849.12",,,,,,""
"2021-08-11","'3138EQZ70'","MBS","UMBS MORTPASS 3% 10/30","15yr",,,,,"16846.7",,,,,,""
"2021-08-11","'3128PMRY8'","MBS","FHLMCGLD 4.5% 04/24","15yr",,,,,"16809.26",,,,,,""
"2021-08-11","'31412UAJ9'","MBS","UMBS MORTPASS 4.5% 03/24","15yr",,,,,"16803.8",,,,,,""
"2021-08-11","'3132KFQV7'","MBS","FHLMCGLD 2.5% 08/23","15yr",,,,,"16789.44",,,,,,""
"2021-08-11","'36296DAS7'","MBS","GNMA I 5.5% 07/38","30yr",,,,,"16785.99",,,,,,""
"2021-08-11","'3128Q05S2'","MBS","FHLMCGLD 3% 07/22","15yr",,,,,"16776.88",,,,,,""
"2021-08-11","'36297C3E7'","MBS","GNMA I 5.5% 02/39","30yr",,,,,"16771.89",,,,,,""
"2021-08-11","'3140HA2X7'","MBS","UMBS MORTPASS 3% 04/48","30yr",,,,,"16767.83",,,,,,""
"2021-08-11","'3132XCR49'","MBS","FHLMCGLD 3.5% 01/48","30yr",,,,,"16755.72",,,,,,""
"2021-08-11","'3140FCXC7'","MBS","UMBS MORTPASS 2.5% 08/46","30yr",,,,,"16668.13",,,,,,""
"2021-08-11","'3138WAY68'","MBS","UMBS MORTPASS 3% 02/29","15yr",,,,,"16657.11",,,,,,""
"2021-08-11","'3138WJC89'","MBS","UMBS MORTPASS 2.5% 10/31","15yr",,,,,"16649.77",,,,,,""
"2021-08-11","'3620C4JW1'","MBS","GNMA I 3.5% 11/41","30yr",,,,,"16623.03",,,,,,""
"2021-08-11","'3140GVDX0'","MBS","UMBS MORTPASS 3.5% 03/33","15yr",,,,,"16621.79",,,,,,""
"2021-08-11","'31412XHU1'","MBS","UMBS MORTPASS 6% 05/37","30yr",,,,,"16614.94",,,,,,""
"2021-08-11","'31307MY75'","MBS","FHLMCGLD 3% 05/30","15yr",,,,,"16614.33",,,,,,""
"2021-08-11","'3138AXHB0'","MBS","UMBS MORTPASS 3% 11/26","15yr",,,,,"16609.78",,,,,,""
"2021-08-11","'3128PPME0'","MBS","FHLMCGLD 4% 07/24","15yr",,,,,"16607.91",,,,,,""
"2021-08-11","'3140HKAB4'","MBS","UMBS MORTPASS 3.5% 07/48","30yr",,,,,"16604.81",,,,,,""
"2021-08-11","'3132A7FV8'","MBS","UMBS MORTPASS 3% 04/22","Other",,,,,"16554.12",,,,,,""
"2021-08-11","'3140EUFU8'","MBS","UMBS MORTPASS 4.5% 01/46","30yr",,,,,"16543.73",,,,,,""
"2021-08-11","'3131X8CW4'","MBS","UMBS MORTPASS 2.5% 10/22","Other",,,,,"16507.38",,,,,,""
"2021-08-11","'31404BNV0'","MBS","UMBS MORTPASS 5% 04/34","30yr",,,,,"16499.07",,,,,,""
"2021-08-11","'3140FDZ41'","MBS","UMBS MORTPASS 3% 12/31","15yr",,,,,"16495.43",,,,,,""
"2021-08-11","'31371NSN6'","MBS","UMBS MORTPASS 5.5% 03/28","Other",,,,,"16488.21",,,,,,""
"2021-08-11","'3140H8RN7'","MBS","UMBS MORTPASS 3.5% 04/48","30yr",,,,,"16459.11",,,,,,""
"2021-08-11","'3128MDJH7'","MBS","FHLMCGLD 2.5% 08/22","15yr",,,,,"16453.38",,,,,,""
"2021-08-11","'3138XXGL4'","MBS","UMBS MORTPASS 3.5% 01/27","15yr",,,,,"16449.37",,,,,,""
"2021-08-11","'3128PLKX9'","MBS","FHLMCGLD 5% 07/23","15yr",,,,,"16443.24",,,,,,""
"2021-08-11","'3140X4VK9'","MBS","UMBS MORTPASS 3.5% 09/49","30yr",,,,,"16405.87",,,,,,""
"2021-08-11","'36290R6M0'","MBS","GNMA I MORTPASS 5% 10/33","30yr",,,,,"16403.05",,,,,,""
"2021-08-11","'31416LUT1'","MBS","UMBS MORTPASS 6.5% 02/39","30yr",,,,,"16394.87",,,,,,""
"2021-08-11","'3132QUPT4'","MBS","FHLMCGLD 4.5% 11/45","30yr",,,,,"16389.08",,,,,,""
"2021-08-11","'31371MBN6'","MBS","UMBS MORTPASS 5.5% 05/25","Other",,,,,"16369.49",,,,,,""
"2021-08-11","'36207EKS2'","MBS","GNMA I MORTPASS 4% 10/33","30yr",,,,,"16369.48",,,,,,""
"2021-08-11","'3140Q9MX8'","MBS","UMBS MORTPASS 3% 07/48","30yr",,,,,"16354.14",,,,,,""
"2021-08-11","'3131X9EG5'","MBS","UMBS MORTPASS 2.5% 06/28","15yr",,,,,"16325.97",,,,,,""
"2021-08-11","'3140FD3F1'","MBS","UMBS MORTPASS 2.5% 09/46","30yr",,,,,"16305.65",,,,,,""
"2021-08-11","'31406UJU3'","MBS","UMBS MORTPASS 5% 07/35","30yr",,,,,"16273.46",,,,,,""
"2021-08-11","'3128PXWN2'","MBS","FHLMCGLD 3% 01/22","15yr",,,,,"16249.8",,,,,,""
"2021-08-11","'36295KJQ7'","MBS","GNMA I 4.5% 04/38","30yr",,,,,"16238.53",,,,,,""
"2021-08-11","'36291AHG7'","MBS","GNMA I MORTPASS 5% 01/35","30yr",,,,,"16234.53",,,,,,""
"2021-08-11","'31410NVJ4'","MBS","UMBS MORTPASS 6.5% 09/36","30yr",,,,,"16205.72",,,,,,""
"2021-08-11","'3140HHPZ2'","MBS","UMBS MORTPASS 4.5% 06/48","30yr",,,,,"16194.77",,,,,,""
"2021-08-11","'31416NVR0'","MBS","UMBS MORTPASS 4.5% 04/24","15yr",,,,,"16193.57",,,,,,""
"2021-08-11","'3138E5ZK7'","MBS","UMBS MORTPASS 3% 01/27","15yr",,,,,"16183.79",,,,,,""
"2021-08-11","'3140HGPK7'","MBS","UMBS MORTPASS 3.5% 03/33","15yr",,,,,"16151.1",,,,,,""
"2021-08-11","'31417D2S1'","MBS","UMBS MORTPASS 2.5% 11/27","15yr",,,,,"16145.66",,,,,,""
"2021-08-11","'36179RLR8'","MBS","GNMA II 4.5% 08/45","30yr",,,,,"16135.06",,,,,,""
"2021-08-11","'3128M7M29'","MBS","FHLMCGLD 4.5% 05/39","30yr",,,,,"16105.86",,,,,,""
"2021-08-11","'3132A9UM7'","MBS","UMBS MORTPASS 2% 12/32","15yr",,,,,"16094.26",,,,,,""
"2021-08-11","'3128M6EE4'","MBS","FHLMCGLD 5% 04/38","30yr",,,,,"16067.53",,,,,,""
"2021-08-11","'31417A2V0'","MBS","UMBS MORTPASS 2.5% 02/22","Other",,,,,"16049.03",,,,,,""
"2021-08-11","'3131X7F37'","MBS","UMBS MORTPASS 3% 12/21","Other",,,,,"16045.45",,,,,,""
"2021-08-11","'31415BFC8'","MBS","UMBS MORTPASS 4% 04/23","15yr",,,,,"16033.14",,,,,,""
"2021-08-11","'3138YKHV8'","MBS","UMBS MORTPASS 2.5% 06/30","15yr",,,,,"16029.27",,,,,,""
"2021-08-11","'3138X4TB6'","MBS","UMBS MORTPASS 3% 10/28","15yr",,,,,"15999.31",,,,,,""
"2021-08-11","'3140GWUB7'","MBS","UMBS MORTPASS 4% 08/47","30yr",,,,,"15981.75",,,,,,""
"2021-08-11","'36202D6C0'","MBS","GNMA II 4.5% 06/34","30yr",,,,,"15974.43",,,,,,""
"2021-08-11","'31412QXR5'","MBS","UMBS MORTPASS 5.5% 11/39","30yr",,,,,"15951.61",,,,,,""
"2021-08-11","'3620C4PF1'","MBS","GNMA I MORTPASS 4% 03/42","30yr",,,,,"15941.32",,,,,,""
"2021-08-11","'3140X4LH7'","MBS","UMBS MORTPASS 3% 04/32","15yr",,,,,"15930.23",,,,,,""
"2021-08-11","'3138YLGW5'","MBS","UMBS MORTPASS 3.5% 03/30","15yr",,,,,"15928.02",,,,,,""
"2021-08-11","'36292EVD9'","MBS","GNMA I MORTPASS 5% 09/35","30yr",,,,,"15922.22",,,,,,""
"2021-08-11","'3138X2F82'","MBS","UMBS MORTPASS 2.5% 08/28","15yr",,,,,"15915.31",,,,,,""
"2021-08-11","'3138EN2T5'","MBS","UMBS MORTPASS 3% 10/29","15yr",,,,,"15907.12",,,,,,""
"2021-08-11","'31418QA29'","MBS","UMBS MORTPASS 4% 03/25","15yr",,,,,"15862.68",,,,,,""
"2021-08-11","'3131XY6Y0'","MBS","UMBS MORTPASS 3.5% 01/48","30yr",,,,,"15853.37",,,,,,""
"2021-08-11","'31346YKZ5'","MBS","UMBS MORTPASS 3% 11/49","30yr",,,,,"15851.47",,,,,,""
"2021-08-11","'3138E0U98'","MBS","UMBS MORTPASS 3.5% 12/26","15yr",,,,,"15840.19",,,,,,""
"2021-08-11","'36295QYM6'","MBS","GNMA I MORTPASS 5% 12/37","30yr",,,,,"15826.47",,,,,,""
"2021-08-11","'31371LBP3'","MBS","UMBS MORTPASS 4.5% 07/23","Other",,,,,"15814.92",,,,,,""
"2021-08-11","'36295YS79'","MBS","GNMA I MORTPASS 5% 02/38","30yr",,,,,"15812.27",,,,,,""
"2021-08-11","'3128MMT37'","MBS","FHLMCGLD 3% 09/30","15yr",,,,,"15810.56",,,,,,""
"2021-08-11","'36297ER80'","MBS","GNMA I MORTPASS 5% 09/39","30yr",,,,,"15803.17",,,,,,""
"2021-08-11","'3138YT6U3'","MBS","UMBS MORTPASS 3.5% 11/45","30yr",,,,,"15791.55",,,,,,""
"2021-08-11","'31415CBD8'","MBS","UMBS MORTPASS 5.5% 10/38","30yr",,,,,"15781.32",,,,,,""
"2021-08-11","'3140Q96U2'","MBS","UMBS MORTPASS 2% 03/33","15yr",,,,,"15732.1",,,,,,""
"2021-08-11","'31307L4Q8'","MBS","FHLMCGLD 2.5% 02/30","15yr",,,,,"15727.81",,,,,,""
"2021-08-11","'31418CAG9'","MBS","UMBS MORTPASS 3.5% 08/46","30yr",,,,,"15720.34",,,,,,""
"2021-08-11","'31307WL69'","MBS","FHLMCGLD 3.5% 08/33","15yr",,,,,"15712.53",,,,,,""
"2021-08-11","'3138YNXU6'","MBS","UMBS MORTPASS 2% 04/30","15yr",,,,,"15712.51",,,,,,""
"2021-08-11","'3140H7PU5'","MBS","UMBS MORTPASS 4.5% 05/48","30yr",,,,,"15674.07",,,,,,""
"2021-08-11","'36230RXJ0'","MBS","GNMA I MORTPASS 4% 12/40","30yr",,,,,"15671",,,,,,""
"2021-08-11","'36297EMA0'","MBS","GNMA I MORTPASS 6% 03/39","30yr",,,,,"15670.31",,,,,,""
"2021-08-11","'31297UKW9'","MBS","FHLMCGLD 5.5% 10/35","30yr",,,,,"15667.82",,,,,,""
"2021-08-11","'3138AWBT9'","MBS","UMBS MORTPASS 4% 11/41","30yr",,,,,"15656.91",,,,,,""
"2021-08-11","'31412LMM9'","MBS","UMBS MORTPASS 6% 06/27","Other",,,,,"15645.37",,,,,,""
"2021-08-11","'36213TAH6'","MBS","GNMA I MORTPASS 5% 04/34","30yr",,,,,"15645.32",,,,,,""
"2021-08-11","'3131X9CC6'","MBS","UMBS MORTPASS 3% 05/28","15yr",,,,,"15634.35",,,,,,""
"2021-08-11","'36176HTH7'","MBS","GNMA I 3.5% 05/42","30yr",,,,,"15619.49",,,,,,""
"2021-08-11","'3140EY3U3'","MBS","UMBS MORTPASS 3.5% 03/31","15yr",,,,,"15610.44",,,,,,""
"2021-08-11","'36297DAL1'","MBS","GNMA I 4.5% 04/39","30yr",,,,,"15587.86",,,,,,""
"2021-08-11","'31410GRD7'","MBS","UMBS MORTPASS 5.5% 12/35","30yr",,,,,"15577.11",,,,,,""
"2021-08-11","'31406NFZ2'","MBS","UMBS MORTPASS 5% 04/35","30yr",,,,,"15576.8",,,,,,""
"2021-08-11","'3138MDV33'","MBS","UMBS MORTPASS 2.5% 10/42","30yr",,,,,"15558.27",,,,,,""
"2021-08-11","'31307N3W2'","MBS","FHLMCGLD 3.5% 08/30","15yr",,,,,"15553.47",,,,,,""
"2021-08-11","'36292CH31'","MBS","GNMA I MORTPASS 5% 05/35","30yr",,,,,"15553.05",,,,,,""
"2021-08-11","'31417Y7H4'","MBS","UMBS MORTPASS 3.5% 11/31","Other",,,,,"15552.47",,,,,,""
"2021-08-11","'31418CMX9'","MBS","UMBS MORTPASS 4.5% 07/47","30yr",,,,,"15541.09",,,,,,""
"2021-08-11","'3138W0F53'","MBS","UMBS MORTPASS 2.5% 01/43","30yr",,,,,"15534.09",,,,,,""
"2021-08-11","'36296VZQ4'","MBS","GNMA I 4.5% 01/39","30yr",,,,,"15525.89",,,,,,""
"2021-08-11","'3140J8SW4'","MBS","UMBS MORTPASS 3.5% 05/33","15yr",,,,,"15520.78",,,,,,""
"2021-08-11","'31418CAY0'","MBS","UMBS MORTPASS 4% 08/46","30yr",,,,,"15518.08",,,,,,""
"2021-08-11","'36200NS85'","MBS","GNMA I MORTPASS 5% 06/34","30yr",,,,,"15516.31",,,,,,""
"2021-08-11","'36296ULG3'","MBS","GNMA I MORTPASS 6% 05/38","30yr",,,,,"15499.35",,,,,,""
"2021-08-11","'3132MANN7'","MBS","FHLMCGLD 3.5% 11/44","30yr",,,,,"15495.28",,,,,,""
"2021-08-11","'36230LH85'","MBS","GNMA I MORTPASS 4% 11/40","30yr",,,,,"15490.56",,,,,,""
"2021-08-11","'3128PXLF1'","MBS","FHLMCGLD 3% 12/21","15yr",,,,,"15488.81",,,,,,""
"2021-08-11","'3620C6GA7'","MBS","GNMA I MORTPASS 4% 09/40","30yr",,,,,"15455.63",,,,,,""
"2021-08-11","'36178LGN7'","MBS","GNMA I 3.5% 11/42","30yr",,,,,"15455.43",,,,,,""
"2021-08-11","'31418QAZ6'","MBS","UMBS MORTPASS 4% 12/24","15yr",,,,,"15449.08",,,,,,""
"2021-08-11","'3138WHL26'","MBS","UMBS MORTPASS 3.5% 07/46","30yr",,,,,"15438.3",,,,,,""
"2021-08-11","'3128MML92'","MBS","FHLMCGLD 4% 06/25","15yr",,,,,"15411.37",,,,,,""
"2021-08-11","'3620AUMA9'","MBS","GNMA I 3.5% 03/42","30yr",,,,,"15383.28",,,,,,""
"2021-08-11","'31307HMM6'","MBS","FHLMCGLD 3.5% 06/29","15yr",,,,,"15371.03",,,,,,""
"2021-08-11","'31403CYH8'","MBS","UMBS MORTPASS 6.5% 10/35","30yr",,,,,"15346.32",,,,,,""
"2021-08-11","'36295R4K1'","MBS","GNMA I 4.5% 03/39","30yr",,,,,"15343.93",,,,,,""
"2021-08-11","'3138X6GP4'","MBS","UMBS MORTPASS 3.5% 03/29","15yr",,,,,"15326.72",,,,,,""
"2021-08-11","'3131XUBJ5'","MBS","UMBS MORTPASS 2.5% 01/46","30yr",,,,,"15322.1",,,,,,""
"2021-08-11","'31412QSL4'","MBS","UMBS MORTPASS 4% 10/39","30yr",,,,,"15318.33",,,,,,""
"2021-08-11","'3140FR5V3'","MBS","UMBS MORTPASS 3.5% 05/32","15yr",,,,,"15316.6",,,,,,""
"2021-08-11","'36292HSC8'","MBS","GNMA I 4.5% 10/35","30yr",,,,,"15313.02",,,,,,""
"2021-08-11","'3138YXK95'","MBS","UMBS MORTPASS 3% 09/30","15yr",,,,,"15303.23",,,,,,""
"2021-08-11","'31415TLN8'","MBS","UMBS MORTPASS 6.5% 10/38","30yr",,,,,"15281.2",,,,,,""
"2021-08-11","'36230NHB4'","MBS","GNMA I MORTPASS 4% 01/41","30yr",,,,,"15280.66",,,,,,""
"2021-08-11","'3138EQFY3'","MBS","UMBS MORTPASS 3.5% 09/45","30yr",,,,,"15239.48",,,,,,""
"2021-08-11","'3620AGUE3'","MBS","GNMA I 4.5% 01/40","30yr",,,,,"15203.35",,,,,,""
"2021-08-11","'36241LPP5'","MBS","GNMA II MORTPASS 4% 10/40","30yr",,,,,"15171.11",,,,,,""
"2021-08-11","'36200MYY3'","MBS","GNMA I MORTPASS 4% 09/33","30yr",,,,,"15137.08",,,,,,""
"2021-08-11","'3138MNZF0'","MBS","UMBS MORTPASS 2.5% 12/27","15yr",,,,,"15089.89",,,,,,""
"2021-08-11","'36176KEQ6'","MBS","GNMA I MORTPASS 4% 08/41","30yr",,,,,"15079.53",,,,,,""
"2021-08-11","'31413RUE4'","MBS","UMBS MORTPASS 5.5% 11/37","30yr",,,,,"15038.82",,,,,,""
"2021-08-11","'3131XAJM4'","MBS","UMBS MORTPASS 3% 04/29","15yr",,,,,"15035.95",,,,,,""
"2021-08-11","'3140EVH91'","MBS","UMBS MORTPASS 3% 06/46","30yr",,,,,"15017.37",,,,,,""
"2021-08-11","'31329LD66'","MBS","UMBS MORTPASS 2.5% 02/28","15yr",,,,,"15015.54",,,,,,""
"2021-08-11","'31414TRT0'","MBS","UMBS MORTPASS 5% 04/38","30yr",,,,,"14993.47",,,,,,""
"2021-08-11","'3128PTJ30'","MBS","FHLMCGLD 3.5% 12/25","15yr",,,,,"14965.07",,,,,,""
"2021-08-11","'3138MBWY8'","MBS","UMBS MORTPASS 3% 09/22","Other",,,,,"14941.53",,,,,,""
"2021-08-11","'3138WDUL3'","MBS","UMBS MORTPASS 2.5% 01/30","15yr",,,,,"14914.93",,,,,,""
"2021-08-11","'31416PWS2'","MBS","UMBS MORTPASS 5.5% 05/39","30yr",,,,,"14913.27",,,,,,""
"2021-08-11","'3140EVTX5'","MBS","UMBS MORTPASS 2.5% 07/31","15yr",,,,,"14910.94",,,,,,""
"2021-08-11","'3138EPWD2'","MBS","UMBS MORTPASS 3.5% 07/30","15yr",,,,,"14896.93",,,,,,""
"2021-08-11","'3140F7W54'","MBS","UMBS MORTPASS 4.5% 06/47","30yr",,,,,"14889.64",,,,,,""
"2021-08-11","'3128M7PW0'","MBS","FHLMCGLD 5.5% 01/39","30yr",,,,,"14842.83",,,,,,""
"2021-08-11","'3138E4RX1'","MBS","UMBS MORTPASS 3% 01/27","15yr",,,,,"14835.87",,,,,,""
"2021-08-11","'3128PMPL8'","MBS","FHLMCGLD 4.5% 03/24","15yr",,,,,"14835.29",,,,,,""
"2021-08-11","'3132A7JR3'","MBS","UMBS MORTPASS 2.5% 08/22","Other",,,,,"14822.81",,,,,,""
"2021-08-11","'31418TLL9'","MBS","UMBS MORTPASS 4% 04/25","15yr",,,,,"14779.04",,,,,,""
"2021-08-11","'36292CQR8'","MBS","GNMA I MORTPASS 5% 06/35","30yr",,,,,"14778.64",,,,,,""
"2021-08-11","'36176AU49'","MBS","GNMA I 3.5% 11/41","30yr",,,,,"14771.68",,,,,,""
"2021-08-11","'31419KVB8'","MBS","UMBS MORTPASS 3% 11/25","15yr",,,,,"14763.98",,,,,,""
"2021-08-11","'3138ETXC5'","MBS","UMBS MORTPASS 3% 03/29","15yr",,,,,"14720.07",,,,,,""
"2021-08-11","'31418BJU1'","MBS","UMBS MORTPASS 3% 09/44","30yr",,,,,"14705.87",,,,,,""
"2021-08-11","'31418B3C8'","MBS","UMBS MORTPASS 4.5% 03/46","30yr",,,,,"14705.41",,,,,,""
"2021-08-11","'31417J6J4'","MBS","UMBS MORTPASS 4% 07/40","30yr",,,,,"14697.4",,,,,,""
"2021-08-11","'3140GTX70'","MBS","UMBS MORTPASS 3.5% 09/47","30yr",,,,,"14682.46",,,,,,""
"2021-08-11","'31410LHF2'","MBS","UMBS MORTPASS 3.5% 07/27","15yr",,,,,"14677",,,,,,""
"2021-08-11","'3128PQ5Q0'","MBS","FHLMCGLD 4.5% 03/25","15yr",,,,,"14675.65",,,,,,""
"2021-08-11","'31417M2K8'","MBS","UMBS MORTPASS 4.5% 08/24","15yr",,,,,"14667.36",,,,,,""
"2021-08-11","'3132QTXE1'","MBS","FHLMCGLD 4.5% 10/45","30yr",,,,,"14659.13",,,,,,""
"2021-08-11","'36176KMF1'","MBS","GNMA I MORTPASS 4% 07/41","30yr",,,,,"14649.26",,,,,,""
"2021-08-11","'3140GY6V6'","MBS","UMBS MORTPASS 3% 09/47","30yr",,,,,"14642.38",,,,,,""
"2021-08-11","'36213PN49'","MBS","GNMA I MORTPASS 5% 04/34","30yr",,,,,"14641.78",,,,,,""
"2021-08-11","'31329QNE7'","MBS","UMBS MORTPASS 4% 04/49","30yr",,,,,"14638.51",,,,,,""
"2021-08-11","'3138E1ZX8'","MBS","UMBS MORTPASS 3% 10/27","15yr",,,,,"14613.53",,,,,,""
"2021-08-11","'31418B6G6'","MBS","UMBS MORTPASS 3% 07/46","30yr",,,,,"14610.62",,,,,,""
"2021-08-11","'3138WDYJ4'","MBS","UMBS MORTPASS 2.5% 01/30","15yr",,,,,"14585.1",,,,,,""
"2021-08-11","'31418BY91'","MBS","UMBS MORTPASS 4.5% 02/46","30yr",,,,,"14582.31",,,,,,""
"2021-08-11","'31416PAW7'","MBS","UMBS MORTPASS 6% 05/39","30yr",,,,,"14543.05",,,,,,""
"2021-08-11","'36176LU86'","MBS","GNMA I MORTPASS 4% 06/41","30yr",,,,,"14530.55",,,,,,""
"2021-08-11","'3620ARRV5'","MBS","GNMA I MORTPASS 4% 12/40","30yr",,,,,"14516.33",,,,,,""
"2021-08-11","'36297FA36'","MBS","GNMA I MORTPASS 5% 06/39","30yr",,,,,"14502.7",,,,,,""
"2021-08-11","'3138W8CP5'","MBS","UMBS MORTPASS 2.5% 02/43","30yr",,,,,"14499.25",,,,,,""
"2021-08-11","'36178GAL8'","MBS","GNMA I 3.5% 07/42","30yr",,,,,"14486.59",,,,,,""
"2021-08-11","'3128MJUC2'","MBS","FHLMCGLD 4.5% 03/44","30yr",,,,,"14460.01",,,,,,""
"2021-08-11","'3138E1PZ4'","MBS","UMBS MORTPASS 3% 01/27","15yr",,,,,"14450.25",,,,,,""
"2021-08-11","'3622A2FM9'","MBS","GNMA II 4.5% 05/43","30yr",,,,,"14406.74",,,,,,""
"2021-08-11","'36297KL66'","MBS","GNMA I MORTPASS 5% 04/39","30yr",,,,,"14405.52",,,,,,""
"2021-08-11","'312944SX0'","MBS","FHLMCGLD 4% 12/40","30yr",,,,,"14405.21",,,,,,""
"2021-08-11","'3128MDAX1'","MBS","FHLMCGLD 3% 12/21","15yr",,,,,"14399.94",,,,,,""
"2021-08-11","'31418BAG1'","MBS","UMBS MORTPASS 2% 02/24","Other",,,,,"14359.03",,,,,,""
"2021-08-11","'3138XYTB0'","MBS","UMBS MORTPASS 4% 07/44","30yr",,,,,"14354.38",,,,,,""
"2021-08-11","'36200MQ71'","MBS","GNMA I 4.5% 07/33","30yr",,,,,"14353.21",,,,,,""
"2021-08-11","'3132JM5S4'","MBS","FHLMCGLD 3.5% 08/43","30yr",,,,,"14351.15",,,,,,""
"2021-08-11","'31418AVV7'","MBS","UMBS MORTPASS 3% 08/33","Other",,,,,"14323.87",,,,,,""
"2021-08-11","'31368HMA8'","MBS","UMBS MORTPASS 5% 08/34","30yr",,,,,"14322.82",,,,,,""
"2021-08-11","'3138EPZL1'","MBS","UMBS MORTPASS 3.5% 06/45","30yr",,,,,"14314.95",,,,,,""
"2021-08-11","'36296JFK6'","MBS","GNMA I 4.5% 02/39","30yr",,,,,"14309.59",,,,,,""
"2021-08-11","'3140FUNM6'","MBS","UMBS MORTPASS 4.5% 02/47","30yr",,,,,"14306.78",,,,,,""
"2021-08-11","'31417FGM4'","MBS","UMBS MORTPASS 2.5% 05/27","15yr",,,,,"14283.88",,,,,,""
"2021-08-11","'36176A5M7'","MBS","GNMA I 3.5% 01/42","30yr",,,,,"14274.4",,,,,,""
"2021-08-11","'36296YVS8'","MBS","GNMA I MORTPASS 5% 01/39","30yr",,,,,"14265.96",,,,,,""
"2021-08-11","'3132M9GQ1'","MBS","FHLMCGLD 3.5% 09/44","30yr",,,,,"14248.48",,,,,,""
"2021-08-11","'31418CHQ0'","MBS","UMBS MORTPASS 4.5% 03/47","30yr",,,,,"14206.02",,,,,,""
"2021-08-11","'36290ULU8'","MBS","GNMA I MORTPASS 6% 12/37","30yr",,,,,"14195.45",,,,,,""
"2021-08-11","'3140F0SU9'","MBS","UMBS MORTPASS 3.5% 03/46","30yr",,,,,"14194.94",,,,,,""
"2021-08-11","'31416LJ56'","MBS","UMBS MORTPASS 4.5% 03/24","15yr",,,,,"14158.65",,,,,,""
"2021-08-11","'36201XAM0'","MBS","GNMA I 4.5% 12/34","30yr",,,,,"14153.54",,,,,,""
"2021-08-11","'3138WFEW2'","MBS","UMBS MORTPASS 2.5% 08/30","15yr",,,,,"14150.65",,,,,,""
"2021-08-11","'3128MDXE8'","MBS","FHLMCGLD 3% 01/24","15yr",,,,,"14149.92",,,,,,""
"2021-08-11","'36295A7D1'","MBS","GNMA I MORTPASS 5% 02/37","30yr",,,,,"14147.45",,,,,,""
"2021-08-11","'31404TUR2'","MBS","UMBS MORTPASS 5.5% 05/34","30yr",,,,,"14144.21",,,,,,""
"2021-08-11","'3138ENKX6'","MBS","UMBS MORTPASS 3% 04/24","Other",,,,,"14128.29",,,,,,""
"2021-08-11","'3131XATC5'","MBS","UMBS MORTPASS 3% 08/29","15yr",,,,,"14112.23",,,,,,""
"2021-08-11","'3138XTYD1'","MBS","UMBS MORTPASS 3.5% 08/29","15yr",,,,,"14097.79",,,,,,""
"2021-08-11","'31371NSP1'","MBS","UMBS MORTPASS 6% 03/28","Other",,,,,"14075.68",,,,,,""
"2021-08-11","'36296XG81'","MBS","GNMA I MORTPASS 6% 12/38","30yr",,,,,"14041.9",,,,,,""
"2021-08-11","'31417AKM0'","MBS","UMBS MORTPASS 3% 11/26","15yr",,,,,"14027.51",,,,,,""
"2021-08-11","'31297AW75'","MBS","FHLMCGLD 5.5% 06/34","30yr",,,,,"14014.76",,,,,,""
"2021-08-11","'3620AGN50'","MBS","GNMA I MORTPASS 5% 04/40","30yr",,,,,"13998.89",,,,,,""
"2021-08-11","'36213YAN2'","MBS","GNMA I 5.5% 01/39","30yr",,,,,"13991.93",,,,,,""
"2021-08-11","'3140J5HW2'","MBS","UMBS MORTPASS 2.5% 03/47","30yr",,,,,"13991.49",,,,,,""
"2021-08-11","'31334WN49'","MBS","UMBS MORTPASS 3.5% 06/49","30yr",,,,,"13978.03",,,,,,""
"2021-08-11","'3138Y4N62'","MBS","UMBS MORTPASS 3.5% 10/29","15yr",,,,,"13969.16",,,,,,""
"2021-08-11","'3138WDKQ3'","MBS","UMBS MORTPASS 3.5% 11/44","30yr",,,,,"13964.84",,,,,,""
"2021-08-11","'3138WEGX1'","MBS","UMBS MORTPASS 2.5% 04/30","15yr",,,,,"13958.07",,,,,,""
"2021-08-11","'3620A5T33'","MBS","GNMA I MORTPASS 5% 02/40","30yr",,,,,"13949.66",,,,,,""
"2021-08-11","'3138AXSM4'","MBS","UMBS MORTPASS 3% 11/26","15yr",,,,,"13942.74",,,,,,""
"2021-08-11","'31335AUF3'","MBS","FHLMCGLD 3.5% 05/46","30yr",,,,,"13930.9",,,,,,""
"2021-08-11","'3128PMLU2'","MBS","FHLMCGLD 4% 02/24","15yr",,,,,"13919.64",,,,,,""
"2021-08-11","'3128P74X8'","MBS","FHLMCGLD 4% 11/33","Other",,,,,"13878.38",,,,,,""
"2021-08-11","'3128MDTT0'","MBS","FHLMCGLD 3.5% 08/23","15yr",,,,,"13875.88",,,,,,""
"2021-08-11","'36202TBB1'","MBS","GNMA I 5.5% 12/37","30yr",,,,,"13870.63",,,,,,""
"2021-08-11","'312934GD8'","MBS","FHLMCGLD 4% 07/39","30yr",,,,,"13836.84",,,,,,""
"2021-08-11","'3138ER2U3'","MBS","UMBS MORTPASS 3% 01/32","15yr",,,,,"13823.27",,,,,,""
"2021-08-11","'36296VZ84'","MBS","GNMA I MORTPASS 4% 07/39","30yr",,,,,"13805.95",,,,,,""
"2021-08-11","'3131XAEA5'","MBS","UMBS MORTPASS 3% 02/29","15yr",,,,,"13803.58",,,,,,""
"2021-08-11","'3140HMGQ1'","MBS","UMBS MORTPASS 3.5% 07/33","15yr",,,,,"13782.42",,,,,,""
"2021-08-11","'31402NHG6'","MBS","UMBS MORTPASS 5% 09/33","30yr",,,,,"13781.49",,,,,,""
"2021-08-11","'3140H3P59'","MBS","UMBS MORTPASS 3% 11/47","30yr",,,,,"13767.19",,,,,,""
"2021-08-11","'36176EY62'","MBS","GNMA I MORTPASS 4% 06/41","30yr",,,,,"13753.6",,,,,,""
"2021-08-11","'3140H6HC6'","MBS","UMBS MORTPASS 2.5% 01/33","15yr",,,,,"13732.12",,,,,,""
"2021-08-11","'31417BQ26'","MBS","UMBS MORTPASS 2.5% 04/22","Other",,,,,"13729.11",,,,,,""
"2021-08-11","'36177WXS4'","MBS","GNMA I MORTPASS 3% 07/42","30yr",,,,,"13728.69",,,,,,""
"2021-08-11","'3128MDX40'","MBS","FHLMCGLD 2.5% 05/23","15yr",,,,,"13728.64",,,,,,""
"2021-08-11","'3140QCZD1'","MBS","UMBS MORTPASS 3% 09/49","30yr",,,,,"13709.98",,,,,,""
"2021-08-11","'3138WDBF7'","MBS","UMBS MORTPASS 4% 10/44","30yr",,,,,"13693.81",,,,,,""
"2021-08-11","'3138EQLN0'","MBS","UMBS MORTPASS 3% 11/27","15yr",,,,,"13685.51",,,,,,""
"2021-08-11","'3140HA6D7'","MBS","UMBS MORTPASS 3.5% 04/33","15yr",,,,,"13661.76",,,,,,""
"2021-08-11","'31418CJA3'","MBS","UMBS MORTPASS 3% 04/47","30yr",,,,,"13654.95",,,,,,""
"2021-08-11","'3140JYXU5'","MBS","UMBS MORTPASS 3% 10/49","30yr",,,,,"13635.64",,,,,,""
"2021-08-11","'3131YACY4'","MBS","UMBS MORTPASS 3% 03/34","15yr",,,,,"13631.31",,,,,,""
"2021-08-11","'3138WBZH1'","MBS","UMBS MORTPASS 3% 05/29","15yr",,,,,"13616.19",,,,,,""
"2021-08-11","'36176RDG4'","MBS","GNMA I MORTPASS 4% 10/41","30yr",,,,,"13549.86",,,,,,""
"2021-08-11","'36295HYX2'","MBS","GNMA I 5.5% 07/37","30yr",,,,,"13542.8",,,,,,""
"2021-08-11","'31418BVV5'","MBS","UMBS MORTPASS 2.5% 10/30","15yr",,,,,"13516.27",,,,,,""
"2021-08-11","'3138ENAZ2'","MBS","UMBS MORTPASS 4% 06/44","30yr",,,,,"13506.62",,,,,,""
"2021-08-11","'36202FBF2'","MBS","GNMA II 3.5% 07/39","30yr",,,,,"13505.44",,,,,,""
"2021-08-11","'31413KSW2'","MBS","UMBS MORTPASS 4.5% 11/37","30yr",,,,,"13499.46",,,,,,""
"2021-08-11","'31371LFC8'","MBS","UMBS MORTPASS 5.5% 10/23","Other",,,,,"13493.84",,,,,,""
"2021-08-11","'3132WJVD0'","MBS","FHLMCGLD 4.5% 12/46","30yr",,,,,"13492.71",,,,,,""
"2021-08-11","'31414SAC7'","MBS","UMBS MORTPASS 4.5% 04/23","15yr",,,,,"13464.08",,,,,,""
"2021-08-11","'31410W2T4'","MBS","UMBS MORTPASS 4.5% 09/22","15yr",,,,,"13462.51",,,,,,""
"2021-08-11","'36296KPL0'","MBS","GNMA I 5.5% 07/38","30yr",,,,,"13456.91",,,,,,""
"2021-08-11","'3138WBWW1'","MBS","UMBS MORTPASS 3% 05/29","15yr",,,,,"13440.41",,,,,,""
"2021-08-11","'3140GU2C0'","MBS","UMBS MORTPASS 4.5% 07/47","30yr",,,,,"13416.78",,,,,,""
"2021-08-11","'3140H63L1'","MBS","UMBS MORTPASS 3% 03/33","15yr",,,,,"13411.66",,,,,,""
"2021-08-11","'31412UXL9'","MBS","UMBS MORTPASS 6% 06/39","30yr",,,,,"13387.01",,,,,,""
"2021-08-11","'3140GSPD8'","MBS","UMBS MORTPASS 4% 09/47","30yr",,,,,"13374.15",,,,,,""
"2021-08-11","'31307LGD4'","MBS","FHLMCGLD 2.5% 12/29","15yr",,,,,"13365.64",,,,,,""
"2021-08-11","'31411JCF1'","MBS","UMBS MORTPASS 4% 04/23","15yr",,,,,"13357.13",,,,,,""
"2021-08-11","'3138XRMQ9'","MBS","UMBS MORTPASS 3% 01/45","30yr",,,,,"13351.37",,,,,,""
"2021-08-11","'3620AR4H1'","MBS","GNMA I MORTPASS 4% 03/41","30yr",,,,,"13348.32",,,,,,""
"2021-08-11","'36210F7E0'","MBS","GNMA I MORTPASS 5% 06/37","30yr",,,,,"13347.23",,,,,,""
"2021-08-11","'36295XAB1'","MBS","GNMA I MORTPASS 6% 02/38","30yr",,,,,"13316.94",,,,,,""
"2021-08-11","'31419BLS2'","MBS","UMBS MORTPASS 3% 05/26","15yr",,,,,"13311.58",,,,,,""
"2021-08-11","'3140X53W1'","MBS","UMBS MORTPASS 3.5% 05/49","30yr",,,,,"13308.62",,,,,,""
"2021-08-11","'3129307G9'","MBS","FHLMCGLD 4.5% 02/39","30yr",,,,,"13303.56",,,,,,""
"2021-08-11","'3138YTRR7'","MBS","UMBS MORTPASS 2.5% 07/30","15yr",,,,,"13291.78",,,,,,""
"2021-08-11","'31400YHD1'","MBS","UMBS MORTPASS 6% 02/33","30yr",,,,,"13287.69",,,,,,""
"2021-08-11","'3131XVC78'","MBS","UMBS MORTPASS 3% 10/46","30yr",,,,,"13256.02",,,,,,""
"2021-08-11","'3620A4NG3'","MBS","GNMA I MORTPASS 5% 08/39","30yr",,,,,"13249.57",,,,,,""
"2021-08-11","'3138WCSJ3'","MBS","UMBS MORTPASS 3% 09/29","15yr",,,,,"13230.44",,,,,,""
"2021-08-11","'36295RLM8'","MBS","GNMA I 5.5% 02/39","30yr",,,,,"13216.12",,,,,,""
"2021-08-11","'3138LX7H6'","MBS","UMBS MORTPASS 3% 09/27","15yr",,,,,"13213.8",,,,,,""
"2021-08-11","'31417B5K9'","MBS","UMBS MORTPASS 2.5% 06/22","Other",,,,,"13207.86",,,,,,""
"2021-08-11","'31412QV55'","MBS","UMBS MORTPASS 4.5% 12/24","15yr",,,,,"13195.39",,,,,,""
"2021-08-11","'3132A7EW7'","MBS","UMBS MORTPASS 3% 03/22","Other",,,,,"13181.18",,,,,,""
"2021-08-11","'36292CAG9'","MBS","GNMA I MORTPASS 5% 06/35","30yr",,,,,"13179.01",,,,,,""
"2021-08-11","'36296QL56'","MBS","GNMA I 5.5% 03/39","30yr",,,,,"13152.45",,,,,,""
"2021-08-11","'31417VW58'","MBS","UMBS MORTPASS 6% 12/39","30yr",,,,,"13147.34",,,,,,""
"2021-08-11","'3138EDHZ7'","MBS","UMBS MORTPASS 3% 11/28","15yr",,,,,"13144.45",,,,,,""
"2021-08-11","'3132M6DR8'","MBS","FHLMCGLD 3.5% 04/44","30yr",,,,,"13140.65",,,,,,""
"2021-08-11","'3138YNFZ5'","MBS","UMBS MORTPASS 3.5% 06/30","15yr",,,,,"13138.86",,,,,,""
"2021-08-11","'36295GQW5'","MBS","GNMA I 5.5% 03/39","30yr",,,,,"13114.57",,,,,,""
"2021-08-11","'3138XWFE3'","MBS","UMBS MORTPASS 2.5% 07/29","15yr",,,,,"13084.46",,,,,,""
"2021-08-11","'3131X7PE2'","MBS","UMBS MORTPASS 2.5% 03/22","Other",,,,,"13069.92",,,,,,""
"2021-08-11","'3138XXF50'","MBS","UMBS MORTPASS 3.5% 08/29","15yr",,,,,"13059.61",,,,,,""
"2021-08-11","'3138WDYL9'","MBS","UMBS MORTPASS 2.5% 01/30","15yr",,,,,"13025.45",,,,,,""
"2021-08-11","'3138AQAF3'","MBS","UMBS MORTPASS 3% 09/26","15yr",,,,,"13020.57",,,,,,""
"2021-08-11","'36297FE24'","MBS","GNMA I 5.5% 08/39","30yr",,,,,"13010.85",,,,,,""
"2021-08-11","'3128MJ6J4'","MBS","FHLMCGLD 4% 04/49","30yr",,,,,"13010.7",,,,,,""
"2021-08-11","'3128MMS87'","MBS","FHLMCGLD 3.5% 02/30","15yr",,,,,"12997.25",,,,,,""
"2021-08-11","'3140FSGM9'","MBS","UMBS MORTPASS 4.5% 01/47","30yr",,,,,"12992.69",,,,,,""
"2021-08-11","'36202FAS5'","MBS","GNMA II 3.5% 07/39","30yr",,,,,"12982.18",,,,,,""
"2021-08-11","'36176Q5Y6'","MBS","GNMA I 3.5% 03/42","30yr",,,,,"12982.01",,,,,,""
"2021-08-11","'3138Y1EG6'","MBS","UMBS MORTPASS 3.5% 09/29","15yr",,,,,"12960.52",,,,,,""
"2021-08-11","'3140FVHZ2'","MBS","UMBS MORTPASS 4.5% 03/47","30yr",,,,,"12954.44",,,,,,""
"2021-08-11","'3140E2XQ9'","MBS","UMBS MORTPASS 3% 08/45","30yr",,,,,"12923.77",,,,,,""
"2021-08-11","'31418VDK5'","MBS","UMBS MORTPASS 4% 05/25","15yr",,,,,"12905.21",,,,,,""
"2021-08-11","'31418CUN2'","MBS","UMBS MORTPASS 2% 12/32","15yr",,,,,"12888.07",,,,,,""
"2021-08-11","'3128KWZG1'","MBS","FHLMCGLD 6.5% 08/37","30yr",,,,,"12876.55",,,,,,""
"2021-08-11","'31307GYV5'","MBS","FHLMCGLD 3% 04/29","15yr",,,,,"12876.43",,,,,,""
"2021-08-11","'312934ML3'","MBS","FHLMCGLD 4% 07/39","30yr",,,,,"12869.58",,,,,,""
"2021-08-11","'31419A2T3'","MBS","UMBS MORTPASS 3% 01/26","15yr",,,,,"12861.85",,,,,,""
"2021-08-11","'3138WJQY7'","MBS","UMBS MORTPASS 2.5% 12/46","30yr",,,,,"12859.26",,,,,,""
"2021-08-11","'36295YTJ2'","MBS","GNMA I 4.5% 03/38","30yr",,,,,"12853.44",,,,,,""
"2021-08-11","'3138Y1V69'","MBS","UMBS MORTPASS 2.5% 08/29","15yr",,,,,"12847.09",,,,,,""
"2021-08-11","'36200AVC0'","MBS","GNMA I MORTPASS 5% 01/35","30yr",,,,,"12821.88",,,,,,""
"2021-08-11","'31296MU49'","MBS","FHLMCGLD 5% 09/33","30yr",,,,,"12820.11",,,,,,""
"2021-08-11","'31415MZE8'","MBS","UMBS MORTPASS 5% 06/23","15yr",,,,,"12814.29",,,,,,""
"2021-08-11","'36297KKD2'","MBS","GNMA I MORTPASS 5% 07/39","30yr",,,,,"12803.87",,,,,,""
"2021-08-11","'31371NZ81'","MBS","UMBS MORTPASS 5.5% 09/28","Other",,,,,"12795.16",,,,,,""
"2021-08-11","'36290RWG4'","MBS","GNMA I 4.5% 08/33","30yr",,,,,"12789.95",,,,,,""
"2021-08-11","'3140JHKQ5'","MBS","UMBS MORTPASS 4% 10/48","30yr",,,,,"12784.33",,,,,,""
"2021-08-11","'31403SDV5'","MBS","UMBS MORTPASS 5% 01/34","30yr",,,,,"12770.83",,,,,,""
"2021-08-11","'36177NM31'","MBS","GNMA I MORTPASS 4% 02/42","30yr",,,,,"12752.53",,,,,,""
"2021-08-11","'3132L7TX7'","MBS","FHLMCGLD 4.5% 03/45","30yr",,,,,"12751.85",,,,,,""
"2021-08-11","'3138X1RQ1'","MBS","UMBS MORTPASS 2.5% 07/28","15yr",,,,,"12743.9",,,,,,""
"2021-08-11","'31411SZA7'","MBS","UMBS MORTPASS 5.5% 03/37","30yr",,,,,"12720.96",,,,,,""
"2021-08-11","'36297E6Q3'","MBS","GNMA I MORTPASS 5% 03/39","30yr",,,,,"12715.98",,,,,,""
"2021-08-11","'31416SB59'","MBS","UMBS MORTPASS 4% 06/24","15yr",,,,,"12708.04",,,,,,""
"2021-08-11","'3138WEWJ4'","MBS","UMBS MORTPASS 2.5% 06/30","15yr",,,,,"12701",,,,,,""
"2021-08-11","'3138APD54'","MBS","UMBS MORTPASS 3.5% 08/42","30yr",,,,,"12696.05",,,,,,""
"2021-08-11","'3140J8GR8'","MBS","UMBS MORTPASS 4% 05/33","15yr",,,,,"12684.64",,,,,,""
"2021-08-11","'36201GU45'","MBS","GNMA I MORTPASS 5% 06/34","30yr",,,,,"12677.17",,,,,,""
"2021-08-11","'3140JQKD4'","MBS","UMBS MORTPASS 3.5% 03/49","30yr",,,,,"12660.64",,,,,,""
"2021-08-11","'312939D81'","MBS","FHLMCGLD 5.5% 01/40","30yr",,,,,"12656.87",,,,,,""
"2021-08-11","'31418CHS6'","MBS","UMBS MORTPASS 3.5% 03/27","Other",,,,,"12654.73",,,,,,""
"2021-08-11","'3138MAJE9'","MBS","UMBS MORTPASS 3% 09/27","15yr",,,,,"12634.91",,,,,,""
"2021-08-11","'3138E2GN9'","MBS","UMBS MORTPASS 4.5% 01/42","30yr",,,,,"12618.66",,,,,,""
"2021-08-11","'36202EC23'","MBS","GNMA II 4.5% 03/35","30yr",,,,,"12615.37",,,,,,""
"2021-08-11","'36213C3J7'","MBS","GNMA I 5.5% 08/35","30yr",,,,,"12612.47",,,,,,""
"2021-08-11","'312942KC8'","MBS","FHLMCGLD 4% 09/40","30yr",,,,,"12607.26",,,,,,""
"2021-08-11","'36181D5C6'","MBS","GNMA I 3.5% 06/43","30yr",,,,,"12602.77",,,,,,""
"2021-08-11","'36292DDR0'","MBS","GNMA I MORTPASS 5% 10/35","30yr",,,,,"12597.49",,,,,,""
"2021-08-11","'3128MDMR1'","MBS","FHLMCGLD 4% 12/26","15yr",,,,,"12575.82",,,,,,""
"2021-08-11","'36202ETZ2'","MBS","GNMA II MORTPASS 5% 06/38","30yr",,,,,"12569.07",,,,,,""
"2021-08-11","'36202ECM9'","MBS","GNMA II 4.5% 02/35","30yr",,,,,"12568.45",,,,,,""
"2021-08-11","'3131X9J70'","MBS","UMBS MORTPASS 2.5% 06/23","Other",,,,,"12552.89",,,,,,""
"2021-08-11","'31307P2W8'","MBS","FHLMCGLD 2% 01/31","15yr",,,,,"12544.56",,,,,,""
"2021-08-11","'3140JM4H2'","MBS","UMBS MORTPASS 3.5% 03/49","30yr",,,,,"12518.84",,,,,,""
"2021-08-11","'31407AYW5'","MBS","UMBS MORTPASS 5% 05/35","30yr",,,,,"12505.12",,,,,,""
"2021-08-11","'31417FL48'","MBS","UMBS MORTPASS 2.5% 02/28","15yr",,,,,"12483.96",,,,,,""
"2021-08-11","'36176QNR1'","MBS","GNMA I 3.5% 01/42","30yr",,,,,"12459.11",,,,,,""
"2021-08-11","'3138Y6M92'","MBS","UMBS MORTPASS 3% 12/44","30yr",,,,,"12450.34",,,,,,""
"2021-08-11","'3132A5GQ2'","MBS","UMBS MORTPASS 3.5% 03/47","30yr",,,,,"12450.31",,,,,,""
"2021-08-11","'31407PWH7'","MBS","UMBS MORTPASS 5% 10/35","30yr",,,,,"12430.75",,,,,,""
"2021-08-11","'3140FFFM8'","MBS","UMBS MORTPASS 3% 09/46","30yr",,,,,"12419.55",,,,,,""
"2021-08-11","'3140GQ5J1'","MBS","UMBS MORTPASS 2.5% 08/32","15yr",,,,,"12416.69",,,,,,""
"2021-08-11","'3132A5FN0'","MBS","UMBS MORTPASS 4% 08/46","30yr",,,,,"12413.2",,,,,,""
"2021-08-11","'31411WXL6'","MBS","UMBS MORTPASS 5.5% 04/37","30yr",,,,,"12407.51",,,,,,""
"2021-08-11","'3131X9D68'","MBS","UMBS MORTPASS 3% 05/28","15yr",,,,,"12385.18",,,,,,""
"2021-08-11","'3140FRQB4'","MBS","UMBS MORTPASS 4.5% 01/47","30yr",,,,,"12358.02",,,,,,""
"2021-08-11","'3131YBDA3'","MBS","UMBS MORTPASS 4.5% 04/49","30yr",,,,,"12357.36",,,,,,""
"2021-08-11","'3131X7SJ8'","MBS","UMBS MORTPASS 3% 05/22","Other",,,,,"12338.37",,,,,,""
"2021-08-11","'36292L5J9'","MBS","GNMA I 5.5% 05/36","30yr",,,,,"12336.4",,,,,,""
"2021-08-11","'36296SQE8'","MBS","GNMA I MORTPASS 5% 05/39","30yr",,,,,"12332.26",,,,,,""
"2021-08-11","'36202EAX7'","MBS","GNMA II 4.5% 10/34","30yr",,,,,"12315.29",,,,,,""
"2021-08-11","'36297E7J8'","MBS","GNMA I 5.5% 03/39","30yr",,,,,"12298.16",,,,,,""
"2021-08-11","'36297KLW9'","MBS","GNMA I MORTPASS 4% 08/39","30yr",,,,,"12285.91",,,,,,""
"2021-08-11","'3128MMRU9'","MBS","FHLMCGLD 3.5% 01/29","15yr",,,,,"12279.86",,,,,,""
"2021-08-11","'3620A7QN8'","MBS","GNMA I MORTPASS 5% 10/39","30yr",,,,,"12277.74",,,,,,""
"2021-08-11","'3128M6XE3'","MBS","FHLMCGLD 6% 10/38","30yr",,,,,"12259.73",,,,,,""
"2021-08-11","'312944GA3'","MBS","FHLMCGLD 4% 12/40","30yr",,,,,"12249.03",,,,,,""
"2021-08-11","'3140EBSF9'","MBS","UMBS MORTPASS 3.5% 01/31","15yr",,,,,"12241.59",,,,,,""
"2021-08-11","'31418CCV4'","MBS","UMBS MORTPASS 4.5% 10/46","30yr",,,,,"12241.25",,,,,,""
"2021-08-11","'36179SUT2'","MBS","GNMA II 2.5% 01/47","30yr",,,,,"12236.55",,,,,,""
"2021-08-11","'31307NTR5'","MBS","FHLMCGLD 3% 03/22","15yr",,,,,"12230.78",,,,,,""
"2021-08-11","'3138XCLX8'","MBS","UMBS MORTPASS 3.5% 11/28","15yr",,,,,"12211.12",,,,,,""
"2021-08-11","'31417GCY0'","MBS","UMBS MORTPASS 2.5% 04/23","Other",,,,,"12205.95",,,,,,""
"2021-08-11","'3620ASA33'","MBS","GNMA I MORTPASS 4% 03/41","30yr",,,,,"12198.33",,,,,,""
"2021-08-11","'3138XKP24'","MBS","UMBS MORTPASS 4.5% 02/44","30yr",,,,,"12184.57",,,,,,""
"2021-08-11","'36296DYS1'","MBS","GNMA I 5.5% 05/38","30yr",,,,,"12179.61",,,,,,""
"2021-08-11","'312944CD1'","MBS","FHLMCGLD 4% 12/40","30yr",,,,,"12178.04",,,,,,""
"2021-08-11","'31417D5U3'","MBS","UMBS MORTPASS 2.5% 12/27","15yr",,,,,"12163.63",,,,,,""
"2021-08-11","'3138WJEQ7'","MBS","UMBS MORTPASS 2.5% 11/31","15yr",,,,,"12153.72",,,,,,""
"2021-08-11","'3138ENXC8'","MBS","UMBS MORTPASS 3.5% 11/29","15yr",,,,,"12148.01",,,,,,""
"2021-08-11","'36176SMF4'","MBS","GNMA I MORTPASS 4% 12/41","30yr",,,,,"12132.25",,,,,,""
"2021-08-11","'31411NQ59'","MBS","UMBS MORTPASS 6% 03/37","30yr",,,,,"12113.44",,,,,,""
"2021-08-11","'36202D2B6'","MBS","GNMA II 4.5% 11/33","30yr",,,,,"12097.52",,,,,,""
"2021-08-11","'3138ASS29'","MBS","UMBS MORTPASS 3% 09/26","15yr",,,,,"12067.6",,,,,,""
"2021-08-11","'31368HLV3'","MBS","UMBS MORTPASS 5% 09/33","30yr",,,,,"12064.57",,,,,,""
"2021-08-11","'312944CS8'","MBS","FHLMCGLD 4% 12/40","30yr",,,,,"12058.71",,,,,,""
"2021-08-11","'3131Y0R53'","MBS","UMBS MORTPASS 3.5% 03/48","30yr",,,,,"12057.69",,,,,,""
"2021-08-11","'3138X7BR3'","MBS","UMBS MORTPASS 3.5% 10/43","30yr",,,,,"12039",,,,,,""
"2021-08-11","'36210RWQ9'","MBS","GNMA I MORTPASS 5% 09/33","30yr",,,,,"12038.12",,,,,,""
"2021-08-11","'3128KWPK3'","MBS","FHLMCGLD 5% 08/37","30yr",,,,,"12030.87",,,,,,""
"2021-08-11","'3140J9HV6'","MBS","UMBS MORTPASS 2% 08/30","15yr",,,,,"12012.91",,,,,,""
"2021-08-11","'36297FCW0'","MBS","GNMA I 5.5% 03/39","30yr",,,,,"12000.24",,,,,,""
"2021-08-11","'36296V6L7'","MBS","GNMA I MORTPASS 5% 01/39","30yr",,,,,"11994.74",,,,,,""
"2021-08-11","'3131X7DD7'","MBS","UMBS MORTPASS 3% 11/21","Other",,,,,"11992.4",,,,,,""
"2021-08-11","'3620C5G27'","MBS","GNMA I MORTPASS 4% 08/41","30yr",,,,,"11989.23",,,,,,""
"2021-08-11","'3140HLUW4'","MBS","UMBS MORTPASS 3.5% 07/48","30yr",,,,,"11961.1",,,,,,""
"2021-08-11","'36295N5X1'","MBS","GNMA I 5.5% 06/38","30yr",,,,,"11936.37",,,,,,""
"2021-08-11","'3620A5XC8'","MBS","GNMA I 4.5% 07/39","30yr",,,,,"11918.46",,,,,,""
"2021-08-11","'3138WBRR8'","MBS","UMBS MORTPASS 3% 04/34","Other",,,,,"11912.78",,,,,,""
"2021-08-11","'36200NC74'","MBS","GNMA I MORTPASS 5% 02/34","30yr",,,,,"11890.81",,,,,,""
"2021-08-11","'3132A7D24'","MBS","UMBS MORTPASS 3% 12/26","15yr",,,,,"11803.31",,,,,,""
"2021-08-11","'3138M8G98'","MBS","UMBS MORTPASS 3% 08/27","15yr",,,,,"11792.93",,,,,,""
"2021-08-11","'3140F3RH3'","MBS","UMBS MORTPASS 3% 04/46","30yr",,,,,"11784.28",,,,,,""
"2021-08-11","'3138M0B25'","MBS","UMBS MORTPASS 3% 08/27","15yr",,,,,"11773.68",,,,,,""
"2021-08-11","'3132A5FQ3'","MBS","UMBS MORTPASS 2.5% 08/46","30yr",,,,,"11770.44",,,,,,""
"2021-08-11","'36296LP38'","MBS","GNMA I 5.5% 09/38","30yr",,,,,"11766.77",,,,,,""
"2021-08-11","'3132WD4E1'","MBS","FHLMCGLD 4% 06/46","30yr",,,,,"11764.52",,,,,,""
"2021-08-11","'31329LEK4'","MBS","UMBS MORTPASS 2.5% 04/28","15yr",,,,,"11754.29",,,,,,""
"2021-08-11","'31417ATN9'","MBS","UMBS MORTPASS 2.5% 01/22","Other",,,,,"11721.7",,,,,,""
"2021-08-11","'3138YJWE2'","MBS","UMBS MORTPASS 2.5% 04/30","15yr",,,,,"11721.02",,,,,,""
"2021-08-11","'31418BZP4'","MBS","UMBS MORTPASS 3.5% 03/46","30yr",,,,,"11713.36",,,,,,""
"2021-08-11","'3128PNB98'","MBS","FHLMCGLD 4% 06/24","15yr",,,,,"11696.74",,,,,,""
"2021-08-11","'31413VTH0'","MBS","UMBS MORTPASS 5.5% 12/37","30yr",,,,,"11676.17",,,,,,""
"2021-08-11","'31415X4P3'","MBS","UMBS MORTPASS 4% 02/24","15yr",,,,,"11643.73",,,,,,""
"2021-08-11","'36294V6G0'","MBS","GNMA I 5.5% 12/36","30yr",,,,,"11643.32",,,,,,""
"2021-08-11","'31418VMR0'","MBS","UMBS MORTPASS 4% 07/25","15yr",,,,,"11628.26",,,,,,""
"2021-08-11","'3131X9YS7'","MBS","UMBS MORTPASS 3% 10/28","15yr",,,,,"11626.93",,,,,,""
"2021-08-11","'36296GP70'","MBS","GNMA I MORTPASS 5% 06/38","30yr",,,,,"11625.33",,,,,,""
"2021-08-11","'31417UE27'","MBS","UMBS MORTPASS 5% 06/40","30yr",,,,,"11612.67",,,,,,""
"2021-08-11","'3620ATTD9'","MBS","GNMA I MORTPASS 5% 04/40","30yr",,,,,"11612.05",,,,,,""
"2021-08-11","'3620A5AW9'","MBS","GNMA I MORTPASS 4% 07/40","30yr",,,,,"11592.2",,,,,,""
"2021-08-11","'36290RNL3'","MBS","GNMA I MORTPASS 5% 07/33","30yr",,,,,"11591.12",,,,,,""
"2021-08-11","'3138WVCT6'","MBS","UMBS MORTPASS 2% 09/28","15yr",,,,,"11585.69",,,,,,""
"2021-08-11","'31412YL75'","MBS","UMBS MORTPASS 5% 05/37","30yr",,,,,"11584.04",,,,,,""
"2021-08-11","'36297CSJ9'","MBS","GNMA I MORTPASS 5% 09/39","30yr",,,,,"11581.29",,,,,,""
"2021-08-11","'3140EVAF4'","MBS","UMBS MORTPASS 4.5% 05/46","30yr",,,,,"11569.67",,,,,,""
"2021-08-11","'31307HM20'","MBS","FHLMCGLD 3.5% 06/29","15yr",,,,,"11567.51",,,,,,""
"2021-08-11","'3132A8HF9'","MBS","UMBS MORTPASS 2% 05/31","15yr",,,,,"11564.62",,,,,,""
"2021-08-11","'3128KRVU5'","MBS","FHLMCGLD 5% 07/36","30yr",,,,,"11552.48",,,,,,""
"2021-08-11","'3140EU4M8'","MBS","UMBS MORTPASS 4.5% 04/46","30yr",,,,,"11547.55",,,,,,""
"2021-08-11","'31414TWA5'","MBS","UMBS MORTPASS 6% 11/38","30yr",,,,,"11541.61",,,,,,""
"2021-08-11","'31388LEA4'","MBS","UMBS MORTPASS 5.5% 11/31","30yr",,,,,"11540.7",,,,,,""
"2021-08-11","'36292JHX0'","MBS","GNMA I MORTPASS 5% 03/36","30yr",,,,,"11525.62",,,,,,""
"2021-08-11","'31410GUG6'","MBS","UMBS MORTPASS 4% 12/23","Other",,,,,"11521.46",,,,,,""
"2021-08-11","'3138Y5AP1'","MBS","UMBS MORTPASS 3% 01/45","30yr",,,,,"11495.07",,,,,,""
"2021-08-11","'3128L1DJ6'","MBS","FHLMCGLD 6% 12/37","30yr",,,,,"11478.95",,,,,,""
"2021-08-11","'36296BAT9'","MBS","GNMA I 5.5% 07/38","30yr",,,,,"11470.69",,,,,,""
"2021-08-11","'3140EWB95'","MBS","UMBS MORTPASS 2.5% 05/46","30yr",,,,,"11457.37",,,,,,""
"2021-08-11","'31307PFT1'","MBS","FHLMCGLD 3.5% 10/30","15yr",,,,,"11456.13",,,,,,""
"2021-08-11","'31407MVZ5'","MBS","UMBS MORTPASS 5% 07/35","30yr",,,,,"11450.91",,,,,,""
"2021-08-11","'3128MMJ20'","MBS","FHLMCGLD 5.5% 11/23","15yr",,,,,"11444.68",,,,,,""
"2021-08-11","'3128P7CS0'","MBS","FHLMCGLD 6.5% 07/26","Other",,,,,"11438.36",,,,,,""
"2021-08-11","'3128KQH58'","MBS","FHLMCGLD 6.5% 05/37","30yr",,,,,"11438.07",,,,,,""
"2021-08-11","'3620A1RW0'","MBS","GNMA I MORTPASS 5% 07/39","30yr",,,,,"11424.68",,,,,,""
"2021-08-11","'3128MDVA8'","MBS","FHLMCGLD 4% 05/25","15yr",,,,,"11403.62",,,,,,""
"2021-08-11","'3138WKRP2'","MBS","UMBS MORTPASS 2.5% 04/32","15yr",,,,,"11377.1",,,,,,""
"2021-08-11","'36297GHK9'","MBS","GNMA I 5.5% 02/39","30yr",,,,,"11353.92",,,,,,""
"2021-08-11","'3132KFQX3'","MBS","FHLMCGLD 3% 02/22","15yr",,,,,"11345.78",,,,,,""
"2021-08-11","'3140HFHS1'","MBS","UMBS MORTPASS 4% 05/48","30yr",,,,,"11342.21",,,,,,""
"2021-08-11","'3138WXRH2'","MBS","UMBS MORTPASS 2.5% 06/28","15yr",,,,,"11339.04",,,,,,""
"2021-08-11","'3140H3PZ3'","MBS","UMBS MORTPASS 3% 11/47","30yr",,,,,"11323.25",,,,,,""
"2021-08-11","'31307T5E7'","MBS","FHLMCGLD 3.5% 06/32","15yr",,,,,"11319.44",,,,,,""
"2021-08-11","'3140E9JS6'","MBS","UMBS MORTPASS 4% 01/46","30yr",,,,,"11308.39",,,,,,""
"2021-08-11","'31417KVN4'","MBS","UMBS MORTPASS 4% 09/24","15yr",,,,,"11304.16",,,,,,""
"2021-08-11","'3140FCCL0'","MBS","UMBS MORTPASS 2% 06/31","15yr",,,,,"11302.79",,,,,,""
"2021-08-11","'31417YKP1'","MBS","UMBS MORTPASS 5.5% 12/29","Other",,,,,"11301.89",,,,,,""
"2021-08-11","'31419JTM0'","MBS","UMBS MORTPASS 3.5% 11/25","15yr",,,,,"11300.47",,,,,,""
"2021-08-11","'36230MKA4'","MBS","GNMA I MORTPASS 4% 08/41","30yr",,,,,"11284.41",,,,,,""
"2021-08-11","'36292J4K2'","MBS","GNMA I MORTPASS 5% 01/36","30yr",,,,,"11268.98",,,,,,""
"2021-08-11","'36290UDE3'","MBS","GNMA I MORTPASS 5% 07/37","30yr",,,,,"11265.7",,,,,,""
"2021-08-11","'36202XZK6'","MBS","GNMA I MORTPASS 5% 06/33","30yr",,,,,"11258.76",,,,,,""
"2021-08-11","'3620A22Y1'","MBS","GNMA I MORTPASS 4% 08/41","30yr",,,,,"11256.93",,,,,,""
"2021-08-11","'3128PPZL0'","MBS","FHLMCGLD 4.5% 09/24","15yr",,,,,"11254.68",,,,,,""
"2021-08-11","'3128PMP61'","MBS","FHLMCGLD 4% 03/24","15yr",,,,,"11245.81",,,,,,""
"2021-08-11","'36295WG35'","MBS","GNMA I MORTPASS 4% 02/41","30yr",,,,,"11242.34",,,,,,""
"2021-08-11","'3138WHHW5'","MBS","UMBS MORTPASS 2.5% 06/31","15yr",,,,,"11218.48",,,,,,""
"2021-08-11","'36213FLJ0'","MBS","GNMA I MORTPASS 6% 01/33","30yr",,,,,"11215.2",,,,,,""
"2021-08-11","'31415CFF9'","MBS","UMBS MORTPASS 6.5% 07/38","30yr",,,,,"11207.57",,,,,,""
"2021-08-11","'3132A9PE1'","MBS","UMBS MORTPASS 2.5% 03/29","15yr",,,,,"11197.17",,,,,,""
"2021-08-11","'3620A4ZK1'","MBS","GNMA I 5.5% 10/39","30yr",,,,,"11155.66",,,,,,""
"2021-08-11","'31418DBX9'","MBS","UMBS MORTPASS 3% 03/29","Other",,,,,"11131.43",,,,,,""
"2021-08-11","'3128MAEQ8'","MBS","FHLMCGLD 4.5% 08/44","30yr",,,,,"11118.39",,,,,,""
"2021-08-11","'3128PMLB4'","MBS","FHLMCGLD 4.5% 02/24","15yr",,,,,"11100.82",,,,,,""
"2021-08-11","'3138WBGC3'","MBS","UMBS MORTPASS 3.5% 03/29","15yr",,,,,"11087.18",,,,,,""
"2021-08-11","'36295CAD3'","MBS","GNMA I MORTPASS 5% 04/38","30yr",,,,,"11078.06",,,,,,""
"2021-08-11","'31307DXW1'","MBS","FHLMCGLD 3% 08/23","15yr",,,,,"11073.65",,,,,,""
"2021-08-11","'36297BAS0'","MBS","GNMA I 5.5% 09/39","30yr",,,,,"11049.48",,,,,,""
"2021-08-11","'3128MMLR2'","MBS","FHLMCGLD 5% 12/24","15yr",,,,,"11038.99",,,,,,""
"2021-08-11","'3138ANZ89'","MBS","UMBS MORTPASS 3% 08/26","15yr",,,,,"11031.3",,,,,,""
"2021-08-11","'3140JKYT7'","MBS","UMBS MORTPASS 3% 01/34","15yr",,,,,"11030.84",,,,,,""
"2021-08-11","'3138WMFC0'","MBS","UMBS MORTPASS 2.5% 03/43","30yr",,,,,"11014.87",,,,,,""
"2021-08-11","'3131XANH0'","MBS","UMBS MORTPASS 3% 06/29","15yr",,,,,"11014.08",,,,,,""
"2021-08-11","'3128Q07M3'","MBS","FHLMCGLD 3.5% 08/27","15yr",,,,,"11010.83",,,,,,""
"2021-08-11","'3128MBEH6'","MBS","FHLMCGLD 4.5% 04/22","15yr",,,,,"10991.58",,,,,,""
"2021-08-11","'31412QVY2'","MBS","UMBS MORTPASS 4.5% 12/24","15yr",,,,,"10988.65",,,,,,""
"2021-08-11","'31416R6V0'","MBS","UMBS MORTPASS 5.5% 06/39","30yr",,,,,"10977.06",,,,,,""
"2021-08-11","'3138YDP52'","MBS","UMBS MORTPASS 3.5% 01/45","30yr",,,,,"10976.06",,,,,,""
"2021-08-11","'3128PML99'","MBS","FHLMCGLD 5% 03/24","15yr",,,,,"10967.05",,,,,,""
"2021-08-11","'31407YQ69'","MBS","UMBS MORTPASS 6% 12/35","30yr",,,,,"10966",,,,,,""
"2021-08-11","'31405SKT0'","MBS","UMBS MORTPASS 5% 04/35","30yr",,,,,"10962.79",,,,,,""
"2021-08-11","'3128PMTM2'","MBS","FHLMCGLD 4.5% 04/24","15yr",,,,,"10958.05",,,,,,""
"2021-08-11","'3128P7K36'","MBS","FHLMCGLD 5% 08/28","Other",,,,,"10948.63",,,,,,""
"2021-08-11","'3138YNUQ8'","MBS","UMBS MORTPASS 3% 05/45","30yr",,,,,"10913.31",,,,,,""
"2021-08-11","'31416SJM4'","MBS","UMBS MORTPASS 4.5% 06/24","15yr",,,,,"10898.96",,,,,,""
"2021-08-11","'3138YVFQ7'","MBS","UMBS MORTPASS 3% 06/30","15yr",,,,,"10898.67",,,,,,""
"2021-08-11","'31307HVP9'","MBS","FHLMCGLD 3% 07/29","15yr",,,,,"10888.81",,,,,,""
"2021-08-11","'31416AF21'","MBS","UMBS MORTPASS 3.5% 07/24","15yr",,,,,"10870.13",,,,,,""
"2021-08-11","'3138AUDD6'","MBS","UMBS MORTPASS 3% 11/26","15yr",,,,,"10850.95",,,,,,""
"2021-08-11","'3131XCRA7'","MBS","UMBS MORTPASS 2.5% 02/32","15yr",,,,,"10842.94",,,,,,""
"2021-08-11","'3140HMH72'","MBS","UMBS MORTPASS 3% 09/33","15yr",,,,,"10839.82",,,,,,""
"2021-08-11","'36176USJ5'","MBS","GNMA I MORTPASS 4% 04/42","30yr",,,,,"10829.43",,,,,,""
"2021-08-11","'31412UY53'","MBS","UMBS MORTPASS 4.5% 08/39","30yr",,,,,"10819.45",,,,,,""
"2021-08-11","'31307NNU4'","MBS","FHLMCGLD 3.5% 07/30","15yr",,,,,"10814.94",,,,,,""
"2021-08-11","'3128P7J87'","MBS","FHLMCGLD 5.5% 06/28","Other",,,,,"10814.18",,,,,,""
"2021-08-11","'3138LQK52'","MBS","UMBS MORTPASS 3% 04/27","15yr",,,,,"10813.55",,,,,,""
"2021-08-11","'36297EMK8'","MBS","GNMA I MORTPASS 5% 03/39","30yr",,,,,"10813.01",,,,,,""
"2021-08-11","'31402WR83'","MBS","UMBS MORTPASS 5% 09/33","30yr",,,,,"10720.08",,,,,,""
"2021-08-11","'31418AEF1'","MBS","UMBS MORTPASS 4% 03/22","Other",,,,,"10710.55",,,,,,""
"2021-08-11","'3128P7XJ7'","MBS","FHLMCGLD 3% 11/32","Other",,,,,"10707.53",,,,,,""
"2021-08-11","'31307NNV2'","MBS","FHLMCGLD 2.5% 07/30","15yr",,,,,"10696.29",,,,,,""
"2021-08-11","'31412HYY9'","MBS","UMBS MORTPASS 6.5% 01/39","30yr",,,,,"10683.21",,,,,,""
"2021-08-11","'36297HRQ3'","MBS","GNMA I 4.5% 06/39","30yr",,,,,"10673.11",,,,,,""
"2021-08-11","'3128KWSM6'","MBS","FHLMCGLD 6% 09/37","30yr",,,,,"10666.71",,,,,,""
"2021-08-11","'3138WBSE6'","MBS","UMBS MORTPASS 4% 05/44","30yr",,,,,"10662.07",,,,,,""
"2021-08-11","'31335H5U3'","MBS","FHLMCGLD 5.5% 10/24","Other",,,,,"10659.29",,,,,,""
"2021-08-11","'31407JB43'","MBS","UMBS MORTPASS 6% 09/26","Other",,,,,"10655.65",,,,,,""
"2021-08-11","'3138W6QU3'","MBS","UMBS MORTPASS 3% 05/22","Other",,,,,"10649.24",,,,,,""
"2021-08-11","'3132ACRU6'","MBS","UMBS MORTPASS 4% 08/48","30yr",,,,,"10632.56",,,,,,""
"2021-08-11","'3138Y2HZ9'","MBS","UMBS MORTPASS 3.5% 10/29","15yr",,,,,"10620.75",,,,,,""
"2021-08-11","'31307LKQ0'","MBS","FHLMCGLD 3.5% 01/30","15yr",,,,,"10606.98",,,,,,""
"2021-08-11","'36211Q2K6'","MBS","GNMA I MORTPASS 5% 03/34","30yr",,,,,"10602.43",,,,,,""
"2021-08-11","'3620A5XY0'","MBS","GNMA I MORTPASS 5% 10/39","30yr",,,,,"10590.23",,,,,,""
"2021-08-11","'31412MXQ6'","MBS","UMBS MORTPASS 5% 06/38","30yr",,,,,"10586.79",,,,,,""
"2021-08-11","'3138XTEN1'","MBS","UMBS MORTPASS 3.5% 05/29","15yr",,,,,"10584.92",,,,,,""
"2021-08-11","'31416KMQ8'","MBS","UMBS MORTPASS 4.5% 01/24","15yr",,,,,"10583.4",,,,,,""
"2021-08-11","'31335H7D9'","MBS","FHLMCGLD 5% 04/25","Other",,,,,"10557.24",,,,,,""
"2021-08-11","'31296YN58'","MBS","FHLMCGLD 5.5% 05/34","30yr",,,,,"10504.35",,,,,,""
"2021-08-11","'3620AS5P0'","MBS","GNMA I MORTPASS 4% 11/41","30yr",,,,,"10489.84",,,,,,""
"2021-08-11","'36297DA31'","MBS","GNMA I 5.5% 03/39","30yr",,,,,"10485.28",,,,,,""
"2021-08-11","'3131YDBF0'","MBS","UMBS MORTPASS 3.5% 05/49","30yr",,,,,"10482.61",,,,,,""
"2021-08-11","'3128M8MJ0'","MBS","FHLMCGLD 4% 03/41","30yr",,,,,"10471.37",,,,,,""
"2021-08-11","'3138ENLB3'","MBS","UMBS MORTPASS 3.5% 10/29","15yr",,,,,"10459.8",,,,,,""
"2021-08-11","'3138WFDX1'","MBS","UMBS MORTPASS 3.5% 07/30","15yr",,,,,"10449.84",,,,,,""
"2021-08-11","'3132KEYV1'","MBS","FHLMCGLD 3% 01/30","15yr",,,,,"10444.87",,,,,,""
"2021-08-11","'3132QLQT3'","MBS","FHLMCGLD 3.5% 12/44","30yr",,,,,"10437.34",,,,,,""
"2021-08-11","'36296DX52'","MBS","GNMA I MORTPASS 5% 04/38","30yr",,,,,"10434.1",,,,,,""
"2021-08-11","'31417MFE8'","MBS","UMBS MORTPASS 4.5% 08/39","30yr",,,,,"10430.63",,,,,,""
"2021-08-11","'3138WHHT2'","MBS","UMBS MORTPASS 2.5% 06/31","15yr",,,,,"10428.63",,,,,,""
"2021-08-11","'36297BD99'","MBS","GNMA I 4.5% 03/39","30yr",,,,,"10422.46",,,,,,""
"2021-08-11","'36294SMU8'","MBS","GNMA I MORTPASS 5% 11/36","30yr",,,,,"10417.23",,,,,,""
"2021-08-11","'3138ETBX3'","MBS","UMBS MORTPASS 3% 03/31","15yr",,,,,"10411.55",,,,,,""
"2021-08-11","'31417GQQ2'","MBS","UMBS MORTPASS 3% 05/43","30yr",,,,,"10405.11",,,,,,""
"2021-08-11","'36176CZA6'","MBS","GNMA I 3.5% 05/42","30yr",,,,,"10405.05",,,,,,""
"2021-08-11","'3131XAR29'","MBS","UMBS MORTPASS 3% 08/29","15yr",,,,,"10399.73",,,,,,""
"2021-08-11","'31329QWE7'","MBS","UMBS MORTPASS 4% 05/49","30yr",,,,,"10391.58",,,,,,""
"2021-08-11","'31415QAS5'","MBS","UMBS MORTPASS 5% 06/23","15yr",,,,,"10386.27",,,,,,""
"2021-08-11","'3140EVAQ0'","MBS","UMBS MORTPASS 3% 05/31","15yr",,,,,"10381.64",,,,,,""
"2021-08-11","'3128P7SF1'","MBS","FHLMCGLD 4% 01/32","Other",,,,,"10365.27",,,,,,""
"2021-08-11","'31307UCU0'","MBS","FHLMCGLD 3.5% 07/32","15yr",,,,,"10345.55",,,,,,""
"2021-08-11","'31418ABQ0'","MBS","UMBS MORTPASS 2.5% 12/21","Other",,,,,"10344.68",,,,,,""
"2021-08-11","'3140GXUG4'","MBS","UMBS MORTPASS 3% 11/47","30yr",,,,,"10337.16",,,,,,""
"2021-08-11","'3140FNBB9'","MBS","UMBS MORTPASS 4.5% 07/47","30yr",,,,,"10324.88",,,,,,""
"2021-08-11","'3138X84T5'","MBS","UMBS MORTPASS 3.5% 11/28","15yr",,,,,"10310.98",,,,,,""
"2021-08-11","'312931C71'","MBS","FHLMCGLD 5% 02/39","30yr",,,,,"10310.41",,,,,,""
"2021-08-11","'3138WGU77'","MBS","UMBS MORTPASS 3% 03/31","15yr",,,,,"10304.64",,,,,,""
"2021-08-11","'3138ELRB1'","MBS","UMBS MORTPASS 3% 08/28","15yr",,,,,"10298.27",,,,,,""
"2021-08-11","'36178DXT3'","MBS","GNMA I MORTPASS 3% 02/43","30yr",,,,,"10290.13",,,,,,""
"2021-08-11","'3138ASFL1'","MBS","UMBS MORTPASS 4.5% 09/41","30yr",,,,,"10277.79",,,,,,""
"2021-08-11","'3620A8VA8'","MBS","GNMA I 4.5% 12/39","30yr",,,,,"10273.3",,,,,,""
"2021-08-11","'31417DV59'","MBS","UMBS MORTPASS 3.5% 11/42","30yr",,,,,"10257.57",,,,,,""
"2021-08-11","'3128MCH40'","MBS","FHLMCGLD 4% 08/24","15yr",,,,,"10246.47",,,,,,""
"2021-08-11","'36294WHB7'","MBS","GNMA I MORTPASS 6% 11/36","30yr",,,,,"10237.97",,,,,,""
"2021-08-11","'31412TQ97'","MBS","UMBS MORTPASS 4.5% 08/38","30yr",,,,,"10231.14",,,,,,""
"2021-08-11","'36202DZE4'","MBS","GNMA II 4.5% 09/33","30yr",,,,,"10227.26",,,,,,""
"2021-08-11","'3132M96S8'","MBS","FHLMCGLD 3.5% 10/44","30yr",,,,,"10214.66",,,,,,""
"2021-08-11","'31307NN26'","MBS","FHLMCGLD 2.5% 07/30","15yr",,,,,"10207.26",,,,,,""
"2021-08-11","'3620A9P39'","MBS","GNMA I 5.5% 10/39","30yr",,,,,"10189.11",,,,,,""
"2021-08-11","'31417N6G1'","MBS","UMBS MORTPASS 6% 11/39","30yr",,,,,"10177.69",,,,,,""
"2021-08-11","'3128KJ5G3'","MBS","FHLMCGLD 6% 01/37","30yr",,,,,"10173.92",,,,,,""
"2021-08-11","'3132A9PQ4'","MBS","UMBS MORTPASS 2.5% 07/29","15yr",,,,,"10151.44",,,,,,""
"2021-08-11","'31417DBM4'","MBS","UMBS MORTPASS 2.5% 10/22","Other",,,,,"10147.86",,,,,,""
"2021-08-11","'3128MCX42'","MBS","FHLMCGLD 5.5% 05/23","15yr",,,,,"10139.98",,,,,,"Y"
"2021-08-11","'3132A7CX7'","MBS","UMBS MORTPASS 3% 12/21","Other",,,,,"10134.02",,,,,,""
"2021-08-11","'3131X8AW6'","MBS","UMBS MORTPASS 2.5% 10/22","Other",,,,,"10132.92",,,,,,""
"2021-08-11","'36178NMM8'","MBS","GNMA I 3.5% 11/42","30yr",,,,,"10127.86",,,,,,""
"2021-08-11","'31335ACS5'","MBS","FHLMCGLD 4% 06/45","30yr",,,,,"10119.73",,,,,,""
"2021-08-11","'3128MJYU8'","MBS","FHLMCGLD 3.5% 09/46","30yr",,,,,"10115.43",,,,,,""
"2021-08-11","'31413JEM2'","MBS","UMBS MORTPASS 5% 09/22","15yr",,,,,"10100.29",,,,,,""
"2021-08-11","'31414UGY8'","MBS","UMBS MORTPASS 4.5% 03/23","15yr",,,,,"10096.95",,,,,,""
"2021-08-11","'3138WFAF3'","MBS","UMBS MORTPASS 2.5% 07/30","15yr",,,,,"10079.05",,,,,,""
"2021-08-11","'3138Y2RW5'","MBS","UMBS MORTPASS 3.5% 09/29","15yr",,,,,"10077.21",,,,,,""
"2021-08-11","'3138A1RB9'","MBS","UMBS MORTPASS 3% 12/25","15yr",,,,,"10075.42",,,,,,""
"2021-08-11","'3131X7G44'","MBS","UMBS MORTPASS 3% 01/22","Other",,,,,"10075.3",,,,,,""
"2021-08-11","'3138WHD33'","MBS","UMBS MORTPASS 2.5% 06/31","15yr",,,,,"10049.56",,,,,,""
"2021-08-11","'31371M5Q6'","MBS","UMBS MORTPASS 5.5% 01/27","Other",,,,,"10043.63",,,,,,""
"2021-08-11","'31416MWX8'","MBS","UMBS MORTPASS 6% 04/39","30yr",,,,,"10029.59",,,,,,""
"2021-08-11","'3128PRU98'","MBS","FHLMCGLD 4% 06/25","15yr",,,,,"10025.35",,,,,,""
"2021-08-11","'36201XR59'","MBS","GNMA I 5.5% 05/36","30yr",,,,,"10017.66",,,,,,""
"2021-08-11","'36176QN75'","MBS","GNMA I MORTPASS 4% 01/42","30yr",,,,,"10014.27",,,,,,""
"2021-08-11","'3138WJD96'","MBS","UMBS MORTPASS 2.5% 10/31","15yr",,,,,"10012.42",,,,,,""
"2021-08-11","'31371PB66'","MBS","UMBS MORTPASS 6.5% 12/28","Other",,,,,"9991.48",,,,,,""
"2021-08-11","'3140FTW72'","MBS","UMBS MORTPASS 4.5% 02/47","30yr",,,,,"9982.02",,,,,,""
"2021-08-11","'3138LQSX3'","MBS","UMBS MORTPASS 3% 06/27","15yr",,,,,"9977.67",,,,,,""
"2021-08-11","'31417AWM7'","MBS","UMBS MORTPASS 2.5% 01/22","Other",,,,,"9965.6",,,,,,""
"2021-08-11","'3138YPWD0'","MBS","UMBS MORTPASS 2.5% 04/45","30yr",,,,,"9946.85",,,,,,""
"2021-08-11","'31412PPD7'","MBS","UMBS MORTPASS 4% 05/24","15yr",,,,,"9938.09",,,,,,""
"2021-08-11","'3140GWFR9'","MBS","UMBS MORTPASS 3.5% 08/47","30yr",,,,,"9931.15",,,,,,""
"2021-08-11","'31416YXB9'","MBS","UMBS MORTPASS 3% 08/26","15yr",,,,,"9923.56",,,,,,""
"2021-08-11","'3138YKH63'","MBS","UMBS MORTPASS 3% 06/30","15yr",,,,,"9917.53",,,,,,""
"2021-08-11","'3140JXUR7'","MBS","UMBS MORTPASS 2% 09/34","15yr",,,,,"9917.18",,,,,,""
"2021-08-11","'3128MMT86'","MBS","FHLMCGLD 2.5% 11/30","15yr",,,,,"9915.36",,,,,,""
"2021-08-11","'3131X9UL6'","MBS","UMBS MORTPASS 2.5% 09/28","15yr",,,,,"9902.26",,,,,,""
"2021-08-11","'36291T2L1'","MBS","GNMA I MORTPASS 5% 09/35","30yr",,,,,"9887.69",,,,,,""
"2021-08-11","'3128M6N95'","MBS","FHLMCGLD 6% 08/38","30yr",,,,,"9867.22",,,,,,""
"2021-08-11","'36292GPK5'","MBS","GNMA I MORTPASS 5% 12/35","30yr",,,,,"9813.64",,,,,,""
"2021-08-11","'3140F12H4'","MBS","UMBS MORTPASS 2.5% 07/31","15yr",,,,,"9807.79",,,,,,""
"2021-08-11","'36296MHC5'","MBS","GNMA I 4.5% 04/39","30yr",,,,,"9790.51",,,,,,""
"2021-08-11","'36291BUX3'","MBS","GNMA I MORTPASS 5% 05/34","30yr",,,,,"9778.59",,,,,,""
"2021-08-11","'36202XEG8'","MBS","GNMA I 5.5% 08/33","30yr",,,,,"9773.66",,,,,,""
"2021-08-11","'3131X6W63'","MBS","UMBS MORTPASS 3% 07/26","15yr",,,,,"9769.18",,,,,,""
"2021-08-11","'3140KAGY6'","MBS","UMBS MORTPASS 3% 02/50","30yr",,,,,"9765.35",,,,,,""
"2021-08-11","'31410PB44'","MBS","UMBS MORTPASS 6.5% 09/36","30yr",,,,,"9734.85",,,,,,""
"2021-08-11","'3128P7KW2'","MBS","FHLMCGLD 6.5% 07/28","Other",,,,,"9719.42",,,,,,""
"2021-08-11","'3620AGK79'","MBS","GNMA I MORTPASS 4% 08/40","30yr",,,,,"9714.44",,,,,,""
"2021-08-11","'31418MQS4'","MBS","UMBS MORTPASS 4.5% 10/35","30yr",,,,,"9700.47",,,,,,""
"2021-08-11","'31368HME0'","MBS","UMBS MORTPASS 5% 03/35","30yr",,,,,"9690.82",,,,,,""
"2021-08-11","'31418AAZ1'","MBS","UMBS MORTPASS 2.5% 10/21","Other",,,,,"9671.83",,,,,,""
"2021-08-11","'36297G4S6'","MBS","GNMA I MORTPASS 6% 04/39","30yr",,,,,"9670.85",,,,,,""
"2021-08-11","'31414XUX8'","MBS","UMBS MORTPASS 6.5% 05/38","30yr",,,,,"9644.34",,,,,,""
"2021-08-11","'31409V5P4'","MBS","UMBS MORTPASS 6.5% 02/36","30yr",,,,,"9640.03",,,,,,""
"2021-08-11","'3138AURH2'","MBS","UMBS MORTPASS 3% 10/26","15yr",,,,,"9634.12",,,,,,""
"2021-08-11","'3131X9QH0'","MBS","UMBS MORTPASS 2.5% 07/28","15yr",,,,,"9614.22",,,,,,""
"2021-08-11","'31418RFB2'","MBS","UMBS MORTPASS 6% 03/40","30yr",,,,,"9611.78",,,,,,""
"2021-08-11","'31418CDL5'","MBS","UMBS MORTPASS 3% 11/46","30yr",,,,,"9606.21",,,,,,""
"2021-08-11","'3128LA6U9'","MBS","FHLMCGLD 6.5% 05/38","30yr",,,,,"9575.98",,,,,,""
"2021-08-11","'31416TMJ5'","MBS","UMBS MORTPASS 6% 08/39","30yr",,,,,"9574.01",,,,,,""
"2021-08-11","'36200NPV7'","MBS","GNMA I MORTPASS 6% 08/34","30yr",,,,,"9564.54",,,,,,""
"2021-08-11","'3132AEBH8'","MBS","UMBS MORTPASS 4% 09/48","30yr",,,,,"9563.56",,,,,,""
"2021-08-11","'36297ELA1'","MBS","GNMA I MORTPASS 6% 02/39","30yr",,,,,"9560.64",,,,,,""
"2021-08-11","'3138YEZM2'","MBS","UMBS MORTPASS 3% 02/30","15yr",,,,,"9552.66",,,,,,""
"2021-08-11","'3138WHHS4'","MBS","UMBS MORTPASS 2.5% 06/31","15yr",,,,,"9549.65",,,,,,""
"2021-08-11","'3140HATD2'","MBS","UMBS MORTPASS 3.5% 01/48","30yr",,,,,"9543.46",,,,,,""
"2021-08-11","'3128PMQ45'","MBS","FHLMCGLD 4.5% 04/24","15yr",,,,,"9542.05",,,,,,""
"2021-08-11","'36290W3P5'","MBS","GNMA I MORTPASS 5% 11/34","30yr",,,,,"9540.8",,,,,,""
"2021-08-11","'31400TVW4'","MBS","UMBS MORTPASS 5.5% 01/34","30yr",,,,,"9538.36",,,,,,""
"2021-08-11","'3140J9FU0'","MBS","UMBS MORTPASS 4% 11/48","30yr",,,,,"9524.69",,,,,,""
"2021-08-11","'36295UFN6'","MBS","GNMA I 5.5% 01/38","30yr",,,,,"9521.98",,,,,,""
"2021-08-11","'3131XAAL5'","MBS","UMBS MORTPASS 3.5% 12/23","Other",,,,,"9519.75",,,,,,""
"2021-08-11","'3128PSGU5'","MBS","FHLMCGLD 4% 09/25","15yr",,,,,"9515.95",,,,,,""
"2021-08-11","'31412QVV8'","MBS","UMBS MORTPASS 4% 12/24","15yr",,,,,"9511.05",,,,,,""
"2021-08-11","'3140HJQ95'","MBS","UMBS MORTPASS 3.5% 06/48","30yr",,,,,"9506.15",,,,,,""
"2021-08-11","'31307HLP0'","MBS","FHLMCGLD 3.5% 06/29","15yr",,,,,"9485.88",,,,,,""
"2021-08-11","'3138WEKB4'","MBS","UMBS MORTPASS 3% 04/45","30yr",,,,,"9460.79",,,,,,""
"2021-08-11","'31413D7G6'","MBS","UMBS MORTPASS 5.5% 08/37","30yr",,,,,"9459.71",,,,,,""
"2021-08-11","'36292ESX9'","MBS","GNMA I MORTPASS 5% 08/35","30yr",,,,,"9455.9",,,,,,""
"2021-08-11","'3132QN5W5'","MBS","FHLMCGLD 3% 04/45","30yr",,,,,"9447.08",,,,,,""
"2021-08-11","'31307RR80'","MBS","FHLMCGLD 2.5% 08/31","15yr",,,,,"9435.8",,,,,,""
"2021-08-11","'31409G5C6'","MBS","UMBS MORTPASS 6.5% 04/36","30yr",,,,,"9411.57",,,,,,""
"2021-08-11","'36297EUQ6'","MBS","GNMA I MORTPASS 5% 12/39","30yr",,,,,"9409.1",,,,,,""
"2021-08-11","'31414JA94'","MBS","UMBS MORTPASS 4.5% 12/22","15yr",,,,,"9408.27",,,,,,""
"2021-08-11","'3138AAQJ3'","MBS","UMBS MORTPASS 4% 03/41","30yr",,,,,"9404.72",,,,,,""
"2021-08-11","'3128P7LE1'","MBS","FHLMCGLD 6.5% 12/28","Other",,,,,"9401.36",,,,,,""
"2021-08-11","'31416XQD5'","MBS","UMBS MORTPASS 3% 02/26","15yr",,,,,"9396.57",,,,,,""
"2021-08-11","'3138LTVP0'","MBS","UMBS MORTPASS 2.5% 05/27","15yr",,,,,"9393.29",,,,,,""
"2021-08-11","'3128MMST1'","MBS","FHLMCGLD 2.5% 10/29","15yr",,,,,"9376.93",,,,,,""
"2021-08-11","'3138W9KG4'","MBS","UMBS MORTPASS 3% 08/28","15yr",,,,,"9376.02",,,,,,""
"2021-08-11","'36202EJG5'","MBS","GNMA II MORTPASS 5% 06/36","30yr",,,,,"9372.81",,,,,,""
"2021-08-11","'3138ABEY1'","MBS","UMBS MORTPASS 3.5% 04/41","30yr",,,,,"9351.65",,,,,,""
"2021-08-11","'3140GPZY7'","MBS","UMBS MORTPASS 4% 04/47","30yr",,,,,"9350.47",,,,,,""
"2021-08-11","'36176WXX4'","MBS","GNMA I 3.5% 11/41","30yr",,,,,"9344.11",,,,,,""
"2021-08-11","'31412XFF6'","MBS","UMBS MORTPASS 6% 06/37","30yr",,,,,"9333.72",,,,,,""
"2021-08-11","'3140F0A53'","MBS","UMBS MORTPASS 4.5% 04/46","30yr",,,,,"9328.64",,,,,,""
"2021-08-11","'3138X22Z6'","MBS","UMBS MORTPASS 3.5% 09/28","15yr",,,,,"9327.91",,,,,,""
"2021-08-11","'3128PWN87'","MBS","FHLMCGLD 3% 09/21","15yr",,,,,"9319.38",,,,,,""
"2021-08-11","'31418AHW1'","MBS","UMBS MORTPASS 2.5% 08/27","15yr",,,,,"9312.9",,,,,,""
"2021-08-11","'31297C3X6'","MBS","FHLMCGLD 5.5% 07/34","30yr",,,,,"9310.86",,,,,,""
"2021-08-11","'3128MC7J8'","MBS","FHLMCGLD 4% 08/26","15yr",,,,,"9308.78",,,,,,""
"2021-08-11","'3138YH2N9'","MBS","UMBS MORTPASS 2.5% 03/30","15yr",,,,,"9303.45",,,,,,""
"2021-08-11","'36290UGK6'","MBS","GNMA I MORTPASS 6% 09/37","30yr",,,,,"9284.31",,,,,,""
"2021-08-11","'3132A5DK8'","MBS","UMBS MORTPASS 3% 03/45","30yr",,,,,"9283.51",,,,,,""
"2021-08-11","'3138WDJ44'","MBS","UMBS MORTPASS 4.5% 11/44","30yr",,,,,"9278.43",,,,,,""
"2021-08-11","'3131X7Q84'","MBS","UMBS MORTPASS 2.5% 04/27","15yr",,,,,"9266.32",,,,,,""
"2021-08-11","'31403JRZ1'","MBS","UMBS MORTPASS 5% 11/33","30yr",,,,,"9245.32",,,,,,""
"2021-08-11","'31414JUN1'","MBS","UMBS MORTPASS 6.5% 11/37","30yr",,,,,"9238.68",,,,,,""
"2021-08-11","'3138M3YK4'","MBS","UMBS MORTPASS 3% 08/27","15yr",,,,,"9237.27",,,,,,""
"2021-08-11","'31404RPU5'","MBS","UMBS MORTPASS 4% 10/33","30yr",,,,,"9236.47",,,,,,""
"2021-08-11","'31408ELJ9'","MBS","UMBS MORTPASS 6.5% 01/36","30yr",,,,,"9233.43",,,,,,""
"2021-08-11","'31415WP72'","MBS","UMBS MORTPASS 6.5% 11/38","30yr",,,,,"9219.5",,,,,,""
"2021-08-11","'36292HRD7'","MBS","GNMA I MORTPASS 5% 10/35","30yr",,,,,"9218.43",,,,,,""
"2021-08-11","'3131XAEM9'","MBS","UMBS MORTPASS 3% 02/29","15yr",,,,,"9210.82",,,,,,""
"2021-08-11","'3133KGGH5'","MBS","UMBS MORTPASS 4% 07/49","30yr",,,,,"9202.54",,,,,,""
"2021-08-11","'31416KBN7'","MBS","UMBS MORTPASS 4.5% 02/39","30yr",,,,,"9198.53",,,,,,""
"2021-08-11","'3128MCCG8'","MBS","FHLMCGLD 4.5% 02/24","15yr",,,,,"9176.47",,,,,,""
"2021-08-11","'3128PMGQ7'","MBS","FHLMCGLD 5% 01/24","15yr",,,,,"9168.94",,,,,,""
"2021-08-11","'3140E2G39'","MBS","UMBS MORTPASS 4% 10/45","30yr",,,,,"9165.71",,,,,,""
"2021-08-11","'36230KL66'","MBS","GNMA I MORTPASS 4% 10/40","30yr",,,,,"9161.59",,,,,,""
"2021-08-11","'3132QUZU0'","MBS","FHLMCGLD 3.5% 12/45","30yr",,,,,"9154.09",,,,,,""
"2021-08-11","'36297BAU5'","MBS","GNMA I 5.5% 02/39","30yr",,,,,"9148.16",,,,,,""
"2021-08-11","'3128P7QF3'","MBS","FHLMCGLD 4% 01/31","Other",,,,,"9125.74",,,,,,""
"2021-08-11","'3128PLDC3'","MBS","FHLMCGLD 4% 06/23","15yr",,,,,"9123.62",,,,,,""
"2021-08-11","'31412UL73'","MBS","UMBS MORTPASS 4.5% 04/24","15yr",,,,,"9103.94",,,,,,""
"2021-08-11","'36295H6U9'","MBS","GNMA I 5.5% 08/37","30yr",,,,,"9100.28",,,,,,""
"2021-08-11","'3140EUBS7'","MBS","UMBS MORTPASS 2.5% 11/30","15yr",,,,,"9091.34",,,,,,""
"2021-08-11","'3140FCXJ2'","MBS","UMBS MORTPASS 4.5% 07/46","30yr",,,,,"9081.65",,,,,,""
"2021-08-11","'31412LQR4'","MBS","UMBS MORTPASS 5.5% 06/27","Other",,,,,"9079.66",,,,,,""
"2021-08-11","'3138YSQB5'","MBS","UMBS MORTPASS 2.5% 05/30","15yr",,,,,"9056.22",,,,,,""
"2021-08-11","'31417AMD8'","MBS","UMBS MORTPASS 2.5% 11/26","15yr",,,,,"9053.83",,,,,,""
"2021-08-11","'36296WWP7'","MBS","GNMA I MORTPASS 5% 02/39","30yr",,,,,"9051.22",,,,,,""
"2021-08-11","'31371NBJ3'","MBS","UMBS MORTPASS 6% 03/27","Other",,,,,"9019.44",,,,,,""
"2021-08-11","'3128PL3F7'","MBS","FHLMCGLD 4.5% 10/23","15yr",,,,,"8995.86",,,,,,""
"2021-08-11","'36201NTK6'","MBS","GNMA I 4.5% 07/33","30yr",,,,,"8979.78",,,,,,""
"2021-08-11","'3140J8SA2'","MBS","UMBS MORTPASS 4% 05/24","Other",,,,,"8969.33",,,,,,""
"2021-08-11","'3140FPWR6'","MBS","UMBS MORTPASS 2.5% 12/31","15yr",,,,,"8954.25",,,,,,""
"2021-08-11","'31296SVC7'","MBS","FHLMCGLD 5.5% 01/34","30yr",,,,,"8947.67",,,,,,""
"2021-08-11","'3131X7LV8'","MBS","UMBS MORTPASS 2.5% 03/22","Other",,,,,"8945.87",,,,,,""
"2021-08-11","'31416XQE3'","MBS","UMBS MORTPASS 3.5% 02/26","15yr",,,,,"8909.94",,,,,,""
"2021-08-11","'3138AG4M7'","MBS","UMBS MORTPASS 4.5% 05/41","30yr",,,,,"8907.47",,,,,,""
"2021-08-11","'3128E3CQ5'","MBS","FHLMCGLD 5% 11/23","Other",,,,,"8893.45",,,,,,""
"2021-08-11","'31414B2V1'","MBS","UMBS MORTPASS 5% 02/23","15yr",,,,,"8848.69",,,,,,""
"2021-08-11","'3128MBZJ9'","MBS","FHLMCGLD 5.5% 08/23","15yr",,,,,"8842.46",,,,,,""
"2021-08-11","'31307MBR6'","MBS","FHLMCGLD 3.5% 03/30","15yr",,,,,"8821.67",,,,,,""
"2021-08-11","'3620C6EC5'","MBS","GNMA I MORTPASS 4% 10/40","30yr",,,,,"8809.05",,,,,,""
"2021-08-11","'3138WK4P7'","MBS","UMBS MORTPASS 3.5% 06/47","30yr",,,,,"8791.23",,,,,,""
"2021-08-11","'36297FLK6'","MBS","GNMA I MORTPASS 5% 06/39","30yr",,,,,"8791.18",,,,,,""
"2021-08-11","'3132WGTZ0'","MBS","FHLMCGLD 4.5% 09/46","30yr",,,,,"8788.35",,,,,,""
"2021-08-11","'3132KFAE2'","MBS","FHLMCGLD 2.5% 07/30","15yr",,,,,"8788.32",,,,,,""
"2021-08-11","'31389AX32'","MBS","UMBS MORTPASS 5.5% 02/32","30yr",,,,,"8787.31",,,,,,""
"2021-08-11","'36295AFK6'","MBS","GNMA I 5.5% 12/37","30yr",,,,,"8756.98",,,,,,""
"2021-08-11","'3140F7QM4'","MBS","UMBS MORTPASS 3% 07/31","15yr",,,,,"8734.74",,,,,,""
"2021-08-11","'31417M3B7'","MBS","UMBS MORTPASS 5.5% 08/39","30yr",,,,,"8729.24",,,,,,""
"2021-08-11","'36295T7H1'","MBS","GNMA I 5.5% 11/39","30yr",,,,,"8724.28",,,,,,""
"2021-08-11","'3131X9P32'","MBS","UMBS MORTPASS 3% 08/28","15yr",,,,,"8695.56",,,,,,""
"2021-08-11","'31412EZ66'","MBS","UMBS MORTPASS 6.5% 05/37","30yr",,,,,"8679.12",,,,,,""
"2021-08-11","'36296FNR0'","MBS","GNMA I 5.5% 09/38","30yr",,,,,"8675.11",,,,,,""
"2021-08-11","'31412MRV2'","MBS","UMBS MORTPASS 5% 05/23","15yr",,,,,"8673.87",,,,,,""
"2021-08-11","'3140FNAT1'","MBS","UMBS MORTPASS 4.5% 07/47","30yr",,,,,"8588.96",,,,,,""
"2021-08-11","'31416N5T5'","MBS","UMBS MORTPASS 4.5% 04/39","30yr",,,,,"8554.78",,,,,,""
"2021-08-11","'3138WB6K6'","MBS","UMBS MORTPASS 2% 05/29","15yr",,,,,"8552.53",,,,,,""
"2021-08-11","'3138WEBZ1'","MBS","UMBS MORTPASS 3.5% 03/45","30yr",,,,,"8540.87",,,,,,""
"2021-08-11","'36211RQT9'","MBS","GNMA I MORTPASS 5% 03/35","30yr",,,,,"8527.79",,,,,,""
"2021-08-11","'36290YXB9'","MBS","GNMA I MORTPASS 5% 11/33","30yr",,,,,"8503.14",,,,,,""
"2021-08-11","'31417AN39'","MBS","UMBS MORTPASS 2.5% 12/21","Other",,,,,"8494.6",,,,,,""
"2021-08-11","'31414UG28'","MBS","UMBS MORTPASS 4.5% 03/23","15yr",,,,,"8494.26",,,,,,""
"2021-08-11","'36297C3B3'","MBS","GNMA I 5.5% 02/39","30yr",,,,,"8490.22",,,,,,""
"2021-08-11","'3128PJW29'","MBS","FHLMCGLD 4.5% 02/23","15yr",,,,,"8463.46",,,,,,""
"2021-08-11","'3138W2EE1'","MBS","UMBS MORTPASS 2.5% 02/28","15yr",,,,,"8458.13",,,,,,""
"2021-08-11","'36177JRP6'","MBS","GNMA I 3.5% 01/42","30yr",,,,,"8457.75",,,,,,""
"2021-08-11","'3138WWR27'","MBS","UMBS MORTPASS 2.5% 07/28","15yr",,,,,"8444.61",,,,,,""
"2021-08-11","'3131X7HC5'","MBS","UMBS MORTPASS 3% 02/22","Other",,,,,"8435.43",,,,,,""
"2021-08-11","'3132WEF56'","MBS","FHLMCGLD 4% 06/46","30yr",,,,,"8433.54",,,,,,""
"2021-08-11","'31416AG87'","MBS","UMBS MORTPASS 6.5% 11/38","30yr",,,,,"8408.87",,,,,,""
"2021-08-11","'3128LBAZ1'","MBS","FHLMCGLD 6.5% 05/38","30yr",,,,,"8403.03",,,,,,""
"2021-08-11","'3138EMPW5'","MBS","UMBS MORTPASS 3% 03/29","15yr",,,,,"8402.04",,,,,,""
"2021-08-11","'3138WSR75'","MBS","UMBS MORTPASS 3.5% 05/28","15yr",,,,,"8401.53",,,,,,""
"2021-08-11","'3140FS2U6'","MBS","UMBS MORTPASS 4.5% 01/47","30yr",,,,,"8385.37",,,,,,""
"2021-08-11","'3128PL7L0'","MBS","FHLMCGLD 5.5% 12/23","15yr",,,,,"8379.2",,,,,,""
"2021-08-11","'3140JL2T0'","MBS","UMBS MORTPASS 3.5% 03/49","30yr",,,,,"8368.65",,,,,,""
"2021-08-11","'31418ATA6'","MBS","UMBS MORTPASS 2.5% 05/33","Other",,,,,"8345.05",,,,,,""
"2021-08-11","'36291ENA5'","MBS","GNMA I MORTPASS 5% 04/34","30yr",,,,,"8332.83",,,,,,""
"2021-08-11","'3138XVQJ2'","MBS","UMBS MORTPASS 3% 05/29","15yr",,,,,"8277.79",,,,,,""
"2021-08-11","'31412AVY7'","MBS","UMBS MORTPASS 5% 08/22","15yr",,,,,"8277.16",,,,,,""
"2021-08-11","'3138LRBF8'","MBS","UMBS MORTPASS 3% 04/27","15yr",,,,,"8270.06",,,,,,""
"2021-08-11","'31418CKW3'","MBS","UMBS MORTPASS 4.5% 05/47","30yr",,,,,"8269.54",,,,,,""
"2021-08-11","'31413JZR8'","MBS","UMBS MORTPASS 6% 10/37","30yr",,,,,"8256.91",,,,,,""
"2021-08-11","'3620A3NX8'","MBS","GNMA I MORTPASS 5% 06/39","30yr",,,,,"8243.22",,,,,,""
"2021-08-11","'31412QV30'","MBS","UMBS MORTPASS 4.5% 12/24","15yr",,,,,"8233.11",,,,,,""
"2021-08-11","'31417UJY2'","MBS","UMBS MORTPASS 6% 03/40","30yr",,,,,"8230.84",,,,,,""
"2021-08-11","'3140HJG62'","MBS","UMBS MORTPASS 4% 09/48","30yr",,,,,"8227.78",,,,,,""
"2021-08-11","'31329LFF4'","MBS","UMBS MORTPASS 3% 03/28","15yr",,,,,"8220.27",,,,,,""
"2021-08-11","'3140HERF1'","MBS","UMBS MORTPASS 4% 08/48","30yr",,,,,"8210.05",,,,,,""
"2021-08-11","'312943L50'","MBS","FHLMCGLD 4% 11/40","30yr",,,,,"8203.7",,,,,,""
"2021-08-11","'3138XPG72'","MBS","UMBS MORTPASS 3% 03/44","30yr",,,,,"8190.61",,,,,,""
"2021-08-11","'31412WN28'","MBS","UMBS MORTPASS 6% 06/37","30yr",,,,,"8185.38",,,,,,""
"2021-08-11","'3140EY4S7'","MBS","UMBS MORTPASS 3.5% 04/31","15yr",,,,,"8179.57",,,,,,""
"2021-08-11","'31412PSN2'","MBS","UMBS MORTPASS 4% 05/39","30yr",,,,,"8178.53",,,,,,""
"2021-08-11","'3138E6XR2'","MBS","UMBS MORTPASS 3% 02/27","15yr",,,,,"8166.02",,,,,,""
"2021-08-11","'3140HESZ6'","MBS","UMBS MORTPASS 4% 10/48","30yr",,,,,"8132.76",,,,,,""
"2021-08-11","'3138XQBF7'","MBS","UMBS MORTPASS 3% 04/29","15yr",,,,,"8127.11",,,,,,""
"2021-08-11","'3131X9DL5'","MBS","UMBS MORTPASS 2.5% 05/28","15yr",,,,,"8125.9",,,,,,""
"2021-08-11","'31419JAC2'","MBS","UMBS MORTPASS 3.5% 11/25","15yr",,,,,"8118.42",,,,,,""
"2021-08-11","'3128P7CU5'","MBS","FHLMCGLD 5.5% 08/26","Other",,,,,"8105",,,,,,""
"2021-08-11","'3138WFK21'","MBS","UMBS MORTPASS 3.5% 08/45","30yr",,,,,"8104.82",,,,,,""
"2021-08-11","'36291GTY2'","MBS","GNMA I MORTPASS 5% 02/34","30yr",,,,,"8099.86",,,,,,""
"2021-08-11","'3132A5HH1'","MBS","UMBS MORTPASS 4.5% 08/47","30yr",,,,,"8098.82",,,,,,""
"2021-08-11","'3131Y8S89'","MBS","UMBS MORTPASS 4% 01/49","30yr",,,,,"8091.59",,,,,,""
"2021-08-11","'312930TU4'","MBS","FHLMCGLD 6.5% 01/39","30yr",,,,,"8089.16",,,,,,""
"2021-08-11","'31416HEJ0'","MBS","UMBS MORTPASS 6.5% 12/38","30yr",,,,,"8079.64",,,,,,""
"2021-08-11","'3138E5UC0'","MBS","UMBS MORTPASS 3% 02/27","15yr",,,,,"8068.68",,,,,,""
"2021-08-11","'31417HA95'","MBS","UMBS MORTPASS 2.5% 07/28","15yr",,,,,"8068.45",,,,,,""
"2021-08-11","'36201TVK0'","MBS","GNMA I MORTPASS 5% 10/36","30yr",,,,,"8067.57",,,,,,""
"2021-08-11","'3138XK6S8'","MBS","UMBS MORTPASS 3.5% 06/44","30yr",,,,,"8056.76",,,,,,""
"2021-08-11","'3128PJPA9'","MBS","FHLMCGLD 5% 01/23","15yr",,,,,"8056.22",,,,,,""
"2021-08-11","'3128P74H3'","MBS","FHLMCGLD 3% 09/33","Other",,,,,"8052.58",,,,,,""
"2021-08-11","'3128MDFA6'","MBS","FHLMCGLD 2.5% 05/22","15yr",,,,,"7997.96",,,,,,""
"2021-08-11","'3138WJUS5'","MBS","UMBS MORTPASS 3.5% 01/47","30yr",,,,,"7989.13",,,,,,""
"2021-08-11","'3138WAVV6'","MBS","UMBS MORTPASS 3% 01/29","15yr",,,,,"7988.13",,,,,,""
"2021-08-11","'3138XTAS4'","MBS","UMBS MORTPASS 4% 06/44","30yr",,,,,"7973.96",,,,,,""
"2021-08-11","'36202EZD4'","MBS","GNMA II MORTPASS 4% 01/39","30yr",,,,,"7971.04",,,,,,""
"2021-08-11","'3138EPJ62'","MBS","UMBS MORTPASS 3% 04/30","15yr",,,,,"7958.41",,,,,,""
"2021-08-11","'31416WH47'","MBS","UMBS MORTPASS 3.5% 06/25","15yr",,,,,"7951.87",,,,,,""
"2021-08-11","'36291WV81'","MBS","GNMA I MORTPASS 6% 12/38","30yr",,,,,"7951.32",,,,,,""
"2021-08-11","'3132KEXZ3'","MBS","FHLMCGLD 3% 01/30","15yr",,,,,"7950.83",,,,,,""
"2021-08-11","'3128PJXE2'","MBS","FHLMCGLD 4% 02/23","15yr",,,,,"7948.68",,,,,,""
"2021-08-11","'36200MY31'","MBS","GNMA I MORTPASS 5% 10/33","30yr",,,,,"7938.77",,,,,,""
"2021-08-11","'3128PRE88'","MBS","FHLMCGLD 4.5% 04/25","15yr",,,,,"7905.45",,,,,,""
"2021-08-11","'31417QX90'","MBS","UMBS MORTPASS 3.5% 11/24","15yr",,,,,"7890.6",,,,,,""
"2021-08-11","'3128PQ6W6'","MBS","FHLMCGLD 4.5% 03/25","15yr",,,,,"7877.67",,,,,,""
"2021-08-11","'36178YWW1'","MBS","GNMA I MORTPASS 3% 06/43","30yr",,,,,"7862.92",,,,,,""
"2021-08-11","'3132A7RL7'","MBS","UMBS MORTPASS 3.5% 08/23","Other",,,,,"7855.77",,,,,,""
"2021-08-11","'31415RUE2'","MBS","UMBS MORTPASS 6.5% 01/39","30yr",,,,,"7844.94",,,,,,""
"2021-08-11","'31307BJW1'","MBS","FHLMCGLD 2.5% 03/23","15yr",,,,,"7829",,,,,,""
"2021-08-11","'3132J4AF6'","MBS","FHLMCGLD 3.5% 05/33","Other",,,,,"7811.56",,,,,,""
"2021-08-11","'3620A15C8'","MBS","GNMA I MORTPASS 5% 06/39","30yr",,,,,"7806.79",,,,,,""
"2021-08-11","'3138XJDM6'","MBS","UMBS MORTPASS 3.5% 02/29","15yr",,,,,"7797.19",,,,,,""
"2021-08-11","'31418BEK8'","MBS","UMBS MORTPASS 4% 03/24","Other",,,,,"7795.34",,,,,,""
"2021-08-11","'31307P6N4'","MBS","FHLMCGLD 3% 01/31","15yr",,,,,"7757.05",,,,,,""
"2021-08-11","'36200NGF2'","MBS","GNMA I MORTPASS 5% 03/34","30yr",,,,,"7742.61",,,,,,""
"2021-08-11","'312944KV2'","MBS","FHLMCGLD 4% 12/40","30yr",,,,,"7727.14",,,,,,""
"2021-08-11","'3138WHLU4'","MBS","UMBS MORTPASS 3% 07/46","30yr",,,,,"7723.92",,,,,,""
"2021-08-11","'3140HCCF1'","MBS","UMBS MORTPASS 4% 05/48","30yr",,,,,"7713.15",,,,,,""
"2021-08-11","'36291FMN5'","MBS","GNMA I MORTPASS 5% 03/34","30yr",,,,,"7698.43",,,,,,""
"2021-08-11","'31294MM99'","MBS","FHLMCGLD 3% 03/22","15yr",,,,,"7688.14",,,,,,""
"2021-08-11","'3128PJK22'","MBS","FHLMCGLD 4.5% 12/22","15yr",,,,,"7678.62",,,,,,""
"2021-08-11","'36176KEA1'","MBS","GNMA I MORTPASS 4% 07/41","30yr",,,,,"7678.4",,,,,,""
"2021-08-11","'3140Q95C3'","MBS","UMBS MORTPASS 4.5% 11/48","30yr",,,,,"7653.32",,,,,,""
"2021-08-11","'36296CDT4'","MBS","GNMA I MORTPASS 6% 06/38","30yr",,,,,"7637.84",,,,,,""
"2021-08-11","'31411JG34'","MBS","UMBS MORTPASS 6% 12/36","30yr",,,,,"7628.78",,,,,,""
"2021-08-11","'3128PL3W0'","MBS","FHLMCGLD 5.5% 10/23","15yr",,,,,"7621.56",,,,,,""
"2021-08-11","'36290UME3'","MBS","GNMA I 5.5% 12/37","30yr",,,,,"7617.21",,,,,,""
"2021-08-11","'36291LML6'","MBS","GNMA I 5.5% 10/35","30yr",,,,,"7603.13",,,,,,""
"2021-08-11","'3128Q03J4'","MBS","FHLMCGLD 2.5% 07/22","15yr",,,,,"7600.86",,,,,,""
"2021-08-11","'3128M4T37'","MBS","FHLMCGLD 6.5% 05/37","30yr",,,,,"7599.34",,,,,,""
"2021-08-11","'3128P7FL2'","MBS","FHLMCGLD 5% 07/27","Other",,,,,"7595.86",,,,,,""
"2021-08-11","'3620ALG40'","MBS","GNMA I MORTPASS 4% 06/41","30yr",,,,,"7591.4",,,,,,""
"2021-08-11","'36297BET4'","MBS","GNMA I MORTPASS 5% 07/39","30yr",,,,,"7585.46",,,,,,""
"2021-08-11","'36295RXL7'","MBS","GNMA I MORTPASS 5% 03/40","30yr",,,,,"7582.59",,,,,,""
"2021-08-11","'36177SKT5'","MBS","GNMA I MORTPASS 3% 07/42","30yr",,,,,"7580.41",,,,,,""
"2021-08-11","'3128Q0F51'","MBS","FHLMCGLD 3% 05/22","15yr",,,,,"7579.3",,,,,,""
"2021-08-11","'3138WEJJ9'","MBS","UMBS MORTPASS 2.5% 04/30","15yr",,,,,"7548.87",,,,,,""
"2021-08-11","'3140HLJY3'","MBS","UMBS MORTPASS 4.5% 08/48","30yr",,,,,"7535.41",,,,,,""
"2021-08-11","'3132QUZX4'","MBS","FHLMCGLD 4% 12/45","30yr",,,,,"7505.99",,,,,,""
"2021-08-11","'3128PXA55'","MBS","FHLMCGLD 3% 11/21","15yr",,,,,"7495.25",,,,,,""
"2021-08-11","'3131X7GR3'","MBS","UMBS MORTPASS 3% 01/22","Other",,,,,"7494.83",,,,,,""
"2021-08-11","'36296SU45'","MBS","GNMA I MORTPASS 6% 12/38","30yr",,,,,"7494.41",,,,,,""
"2021-08-11","'36202DWS6'","MBS","GNMA II MORTPASS 4% 02/33","30yr",,,,,"7486.88",,,,,,""
"2021-08-11","'3131X7UL0'","MBS","UMBS MORTPASS 3% 06/27","15yr",,,,,"7481.38",,,,,,""
"2021-08-11","'36291FYA0'","MBS","GNMA I 5.5% 04/34","30yr",,,,,"7480.41",,,,,,""
"2021-08-11","'3128L7SH1'","MBS","FHLMCGLD 6% 02/38","30yr",,,,,"7472.14",,,,,,""
"2021-08-11","'3128PQHL8'","MBS","FHLMCGLD 5% 11/24","15yr",,,,,"7464.92",,,,,,""
"2021-08-11","'36295KU27'","MBS","GNMA I MORTPASS 5% 08/38","30yr",,,,,"7463.22",,,,,,""
"2021-08-11","'36296JDW2'","MBS","GNMA I MORTPASS 5% 01/39","30yr",,,,,"7453.67",,,,,,""
"2021-08-11","'3132XSHL7'","MBS","FHLMCGLD 3% 08/47","30yr",,,,,"7447.91",,,,,,""
"2021-08-11","'31371LU98'","MBS","UMBS MORTPASS 5.5% 09/24","Other",,,,,"7427.44",,,,,,""
"2021-08-11","'3138MJM22'","MBS","UMBS MORTPASS 2.5% 10/27","15yr",,,,,"7423.68",,,,,,""
"2021-08-11","'31417AQY8'","MBS","UMBS MORTPASS 3% 12/21","Other",,,,,"7406.95",,,,,,""
"2021-08-11","'3138YRCW6'","MBS","UMBS MORTPASS 3.5% 06/30","15yr",,,,,"7399.02",,,,,,""
"2021-08-11","'3138XJY35'","MBS","UMBS MORTPASS 2.5% 11/29","15yr",,,,,"7390.27",,,,,,""
"2021-08-11","'36225BAP3'","MBS","GNMA I MORTPASS 6% 11/28","30yr",,,,,"7387.04",,,,,,""
"2021-08-11","'3140F14D1'","MBS","UMBS MORTPASS 2.5% 04/31","15yr",,,,,"7365.33",,,,,,""
"2021-08-11","'36207QF36'","MBS","GNMA I MORTPASS 4% 02/42","30yr",,,,,"7363.41",,,,,,""
"2021-08-11","'3131Y7JL2'","MBS","UMBS MORTPASS 3.5% 10/48","30yr",,,,,"7351.29",,,,,,""
"2021-08-11","'36290ULN4'","MBS","GNMA I 5.5% 12/37","30yr",,,,,"7330.15",,,,,,""
"2021-08-11","'3138XBGN8'","MBS","UMBS MORTPASS 2.5% 10/22","Other",,,,,"7329.57",,,,,,""
"2021-08-11","'3138X4DX5'","MBS","UMBS MORTPASS 3% 09/28","15yr",,,,,"7329.46",,,,,,""
"2021-08-11","'31404JQ99'","MBS","UMBS MORTPASS 5% 03/34","30yr",,,,,"7315.36",,,,,,""
"2021-08-11","'3128MEMP3'","MBS","FHLMCGLD 3.5% 10/30","15yr",,,,,"7310.11",,,,,,""
"2021-08-11","'36180JT61'","MBS","GNMA I MORTPASS 4% 09/43","30yr",,,,,"7304.21",,,,,,""
"2021-08-11","'3132QT6K7'","MBS","FHLMCGLD 4% 11/45","30yr",,,,,"7297.19",,,,,,""
"2021-08-11","'3138WBZB4'","MBS","UMBS MORTPASS 3% 05/29","15yr",,,,,"7288.24",,,,,,""
"2021-08-11","'3132A9PA9'","MBS","UMBS MORTPASS 3% 02/29","15yr",,,,,"7287.35",,,,,,""
"2021-08-11","'36200WPZ8'","MBS","GNMA I MORTPASS 5% 03/34","30yr",,,,,"7277.32",,,,,,""
"2021-08-11","'3140HMHQ0'","MBS","UMBS MORTPASS 3.5% 08/48","30yr",,,,,"7275.39",,,,,,""
"2021-08-11","'3138WAAD9'","MBS","UMBS MORTPASS 3% 11/28","15yr",,,,,"7262.9",,,,,,""
"2021-08-11","'36291UNE1'","MBS","GNMA I 4.5% 02/39","30yr",,,,,"7255.84",,,,,,""
"2021-08-11","'36291UPJ8'","MBS","GNMA I MORTPASS 5% 06/39","30yr",,,,,"7254.79",,,,,,""
"2021-08-11","'3128M4ZC0'","MBS","FHLMCGLD 6.5% 07/37","30yr",,,,,"7246.36",,,,,,""
"2021-08-11","'31416PEP8'","MBS","UMBS MORTPASS 4% 05/39","30yr",,,,,"7232.5",,,,,,""
"2021-08-11","'3131X92K9'","MBS","UMBS MORTPASS 3% 11/28","15yr",,,,,"7225.2",,,,,,""
"2021-08-11","'3620A2FC5'","MBS","GNMA I MORTPASS 5% 08/39","30yr",,,,,"7202.12",,,,,,""
"2021-08-11","'3140JHX65'","MBS","UMBS MORTPASS 4.5% 11/48","30yr",,,,,"7194.93",,,,,,""
"2021-08-11","'3140HEQ88'","MBS","UMBS MORTPASS 4% 06/48","30yr",,,,,"7180.38",,,,,,""
"2021-08-11","'3128LCBF2'","MBS","FHLMCGLD 5.5% 06/38","30yr",,,,,"7177.73",,,,,,""
"2021-08-11","'3138YPWQ1'","MBS","UMBS MORTPASS 3.5% 04/30","15yr",,,,,"7167.67",,,,,,""
"2021-08-11","'31417MP56'","MBS","UMBS MORTPASS 6% 09/39","30yr",,,,,"7149.92",,,,,,""
"2021-08-11","'3138YA6A8'","MBS","UMBS MORTPASS 2.5% 11/29","15yr",,,,,"7145.09",,,,,,""
"2021-08-11","'3132A5H40'","MBS","UMBS MORTPASS 3.5% 01/48","30yr",,,,,"7142.77",,,,,,""
"2021-08-11","'3620A6CC9'","MBS","GNMA I MORTPASS 5% 06/39","30yr",,,,,"7134.78",,,,,,""
"2021-08-11","'31419KK79'","MBS","UMBS MORTPASS 3.5% 11/25","15yr",,,,,"7123.6",,,,,,""
"2021-08-11","'3140EUDV8'","MBS","UMBS MORTPASS 4.5% 12/45","30yr",,,,,"7120",,,,,,""
"2021-08-11","'3620ARYA3'","MBS","GNMA I MORTPASS 4% 01/41","30yr",,,,,"7109.88",,,,,,""
"2021-08-11","'36176PAK2'","MBS","GNMA I MORTPASS 4% 11/41","30yr",,,,,"7099.17",,,,,,""
"2021-08-11","'36296Q3Q0'","MBS","GNMA I 5.5% 07/39","30yr",,,,,"7087.28",,,,,,""
"2021-08-11","'3140JQ7A5'","MBS","UMBS MORTPASS 3.5% 03/49","30yr",,,,,"7080.41",,,,,,""
"2021-08-11","'31415QNT9'","MBS","UMBS MORTPASS 5% 09/23","15yr",,,,,"7079.53",,,,,,""
"2021-08-11","'36200NG88'","MBS","GNMA I MORTPASS 5% 04/34","30yr",,,,,"7077.17",,,,,,""
"2021-08-11","'3128PKPJ7'","MBS","FHLMCGLD 4.5% 04/23","15yr",,,,,"7066.65",,,,,,""
"2021-08-11","'36225BUY2'","MBS","GNMA I 5.5% 09/32","30yr",,,,,"7062.51",,,,,,""
"2021-08-11","'36201DU75'","MBS","GNMA I 5.5% 08/37","30yr",,,,,"7054.23",,,,,,""
"2021-08-11","'36294VRC6'","MBS","GNMA I MORTPASS 6% 11/37","30yr",,,,,"7039.58",,,,,,""
"2021-08-11","'31418RMV0'","MBS","UMBS MORTPASS 4% 05/40","30yr",,,,,"7002.21",,,,,,""
"2021-08-11","'36202D3V1'","MBS","GNMA II 4.5% 02/34","30yr",,,,,"6983.14",,,,,,""
"2021-08-11","'31390MJS4'","MBS","UMBS MORTPASS 5% 11/32","30yr",,,,,"6982.24",,,,,,""
"2021-08-11","'3131XAPE5'","MBS","UMBS MORTPASS 3% 07/29","15yr",,,,,"6973.85",,,,,,""
"2021-08-11","'31307HNU7'","MBS","FHLMCGLD 3% 07/29","15yr",,,,,"6973.57",,,,,,""
"2021-08-11","'36291RY97'","MBS","GNMA I MORTPASS 5% 03/35","30yr",,,,,"6957.7",,,,,,""
"2021-08-11","'3140FFXM8'","MBS","UMBS MORTPASS 3.5% 09/46","30yr",,,,,"6944.79",,,,,,""
"2021-08-11","'3131Y02G6'","MBS","UMBS MORTPASS 4% 04/48","30yr",,,,,"6942.3",,,,,,""
"2021-08-11","'3620A8UH4'","MBS","GNMA I MORTPASS 5% 10/39","30yr",,,,,"6934.33",,,,,,""
"2021-08-11","'36297DJW8'","MBS","GNMA I 5.5% 04/39","30yr",,,,,"6928.9",,,,,,""
"2021-08-11","'36292CQA5'","MBS","GNMA I 5.5% 07/35","30yr",,,,,"6928.37",,,,,,""
"2021-08-11","'31417LAJ4'","MBS","UMBS MORTPASS 4% 12/24","15yr",,,,,"6922.55",,,,,,""
"2021-08-11","'31417NDW8'","MBS","UMBS MORTPASS 4.5% 11/24","15yr",,,,,"6911.24",,,,,,""
"2021-08-11","'3138XFME2'","MBS","UMBS MORTPASS 3% 01/29","15yr",,,,,"6908.6",,,,,,""
"2021-08-11","'31418B6B7'","MBS","UMBS MORTPASS 3.5% 06/26","Other",,,,,"6898.39",,,,,,""
"2021-08-11","'31414MVH6'","MBS","UMBS MORTPASS 6.5% 10/38","30yr",,,,,"6889.34",,,,,,""
"2021-08-11","'3140J5JJ9'","MBS","UMBS MORTPASS 3.5% 12/45","30yr",,,,,"6865.4",,,,,,""
"2021-08-11","'36292FMJ3'","MBS","GNMA I MORTPASS 5% 05/36","30yr",,,,,"6852.75",,,,,,""
"2021-08-11","'31297G5R8'","MBS","FHLMCGLD 6.5% 11/34","30yr",,,,,"6851.71",,,,,,""
"2021-08-11","'36179RXF1'","MBS","GNMA II 4.5% 01/46","30yr",,,,,"6834.37",,,,,,""
"2021-08-11","'36294WW20'","MBS","GNMA I MORTPASS 6% 12/38","30yr",,,,,"6832.54",,,,,,""
"2021-08-11","'3128KKQV4'","MBS","FHLMCGLD 6% 01/37","30yr",,,,,"6822.8",,,,,,""
"2021-08-11","'36294W2K3'","MBS","GNMA I 5.5% 06/37","30yr",,,,,"6814.05",,,,,,""
"2021-08-11","'3138A2PG8'","MBS","UMBS MORTPASS 4% 03/41","30yr",,,,,"6799.86",,,,,,""
"2021-08-11","'3138XHCR0'","MBS","UMBS MORTPASS 3% 12/28","15yr",,,,,"6794.55",,,,,,""
"2021-08-11","'31335HYC1'","MBS","FHLMCGLD 4% 06/23","Other",,,,,"6790.78",,,,,,""
"2021-08-11","'31412T2U6'","MBS","UMBS MORTPASS 6.5% 12/38","30yr",,,,,"6762.7",,,,,,""
"2021-08-11","'3138X6A54'","MBS","UMBS MORTPASS 3% 08/28","15yr",,,,,"6754.54",,,,,,""
"2021-08-11","'31418DKE1'","MBS","UMBS MORTPASS 3% 09/21","Other",,,,,"6750.99",,,,,,""
"2021-08-11","'3132QRYX2'","MBS","FHLMCGLD 3.5% 08/45","30yr",,,,,"6734.21",,,,,,""
"2021-08-11","'31413DNA1'","MBS","UMBS MORTPASS 5.5% 07/37","30yr",,,,,"6724.53",,,,,,""
"2021-08-11","'31307HNH6'","MBS","FHLMCGLD 3.5% 06/24","15yr",,,,,"6704.39",,,,,,""
"2021-08-11","'3138WA5U7'","MBS","UMBS MORTPASS 3.5% 02/29","15yr",,,,,"6701.13",,,,,,""
"2021-08-11","'3140HJR86'","MBS","UMBS MORTPASS 3.5% 06/48","30yr",,,,,"6675.42",,,,,,""
"2021-08-11","'31307F3V1'","MBS","FHLMCGLD 3.5% 01/29","15yr",,,,,"6637.38",,,,,,""
"2021-08-11","'36176QXS8'","MBS","GNMA I 3.5% 11/41","30yr",,,,,"6634.96",,,,,,""
"2021-08-11","'36212URV5'","MBS","GNMA I 4.5% 11/35","30yr",,,,,"6613.33",,,,,,""
"2021-08-11","'3128KNPP2'","MBS","FHLMCGLD 6.5% 04/37","30yr",,,,,"6605.72",,,,,,""
"2021-08-11","'31417BFL6'","MBS","UMBS MORTPASS 3% 03/27","15yr",,,,,"6595.03",,,,,,""
"2021-08-11","'3138XWZF8'","MBS","UMBS MORTPASS 4% 06/44","30yr",,,,,"6585.74",,,,,,""
"2021-08-11","'36291UNQ4'","MBS","GNMA I MORTPASS 5% 03/39","30yr",,,,,"6581.05",,,,,,""
"2021-08-11","'3140GXYT2'","MBS","UMBS MORTPASS 3% 10/47","30yr",,,,,"6571.98",,,,,,""
"2021-08-11","'36294V7E4'","MBS","GNMA I 5.5% 01/37","30yr",,,,,"6560.88",,,,,,""
"2021-08-11","'3128PQZD6'","MBS","FHLMCGLD 4.5% 02/25","15yr",,,,,"6557.15",,,,,,""
"2021-08-11","'31414NE59'","MBS","UMBS MORTPASS 5.5% 12/38","30yr",,,,,"6531.27",,,,,,""
"2021-08-11","'36290QZA6'","MBS","GNMA I MORTPASS 5% 07/33","30yr",,,,,"6503.2",,,,,,""
"2021-08-11","'3128P7RX3'","MBS","FHLMCGLD 4% 10/31","Other",,,,,"6501.88",,,,,,""
"2021-08-11","'36296FTA1'","MBS","GNMA I 4.5% 02/39","30yr",,,,,"6500.15",,,,,,""
"2021-08-11","'3138E9KT6'","MBS","UMBS MORTPASS 3% 03/27","15yr",,,,,"6496.55",,,,,,""
"2021-08-11","'31415QHJ8'","MBS","UMBS MORTPASS 5% 05/23","15yr",,,,,"6489.86",,,,,,""
"2021-08-11","'36202EDD8'","MBS","GNMA II 4.5% 04/35","30yr",,,,,"6484.63",,,,,,""
"2021-08-11","'3131XWMD2'","MBS","UMBS MORTPASS 3.5% 04/47","30yr",,,,,"6401.39",,,,,,""
"2021-08-11","'3128PK5C4'","MBS","FHLMCGLD 5.5% 06/23","15yr",,,,,"6384.77",,,,,,""
"2021-08-11","'31307NMV3'","MBS","FHLMCGLD 3% 07/30","15yr",,,,,"6383.74",,,,,,""
"2021-08-11","'31416SZN4'","MBS","UMBS MORTPASS 4.5% 05/24","15yr",,,,,"6381.83",,,,,,""
"2021-08-11","'3132GKG91'","MBS","FHLMCGLD 4% 10/41","30yr",,,,,"6379.7",,,,,,""
"2021-08-11","'3131X9V27'","MBS","UMBS MORTPASS 2% 09/28","15yr",,,,,"6353.63",,,,,,""
"2021-08-11","'3128PKVE1'","MBS","FHLMCGLD 4.5% 05/23","15yr",,,,,"6350.81",,,,,,""
"2021-08-11","'3128PQE98'","MBS","FHLMCGLD 4.5% 10/24","15yr",,,,,"6348.85",,,,,,""
"2021-08-11","'3140HBJE9'","MBS","UMBS MORTPASS 4% 04/48","30yr",,,,,"6310.85",,,,,,""
"2021-08-11","'3132QSR34'","MBS","FHLMCGLD 3.5% 08/45","30yr",,,,,"6310.82",,,,,,""
"2021-08-11","'3140Q7FW2'","MBS","UMBS MORTPASS 3.5% 05/47","30yr",,,,,"6307.4",,,,,,""
"2021-08-11","'3128PJ2Y2'","MBS","FHLMCGLD 5% 03/23","15yr",,,,,"6300.09",,,,,,""
"2021-08-11","'36296LL73'","MBS","GNMA I 4.5% 02/39","30yr",,,,,"6288.65",,,,,,""
"2021-08-11","'3128MCYS8'","MBS","FHLMCGLD 4% 02/26","15yr",,,,,"6261.67",,,,,,""
"2021-08-11","'36296TAM5'","MBS","GNMA I 4.5% 02/39","30yr",,,,,"6254.03",,,,,,""
"2021-08-11","'3132M4U60'","MBS","FHLMCGLD 4.5% 01/44","30yr",,,,,"6250.01",,,,,,""
"2021-08-11","'3138EL3P6'","MBS","UMBS MORTPASS 3% 11/23","Other",,,,,"6247.82",,,,,,""
"2021-08-11","'36202D7D7'","MBS","GNMA II 3.5% 06/34","30yr",,,,,"6241.6",,,,,,""
"2021-08-11","'3138W9ZT0'","MBS","UMBS MORTPASS 2.5% 10/28","15yr",,,,,"6238.63",,,,,,""
"2021-08-11","'3132WKF52'","MBS","FHLMCGLD 4.5% 01/47","30yr",,,,,"6238.05",,,,,,""
"2021-08-11","'3128PLSJ2'","MBS","FHLMCGLD 5.5% 09/23","15yr",,,,,"6234.76",,,,,,""
"2021-08-11","'31412QE62'","MBS","UMBS MORTPASS 4.5% 08/39","30yr",,,,,"6225.78",,,,,,""
"2021-08-11","'3131X9Y40'","MBS","UMBS MORTPASS 2.5% 10/28","15yr",,,,,"6224.87",,,,,,""
"2021-08-11","'3138AXGY1'","MBS","UMBS MORTPASS 3% 02/27","15yr",,,,,"6221.36",,,,,,""
"2021-08-11","'36201FFC6'","MBS","GNMA I MORTPASS 6% 01/39","30yr",,,,,"6214.11",,,,,,""
"2021-08-11","'3138ENNV7'","MBS","UMBS MORTPASS 2.5% 10/28","15yr",,,,,"6209.29",,,,,,""
"2021-08-11","'31414L5G9'","MBS","UMBS MORTPASS 4.5% 05/23","15yr",,,,,"6207.16",,,,,,""
"2021-08-11","'36291XX61'","MBS","GNMA I MORTPASS 5% 03/35","30yr",,,,,"6205.53",,,,,,""
"2021-08-11","'3128MCB38'","MBS","FHLMCGLD 5.5% 01/24","15yr",,,,,"6203.9",,,,,,""
"2021-08-11","'3132QPYP3'","MBS","FHLMCGLD 3.5% 05/45","30yr",,,,,"6181.65",,,,,,""
"2021-08-11","'3128M7V86'","MBS","FHLMCGLD 4.5% 11/39","30yr",,,,,"6160.61",,,,,,""
"2021-08-11","'3620ABG67'","MBS","GNMA I MORTPASS 4% 11/40","30yr",,,,,"6148.89",,,,,,""
"2021-08-11","'36176WR37'","MBS","GNMA I MORTPASS 4% 12/41","30yr",,,,,"6144.86",,,,,,""
"2021-08-11","'3132L6LW9'","MBS","FHLMCGLD 3.5% 07/44","30yr",,,,,"6120.6",,,,,,""
"2021-08-11","'3620ABMP8'","MBS","GNMA I MORTPASS 4% 02/40","30yr",,,,,"6117.8",,,,,,""
"2021-08-11","'3128PPJ87'","MBS","FHLMCGLD 4% 07/24","15yr",,,,,"6110.13",,,,,,""
"2021-08-11","'31419GCX0'","MBS","UMBS MORTPASS 3.5% 10/25","15yr",,,,,"6107.65",,,,,,""
"2021-08-11","'31407TGA2'","MBS","UMBS MORTPASS 5% 08/35","30yr",,,,,"6104.24",,,,,,""
"2021-08-11","'36210YUK9'","MBS","GNMA I MORTPASS 6% 04/29","30yr",,,,,"6093.45",,,,,,""
"2021-08-11","'36182AG88'","MBS","GNMA I 3.5% 09/43","30yr",,,,,"6091.63",,,,,,""
"2021-08-11","'3128PRLE7'","MBS","FHLMCGLD 4.5% 04/25","15yr",,,,,"6078.93",,,,,,""
"2021-08-11","'3138WB2Z7'","MBS","UMBS MORTPASS 3.5% 06/44","30yr",,,,,"6071.62",,,,,,""
"2021-08-11","'3138EJWX2'","MBS","UMBS MORTPASS 3% 10/27","15yr",,,,,"6028.81",,,,,,""
"2021-08-11","'3128PJU70'","MBS","FHLMCGLD 5% 01/23","15yr",,,,,"6025.85",,,,,,""
"2021-08-11","'36296L4E7'","MBS","GNMA I MORTPASS 6% 01/39","30yr",,,,,"6016.87",,,,,,""
"2021-08-11","'31403KVS9'","MBS","UMBS MORTPASS 5.5% 03/34","30yr",,,,,"6013.32",,,,,,""
"2021-08-11","'31414PM30'","MBS","UMBS MORTPASS 4.5% 02/23","15yr",,,,,"5984.15",,,,,,""
"2021-08-11","'31417A6Y0'","MBS","UMBS MORTPASS 3% 02/27","15yr",,,,,"5962.5",,,,,,""
"2021-08-11","'3128MJX88'","MBS","FHLMCGLD 3.5% 04/46","30yr",,,,,"5958.69",,,,,,""
"2021-08-11","'3128PLP71'","MBS","FHLMCGLD 5% 08/23","15yr",,,,,"5958.37",,,,,,""
"2021-08-11","'3128PLTP7'","MBS","FHLMCGLD 5.5% 09/23","15yr",,,,,"5923.94",,,,,,""
"2021-08-11","'31293EN48'","MBS","FHLMCGLD 6% 12/28","30yr",,,,,"5883.99",,,,,,""
"2021-08-11","'3620ABDP8'","MBS","GNMA I MORTPASS 5% 02/40","30yr",,,,,"5882.21",,,,,,""
"2021-08-11","'36297JTZ7'","MBS","GNMA I MORTPASS 5% 06/39","30yr",,,,,"5869.96",,,,,,""
"2021-08-11","'36294SWF0'","MBS","GNMA I MORTPASS 5% 06/37","30yr",,,,,"5856.91",,,,,,""
"2021-08-11","'3128PMNQ9'","MBS","FHLMCGLD 4.5% 03/24","15yr",,,,,"5843.8",,,,,,""
"2021-08-11","'3138ET5W2'","MBS","UMBS MORTPASS 4.5% 05/46","30yr",,,,,"5838.59",,,,,,""
"2021-08-11","'312940MS5'","MBS","FHLMCGLD 4.5% 05/40","30yr",,,,,"5835.56",,,,,,""
"2021-08-11","'31329LEW8'","MBS","UMBS MORTPASS 2.5% 06/27","15yr",,,,,"5794.38",,,,,,""
"2021-08-11","'3128MBSK4'","MBS","FHLMCGLD 5.5% 02/23","15yr",,,,,"5793.95",,,,,,""
"2021-08-11","'36294SYD3'","MBS","GNMA I MORTPASS 5% 05/37","30yr",,,,,"5785.76",,,,,,""
"2021-08-11","'3622A2A77'","MBS","GNMA II 3.5% 06/42","30yr",,,,,"5784.72",,,,,,""
"2021-08-11","'3620A5ZC6'","MBS","GNMA I 5.5% 10/39","30yr",,,,,"5783.88",,,,,,""
"2021-08-11","'36294SFV4'","MBS","GNMA I MORTPASS 5% 11/36","30yr",,,,,"5779.34",,,,,,""
"2021-08-11","'31414EGV0'","MBS","UMBS MORTPASS 6.5% 06/38","30yr",,,,,"5763.47",,,,,,""
"2021-08-11","'36296WD52'","MBS","GNMA I 4.5% 01/39","30yr",,,,,"5741.28",,,,,,""
"2021-08-11","'3128MMR47'","MBS","FHLMCGLD 3.5% 03/29","15yr",,,,,"5725.42",,,,,,""
"2021-08-11","'312932ZE9'","MBS","FHLMCGLD 5% 05/39","30yr",,,,,"5724.15",,,,,,""
"2021-08-11","'3128PQEX5'","MBS","FHLMCGLD 5% 10/24","15yr",,,,,"5720.8",,,,,,""
"2021-08-11","'3131YDLK8'","MBS","UMBS MORTPASS 2.5% 06/49","30yr",,,,,"5699.71",,,,,,""
"2021-08-11","'31307QPJ0'","MBS","FHLMCGLD 3% 03/26","15yr",,,,,"5683.33",,,,,,""
"2021-08-11","'3138X5CA3'","MBS","UMBS MORTPASS 3% 12/28","15yr",,,,,"5679.15",,,,,,""
"2021-08-11","'36241KJC3'","MBS","GNMA II MORTPASS 4% 08/35","30yr",,,,,"5675.86",,,,,,""
"2021-08-11","'31417CXX8'","MBS","UMBS MORTPASS 2.5% 09/22","Other",,,,,"5654.5",,,,,,""
"2021-08-11","'31412LQE3'","MBS","UMBS MORTPASS 5.5% 07/27","Other",,,,,"5645.47",,,,,,""
"2021-08-11","'3138Y4P60'","MBS","UMBS MORTPASS 3.5% 10/29","15yr",,,,,"5615.37",,,,,,""
"2021-08-11","'36200NZR5'","MBS","GNMA I MORTPASS 5% 08/34","30yr",,,,,"5612.53",,,,,,""
"2021-08-11","'3138W9NR7'","MBS","UMBS MORTPASS 3% 09/28","15yr",,,,,"5608.7",,,,,,""
"2021-08-11","'31413BQ61'","MBS","UMBS MORTPASS 6% 09/37","30yr",,,,,"5607.79",,,,,,""
"2021-08-11","'31417D6A6'","MBS","UMBS MORTPASS 3% 12/27","15yr",,,,,"5605.16",,,,,,""
"2021-08-11","'3128MDEU3'","MBS","FHLMCGLD 3% 04/22","15yr",,,,,"5594.66",,,,,,""
"2021-08-11","'3128PKH56'","MBS","FHLMCGLD 5% 04/23","15yr",,,,,"5592.21",,,,,,""
"2021-08-11","'31417AU98'","MBS","UMBS MORTPASS 2.5% 01/27","15yr",,,,,"5586.91",,,,,,""
"2021-08-11","'36296L2H2'","MBS","GNMA I MORTPASS 6% 10/38","30yr",,,,,"5583.11",,,,,,""
"2021-08-11","'3140E9J80'","MBS","UMBS MORTPASS 3% 02/31","15yr",,,,,"5574.86",,,,,,""
"2021-08-11","'36230PWC0'","MBS","GNMA I MORTPASS 4% 12/40","30yr",,,,,"5562.09",,,,,,""
"2021-08-11","'36295EZQ3'","MBS","GNMA I MORTPASS 5% 10/38","30yr",,,,,"5542.24",,,,,,""
"2021-08-11","'3128PLQE5'","MBS","FHLMCGLD 5% 08/23","15yr",,,,,"5531.21",,,,,,""
"2021-08-11","'3132KEJM8'","MBS","FHLMCGLD 3% 09/28","15yr",,,,,"5519.12",,,,,,""
"2021-08-11","'31371PA83'","MBS","UMBS MORTPASS 6.5% 11/28","Other",,,,,"5515.28",,,,,,""
"2021-08-11","'3140J9G88'","MBS","UMBS MORTPASS 4% 10/21","Other",,,,,"5513.8",,,,,,""
"2021-08-11","'31294MML2'","MBS","FHLMCGLD 3% 03/22","15yr",,,,,"5503.46",,,,,,""
"2021-08-11","'31419AVT1'","MBS","UMBS MORTPASS 4% 12/40","30yr",,,,,"5495.71",,,,,,""
"2021-08-11","'36241KDJ4'","MBS","GNMA I MORTPASS 5% 04/35","30yr",,,,,"5475.48",,,,,,""
"2021-08-11","'3128E5V97'","MBS","FHLMCGLD 4% 08/31","Other",,,,,"5444.47",,,,,,""
"2021-08-11","'31297HUB3'","MBS","FHLMCGLD 6% 01/35","30yr",,,,,"5434.11",,,,,,""
"2021-08-11","'3128PKAW4'","MBS","FHLMCGLD 4.5% 03/23","15yr",,,,,"5431.08",,,,,,""
"2021-08-11","'36200NTR2'","MBS","GNMA I 4.5% 06/34","30yr",,,,,"5428.08",,,,,,""
"2021-08-11","'3128P7H71'","MBS","FHLMCGLD 5% 01/28","Other",,,,,"5413.11",,,,,,""
"2021-08-11","'31411JEQ5'","MBS","UMBS MORTPASS 4% 11/23","15yr",,,,,"5407.74",,,,,,""
"2021-08-11","'3138MK2P0'","MBS","UMBS MORTPASS 2.5% 11/27","15yr",,,,,"5402.1",,,,,,""
"2021-08-11","'3140HJQQ7'","MBS","UMBS MORTPASS 4% 05/48","30yr",,,,,"5355.62",,,,,,""
"2021-08-11","'36180S5S9'","MBS","GNMA I 3.5% 09/43","30yr",,,,,"5335.53",,,,,,""
"2021-08-11","'36241KFF0'","MBS","GNMA I MORTPASS 5% 08/35","30yr",,,,,"5329.57",,,,,,""
"2021-08-11","'3138LTCY2'","MBS","UMBS MORTPASS 3% 05/27","15yr",,,,,"5324.47",,,,,,""
"2021-08-11","'3132A9PH4'","MBS","UMBS MORTPASS 2.5% 04/29","15yr",,,,,"5284.98",,,,,,""
"2021-08-11","'31371LTS8'","MBS","UMBS MORTPASS 5.5% 08/24","Other",,,,,"5257.55",,,,,,""
"2021-08-11","'31371LMH9'","MBS","UMBS MORTPASS 5.5% 03/24","Other",,,,,"5225.32",,,,,,""
"2021-08-11","'3128MJW97'","MBS","FHLMCGLD 3.5% 10/45","30yr",,,,,"5217.86",,,,,,""
"2021-08-11","'3128PQLL3'","MBS","FHLMCGLD 4.5% 11/24","15yr",,,,,"5214.42",,,,,,""
"2021-08-11","'31417MAW3'","MBS","UMBS MORTPASS 4% 11/24","15yr",,,,,"5212.51",,,,,,""
"2021-08-11","'31412PT92'","MBS","UMBS MORTPASS 5.5% 04/39","30yr",,,,,"5209.15",,,,,,""
"2021-08-11","'31418AJV1'","MBS","UMBS MORTPASS 3% 09/42","30yr",,,,,"5204.37",,,,,,""
"2021-08-11","'31307GJK6'","MBS","FHLMCGLD 4% 02/24","15yr",,,,,"5197.14",,,,,,""
"2021-08-11","'3128PUJ52'","MBS","FHLMCGLD 4% 03/26","15yr",,,,,"5195.09",,,,,,""
"2021-08-11","'31414BB33'","MBS","UMBS MORTPASS 4% 03/23","15yr",,,,,"5194.53",,,,,,""
"2021-08-11","'312931FV5'","MBS","FHLMCGLD 5% 03/39","30yr",,,,,"5178.97",,,,,,""
"2021-08-11","'3131XAQR5'","MBS","UMBS MORTPASS 2.5% 07/29","15yr",,,,,"5173.95",,,,,,""
"2021-08-11","'36294T4K8'","MBS","GNMA I MORTPASS 5% 11/36","30yr",,,,,"5171.59",,,,,,""
"2021-08-11","'36294PBE2'","MBS","GNMA I 5.5% 05/36","30yr",,,,,"5167.3",,,,,,""
"2021-08-11","'3128M6NT1'","MBS","FHLMCGLD 5.5% 02/38","30yr",,,,,"5161.89",,,,,,""
"2021-08-11","'3129414L8'","MBS","FHLMCGLD 4% 08/40","30yr",,,,,"5161.82",,,,,,""
"2021-08-11","'36296FTR4'","MBS","GNMA I MORTPASS 5% 07/39","30yr",,,,,"5151.88",,,,,,""
"2021-08-11","'31415LVZ7'","MBS","UMBS MORTPASS 5% 06/23","15yr",,,,,"5144.88",,,,,,""
"2021-08-11","'3138AWYU1'","MBS","UMBS MORTPASS 3.5% 11/26","15yr",,,,,"5134.04",,,,,,""
"2021-08-11","'3128MAFM6'","MBS","FHLMCGLD 4.5% 10/44","30yr",,,,,"5128.62",,,,,,""
"2021-08-11","'36200AJS9'","MBS","GNMA I MORTPASS 6% 12/32","30yr",,,,,"5114.65",,,,,,""
"2021-08-11","'31412U5M8'","MBS","UMBS MORTPASS 6% 09/39","30yr",,,,,"5108.48",,,,,,""
"2021-08-11","'3128MMSL8'","MBS","FHLMCGLD 3% 08/29","15yr",,,,,"5107.79",,,,,,""
"2021-08-11","'3128MJXS4'","MBS","FHLMCGLD 4% 01/46","30yr",,,,,"5106.63",,,,,,""
"2021-08-11","'36176ATS8'","MBS","GNMA I MORTPASS 4% 07/41","30yr",,,,,"5104.22",,,,,,""
"2021-08-11","'3131XALW9'","MBS","UMBS MORTPASS 3% 05/29","15yr",,,,,"5093.32",,,,,,""
"2021-08-11","'3131X8CV6'","MBS","UMBS MORTPASS 3% 10/22","Other",,,,,"5087.67",,,,,,""
"2021-08-11","'3128K8FH4'","MBS","FHLMCGLD 5% 10/35","30yr",,,,,"5071.04",,,,,,""
"2021-08-11","'3128MMJR5'","MBS","FHLMCGLD 4% 06/23","15yr",,,,,"5070.87",,,,,,""
"2021-08-11","'3138X3AH5'","MBS","UMBS MORTPASS 2.5% 07/28","15yr",,,,,"5067.75",,,,,,""
"2021-08-11","'36200KAS6'","MBS","GNMA I MORTPASS 5% 09/33","30yr",,,,,"5060.71",,,,,,""
"2021-08-11","'3128P7FX6'","MBS","FHLMCGLD 6.5% 07/27","Other",,,,,"5059.89",,,,,,""
"2021-08-11","'3132A7F97'","MBS","UMBS MORTPASS 3.5% 05/22","Other",,,,,"5047.83",,,,,,""
"2021-08-11","'36295YXW8'","MBS","GNMA I MORTPASS 5% 04/38","30yr",,,,,"5041.6",,,,,,""
"2021-08-11","'31418PB20'","MBS","UMBS MORTPASS 4% 01/25","15yr",,,,,"5030.06",,,,,,""
"2021-08-11","'31307NGZ1'","MBS","FHLMCGLD 2% 06/25","15yr",,,,,"5016.01",,,,,,""
"2021-08-11","'3138WBU86'","MBS","UMBS MORTPASS 3.5% 05/24","Other",,,,,"5011.22",,,,,,""
"2021-08-11","'3138A2VH9'","MBS","UMBS MORTPASS 4% 12/30","Other",,,,,"5009.21",,,,,,""
"2021-08-11","'36296L3Y4'","MBS","GNMA I MORTPASS 6% 01/39","30yr",,,,,"4997.65",,,,,,""
"2021-08-11","'31404MQL5'","MBS","UMBS MORTPASS 5% 03/34","30yr",,,,,"4979.14",,,,,,""
"2021-08-11","'3128PRKB4'","MBS","FHLMCGLD 4.5% 05/25","15yr",,,,,"4969.84",,,,,,""
"2021-08-11","'36294SGN1'","MBS","GNMA I 5.5% 12/36","30yr",,,,,"4964.62",,,,,,""
"2021-08-11","'31371KXQ9'","MBS","UMBS MORTPASS 5.5% 12/22","Other",,,,,"4959.51",,,,,,""
"2021-08-11","'36211EMP0'","MBS","GNMA I 4.5% 02/35","30yr",,,,,"4933.91",,,,,,""
"2021-08-11","'36291YH75'","MBS","GNMA I MORTPASS 6% 07/36","30yr",,,,,"4929.75",,,,,,""
"2021-08-11","'3132A7K67'","MBS","UMBS MORTPASS 3% 09/27","15yr",,,,,"4926.76",,,,,,""
"2021-08-11","'36295UDD0'","MBS","GNMA I MORTPASS 6% 12/37","30yr",,,,,"4919.93",,,,,,""
"2021-08-11","'3132A9NQ6'","MBS","UMBS MORTPASS 3% 09/28","15yr",,,,,"4919.31",,,,,,""
"2021-08-11","'3138WVPU9'","MBS","UMBS MORTPASS 3.5% 06/28","15yr",,,,,"4905.42",,,,,,""
"2021-08-11","'36213WAJ5'","MBS","GNMA I MORTPASS 5% 05/34","30yr",,,,,"4901.09",,,,,,""
"2021-08-11","'3138W5Q35'","MBS","UMBS MORTPASS 3.5% 02/28","15yr",,,,,"4897.68",,,,,,""
"2021-08-11","'3131X6H29'","MBS","UMBS MORTPASS 3% 02/26","15yr",,,,,"4874.57",,,,,,""
"2021-08-11","'36295FJF2'","MBS","GNMA I 5.5% 05/37","30yr",,,,,"4874.43",,,,,,""
"2021-08-11","'3138M66T9'","MBS","UMBS MORTPASS 3% 08/27","15yr",,,,,"4873.39",,,,,,""
"2021-08-11","'31371LGF0'","MBS","UMBS MORTPASS 4.5% 11/23","Other",,,,,"4852.68",,,,,,""
"2021-08-11","'31415CM38'","MBS","UMBS MORTPASS 4.5% 05/23","15yr",,,,,"4843.52",,,,,,""
"2021-08-11","'31417GSL1'","MBS","UMBS MORTPASS 3.5% 05/43","30yr",,,,,"4822.68",,,,,,""
"2021-08-11","'3128P7LB7'","MBS","FHLMCGLD 5% 12/28","Other",,,,,"4818.82",,,,,,""
"2021-08-11","'3128PQWX5'","MBS","FHLMCGLD 4.5% 01/25","15yr",,,,,"4795.04",,,,,,""
"2021-08-11","'3140HMJK1'","MBS","UMBS MORTPASS 3% 09/33","15yr",,,,,"4760.29",,,,,,""
"2021-08-11","'3138MJSM2'","MBS","UMBS MORTPASS 3% 11/27","15yr",,,,,"4755.22",,,,,,""
"2021-08-11","'3128PMBW9'","MBS","FHLMCGLD 5.5% 11/23","15yr",,,,,"4752.86",,,,,,""
"2021-08-11","'36241KGD4'","MBS","GNMA II 4.5% 09/35","30yr",,,,,"4752.8",,,,,,""
"2021-08-11","'3128MBN60'","MBS","FHLMCGLD 4.5% 11/22","15yr",,,,,"4721.31",,,,,,""
"2021-08-11","'36176C5N1'","MBS","GNMA I 3.5% 04/41","30yr",,,,,"4713.35",,,,,,""
"2021-08-11","'36295NYD3'","MBS","GNMA I MORTPASS 6% 03/38","30yr",,,,,"4701.61",,,,,,""
"2021-08-11","'3138YMJY6'","MBS","UMBS MORTPASS 2% 04/30","15yr",,,,,"4697.61",,,,,,""
"2021-08-11","'3128PRAR0'","MBS","FHLMCGLD 4.5% 03/25","15yr",,,,,"4694.43",,,,,,""
"2021-08-11","'36296EAW6'","MBS","GNMA I MORTPASS 5% 05/38","30yr",,,,,"4689.55",,,,,,""
"2021-08-11","'36291URZ0'","MBS","GNMA I 5.5% 11/36","30yr",,,,,"4657.83",,,,,,""
"2021-08-11","'3128MJXU9'","MBS","FHLMCGLD 4.5% 01/46","30yr",,,,,"4656.67",,,,,,""
"2021-08-11","'31368HLN1'","MBS","UMBS MORTPASS 5.5% 04/33","30yr",,,,,"4654.11",,,,,,""
"2021-08-11","'36202D5P2'","MBS","GNMA II 4.5% 05/34","30yr",,,,,"4651.88",,,,,,""
"2021-08-11","'3128MCAW5'","MBS","FHLMCGLD 5.5% 12/23","15yr",,,,,"4645.93",,,,,,""
"2021-08-11","'36297ESF3'","MBS","GNMA I 5.5% 09/39","30yr",,,,,"4640.58",,,,,,""
"2021-08-11","'36296RD95'","MBS","GNMA I MORTPASS 6% 11/38","30yr",,,,,"4609.45",,,,,,""
"2021-08-11","'31405E5Q4'","MBS","UMBS MORTPASS 6.5% 02/35","30yr",,,,,"4602.28",,,,,,""
"2021-08-11","'3131XAJ51'","MBS","UMBS MORTPASS 3% 04/29","15yr",,,,,"4598.76",,,,,,""
"2021-08-11","'36296CBT6'","MBS","GNMA I MORTPASS 5% 05/38","30yr",,,,,"4598.49",,,,,,""
"2021-08-11","'31402HGD7'","MBS","UMBS MORTPASS 5% 07/33","30yr",,,,,"4597.16",,,,,,""
"2021-08-11","'36297HKB3'","MBS","GNMA I 5.5% 08/39","30yr",,,,,"4596.66",,,,,,""
"2021-08-11","'36292HSF1'","MBS","GNMA I MORTPASS 5% 10/35","30yr",,,,,"4594.51",,,,,,""
"2021-08-11","'3128PMKS8'","MBS","FHLMCGLD 5% 02/24","15yr",,,,,"4590.55",,,,,,""
"2021-08-11","'31415TCM0'","MBS","UMBS MORTPASS 6.5% 10/38","30yr",,,,,"4578.5",,,,,,""
"2021-08-11","'36208PYA0'","MBS","GNMA I MORTPASS 6% 11/28","30yr",,,,,"4573.29",,,,,,""
"2021-08-11","'3132QV2M2'","MBS","FHLMCGLD 4% 02/46","30yr",,,,,"4532.57",,,,,,""
"2021-08-11","'3128K8EE2'","MBS","FHLMCGLD 5% 10/35","30yr",,,,,"4520.01",,,,,,""
"2021-08-11","'36295H4Q0'","MBS","GNMA I MORTPASS 5% 07/37","30yr",,,,,"4507.15",,,,,,""
"2021-08-11","'3131XAB91'","MBS","UMBS MORTPASS 3% 01/29","15yr",,,,,"4499.4",,,,,,""
"2021-08-11","'3138AVVF9'","MBS","UMBS MORTPASS 3.5% 12/26","15yr",,,,,"4470.63",,,,,,""
"2021-08-11","'3138LV3L5'","MBS","UMBS MORTPASS 3% 07/27","15yr",,,,,"4458.55",,,,,,""
"2021-08-11","'31416WX31'","MBS","UMBS MORTPASS 3.5% 10/25","15yr",,,,,"4444.65",,,,,,""
"2021-08-11","'31412MV39'","MBS","UMBS MORTPASS 4% 06/23","15yr",,,,,"4433.95",,,,,,""
"2021-08-11","'3140GXXD8'","MBS","UMBS MORTPASS 3% 09/47","30yr",,,,,"4424.48",,,,,,""
"2021-08-11","'3620A1R34'","MBS","GNMA I MORTPASS 5% 08/39","30yr",,,,,"4418.12",,,,,,""
"2021-08-11","'3140JGV77'","MBS","UMBS MORTPASS 4% 09/48","30yr",,,,,"4404.03",,,,,,""
"2021-08-11","'31416JTT8'","MBS","UMBS MORTPASS 4.5% 04/24","15yr",,,,,"4376.35",,,,,,""
"2021-08-11","'31416W4C3'","MBS","UMBS MORTPASS 3.5% 11/30","Other",,,,,"4360.61",,,,,,""
"2021-08-11","'3128MJ6H8'","MBS","FHLMCGLD 3.5% 04/49","30yr",,,,,"4355.78",,,,,,""
"2021-08-11","'31307TM40'","MBS","FHLMCGLD 3.5% 04/32","15yr",,,,,"4327.74",,,,,,""
"2021-08-11","'36296AVX9'","MBS","GNMA I MORTPASS 6% 04/38","30yr",,,,,"4311.14",,,,,,""
"2021-08-11","'36290UL95'","MBS","GNMA I MORTPASS 6% 12/37","30yr",,,,,"4303.17",,,,,,""
"2021-08-11","'3138LX4P1'","MBS","UMBS MORTPASS 3.5% 07/27","15yr",,,,,"4300.33",,,,,,""
"2021-08-11","'31406BCY4'","MBS","UMBS MORTPASS 5.5% 01/35","30yr",,,,,"4286.29",,,,,,""
"2021-08-11","'3140HMFP4'","MBS","UMBS MORTPASS 3% 07/33","15yr",,,,,"4280.14",,,,,,""
"2021-08-11","'36296SQC2'","MBS","GNMA I MORTPASS 5% 04/39","30yr",,,,,"4264.44",,,,,,""
"2021-08-11","'31405ES30'","MBS","UMBS MORTPASS 5.5% 06/34","30yr",,,,,"4240.56",,,,,,""
"2021-08-11","'36211RAE9'","MBS","GNMA I MORTPASS 5% 01/35","30yr",,,,,"4230.12",,,,,,""
"2021-08-11","'36241KCS5'","MBS","GNMA I MORTPASS 5% 03/35","30yr",,,,,"4198.31",,,,,,""
"2021-08-11","'3128MMJP9'","MBS","FHLMCGLD 5.5% 08/23","15yr",,,,,"4192.72",,,,,,""
"2021-08-11","'31406XDV1'","MBS","UMBS MORTPASS 5% 04/35","30yr",,,,,"4179.28",,,,,,""
"2021-08-11","'3138X5CU9'","MBS","UMBS MORTPASS 3.5% 04/29","15yr",,,,,"4172.13",,,,,,""
"2021-08-11","'3620A46S6'","MBS","GNMA I 5.5% 06/39","30yr",,,,,"4143.73",,,,,,""
"2021-08-11","'36291XAQ2'","MBS","GNMA I MORTPASS 5% 05/35","30yr",,,,,"4143.37",,,,,,""
"2021-08-11","'31407NP72'","MBS","UMBS MORTPASS 5% 08/35","30yr",,,,,"4133.41",,,,,,""
"2021-08-11","'36296AGJ7'","MBS","GNMA I MORTPASS 6% 12/38","30yr",,,,,"4130.89",,,,,,""
"2021-08-11","'3128PWY36'","MBS","FHLMCGLD 3% 10/21","15yr",,,,,"4125.09",,,,,,""
"2021-08-11","'31288FXK5'","MBS","FHLMCGLD 5% 02/33","30yr",,,,,"4112.15",,,,,,""
"2021-08-11","'36294YMS0'","MBS","GNMA I MORTPASS 5% 01/37","30yr",,,,,"4099.87",,,,,,""
"2021-08-11","'36291UM51'","MBS","GNMA I MORTPASS 5% 01/39","30yr",,,,,"4090.33",,,,,,""
"2021-08-11","'3138W3U35'","MBS","UMBS MORTPASS 3% 03/28","15yr",,,,,"4089.1",,,,,,""
"2021-08-11","'36295S3B0'","MBS","GNMA I MORTPASS 5% 01/38","30yr",,,,,"4084.65",,,,,,""
"2021-08-11","'31371HEZ7'","MBS","UMBS MORTPASS 5.5% 01/29","30yr",,,,,"4078.19",,,,,,""
"2021-08-11","'31414KYB0'","MBS","UMBS MORTPASS 5% 01/23","15yr",,,,,"4076.58",,,,,,""
"2021-08-11","'36294NMU9'","MBS","GNMA I 5.5% 09/36","30yr",,,,,"4075.3",,,,,,""
"2021-08-11","'3138M4GL0'","MBS","UMBS MORTPASS 3% 08/27","15yr",,,,,"4054.24",,,,,,""
"2021-08-11","'36202D6S5'","MBS","GNMA II 4.5% 07/34","30yr",,,,,"4050.86",,,,,,""
"2021-08-11","'3128MDE82'","MBS","FHLMCGLD 3.5% 05/22","15yr",,,,,"4038.28",,,,,,""
"2021-08-11","'31415QX43'","MBS","UMBS MORTPASS 6.5% 07/38","30yr",,,,,"4033.37",,,,,,""
"2021-08-11","'3131X66V7'","MBS","UMBS MORTPASS 3% 10/26","15yr",,,,,"4029.91",,,,,,""
"2021-08-11","'36296HQJ1'","MBS","GNMA I 5.5% 07/38","30yr",,,,,"4022.03",,,,,,""
"2021-08-11","'36291JEN6'","MBS","GNMA I MORTPASS 5% 02/34","30yr",,,,,"4014.48",,,,,,""
"2021-08-11","'36292GEK7'","MBS","GNMA I 5.5% 09/35","30yr",,,,,"4005.39",,,,,,""
"2021-08-11","'3140JKZH2'","MBS","UMBS MORTPASS 3% 01/34","15yr",,,,,"3959.12",,,,,,""
"2021-08-11","'31415ML78'","MBS","UMBS MORTPASS 4.5% 05/23","15yr",,,,,"3951",,,,,,""
"2021-08-11","'31386XWZ5'","MBS","UMBS MORTPASS 5.5% 09/24","30yr",,,,,"3950.06",,,,,,""
"2021-08-11","'36291LGN9'","MBS","GNMA I MORTPASS 5% 03/35","30yr",,,,,"3945.22",,,,,,""
"2021-08-11","'3128P7LY7'","MBS","FHLMCGLD 4% 03/29","Other",,,,,"3944.11",,,,,,""
"2021-08-11","'36297KNE7'","MBS","GNMA I MORTPASS 5% 03/39","30yr",,,,,"3936.15",,,,,,""
"2021-08-11","'31416XEJ5'","MBS","UMBS MORTPASS 3.5% 12/25","15yr",,,,,"3926.42",,,,,,""
"2021-08-11","'3128PQUH2'","MBS","FHLMCGLD 4.5% 01/25","15yr",,,,,"3920.24",,,,,,""
"2021-08-11","'3140JGYD1'","MBS","UMBS MORTPASS 3.5% 09/33","15yr",,,,,"3894.12",,,,,,""
"2021-08-11","'31307HMW4'","MBS","FHLMCGLD 2.5% 06/24","15yr",,,,,"3885.03",,,,,,""
"2021-08-11","'3138M1E87'","MBS","UMBS MORTPASS 3% 07/27","15yr",,,,,"3881.11",,,,,,""
"2021-08-11","'3138AS5S7'","MBS","UMBS MORTPASS 3% 09/26","15yr",,,,,"3870.25",,,,,,""
"2021-08-11","'3138W9UG3'","MBS","UMBS MORTPASS 3.5% 09/23","Other",,,,,"3867.81",,,,,,""
"2021-08-11","'31413FU26'","MBS","UMBS MORTPASS 4.5% 08/22","15yr",,,,,"3865.45",,,,,,""
"2021-08-11","'31417M5Q2'","MBS","UMBS MORTPASS 4% 09/39","30yr",,,,,"3863.08",,,,,,""
"2021-08-11","'3138MJZ85'","MBS","UMBS MORTPASS 3% 11/27","15yr",,,,,"3862.57",,,,,,""
"2021-08-11","'36296VYE2'","MBS","GNMA I 5.5% 02/39","30yr",,,,,"3862.4",,,,,,""
"2021-08-11","'36297EE68'","MBS","GNMA I 5.5% 03/39","30yr",,,,,"3850.99",,,,,,""
"2021-08-11","'3620A1XK9'","MBS","GNMA I MORTPASS 5% 05/39","30yr",,,,,"3850.18",,,,,,""
"2021-08-11","'36230KW80'","MBS","GNMA I MORTPASS 4% 06/42","30yr",,,,,"3849.25",,,,,,""
"2021-08-11","'3138X0MA3'","MBS","UMBS MORTPASS 3.5% 07/28","15yr",,,,,"3848.08",,,,,,""
"2021-08-11","'31402E2N7'","MBS","UMBS MORTPASS 5% 08/33","30yr",,,,,"3830.48",,,,,,""
"2021-08-11","'31406NYB4'","MBS","UMBS MORTPASS 5% 05/35","30yr",,,,,"3804.13",,,,,,""
"2021-08-11","'3620ANGU8'","MBS","GNMA I MORTPASS 4% 03/40","30yr",,,,,"3802.63",,,,,,""
"2021-08-11","'31307HK55'","MBS","FHLMCGLD 3% 06/24","15yr",,,,,"3798.92",,,,,,""
"2021-08-11","'36202D5B3'","MBS","GNMA II 4.5% 04/34","30yr",,,,,"3787.13",,,,,,""
"2021-08-11","'31414TZ87'","MBS","UMBS MORTPASS 4.5% 03/23","15yr",,,,,"3781.97",,,,,,""
"2021-08-11","'3138M8CH4'","MBS","UMBS MORTPASS 3% 09/27","15yr",,,,,"3778.75",,,,,,""
"2021-08-11","'36297FUH3'","MBS","GNMA I 5.5% 08/39","30yr",,,,,"3777.56",,,,,,""
"2021-08-11","'3128MCQF5'","MBS","FHLMCGLD 4% 07/25","15yr",,,,,"3768.68",,,,,,""
"2021-08-11","'36296CEW6'","MBS","GNMA I 5.5% 06/38","30yr",,,,,"3765.75",,,,,,""
"2021-08-11","'36201TTX5'","MBS","GNMA I MORTPASS 5% 02/36","30yr",,,,,"3764.61",,,,,,""
"2021-08-11","'31417EFX4'","MBS","UMBS MORTPASS 3% 12/27","15yr",,,,,"3764.03",,,,,,""
"2021-08-11","'31329K6W9'","MBS","UMBS MORTPASS 3% 02/27","15yr",,,,,"3734.97",,,,,,""
"2021-08-11","'3128PWW61'","MBS","FHLMCGLD 3% 10/21","15yr",,,,,"3729.87",,,,,,""
"2021-08-11","'36295W2L0'","MBS","GNMA I 5.5% 03/39","30yr",,,,,"3728.71",,,,,,""
"2021-08-11","'31416RB69'","MBS","UMBS MORTPASS 4.5% 02/22","15yr",,,,,"3716.56",,,,,,""
"2021-08-11","'36200KR41'","MBS","GNMA I MORTPASS 5% 04/33","30yr",,,,,"3710.73",,,,,,""
"2021-08-11","'31413J5C4'","MBS","UMBS MORTPASS 6.5% 10/37","30yr",,,,,"3707.63",,,,,,""
"2021-08-11","'3131X7A73'","MBS","UMBS MORTPASS 3% 10/21","Other",,,,,"3704.46",,,,,,""
"2021-08-11","'36296MMD7'","MBS","GNMA I MORTPASS 6% 09/38","30yr",,,,,"3700.7",,,,,,""
"2021-08-11","'3138XS2T3'","MBS","UMBS MORTPASS 3.5% 05/29","15yr",,,,,"3700.26",,,,,,""
"2021-08-11","'31416HU60'","MBS","UMBS MORTPASS 5.5% 02/39","30yr",,,,,"3698.59",,,,,,""
"2021-08-11","'31307HWL7'","MBS","FHLMCGLD 3.5% 07/24","15yr",,,,,"3697.3",,,,,,""
"2021-08-11","'36202DWD9'","MBS","GNMA II 4.5% 02/33","30yr",,,,,"3692.09",,,,,,""
"2021-08-11","'3138WDB26'","MBS","UMBS MORTPASS 4.5% 10/44","30yr",,,,,"3677.5",,,,,,""
"2021-08-11","'36292HSS3'","MBS","GNMA I MORTPASS 5% 11/35","30yr",,,,,"3675.9",,,,,,""
"2021-08-11","'31371MVC8'","MBS","UMBS MORTPASS 6% 07/26","Other",,,,,"3668.59",,,,,,""
"2021-08-11","'3128PYCS1'","MBS","FHLMCGLD 3% 03/22","15yr",,,,,"3666.81",,,,,,""
"2021-08-11","'3128K4KD6'","MBS","FHLMCGLD 5% 03/36","30yr",,,,,"3658.56",,,,,,""
"2021-08-11","'36213CVD9'","MBS","GNMA I 4.5% 08/35","30yr",,,,,"3655.24",,,,,,""
"2021-08-11","'3138EAR25'","MBS","UMBS MORTPASS 3% 04/27","15yr",,,,,"3653.41",,,,,,""
"2021-08-11","'31418UGU2'","MBS","UMBS MORTPASS 5% 05/40","30yr",,,,,"3637.69",,,,,,""
"2021-08-11","'31371K7M7'","MBS","UMBS MORTPASS 5.5% 07/23","Other",,,,,"3629.11",,,,,,""
"2021-08-11","'3128E5P86'","MBS","FHLMCGLD 4% 01/31","Other",,,,,"3626.62",,,,,,""
"2021-08-11","'36202UBV4'","MBS","GNMA I MORTPASS 4% 08/33","30yr",,,,,"3608.45",,,,,,""
"2021-08-11","'3620ABHP4'","MBS","GNMA I MORTPASS 4% 08/41","30yr",,,,,"3607.5",,,,,,""
"2021-08-11","'31416SML2'","MBS","UMBS MORTPASS 4% 06/24","15yr",,,,,"3594.95",,,,,,""
"2021-08-11","'31411FW91'","MBS","UMBS MORTPASS 4.5% 09/22","15yr",,,,,"3591.78",,,,,,""
"2021-08-11","'31307KBP4'","MBS","FHLMCGLD 4% 11/24","15yr",,,,,"3583.76",,,,,,""
"2021-08-11","'31415ATN1'","MBS","UMBS MORTPASS 5% 05/23","15yr",,,,,"3580.39",,,,,,""
"2021-08-11","'36296RG76'","MBS","GNMA I MORTPASS 5% 11/38","30yr",,,,,"3579.87",,,,,,""
"2021-08-11","'3131X7UC0'","MBS","UMBS MORTPASS 2.5% 06/22","Other",,,,,"3578.71",,,,,,""
"2021-08-11","'31417YVJ3'","MBS","UMBS MORTPASS 4% 01/31","Other",,,,,"3577.42",,,,,,""
"2021-08-11","'3620A7B53'","MBS","GNMA I MORTPASS 5% 12/39","30yr",,,,,"3562.76",,,,,,""
"2021-08-11","'36296AUT9'","MBS","GNMA I MORTPASS 5% 04/38","30yr",,,,,"3561.56",,,,,,""
"2021-08-11","'36290RYE7'","MBS","GNMA I 4.5% 08/33","30yr",,,,,"3549.15",,,,,,""
"2021-08-11","'3620A5J75'","MBS","GNMA I MORTPASS 4% 01/41","30yr",,,,,"3535.77",,,,,,""
"2021-08-11","'36202EAJ8'","MBS","GNMA II MORTPASS 5% 09/34","30yr",,,,,"3530.53",,,,,,""
"2021-08-11","'3132M5C75'","MBS","FHLMCGLD 4.5% 02/44","30yr",,,,,"3523.46",,,,,,""
"2021-08-11","'36295GV82'","MBS","GNMA I MORTPASS 5% 08/37","30yr",,,,,"3499.29",,,,,,""
"2021-08-11","'31307HLW5'","MBS","FHLMCGLD 3.5% 06/29","15yr",,,,,"3488.35",,,,,,""
"2021-08-11","'36290U3H7'","MBS","GNMA I MORTPASS 5% 02/36","30yr",,,,,"3487.17",,,,,,""
"2021-08-11","'3620AATF5'","MBS","GNMA I 3.5% 08/39","30yr",,,,,"3483.41",,,,,,""
"2021-08-11","'3138WQJK9'","MBS","UMBS MORTPASS 3.5% 05/28","15yr",,,,,"3481.53",,,,,,""
"2021-08-11","'36209T4D8'","MBS","GNMA I MORTPASS 6% 09/28","30yr",,,,,"3479.87",,,,,,""
"2021-08-11","'3128CUJ56'","MBS","FHLMCGLD 5% 02/26","Other",,,,,"3476.58",,,,,,""
"2021-08-11","'36202FE44'","MBS","GNMA II 3.5% 02/40","30yr",,,,,"3468.65",,,,,,""
"2021-08-11","'3138MD4V1'","MBS","UMBS MORTPASS 3% 10/27","15yr",,,,,"3467.07",,,,,,""
"2021-08-11","'36296MGG7'","MBS","GNMA I 4.5% 04/39","30yr",,,,,"3458.56",,,,,,""
"2021-08-11","'3138W6TS5'","MBS","UMBS MORTPASS 3.5% 04/28","15yr",,,,,"3454.12",,,,,,""
"2021-08-11","'36241KCW6'","MBS","GNMA I MORTPASS 5% 03/35","30yr",,,,,"3448.88",,,,,,""
"2021-08-11","'3128KGT73'","MBS","FHLMCGLD 6% 11/36","30yr",,,,,"3444.41",,,,,,""
"2021-08-11","'3138XXY26'","MBS","UMBS MORTPASS 3.5% 08/44","30yr",,,,,"3410.64",,,,,,""
"2021-08-11","'36201HNM1'","MBS","GNMA I MORTPASS 5% 10/33","30yr",,,,,"3395.37",,,,,,""
"2021-08-11","'312932LG9'","MBS","FHLMCGLD 5.5% 04/39","30yr",,,,,"3394.4",,,,,,""
"2021-08-11","'3128K7LJ5'","MBS","FHLMCGLD 5% 08/35","30yr",,,,,"3391.05",,,,,,""
"2021-08-11","'3128PTEJ0'","MBS","FHLMCGLD 4% 12/25","15yr",,,,,"3389.97",,,,,,""
"2021-08-11","'36213CWD8'","MBS","GNMA I MORTPASS 5% 09/35","30yr",,,,,"3370.9",,,,,,""
"2021-08-11","'31391LXJ9'","MBS","UMBS MORTPASS 6% 09/32","30yr",,,,,"3368.54",,,,,,""
"2021-08-11","'36213CVA5'","MBS","GNMA I MORTPASS 5% 08/35","30yr",,,,,"3365.84",,,,,,""
"2021-08-11","'3128MBM61'","MBS","FHLMCGLD 4.5% 11/22","15yr",,,,,"3359.61",,,,,,""
"2021-08-11","'36292LRY2'","MBS","GNMA I MORTPASS 5% 03/36","30yr",,,,,"3358.96",,,,,,""
"2021-08-11","'31296JH58'","MBS","FHLMCGLD 5% 06/33","30yr",,,,,"3350.45",,,,,,""
"2021-08-11","'36291DNR0'","MBS","GNMA I MORTPASS 5% 04/34","30yr",,,,,"3343.24",,,,,,""
"2021-08-11","'36207EKU7'","MBS","GNMA I MORTPASS 5% 11/33","30yr",,,,,"3339.41",,,,,,""
"2021-08-11","'3128MBT72'","MBS","FHLMCGLD 4% 01/23","15yr",,,,,"3314.66",,,,,,""
"2021-08-11","'36295F4B7'","MBS","GNMA I MORTPASS 6% 05/37","30yr",,,,,"3298.63",,,,,,""
"2021-08-11","'31413ES30'","MBS","UMBS MORTPASS 5.5% 08/37","30yr",,,,,"3293.24",,,,,,""
"2021-08-11","'3131Y7MD6'","MBS","UMBS MORTPASS 4.5% 11/48","30yr",,,,,"3284.12",,,,,,""
"2021-08-11","'31414HYW1'","MBS","UMBS MORTPASS 4.5% 12/22","15yr",,,,,"3277.48",,,,,,""
"2021-08-11","'3128PLHU9'","MBS","FHLMCGLD 5.5% 07/23","15yr",,,,,"3272.16",,,,,,""
"2021-08-11","'31335HYJ6'","MBS","FHLMCGLD 4% 09/23","Other",,,,,"3270.03",,,,,,""
"2021-08-11","'3128PKE26'","MBS","FHLMCGLD 5% 03/23","15yr",,,,,"3236.27",,,,,,""
"2021-08-11","'3128PJTM9'","MBS","FHLMCGLD 4.5% 01/23","15yr",,,,,"3181.48",,,,,,""
"2021-08-11","'3620A46M9'","MBS","GNMA I MORTPASS 6% 06/39","30yr",,,,,"3176.05",,,,,,""
"2021-08-11","'3128KVSN6'","MBS","FHLMCGLD 6% 08/37","30yr",,,,,"3172.09",,,,,,""
"2021-08-11","'3620A7LV5'","MBS","GNMA I MORTPASS 5% 12/39","30yr",,,,,"3172.03",,,,,,""
"2021-08-11","'3138X6HY4'","MBS","UMBS MORTPASS 3% 11/28","15yr",,,,,"3157.36",,,,,,""
"2021-08-11","'3128PKJP0'","MBS","FHLMCGLD 4% 03/23","15yr",,,,,"3155.86",,,,,,""
"2021-08-11","'3128MCBS3'","MBS","FHLMCGLD 4.5% 02/24","15yr",,,,,"3150.15",,,,,,""
"2021-08-11","'3128PLM90'","MBS","FHLMCGLD 5.5% 08/23","15yr",,,,,"3147.91",,,,,,""
"2021-08-11","'3128MB3P0'","MBS","FHLMCGLD 4.5% 08/23","15yr",,,,,"3141.67",,,,,,""
"2021-08-11","'312929WV0'","MBS","FHLMCGLD 6.5% 12/38","30yr",,,,,"3135.02",,,,,,""
"2021-08-11","'3128P7KM4'","MBS","FHLMCGLD 6.5% 06/28","Other",,,,,"3134.4",,,,,,""
"2021-08-11","'36295WMC8'","MBS","GNMA I MORTPASS 5% 02/39","30yr",,,,,"3104.87",,,,,,""
"2021-08-11","'31402J6S1'","MBS","UMBS MORTPASS 5% 08/33","30yr",,,,,"3092.48",,,,,,""
"2021-08-11","'3128PLK35'","MBS","FHLMCGLD 5.5% 08/23","15yr",,,,,"3092.47",,,,,,""
"2021-08-11","'3128L9DM2'","MBS","FHLMCGLD 5.5% 04/38","30yr",,,,,"3079.89",,,,,,""
"2021-08-11","'31414C6V5'","MBS","UMBS MORTPASS 5% 04/23","15yr",,,,,"3073.69",,,,,,""
"2021-08-11","'3138MLMU5'","MBS","UMBS MORTPASS 3% 11/27","15yr",,,,,"3071.39",,,,,,""
"2021-08-11","'3128KW2J1'","MBS","FHLMCGLD 6% 09/37","30yr",,,,,"3070.08",,,,,,""
"2021-08-11","'36200NEQ0'","MBS","GNMA I MORTPASS 6% 02/34","30yr",,,,,"3054.6",,,,,,""
"2021-08-11","'36201VBE1'","MBS","GNMA I 4.5% 10/33","30yr",,,,,"3046.52",,,,,,""
"2021-08-11","'3620C6YD1'","MBS","GNMA I MORTPASS 4% 11/40","30yr",,,,,"3035.72",,,,,,""
"2021-08-11","'36202DXA4'","MBS","GNMA II 4.5% 04/33","30yr",,,,,"3033.03",,,,,,""
"2021-08-11","'36296VZK7'","MBS","GNMA I MORTPASS 5% 09/38","30yr",,,,,"3030.66",,,,,,""
"2021-08-11","'31382FMN6'","MBS","UMBS MORTPASS 6% 01/29","30yr",,,,,"3011.3",,,,,,""
"2021-08-11","'312932LL8'","MBS","FHLMCGLD 5.5% 04/39","30yr",,,,,"2995.98",,,,,,""
"2021-08-11","'36241L5N2'","MBS","GNMA II 4.5% 11/41","30yr",,,,,"2989.37",,,,,,""
"2021-08-11","'3620A7ZY4'","MBS","GNMA I MORTPASS 4% 08/40","30yr",,,,,"2981.54",,,,,,""
"2021-08-11","'36295FHX5'","MBS","GNMA I MORTPASS 6% 05/37","30yr",,,,,"2959.13",,,,,,""
"2021-08-11","'3128PQYK1'","MBS","FHLMCGLD 4.5% 02/25","15yr",,,,,"2958.78",,,,,,""
"2021-08-11","'31414EQB3'","MBS","UMBS MORTPASS 6% 06/38","30yr",,,,,"2952.29",,,,,,""
"2021-08-11","'31419DMQ1'","MBS","UMBS MORTPASS 3.5% 09/25","15yr",,,,,"2951.52",,,,,,""
"2021-08-11","'31418AGH5'","MBS","UMBS MORTPASS 3.5% 06/22","Other",,,,,"2920.18",,,,,,""
"2021-08-11","'3128PLRF1'","MBS","FHLMCGLD 4.5% 07/23","15yr",,,,,"2919.29",,,,,,""
"2021-08-11","'36200J3M0'","MBS","GNMA I 5.5% 05/37","30yr",,,,,"2909.43",,,,,,""
"2021-08-11","'3620A6QV2'","MBS","GNMA I MORTPASS 5% 09/39","30yr",,,,,"2909.39",,,,,,""
"2021-08-11","'36291BDT1'","MBS","GNMA I MORTPASS 5% 01/34","30yr",,,,,"2898.42",,,,,,""
"2021-08-11","'3140JKNN2'","MBS","UMBS MORTPASS 4% 03/49","30yr",,,,,"2895.76",,,,,,""
"2021-08-11","'36291RRH7'","MBS","GNMA I MORTPASS 5% 12/34","30yr",,,,,"2888.33",,,,,,""
"2021-08-11","'3128PJY43'","MBS","FHLMCGLD 5.5% 02/23","15yr",,,,,"2887.29",,,,,,""
"2021-08-11","'36212UR78'","MBS","GNMA I MORTPASS 5% 02/36","30yr",,,,,"2880.38",,,,,,""
"2021-08-11","'36201YEV4'","MBS","GNMA I MORTPASS 5% 09/33","30yr",,,,,"2866.25",,,,,,""
"2021-08-11","'3128PKPH1'","MBS","FHLMCGLD 4.5% 04/23","15yr",,,,,"2865.42",,,,,,""
"2021-08-11","'36211EAC2'","MBS","GNMA I MORTPASS 5% 01/35","30yr",,,,,"2864.31",,,,,,""
"2021-08-11","'31411JC53'","MBS","UMBS MORTPASS 4% 06/23","15yr",,,,,"2861.3",,,,,,""
"2021-08-11","'3131X7AQ1'","MBS","UMBS MORTPASS 3% 10/21","Other",,,,,"2859.01",,,,,,""
"2021-08-11","'3128P7JN4'","MBS","FHLMCGLD 6.5% 02/28","Other",,,,,"2853.06",,,,,,""
"2021-08-11","'36295TTJ3'","MBS","GNMA I MORTPASS 5% 02/38","30yr",,,,,"2824.85",,,,,,""
"2021-08-11","'3140FCZ84'","MBS","UMBS MORTPASS 4.5% 09/46","30yr",,,,,"2815.27",,,,,,""
"2021-08-11","'31416LQZ2'","MBS","UMBS MORTPASS 4.5% 03/24","15yr",,,,,"2798.47",,,,,,""
"2021-08-11","'36292ETK6'","MBS","GNMA I MORTPASS 5% 08/35","30yr",,,,,"2789.89",,,,,,""
"2021-08-11","'36202D3F6'","MBS","GNMA II 4.5% 01/34","30yr",,,,,"2776.34",,,,,,""
"2021-08-11","'36291LFV2'","MBS","GNMA I MORTPASS 5% 02/35","30yr",,,,,"2766.36",,,,,,""
"2021-08-11","'36225BP69'","MBS","GNMA I MORTPASS 6% 10/31","30yr",,,,,"2763.45",,,,,,""
"2021-08-11","'3128P7KG7'","MBS","FHLMCGLD 5.5% 07/28","Other",,,,,"2749.23",,,,,,""
"2021-08-11","'31417BRU3'","MBS","UMBS MORTPASS 3% 04/27","15yr",,,,,"2747.84",,,,,,""
"2021-08-11","'3138WBKE4'","MBS","UMBS MORTPASS 2.5% 04/24","Other",,,,,"2742.58",,,,,,""
"2021-08-11","'36201NU32'","MBS","GNMA I MORTPASS 5% 08/33","30yr",,,,,"2741.28",,,,,,""
"2021-08-11","'31418BGH3'","MBS","UMBS MORTPASS 3.5% 08/24","Other",,,,,"2722.87",,,,,,""
"2021-08-11","'3128MBT80'","MBS","FHLMCGLD 4.5% 03/23","15yr",,,,,"2717.7",,,,,,""
"2021-08-11","'3128M7PN0'","MBS","FHLMCGLD 5% 07/39","30yr",,,,,"2713.91",,,,,,""
"2021-08-11","'31418AJH2'","MBS","UMBS MORTPASS 3.5% 08/22","Other",,,,,"2708.63",,,,,,""
"2021-08-11","'31296MFZ7'","MBS","FHLMCGLD 5% 08/33","30yr",,,,,"2686.36",,,,,,""
"2021-08-11","'36294YNA8'","MBS","GNMA I 5.5% 01/37","30yr",,,,,"2684.99",,,,,,""
"2021-08-11","'31415XS85'","MBS","UMBS MORTPASS 5.5% 11/38","30yr",,,,,"2680.09",,,,,,""
"2021-08-11","'36209PTJ6'","MBS","GNMA I MORTPASS 6% 06/28","30yr",,,,,"2673.4",,,,,,""
"2021-08-11","'3128MMLJ0'","MBS","FHLMCGLD 5% 10/24","15yr",,,,,"2667.48",,,,,,""
"2021-08-11","'36296PMG3'","MBS","GNMA I 4.5% 02/39","30yr",,,,,"2659.79",,,,,,""
"2021-08-11","'36295GY63'","MBS","GNMA I 5.5% 05/37","30yr",,,,,"2658.55",,,,,,""
"2021-08-11","'36200ALP2'","MBS","GNMA I MORTPASS 5% 04/33","30yr",,,,,"2650.73",,,,,,""
"2021-08-11","'3128MBVM6'","MBS","FHLMCGLD 5% 04/23","15yr",,,,,"2649.52",,,,,,""
"2021-08-11","'31296REE4'","MBS","FHLMCGLD 4.5% 11/33","30yr",,,,,"2642.72",,,,,,""
"2021-08-11","'36202SE95'","MBS","GNMA I 5.5% 03/33","30yr",,,,,"2631.76",,,,,,""
"2021-08-11","'36225B3B2'","MBS","GNMA I MORTPASS 6% 12/31","30yr",,,,,"2610.93",,,,,,""
"2021-08-11","'36297C4Q9'","MBS","GNMA I MORTPASS 6% 02/39","30yr",,,,,"2603.92",,,,,,""
"2021-08-11","'36295WPS0'","MBS","GNMA I MORTPASS 5% 01/38","30yr",,,,,"2594.02",,,,,,""
"2021-08-11","'31414SHN6'","MBS","UMBS MORTPASS 5% 03/23","15yr",,,,,"2583.28",,,,,,""
"2021-08-11","'31416WZA3'","MBS","UMBS MORTPASS 3.5% 10/30","Other",,,,,"2576.99",,,,,,""
"2021-08-11","'36200MT78'","MBS","GNMA I 4.5% 08/33","30yr",,,,,"2576.09",,,,,,""
"2021-08-11","'3140HJSZ5'","MBS","UMBS MORTPASS 3% 06/33","15yr",,,,,"2566.59",,,,,,""
"2021-08-11","'31417SAL4'","MBS","UMBS MORTPASS 4.5% 10/24","15yr",,,,,"2561.86",,,,,,""
"2021-08-11","'3620AGRS6'","MBS","GNMA I MORTPASS 4% 03/40","30yr",,,,,"2545.94",,,,,,""
"2021-08-11","'36296VZR2'","MBS","GNMA I MORTPASS 5% 12/38","30yr",,,,,"2542.22",,,,,,""
"2021-08-11","'36290SWU1'","MBS","GNMA I MORTPASS 5% 04/34","30yr",,,,,"2528.32",,,,,,""
"2021-08-11","'36295QXW5'","MBS","GNMA I 5.5% 12/37","30yr",,,,,"2519.17",,,,,,""
"2021-08-11","'31406ELL6'","MBS","UMBS MORTPASS 5.5% 12/34","30yr",,,,,"2488.38",,,,,,""
"2021-08-11","'31371LHY8'","MBS","UMBS MORTPASS 5.5% 01/24","Other",,,,,"2479.61",,,,,,""
"2021-08-11","'3131XAZM6'","MBS","UMBS MORTPASS 3.5% 01/25","Other",,,,,"2475.08",,,,,,""
"2021-08-11","'3128LBY36'","MBS","FHLMCGLD 5% 05/38","30yr",,,,,"2458.81",,,,,,""
"2021-08-11","'3128MCDZ5'","MBS","FHLMCGLD 4.5% 04/24","15yr",,,,,"2454.7",,,,,,""
"2021-08-11","'3138XLJA1'","MBS","UMBS MORTPASS 3.5% 10/29","15yr",,,,,"2439.9",,,,,,""
"2021-08-11","'36200NS51'","MBS","GNMA I MORTPASS 5% 06/34","30yr",,,,,"2434.97",,,,,,""
"2021-08-11","'3128MMLC5'","MBS","FHLMCGLD 5% 09/24","15yr",,,,,"2425.67",,,,,,""
"2021-08-11","'36200MQ30'","MBS","GNMA I MORTPASS 5% 07/33","30yr",,,,,"2418.7",,,,,,""
"2021-08-11","'36201QR47'","MBS","GNMA I MORTPASS 5% 04/34","30yr",,,,,"2418.7",,,,,,""
"2021-08-11","'31413NQK4'","MBS","UMBS MORTPASS 4.5% 09/22","15yr",,,,,"2417.25",,,,,,""
"2021-08-11","'3128PKSC9'","MBS","FHLMCGLD 5% 04/23","15yr",,,,,"2414.37",,,,,,""
"2021-08-11","'31410WUK2'","MBS","UMBS MORTPASS 4.5% 06/22","15yr",,,,,"2412.63",,,,,,""
"2021-08-11","'3128PRZQ5'","MBS","FHLMCGLD 4% 08/25","15yr",,,,,"2409.19",,,,,,""
"2021-08-11","'36213XH23'","MBS","GNMA I MORTPASS 6% 12/31","30yr",,,,,"2407.64",,,,,,""
"2021-08-11","'36296SVB8'","MBS","GNMA I MORTPASS 6% 12/38","30yr",,,,,"2403.8",,,,,,""
"2021-08-11","'3128MBWQ6'","MBS","FHLMCGLD 4.5% 04/23","15yr",,,,,"2396.98",,,,,,""
"2021-08-11","'36176HE42'","MBS","GNMA I MORTPASS 4% 06/41","30yr",,,,,"2396.16",,,,,,""
"2021-08-11","'36201VVP4'","MBS","GNMA I MORTPASS 5% 07/33","30yr",,,,,"2395.24",,,,,,""
"2021-08-11","'3138YHQ60'","MBS","UMBS MORTPASS 3% 02/45","30yr",,,,,"2392.88",,,,,,""
"2021-08-11","'31416HGQ2'","MBS","UMBS MORTPASS 6.5% 02/39","30yr",,,,,"2392.53",,,,,,""
"2021-08-11","'36292GEG6'","MBS","GNMA I MORTPASS 5% 12/35","30yr",,,,,"2390.01",,,,,,""
"2021-08-11","'3128PLL42'","MBS","FHLMCGLD 5.5% 08/23","15yr",,,,,"2383.09",,,,,,""
"2021-08-11","'36291JKE9'","MBS","GNMA I MORTPASS 5% 06/34","30yr",,,,,"2377.75",,,,,,""
"2021-08-11","'31371LJM2'","MBS","UMBS MORTPASS 6% 01/24","Other",,,,,"2372.87",,,,,,""
"2021-08-11","'3128PJT31'","MBS","FHLMCGLD 5.5% 01/23","15yr",,,,,"2369.35",,,,,,""
"2021-08-11","'36292FC21'","MBS","GNMA I 4.5% 08/35","30yr",,,,,"2369.24",,,,,,""
"2021-08-11","'36297ADC4'","MBS","GNMA I 5.5% 08/39","30yr",,,,,"2366.96",,,,,,""
"2021-08-11","'3128E4PX4'","MBS","FHLMCGLD 5% 03/28","Other",,,,,"2356.29",,,,,,""
"2021-08-11","'3128P7AT0'","MBS","FHLMCGLD 5% 09/25","Other",,,,,"2348.39",,,,,,""
"2021-08-11","'36201MYJ5'","MBS","GNMA I MORTPASS 5% 12/32","30yr",,,,,"2336.56",,,,,,""
"2021-08-11","'36294NBD9'","MBS","GNMA I 5.5% 03/38","30yr",,,,,"2336.49",,,,,,""
"2021-08-11","'36225A2B5'","MBS","GNMA I MORTPASS 6% 04/28","30yr",,,,,"2327.39",,,,,,""
"2021-08-11","'3128MMGM9'","MBS","FHLMCGLD 5% 09/22","15yr",,,,,"2327.33",,,,,,""
"2021-08-11","'36291WFZ9'","MBS","GNMA I MORTPASS 5% 03/35","30yr",,,,,"2327.03",,,,,,""
"2021-08-11","'31329K3C6'","MBS","UMBS MORTPASS 3% 12/25","15yr",,,,,"2322.17",,,,,,""
"2021-08-11","'36291LG58'","MBS","GNMA I MORTPASS 5% 04/35","30yr",,,,,"2318.81",,,,,,""
"2021-08-11","'36211EF29'","MBS","GNMA I 4.5% 02/35","30yr",,,,,"2296.97",,,,,,""
"2021-08-11","'36211FE92'","MBS","GNMA I MORTPASS 5% 04/35","30yr",,,,,"2294.1",,,,,,""
"2021-08-11","'3128PK7J7'","MBS","FHLMCGLD 5.5% 06/23","15yr",,,,,"2291.21",,,,,,""
"2021-08-11","'36292JDK2'","MBS","GNMA I 5.5% 12/35","30yr",,,,,"2287.16",,,,,,""
"2021-08-11","'36294V6X3'","MBS","GNMA I 5.5% 01/37","30yr",,,,,"2273.68",,,,,,""
"2021-08-11","'31406XKD3'","MBS","UMBS MORTPASS 5% 03/35","30yr",,,,,"2271.65",,,,,,""
"2021-08-11","'36200NWZ0'","MBS","GNMA I MORTPASS 6% 12/34","30yr",,,,,"2253.72",,,,,,""
"2021-08-11","'31412TL35'","MBS","UMBS MORTPASS 6.5% 01/39","30yr",,,,,"2251.57",,,,,,""
"2021-08-11","'36290V2W3'","MBS","GNMA I MORTPASS 5% 01/35","30yr",,,,,"2251.18",,,,,,""
"2021-08-11","'3138X1VL7'","MBS","UMBS MORTPASS 3% 01/45","30yr",,,,,"2247.86",,,,,,""
"2021-08-11","'36290X2E9'","MBS","GNMA I MORTPASS 5% 08/33","30yr",,,,,"2240.27",,,,,,""
"2021-08-11","'3128PWQ84'","MBS","FHLMCGLD 3% 09/21","15yr",,,,,"2240.26",,,,,,""
"2021-08-11","'36202SXJ2'","MBS","GNMA I MORTPASS 5% 09/33","30yr",,,,,"2227.98",,,,,,""
"2021-08-11","'36230SP40'","MBS","GNMA I MORTPASS 4% 12/40","30yr",,,,,"2225.04",,,,,,""
"2021-08-11","'3620A9LM1'","MBS","GNMA I MORTPASS 4% 06/42","30yr",,,,,"2221.15",,,,,,""
"2021-08-11","'3128MMF81'","MBS","FHLMCGLD 5.5% 06/22","15yr",,,,,"2220.51",,,,,,""
"2021-08-11","'36296AYA6'","MBS","GNMA I MORTPASS 5% 05/38","30yr",,,,,"2213.34",,,,,,""
"2021-08-11","'36295DLK3'","MBS","GNMA I 5.5% 03/37","30yr",,,,,"2209.1",,,,,,""
"2021-08-11","'3128KHV45'","MBS","FHLMCGLD 5.5% 12/36","30yr",,,,,"2206.79",,,,,,""
"2021-08-11","'36209GRR0'","MBS","GNMA I MORTPASS 6% 12/31","30yr",,,,,"2183.74",,,,,,""
"2021-08-11","'36290RYX5'","MBS","GNMA I MORTPASS 5% 09/33","30yr",,,,,"2179.4",,,,,,""
"2021-08-11","'36295TTX2'","MBS","GNMA I 5.5% 03/38","30yr",,,,,"2172.63",,,,,,""
"2021-08-11","'3620AUG57'","MBS","GNMA I MORTPASS 4% 02/41","30yr",,,,,"2172.53",,,,,,""
"2021-08-11","'31414UG36'","MBS","UMBS MORTPASS 4.5% 03/23","15yr",,,,,"2169.91",,,,,,""
"2021-08-11","'36295QBB5'","MBS","GNMA I MORTPASS 5% 04/38","30yr",,,,,"2154.13",,,,,,""
"2021-08-11","'36177T2V8'","MBS","GNMA I MORTPASS 4% 04/42","30yr",,,,,"2147.95",,,,,,""
"2021-08-11","'31414DUB0'","MBS","UMBS MORTPASS 6.5% 05/38","30yr",,,,,"2145.16",,,,,,""
"2021-08-11","'31417M6W8'","MBS","UMBS MORTPASS 4.5% 10/24","15yr",,,,,"2139.92",,,,,,""
"2021-08-11","'3128MDM91'","MBS","FHLMCGLD 3% 02/23","15yr",,,,,"2134.69",,,,,,""
"2021-08-11","'36207KHC7'","MBS","GNMA I MORTPASS 6% 12/28","30yr",,,,,"2127.65",,,,,,""
"2021-08-11","'36202EQY8'","MBS","GNMA II MORTPASS 5% 01/38","30yr",,,,,"2115.42",,,,,,""
"2021-08-11","'36291ADH9'","MBS","GNMA I 4.5% 09/33","30yr",,,,,"2110.29",,,,,,""
"2021-08-11","'36292LMP6'","MBS","GNMA I 5.5% 04/36","30yr",,,,,"2097.93",,,,,,""
"2021-08-11","'36296TDT7'","MBS","GNMA I 5.5% 03/39","30yr",,,,,"2097.23",,,,,,""
"2021-08-11","'31297L3Z1'","MBS","FHLMCGLD 5.5% 03/35","30yr",,,,,"2090.73",,,,,,""
"2021-08-11","'3132QQXD9'","MBS","FHLMCGLD 4.5% 06/45","30yr",,,,,"2068.77",,,,,,""
"2021-08-11","'31410RQU6'","MBS","UMBS MORTPASS 6.5% 10/36","30yr",,,,,"2064.57",,,,,,""
"2021-08-11","'3128M4FW8'","MBS","FHLMCGLD 5% 09/35","30yr",,,,,"2061.59",,,,,,""
"2021-08-11","'36295H7G9'","MBS","GNMA I 5.5% 08/37","30yr",,,,,"2060.77",,,,,,""
"2021-08-11","'36200NEV9'","MBS","GNMA I MORTPASS 5% 02/34","30yr",,,,,"2049.63",,,,,,""
"2021-08-11","'36200MV83'","MBS","GNMA I MORTPASS 5% 09/33","30yr",,,,,"2048.87",,,,,,""
"2021-08-11","'3128PP2Y8'","MBS","FHLMCGLD 4.5% 09/24","15yr",,,,,"2045.89",,,,,,""
"2021-08-11","'3620AYJG2'","MBS","GNMA I MORTPASS 4% 12/40","30yr",,,,,"2035.74",,,,,,""
"2021-08-11","'31408CWW2'","MBS","UMBS MORTPASS 5% 11/35","30yr",,,,,"2034.15",,,,,,""
"2021-08-11","'36212VSM2'","MBS","GNMA I MORTPASS 6% 09/34","30yr",,,,,"2033.25",,,,,,""
"2021-08-11","'31412MYL6'","MBS","UMBS MORTPASS 6.5% 06/38","30yr",,,,,"2032.05",,,,,,""
"2021-08-11","'3128KRWV2'","MBS","FHLMCGLD 5.5% 10/36","30yr",,,,,"2023.25",,,,,,""
"2021-08-11","'36213RXQ5'","MBS","GNMA I MORTPASS 6% 08/34","30yr",,,,,"2018.43",,,,,,""
"2021-08-11","'3128PWC63'","MBS","FHLMCGLD 3% 08/21","15yr",,,,,"2014.16",,,,,,""
"2021-08-11","'36230MGD3'","MBS","GNMA I MORTPASS 4% 01/41","30yr",,,,,"2004.98",,,,,,""
"2021-08-11","'31407GBD9'","MBS","UMBS MORTPASS 5% 08/35","30yr",,,,,"1996.83",,,,,,""
"2021-08-11","'36292NLC2'","MBS","GNMA I MORTPASS 6% 04/36","30yr",,,,,"1996.19",,,,,,""
"2021-08-11","'36212SZT6'","MBS","GNMA I MORTPASS 5% 06/35","30yr",,,,,"1977.42",,,,,,""
"2021-08-11","'3128MC4R3'","MBS","FHLMCGLD 3% 09/21","15yr",,,,,"1974.17",,,,,,""
"2021-08-11","'31371MTC1'","MBS","UMBS MORTPASS 6% 05/26","Other",,,,,"1974.12",,,,,,""
"2021-08-11","'3128PKZM9'","MBS","FHLMCGLD 5% 05/23","15yr",,,,,"1972.1",,,,,,""
"2021-08-11","'3128Q0JD0'","MBS","FHLMCGLD 2.5% 06/22","15yr",,,,,"1970.98",,,,,,""
"2021-08-11","'36202TH82'","MBS","GNMA I MORTPASS 5% 05/33","30yr",,,,,"1970.68",,,,,,""
"2021-08-11","'3128KSJP8'","MBS","FHLMCGLD 5.5% 06/37","30yr",,,,,"1967.58",,,,,,""
"2021-08-11","'31412PU25'","MBS","UMBS MORTPASS 4.5% 06/24","15yr",,,,,"1952.38",,,,,,""
"2021-08-11","'36292KMG8'","MBS","GNMA I MORTPASS 5% 12/35","30yr",,,,,"1946.56",,,,,,""
"2021-08-11","'36213MXE3'","MBS","GNMA I MORTPASS 5% 01/34","30yr",,,,,"1938.36",,,,,,""
"2021-08-11","'3128PQK59'","MBS","FHLMCGLD 4.5% 11/24","15yr",,,,,"1927.78",,,,,,""
"2021-08-11","'36200TWR5'","MBS","GNMA I MORTPASS 5% 05/34","30yr",,,,,"1910.09",,,,,,""
"2021-08-11","'36292JC80'","MBS","GNMA I MORTPASS 5% 11/35","30yr",,,,,"1899.46",,,,,,""
"2021-08-11","'31307QA98'","MBS","FHLMCGLD 3.5% 12/28","15yr",,,,,"1898.71",,,,,,""
"2021-08-11","'31329MBQ2'","MBS","UMBS MORTPASS 2.5% 03/23","Other",,,,,"1896.65",,,,,,""
"2021-08-11","'36209L3X2'","MBS","GNMA I MORTPASS 6% 09/28","30yr",,,,,"1888.35",,,,,,""
"2021-08-11","'31371ME60'","MBS","UMBS MORTPASS 5.5% 08/25","Other",,,,,"1885.69",,,,,,""
"2021-08-11","'36296DRW0'","MBS","GNMA I 5.5% 06/38","30yr",,,,,"1882.57",,,,,,""
"2021-08-11","'36290RVV2'","MBS","GNMA I MORTPASS 5% 08/33","30yr",,,,,"1874.22",,,,,,""
"2021-08-11","'36202EXR5'","MBS","GNMA II 4.5% 11/38","30yr",,,,,"1855.78",,,,,,""
"2021-08-11","'36291GY26'","MBS","GNMA I MORTPASS 5% 05/34","30yr",,,,,"1853.46",,,,,,""
"2021-08-11","'36200M7M9'","MBS","GNMA I MORTPASS 5% 01/34","30yr",,,,,"1841.67",,,,,,""
"2021-08-11","'31371MYG6'","MBS","UMBS MORTPASS 5.5% 09/26","Other",,,,,"1839.61",,,,,,""
"2021-08-11","'3138E5EQ7'","MBS","UMBS MORTPASS 4.5% 01/42","30yr",,,,,"1836.88",,,,,,""
"2021-08-11","'31416NVS8'","MBS","UMBS MORTPASS 4% 04/24","15yr",,,,,"1814.22",,,,,,""
"2021-08-11","'36292CAX2'","MBS","GNMA I 5.5% 07/35","30yr",,,,,"1800.38",,,,,,""
"2021-08-11","'36200K7G6'","MBS","GNMA I MORTPASS 5% 02/33","30yr",,,,,"1792.05",,,,,,""
"2021-08-11","'36202D4M0'","MBS","GNMA II 4.5% 03/34","30yr",,,,,"1778.11",,,,,,""
"2021-08-11","'3131X65Q9'","MBS","UMBS MORTPASS 3% 09/21","Other",,,,,"1775.12",,,,,,""
"2021-08-11","'36225BX37'","MBS","GNMA I MORTPASS 5% 05/33","30yr",,,,,"1762.01",,,,,,""
"2021-08-11","'31415MDC6'","MBS","UMBS MORTPASS 5% 06/38","30yr",,,,,"1755.86",,,,,,""
"2021-08-11","'36210BEF8'","MBS","GNMA I MORTPASS 5% 03/35","30yr",,,,,"1740.12",,,,,,""
"2021-08-11","'36292NHD5'","MBS","GNMA I MORTPASS 5% 03/36","30yr",,,,,"1732.75",,,,,,""
"2021-08-11","'36208RZB3'","MBS","GNMA I MORTPASS 6% 11/28","30yr",,,,,"1726.11",,,,,,""
"2021-08-11","'31418SUT4'","MBS","UMBS MORTPASS 3.5% 10/25","15yr",,,,,"1711.16",,,,,,""
"2021-08-11","'3132QTQ90'","MBS","FHLMCGLD 4% 10/45","30yr",,,,,"1709.77",,,,,,""
"2021-08-11","'31412QH77'","MBS","UMBS MORTPASS 4.5% 08/24","15yr",,,,,"1707.23",,,,,,""
"2021-08-11","'3138ASTF9'","MBS","UMBS MORTPASS 3% 09/26","15yr",,,,,"1701.28",,,,,,""
"2021-08-11","'36230UE88'","MBS","GNMA I 3.5% 02/41","30yr",,,,,"1697.72",,,,,,""
"2021-08-11","'36213JLN3'","MBS","GNMA I MORTPASS 6% 03/32","30yr",,,,,"1691.43",,,,,,""
"2021-08-11","'36296BJ52'","MBS","GNMA I 5.5% 04/38","30yr",,,,,"1689.54",,,,,,""
"2021-08-11","'31414GCB3'","MBS","UMBS MORTPASS 4.5% 09/22","15yr",,,,,"1684.47",,,,,,""
"2021-08-11","'36211D7L8'","MBS","GNMA I MORTPASS 5% 01/35","30yr",,,,,"1679.01",,,,,,""
"2021-08-11","'3128MB7H4'","MBS","FHLMCGLD 5.5% 12/23","15yr",,,,,"1672.93",,,,,,""
"2021-08-11","'31416HWL5'","MBS","UMBS MORTPASS 5.5% 12/38","30yr",,,,,"1662.73",,,,,,""
"2021-08-11","'36291QY65'","MBS","GNMA I MORTPASS 5% 05/36","30yr",,,,,"1659.14",,,,,,""
"2021-08-11","'31413BPY1'","MBS","UMBS MORTPASS 6% 08/37","30yr",,,,,"1658.6",,,,,,""
"2021-08-11","'3128PMKF6'","MBS","FHLMCGLD 5.5% 02/24","15yr",,,,,"1657.67",,,,,,""
"2021-08-11","'3128MMHX4'","MBS","FHLMCGLD 4.5% 03/23","15yr",,,,,"1654",,,,,,""
"2021-08-11","'36291RRE4'","MBS","GNMA I MORTPASS 5% 12/34","30yr",,,,,"1651.82",,,,,,""
"2021-08-11","'36294SEC7'","MBS","GNMA I 5.5% 10/36","30yr",,,,,"1647.64",,,,,,""
"2021-08-11","'36209M5K6'","MBS","GNMA I MORTPASS 6% 01/29","30yr",,,,,"1630.46",,,,,,""
"2021-08-11","'3128PFQE8'","MBS","FHLMCGLD 5% 12/21","15yr",,,,,"1630.26",,,,,,""
"2021-08-11","'36294SPB7'","MBS","GNMA I MORTPASS 5% 02/37","30yr",,,,,"1618.25",,,,,,""
"2021-08-11","'31411KQP1'","MBS","UMBS MORTPASS 4.5% 01/22","15yr",,,,,"1613.27",,,,,,""
"2021-08-11","'3128PQ4F5'","MBS","FHLMCGLD 4.5% 02/25","15yr",,,,,"1594.32",,,,,,""
"2021-08-11","'36291YTA5'","MBS","GNMA I MORTPASS 5% 07/35","30yr",,,,,"1591.5",,,,,,""
"2021-08-11","'36297HN87'","MBS","GNMA I MORTPASS 5% 05/39","30yr",,,,,"1589.03",,,,,,""
"2021-08-11","'36210HU83'","MBS","GNMA I MORTPASS 6% 11/28","30yr",,,,,"1587.13",,,,,,""
"2021-08-11","'3128PXB88'","MBS","FHLMCGLD 3% 11/21","15yr",,,,,"1558.19",,,,,,""
"2021-08-11","'31415BFP9'","MBS","UMBS MORTPASS 5% 05/23","15yr",,,,,"1556.44",,,,,,""
"2021-08-11","'3138M5ZB8'","MBS","UMBS MORTPASS 3% 08/27","15yr",,,,,"1556.12",,,,,,""
"2021-08-11","'3131X8HW9'","MBS","UMBS MORTPASS 3% 12/22","Other",,,,,"1555.68",,,,,,""
"2021-08-11","'3140HMFZ2'","MBS","UMBS MORTPASS 3% 07/33","15yr",,,,,"1554.09",,,,,,""
"2021-08-11","'36290TF46'","MBS","GNMA I MORTPASS 5% 12/34","30yr",,,,,"1553.43",,,,,,""
"2021-08-11","'3128MDCM3'","MBS","FHLMCGLD 4% 09/25","15yr",,,,,"1538.43",,,,,,""
"2021-08-11","'3128MMFK4'","MBS","FHLMCGLD 5.5% 02/22","15yr",,,,,"1535.87",,,,,,""
"2021-08-11","'31413EYE9'","MBS","UMBS MORTPASS 4.5% 08/37","30yr",,,,,"1533.89",,,,,,""
"2021-08-11","'36200NRJ2'","MBS","GNMA I MORTPASS 5% 04/34","30yr",,,,,"1530.49",,,,,,""
"2021-08-11","'36201QRG0'","MBS","GNMA I MORTPASS 5% 07/33","30yr",,,,,"1528.47",,,,,,""
"2021-08-11","'31419GJM7'","MBS","UMBS MORTPASS 3.5% 09/25","15yr",,,,,"1519.15",,,,,,""
"2021-08-11","'36212TA53'","MBS","GNMA I MORTPASS 5% 06/35","30yr",,,,,"1514.41",,,,,,""
"2021-08-11","'36295VW70'","MBS","GNMA I 5.5% 03/38","30yr",,,,,"1513.68",,,,,,""
"2021-08-11","'36225BHZ4'","MBS","GNMA I MORTPASS 6% 07/29","30yr",,,,,"1502.13",,,,,,""
"2021-08-11","'36202DYZ8'","MBS","GNMA II MORTPASS 5% 08/33","30yr",,,,,"1490.88",,,,,,""
"2021-08-11","'36297DJ99'","MBS","GNMA I 5.5% 04/39","30yr",,,,,"1476.52",,,,,,""
"2021-08-11","'36290R5Q2'","MBS","GNMA I MORTPASS 5% 10/33","30yr",,,,,"1467.77",,,,,,""
"2021-08-11","'31371MJP3'","MBS","UMBS MORTPASS 6% 10/25","Other",,,,,"1463.69",,,,,,""
"2021-08-11","'3128MBQ26'","MBS","FHLMCGLD 4.5% 12/22","15yr",,,,,"1463.68",,,,,,""
"2021-08-11","'36290XPW4'","MBS","GNMA I MORTPASS 5% 09/33","30yr",,,,,"1462.36",,,,,,""
"2021-08-11","'36202ELU1'","MBS","GNMA II MORTPASS 5% 01/37","30yr",,,,,"1458.45",,,,,,""
"2021-08-11","'36291X4T3'","MBS","GNMA I 4.5% 09/35","30yr",,,,,"1455.39",,,,,,""
"2021-08-11","'36292CSN5'","MBS","GNMA I MORTPASS 5% 07/35","30yr",,,,,"1451.62",,,,,,""
"2021-08-11","'36295VSW0'","MBS","GNMA I 5.5% 02/38","30yr",,,,,"1447.24",,,,,,""
"2021-08-11","'36213RTC1'","MBS","GNMA I MORTPASS 5% 12/33","30yr",,,,,"1445.17",,,,,,""
"2021-08-11","'36291AJP5'","MBS","GNMA I MORTPASS 5% 03/35","30yr",,,,,"1438.73",,,,,,""
"2021-08-11","'3128MBKT3'","MBS","FHLMCGLD 5.5% 09/22","15yr",,,,,"1436.11",,,,,,""
"2021-08-11","'3128P7DU4'","MBS","FHLMCGLD 5% 12/26","Other",,,,,"1435.37",,,,,,""
"2021-08-11","'31411UZU8'","MBS","UMBS MORTPASS 5% 04/22","15yr",,,,,"1426.59",,,,,,""
"2021-08-11","'36201XRG5'","MBS","GNMA I MORTPASS 5% 05/36","30yr",,,,,"1426.31",,,,,,""
"2021-08-11","'3128PP4R1'","MBS","FHLMCGLD 4.5% 09/24","15yr",,,,,"1409.77",,,,,,""
"2021-08-11","'31407BUA5'","MBS","UMBS MORTPASS 5% 07/35","30yr",,,,,"1404.7",,,,,,""
"2021-08-11","'36291AD30'","MBS","GNMA I MORTPASS 5% 10/33","30yr",,,,,"1398.22",,,,,,""
"2021-08-11","'31371NV85'","MBS","UMBS MORTPASS 5.5% 06/28","Other",,,,,"1396.28",,,,,,""
"2021-08-11","'36291AJX8'","MBS","GNMA I MORTPASS 5% 04/35","30yr",,,,,"1392.41",,,,,,""
"2021-08-11","'3138W3A94'","MBS","UMBS MORTPASS 3.5% 02/28","15yr",,,,,"1389.61",,,,,,""
"2021-08-11","'3128PLUZ3'","MBS","FHLMCGLD 5.5% 09/23","15yr",,,,,"1388.16",,,,,,""
"2021-08-11","'31412QRS0'","MBS","UMBS MORTPASS 4% 11/24","15yr",,,,,"1383.76",,,,,,""
"2021-08-11","'312927H74'","MBS","FHLMCGLD 6.5% 08/38","30yr",,,,,"1383.29",,,,,,""
"2021-08-11","'36200NSP7'","MBS","GNMA I MORTPASS 5% 05/34","30yr",,,,,"1381.08",,,,,,""
"2021-08-11","'36297AEU3'","MBS","GNMA I MORTPASS 4% 08/39","30yr",,,,,"1375.65",,,,,,""
"2021-08-11","'31414QJF5'","MBS","UMBS MORTPASS 6% 03/38","30yr",,,,,"1373.34",,,,,,""
"2021-08-11","'31412TXS7'","MBS","UMBS MORTPASS 6.5% 10/38","30yr",,,,,"1372.89",,,,,,""
"2021-08-11","'31410VY95'","MBS","UMBS MORTPASS 5% 02/22","15yr",,,,,"1371.16",,,,,,""
"2021-08-11","'31416YX37'","MBS","UMBS MORTPASS 3% 08/21","Other",,,,,"1366.47",,,,,,""
"2021-08-11","'31380MK88'","MBS","UMBS MORTPASS 6% 12/28","30yr",,,,,"1365.7",,,,,,""
"2021-08-11","'3128MBXH5'","MBS","FHLMCGLD 5.5% 06/23","15yr",,,,,"1359.66",,,,,,""
"2021-08-11","'31371MDN4'","MBS","UMBS MORTPASS 5.5% 07/25","Other",,,,,"1359.19",,,,,,""
"2021-08-11","'36296MS90'","MBS","GNMA I MORTPASS 6% 09/38","30yr",,,,,"1349.63",,,,,,""
"2021-08-11","'3128PJRB5'","MBS","FHLMCGLD 4% 01/23","15yr",,,,,"1348.34",,,,,,""
"2021-08-11","'36297ECQ6'","MBS","GNMA I 5.5% 09/39","30yr",,,,,"1344.92",,,,,,""
"2021-08-11","'36291S6N5'","MBS","GNMA I MORTPASS 5% 11/34","30yr",,,,,"1342.22",,,,,,""
"2021-08-11","'31412TFZ1'","MBS","UMBS MORTPASS 6.5% 06/38","30yr",,,,,"1341.04",,,,,,""
"2021-08-11","'31402CTF9'","MBS","UMBS MORTPASS 5.5% 01/24","Other",,,,,"1336.81",,,,,,""
"2021-08-11","'3620C6LQ6'","MBS","GNMA I MORTPASS 4% 10/40","30yr",,,,,"1336.12",,,,,,""
"2021-08-11","'3131X7JY5'","MBS","UMBS MORTPASS 3% 02/22","Other",,,,,"1331.97",,,,,,""
"2021-08-11","'36295HR77'","MBS","GNMA I 5.5% 08/37","30yr",,,,,"1325.7",,,,,,""
"2021-08-11","'36291LKN4'","MBS","GNMA I MORTPASS 5% 08/35","30yr",,,,,"1318.75",,,,,,""
"2021-08-11","'3128PH7M7'","MBS","FHLMCGLD 5.5% 11/22","15yr",,,,,"1303.24",,,,,,""
"2021-08-11","'3128MMJK0'","MBS","FHLMCGLD 5.5% 07/23","15yr",,,,,"1292.71",,,,,,""
"2021-08-11","'3128MCWR2'","MBS","FHLMCGLD 4% 08/25","15yr",,,,,"1286.22",,,,,,""
"2021-08-11","'3128PXPN0'","MBS","FHLMCGLD 3% 01/22","15yr",,,,,"1284.6",,,,,,""
"2021-08-11","'31415RYB4'","MBS","UMBS MORTPASS 6.5% 07/38","30yr",,,,,"1262.41",,,,,,""
"2021-08-11","'36202D2S9'","MBS","GNMA II MORTPASS 4% 11/33","30yr",,,,,"1249.27",,,,,,""
"2021-08-11","'36291XWC9'","MBS","GNMA I MORTPASS 5% 03/35","30yr",,,,,"1236.61",,,,,,""
"2021-08-11","'3128PWSH2'","MBS","FHLMCGLD 3% 10/21","15yr",,,,,"1219.38",,,,,,""
"2021-08-11","'36295DX87'","MBS","GNMA I 5.5% 05/37","30yr",,,,,"1213.79",,,,,,""
"2021-08-11","'36200N6H9'","MBS","GNMA I 4.5% 11/34","30yr",,,,,"1209.49",,,,,,""
"2021-08-11","'36292DZG0'","MBS","GNMA I MORTPASS 5% 09/35","30yr",,,,,"1203.82",,,,,,""
"2021-08-11","'36202UCP6'","MBS","GNMA I MORTPASS 5% 09/33","30yr",,,,,"1203.57",,,,,,""
"2021-08-11","'36296VWG9'","MBS","GNMA I 5.5% 12/38","30yr",,,,,"1197.2",,,,,,""
"2021-08-11","'36290R7M9'","MBS","GNMA I MORTPASS 5% 10/33","30yr",,,,,"1192.38",,,,,,""
"2021-08-11","'31417Y4T1'","MBS","UMBS MORTPASS 3% 08/21","Other",,,,,"1185.67",,,,,,""
"2021-08-11","'36200JAK6'","MBS","GNMA I MORTPASS 5% 03/33","30yr",,,,,"1185.67",,,,,,""
"2021-08-11","'36210LZM8'","MBS","GNMA I MORTPASS 6% 01/29","30yr",,,,,"1183.9",,,,,,""
"2021-08-11","'36297C3F4'","MBS","GNMA I MORTPASS 5% 02/39","30yr",,,,,"1179.45",,,,,,""
"2021-08-11","'31412SQ57'","MBS","UMBS MORTPASS 4% 03/23","15yr",,,,,"1178.67",,,,,,""
"2021-08-11","'36291QGP3'","MBS","GNMA I MORTPASS 5% 08/35","30yr",,,,,"1176.34",,,,,,""
"2021-08-11","'36202EAH2'","MBS","GNMA II 4.5% 08/34","30yr",,,,,"1174.85",,,,,,""
"2021-08-11","'36290N4D1'","MBS","GNMA I MORTPASS 5% 07/33","30yr",,,,,"1170.52",,,,,,""
"2021-08-11","'31415RVF8'","MBS","UMBS MORTPASS 5% 07/23","15yr",,,,,"1170.35",,,,,,""
"2021-08-11","'3620C1VJ2'","MBS","GNMA I 3.5% 10/41","30yr",,,,,"1163.9",,,,,,""
"2021-08-11","'36296AJT2'","MBS","GNMA I 5.5% 04/38","30yr",,,,,"1163.8",,,,,,""
"2021-08-11","'36291LKT1'","MBS","GNMA I MORTPASS 5% 09/35","30yr",,,,,"1160.37",,,,,,""
"2021-08-11","'36295H6K1'","MBS","GNMA I 5.5% 08/37","30yr",,,,,"1156.87",,,,,,""
"2021-08-11","'3128MMK69'","MBS","FHLMCGLD 4% 07/24","15yr",,,,,"1155.24",,,,,,""
"2021-08-11","'31405XCQ4'","MBS","UMBS MORTPASS 5% 11/34","30yr",,,,,"1145.84",,,,,,""
"2021-08-11","'31382TEM7'","MBS","UMBS MORTPASS 6% 04/29","30yr",,,,,"1144.87",,,,,,""
"2021-08-11","'3128LDSY1'","MBS","FHLMCGLD 6% 07/38","30yr",,,,,"1136.49",,,,,,""
"2021-08-11","'31410XX84'","MBS","UMBS MORTPASS 5% 12/21","15yr",,,,,"1136.06",,,,,,""
"2021-08-11","'3140E9HS8'","MBS","UMBS MORTPASS 4% 12/45","30yr",,,,,"1130.83",,,,,,""
"2021-08-11","'3128PFVP7'","MBS","FHLMCGLD 5% 01/22","15yr",,,,,"1129.77",,,,,,""
"2021-08-11","'36202EWB1'","MBS","GNMA II 4.5% 09/38","30yr",,,,,"1127.73",,,,,,""
"2021-08-11","'3128PP6K4'","MBS","FHLMCGLD 4.5% 09/24","15yr",,,,,"1125.44",,,,,,""
"2021-08-11","'31371LJU4'","MBS","UMBS MORTPASS 5.5% 02/24","Other",,,,,"1124.31",,,,,,""
"2021-08-11","'3128MBLQ8'","MBS","FHLMCGLD 5.5% 11/22","15yr",,,,,"1120.49",,,,,,""
"2021-08-11","'31414DZQ2'","MBS","UMBS MORTPASS 5% 06/23","15yr",,,,,"1115.11",,,,,,""
"2021-08-11","'3128MDHY2'","MBS","FHLMCGLD 3.5% 06/22","15yr",,,,,"1111.22",,,,,,""
"2021-08-11","'36200KFE2'","MBS","GNMA I MORTPASS 5% 05/34","30yr",,,,,"1109.61",,,,,,""
"2021-08-11","'3128PJFY8'","MBS","FHLMCGLD 5% 11/22","15yr",,,,,"1108.72",,,,,,""
"2021-08-11","'36291HTN4'","MBS","GNMA I MORTPASS 5% 03/34","30yr",,,,,"1108.58",,,,,,""
"2021-08-11","'3138YEKY2'","MBS","UMBS MORTPASS 4.5% 01/45","30yr",,,,,"1101.22",,,,,,""
"2021-08-11","'36292ETJ9'","MBS","GNMA I 5.5% 08/35","30yr",,,,,"1099.45",,,,,,""
"2021-08-11","'36296MGH5'","MBS","GNMA I 4.5% 04/39","30yr",,,,,"1090.68",,,,,,""
"2021-08-11","'3128PXXJ0'","MBS","FHLMCGLD 3% 02/22","15yr",,,,,"1086.39",,,,,,""
"2021-08-11","'31412QVW6'","MBS","UMBS MORTPASS 4% 12/24","15yr",,,,,"1072.02",,,,,,""
"2021-08-11","'36291XAX7'","MBS","GNMA I MORTPASS 5% 05/35","30yr",,,,,"1070.37",,,,,,""
"2021-08-11","'36294NBK3'","MBS","GNMA I MORTPASS 5% 04/38","30yr",,,,,"1069.27",,,,,,""
"2021-08-11","'31419JMT2'","MBS","UMBS MORTPASS 3.5% 11/25","15yr",,,,,"1067.68",,,,,,""
"2021-08-11","'36291GX84'","MBS","GNMA I MORTPASS 5% 05/34","30yr",,,,,"1062.07",,,,,,""
"2021-08-11","'31388ARS5'","MBS","UMBS MORTPASS 6% 12/31","30yr",,,,,"1059.92",,,,,,""
"2021-08-11","'36292ERH5'","MBS","GNMA I MORTPASS 5% 07/35","30yr",,,,,"1048.76",,,,,,""
"2021-08-11","'36292DC26'","MBS","GNMA I MORTPASS 5% 10/35","30yr",,,,,"1037.23",,,,,,""
"2021-08-11","'31417AWP0'","MBS","UMBS MORTPASS 2.5% 01/22","Other",,,,,"1036.14",,,,,,""
"2021-08-11","'36210ARS8'","MBS","GNMA I MORTPASS 6% 10/28","30yr",,,,,"1033.75",,,,,,""
"2021-08-11","'3128PK6K5'","MBS","FHLMCGLD 5.5% 06/23","15yr",,,,,"1033.42",,,,,,""
"2021-08-11","'31406PGD5'","MBS","UMBS MORTPASS 5% 03/35","30yr",,,,,"1027.83",,,,,,""
"2021-08-11","'3128PKQA5'","MBS","FHLMCGLD 5% 04/23","15yr",,,,,"1025.47",,,,,,""
"2021-08-11","'3128LDSZ8'","MBS","FHLMCGLD 6% 07/38","30yr",,,,,"1024.04",,,,,,""
"2021-08-11","'36295W7A9'","MBS","GNMA I MORTPASS 6% 01/38","30yr",,,,,"1021",,,,,,""
"2021-08-11","'3128L1V64'","MBS","FHLMCGLD 6% 12/37","30yr",,,,,"1020.8",,,,,,""
"2021-08-11","'36296FMF7'","MBS","GNMA I MORTPASS 6% 09/38","30yr",,,,,"1019.09",,,,,,""
"2021-08-11","'3131X5Y55'","MBS","UMBS MORTPASS 3.5% 09/25","15yr",,,,,"1013.26",,,,,,""
"2021-08-11","'31371K2W0'","MBS","UMBS MORTPASS 6% 03/23","Other",,,,,"1011.43",,,,,,""
"2021-08-11","'36290RXT5'","MBS","GNMA I 4.5% 08/33","30yr",,,,,"1002.5",,,,,,""
"2021-08-11","'31417NCL3'","MBS","UMBS MORTPASS 4.5% 10/24","15yr",,,,,"990.32",,,,,,""
"2021-08-11","'3128MCGG4'","MBS","FHLMCGLD 4% 06/24","15yr",,,,,"982",,,,,,""
"2021-08-11","'36297EB95'","MBS","GNMA I 5.5% 08/39","30yr",,,,,"971.98",,,,,,""
"2021-08-11","'3128MBF77'","MBS","FHLMCGLD 4.5% 06/22","15yr",,,,,"965.34",,,,,,""
"2021-08-11","'3128PGKA0'","MBS","FHLMCGLD 5.5% 05/22","15yr",,,,,"959.41",,,,,,""
"2021-08-11","'36295WLF2'","MBS","GNMA I MORTPASS 5% 07/38","30yr",,,,,"959.32",,,,,,""
"2021-08-11","'36290NAN2'","MBS","GNMA I MORTPASS 5% 07/33","30yr",,,,,"955.16",,,,,,""
"2021-08-11","'3138ERVW7'","MBS","UMBS MORTPASS 3.5% 02/24","Other",,,,,"943.64",,,,,,""
"2021-08-11","'31418AEW4'","MBS","UMBS MORTPASS 3.5% 04/22","Other",,,,,"930.09",,,,,,""
"2021-08-11","'36291GXL5'","MBS","GNMA I MORTPASS 5% 05/34","30yr",,,,,"923.63",,,,,,""
"2021-08-11","'36203PAT0'","MBS","GNMA I MORTPASS 6% 01/24","30yr",,,,,"918.62",,,,,,""
"2021-08-11","'36213U3W8'","MBS","GNMA I 5.5% 08/37","30yr",,,,,"918.43",,,,,,""
"2021-08-11","'36291TSY5'","MBS","GNMA I MORTPASS 5% 02/35","30yr",,,,,"915.42",,,,,,""
"2021-08-11","'36290N5N8'","MBS","GNMA I 4.5% 08/33","30yr",,,,,"915.04",,,,,,""
"2021-08-11","'36291GYC4'","MBS","GNMA I MORTPASS 5% 05/34","30yr",,,,,"910.1",,,,,,""
"2021-08-11","'36295YZF3'","MBS","GNMA I 5.5% 04/38","30yr",,,,,"907.02",,,,,,""
"2021-08-11","'31412XVK7'","MBS","UMBS MORTPASS 4% 07/22","15yr",,,,,"886.09",,,,,,""
"2021-08-11","'31406UKJ6'","MBS","UMBS MORTPASS 5% 08/35","30yr",,,,,"881.9",,,,,,""
"2021-08-11","'36294QEX5'","MBS","GNMA I 5.5% 12/36","30yr",,,,,"874.16",,,,,,""
"2021-08-11","'31329KA53'","MBS","UMBS MORTPASS 4.5% 04/24","Other",,,,,"863.71",,,,,,""
"2021-08-11","'31412TT86'","MBS","UMBS MORTPASS 4% 08/23","15yr",,,,,"863.13",,,,,,""
"2021-08-11","'36290XHP8'","MBS","GNMA I MORTPASS 5% 08/33","30yr",,,,,"858.78",,,,,,""
"2021-08-11","'3128PMJV3'","MBS","FHLMCGLD 4.5% 02/24","15yr",,,,,"857.86",,,,,,""
"2021-08-11","'36200CBR5'","MBS","GNMA I 5.5% 01/33","30yr",,,,,"857.3",,,,,,""
"2021-08-11","'31416LPQ3'","MBS","UMBS MORTPASS 5.5% 02/39","30yr",,,,,"852.44",,,,,,""
"2021-08-11","'3128P7DN0'","MBS","FHLMCGLD 5% 11/26","Other",,,,,"846.13",,,,,,""
"2021-08-11","'36176HF33'","MBS","GNMA I MORTPASS 4% 07/41","30yr",,,,,"843.74",,,,,,""
"2021-08-11","'3620ABFH4'","MBS","GNMA I MORTPASS 4% 09/41","30yr",,,,,"834.57",,,,,,""
"2021-08-11","'36292ECH1'","MBS","GNMA I MORTPASS 6% 01/38","30yr",,,,,"827.05",,,,,,""
"2021-08-11","'36295GN65'","MBS","GNMA I MORTPASS 6% 07/37","30yr",,,,,"827.04",,,,,,""
"2021-08-11","'31411RFF0'","MBS","UMBS MORTPASS 5.5% 02/37","30yr",,,,,"826.03",,,,,,""
"2021-08-11","'3128PMPP9'","MBS","FHLMCGLD 4.5% 03/24","15yr",,,,,"825.91",,,,,,""
"2021-08-11","'31417YB48'","MBS","UMBS MORTPASS 5.5% 04/29","Other",,,,,"821.19",,,,,,""
"2021-08-11","'36202DUS8'","MBS","GNMA II 4.5% 07/32","30yr",,,,,"820.91",,,,,,""
"2021-08-11","'36201VMH2'","MBS","GNMA I MORTPASS 5% 08/33","30yr",,,,,"809.35",,,,,,""
"2021-08-11","'31402JYY7'","MBS","UMBS MORTPASS 5% 08/33","30yr",,,,,"808.05",,,,,,""
"2021-08-11","'36295YVL4'","MBS","GNMA I 5.5% 03/38","30yr",,,,,"804.76",,,,,,""
"2021-08-11","'36290S6X4'","MBS","GNMA I MORTPASS 5% 08/34","30yr",,,,,"803.96",,,,,,""
"2021-08-11","'36291FXN3'","MBS","GNMA I MORTPASS 5% 04/34","30yr",,,,,"800.63",,,,,,""
"2021-08-11","'3128MFHG6'","MBS","FHLMCGLD 4% 12/28","15yr",,,,,"794.23",,,,,,""
"2021-08-11","'3128MBWE3'","MBS","FHLMCGLD 5.5% 04/23","15yr",,,,,"788.56",,,,,,""
"2021-08-11","'36200NAC5'","MBS","GNMA I 5.5% 01/34","30yr",,,,,"786.33",,,,,,""
"2021-08-11","'31405SFJ8'","MBS","UMBS MORTPASS 5% 10/35","30yr",,,,,"786.2",,,,,,""
"2021-08-11","'3128PPL50'","MBS","FHLMCGLD 4.5% 07/24","15yr",,,,,"784.55",,,,,,""
"2021-08-11","'31306YAJ0'","MBS","FHLMCGLD 3.5% 10/22","15yr",,,,,"772.62",,,,,,""
"2021-08-11","'36200NJ69'","MBS","GNMA I MORTPASS 5% 04/34","30yr",,,,,"770.14",,,,,,""
"2021-08-11","'36200AE39'","MBS","GNMA I 5.5% 11/32","30yr",,,,,"765.9",,,,,,""
"2021-08-11","'36291DYR8'","MBS","GNMA I 5.5% 10/35","30yr",,,,,"764.88",,,,,,""
"2021-08-11","'36202EQK8'","MBS","GNMA II MORTPASS 5% 12/37","30yr",,,,,"763.05",,,,,,""
"2021-08-11","'3128PLPJ5'","MBS","FHLMCGLD 5.5% 08/23","15yr",,,,,"759.21",,,,,,""
"2021-08-11","'3140J6BY2'","MBS","UMBS MORTPASS 3.5% 08/22","Other",,,,,"758.35",,,,,,""
"2021-08-11","'3128MCAX3'","MBS","FHLMCGLD 5.5% 08/23","15yr",,,,,"756.19",,,,,,""
"2021-08-11","'36295FJQ8'","MBS","GNMA I 5.5% 06/37","30yr",,,,,"750.22",,,,,,""
"2021-08-11","'36291FG44'","MBS","GNMA I MORTPASS 5% 02/35","30yr",,,,,"744.73",,,,,,""
"2021-08-11","'31371K2X8'","MBS","UMBS MORTPASS 5.5% 04/23","Other",,,,,"741.91",,,,,,""
"2021-08-11","'36296QPP8'","MBS","GNMA I 5.5% 01/39","30yr",,,,,"741.91",,,,,,""
"2021-08-11","'31298HT65'","MBS","FHLMCGLD 6% 03/31","30yr",,,,,"741.74",,,,,,""
"2021-08-11","'31415CMY0'","MBS","UMBS MORTPASS 4.5% 05/23","15yr",,,,,"740.94",,,,,,""
"2021-08-11","'36201P6R1'","MBS","GNMA I 5.5% 11/32","30yr",,,,,"740.91",,,,,,""
"2021-08-11","'3128MBVK0'","MBS","FHLMCGLD 4.5% 04/23","15yr",,,,,"738.59",,,,,,""
"2021-08-11","'36290T4W6'","MBS","GNMA I MORTPASS 5% 03/37","30yr",,,,,"732.74",,,,,,""
"2021-08-11","'3128PPLM3'","MBS","FHLMCGLD 4.5% 07/24","15yr",,,,,"729.33",,,,,,""
"2021-08-11","'3128MBQ75'","MBS","FHLMCGLD 5.5% 12/22","15yr",,,,,"705.69",,,,,,""
"2021-08-11","'36200KT49'","MBS","GNMA I MORTPASS 5% 05/33","30yr",,,,,"700.92",,,,,,""
"2021-08-11","'31413MF77'","MBS","UMBS MORTPASS 5% 08/22","15yr",,,,,"697.92",,,,,,""
"2021-08-11","'3620AVMP4'","MBS","GNMA I MORTPASS 4% 10/40","30yr",,,,,"695.3",,,,,,""
"2021-08-11","'3138EMQN4'","MBS","UMBS MORTPASS 4% 05/23","Other",,,,,"680.66",,,,,,""
"2021-08-11","'36200MTF0'","MBS","GNMA I MORTPASS 5% 08/33","30yr",,,,,"679.11",,,,,,""
"2021-08-11","'31371MQE0'","MBS","UMBS MORTPASS 5.5% 03/26","Other",,,,,"678.81",,,,,,""
"2021-08-11","'3128PKPT5'","MBS","FHLMCGLD 5% 04/23","15yr",,,,,"674.46",,,,,,""
"2021-08-11","'36295UCZ2'","MBS","GNMA I 5.5% 12/37","30yr",,,,,"667.28",,,,,,""
"2021-08-11","'31287RXR5'","MBS","FHLMCGLD 6.5% 04/32","30yr",,,,,"666.26",,,,,,""
"2021-08-11","'36296VE20'","MBS","GNMA I MORTPASS 6% 12/38","30yr",,,,,"659.72",,,,,,""
"2021-08-11","'36294YPC2'","MBS","GNMA I MORTPASS 6% 02/37","30yr",,,,,"647.25",,,,,,""
"2021-08-11","'36295HKU3'","MBS","GNMA I MORTPASS 6% 07/37","30yr",,,,,"643.98",,,,,,""
"2021-08-11","'31412TAX1'","MBS","UMBS MORTPASS 6.5% 05/38","30yr",,,,,"642.33",,,,,,""
"2021-08-11","'31418AAF5'","MBS","UMBS MORTPASS 3.5% 11/21","Other",,,,,"640.49",,,,,,""
"2021-08-11","'3128PGBS1'","MBS","FHLMCGLD 4.5% 03/22","15yr",,,,,"636.67",,,,,,""
"2021-08-11","'31415CAN7'","MBS","UMBS MORTPASS 5% 06/23","15yr",,,,,"634.71",,,,,,""
"2021-08-11","'36296RHC4'","MBS","GNMA I MORTPASS 5% 12/38","30yr",,,,,"634.49",,,,,,""
"2021-08-11","'36297AA94'","MBS","GNMA I MORTPASS 5% 01/39","30yr",,,,,"629.83",,,,,,""
"2021-08-11","'3128PL5W8'","MBS","FHLMCGLD 5.5% 11/23","15yr",,,,,"628.35",,,,,,""
"2021-08-11","'3128MB4Y0'","MBS","FHLMCGLD 5.5% 12/23","15yr",,,,,"627.11",,,,,,""
"2021-08-11","'36212XJH9'","MBS","GNMA I MORTPASS 4% 04/40","30yr",,,,,"626.51",,,,,,""
"2021-08-11","'36297AZ30'","MBS","GNMA I MORTPASS 6% 12/38","30yr",,,,,"624.74",,,,,,""
"2021-08-11","'3128MDPM9'","MBS","FHLMCGLD 3.5% 11/21","15yr",,,,,"623.61",,,,,,""
"2021-08-11","'36290RFN8'","MBS","GNMA I MORTPASS 5% 12/33","30yr",,,,,"623.41",,,,,,""
"2021-08-11","'36296WCD6'","MBS","GNMA I MORTPASS 6% 11/38","30yr",,,,,"617.26",,,,,,""
"2021-08-11","'36295NBV8'","MBS","GNMA I 5.5% 02/38","30yr",,,,,"613.4",,,,,,""
"2021-08-11","'36207YA42'","MBS","GNMA I 5.5% 02/33","30yr",,,,,"612.59",,,,,,""
"2021-08-11","'31415Q2A3'","MBS","UMBS MORTPASS 5% 08/23","15yr",,,,,"612.5",,,,,,""
"2021-08-11","'36291FJR0'","MBS","GNMA I MORTPASS 6% 04/35","30yr",,,,,"606.75",,,,,,""
"2021-08-11","'3138APZM3'","MBS","UMBS MORTPASS 4% 08/41","30yr",,,,,"604.78",,,,,,""
"2021-08-11","'36291CNX9'","MBS","GNMA I MORTPASS 5% 01/34","30yr",,,,,"600.67",,,,,,""
"2021-08-11","'36291F2V9'","MBS","GNMA I MORTPASS 5% 05/34","30yr",,,,,"587.72",,,,,,""
"2021-08-11","'3128PWDW5'","MBS","FHLMCGLD 4% 08/21","15yr",,,,,"580.75",,,,,,""
"2021-08-11","'36296SSV8'","MBS","GNMA I MORTPASS 6% 01/39","30yr",,,,,"577.01",,,,,,""
"2021-08-11","'31371LSJ9'","MBS","UMBS MORTPASS 5.5% 07/24","Other",,,,,"575.31",,,,,,""
"2021-08-11","'3128MBHN0'","MBS","FHLMCGLD 5.5% 08/22","15yr",,,,,"568.34",,,,,,""
"2021-08-11","'36202EZF9'","MBS","GNMA II MORTPASS 5% 01/39","30yr",,,,,"565.73",,,,,,""
"2021-08-11","'31414MVY9'","MBS","UMBS MORTPASS 5% 10/23","15yr",,,,,"562.67",,,,,,""
"2021-08-11","'36291GVZ6'","MBS","GNMA I MORTPASS 5% 03/34","30yr",,,,,"561.58",,,,,,""
"2021-08-11","'31408JFL0'","MBS","UMBS MORTPASS 6.5% 01/36","30yr",,,,,"560.07",,,,,,""
"2021-08-11","'36202EM97'","MBS","GNMA II MORTPASS 5% 05/37","30yr",,,,,"559.98",,,,,,""
"2021-08-11","'31418ADG0'","MBS","UMBS MORTPASS 4% 02/22","Other",,,,,"558.57",,,,,,""
"2021-08-11","'3128MBMP9'","MBS","FHLMCGLD 4.5% 10/22","15yr",,,,,"546.9",,,,,,""
"2021-08-11","'31414PTQ2'","MBS","UMBS MORTPASS 5% 03/23","15yr",,,,,"546.51",,,,,,""
"2021-08-11","'3128P7DC4'","MBS","FHLMCGLD 5.5% 11/26","Other",,,,,"544.59",,,,,,""
"2021-08-11","'3128PGZM8'","MBS","FHLMCGLD 5.5% 07/22","15yr",,,,,"539.19",,,,,,""
"2021-08-11","'3128MCB46'","MBS","FHLMCGLD 5.5% 07/22","15yr",,,,,"532.59",,,,,,""
"2021-08-11","'31380XGZ9'","MBS","UMBS MORTPASS 6% 12/28","30yr",,,,,"531.29",,,,,,""
"2021-08-11","'31371NEY7'","MBS","UMBS MORTPASS 5.5% 06/27","Other",,,,,"526.24",,,,,,""
"2021-08-11","'31335H6N8'","MBS","FHLMCGLD 5.5% 01/25","Other",,,,,"525.82",,,,,,""
"2021-08-11","'3128PFUT0'","MBS","FHLMCGLD 5.5% 01/22","15yr",,,,,"523.77",,,,,,""
"2021-08-11","'36213ESA5'","MBS","GNMA I MORTPASS 6% 01/32","30yr",,,,,"522.8",,,,,,""
"2021-08-11","'36200WJE2'","MBS","GNMA I MORTPASS 5% 04/34","30yr",,,,,"522.58",,,,,,""
"2021-08-11","'31414JEW9'","MBS","UMBS MORTPASS 4.5% 12/22","15yr",,,,,"521.57",,,,,,""
"2021-08-11","'3128MBUA3'","MBS","FHLMCGLD 5.5% 04/23","15yr",,,,,"499.68",,,,,,""
"2021-08-11","'31405FQG0'","MBS","UMBS MORTPASS 6% 09/34","30yr",,,,,"498.05",,,,,,""
"2021-08-11","'3128P7BG7'","MBS","FHLMCGLD 5.5% 12/25","Other",,,,,"489.85",,,,,,""
"2021-08-11","'36295N6L6'","MBS","GNMA I 5.5% 06/38","30yr",,,,,"487.86",,,,,,""
"2021-08-11","'31414M6M3'","MBS","UMBS MORTPASS 5% 11/23","15yr",,,,,"484.08",,,,,,""
"2021-08-11","'3128PY2L7'","MBS","FHLMCGLD 2.5% 04/22","15yr",,,,,"480.41",,,,,,""
"2021-08-11","'36291DPW7'","MBS","GNMA I MORTPASS 5% 03/35","30yr",,,,,"479.01",,,,,,""
"2021-08-11","'36202XGQ4'","MBS","GNMA I MORTPASS 6% 09/36","30yr",,,,,"478.62",,,,,,""
"2021-08-11","'36296REL7'","MBS","GNMA I 5.5% 10/38","30yr",,,,,"475.26",,,,,,""
"2021-08-11","'31389MDJ3'","MBS","UMBS MORTPASS 5% 02/32","30yr",,,,,"471.25",,,,,,""
"2021-08-11","'3128MMKC6'","MBS","FHLMCGLD 4.5% 11/23","15yr",,,,,"467.8",,,,,,""
"2021-08-11","'31414DU53'","MBS","UMBS MORTPASS 4% 05/23","15yr",,,,,"467.73",,,,,,""
"2021-08-11","'3128MBDN4'","MBS","FHLMCGLD 5.5% 04/22","15yr",,,,,"465.91",,,,,,""
"2021-08-11","'36291YX69'","MBS","GNMA I MORTPASS 5% 06/35","30yr",,,,,"452.73",,,,,,""
"2021-08-11","'3128PF7K5'","MBS","FHLMCGLD 5.5% 03/22","15yr",,,,,"449.75",,,,,,""
"2021-08-11","'3128PPXW8'","MBS","FHLMCGLD 5% 09/24","15yr",,,,,"443.27",,,,,,""
"2021-08-11","'36200DA52'","MBS","GNMA I MORTPASS 6% 11/32","30yr",,,,,"442.63",,,,,,""
"2021-08-11","'3131X66S4'","MBS","UMBS MORTPASS 3% 09/21","Other",,,,,"431.97",,,,,,""
"2021-08-11","'36292KMS2'","MBS","GNMA I MORTPASS 5% 01/36","30yr",,,,,"426.94",,,,,,""
"2021-08-11","'36296DAT5'","MBS","GNMA I 5.5% 07/38","30yr",,,,,"426.53",,,,,,""
"2021-08-11","'31335HRT2'","MBS","FHLMCGLD 5.5% 11/21","Other",,,,,"425.3",,,,,,""
"2021-08-11","'31400QF40'","MBS","UMBS MORTPASS 5.5% 03/23","Other",,,,,"422.06",,,,,,""
"2021-08-11","'3128CUKP0'","MBS","FHLMCGLD 5% 07/25","Other",,,,,"418.7",,,,,,""
"2021-08-11","'31335HUE1'","MBS","FHLMCGLD 5.5% 08/22","Other",,,,,"411.28",,,,,,""
"2021-08-11","'36290V2K9'","MBS","GNMA I MORTPASS 5% 12/34","30yr",,,,,"410.3",,,,,,""
"2021-08-11","'3128M6NK0'","MBS","FHLMCGLD 5.5% 01/36","30yr",,,,,"405.96",,,,,,""
"2021-08-11","'31413CXW4'","MBS","UMBS MORTPASS 5% 08/22","15yr",,,,,"403.83",,,,,,""
"2021-08-11","'36296CCH1'","MBS","GNMA I MORTPASS 5% 06/38","30yr",,,,,"402.6",,,,,,""
"2021-08-11","'3128PFGA7'","MBS","FHLMCGLD 5.5% 11/21","15yr",,,,,"397.78",,,,,,""
"2021-08-11","'3128PJLQ8'","MBS","FHLMCGLD 5.5% 12/22","15yr",,,,,"388.01",,,,,,""
"2021-08-11","'36294YPE8'","MBS","GNMA I 5.5% 02/37","30yr",,,,,"384.39",,,,,,""
"2021-08-11","'3128PLQ88'","MBS","FHLMCGLD 5.5% 08/23","15yr",,,,,"380.26",,,,,,""
"2021-08-11","'31410VYZ7'","MBS","UMBS MORTPASS 4.5% 01/22","15yr",,,,,"379.83",,,,,,""
"2021-08-11","'36200KQA8'","MBS","GNMA I 5.5% 03/33","30yr",,,,,"376.62",,,,,,""
"2021-08-11","'36201H2V4'","MBS","GNMA I 5.5% 10/32","30yr",,,,,"374.15",,,,,,""
"2021-08-11","'36296D2G2'","MBS","GNMA I 5.5% 05/38","30yr",,,,,"374.03",,,,,,""
"2021-08-11","'36295XBE4'","MBS","GNMA I MORTPASS 5% 05/38","30yr",,,,,"367.64",,,,,,""
"2021-08-11","'36290RRF2'","MBS","GNMA I 5.5% 07/33","30yr",,,,,"367.28",,,,,,""
"2021-08-11","'36292ERZ5'","MBS","GNMA I MORTPASS 5% 07/35","30yr",,,,,"367.08",,,,,,""
"2021-08-11","'36296KP30'","MBS","GNMA I 5.5% 07/38","30yr",,,,,"364.09",,,,,,""
"2021-08-11","'3128PJZW0'","MBS","FHLMCGLD 4.5% 02/23","15yr",,,,,"361.9",,,,,,""
"2021-08-11","'36296NT22'","MBS","GNMA I 5.5% 09/38","30yr",,,,,"337.63",,,,,,""
"2021-08-11","'3128MBV61'","MBS","FHLMCGLD 4.5% 05/23","15yr",,,,,"336.77",,,,,,""
"2021-08-11","'3128MBCT2'","MBS","FHLMCGLD 5.5% 02/22","15yr",,,,,"326.51",,,,,,""
"2021-08-11","'36295JA30'","MBS","GNMA I MORTPASS 6% 09/37","30yr",,,,,"321.21",,,,,,""
"2021-08-11","'3128KKEZ8'","MBS","FHLMCGLD 5% 01/37","30yr",,,,,"318.42",,,,,,""
"2021-08-11","'36213C6X3'","MBS","GNMA I 4.5% 08/35","30yr",,,,,"318.29",,,,,,""
"2021-08-11","'31371KWV9'","MBS","UMBS MORTPASS 5% 11/32","30yr",,,,,"307.57",,,,,,""
"2021-08-11","'36292DXR8'","MBS","GNMA I MORTPASS 5% 12/36","30yr",,,,,"305.52",,,,,,""
"2021-08-11","'36201CNE0'","MBS","GNMA I MORTPASS 6% 02/32","30yr",,,,,"305.13",,,,,,""
"2021-08-11","'3131X67G9'","MBS","UMBS MORTPASS 3% 10/21","Other",,,,,"304.79",,,,,,""
"2021-08-11","'3128PEUJ5'","MBS","FHLMCGLD 5% 08/21","15yr",,,,,"303.42",,,,,,""
"2021-08-11","'31418DKS0'","MBS","UMBS MORTPASS 4% 09/21","Other",,,,,"288.66",,,,,,""
"2021-08-11","'36294S3Y1'","MBS","GNMA I 5.5% 07/37","30yr",,,,,"279",,,,,,""
"2021-08-11","'3128MMFT5'","MBS","FHLMCGLD 4.5% 02/22","15yr",,,,,"266.74",,,,,,""
"2021-08-11","'36210L2Y8'","MBS","GNMA I MORTPASS 6% 01/29","30yr",,,,,"266.23",,,,,,""
"2021-08-11","'3128PLRE4'","MBS","FHLMCGLD 4.5% 08/23","15yr",,,,,"265.85",,,,,,""
"2021-08-11","'3128PKY65'","MBS","FHLMCGLD 4.5% 05/23","15yr",,,,,"257.61",,,,,,""
"2021-08-11","'31371KPS4'","MBS","UMBS MORTPASS 5.5% 04/22","Other",,,,,"257.12",,,,,,""
"2021-08-11","'3128PMMD9'","MBS","FHLMCGLD 5% 02/24","15yr",,,,,"251.66",,,,,,""
"2021-08-11","'3128PJ3S4'","MBS","FHLMCGLD 5% 02/23","15yr",,,,,"251.19",,,,,,""
"2021-08-11","'3128PKDX9'","MBS","FHLMCGLD 4.5% 03/23","15yr",,,,,"246.61",,,,,,""
"2021-08-11","'31414FAC5'","MBS","UMBS MORTPASS 5% 07/23","15yr",,,,,"245.47",,,,,,""
"2021-08-11","'31335HXT5'","MBS","FHLMCGLD 5% 07/23","Other",,,,,"232.86",,,,,,""
"2021-08-11","'3128PGW58'","MBS","FHLMCGLD 5.5% 07/22","15yr",,,,,"230.53",,,,,,""
"2021-08-11","'31413FLA8'","MBS","UMBS MORTPASS 5% 07/22","15yr",,,,,"224.12",,,,,,""
"2021-08-11","'36296KST0'","MBS","GNMA I MORTPASS 5% 07/38","30yr",,,,,"219.02",,,,,,""
"2021-08-11","'3138EQPR7'","MBS","UMBS MORTPASS 3.5% 03/24","Other",,,,,"218.45",,,,,,""
"2021-08-11","'36295HY95'","MBS","GNMA I MORTPASS 6% 07/37","30yr",,,,,"215.63",,,,,,""
"2021-08-11","'31414DAD8'","MBS","UMBS MORTPASS 5% 04/23","15yr",,,,,"213.87",,,,,,""
"2021-08-11","'36296GP39'","MBS","GNMA I 5.5% 05/38","30yr",,,,,"205.8",,,,,,""
"2021-08-11","'36295UDG3'","MBS","GNMA I MORTPASS 6% 12/37","30yr",,,,,"203.74",,,,,,""
"2021-08-11","'31390M4B7'","MBS","UMBS MORTPASS 6% 07/32","30yr",,,,,"203.28",,,,,,""
"2021-08-11","'3128PGNN9'","MBS","FHLMCGLD 4.5% 05/22","15yr",,,,,"202",,,,,,""
"2021-08-11","'3128L9PU1'","MBS","FHLMCGLD 5.5% 04/38","30yr",,,,,"198.06",,,,,,""
"2021-08-11","'31413CYQ6'","MBS","UMBS MORTPASS 4% 03/23","15yr",,,,,"196.61",,,,,,""
"2021-08-11","'36209AFD7'","MBS","GNMA I MORTPASS 6% 10/28","30yr",,,,,"189.95",,,,,,""
"2021-08-11","'31417Y4V6'","MBS","UMBS MORTPASS 4% 08/21","Other",,,,,"181",,,,,,""
"2021-08-11","'31371K2V2'","MBS","UMBS MORTPASS 5.5% 03/23","Other",,,,,"170.99",,,,,,""
"2021-08-11","'31383DS79'","MBS","UMBS MORTPASS 6% 06/29","30yr",,,,,"168.48",,,,,,""
"2021-08-11","'31335HUY7'","MBS","FHLMCGLD 5% 12/22","Other",,,,,"160.35",,,,,,""
"2021-08-11","'36295SE77'","MBS","GNMA I MORTPASS 5% 03/38","30yr",,,,,"147.73",,,,,,""
"2021-08-11","'3128PW7B8'","MBS","FHLMCGLD 3.5% 10/21","15yr",,,,,"143.26",,,,,,""
"2021-08-11","'3128PMHA1'","MBS","FHLMCGLD 5.5% 01/24","15yr",,,,,"141.42",,,,,,""
"2021-08-11","'36210AWU7'","MBS","GNMA I MORTPASS 6% 12/28","30yr",,,,,"134.85",,,,,,""
"2021-08-11","'3128PGKP7'","MBS","FHLMCGLD 4.5% 05/22","15yr",,,,,"127.23",,,,,,""
"2021-08-11","'31412TBG7'","MBS","UMBS MORTPASS 5% 06/23","15yr",,,,,"123.46",,,,,,""
"2021-08-11","'36291MRU9'","MBS","GNMA I MORTPASS 6% 06/34","30yr",,,,,"122.94",,,,,,""
"2021-08-11","'31414ABE1'","MBS","UMBS MORTPASS 5% 12/22","15yr",,,,,"121.12",,,,,,""
"2021-08-11","'36291RQS4'","MBS","GNMA I MORTPASS 5% 11/34","30yr",,,,,"120.99",,,,,,""
"2021-08-11","'31298HYZ5'","MBS","FHLMCGLD 6% 03/31","30yr",,,,,"120.22",,,,,,""
"2021-08-11","'31287NAH1'","MBS","FHLMCGLD 6% 01/32","30yr",,,,,"110.59",,,,,,""
"2021-08-11","'3128L9YZ0'","MBS","FHLMCGLD 6% 04/38","30yr",,,,,"109.85",,,,,,""
"2021-08-11","'3128PFVG7'","MBS","FHLMCGLD 5.5% 01/22","15yr",,,,,"103.74",,,,,,""
"2021-08-11","'31335HRD7'","MBS","FHLMCGLD 6% 10/21","Other",,,,,"99.98",,,,,,""
"2021-08-11","'3128PFQG3'","MBS","FHLMCGLD 5.5% 12/21","15yr",,,,,"92.68",,,,,,""
"2021-08-11","'3138YDTL3'","MBS","UMBS MORTPASS 3.5% 04/22","Other",,,,,"89.25",,,,,,""
"2021-08-11","'3128PWEP9'","MBS","FHLMCGLD 3% 08/21","15yr",,,,,"88.95",,,,,,""
"2021-08-11","'36295HYB0'","MBS","GNMA I 5.5% 06/37","30yr",,,,,"88.6",,,,,,""
"2021-08-11","'31414LP28'","MBS","UMBS MORTPASS 4.5% 01/23","15yr",,,,,"85.94",,,,,,""
"2021-08-11","'31410WBC1'","MBS","UMBS MORTPASS 4% 03/22","15yr",,,,,"80.74",,,,,,""
"2021-08-11","'3128PWGJ1'","MBS","FHLMCGLD 3.5% 09/21","15yr",,,,,"77.49",,,,,,""
"2021-08-11","'31380XJ94'","MBS","UMBS MORTPASS 6% 12/28","30yr",,,,,"70.37",,,,,,""
"2021-08-11","'31413RBS4'","MBS","UMBS MORTPASS 5% 09/22","15yr",,,,,"67.95",,,,,,""
"2021-08-11","'31380GUA5'","MBS","UMBS MORTPASS 6% 11/28","30yr",,,,,"67.76",,,,,,""
"2021-08-11","'31413FP89'","MBS","UMBS MORTPASS 5% 06/22","15yr",,,,,"67.71",,,,,,""
"2021-08-11","'3128PFE84'","MBS","FHLMCGLD 5.5% 11/21","15yr",,,,,"66.44",,,,,,""
"2021-08-11","'31410TMN2'","MBS","UMBS MORTPASS 5% 04/22","15yr",,,,,"64.83",,,,,,""
"2021-08-11","'31371KVP3'","MBS","UMBS MORTPASS 5.5% 10/22","Other",,,,,"59.01",,,,,,""
"2021-08-11","'31414SJ87'","MBS","UMBS MORTPASS 5% 05/23","15yr",,,,,"53.32",,,,,,""
"2021-08-11","'3128PE6C7'","MBS","FHLMCGLD 5.5% 10/21","15yr",,,,,"44.51",,,,,,""
"2021-08-11","'3128PWD62'","MBS","FHLMCGLD 3% 08/21","15yr",,,,,"38.25",,,,,,""
"2021-08-11","'31371KWC1'","MBS","UMBS MORTPASS 5.5% 11/22","Other",,,,,"36.14",,,,,,""
"2021-08-11","'3138ENBX6'","MBS","UMBS MORTPASS 4% 05/23","Other",,,,,"28.6",,,,,,""
"2021-08-11","'31417Y3Z8'","MBS","UMBS MORTPASS 3.5% 08/21","Other",,,,,"21.8",,,,,,""
"2021-08-11","'3128MEDN8'","MBS","FHLMCGLD 3.5% 06/22","15yr",,,,,"4.31",,,,,,""
"2021-08-11","'3128M1P37'","MBS","FHLMCGLD 5.5% 08/21","15yr",,,,,"1.16",,,,,,""
